*Elset, elset=Set-CoreCCoreC
    1,    2,    3,    4,    5,    6,    7,    8,    9,   10,   11,   12,   13,   14,   15,   16
   17,   18,   19,   20,   21,   22,   23,   24,   25,   26,   27,   28,   29,   30,   31,   32
   33,   34,   35,   36,   37,   38,   39,   40,   41,   42,   43,   44,   45,   46,   47,   48
   49,   50,   51,   52,   53,   54,   55,   56,   57,   58,   59,   60,   61,   62,   63,   64
   65,   66,   67,   68,   69,   70,   71,   72,   73,   74,   75,   76,   77,   78,   79,   80
   81,   82,   83,   84,   85,   86,   87,   88,   89,   90,   91,   92,   93,   94,   95,   96
   97,   98,   99,  100,  101,  102,  103,  104,  105,  106,  107,  108,  109,  110,  111,  112
  113,  114,  115,  116,  117,  118,  119,  120,  121,  122,  123,  124,  125,  126,  127,  128
  129,  130,  131,  132,  133,  134,  135,  136,  137,  138,  139,  140,  141,  142,  143,  144
  145,  146,  147,  148,  149,  150,  151,  152,  153,  154,  155,  156,  157,  158,  159,  160
  161,  162,  163, 2589, 2590, 2591, 2592, 2593, 2594, 2595, 2596, 2597, 2598, 2599, 2600, 2601
 2602, 2603, 2604, 2605, 2606, 2607, 2608, 2609, 2610, 2611, 2612, 2613, 2614, 2615, 2616, 2617
 2618, 2619, 2620, 2621, 2622, 2623, 2624, 2625, 2626, 2627, 2628, 2629, 2630, 2631, 2632, 2633
 2634, 2635, 2636, 2637, 2638, 2639, 2640, 2641, 2642,    0,    0,    0,    0,    0,    0,    0