*Element, type=S4R
 1, 549,  56,  57, 533
 2, 533,  57,  58, 534
 3, 535, 534,  58,  59
 4, 537,  61,  62, 538
 5, 551, 552,  80,  81
 6,  60, 536, 535,  59
 7,  63, 539, 538,  62
 8,  64, 540, 539,  63
 9,  65, 541, 540,  64
10, 569, 567, 542, 541
11,  67,   2,  68, 567
12,   3,  77, 570,  76
13,  76, 570, 543,  75
14, 552, 553,  79,  80
15,  74, 544, 545,  73
16,  73, 545, 546,  72
17, 547, 556, 540, 548
18,  70, 548, 542,  69
19,  69, 542, 567,  68
20,  84,   1,  56, 549
21,  82,  83, 568, 550
22, 550, 568, 534, 571
23, 535, 557, 571, 534
24, 555, 558, 537, 538
25, 552, 559, 560, 553
26,  77,  78, 554, 570
27, 568, 549, 533, 534
28, 550, 571, 557, 551
29, 536,  60,  61, 537
30, 550, 551,  81,  82
31, 551, 557, 559, 552
32, 561, 563, 566, 572
33, 555, 562, 561, 572
34, 561, 562, 546, 545
35,  65,  66, 569, 541
36,  72, 546, 547,  71
37, 548,  70,  71, 547
38, 567, 569,  66,  67
39,  75, 543, 544,  74
40, 563, 561, 545, 544
41, 546, 562, 556, 547
42, 548, 540, 541, 542
43,  83,  84, 549, 568
44, 565, 558, 559, 557
45, 554, 564, 543, 570
46, 560, 564, 554, 553
47,  78,  79, 553, 554
48, 564, 563, 544, 543
49, 539, 540, 556, 562
50, 536, 565, 557, 535
51, 560, 559, 558, 566
52, 558, 565, 536, 537
53, 558, 555, 572, 566
54, 566, 563, 564, 560
55, 555, 538, 539, 562
 56, 602,  85,  86, 573
 57, 573,  86,  87, 574
 58,  88, 575, 574,  87
 59, 577,  90,  91, 578
 60,  89, 576, 575,  88
 61, 600, 596, 583, 582
 62,  90, 577, 576,  89
 63,  92, 579, 578,  91
 64,  93, 580, 579,  92
 65,  94, 581, 580,  93
 66, 603,  98,  99, 605
 67,  97,   5,  98, 603
 68,   6, 106, 591, 105
 69, 104, 582, 583, 103
 70, 102, 103, 583, 584
 71, 593, 585, 584, 597
 72, 581, 608, 585, 593
 73, 113,   4,  85, 602
 74, 112, 113, 602, 606
 75, 573, 574, 606, 602
 76, 586, 606, 574, 575
 77, 587, 594, 592, 588
 78, 575, 594, 587, 586
 79, 588, 592, 595, 589
 80, 105, 591, 582, 104
 81, 606, 586, 111, 112
 82, 586, 587, 110, 111
 83, 587, 588, 109, 110
 84, 599, 590, 592, 594
 85, 597, 596, 598, 611
 86, 597, 584, 583, 596
 87,  94,  95, 607, 581
 88, 585, 101, 102, 584
 89, 604, 603, 605, 607
 90, 588, 589, 108, 109
 91, 598, 596, 601, 590
 92, 608, 581, 607, 605
 93, 100, 101, 585, 608
 94, 577, 590, 599, 576
 95, 595, 600, 609, 589
 96, 609, 600, 582, 591
 97, 107, 108, 589, 609
 98, 590, 577, 578, 598
 99, 611, 598, 578, 579
100, 106, 107, 609, 591
101, 610, 593, 597, 611
102, 580, 581, 593, 610
103, 594, 575, 576, 599
104, 596, 600, 595, 601
105, 595, 592, 590, 601
106,  96,  97, 603, 604
107, 604, 607,  95,  96
108,  99, 100, 608, 605
109, 579, 580, 610, 611
110, 114, 641, 142,   7
111, 126,   8, 127, 642
112, 642, 127, 128, 644
113, 643, 642, 644, 647
114, 646, 612, 123, 124
115, 123, 612, 613, 122
116, 122, 613, 614, 121
117, 622, 629, 632, 623
118, 615, 120, 121, 614
119, 119, 616, 617, 118
120, 118, 617, 618, 117
121, 117, 618, 619, 116
122, 116, 619, 620, 115
123,   9, 135, 630, 134
124, 631, 640, 629, 639
125, 633, 624, 623, 632
126, 612, 647, 624, 633
127, 647, 644, 128, 129
128, 141, 142, 641, 645
129, 625, 645, 619, 618
130, 626, 625, 618, 637
131, 631, 628, 627, 635
132, 622, 621, 639, 629
133, 134, 630, 621, 133
134, 624, 130, 131, 623
135, 646, 643, 647, 612
136, 622, 623, 131, 132
137, 133, 621, 622, 132
138, 626, 627, 138, 139
139, 120, 615, 616, 119
140, 625, 626, 139, 140
141, 645, 625, 140, 141
142, 645, 641, 620, 619
143, 627, 628, 137, 138
144, 636, 629, 640, 634
145, 636, 650, 632, 629
146, 129, 130, 624, 647
147, 626, 637, 635, 627
148, 616, 634, 638, 617
149, 631, 639, 648, 628
150, 648, 639, 621, 630
151, 136, 137, 628, 648
152, 650, 636, 615, 614
153, 615, 636, 634, 616
154, 135, 136, 648, 630
155, 638, 634, 635, 637
156, 633, 649, 613, 612
157, 637, 618, 617, 638
158, 634, 640, 631, 635
159, 632, 650, 649, 633
160, 641, 114, 115, 620
161, 125, 126, 642, 643
162, 643, 646, 124, 125
163, 614, 613, 649, 650
 164,  977, 1307,  472,  471
 165, 1587,  975, 1586, 2110
 166, 1561, 1571,  952, 1308
 167,  475,  952, 1290,  930
 168,   50,  475,  930,  669
 169, 1446, 1452, 1046, 1070
 170, 1447, 1049, 1046, 1452
 171, 2783, 2721, 2352,  664
 172, 2076, 2749, 2295, 2239
 173, 2313, 2374, 2267, 2694
 174, 2826,  876, 1510, 1964
 175, 1219,  876, 1418, 1222
 176,  263, 1148, 1186,   24
 177, 1148,  263,  264, 1147
 178, 1488, 1147, 1141, 2489
 179, 2093, 1704, 2003, 1274
 180, 1269, 2162, 2244, 2525
 181, 1698, 1808, 1673,  854
 182, 1047,  144,  145, 1073
 183,  146, 1049, 1073,  145
 184,  147, 1046, 1049,  146
 185, 1453, 1077, 1655,  680
 186,   11, 1205, 1077,  151
 187, 1077, 1205, 1937, 1655
 188, 2251, 2034, 1819, 2229
 189, 1561, 1308, 1587, 1819
 190,  951,  473,  472, 1307
 191, 1317, 1584,  977,  471
 192,  471,  470, 1309, 1317
 193,  846,  470,  469, 1255
 194,   50,  669, 1036,  469
 195, 1255,  469, 1036, 1276
 196,  250,  251, 1157, 1096
 197,  248,  249, 1156, 1080
 198,  845, 2666, 1500, 1084
 199,  253,  254, 1084, 1500
 200,  871, 1158,  257,  258
 201,  260,  875, 1212,  259
 202,  262, 1219, 1222,  261
 203, 1418,  876, 2826, 2029
 204, 2136, 2158,  872, 2219
 205, 1276, 1036, 1272, 1974
 206, 1400,  845, 1084, 1160
 207,  254,  255, 1160, 1084
 208, 2432, 1513, 1045, 1061
 209, 2222, 1933, 2825,  691
 210, 1834, 2594, 2593, 1552
 211, 1002, 1355,  416,  415
 212, 1000,  417,  416, 1355
 213, 1961, 1556, 1807, 1259
 214, 1355, 1002, 1560, 1556
 215, 2537, 1025,  468, 1003
 216,   49,  468, 1025, 1371
 217, 1003,  468,  467, 1329
 218,  973,  466, 1209, 1289
 219,  466,  465,  677, 1209
 220, 1007,  465,  464, 1365
 221,  677,  465, 1007, 1850
 222, 1887, 1839, 1397, 1683
 223, 2034, 2156, 2005, 2165
 224, 2293, 2341, 2184, 2251
 225, 1421, 1932,  686, 2122
 226, 2100, 2253, 2801, 2354
 227, 2072, 2186, 1953, 2720
 228, 2069, 2646, 1953,  687
 229, 1329, 1711, 2586, 1003
 230, 1834, 2073, 2019, 2594
 231,  156, 1061, 1045,    8
 232, 1064,  158,  159, 1060
 233, 1426, 1064, 1060, 1436
 234, 1933, 1687, 1956, 2825
 235, 1426,  695, 1709, 1515
 236, 1061,  156,  157,  694
 237, 1421, 1237, 1207, 1932
 238, 1237,  154,  155, 1207
 239,  162, 1075, 1057,  161
 240, 1451, 1075, 1051, 1454
 241, 1451, 2459, 1057, 1075
 242, 1898, 2143, 2775, 2301
 243,  692, 2051, 1806, 1577
 244,  696, 2291, 2103, 2775
 245, 2575,  979, 1302, 1871
 246,  742, 1984, 1871, 1598
 247, 2837, 2399, 2740, 2294
 248,  756, 2113, 1827, 2688
 249, 2225, 2112, 1979, 2315
 250,  181,  182, 1058, 1052
 251, 1052,  752, 1448, 1053
 252, 1441, 1058,  182,  183
 253,  750,   14,  184, 1244
 254,  185, 1238, 1244,  184
 255,  189, 1243, 1245,  188
 256,  770,  190,  191, 2232
 257,  780,   15,  193, 2486
 258,  194,  195,  790, 1072
 259,  787, 1516, 2118, 1980
 260, 2221, 2794, 1803, 2057
 261,  502, 1304,  954,  503
 262, 1295,  954, 1557, 2524
 263, 1010,  459, 1356, 1591
 264, 2358, 2153,  742, 2269
 265, 2771, 2322, 2404, 2463
 266, 1071, 1444,  175,  176
 267, 1050, 1071,  176,  177
 268,  738, 1739, 1071, 1050
 269,  737, 1050,  177,  178
 270, 1052, 1053,  180,  181
 271, 2502, 2441, 2416, 2407
 272, 2407, 1768, 1287, 2502
 273, 2416, 2441,  727, 2404
 274,  727, 2441,  174,    5
 275, 1287, 1252,    7,  173
 276, 2510, 2402, 2388, 2367
 277, 1872, 1422, 1699, 1836
 278,  433, 1236, 1034,   44
 279,  433,  432,  726, 1236
 280,  431, 1363, 1015,  432
 281,  926, 1690,  719, 1363
 282,  720,  430,  429, 1210
 283, 1210,  429, 1001, 1419
 284, 2544, 1678, 1001, 1324
 285, 1001,  429,  428, 1324
 286, 2107, 1191, 1463, 1646
 287, 2096, 1085, 2639, 1928
 288,  225,  226, 1120, 1085
 289, 1672,  722, 2639, 2638
 290, 1810, 1670,  921, 1694
 291, 1694,  921,  421,  420
 292,  943,  420,   43, 1198
 293,  713,   43,  426, 1200
 294,  425,  966, 1311,  970
 295,  970, 1200,  426,  425
 296,  970, 1311, 1265, 1200
 297,  424, 1300,  966,  425
 298, 1954, 1853, 2211, 2282
 299, 2169,  697, 1818, 2709
 300,  418, 1357, 1022,  419
 301,  986,  418,  417, 1339
 302, 1339,  417, 1000, 1552
 303,  186, 1239, 1238,  185
 304, 1239,  186,  187, 1249
 305,    4, 2447, 2232,  191
 306,  192, 2446, 2447,    4
 307,  194, 1072, 1044,    2
 308,  790,  195,  196, 1065
 309, 1435, 1427, 1065, 1068
 310, 1449, 2457, 1059, 1062
 311, 1079,  809, 1627, 1456
 312,  950, 1305,  493,  492
 313, 1599,  950, 1863,  804
 314, 2168, 2484, 1796, 2009
 315, 2039,  793, 2036, 2194
 316,   54,  503,  940,  785
 317,   54,  785,  945,  497
 318,  785,  940, 1295, 1682
 319,  199, 1059, 1067,  198
 320, 1449, 1062, 1054, 1450
 321, 2137, 1251, 2130,  811
 322, 1211,  485,  978, 1420
 323, 1334, 2549, 1676,  978
 324,  978,  485,  484, 1334
 325,  960,  484,  483, 1322
 326,  821, 1235,  489,  488
 327, 1538, 2538, 1035, 1387
 328,  489, 1235, 1035,   52
 329,  487, 1321,  961,  488
 330, 1691,  816, 1321,  927
 331,  487,  486,  927, 1321
 332,  927, 1380, 2635, 1691
 333, 1248,  206,  207,  814
 334,  205, 1240, 1520,  204
 335,  203,  810, 1251,   16
 336, 1718, 1449, 1450,  802
 337, 1240,  205,  206, 1248
 338, 1723,  961, 1321,  816
 339, 2061,  810, 1520, 2150
 340, 2099, 2312, 2357, 2218
 341, 2383, 2298,  827, 2589
 342, 2359, 2276, 2208, 2506
 343, 2330, 2375,  843, 2328
 344, 1889, 1685, 2541, 1377
 345, 1657, 1997, 1888, 1358
 346, 1016,  401,  400, 1344
 347, 1028, 1341,  399,   40
 348, 1622, 1470, 1489,  882
 349, 1621, 1845, 1717, 2090
 350, 1369, 1028,   40,  936
 351, 1612, 1481, 1748,  880
 352,  406,   41, 1026, 1345
 353, 1367, 1026,   41,  938
 354, 1367, 2428, 2562, 1026
 355,  412, 1202,  938,   41
 356,  984,  411,  410, 1041
 357, 1283,  984, 1041, 1665
 358,  830, 1922, 1535, 1442
 359, 1738, 2481, 1445, 1063
 360,  213, 1063, 1445,   18
 361,    1, 1288, 1253,  210
 362, 1241,  209,  210, 1253
 363,  814, 2312,  815, 1248
 364,  212,  824, 2443,   17
 365, 1066, 1442, 1535,  831
 366,  216,  830, 1442,  215
 367,  218, 1055, 1048,  217
 368,  220, 1443, 1076,  219
 369, 1774,  837, 1924, 2748
 370,  269, 1126, 1114,  268
 371, 1126, 2078,  651, 1114
 372,  271, 1115, 1107,  270
 373, 1138, 1486, 2494, 1115
 374, 1102, 1113, 1481, 1749
 375,  408,  407, 1018, 1326
 376,  221,  844, 1443,  220
 377, 1351,  479, 1006, 1568
 378, 1006,  479,  478, 1350
 379,  479, 1351, 1008,  480
 380,  478,  477,  985, 1350
 381,  477,  995, 1338,  985
 382,  995,  477,  476, 1331
 383, 1615,  995, 1331, 1631
 384, 1146,  266,  267, 1127
 385, 1114,  651, 1469, 1127
 386, 1088, 1122,  227,  228
 387, 1123,  229,  230, 1091
 388, 1285, 1862,  925,  710
 389,  946,  422,  925, 1862
 390,  710,  925,  422,  421
 391, 1091, 1119, 1464, 1754
 392, 1119, 1458, 1741, 1464
 393, 1962, 1781, 1789,  704
 394,  705, 1972, 1789, 1415
 395, 1125, 1159,  237,  238
 396, 1755, 1465, 1125, 1110
 397,  240, 1168, 1110,  239
 398, 1110, 1168, 1406, 1755
 399,  685, 1633,  689, 1880
 400,  246,  676, 1460,  245
 401, 1735,  676, 2493, 1508
 402,  974,  462, 1030,  675
 403,  463,  462,  974, 1333
 404, 1030,  462,   49, 1371
 405, 1030, 1371, 1837, 2181
 406, 1982, 2304, 1658, 2181
 407, 1366, 1021, 1550, 2551
 408, 1361, 1653, 1021,  414
 409,  414,  413, 1296, 1361
 410,   42,  693,  944,  413
 411,   42,  419,  941,  693
 412,  419, 1022, 1294,  941
 413, 1294, 1022, 1555, 2523
 414, 1431, 1225, 1234,  700
 415,  237, 1159, 2487,   21
 416,  235, 1225, 1228,  234
 417, 1234,  236,   21, 2487
 418, 1212, 1196,   23,  259
 419,  875,  260,  261, 1222
 420, 1480, 1748, 1108, 1109
 421, 2631, 1801, 1583, 1551
 422, 1135, 1128, 1483, 2228
 423,  286,  287, 1220,  885
 424,  288, 1215, 1220,  287
 425, 1215, 1193, 1411, 1642
 426, 2492, 2469, 2724, 2651
 427, 2086, 1930,  883, 2220
 428, 2621, 1602, 2546, 1702
 429, 2231, 1106, 1103, 2668
 430,  280, 1105, 1116,  279
 431, 1105, 1106, 2231, 1489
 432, 1128,  277,  278, 1129
 433, 1103,  282,  283, 1104
 434, 2522, 2274, 2422, 2758
 435,   26, 1216, 1188,  284
 436, 2492, 2650, 2507, 2469
 437, 1220, 1215, 1642, 2650
 438, 2455, 2753, 2762, 1411
 439,   39, 1373,  848,  392
 440, 1373,   39,  652, 1712
 441,  652,   39,  398, 1514
 442, 1529, 1514,  956, 1298
 443, 2176,  834, 2015, 1867
 444, 2297, 2142, 2330, 2328
 445, 2047, 2045, 2328,  843
 446, 2047, 1989, 1823, 1685
 447, 1083, 1189, 1433, 2609
 448, 1189, 1462, 2109, 1433
 449, 1167, 1181,  303,  304
 450,  813, 2097, 1811, 1909
 451, 1671, 1407,  808, 2234
 452,  804, 1863, 1990, 2167
 453, 2795, 2240, 2410, 2373
 454, 2320, 2287,  794, 2370
 455, 2576, 1939, 1884, 1720
 456, 1175,  322,  323, 1461
 457, 1744,  658, 1632, 1883
 458,  324,  775, 1461,  323
 459, 1081,  769, 1509, 1190
 460, 2569, 2139, 1031, 1372
 461,  391,  657, 1024,   38
 462,  391,  390,  991,  657
 463, 1023,  778, 2568, 1359
 464,  389, 1208, 1023,  390
 465,  389,  388,  773, 1208
 466,  983,  388,  387, 1330
 467,  773,  388,  983, 1847
 468,  382,  958, 1348, 1020
 469, 2238,  764, 2144, 2248
 470, 1947, 1439, 1243,  770
 471,  770, 2232, 2070, 1947
 472,  771, 2070, 2419, 2471
 473, 2433, 2333,  777, 2769
 474, 2333, 2433, 2509, 2790
 475, 2446,  780, 2433,  776
 476,  298, 1171, 1089,  297
 477, 2734, 2725, 2465, 1795
 478, 1795, 1590,  836, 2734
 479,  962, 1312,  393,  392
 480,  967,  393, 1312, 1590
 481,  962,  392,  848, 2430
 482,  297, 1089, 1162,  296
 483,  296, 1162, 1097,  295
 484,  305,  306,  813, 1173
 485, 1121, 1165, 1503, 1746
 486, 1165, 1457, 1742, 1503
 487, 1782, 1788, 2817, 1960
 488,  316, 1130, 1163,  315
 489, 2230, 1504, 1130, 1164
 490,  317, 1164, 1130,  316
 491, 1405, 2543, 1176, 2527
 492,  321, 1161, 1484,  320
 493, 1165, 1121,  309,  310
 494, 1229, 1233,  311,  312
 495, 1233, 1229, 1416,  806
 496, 1229, 1227,  801, 1416
 497,  315, 1163, 2488,   30
 498,   45,  440,  934,  904
 499, 1033,  434,   45,  904
 500, 1616,  997, 1332, 1630
 501, 1349,  436,  435,  972
 502, 1603, 1043, 1440, 1327
 503, 1352,  437, 1005, 1578
 504, 2490, 2004, 1703, 1491
 505, 1151,  341,  342, 1150
 506, 1142,  343,  344, 1149
 507, 1133, 1117, 1477, 1492
 508,  350, 1134, 1118,  349
 509, 1368, 1027,   46,  939
 510,  447,  446,  891, 1201
 511,  447, 1201,  939,   46
 512,  923,  446,  445, 1040
 513,  445,  444,  662, 1040
 514, 1013,  444,  443, 1347
 515,  443,  442,  982, 1347
 516, 1013, 1347, 1542, 1534
 517, 1370, 1029,   47,  937
 518,  915, 2092, 1716, 1929
 519,  454, 1203,  937,   47
 520,  454,  453,  661, 1203
 521, 1278,  999, 1038, 2550
 522,  452, 1038,  999,  453
 523,  893,  452,  451, 2533
 524, 1894, 1364, 1996, 2605
 525, 1017,  450,  449, 1360
 526, 1660, 1017, 1611, 1812
 527, 2558, 1493, 1494,  917
 528,  448,   47, 1029, 1342
 529, 1614, 1849, 1716, 2092
 530, 1140, 1487, 1950, 1139
 531, 1136, 1476, 1747, 1087
 532, 1134, 1485, 1751, 1118
 533, 2436, 2513,  903, 2434
 534, 1773, 1959,  910, 1511
 535, 1217,  910, 1417, 1226
 536,  341, 1151, 1187,   33
 537,  340, 1217, 1226,  339
 538, 1213, 1194,   32,  337
 539,  909,  338,  339, 1226
 540,   34, 1136, 1087,  351
 541, 1152,  355,  356, 1153
 542, 1137, 1152, 1490, 1750
 543, 1154,  358,  359, 1155
 544, 1144, 1495, 1992, 1155
 545,   35, 1218, 1185,  362
 546,  920, 2451, 2453, 1221
 547,  366, 1214, 1221,  365
 548, 1214, 1195, 1410, 1643
 549, 1195,   36,  367,  905
 550, 1471, 1770, 1093, 1112
 551, 1262,  760, 1374, 1707
 552,  461,  979, 2536,  759
 553, 1650, 1402, 1727, 2429
 554,  370, 1112, 1093,  369
 555,  457, 1325, 1011,  458
 556, 1793, 1596,  736, 1951
 557, 1034, 1388, 1546, 2532
 558,  993,  428,  427, 1362
 559, 1434, 1082, 1191, 2107
 560,   19, 1191, 1082,  377
 561, 1254,  378, 1037, 1277
 562, 1090, 1496, 1466, 1177
 563,  326,  327, 1459, 1081
 564, 1474, 1640, 2627, 1178
 565,  331,  332, 1086, 1474
 566, 1182, 1099,  334,  335
 567,  338,  909, 1213,  337
 568, 2030, 2830, 1957, 1417
 569, 2030, 1417,  910, 1959
 570,  901, 2503, 2160, 2846
 571, 1594, 1014, 1336, 1865
 572,  746,  379,  378, 1254
 573,   37,  743, 1037,  378
 574, 1020, 1353,  383,  382
 575,  384,  957, 1291,  931
 576,   37,  384,  931,  743
 577, 1340,  381, 1014, 1601
 578,  958,  382,  381, 1340
 579, 2713, 2272, 2347, 2062
 580, 2597, 1268,  904,  934
 581, 2475, 2765, 2378, 2398
 582, 1528, 1634, 2596,  889
 583,  996, 1528,  439,  438
 584,  438, 1009, 1327,  996
 585,  889,  440,  439, 1528
 586,  440,  889, 1292,  934
 587, 1014,  381,  380, 1336
 588, 2272, 2713, 2182, 2377
 589, 2243, 2284,  887, 2147
 590, 1273, 1267, 1777,  744
 591,  743,  931, 2574, 1267
 592,  768, 1846, 1330,  992
 593, 1019,  385, 1031,  774
 594, 1031,  385,   38, 1372
 595, 1867, 2125, 1298, 2554
 596, 1609, 1319, 1579, 2588
 597, 1319, 1609, 1610,  964
 598, 1235,  821, 1423, 1675
 599,  961, 1518,  821,  488
 600,  968,  828, 1820, 1579
 601,  395, 1313,  968,  396
 602,  963,  395,  394, 1318
 603, 2781, 1483, 2132, 2090
 604,  405,  404,  859, 1204
 605,  989,  404,  403, 1039
 606, 1279,  989, 1039, 1659
 607, 2386, 2405,  825, 2552
 608, 2400, 2384,  820, 1772
 609,  209, 1241, 2511,  208
 610,  860,  403,  402, 2529
 611, 1358,  401, 1016, 1657
 612, 1657, 1016, 1602, 1813
 613,  857,  410,  409, 1376
 614, 1018, 1551, 1583, 1326
 615,  987, 1018,  407,  406
 616, 1078,  716, 1626, 1455
 617,  949, 1564, 1300,  424
 618,  423, 1306,  949,  424
 619, 1797, 1597,  707, 2763
 620, 2483, 1797, 2166, 2336
 621, 2199, 2010, 2763, 1991
 622, 2000,  707, 1862, 1285
 623, 1091,  230,  231, 1119
 624,  427,   44,  933, 1362
 625, 1100,  733, 1506, 1166
 626, 1179, 1092, 1497, 1648
 627, 2508,  372,  373, 1179
 628, 1166,  375,  376, 1100
 629, 1092, 1166, 1467, 1497
 630, 1005,  437,  436, 1349
 631,  997,  435,  434, 1332
 632,  441,   46, 1027, 1320
 633, 1613, 2565, 1476, 1950
 634, 1798, 1566, 1337, 1942
 635,   48,  461,  759, 1374
 636,  979,  461,  460, 1302
 637,  460,  459, 1010, 1302
 638, 1591, 1356, 1607, 2548
 639, 2008, 1011, 1325, 1831
 640, 1012, 1301,  456,  455
 641,  760,  455,   48, 1374
 642, 1272, 1266, 1778,  668
 643, 2573, 1266,  669,  930
 644,  673, 1851, 1365, 1004
 645, 1004,  463, 1333,  673
 646, 1096, 1502, 1482, 1156
 647,  952,  475,  474, 1308
 648, 1316,  473,  951, 1567
 649,  476,   51, 1032, 1331
 650,  854,  482,  481, 1256
 651,  480, 1008, 1328,  998
 652,  998, 1256,  481,  480
 653, 1074,  143,  144, 1047
 654,  666,   10,  143, 1074
 655,  817,  486,  485, 1211
 656,  655,   53,  496, 1199
 657,  496,  495,  971, 1199
 658, 1380,  817, 1414, 1780
 659, 1211, 1700, 1414,  817
 660, 1390, 1985, 2555, 1197
 661, 2426, 1676, 2079, 2629
 662, 1676, 2426, 1420,  978
 663,   28, 1189, 1083,  299
 664,   16, 1251, 2137,  809
 665,  971, 1314, 1264, 1199
 666,  965,  495,  494, 1299
 667,  950,  492,  924, 1863
 668, 1863,  924,  807, 1286
 669,  492,  491,  807,  924
 670, 1695,  922,  491,  490
 671,  942,  490,   53, 1197
 672,  942, 1197, 2555, 1260
 673, 1604, 1816, 1559, 1304
 674, 1303,  501,  969, 1558
 675,  969,  501,  500, 1315
 676,  976, 1315,  500,  499
 677, 1569, 1805, 1963, 2633
 678, 1315,  976, 1569,  782
 679,  657,  991, 1258, 2570
 680,  955,  498, 1310, 1654
 681,  498,  497, 1297, 1310
 682, 1297,  497,  945, 1884
 683,  386,  385, 1019, 1343
 684, 1732, 1656,  775, 2491
 685, 1177, 1466, 1734, 1459
 686, 2473, 1019, 1620, 1509
 687, 2690, 2595, 1799, 2164
 688, 2270, 2158, 2149,  851
 689, 1714,  664, 1910, 1737
 690, 2074, 1940,  670, 2308
 691, 2213, 2074, 2308, 1724
 692, 1284,  680, 1724, 2308
 693, 2664,  674, 2467, 1508
 694, 1460,  676, 1735, 1658
 695,  245, 1460, 1124,  244
 696, 1209, 1397, 1662, 1289
 697, 1683, 1397, 1209,  677
 698,  150, 1453, 1069,  149
 699, 1284, 1446, 1070, 1069
 700,  973, 1329,  467,  466
 701, 2537, 1259, 1807, 1281
 702, 1560, 1002,  415, 1366
 703,  243, 1111, 1498,  242
 704,  944, 1882, 1296,  413
 705, 2052, 1651, 1878, 2188
 706, 2321, 2344, 2250, 2286
 707, 2010, 2199, 2241, 2372
 708,  709, 1781, 2641, 1741
 709, 1421, 1740,  654, 1237
 710, 1721, 1406, 1938, 1882
 711, 2619, 1465, 2041, 1966
 712, 2265, 2038, 2035,  702
 713,  697, 2035, 2038, 1844
 714, 1431, 1757, 1972,  705
 715, 2788, 2344, 2321, 2786
 716, 1057, 2459, 1730, 1056
 717, 1060,  159,  160, 1056
 718,  161, 1057, 1056,  160
 719, 2211,  702, 2327, 2282
 720,  233, 1230, 1231,   20
 721, 2131,  712, 2138, 1250
 722, 1690,  926, 1379, 1912
 723,  431,  430,  926, 1363
 724,  711, 1250,  165,  166
 725, 1247, 1521,  167,  168
 726, 2151, 2060,  711, 1521
 727, 1015, 1519,  726,  432
 728, 1236,  726, 1422, 1679
 729, 1912, 1379, 1779, 2733
 730, 1379,  720, 1413, 1779
 731, 1389, 1987, 2556, 1198
 732, 1908,  715, 2098, 1810
 733,  943, 1198, 2556, 1261
 734, 1210, 1696, 1413,  720
 735, 1250, 2138,   12,  165
 736, 2101, 2311, 2215, 2773
 737, 2311, 1242,  717, 2356
 738, 1246, 2512,  171,  172
 739, 1252, 1246,  172,    7
 740, 2355, 2388, 2306, 2838
 741,  717, 1242,  169,  170
 742, 1242, 1247,  168,  169
 743, 1722, 1015, 1363,  719
 744, 1678, 1809, 1419, 1001
 745, 2387, 1826, 2392, 2412
 746, 2101,  725, 1840,  718
 747, 1739, 2463, 1444, 1071
 748, 2322, 2771, 2290, 2811
 749,  741, 2440, 2850, 2360
 750, 1277, 1037, 1273, 1975
 751,  745, 1401, 2553, 1424
 752, 1524, 1948, 2516, 2498
 753,  900, 1194, 1412, 1758
 754, 2104, 1758, 1412,  901
 755, 2160, 2148, 2303, 2846
 756, 1594, 1794, 1601, 1014
 757,  380,  379,  953, 1336
 758, 1581, 2062, 2140, 1573
 759,  762, 1239, 1249, 1512
 760, 2248, 2821, 2526, 2238
 761, 1736, 2477, 1522,  762
 762, 1352, 2545, 1968, 1009
 763, 1925, 2611, 1058, 1441
 764,  939, 1201, 1689, 1875
 765, 1009,  438,  437, 1352
 766,  751, 1902, 2482, 1639
 767, 1282,  923, 1040, 1664
 768,  662, 1375, 1668, 1384
 769,  444, 1013, 1375,  662
 770, 1448, 1763, 2450, 1053
 771, 1763, 1979,  737, 2450
 772, 1384, 1668, 1856, 1830
 773, 1429,  937, 1203, 1680
 774, 1785, 1393, 2289, 2197
 775, 1890, 1396, 1785, 2127
 776, 1038,  452,  893, 2534
 777, 1827, 2113, 2206, 2687
 778, 2689, 2444, 2452, 2197
 779,  756, 2205, 2824, 2113
 780, 2049, 1988, 2614, 1686
 781, 2644, 2179,  894, 2163
 782, 2849, 2414, 2842,  906
 783, 2381, 2389, 2496, 2329
 784, 2364, 2381, 2812,  895
 785, 2032,  896, 2756, 1526
 786, 2002, 1984, 2268, 2152
 787, 2275, 2368, 2413, 2791
 788, 1911, 1713,  759, 2536
 789, 1301, 1012, 1623, 2065
 790, 1012,  455,  760, 2429
 791, 1353, 1020, 1619, 1817
 792, 2768, 2175, 1899, 2001
 793, 1693,  778, 1023, 1208
 794, 2285, 2067,  777, 2333
 795, 2285, 2468, 1958, 2067
 796,  789, 2057, 1803, 1605
 797, 1833, 2600, 2599, 1558
 798, 1833, 2075,  781, 2028
 799,  991, 1359, 1710, 1258
 800, 1635,  765, 1439, 1947
 801, 2058, 2259, 2768, 2001
 802, 1692, 2081, 2001, 1899
 803, 1899, 1906, 2677, 1692
 804, 2435, 1656, 2119, 2726
 805,  976,  499, 1346, 1574
 806, 1243,  189,  190,  770
 807, 1744, 1883, 1484, 1161
 808,    2, 1044, 2486,  193
 809, 1437, 1044, 1072,  787
 810, 1427,  791, 2118, 1516
 811, 1068,  197,  198, 1067
 812, 1059, 2457, 1731, 1067
 813, 2141, 2108, 1896, 2064
 814, 2020, 2171, 1816, 1604
 815, 2039, 2194, 2266, 2332
 816, 1816, 2036,  793, 1559
 817, 1682, 1879, 1652,  785
 818, 1504, 1965, 1163, 1130
 819, 2210,  798, 2326, 2283
 820, 1955, 1854, 2210, 2283
 821, 1796, 1599,  804, 2009
 822, 2320, 2345, 2249, 2287
 823, 2462, 1432,  796, 1756
 824, 1059,  199,  200, 1062
 825, 1782, 1742,  806, 1788
 826,  313, 1227, 1229,  312
 827,  308,  309, 1121, 1183
 828, 1811, 1671,  922, 1695
 829,  307,  308, 1183, 1174
 830, 1772, 1288, 2501, 2421
 831, 2617, 1994, 2618, 2722
 832, 2298, 2383, 2353, 2400
 833, 2610, 2087, 1181,  819
 834,  211, 2501, 1288,    1
 835,  833, 2405, 2386, 2325
 836, 1824, 2615, 2204, 2305
 837,  841, 2615, 1824, 2571
 838,  964,  397,  396, 1319
 839, 2276, 2359, 2176,  835
 840, 1423, 1835, 1873, 1675
 841,  483,   52,  932, 1322
 842, 2031, 1922,  830, 1048
 843, 2323, 2394, 2361, 2095
 844, 2685, 1886, 2592, 2686
 845, 1039,  403,  860, 2530
 846, 2305, 2325,  832, 2255
 847, 1608,  967, 1590, 1795
 848, 2095, 2361,  831, 1535
 849, 1828, 1667, 1855, 1986
 850, 1428,  936, 1204, 1677
 851,  405, 1204,  936,   40
 852, 2394, 2767, 2517, 2361
 853, 1514,  398,  397,  956
 854,  652, 1514, 1532, 2396
 855,  848, 1373, 1263, 1649
 856, 1977, 1351, 1568, 2580
 857, 1041,  410,  857, 1383
 858,  844, 2089, 2198, 1638
 859, 1094, 1095, 1473, 1771
 860, 1649, 1403, 2430,  848
 861, 1499,  294,  295, 1097
 862, 2805, 2470, 2728, 1759
 863, 1759, 1409, 2106, 2805
 864, 1293, 2162, 1269,  935
 865, 2514, 2244, 2177, 2796
 866,  412,  411,  856, 1202
 867, 1874,  938, 1202, 1688
 868, 2606, 1383, 1828,  838
 869, 1376,  409,  959, 1533
 870, 1784, 1392, 2288, 2193
 871,  929,  402,  401, 1358
 872, 1997, 2252, 2157, 1888
 873, 2802,  868, 2841, 2401
 874, 2376, 2363, 2504,  863
 875, 1532, 2224, 2673, 2242
 876, 2757,  861, 2157, 2252
 877, 1095,  292,  293, 1098
 878,  289,  870, 1193,   27
 879,  292, 1095, 1094,  291
 880, 1367, 1545, 1858, 2428
 881, 1543,  959, 1326, 1848
 882, 2489, 2003, 1704, 1488
 883, 1964, 1510, 1752,  877
 884, 1527, 1158,  871, 1759
 885,  935,   51,  482, 1293
 886, 1293,  482,  854, 1673
 887, 1461,  775, 1656, 2435
 888,  332,  333, 1184, 1086
 889, 1382, 2540, 1686, 2614
 890,  928,  451,  450, 1364
 891, 2280, 2170,  908, 2585
 892, 2451, 2661, 1224, 2453
 893,  919, 2661, 2464, 2747
 894, 2043,  894, 2179, 2791
 895, 1099, 1184,  333,  334
 896, 1773, 1511, 1753,  911
 897, 2094, 1703, 2004, 1275
 898, 2498, 1099, 1182, 1524
 899,  361, 1145, 1144,  360
 900, 2280, 2799,  907, 2170
 901, 1996,  908, 2170, 2379
 902, 1364,  450, 1017, 1660
 903, 1368, 1547, 1857, 2427
 904, 2077, 2663, 1478, 2672
 905, 1143,  357,  358, 1154
 906,  990,  449,  448, 1342
 907, 1812, 1611, 1701,  918
 908, 1228,  705, 1415, 1230
 909, 1368, 2427, 2564, 1027
 910, 1453,  150,  151, 1077
 911,    8, 1045, 1207,  155
 912,  654,  153,  154, 1237
 913,  152, 1206, 1205,   11
 914,  164, 1078, 1051,  163
 915,  163, 1051, 1075,  162
 916,  694,  157,  158, 1064
 917,  170,  171, 2512,  717
 918,  178,  179, 2450,  737
 919,  751, 1441,  183,   14
 920,  762, 1522, 1238, 1239
 921, 1439, 1523, 1245, 1243
 922, 1249,  187,  188, 1245
 923,   15,  780, 2446,  192
 924, 1044, 1437, 2509, 2486
 925, 1065,  196,  197, 1068
 926,  201, 1054, 1062,  200
 927,  202, 1079, 1054,  201
 928,  810,  203,  204, 1520
 929,  814,  207,  208, 2511
 930, 2421, 2501, 2443,  825
 931,  824,  212,   18, 1445
 932,  221,   10, 2089,  844
 933,  219, 1076, 1055,  218
 934,  830,  216,  217, 1048
 935,  214, 1066, 1063,  213
 936,  223,  734, 1463,  222
 937,  223,  224, 2096,  734
 938, 1122, 1120,  226,  227
 939, 1088,  228,  229, 1123
 940,   20, 1231, 1458,  232
 941,  234, 1228, 1230,  233
 942,  236, 1234, 1225,  235
 943, 1080, 1192,   22,  248
 944,  246,  247, 2493,  676
 945,  244, 1124, 1111,  243
 946,  690,  241,  242, 1498
 947,  241,  690, 1168,  240
 948,  239, 1110, 1125,  238
 949,  249,  250, 1096, 1156
 950, 1169, 1157,  251,  252
 951, 1170, 1160,  255,  256
 952,  258,   23, 1196,  871
 953,   24, 1186, 1219,  262
 954, 1102,  273,   25, 1113
 955,  273, 1102, 1138,  272
 956,  270, 1107, 1126,  269
 957,  268, 1114, 1127,  267
 958,  265, 1141, 1147,  264
 959, 1108,  274,  275, 1109
 960, 1129,  278,  279, 1116
 961, 1105,  280,  281, 1106
 962,  282, 1103, 1106,  281
 963, 1104, 2220,  883, 1103
 964,  284, 1188, 1104,  283
 965,   27, 1193, 1215,  288
 966, 1223, 1216,   26,  285
 967,  299, 1083, 1171,  298
 968,  294, 1499, 1098,  293
 969, 1094, 1172,  290,  291
 970,  870,  289,  290, 1172
 971,  301,  823, 1462,  300
 972,  301,  302, 2087,  823
 973, 1173, 1167,  304,  305
 974,  306,  307, 1174,  813
 975, 1233, 1457,   29,  311
 976,  314, 1232, 1227,  313
 977, 1081, 1190,   31,  326
 978,  324,  325, 2491,  775
 979,  322, 1175, 1161,  321
 980, 2528, 2527,  319,  320
 981,  319, 2527, 1176,  318
 982,  317,  318, 1176, 1164
 983, 1090, 1177,  328,  329
 984, 1178, 1090,  329,  330
 985, 1099, 2498, 1475, 1184
 986,  335,  336,  900, 1182
 987,  336,   32, 1194,  900
 988,   33, 1187, 1217,  340
 989,  351, 1087, 1134,  350
 990,  349, 1118, 1131,  348
 991, 1478, 1131, 1118, 1751
 992,  346, 1117, 1133,  345
 993,  345, 1133, 1149,  344
 994,  343, 1142, 1150,  342
 995,  352, 1139, 1136,   34
 996,  354, 1137, 1140,  353
 997,  355, 1152, 1137,  354
 998,  357, 1143, 1153,  356
 999,  360, 1144, 1155,  359
1000, 1144, 1145, 2223, 1495
1001,  362, 1185, 1145,  361
1002,   36, 1195, 1214,  366
1003,  363, 1224, 1218,   35
1004,  377, 1082, 1100,  376
1005,  374, 1092, 1179,  373
1006,  372, 2508, 1180,  371
1007, 1093, 1101,  368,  369
1008,  905,  367,  368, 1101
1009, 1670, 2235, 2531,  921
1010,  710,  421,  921, 2531
1011, 1671, 2234, 2539,  922
1012,  807,  491,  922, 2539
1013, 1386,  923, 1282, 1783
1014,  891,  446,  923, 1386
1015,  926,  430,  720, 1379
1016,  927,  486,  817, 1380
1017, 1378,  928, 1666, 1893
1018, 2533,  451,  928, 1378
1019, 1377,  929, 1663, 1889
1020, 2529,  402,  929, 1377
1021,  930, 1290, 1637, 2573
1022,  931, 1291, 1636, 2574
1023, 1322,  932, 1589, 1728
1024, 1322, 1728, 1970,  960
1025, 1362,  933, 1595, 1729
1026, 1362, 1729, 1969,  993
1027, 2438, 1674, 2449,  888
1028,  934, 1292, 2437, 2597
1029, 1032,   51,  935, 1274
1030, 1673, 2026, 2162, 1293
1031,  503,  954, 1295,  940
1032,  941, 1294, 1681,  693
1033,  942,  812, 1695,  490
1034, 1197,   53,  655, 1390
1035,  943,  714, 1694,  420
1036, 1198,   43,  713, 1389
1037, 1270,  944,  693, 1651
1038, 1271,  945,  785, 1652
1039, 1306,  946, 1597, 1765
1040,  423,  422,  946, 1306
1041,  947,  502,  501, 1303
1042, 1605, 1803, 2171, 2020
1043,  948, 1565, 1299,  494
1044,  948,  494,  493, 1305
1045, 1305,  950, 1599, 1764
1046, 1563,  951, 1307, 1592
1047,  473, 1316,  975,  474
1048, 1308,  474,  975, 1587
1049, 1290,  952, 1571, 2123
1050, 1309,  470,  846, 1600
1051, 1317, 1309, 1530, 1861
1052,  953,  379,  746, 1593
1053, 1304,  502,  947, 1604
1054, 2524, 1557, 1843, 2680
1055,  499,  498,  955, 1346
1056,  397,  964, 1298,  956
1057, 1291,  957, 1580, 2124
1058,  957,  384,  383, 1353
1059, 1340, 1581, 1573,  958
1060,  959,  409,  408, 1326
1061, 1518,  961, 1723, 2217
1062, 2430, 1726, 1624,  962
1063,  967, 1318,  394,  393
1064,  963, 1541, 1313,  395
1065, 1319,  396,  968, 1579
1066, 1314,  971,  495,  965
1067, 1825, 1608, 1952, 1538
1068, 1576,  969, 1315,  782
1069,  435,  997, 1323,  972
1070,  972, 1323, 1715, 1792
1071, 2467, 1743, 1333,  974
1072, 1586,  975, 1316,  667
1073, 1024, 1553, 1372,   38
1074, 2595,  977, 1584, 1799
1075, 1334,  484,  960,  822
1076,  459,  458,  980, 1356
1077, 1011, 1335,  980,  458
1078, 1951, 1546, 1606, 1793
1079,  457,  456,  981, 1325
1080,  982,  994, 1337, 1566
1081,  992, 1330,  387,  386
1082, 1692,  773, 1847, 2081
1083, 1385,  984, 1283, 1946
1084,  856,  411,  984, 1385
1085, 1806, 2291, 2542, 1577
1086, 2542, 2014, 2613, 1570
1087,  988,  400,  399, 1341
1088, 1392,  989, 1279, 2288
1089,  859,  404,  989, 1392
1090,  390, 1023, 1359,  991
1091, 1337,  994, 1613, 1950
1092,  442,  441,  994,  982
1093, 1338,  995, 1615,  651
1094, 1528,  996, 1536, 1634
1095, 1440, 1536,  996, 1327
1096, 1332,  434, 1033, 1917
1097, 1323,  997, 1616,  912
1098, 1256,  998, 1257, 1877
1099,  998, 1328, 1430, 1257
1100, 1393,  999, 1278, 2289
1101,  661,  453,  999, 1393
1102, 1554, 1000, 1355,  688
1103, 1324,  428,  993,  735
1104, 1021, 1366,  415,  414
1105, 1371, 1025, 1544, 1837
1106, 1711, 2751, 1976, 2586
1107,  464,  463, 1004, 1365
1108, 2044, 1585, 1875, 1689
1109, 2042, 1575, 1874, 1688
1110, 1683,  677, 1850, 2082
1111, 1914, 1042, 1328, 1008
1112, 1902, 1043, 1603, 1968
1113,  750, 1440, 1043,   14
1114, 1598, 1010, 1591, 2111
1115, 1549, 1335, 1011, 2008
1116, 2429, 1727, 1623, 1012
1117, 2065, 1623, 2656, 2657
1118, 1375, 1013, 1534, 2566
1119, 1519, 1015, 1722, 2214
1120, 1344,  400,  988, 1869
1121, 1869, 1702, 2546, 1344
1122, 1360,  449,  990, 2535
1123, 1360, 1876, 1611, 1017
1124, 1018,  987, 1354, 1551
1125, 2631, 1860, 1762, 2027
1126, 2473, 1509,  769, 2626
1127, 2473, 1978, 1343, 1019
1128, 1619, 1020, 1348,  764
1129, 1357,  418,  986, 1570
1130, 1844, 2523, 1555,  697
1131, 1024,  657, 2570, 1280
1132, 1617, 1345, 1026, 2562
1133, 1618, 1320, 1027, 2564
1134, 1028, 1621, 2572, 1341
1135, 1029, 1614, 2559, 1342
1136, 1918, 1032, 1274, 2003
1137, 1275, 1033,  904, 1268
1138, 1917, 1033, 1275, 2004
1139, 1374,  759, 1713, 1707
1140, 2538, 1538, 1952,  829
1141, 1272, 1036,  669, 1266
1142,  845, 1706, 1641, 2666
1143, 1273, 1037,  743, 1267
1144,  745, 1424, 1705, 1640
1145,  893, 2540, 1382, 2534
1146, 1661, 2584, 2534, 1382
1147, 2541,  860, 2529, 1377
1148, 2571, 2530, 1381,  841
1149, 1040,  662, 1384, 1664
1150, 1665, 1041, 1383, 2606
1151, 2089, 1042, 1914, 2198
1152,   10,  666, 1042, 2089
1153,   14, 1043, 1902,  751
1154, 1437,  787, 1980, 1776
1155, 1932, 1513, 1687, 2354
1156, 1046,  147,  148, 1070
1157, 1070,  148,  149, 1069
1158,  665, 1517, 1047, 1073
1159, 1047, 1517, 2059, 1074
1160, 1665, 2117, 1832, 1283
1161, 1073, 1049, 1447,  665
1162, 1078,  164,   12,  716
1163,  179,  180, 1053, 2450
1164, 1079,  202,   16,  809
1165, 2681, 2114,  837, 1946
1166,  752, 1052, 1058, 2611
1167, 1730, 1436, 1060, 1056
1168, 1426, 1515,  694, 1064
1169, 1456, 1450, 1054, 1079
1170, 1066,  214,  215, 1442
1171, 1731, 1435, 1068, 1067
1172,  680, 1284, 1069, 1453
1173, 1427, 1516,  790, 1065
1174, 2059,  847, 1257, 1430
1175, 1455, 1454, 1051, 1078
1176, 1719, 1451, 1454,  706
1177, 1076,  837, 2114, 1055
1178,  681, 2292, 2115, 1937
1179, 1192, 2664, 1508, 2493
1180, 1191,   19,  222, 1463
1181,  733, 1100, 1082, 1434
1182, 1189,   28,  300, 1462
1183, 1400, 1160, 1501, 1600
1184, 2642,  734, 2096, 1928
1185,  224,  225, 1085, 2096
1186, 1184, 1475, 2553, 1401
1187, 1474, 1086,  745, 1640
1188, 1747, 1485, 1134, 1087
1189, 1088, 1123, 1408,  715
1190, 2577,  715, 1908, 2054
1191, 1438, 1089, 1171, 1943
1192, 1507, 1162, 1089, 1438
1193, 1119,  231,  232, 1458
1194, 1123, 1091, 1754, 1408
1195, 1092,  374,  375, 1166
1196, 1112,  370,  371, 1180
1197, 1526, 2660, 1770,  897
1198, 2649, 1771,  864, 1525
1199,  849, 1403, 1098, 1499
1200, 1945, 1502, 2665, 2654
1201, 2647, 1647, 1097, 1468
1202, 1499, 1097, 1647,  849
1203, 1467, 1166, 1506, 1766
1204, 1113,   25,  274, 1108
1205, 1749, 1486, 1138, 1102
1206, 1489, 1470, 1116, 1105
1207, 1115,  271,  272, 1138
1208, 1107, 1479, 2078, 1126
1209, 1109,  275,  276, 1135
1210, 1748, 1481, 1113, 1108
1211, 1135,  276,  277, 1128
1212, 1480, 1109, 1135, 2228
1213, 1402, 1180, 2508,  761
1214, 1115, 2494, 1479, 1107
1215, 1117,  346,  347, 1132
1216, 1132,  347,  348, 1131
1217,  714, 1908, 1810, 1694
1218,  685, 1111, 1124, 2304
1219, 1159, 1125, 1465, 2619
1220,  266, 1146, 1141,  265
1221, 1470, 2132, 1129, 1116
1222, 1131, 1478, 2663, 1132
1223, 1149, 2655, 2490, 1142
1224, 1139,  352,  353, 1140
1225, 1950, 1476, 1136, 1139
1226, 1750, 1487, 1140, 1137
1227, 1142, 2490, 1491, 1150
1228, 1143, 1154, 1494, 1493
1229, 2133, 1153, 1143, 1493
1230, 2746, 2223, 2662, 2091
1231, 1505, 1146, 1127, 1469
1232, 1146, 1505, 2489, 1141
1233, 1147, 1488, 1752, 1148
1234, 1148, 1752, 1510, 1186
1235, 1133, 1492, 2655, 1149
1236, 1150, 1491, 1753, 1151
1237, 1151, 1753, 1511, 1187
1238, 2092, 1490, 2133,  916
1239,  674, 1080, 1156, 1482
1240, 1472, 2665, 1157, 1169
1241, 1170, 1769, 1501, 1160
1242,  256,  257, 1158, 1170
1243, 2637, 2487, 1159, 2619
1244, 1425, 1400, 1600,  846
1245, 1162, 1507, 1468, 1097
1246,  796, 2488, 1163, 1965
1247, 2543, 2230, 1164, 1176
1248, 1457, 1165,  310,   29
1249, 1181, 1167, 1669,  819
1250, 1168,  690, 1938, 1406
1251, 1500, 1169,  252,  253
1252, 2666, 1472, 1169, 1500
1253, 1769, 1170, 1158, 1527
1254, 2609, 1943, 1171, 1083
1255,  812, 1909, 1811, 1695
1256, 1174, 1183, 2636, 1407
1257, 1175,  658, 1744, 1161
1258,  327,  328, 1177, 1459
1259, 1474, 1178,  330,  331
1260,  761, 1648, 1727, 1402
1261,  823, 1927, 1645, 1462
1262,  302,  303, 1181, 2087
1263, 1524, 1182,  900, 1758
1264, 1183, 1121, 1746, 2636
1265, 2202, 2636, 1746, 1892
1266, 1424, 2553, 1593,  746
1267, 1185, 2662, 2223, 1145
1268,  876, 1219, 1186, 1510
1269,  910, 1217, 1187, 1511
1270, 2086, 2220,  884, 2724
1271, 2491, 1190, 2602, 1732
1272,   31, 1190, 2491,  325
1273,  247,   22, 1192, 2493
1274, 2649, 2455,  870, 1172
1275, 2660, 2456,  905, 1101
1276, 1221, 1214, 1643,  920
1277,  871, 1196, 1409, 1759
1278, 1390, 1868,  818, 1985
1279, 1389, 1870,  721, 1987
1280, 1394, 2561, 2472, 2607
1281, 2474, 1200, 1265,  712
1282, 1386, 1775, 1399,  891
1283, 1398,  856, 1385, 1774
1284, 1203,  661, 1396, 1680
1285, 1204,  859, 1395, 1677
1286, 1206,  152,  153,  654
1287, 1206,  681, 1937, 1205
1288, 1513, 1932, 1207, 1045
1289, 1208,  773, 1404, 1693
1290, 2056, 2677, 1906, 2080
1291, 1391, 1881, 2604, 1870
1292, 1885, 1868, 1394, 2607
1293, 2219,  872, 2316, 2431
1294, 1213, 1644, 1412, 1194
1295, 1223,  285,  286,  885
1296, 2651, 1188, 1216, 1223
1297, 1224,  363,  364, 2453
1298, 1218,  919, 2662, 1185
1299, 1223,  885, 2492, 2651
1300, 2451,  920, 2778, 2442
1301,  705, 1228, 1225, 1431
1302, 1232,  314,   30, 2488
1303, 1227, 1232, 1432,  801
1304, 1231, 1230, 1415,  709
1305, 2316, 1212,  875, 2431
1306, 1644, 1213,  909, 1957
1307, 1458, 1231,  709, 1741
1308,  796, 1432, 1232, 2488
1309, 1457, 1233,  806, 1742
1310,  821, 1518, 1697, 1423
1311,  726, 1519, 1699, 1422
1312, 1244, 1238, 1522, 1745
1313, 1523, 1512, 1249, 1245
1314, 1903, 1787,  815, 2707
1315, 1520, 1240, 1787, 2150
1316, 2365,  820, 2384, 2357
1317, 2511, 2357, 2312,  814
1318, 1247, 1242,  718, 1786
1319, 1523, 1684, 2460, 1512
1320, 2367, 2388,  724, 2356
1321, 2356,  717, 2512, 2367
1322, 1904, 1786,  718, 2702
1323, 1521, 1247, 1786, 2151
1324, 1248,  815, 1787, 1240
1325,  711, 2060, 2131, 1250
1326,  810, 2061, 2130, 1251
1327, 1252,  723, 2510, 1246
1328, 1253,  820, 2365, 1241
1329, 1401,  745, 1086, 1184
1330,  845, 1400, 1425, 1706
1331, 1074, 2059, 1430,  666
1332, 2075, 2633, 2068,  781
1333, 1805, 1569,  976, 1574
1334, 2586, 1976, 1961, 1259
1335, 1807, 1556, 1560, 1838
1336, 1260, 2629,  819, 1669
1337,  812,  942, 1260, 1669
1338, 1261, 1907,  722, 1672
1339,  714,  943, 1261, 1672
1340,  897, 2324, 2032, 1526
1341, 2659, 1650, 1262, 1901
1342,  863, 2504, 2417, 2587
1343, 1649, 1900, 1473, 1403
1344, 1264, 2472, 2561, 1199
1345, 1200, 2474, 1391,  713
1346, 1778, 1266, 1822, 2226
1347, 1821, 1537, 1846, 2227
1348, 1777, 1267, 1821, 2227
1349, 1703, 2094, 1935,  911
1350, 1704, 2093, 1931,  877
1351, 1274,  935, 1269, 2093
1352, 1918, 1631, 1331, 1032
1353, 1630, 1332, 1917, 2598
1354, 1641, 2601, 1472, 2666
1355, 2550, 1827, 2687, 1278
1356, 1824, 2305, 2255, 2622
1357, 1025, 2537, 1281, 1544
1358, 2105, 1664, 2692,  753
1359,  680, 1655, 2458, 1724
1360, 1446, 1284, 2308,  670
1361, 2235, 2018, 2000, 1285
1362, 2234, 2017, 1999, 1286
1363,  723, 1252, 1287, 1768
1364, 2502, 1287,  173,   13
1365, 1772, 2421, 2448,  826
1366,  820, 1253, 1288, 1772
1367, 2705, 1662, 2037, 2185
1368, 2645,  973, 1289, 2706
1369, 2538,  932,   52, 1035
1370, 2532,  933,   44, 1034
1371, 1674, 1292,  889, 2596
1372, 1651,  693, 1681, 1878
1373,  689, 1361, 1296, 1629
1374, 1882,  944, 1270, 1721
1375, 1310, 1297,  783, 1632
1376, 1884,  945, 1271, 1720
1377, 2125, 1867, 2015, 2142
1378, 1565,  948,  803, 1854
1379, 1564,  949,  656, 1853
1380,  981,  456, 1301, 1596
1381, 1598, 1871, 1302, 1010
1382, 1604,  947, 1605, 2020
1383, 1559, 1557,  954, 1304
1384,  803,  948, 1305, 1764
1385, 1597,  946, 1862,  707
1386,  656,  949, 1306, 1765
1387, 1501,  850, 2499, 1600
1388, 1530, 1309, 1600, 2499
1389, 1531,  953, 1593, 2500
1390, 1654, 1310, 1632, 1923
1391, 1311,  966, 1626,  716
1392, 1311,  716, 2420, 1265
1393, 1312,  962, 1624, 2063
1394, 2007,  963, 1318, 1825
1395,  968, 1313, 2190,  828
1396, 1314,  965, 1627,  809
1397, 1558,  969, 1576, 1833
1398, 1567,  951, 1563, 1802
1399, 1584, 1317, 1861, 2016
1400, 1541,  963, 2007,  653
1401, 1618, 2565, 1613, 1320
1402,  994,  441, 1320, 1613
1403,  829, 1589,  932, 2538
1404, 2006, 2642, 1928, 2735
1405, 1596, 1793, 1606,  981
1406, 1533,  959, 1543, 1791
1407, 1603, 1327, 1009, 1968
1408,  683, 1329,  973, 2645
1409, 1711, 1329,  683, 2646
1410, 2084, 1777, 2227, 1846
1411, 1631, 2670, 2667, 1615
1412, 1492, 1477, 1630, 2598
1413, 1645, 1927, 2088, 2549
1414,  980, 1335, 2191,  659
1415, 1336,  953, 1531, 1865
1416, 2708, 1866, 2078, 1479
1417,  986, 1577, 2542, 1570
1418, 1470, 1622, 2572, 2132
1419,  916, 2696, 1625, 2559
1420, 1343,  768,  992,  386
1421,  988, 1622,  882, 1869
1422, 1993, 1702, 1869,  882
1423,  987,  406, 1345, 1612
1424, 1346,  955, 1562, 1841
1425, 1574, 1346, 1841, 2547
1426,  982, 1566, 1588, 1347
1427, 1348,  958, 1573, 2121
1428, 1578, 1005, 1585, 2044
1429,  985, 1582,  865, 1350
1430, 1568, 1006, 1575, 2042
1431, 2580, 2198, 1914, 1977
1432, 2545, 2482, 1902, 1968
1433, 1354,  987, 1612,  880
1434, 1762,  880, 1748, 1480
1435, 1552, 1000, 1554, 1834
1436,  980,  659, 1607, 1356
1437, 1607, 1826, 1981, 2548
1438, 1572, 1555, 1022, 1357
1439, 1710, 1359, 2568, 2068
1440, 2558, 2535,  990, 1625
1441, 1992, 1495, 1876, 2582
1442,  689, 1633, 1653, 1361
1443,  732, 1595,  933, 2532
1444, 1434, 1969, 1729, 2695
1445, 2163, 1894, 2605, 2644
1446,  774, 2602, 1620, 1019
1447, 2551, 1838, 1560, 1366
1448,  865, 1582, 1858, 1545
1449,  898, 1792, 1857, 1547
1450,  936, 1428, 1539, 1369
1451, 1801, 2711,  866, 1848
1452,  937, 1429, 1548, 1370
1453,  899, 1798, 1929, 2583
1454, 1024, 1280, 2547, 1553
1455, 1383,  857, 1667, 1828
1456, 1381, 2541, 1685, 1823
1457, 2533, 1378, 2540,  893
1458, 1893, 1686, 2540, 1378
1459, 2729, 2474,  712, 2704
1460, 2472,  811, 2612, 2607
1461, 1380, 1780, 1913, 2635
1462,  841, 1381, 1823, 2615
1463, 1381, 2530,  860, 2541
1464, 1829, 1661, 1382, 2614
1465, 1667,  857, 1376, 2154
1466, 1664, 1384, 1830, 2692
1467, 2053, 1652, 1879, 2189
1468, 2748, 1924, 1638, 1895
1469, 1538,  653, 2007, 1825
1470, 1035, 1235, 1675, 1387
1471, 1831, 1388,  731, 2008
1472, 1388, 1034, 1236, 1679
1473, 1389,  713, 1391, 1870
1474, 1987,  721, 1998, 1907
1475, 1390,  655, 1394, 1868
1476, 1985, 2629, 1260, 2555
1477, 2620, 1779, 1413, 1696
1478, 1392, 1784, 1395,  859
1479, 1393, 1785, 1396,  661
1480, 1394,  655, 1199, 2561
1481, 1784, 2126, 2685, 1395
1482, 1396, 1890, 2699, 1680
1483, 1662, 1397, 1839, 2037
1484,  855, 1398, 1895, 2634
1485,  856, 1398, 1688, 1202
1486,  890, 1399, 1897, 2581
1487, 1201,  891, 1399, 1689
1488, 1402, 1650, 2659, 1471
1489, 1112, 1180, 1402, 1471
1490, 1095, 1098, 1403, 1473
1491, 1628, 1884, 1939, 2050
1492, 2230, 2543,  786, 2625
1493, 1882, 1938, 1629, 1296
1494, 1811, 2097, 1407, 1671
1495, 2235, 1670, 2640, 2200
1496, 1409, 1196, 1212, 2316
1497, 1410, 1195,  905, 2456
1498, 1643, 1410, 2779,  906
1499, 1411, 1193,  870, 2455
1500, 1642, 1411, 2762,  869
1501, 1700, 1211, 1420, 2590
1502, 1415, 1789, 1781,  709
1503,  909, 1226, 1417, 1957
1504, 1222, 1418, 2431,  875
1505,  818, 2590, 1420, 2426
1506, 1740, 1421, 2122, 2159
1507, 1995, 2759, 1836,  725
1508, 1835, 1423, 1697, 2618
1509, 1994, 1873, 1835, 2618
1510, 1256, 1877, 1698,  854
1511, 1424,  746, 1254, 1705
1512, 1705, 1254, 1277, 1640
1513, 1425,  846, 1255, 1706
1514, 1706, 1255, 1276, 1641
1515, 1859, 1539, 1428, 2683
1516, 1534, 1542, 2701, 1790
1517, 1864, 1548, 1429, 2701
1518, 1042,  666, 1430, 1328
1519, 1757, 1431,  700, 1966
1520,  855, 2042, 1688, 1398
1521,  938, 1874, 1545, 1367
1522, 1689, 1399,  890, 2044
1523,  939, 1875, 1547, 1368
1524,  791, 1427, 1435, 2302
1525,  695, 1426, 1436, 2301
1526, 2790, 2509, 1437, 2789
1527, 2684, 1589,  829, 2723
1528, 1523, 1439,  765, 1684
1529, 1733, 1536, 1440,  750
1530, 1441,  751, 1639, 1925
1531, 2611, 1925, 1775,  752
1532, 1443,  844, 1638, 1924
1533, 1076, 1443, 1924,  837
1534, 1444,  727,    5,  175
1535, 1447, 1452, 1725, 1714
1536, 1386, 1783,  752, 1775
1537, 1763, 1448, 2105,  753
1538, 1896, 1731, 2457, 2064
1539, 1898, 1730, 2459, 2066
1540,  670, 1940, 1452, 1446
1541, 1725, 1452, 1940, 2783
1542,  706, 1454, 1455, 2632
1543,  802, 1450, 1456, 2630
1544,  769, 1081, 1459, 1734
1545, 2304, 1124, 1460, 1658
1546, 1175, 1461, 2435,  658
1547, 2109, 1462, 1645,  822
1548, 1463,  734, 2642, 1646
1549, 1464, 1741, 2641, 1891
1550, 2200, 1754, 1464, 1891
1551, 2041, 1465, 1755, 2052
1552,  699, 1757, 1966, 2041
1553, 1466, 2716, 2755, 1734
1554, 1467, 1766, 2466, 2658
1555, 1497, 1467, 2658, 2657
1556, 2063,  836, 1590, 1312
1557, 1469,  651, 1615, 2667
1558, 1770, 1471, 2659,  897
1559, 1778, 2085, 1945,  668
1560,  864, 1771, 1473, 1900
1561, 1475, 2500, 1593, 2553
1562, 2698, 1747, 1476, 2565
1563, 1630, 1477, 2719, 1616
1564, 2719, 1477, 1117, 1132
1565, 2077, 1715, 1323,  912
1566, 1866, 1582,  985, 1338
1567, 1551, 1354, 1860, 2631
1568, 1860, 1354,  880, 1762
1569, 1767, 1743, 1482, 1502
1570, 2782, 2228, 1483, 2781
1571, 1484, 2050, 2528,  320
1572, 1760,  914, 1618, 2564
1573, 2738, 2732, 1751, 1485
1574, 2563, 1617, 2562, 1761
1575,  879, 2494, 1486, 1761
1576,  877, 1752, 1488, 1704
1577,  915, 1750, 1490, 2092
1578,  911, 1753, 1491, 1703
1579, 2598, 2490, 2655, 1492
1580, 1493, 2558, 1625, 2696
1581, 2133, 1493, 2696,  916
1582,  917, 2582, 2535, 2558
1583, 1701, 1611, 1876, 1495
1584,  744, 1466, 1496, 2652
1585, 1090, 1178, 2627, 1496
1586, 2065,  736, 1596, 1301
1587, 1096, 1157, 2665, 1502
1588, 1503, 2741, 1892, 1746
1589, 2625, 2040, 1504, 2230
1590,  795, 1756,  796, 1965
1591,  878, 2489, 1505, 2670
1592, 1941, 1595,  732, 1766
1593, 1941, 1766, 1506,  733
1594, 1743, 2467,  674, 1482
1595, 1508,  675, 2310, 1735
1596, 1931, 2023, 1964,  877
1597, 2831, 1935, 2024, 2832
1598,  763, 1736, 2460, 1684
1599, 1532, 1514, 1529, 2224
1600, 2432, 1515, 1709, 1956
1601,  694, 1515, 2432, 1061
1602, 1516,  787, 1072,  790
1603,  665, 1447, 1714, 1737
1604, 1517, 2461,  847, 2059
1605, 2632, 1455, 1626, 2557
1606, 2630, 2560, 2048,  802
1607, 1842, 1697, 1518, 2217
1608, 1840, 1699, 1519, 2214
1609, 1521,  711,  166,  167
1610,  762, 1512, 2460, 1736
1611, 1733,  750, 1244, 1745
1612, 2649, 1525, 2753, 2455
1613, 2033, 2800,  864, 1900
1614, 2456, 2660, 1526, 2756
1615, 2178,  682, 2159, 2122
1616, 2224, 1529,  842, 2247
1617, 2499, 2470, 2424, 1530
1618, 1861, 1530, 2424,  851
1619, 2500, 2516, 2425, 1531
1620, 1865, 1531, 2425,  886
1621, 1373, 1712, 1708, 1263
1622, 1859, 1543, 1848,  866
1623, 1533, 2591, 2154, 1376
1624, 1542, 1852, 1864, 2701
1625,  892, 2011, 2155, 2566
1626, 2712,  838, 1828, 1986
1627, 2478, 1634, 1536, 1733
1628,  767, 2124, 2081, 1847
1629, 1537,  983, 1330, 1846
1630, 1608, 1825, 1318,  967
1631, 1845, 1621, 1028, 1369
1632,  672, 2123, 2082, 1850
1633, 1540, 1007, 1365, 1851
1634, 1541,  653, 1675, 1873
1635, 1873, 1994, 2603, 1541
1636, 1588, 1852, 1542, 1347
1637, 1848, 1326, 1583, 1801
1638, 1543, 1859, 2683, 1791
1639, 1281, 1807, 1838, 2608
1640, 2608, 1837, 1544, 1281
1641, 1606, 1831, 1325,  981
1642,  732, 2532, 1546, 1951
1643,  913, 1857, 1792, 1715
1644, 1849, 1614, 1029, 1370
1645, 2675, 1679, 1422, 1872
1646, 2191, 1335, 1549, 2710
1647, 1653, 1921, 1550, 1021
1648, 2551,  684, 2608, 1838
1649,  692, 1339, 1552, 2593
1650, 1353, 1817, 1580,  957
1651, 1553, 2547, 1841,  779
1652, 2139, 2569, 2679, 2628
1653, 1834, 1554,  688, 2073
1654,  688, 1355, 1556, 1961
1655,  793, 1843, 1557, 1559
1656,  789, 1303, 1558, 2599
1657, 1571, 1561, 2165, 1934
1658, 2579, 1654, 1923, 1814
1659, 1562, 2616,  779, 1841
1660, 1802, 1563,  663, 2076
1661, 1627, 2560, 2630, 1456
1662, 1852, 1588,  899, 1864
1663,  667, 1316, 1567, 2120
1664,  855, 2580, 1568, 2042
1665, 1575, 1006, 1350,  865
1666, 1577,  986, 1339,  692
1667, 1570, 2613, 1572, 1357
1668, 2123, 1571, 1934, 2082
1669,  697, 1555, 1572, 1818
1670, 1575,  865, 1545, 1874
1671, 1576,  782, 2075, 1833
1672, 1578, 2581, 2545, 1352
1673, 1585, 1005, 1349,  898
1674, 1820, 2589, 2588, 1579
1675, 2124, 1580,  660, 2081
1676, 2278, 2021,  758, 2395
1677, 1581, 1340, 1601,  747
1678, 1581,  747, 2713, 2062
1679, 2016, 2146, 1799, 1584
1680,  977, 2595, 1592, 1307
1681, 1585,  898, 1547, 1875
1682, 1804, 1586,  667, 2129
1683, 2110, 1586, 1804,  671
1684, 1798,  899, 1588, 1566
1685, 1943, 1728, 1589, 2684
1686, 2723,  829, 1952, 2465
1687, 2111, 1591, 2548, 1981
1688, 1563, 1592, 2691,  663
1689, 1914, 1008, 1351, 1977
1690, 2022, 2147, 1794, 1594
1691,  747, 1601, 1794, 2262
1692, 1595, 1941, 2695, 1729
1693,  732, 1951, 2466, 1766
1694,  972, 1792,  898, 1349
1695, 1597, 1797, 2483, 1765
1696, 1599, 1796, 2484, 1764
1697, 2668, 2674, 2621, 1702
1698, 1016, 1344, 2546, 1602
1699, 1605,  947, 1303,  789
1700, 1826, 1607,  659, 2392
1701, 1952, 1608, 1795, 2465
1702, 1609, 2588, 2116, 1610
1703, 1298,  964, 1610, 2554
1704, 1812,  918, 1936, 2585
1705, 1612, 1345, 1617, 2563
1706, 1342, 2559, 1625,  990
1707, 1866, 1338,  651, 2078
1708, 1618,  914, 2698, 2565
1709, 1800, 1619,  764, 2238
1710, 2467,  974,  675, 1508
1711, 1341, 2572, 1622,  988
1712, 1623, 1727, 1648, 2656
1713, 1647, 2647, 1726,  849
1714, 1626,  966, 1300, 2557
1715, 1627,  965, 1299, 2560
1716, 2560, 1299, 1565, 2048
1717, 2050, 1484, 1883, 1628
1718, 1628,  783, 1297, 1884
1719, 1498, 1880,  689, 1629
1720, 2670, 1631, 1918,  878
1721,  783, 1628, 1883, 1632
1722, 1923, 1632,  658, 2485
1723, 2378, 2337, 2449, 2398
1724, 2475, 2398, 2596, 1634
1725, 2013, 1635, 1947, 2070
1726, 1636,  767, 1537, 1821
1727, 1267, 2574, 1636, 1821
1728,  672, 1540, 1822, 1637
1729, 1266, 2573, 1637, 1822
1730, 1774, 2748, 1895, 1398
1731, 1897, 1925, 1639, 2482
1732, 1276, 1974, 2601, 1641
1733,  869, 2401, 2841, 2507
1734,  901, 1412, 1644, 2503
1735, 1927,  823, 2087, 2610
1736, 2567, 2107, 1646,  735
1737, 2725, 1468, 1507, 2465
1738, 2508, 1179, 1648,  761
1739, 1497, 2657, 2656, 1648
1740, 1900, 1649, 1263, 2033
1741,  760, 1262, 1650, 2429
1742, 1651, 2052, 1721, 1270
1743, 1652, 2053, 1720, 1271
1744, 1815, 1550, 1921, 2209
1745, 1562,  955, 1654, 2579
1746, 2115, 2458, 1655, 1937
1747, 2314, 2119, 1656, 1732
1748, 1814, 1923, 2485, 2678
1749,  867, 1997, 1657, 1813
1750, 1837, 2669, 1982, 2181
1751, 2534, 2584, 2550, 1038
1752, 1889, 1663,  861, 2045
1753,  929, 1358, 1888, 1663
1754, 2105, 1783, 1282, 1664
1755,  838, 2117, 1665, 2606
1756, 2163, 1893, 1666, 1894
1757,  928, 1364, 1894, 1666
1758, 2012,  858, 1886, 2742
1759, 1375, 2566, 2155, 1668
1760, 1890, 2011,  892, 2699
1761, 2055, 1669, 1167, 1173
1762, 1408, 2640, 2098,  715
1763, 2026, 1673, 1808,  853
1764, 2438, 2408, 2436, 2437
1765, 1387, 1675,  653, 1538
1766, 1791, 2683, 2686, 2592
1767, 2544, 1646, 2642, 2006
1768,  731, 1388, 1679, 2675
1769, 1878, 1681,  698, 2286
1770, 1879, 1682,  794, 2287
1771, 2082, 1934, 2165, 2005
1772, 2005, 1887, 1683, 2082
1773, 2821,  765, 1635, 2526
1774, 1829, 2614, 1988, 2739
1775, 2432, 1956, 1687, 1513
1776, 1578, 2044,  890, 2581
1777,  719, 1690, 2717, 2718
1778,  816, 1691, 2150, 2743
1779, 1693, 2056, 2067,  778
1780, 1698, 1877, 1905, 2693
1781, 1836, 1699, 1840,  725
1782, 1868, 1885, 2590,  818
1783, 1700, 2590, 1885, 2607
1784, 1701, 1495, 2223, 2746
1785, 2668, 1702, 1993, 2231
1786, 2621, 1930, 1813, 1602
1787, 2434, 1275, 1268, 2597
1788, 1707, 2324, 1901, 1262
1789, 2118,  791, 1967,  788
1790, 2118,  788, 2233, 1980
1791, 1709,  695, 1971, 2102
1792,  691, 2825, 2102, 2261
1793, 2068, 2568, 1958,  781
1794, 2720,  683, 2645, 2706
1795, 2751, 2069, 2073, 1976
1796, 2396, 1532, 2242, 2376
1797, 2396, 2587, 1712,  652
1798, 1911, 2536, 2021, 2278
1799, 2714, 2324, 1707, 1713
1800, 2672,  913, 1715, 2077
1801, 2708, 1479, 2494,  879
1802, 2583, 1929, 1716, 1849
1803, 2578, 1926, 1717, 1845
1804,  881, 2782, 1717, 1926
1805,  802, 2048, 1955, 1718
1806, 1718,  797, 2772, 2760
1807,  706, 2046, 1954, 1719
1808, 1719,  701, 2803, 2066
1809,  786, 2576, 1720, 2053
1810, 1755, 1406, 1721, 2052
1811, 2743, 2150, 1787, 1903
1812,  679, 2246,  671, 2318
1813,  664, 1714, 1725, 2783
1814,  849, 1726, 2430, 1403
1815, 1418, 2029, 2219, 2431
1816, 2503, 2830, 2135, 2160
1817, 2135, 2830, 2030,  902
1818, 1970, 2609, 1433, 2109
1819, 1436, 1730, 1898, 2301
1820, 2302, 1435, 1731, 1896
1821, 1190, 1509, 1620, 2602
1822, 2314, 1732, 2602,  774
1823, 2478, 1733, 1745,  749
1824, 2626, 1944, 1978, 2473
1825, 2181, 2310,  675, 1030
1826, 2515, 2362, 2369, 2764
1827, 2378, 2765, 2764,  748
1828,  665, 1737, 2461, 1517
1829, 1738, 2517, 2521, 2481
1830,  832, 2406, 2481, 2521
1831, 1739,  738, 2444, 2770
1832, 2463, 2404,  727, 1444
1833, 2159, 2292,  681, 1740
1834,  806, 1416, 2847, 1788
1835, 2815, 2741, 1782, 1960
1836,  673, 1333, 1743, 1767
1837, 1880, 1498, 1111,  685
1838,  749, 1745, 1522, 2477
1839,  808, 1407, 2636, 2202
1840,  914, 1485, 1747, 2698
1841, 1486, 1749, 2563, 1761
1842, 1750,  915, 1942, 1487
1843, 1751, 2732, 2672, 1478
1844, 2640, 1408, 1754, 2200
1845, 2806, 1756,  795, 2787
1846,  699, 2344, 2788, 1757
1847, 1758, 2104, 1948, 1524
1848,  872, 2106, 1409, 2316
1849, 1480, 2228, 2027, 1762
1850, 2631, 2027, 2711, 1801
1851,  753, 2315, 1979, 1763
1852, 1831, 1606, 1546, 1388
1853, 2839, 2402, 2809,  729
1854,  850, 1501, 1769, 2728
1855, 1101, 1093, 1770, 2660
1856, 1172, 1094, 1771, 2649
1857, 1959, 2832,  902, 2030
1858, 2023, 2237, 2826, 1964
1859,  837, 1774, 1385, 1946
1860, 2083, 2084, 1944, 2716
1861, 1273,  744, 2652, 1975
1862, 1945, 2085, 1767, 1502
1863, 1272,  668, 2653, 1974
1864, 1913, 1780,  811, 2130
1865, 2847, 1416,  801, 1973
1866,  805, 1892, 2741, 2815
1867, 1448,  752, 1783, 2105
1868, 2126, 1784, 2193,  839
1869, 1886, 2685, 2126, 2742
1870, 2127, 1785, 2197, 2452
1871, 1690, 1912, 2703, 2717
1872, 2061, 2150, 1691, 2635
1873, 1973,  801, 1432, 2462
1874, 2847, 2835, 2817, 1788
1875, 1429, 1680, 1790, 2701
1876, 1534, 1790,  892, 2566
1877, 1791, 2592, 2591, 1533
1878, 2708,  879, 2428, 1858
1879, 2466, 1951,  736, 2658
1880, 2022, 1594, 1865,  886
1881, 2335, 1916, 2484, 2168
1882, 1915, 2483, 2336, 2785
1883, 2164, 1799, 2146,  852
1884, 1800,  766, 2348, 2744
1885, 2134, 1802, 2076, 2239
1886, 2221, 2843, 2807, 2108
1887, 1940, 2074, 2797, 2258
1888, 1819, 1587, 2110, 2229
1889, 2570, 1963, 1805, 1280
1890, 2103, 2212, 1971,  695
1891, 2709, 2613, 2014, 2727
1892, 2271, 2319, 2025, 2792
1893,  721, 1419, 1809, 1998
1894, 1908,  714, 1672, 2054
1895,  812, 1669, 2055, 1909
1896,  908, 1660, 1812, 2585
1897, 2678, 2485, 2726, 2119
1898, 2579, 1814, 2616, 1562
1899, 1982, 1815, 2209, 2304
1900,  684, 2551, 1550, 1815
1901, 2036, 1816, 2171, 2264
1902,  660, 2058, 2001, 2081
1903, 1580, 1817, 2744,  660
1904, 2035,  697, 2169, 2196
1905, 2165, 1561, 1819, 2034
1906, 2682, 1820,  828, 2393
1907, 2288, 1279,  840, 2623
1908, 1981, 1826, 2387,  730
1909, 1995, 2392,  659, 2191
1910, 1829, 2205,  756, 1661
1911, 2687,  755, 2289, 1278
1912, 1830, 1856, 1983, 2315
1913,  753, 2692, 1830, 2315
1914, 2031, 1832, 2117, 1922
1915, 2681, 1946, 1283, 1832
1916, 2633, 2075,  782, 1569
1917, 1976, 2073,  688, 1961
1918, 2603, 1994, 2617, 2190
1919, 2191, 2710, 2759, 1995
1920,  684, 1815, 1982, 2669
1921, 2037, 1839, 2071, 2495
1922,  678, 2071, 1839, 1887
1923, 1840, 2214, 2702,  718
1924, 1842, 2217, 2707, 2099
1925, 1697, 1842, 2722, 2618
1926, 2680, 1843, 2174, 2774
1927, 2173,  698, 2523, 1844
1928, 1845, 1369, 1539, 2578
1929,  866, 2578, 1539, 1859
1930, 2084, 1846,  768, 1944
1931, 1847,  983, 1537,  767
1932, 1849, 1370, 1548, 2583
1933,  899, 2583, 1548, 1864
1934, 1007, 1540,  672, 1850
1935, 2085, 1851,  673, 1767
1936, 1853, 1954, 2046, 1564
1937, 1853,  656, 1915, 2211
1938, 1854, 1955, 2048, 1565
1939, 1854,  803, 1916, 2210
1940, 2154, 2012, 1855, 1667
1941, 1986, 1855, 2309, 2323
1942, 2155, 2011, 2700, 2257
1943, 2155, 2257, 1856, 1668
1944, 2683, 1428, 1677, 2686
1945, 2016, 1861,  851, 2149
1946, 1863, 1286, 1999, 1990
1947,  835, 2176, 1867, 2554
1948, 1987, 1907, 1261, 2556
1949, 1984,  742, 2153, 2268
1950, 1871, 1984, 2002, 2575
1951, 2675, 1549, 2008,  731
1952, 1360, 2535, 2582, 1876
1953,  847, 1905, 1877, 1257
1954, 2188, 1878, 2286, 2250
1955, 2041, 2052, 2188,  699
1956, 2189, 1879, 2287, 2249
1957, 2189, 2737, 2736, 2053
1958, 1881, 1391, 2474, 2729
1959, 2620, 1881, 2729, 2730
1960, 2742, 2309, 1855, 2012
1961, 2592, 1886,  858, 2591
1962, 1889, 2045, 2047, 1685
1963, 2011, 1890, 2127, 2700
1964, 1991, 2000, 2018, 2199
1965, 2200, 1891, 2018, 2235
1966, 1999, 2017, 2754, 1990
1967, 2017, 2202, 1892,  805
1968, 1996, 1364, 1660,  908
1969,  894, 2043, 1893, 2163
1970, 1893, 2043, 2049, 1686
1971, 2108, 2807, 2302, 1896
1972, 1925, 1897, 1399, 1775
1973, 2103,  695, 2301, 2775
1974,  772, 1906, 1899, 2175
1975, 2677, 1404,  773, 1692
1976, 1263, 1708, 2800, 2033
1977,  897, 2659, 1901, 2324
1978, 1723,  816, 2743, 1903
1979, 1722,  719, 2718, 1904
1980, 2260, 2145, 2693, 1905
1981, 2025, 2693, 2145, 2792
1982, 2080, 1906,  772, 2299
1983, 1173,  813, 1909, 2055
1984, 2362, 2676, 2140, 2369
1985, 2121, 1573, 2140, 2676
1986, 2134, 1910,  664, 2352
1987, 2183, 2715, 1911, 2278
1988, 2703, 2131, 2060, 2717
1989, 2703, 1912, 2733, 2704
1990, 1913, 2130, 2061, 2635
1991, 2211, 1915, 2785,  702
1992, 1915,  656, 1765, 2483
1993,  798, 2210, 1916, 2335
1994, 1916,  803, 1764, 2484
1995, 2172, 2261, 2051, 1919
1996, 1919, 2051,  692, 2593
1997, 2844, 2843, 1920, 2187
1998, 1921, 1653, 1633, 2209
1999, 2095, 2712, 1986, 2323
2000, 1926, 2711, 2027,  881
2001, 1998, 1809, 1678, 2643
2002, 2161,  867, 2274, 2522
2003,  867, 1813, 1930, 2274
2004,  874, 2023, 1931, 2525
2005, 2245, 2833, 2834, 2222
2006,  903, 2024, 1935, 2094
2007, 2280, 2585, 1936, 2418
2008, 1936,  918, 2091, 2747
2009, 2829, 2341, 2115, 2292
2010, 1405,  784, 1939, 2576
2011, 2050, 1939,  784, 2528
2012, 2783, 1940, 2258, 2721
2013, 2695, 1941,  733, 1434
2014, 1466,  744, 2083, 2716
2015, 1978, 1944,  768, 1343
2016, 1800, 2238, 2526,  766
2017, 1948,  886, 2425, 2516
2018, 2424, 1949, 2270,  851
2019, 1337, 1950, 1487, 1942
2020,  683, 2720, 1953, 2646
2021,  687, 1953, 2186, 2808
2022, 1719, 1954, 2282,  701
2023, 1718, 1955, 2283,  797
2024, 1956, 1709, 2102, 2825
2025, 1644, 1957, 2830, 2503
2026,  873, 2029, 2826, 2237
2027, 2410, 2776, 2391, 2373
2028,  704, 2827, 2409, 1962
2029, 1781, 1962,  708, 2641
2030, 2633, 1258, 1710, 2068
2031, 1451, 1719, 2066, 2459
2032, 2457, 2760, 2772, 2064
2033, 1965, 1504, 2040,  795
2034, 1773,  911, 1935, 2831
2035, 2619, 1966,  700, 2637
2036, 2807, 1967,  791, 2302
2037, 2581, 1897, 2482, 2545
2038, 1969, 1434, 2107, 2567
2039,  993, 1969, 2567,  735
2040,  822,  960, 1970, 2109
2041, 2261, 2102, 1971, 2212
2042, 1789, 1972, 2828,  704
2043, 2462, 2345,  800, 1973
2044, 1974, 2653, 2654, 2601
2045, 1975, 2652, 1496, 2627
2046,  687, 2808, 2480, 2069
2047, 2755, 2626,  769, 1734
2048, 1980, 2233, 2128, 1776
2049, 2111, 1981,  730, 2216
2050, 1735, 2310, 2181, 1658
2051, 1983, 2454, 2225, 2315
2052,  741, 2360, 2268, 2153
2053, 2002, 2152, 2368,  758
2054, 2360, 2294, 2350, 2340
2055, 2761, 2415,  833, 2204
2056, 1989, 2731, 2615, 1823
2057,  804, 2167, 2795, 2009
2058,  707, 2000, 1991, 2763
2059, 1797, 2763, 2010, 2166
2060,  917, 1494, 1992, 2582
2061, 2231, 1993,  882, 1489
2062, 2411, 2218, 2357, 2384
2063, 2355, 2215,  724, 2388
2064, 2644, 2605, 2346, 2343
2065, 1997,  867, 2161, 2252
2066, 2339, 2757, 2380,  862
2067, 2017, 2234,  808, 2202
2068, 2058,  660, 2744, 2348
2069, 2002,  758, 2021, 2575
2070,  878, 1918, 2003, 2489
2071, 2598, 1917, 2004, 2490
2072,  678, 1887, 2005, 2156
2073, 2167, 2201, 2240, 2795
2074, 2836, 2373,  799, 2804
2075, 2010, 2372,  703, 2166
2076, 2259, 2505,  771, 2203
2077,  766, 2013, 2505, 2348
2078, 2014, 2542, 2291,  696
2079,  696, 2192, 2727, 2014
2080, 2374, 2313,  852, 2796
2081,  805, 2815, 2754, 2017
2082,  708, 2018, 1891, 2641
2083, 2199, 2018,  708, 2241
2084, 2834, 2100, 1933, 2222
2085, 1803, 2794,  792, 2171
2086,  979, 2575, 2021, 2536
2087, 2147, 2022, 2148, 2243
2088,  874, 2334, 2237, 2023
2089, 2236, 2024,  903, 2513
2090, 2831, 2832, 1959, 1773
2091, 2025, 1808, 1698, 2693
2092, 2177, 2026,  853, 2267
2093, 2244, 2162, 2026, 2177
2094,  781, 2128, 2233, 2028
2095, 2029,  873, 2136, 2219
2096, 2031, 1048, 1055, 2114
2097, 2519, 2329, 2496, 2849
2098, 2753, 1525, 2479, 2520
2099,  702, 2035, 2196, 2327
2100, 2798, 2264, 2171,  792
2101,  682, 2185, 2037, 2495
2102, 2038, 2265, 2173, 1844
2103, 1843,  793, 2039, 2174
2104, 2053, 2736, 2625,  786
2105, 2343, 2784, 2179, 2644
2106, 2413, 2049, 2043, 2791
2107, 2045,  861, 2247, 2273
2108,  843, 2375, 1989, 2047
2109, 1988, 2049, 2413,  757
2110, 1629, 1938,  690, 1498
2111, 2594, 2172, 1919, 2593
2112, 2714, 2715, 2279,  896
2113, 2714,  896, 2032, 2324
2114, 2054, 1120, 1122, 2577
2115, 2056, 2080,  777, 2067
2116, 2677, 2056, 1693, 1404
2117,  789, 2599, 1920, 2057
2118, 2600, 2187, 1920, 2599
2119, 2348, 2505, 2259, 2058
2120, 2717, 2060, 2151, 2718
2121, 2262, 2182, 2713,  747
2122, 2140, 2062, 2347, 2369
2123,  792, 2108, 2141, 2195
2124, 2263, 2727, 2192,  701
2125,  696, 2775, 2143, 2192
2126,  778, 2067, 1958, 2568
2127, 2600, 1833, 2028, 2233
2128, 2646, 2069, 2751, 1711
2129, 2069, 2480, 2019, 2073
2130, 2013, 2070,  771, 2505
2131, 2851, 2829, 2071,  678
2132, 2072, 2750, 2277, 2186
2133, 1804, 2129, 2813, 2307
2134, 2797, 2307, 2813, 2258
2135, 2719, 2671,  912, 1616
2136, 2663, 2077,  912, 2671
2137,  772, 2175, 2203, 2820
2138,  771, 2471, 2820, 2203
2139, 2083,  744, 1777, 2084
2140, 1676, 2549, 2088, 2079
2141, 2610, 2079, 2088, 1927
2142, 2207, 2145, 2260, 1910
2143, 2260, 2461, 1737, 1910
2144, 1483, 1128, 1129, 2132
2145, 2090, 2132, 2572, 1621
2146, 2418, 1936, 2747, 2439
2147, 2133, 1490, 1152, 1153
2148, 1614, 2092,  916, 2559
2149, 2093, 1269, 2525, 1931
2150, 2094, 1275, 2434,  903
2151, 1535, 1922, 2712, 2095
2152, 2097,  813, 1174, 1407
2153, 1670, 1810, 2098, 2640
2154, 2722, 1842, 2099, 2218
2155, 2480, 2808, 2833, 2245
2156, 1687, 1933, 2100, 2354
2157,  718, 1242, 2311, 2101
2158, 2215, 2311, 2356,  724
2159, 2212, 2103, 2291, 1806
2160, 1948, 2104, 2303,  886
2161, 2229, 2110,  671, 2246
2162,  742, 1598, 2111, 2269
2163,  738, 1050, 2112, 2423
2164,  737, 1979, 2112, 1050
2165,  740, 2810, 2300, 2848
2166, 2256, 2810, 2290,  739
2167,  679, 2458, 2115, 2341
2168, 2208, 2276,  827, 2298
2169, 1610, 2116,  835, 2554
2170, 1922, 2117,  838, 2712
2171, 1832, 2031, 2114, 2681
2172, 2314, 2139, 2628, 2119
2173, 2813, 2129,  667, 2120
2174, 2144, 2121, 2676, 2362
2175,  764, 1348, 2121, 2144
2176, 2134, 2239, 2207, 1910
2177, 2721, 2120, 1567, 1802
2178, 2178, 2122,  686, 2750
2179, 2123,  672, 1637, 1290
2180, 2124,  767, 1636, 1291
2181, 2125,  842, 1529, 1298
2182, 2126,  839, 2309, 2742
2183,  781, 1958, 2468, 2128
2184, 1776, 2128, 2789, 1437
2185, 1264, 2137,  811, 2472
2186,  712, 1265, 2420, 2138
2187, 2284, 2243, 2135,  902
2188, 2281,  873, 2237, 2334
2189, 2149, 2254, 2146, 2016
2190,   12, 2138, 2420,  716
2191,  774, 1031, 2139, 2314
2192, 2195, 2141, 2064, 2772
2193, 2328, 2045, 2273, 2297
2194,  842, 2125, 2142, 2297
2195, 2143, 1898, 2066, 2803
2196,  763, 1684, 2248, 2144
2197, 2207, 2271, 2792, 2145
2198, 2260, 1905,  847, 2461
2199, 2147,  887, 2262, 1794
2200, 2148, 2022,  886, 2303
2201, 2243, 2148, 2160, 2135
2202, 2254, 2149, 2158, 2136
2203, 2718, 2151, 1786, 1904
2204, 2368, 2152,  757, 2413
2205, 2012, 2154, 2591,  858
2206, 2157,  861, 1663, 1888
2207, 2106,  872, 2158, 2270
2208, 2495, 2292, 2159,  682
2209, 1740,  681, 1206,  654
2210, 2380, 2757, 2252, 2161
2211, 2690, 2164, 2745, 2180
2212,  853, 2319, 2694, 2267
2213, 2166,  703, 2331, 2336
2214, 2201, 2167, 1990, 2754
2215, 2815, 1960, 2201, 2754
2216, 2836, 2840, 2168, 2009
2217, 2727, 2263, 2169, 2709
2218, 2379, 2346, 2605, 1996
2219, 2351, 2195, 2772,  797
2220, 2222,  691, 2518, 2245
2221,  691, 2261, 2172, 2518
2222, 2173, 2331, 2371,  698
2223, 2370, 2680, 2774, 2391
2224, 2259, 2203, 2175, 2768
2225, 2276,  835, 2116,  827
2226, 2281, 2254, 2136,  873
2227, 2354, 2801,  686, 1932
2228, 2178, 2750, 2185,  682
2229, 2342, 2183, 2278, 2395
2230, 2338, 2271, 2295, 2745
2231, 2749, 2076,  663, 2691
2232, 2317, 2182, 2262,  887
2233, 2397, 2780, 2317, 2382
2234, 2183, 2812, 2279, 2715
2235, 2845, 2277, 2801, 2253
2236, 2187, 2600, 2233,  788
2237, 2844, 2187,  788, 1967
2238, 2737, 2189, 2249, 2787
2239, 1313, 1541, 2603, 2190
2240, 2766,  840, 2622, 2255
2241,  798, 2266, 2194, 2326
2242, 2283, 2326, 2351,  797
2243, 2689,  755, 2256,  739
2244,  855, 2634, 2198, 2580
2245, 2241,  708, 1962, 2409
2246, 2201, 1960, 2817, 2240
2247, 2471, 2419,  776, 2299
2248, 2296, 2415, 2761, 2731
2249, 2204,  833, 2325, 2305
2250, 2721, 2258, 2813, 2120
2251, 2294, 2740, 2739, 2350
2252, 2824, 2300, 2206, 2113
2253, 2810, 2256, 2206, 2300
2254,  755, 2687, 2206, 2256
2255, 2326, 2194, 2036, 2264
2256, 2212, 1806, 2051, 2261
2257, 2307, 2213,  671, 1804
2258, 1722, 1904, 2702, 2214
2259,  730, 2387, 2838, 2306
2260, 2412, 2773, 2215, 2355
2261,  730, 2306, 2839, 2216
2262, 2358, 2216, 2839,  729
2263, 1723, 1903, 2707, 2217
2264, 2411, 2353, 2383, 2682
2265, 2220, 1104, 1188,  884
2266, 2794, 2221, 2108,  792
2267, 2673, 2224, 2247, 2339
2268, 2454, 2819, 2752, 2225
2269, 2423, 2112, 2225, 2752
2270,  722, 2735, 1928, 2639
2271, 1678, 2544, 2006, 2643
2272, 1540, 1851, 2226, 1822
2273, 1778, 2226, 1851, 2085
2274,  881, 2027, 2228, 2782
2275, 2293, 2246,  679, 2341
2276, 1992, 1494, 1154, 1155
2277, 2232, 2447, 2419, 2070
2278, 2539, 2234, 1286,  807
2279, 2531, 2235, 1285,  710
2280, 2382, 2317,  887, 2284
2281, 2236, 2818, 2832, 2024
2282, 2271, 2207, 2239, 2295
2283, 2786,  704, 2828, 2788
2284, 2376,  863, 2587, 2396
2285, 2525, 2244, 2514,  874
2286, 2245, 2518, 2019, 2480
2287, 2253, 2833, 2808, 2845
2288, 2246, 2293, 2251, 2229
2289, 2247,  842, 2297, 2273
2290, 2673, 2339,  862, 2349
2291, 2821, 2248, 1684,  765
2292, 2249, 2345, 2806, 2787
2293,  699, 2188, 2250, 2344
2294, 2321, 2286,  698, 2371
2295, 2156, 2034, 2251, 2184
2296, 2793, 2380, 2161, 2522
2297,  907, 2777, 2379, 2170
2298,  852, 2146, 2254, 2281
2299, 2257,  754, 1983, 1856
2300, 2263, 2327, 2196, 2169
2301, 2263,  701, 2282, 2327
2302, 2785, 2336, 2265,  702
2303, 2265, 2336, 2331, 2173
2304, 2266,  798, 2335, 2332
2305, 2694, 2319, 2271, 2338
2306, 2268, 2360, 2340, 2152
2307, 2216, 2358, 2269, 2111
2308, 1808, 2025, 2319,  853
2309,  748, 2347, 2272, 2816
2310, 2339, 2247,  861, 2757
2311, 2274, 1930, 2086, 2422
2312, 2277, 2750,  686, 2801
2313,  758, 2368, 2275, 2395
2314, 2364, 2777, 2389, 2381
2315,  902, 2832, 2818, 2284
2316, 2284, 2818, 2476, 2382
2317, 2468, 2285, 2789, 2128
2318, 2680, 2370,  794, 2524
2319, 2622,  840, 1279, 1659
2320, 2197, 2289,  755, 2689
2321, 2811, 2290, 2810,  740
2322, 2375, 2330,  834, 2296
2323, 2142, 2015,  834, 2330
2324,  757, 2350, 2739, 1988
2325, 2294, 2360, 2850, 2837
2326,  833, 2415, 2445, 2405
2327, 2384, 2400, 2353, 2411
2328, 2298, 2400, 2506, 2208
2329, 2300, 2824, 2399, 2848
2330, 2846, 2303, 2104,  901
2331, 2074, 2213, 2307, 2797
2332, 2213, 1724, 2318,  671
2333, 2323, 2309,  839, 2394
2334,  815, 2312, 2099, 2707
2335, 2313, 2745, 2164,  852
2336, 2454, 1983,  754, 2819
2337, 1724, 2458,  679, 2318
2338, 2391, 2776, 2320, 2370
2339, 2372, 2827, 2390,  703
2340, 2385, 2322, 2811,  740
2341, 2385,  728, 2407, 2416
2342, 2406,  832, 2325, 2386
2343, 2351, 2326, 2264, 2798
2344, 2756, 2329, 2519, 2456
2345, 2329, 2756,  896, 2279
2346, 2371, 2331,  703, 2390
2347, 2804, 2174, 2039, 2332
2348, 2334,  874, 2514, 2796
2349, 2796, 2177, 2267, 2374
2350, 2332, 2335, 2168, 2840
2351, 2816, 2272, 2377, 2337
2352, 2180, 2745, 2295, 2749
2353, 2694, 2338, 2745, 2313
2354, 2784, 2342, 2395, 2275
2355, 2183, 2342,  895, 2812
2356, 2342, 2784, 2343,  895
2357, 2828, 1972, 1757, 2788
2358, 2364, 2346, 2379, 2777
2359, 2343, 2346, 2364,  895
2360, 2369, 2347,  748, 2764
2361, 2366, 2349,  862, 2380
2362, 2363, 2376, 2349, 2366
2363, 2350,  757, 2152, 2340
2364,  827, 2116, 2588, 2589
2365, 2357, 2511, 1241, 2365
2366,  741, 2153, 2358, 2440
2367, 2445,  826, 2448, 2405
2368,  834, 2176, 2359, 2445
2369,  839, 2193, 2624, 2394
2370,  763, 2144, 2362, 2515
2371, 2401, 2504, 2363, 2802
2372, 2375, 2296, 2731, 1989
2373, 1736,  763, 2515, 2477
2374, 2373, 2836, 2009, 2795
2375, 2796,  852, 2281, 2334
2376, 1712, 2587, 2417, 1708
2377, 2349, 2376, 2242, 2673
2378, 2337, 2377,  888, 2449
2379, 2764, 2765, 2477, 2515
2380, 2337, 2378,  748, 2816
2381, 2381, 2329, 2279, 2812
2382, 2321, 2371, 2390, 2786
2383, 2776,  800, 2345, 2320
2384, 2408, 2397, 2382, 2476
2385, 2393, 2218, 2411, 2682
2386, 2769, 2299,  776, 2433
2387, 2399, 2837, 2850, 2403
2388, 2385, 2416, 2404, 2322
2389, 2773, 2412, 2392, 1995
2390, 2809, 2402, 2510,  723
2391,  907, 2414, 2389, 2777
2392, 2496, 2389, 2414, 2849
2393, 2372, 2241, 2409, 2827
2394,  799, 2373, 2391, 2774
2395, 2773, 1995,  725, 2101
2396, 2393, 2617, 2722, 2218
2397, 2517, 2767, 2822, 2521
2398,  888, 2377, 2780, 2397
2399, 1674, 2596, 2398, 2449
2400, 2205, 2740, 2399, 2824
2401, 1772,  826, 2506, 2400
2402, 2520, 2504, 2401,  869
2403, 2306, 2388, 2402, 2839
2404, 2403,  728, 2385,  740
2405,  825, 2405, 2448, 2421
2406, 2406,  824, 1445, 2481
2407, 2440,  728, 2403, 2850
2408,  888, 2397, 2408, 2438
2409,  728,  729, 1768, 2407
2410, 2827,  704, 2786, 2390
2411, 2240, 2817, 2835, 2410
2412, 2776, 2410, 2835,  800
2413, 2791, 2179, 2784, 2275
2414, 2464, 2442, 2439, 2747
2415, 2415, 2296,  834, 2445
2416, 2552,  825, 2443,  824
2417, 2417, 2479, 2800, 1708
2418, 2137, 1264, 1314,  809
2419, 2422, 2086, 2724, 2469
2420, 2564, 2427, 2697, 1760
2421, 2428,  879, 1761, 2562
2422, 2509, 2433,  780, 2486
2423, 2437, 2436, 2434, 2597
2424, 1674, 2438, 2437, 1292
2425, 2513, 2436, 2408, 2476
2426, 2464, 2661, 2451, 2442
2427, 2799, 2842, 2414,  907
2428, 2440, 2358,  729,  728
2429,   13,  174, 2441, 2502
2430, 2778,  920, 1643,  906
2431, 2463, 1739, 2770, 2771
2432, 2444,  738, 2423, 2752
2433,  826, 2445, 2359, 2506
2434, 2447, 2446,  776, 2419
2435, 2689,  739, 2770, 2444
2436, 2814, 2452, 2819,  754
2437, 2453,  364,  365, 1221
2438, 2819, 2452, 2444, 2752
2439, 2456, 2519, 2779, 1410
2440, 2760, 2457, 1449, 1718
2441, 2345, 2462, 1756, 2806
2442, 2439, 2442, 2842, 2799
2443, 2497, 2469, 2507, 2841
2444, 2469, 2497, 2758, 2422
2445, 1949, 2424, 2470, 2805
2446, 2820, 2471, 2299,  772
2447, 2612,  811, 1780, 1414
2448, 2704, 2733, 2730, 2729
2449, 2236, 2513, 2476, 2818
2450, 2478,  749, 2475, 1634
2451, 2479, 2417, 2504, 2520
2452, 2485,  658, 2435, 2726
2453,  700, 1234, 2487, 2637
2454, 2650, 2492,  885, 1220
2455,  884, 1188, 2651, 2724
2456, 2495, 2071, 2829, 2292
2457,  868, 2758, 2497, 2841
2458, 2500, 1475, 2498, 2516
2459, 2470, 2499,  850, 2728
2460, 2501,  211,   17, 2443
2461, 2013,  766, 2526, 1635
2462, 1642,  869, 2507, 2650
2463, 1738, 1063, 1066,  831
2464, 1246, 2510, 2367, 2512
2465, 1817, 1619, 1800, 2744
2466,  831, 2361, 2517, 1738
2467, 2518, 2172, 2594, 2019
2468, 2779, 2519, 2849,  906
2469, 2520,  869, 2762, 2753
2470,  868, 2793, 2522, 2758
2471, 2523,  698, 1681, 1294
2472, 2524,  794, 1682, 1295
2473,  784, 1405, 2527, 2528
2474, 2571, 1659, 1039, 2530
2475, 2537, 1003, 2586, 1259
2476, 2543, 1405, 2576,  786
2477, 2544, 1324,  735, 1646
2478, 2547, 1280, 1805, 1574
2479, 2549, 1334,  822, 1645
2480, 2552,  824, 2406, 2386
2481, 2557, 1300, 1564, 2046
2482, 2569, 1372, 1553,  779
2483, 1963, 2570, 1258, 2633
2484, 1122, 1088,  715, 2577
2485, 2578,  866, 2711, 1926
2486, 2688, 2584, 1661,  756
2487, 2550, 2584, 2688, 1827
2488, 2383, 2589, 1820, 2682
2489, 1870, 2604, 1419,  721
2490, 1210, 1419, 2604, 1696
2491, 2595, 2690, 2691, 1592
2492, 1640, 1277, 1975, 2627
2493, 1824, 2622, 1659, 2571
2494, 2604, 1881, 2620, 1696
2495, 1414, 1700, 2607, 2612
2496,  819, 2629, 2079, 2610
2497, 1572, 2613, 2709, 1818
2498, 2679, 2616, 1814, 2678
2499, 2617, 2393,  828, 2190
2500, 2193, 2288, 2623, 2624
2501,  840, 2766, 2624, 2623
2502, 2119, 2628, 2679, 2678
2503, 2679, 2569,  779, 2616
2504, 2629, 1985,  818, 2426
2505, 2054, 1672, 2638, 1120
2506, 2632, 2557, 2046,  706
2507, 2634, 1895, 1638, 2198
2508, 1120, 2638, 2639, 1085
2509, 2735,  722, 2643, 2006
2510, 2643,  722, 1907, 1998
2511, 2648,  836, 2063, 1624
2512, 1624, 1726, 2647, 2648
2513, 2601, 2654, 2665, 1472
2514,  736, 2065, 2657, 2658
2515, 2661,  919, 1218, 1224
2516, 2662,  919, 2747, 2091
2517, 1132, 2663, 2671, 2719
2518, 2664, 1192, 1080,  674
2519,  883, 2674, 2668, 1103
2520, 2674,  883, 1930, 2621
2521, 2669, 1837, 2608,  684
2522, 2697, 2427, 1857,  913
2523, 1549, 2675, 1872, 2710
2524, 1438, 1943, 2684, 2723
2525, 1395, 2685, 2686, 1677
2526, 1790, 1680, 2699,  892
2527, 2814, 2700, 2127, 2452
2528, 2700, 2814,  754, 2257
2529, 2131, 2703, 2704,  712
2530, 2706, 1289, 1662, 2705
2531, 2720, 2706, 2705, 2072
2532, 2563, 1749, 1481, 1612
2533, 1582, 1866, 2708, 1858
2534, 2759, 2710, 1872, 1836
2535, 2715, 2714, 1713, 1911
2536, 2716, 1944, 2626, 2755
2537, 2352, 2721, 1802, 2134
2538, 2180, 2749, 2691, 2690
2539, 2705, 2185, 2750, 2072
2540, 2670, 1505, 1469, 2667
2541, 1507, 1438, 2723, 2465
2542, 1728, 1943, 2609, 1970
2543, 2725, 2648, 2647, 1468
2544, 2725, 2734,  836, 2648
2545, 1527, 1759, 2728, 1769
2546, 1779, 2620, 2730, 2733
2547, 2615, 2731, 2761, 2204
2548, 2732, 2697,  913, 2672
2549, 2738, 1485,  914, 1760
2550, 2736, 2737, 2040, 2625
2551, 2040, 2737, 2787,  795
2552, 2738, 1760, 2697, 2732
2553, 2654, 2653,  668, 1945
2554, 2205, 1829, 2739, 2740
2555, 2741, 1503, 1742, 1782
2556, 1929, 1798, 1942,  915
2557, 2746, 2091,  918, 1701
2558, 2822, 2767, 2766, 2255
2559, 2624, 2766, 2767, 2394
2560, 2299, 2769,  777, 2080
2561, 2285, 2333, 2790, 2789
2562, 2771, 2770,  739, 2290
2563, 2804,  799, 2774, 2174
2564, 2418, 2439, 2799, 2280
2565, 2442, 2778,  906, 2842
2566, 2765, 2475,  749, 2477
2567, 2781, 2090, 1717, 2782
2568, 2823, 2793,  868, 2802
2569, 2366, 2380, 2793, 2823
2570, 2803,  701, 2192, 2143
2571, 2195, 2351, 2798,  792
2572, 2209, 1633,  685, 2304
2573, 2780, 2377, 2182, 2317
2574, 2800, 2479, 1525,  864
2575, 2802, 2363, 2366, 2823
2576, 2804, 2332, 2840, 2836
2577, 2845, 2808, 2186, 2277
2578, 2809,  723, 1768,  729
2579, 2822, 2255,  832, 2521
2580, 2843, 2221, 2057, 1920
2581, 2341, 2829, 2851, 2184
2582, 2106, 2270, 1949, 2805
2583, 2833, 2253, 2100, 2834
2584, 2156, 2184, 2851,  678
2585, 1967, 2807, 2843, 2844
2586, 2838, 2387, 2412, 2355
2587, 2847, 1973,  800, 2835
2588, 2403,  740, 2848, 2399
2589, 2881,  504,  505, 2860
2590,  516,   18,  517, 2882
2591, 2882,  517,  518, 2884
2592, 2883, 2882, 2884, 2887
2593, 2886, 2852,  513,  514
2594,  513, 2852, 2853,  512
2595,  512, 2853, 2854,  511
2596, 2862, 2869, 2872, 2863
2597, 2855,  510,  511, 2854
2598,  509, 2856, 2857,  508
2599,  508, 2857, 2858,  507
2600,  507, 2858, 2859,  506
2601,  506, 2859, 2860,  505
2602,   55,  525, 2870,  524
2603, 2871, 2880, 2869, 2879
2604, 2873, 2864, 2863, 2872
2605, 2852, 2887, 2864, 2873
2606, 2887, 2884,  518,  519
2607,  532,   11,  504, 2881
2608,  531,  532, 2881, 2885
2609, 2865, 2885, 2859, 2858
2610, 2866, 2865, 2858, 2877
2611, 2871, 2868, 2867, 2875
2612, 2862, 2861, 2879, 2869
2613,  524, 2870, 2861,  523
2614, 2864,  520,  521, 2863
2615, 2883, 2886,  514,  515
2616, 2862, 2863,  521,  522
2617,  523, 2861, 2862,  522
2618, 2866, 2867,  528,  529
2619,  510, 2855, 2856,  509
2620, 2865, 2866,  529,  530
2621, 2885, 2865,  530,  531
2622, 2885, 2881, 2860, 2859
2623, 2867, 2868,  527,  528
2624, 2876, 2869, 2880, 2874
2625, 2876, 2890, 2872, 2869
2626,  519,  520, 2864, 2887
2627, 2866, 2877, 2875, 2867
2628, 2856, 2874, 2878, 2857
2629, 2871, 2879, 2888, 2868
2630, 2888, 2879, 2861, 2870
2631,  526,  527, 2868, 2888
2632, 2890, 2876, 2855, 2854
2633, 2855, 2876, 2874, 2856
2634,  525,  526, 2888, 2870
2635, 2878, 2874, 2875, 2877
2636, 2873, 2889, 2853, 2852
2637, 2877, 2858, 2857, 2878
2638, 2874, 2880, 2871, 2875
2639, 2872, 2890, 2889, 2873
2640,  515,  516, 2882, 2883
2641, 2886, 2883, 2887, 2852
2642, 2854, 2853, 2889, 2890
2643, 2891,  379,  380,  381
2644,  382,  383, 2891,  381
2645,  378,  379, 2891,   37
2646, 2891,  383,  384,   37
2647, 2892,  385,  386,  387
2648,   38,  385, 2892,  391
2649,  390,  391, 2892,  389
2650, 2892,  387,  388,  389
2651,  398,   39, 2893,  397
2652,  392,  393, 2893,   39
2653,  396,  397, 2893,  395
2654,  394,  395, 2893,  393
2655,  399,  400, 2894,   40
2656,  405,   40, 2894,  404
2657,  401,  402, 2894,  400
2658, 2894,  402,  403,  404
2659,  406,  407, 2895,   41
2660,  412,   41, 2895,  411
2661,  408,  409, 2895,  407
2662, 2895,  409,  410,  411
2663, 2896,  414,  415,  416
2664, 2896,   42,  413,  414
2665, 2896,  418,  419,   42
2666,  417,  418, 2896,  416
2667, 2897,   43,  420,  421
2668, 2897,  421,  422,  423
2669,  424,  425, 2897,  423
2670, 2897,  425,  426,   43
2671, 2898,  433,   44,  427
2672,  428,  429, 2898,  427
2673, 2898,  429,  430,  431
2674,  432,  433, 2898,  431
2675, 2899,   45,  434,  435
2676,  440,   45, 2899,  439
2677, 2899,  435,  436,  437
2678,  438,  439, 2899,  437
2679,  441,  442, 2900,   46
2680,  447,   46, 2900,  446
2681,  443,  444, 2900,  442
2682, 2900,  444,  445,  446
2683, 2901,  449,  450,  451
2684,  454,   47, 2901,  453
2685, 2901,   47,  448,  449
2686, 2901,  451,  452,  453
2687, 2902,   48,  455,  456
2688, 2902,  460,  461,   48
2689,  457,  458, 2902,  456
2690, 2902,  458,  459,  460
2691, 2903,  464,  465,  466
2692, 2903,  462,  463,  464
2693,   49,  462, 2903,  468
2694,  467,  468, 2903,  466
2695, 2904,  470,  471,  472
2696, 2904,   50,  469,  470
2697,  473,  474, 2904,  472
2698,  475,   50, 2904,  474
2699, 2905,  476,  477,  478
2700,   51,  476, 2905,  482
2701, 2905,  480,  481,  482
2702, 2905,  478,  479,  480
2703,  483,  484, 2906,   52
2704,  485,  486, 2906,  484
2705, 2906,  488,  489,   52
2706,  487,  488, 2906,  486
2707, 2907,  491,  492,  493
2708, 2907,   53,  490,  491
2709,  494,  495, 2907,  493
2710, 2907,  495,  496,   53
2711, 2908,   54,  497,  498
2712,  503,   54, 2908,  502
2713,  499,  500, 2908,  498
2714, 2908,  500,  501,  502
2715, 3027, 2996, 3080, 2999
2716, 3000, 2974,   13,  173
2717, 2933, 2954,  523,  522
2718, 2954, 2966,  524,  523
2719,   78, 2947, 2958,   79
2720, 2950, 3000,  142,  141
2721,  133, 2931, 2955,  134
2722,  134, 2955, 2965,    9
2723,  106, 2971, 2935,  107
2724,   76,   75, 2913, 2917
2725, 3062, 3054, 3072, 3048
2726, 2914, 2912,   74,   73
2727,  140, 2952, 2950,  141
2728,  173,    7,  142, 3000
2729,  139, 2949, 2952,  140
2730, 3022, 3012, 2997, 3085
2731, 2934, 2996, 3001, 2956
2732,  137, 2937, 2936,  138
2733,  104,  103, 2956, 2930
2734, 3029, 2968, 3074, 3042
2735, 2930, 2967,  105,  104
2736, 2988, 2967, 2930, 3022
2737, 2942, 2939,  527,  526
2738,  129, 2940, 2941,  130
2739, 3079, 3040, 3056, 2951
2740,  128, 2923, 2940,  129
2741,  152, 3075, 2918,  153
2742,  153, 2918, 2919,  154
2743,  127, 2982, 2923,  128
2744,  127,    8,  155, 2982
2745, 2982,  155,  154, 2919
2746,  531,  530, 2951, 3056
2747,  532,  531, 3056, 3075
2748,   11,  532, 3075,  152
2749, 2924, 2962,  529,  528
2750, 3003, 2991, 3006, 3079
2751, 2991, 3023, 2927, 2941
2752, 2927,  131,  130, 2941
2753,  132, 2921, 2931,  133
2754, 3002, 3086, 3023, 2991
2755, 2955, 2987, 3048, 2965
2756, 3049, 3058, 3070, 2985
2757,   81, 2944, 2926,   82
2758,   17, 2973, 2945,  212
2759,   82, 2926, 2964,   83
2760, 3013, 2973,   17,  211
2761,   83, 2964, 3013,   84
2762, 3035, 2973, 3044, 3024
2763,  212, 2945,  517,   18
2764, 2945, 2925,  518,  517
2765,  211,    1,   84, 3013
2766, 2925, 2946,  519,  518
2767, 2932, 3007, 3005, 2922
2768, 2946, 2932,  520,  519
2769,  521,  520, 2932, 2922
2770, 2922, 2933,  522,  521
2771, 3017, 3005, 3007, 3004
2772, 2989, 2966, 2954, 3010
2773, 2983, 3038, 3076,    3
2774,  109, 2959, 2948,  110
2775, 2909, 2916,   70,   69
2776, 2909, 3032, 2976, 2916
2777,   15,  192, 3014, 2972
2778,  112, 2953, 3014,  113
2779,   69,   68, 2911, 2909
2780,  193, 2911,   68,    2
2781,  192,    4,  113, 3014
2782,  110, 2948, 2961,  111
2783, 2916, 2976, 2980, 2910
2784, 2910, 2915,   72,   71
2785,  108, 2960, 2959,  109
2786,  107, 2935, 2960,  108
2787, 2912, 2913,   75,   74
2788, 3046, 3019, 3037, 2979
2789, 2920, 2934,  102,  101
2790,  101,  100, 2963, 2920
2791, 2990, 2963, 2928, 3034
2792,   99,   98, 2929, 2928
2793,  174, 2929,   98,    5
2794, 3047, 3032, 2972, 3014
2795, 2916, 2910,   71,   70
2796,   15, 2972, 2911,  193
2797, 3009, 3028, 3037, 3019
2798, 3028, 3039, 3036, 3037
2799,   73,   72, 2915, 2914
2800, 2915, 2978, 2977, 2914
2801, 2961, 2994, 3026, 2953
2802, 3071, 3042, 3068, 3050
2803,    3,   76, 2917, 2983
2804, 3016, 2919, 2918, 3040
2805, 2962, 2924, 3018, 3003
2806,  138, 2936, 2949,  139
2807, 2998, 3015, 2942, 2943
2808, 2921,  132,  131, 2927
2809,   79, 2958, 2957,   80
2810,  528,  527, 2939, 2924
2811, 2944,   81,   80, 2957
2812,   13, 2974, 2929,  174
2813,  100,   99, 2928, 2963
2814,  136, 2938, 2937,  137
2815, 2943, 2942,  526,  525
2816, 3020, 3077, 2957, 2958
2817,  103,  102, 2934, 2956
2818, 2936, 2995, 3027, 2949
2819, 2971,  106,    6, 2986
2820, 2938,  136,  135, 2968
2821, 3012, 3022, 3001, 2995
2822, 2968,  135,    9, 3074
2823, 2938, 2968, 3029, 2997
2824, 3016, 3006, 2940, 2923
2825, 2941, 2940, 3006, 2991
2826, 3015, 3090, 3086, 3002
2827,  525,   55, 2969, 2943
2828, 2943, 2969, 3030, 2998
2829, 3005, 3017, 3077, 2993
2830, 3007, 3025, 3081, 3004
2831, 3081, 3025, 3035, 3024
2832, 2947,   78,   77, 2970
2833,   77,    3, 3076, 2970
2834, 2990, 3034, 2999, 3080
2835, 2962, 2951,  530,  529
2836, 2990, 3080, 2920, 2963
2837, 2953,  112,  111, 2961
2838, 3020, 3010, 2993, 3077
2839, 3011, 2992, 3087, 3088
2840, 3008, 3020, 2958, 2947
2841, 2947, 2970, 3031, 3008
2842, 2960, 3009, 3019, 2959
2843, 3028, 3009, 2960, 2935
2844, 3002, 3018, 2924, 2939
2845, 3082, 3024, 2926, 2944
2846, 2969, 3043, 3069, 3030
2847, 3038, 3031, 2970, 3076
2848,   55,  524, 2966, 2985
2849, 3060, 3064, 3059, 3052
2850,    6,  105, 2967, 3073
2851, 2965, 2984, 3074,    9
2852, 2986,    6, 3073, 3061
2853, 2913, 2975, 2981, 2917
2854, 3024, 3044, 2964, 2926
2855, 2999, 3041, 2950, 2952
2856, 3033, 3047, 3026, 2994
2857, 2975, 2913, 2912, 2979
2858, 2979, 2912, 2914, 2977
2859, 3032, 2909, 2911, 2972
2860, 2978, 2915, 2910, 2980
2861, 2976, 3033, 3045, 2980
2862, 2994, 3092, 3045, 3033
2863, 2971, 3039, 3028, 2935
2864, 2982, 2919, 3016, 2923
2865, 2917, 2981, 3052, 2983
2866, 3062, 3069, 3043, 3054
2867, 3048, 2987, 3069, 3062
2868, 2969,   55, 2985, 3043
2869, 3031, 3049, 2989, 3008
2870, 3071, 3050, 2988, 3083
2871, 2955, 2931, 3011, 2987
2872, 3022, 2930, 2956, 3001
2873, 3010, 2954, 2933, 2993
2874, 3034, 2928, 2929, 2974
2875, 2931, 2921, 2992, 3011
2876, 2921, 2927, 3023, 2992
2877, 2993, 2933, 2922, 3005
2878, 2994, 2961, 2948, 3021
2879, 3021, 2948, 2959, 3019
2880, 2937, 3012, 2995, 2936
2881, 2996, 2934, 2920, 3080
2882, 2997, 3012, 2937, 2938
2883, 3041, 2999, 3034, 2974
2884, 2952, 2949, 3027, 2999
2885, 2950, 3041, 2974, 3000
2886, 2995, 3001, 2996, 3027
2887, 3015, 3002, 2939, 2942
2888, 3006, 3016, 3040, 3079
2889, 2951, 2962, 3003, 3079
2890, 3082, 2944, 2957, 3077
2891, 2932, 2946, 3025, 3007
2892, 3025, 2946, 2925, 3035
2893, 3008, 2989, 3010, 3020
2894, 2964, 3044, 2973, 3013
2895, 2953, 3026, 3047, 3014
2896, 3090, 3091, 3087, 3086
2897, 3017, 3004, 3082, 3077
2898, 3018, 3002, 2991, 3003
2899, 3019, 3046, 3057, 3021
2900, 3035, 2925, 2945, 2973
2901, 3033, 2976, 3032, 3047
2902, 2971, 2986, 3053, 3039
2903, 2981, 2975, 3036, 3063
2904, 3071, 3083, 3029, 3042
2905, 2987, 3089, 3030, 3069
2906, 3037, 3036, 2975, 2979
2907, 3057, 3046, 2979, 2977
2908, 2983, 3052, 3059, 3051
2909, 3051, 3058, 3038, 2983
2910, 3063, 3036, 3039, 3060
2911, 3056, 3040, 2918, 3075
2912, 3070, 3058, 3051, 3066
2913, 3067, 3066, 3065, 3084
2914, 2984, 2965, 3048, 3072
2915, 3049, 2985, 2966, 2989
2916, 3061, 3073, 3050, 3068
2917, 2967, 2988, 3050, 3073
2918, 3052, 2981, 3063, 3060
2919, 3084, 3055, 3078, 3067
2920, 3054, 3043, 2985, 3070
2921, 2984, 3055, 3042, 3074
2922, 3057, 2977, 2978, 3092
2923, 2978, 2980, 3045, 3092
2924, 3038, 3058, 3049, 3031
2925, 3066, 3051, 3059, 3064
2926, 3060, 3039, 3053, 3064
2927, 3053, 2986, 3061, 3065
2928, 3055, 3084, 3068, 3042
2929, 3067, 3078, 3072, 3054
2930, 3070, 3066, 3067, 3054
2931, 3085, 3083, 2988, 3022
2932, 3055, 2984, 3072, 3078
2933, 3004, 3081, 3024, 3082
2934, 3029, 3083, 3085, 2997
2935, 3084, 3065, 3061, 3068
2936, 2992, 3023, 3086, 3087
2937, 3091, 3089, 3088, 3087
2938, 3088, 3089, 2987, 3011
2939, 2998, 3030, 3089, 3091
2940, 2998, 3091, 3090, 3015
2941, 3092, 2994, 3021, 3057
2942, 3065, 3066, 3064, 3053