0.1 2.11815e-17
0.2 1.68841e-17
0.3 1.64623e-17
0.4 -1.27042e-16
0.5 -1.30535e-16
0.6 1.34119e-16
0.7 8.67636e-17
0.8 3.71377e-16
0.9 2.81556e-17
1 -1.57331e-16
0.02 0.000949444
0.04 0.00736272
0.06 0.0270986
0.08 0.06381
0.1 0.109444
0.12 0.148076
0.14 0.168702
0.16 0.172804
0.18 0.168217
0.2 0.156832
0.22 0.131486
0.24 0.0876318
0.26 0.0373813
0.28 0.00738915
0.3 0.0178317
0.32 0.062141
0.34 0.109515
0.36 0.129583
0.38 0.116065
0.4 0.0886702
0.42 0.0744477
0.44 0.0865264
0.46 0.115688
0.48 0.136716
0.5 0.122709
0.52 0.0615432
0.54 -0.0300577
0.56 -0.107052
0.58 -0.122212
0.6 -0.0606491
0.62 0.0521301
0.64 0.176786
0.66 0.290655
0.68 0.389332
0.7 0.46443
0.72 0.490744
0.74 0.43975
0.76 0.303759
0.78 0.104717
0.8 -0.120566
0.82 -0.341871
0.84 -0.541536
0.86 -0.680855
0.88 -0.699437
0.9 -0.600226
0.92 -0.478248
0.94 -0.437424
0.96 -0.482425
0.98 -0.492898
1 -0.346705
1.02 -0.0719584
1.04 0.148203
1.06 0.13016
1.08 -0.144703
1.1 -0.510399
1.12 -0.760644
1.14 -0.798103
1.16 -0.664749
1.18 -0.49682
1.2 -0.393594
1.22 -0.266083
1.24 0.0789403
1.26 0.621627
1.28 1.05121
1.3 1.08463
1.32 0.755054
1.34 0.372722
1.36 0.22854
1.38 0.267811
1.4 0.146128
1.42 -0.312727
1.44 -0.880816
1.46 -1.28792
1.48 -1.43221
1.5 -1.43663
1.52 -1.49091
1.54 -1.76072
1.56 -2.34529
1.58 -3.29396
1.6 -4.58962
1.62 -6.11404
1.64 -7.6757
1.66 -8.92343
1.68 -9.25556
1.7 -8.44912
1.72 -7.02118
1.74 -5.56064
1.76 -4.38016
1.78 -3.40317
1.8 -2.39239
1.82 -1.04604
1.84 0.794599
1.86 3.24674
1.88 6.41965
1.9 10.1643
1.92 14.196
1.94 18.2525
1.96 21.9072
1.98 24.6675
2 26.1136
2.02 25.8314
2.04 24.0349
2.06 21.3112
2.08 18.3582
2.1 15.2811
2.12 12.1121
2.14 8.77919
2.16 5.11573
2.18 1.00977
2.2 -3.63353
2.22 -8.79137
2.24 -14.1867
2.26 -19.4323
2.28 -24.0594
2.3 -27.5789
2.32 -29.584
2.34 -29.8888
2.36 -28.861
2.38 -27.2923
2.4 -26.0386
2.42 -25.4679
2.44 -25.2948
2.46 -25.0269
2.48 -24.3385
2.5 -23.0929
2.52 -21.1314
2.54 -18.3749
2.56 -14.8889
2.58 -10.8301
2.6 -6.41146
2.62 -1.9015
2.64 2.43895
2.66 6.45909
2.68 10.0325
2.7 13.099
2.72 15.7173
2.74 17.9586
2.76 19.8996
2.78 21.6308
2.8 23.2138
2.82 24.6088
2.84 25.7565
2.86 26.5876
2.88 26.9009
2.9 26.5361
2.92 25.5995
2.94 24.4795
2.96 23.6056
2.98 23.1869
3 23.0747
3.02 22.9404
3.04 22.5049
3.06 21.5221
3.08 19.7562
3.1 17.1445
3.12 13.7977
3.14 9.88352
3.16 5.64913
3.18 1.46369
3.2 -2.39902
3.22 -5.74881
3.24 -8.38605
3.26 -10.2689
3.28 -11.4947
3.3 -12.195
3.32 -12.577
3.34 -12.9588
3.36 -13.5702
3.38 -14.493
3.4 -15.7278
3.42 -16.9078
3.44 -17.3775
3.46 -16.8814
3.48 -15.8264
3.5 -14.7884
3.52 -14.1655
3.54 -13.9879
3.56 -13.9029
3.58 -13.5107
3.6 -12.5489
3.62 -10.7761
3.64 -8.05858
3.66 -4.51585
3.68 -0.414762
3.7 3.95835
3.72 8.14541
3.74 11.6588
3.76 14.1954
3.78 15.481
3.8 15.3931
3.82 14.4112
3.84 13.3912
3.86 12.9517
3.88 13.1346
3.9 13.3959
3.92 13.1828
3.94 12.3869
3.96 11.1823
3.98 9.58481
4 7.5805
4.02 5.33818
4.04 2.9821
4.06 0.601022
4.08 -1.52634
4.1 -3.22022
4.12 -4.43868
4.14 -5.05062
4.16 -5.03443
4.18 -4.68577
4.2 -4.35988
4.22 -4.32477
4.24 -4.72565
4.26 -5.39247
4.28 -5.99091
4.3 -6.47634
4.32 -6.93035
4.34 -7.35116
4.36 -7.81681
4.38 -8.42768
4.4 -9.01724
4.42 -9.2104
4.44 -8.7842
4.46 -7.85121
4.48 -6.92848
4.5 -6.50637
4.52 -6.56151
4.54 -6.64841
4.56 -6.38972
4.58 -5.46446
4.6 -3.5907
4.62 -0.725399
4.64 2.94464
4.66 7.13324
4.68 11.2101
4.7 14.2449
4.72 15.4918
4.74 14.924
4.76 13.4291
4.78 12.0478
4.8 11.3308
4.82 10.9858
4.84 10.736
4.86 10.3663
4.88 9.65359
4.9 8.46149
4.92 6.76543
4.94 4.69516
4.96 2.51632
4.98 0.675359
5 -0.196813
5.02 0.248385
5.04 1.55715
5.06 3.00445
5.08 4.00934
5.1 4.4054
5.12 4.29058
5.14 3.9983
5.16 3.83857
5.18 4.00127
5.2 4.49181
5.22 5.16077
5.24 5.80414
5.26 6.41739
5.28 6.95121
5.3 7.21703
5.32 7.13622
5.34 6.83664
5.36 6.52851
5.38 6.39546
5.4 6.40427
5.42 6.28722
5.44 5.92862
5.46 5.55756
5.48 5.38304
5.5 5.42313
5.52 5.57049
5.54 5.60299
5.56 5.36699
5.58 4.90021
5.6 4.28921
5.62 3.49719
5.64 2.50468
5.66 1.32197
5.68 -0.103152
5.7 -1.74022
5.72 -3.48245
5.74 -5.24016
5.76 -6.88034
5.78 -8.20761
5.8 -9.09478
5.82 -9.46943
5.84 -9.25491
5.86 -8.59882
5.88 -7.84364
5.9 -7.26004
5.92 -7.01801
5.94 -7.13747
5.96 -7.36293
5.98 -7.3958
6 -7.18686
6.02 -6.82404
6.04 -6.39024
6.06 -6.03471
6.08 -5.8246
6.1 -5.74223
6.12 -5.83744
6.14 -6.11447
6.16 -6.38585
6.18 -6.51326
6.2 -6.55646
6.22 -6.58027
6.24 -6.66845
6.26 -6.86196
6.28 -6.96193
6.3 -6.75456
6.32 -6.30858
6.34 -5.84754
6.36 -5.49264
6.38 -5.35134
6.4 -5.41006
6.42 -5.50837
6.44 -5.57478
6.46 -5.61913
6.48 -5.64786
6.5 -5.73716
6.52 -5.93595
6.54 -6.07487
6.56 -5.99113
6.58 -5.7839
6.6 -5.58672
6.62 -5.49604
6.64 -5.59582
6.66 -5.77119
6.68 -5.81964
6.7 -5.75064
6.72 -5.70718
6.74 -5.73696
6.76 -5.86393
6.78 -6.02746
6.8 -6.03966
6.82 -5.91506
6.84 -5.86269
6.86 -5.98673
6.88 -6.26288
6.9 -6.5875
6.92 -6.70294
6.94 -6.43194
6.96 -5.96385
6.98 -5.56746
7 -5.36841
7.02 -5.39485
7.04 -5.51414
7.06 -5.52317
7.08 -5.39827
7.1 -5.23136
7.12 -5.04905
7.14 -4.99302
7.16 -5.24678
7.18 -5.70971
7.2 -6.12872
7.22 -6.30201
7.24 -6.11816
7.26 -5.70648
7.28 -5.39826
7.3 -5.29814
7.32 -5.22042
7.34 -5.08673
7.36 -4.91297
7.38 -4.7459
7.4 -4.79418
7.42 -5.14099
7.44 -5.57599
7.46 -5.87947
7.48 -6.01129
7.5 -5.94253
7.52 -5.76741
7.54 -5.68969
7.56 -5.6634
7.58 -5.52044
7.6 -5.23897
7.62 -4.87616
7.64 -4.53849
7.66 -4.48523
7.68 -4.78547
7.7 -5.22365
7.72 -5.62939
7.74 -5.89186
7.76 -5.88875
7.78 -5.71052
7.8 -5.58925
7.82 -5.59961
7.84 -5.67028
7.86 -5.65044
7.88 -5.2646
7.9 -4.54332
7.92 -3.84189
7.94 -3.39889
7.96 -3.18637
7.98 -3.21092
8 -3.35871
8.02 -3.42095
8.04 -3.35992
8.06 -3.23895
8.08 -3.05854
8.1 -2.95459
8.12 -3.03082
8.14 -3.20164
8.16 -3.39008
8.18 -3.56763
8.2 -3.64481
8.22 -3.61103
8.24 -3.61132
8.26 -3.62935
8.28 -3.5758
8.3 -3.5104
8.32 -3.46461
8.34 -3.4549
8.36 -3.58295
8.38 -3.84655
8.4 -4.0566
8.42 -4.14841
8.44 -4.16682
8.46 -4.07336
8.48 -3.94637
8.5 -3.87976
8.52 -3.77503
8.54 -3.52767
8.56 -3.15673
8.58 -2.65817
8.6 -2.05162
8.62 -1.45979
8.64 -0.840667
8.66 -0.0752266
8.68 0.785137
8.7 1.69703
8.72 2.68456
8.74 3.6407
8.76 4.35925
8.78 4.71372
8.8 4.5492
8.82 3.88584
8.84 3.16844
8.86 2.82876
8.88 2.94578
8.9 3.35854
8.92 3.69077
8.94 3.53229
8.96 2.91707
8.98 2.17813
9 1.47431
9.02 0.862389
9.04 0.444087
9.06 0.194928
9.08 0.188764
9.1 0.60402
9.12 1.36114
9.14 2.03338
9.16 2.27916
9.18 1.99109
9.2 1.42051
9.22 1.13395
9.24 1.30485
9.26 1.41941
9.28 1.05983
9.3 0.402135
9.32 -0.27605
9.34 -0.710862
9.36 -0.724957
9.38 -0.471135
9.4 -0.0760708
9.42 0.514387
9.44 1.10327
9.46 1.3303
9.48 1.17105
9.5 0.862146
9.52 0.613227
9.54 0.62341
9.56 0.678213
9.58 0.323047
9.6 -0.296553
9.62 -0.675127
9.64 -0.596708
9.66 -0.157654
9.68 0.330604
9.7 0.391541
9.72 -0.0229937
9.74 -0.289707
9.76 0.0144383
9.78 0.742603
9.8 1.44625
9.82 1.56204
9.84 0.932998
9.86 0.0967871
9.88 -0.36752
9.9 -0.407314
9.92 -0.138211
9.94 0.19823
9.96 0.184887
9.98 -0.157352
10 -0.374962
10.02 -0.157533
10.04 0.465945
10.06 1.16815
10.08 1.38453
10.1 0.935447
10.12 0.378233
10.14 0.200656
10.16 0.430496
10.18 0.836225
10.2 0.985037
10.22 0.639135
10.24 0.177793
10.26 0.118953
10.28 0.382559
10.3 0.569864
10.32 0.364294
10.34 -0.310768
10.36 -1.15765
10.38 -1.69929
10.4 -1.76414
10.42 -1.38793
10.44 -0.649495
10.46 0.0917117
10.48 0.393393
10.5 0.22204
10.52 -0.145299
10.54 -0.401305
10.56 -0.269043
10.58 0.158109
10.6 0.332767
10.62 -0.0839723
10.64 -0.796018
10.66 -1.31601
10.68 -1.26595
10.7 -0.676832
10.72 -0.119402
10.74 -0.0162135
10.76 -0.151444
10.78 -0.134086
10.8 0.0878964
10.82 0.427253
10.84 0.723866
10.86 0.68819
10.88 0.361755
10.9 -0.0730755
10.92 -0.465263
10.94 -0.649717
10.96 -0.567291
10.98 -0.429286
11 -0.437727
11.02 -0.533889
11.04 -0.692352
11.06 -0.851011
11.08 -0.793875
11.1 -0.496847
11.12 -0.112963
11.14 0.264824
11.16 0.533405
11.18 0.526848
11.2 0.322371
11.22 0.11349
11.24 -0.0917377
11.26 -0.214734
11.28 -0.176506
11.3 -0.0930921
11.32 -0.0334008
11.34 0.0830289
11.36 0.224389
11.38 0.293239
11.4 0.365551
11.42 0.421109
11.44 0.387797
11.46 0.376807
11.48 0.425591
11.5 0.451672
11.52 0.474827
11.54 0.536752
11.56 0.511958
11.58 0.372513
11.6 0.18864
11.62 -0.135913
11.64 -0.574315
11.66 -0.903647
11.68 -0.993467
11.7 -0.871059
11.72 -0.650401
11.74 -0.59686
11.76 -0.913847
11.78 -1.39602
11.8 -1.87438
11.82 -2.39596
11.84 -2.9678
11.86 -3.64005
11.88 -4.57532
11.9 -5.78842
11.92 -7.14309
11.94 -8.56656
11.96 -9.72267
11.98 -9.94673
12 -9.15306
12.02 -7.94223
12.04 -6.86617
12.06 -6.30815
12.08 -6.26513
12.1 -6.36373
12.12 -6.24996
12.14 -5.82164
12.16 -4.84339
12.18 -3.09278
12.2 -0.731055
12.22 2.10636
12.24 5.32873
12.26 8.5279
12.28 11.2957
12.3 13.4801
12.32 14.7711
12.34 14.8697
12.36 14.0943
12.38 12.9885
12.4 11.8161
12.42 10.8175
12.44 10.0447
12.46 9.29145
12.48 8.51437
12.5 7.82552
12.52 7.03415
12.54 6.03726
12.56 5.00443
12.58 3.87826
12.6 2.57287
12.62 1.33259
12.64 0.250318
12.66 -0.747429
12.68 -1.43091
12.7 -1.64658
12.72 -1.54511
12.74 -1.15931
12.76 -0.604378
12.78 -0.262439
12.8 -0.171531
12.82 -0.0965058
12.84 -0.109451
12.86 -0.22045
12.88 -0.230322
12.9 -0.304658
12.92 -0.687754
12.94 -1.19566
12.96 -1.59653
12.98 -1.78885
13 -1.57982
13.02 -1.15227
13.04 -1.00948
13.06 -1.20353
13.08 -1.43387
13.1 -1.55779
13.12 -1.43802
13.14 -1.107
13.16 -1.00884
13.18 -1.26667
13.2 -1.40002
13.22 -1.13703
13.24 -0.547492
13.26 0.171639
13.28 0.576945
13.3 0.339525
13.32 -0.131797
13.34 -0.37118
13.36 -0.323898
13.38 -0.0635427
13.4 0.1348
13.42 -0.153666
13.44 -0.776223
13.46 -1.16357
13.48 -1.1109
13.5 -0.700563
13.52 -0.0912935
13.54 0.276032
13.56 0.187794
13.58 0.00708503
13.6 -0.0524557
13.62 -0.0304473
13.64 0.136268
13.66 0.285144
13.68 0.0872906
13.7 -0.317994
13.72 -0.591775
13.74 -0.738498
13.76 -0.772293
13.78 -0.717581
13.8 -0.824625
13.82 -1.07671
13.84 -1.17396
13.86 -1.10533
13.88 -0.939911
13.9 -0.492176
13.92 0.146928
13.94 0.587859
13.96 0.736194
13.98 0.593339
14 0.24857
14.02 0.101371
14.04 0.329571
14.06 0.508085
14.08 0.330242
14.1 -0.0882961
14.12 -0.558238
14.14 -0.68524
14.16 -0.217595
14.18 0.338331
14.2 0.384614
14.22 -0.074824
14.24 -0.774634
14.26 -1.35041
14.28 -1.30954
14.3 -0.764015
14.32 -0.386182
14.34 -0.477896
14.36 -0.955835
14.38 -1.6386
14.4 -2.06152
14.42 -1.88644
14.44 -1.44867
14.46 -1.12198
14.48 -0.941681
14.5 -0.931716
14.52 -0.935193
14.54 -0.668823
14.56 -0.335924
14.58 -0.298742
14.6 -0.471825
14.62 -0.673815
14.64 -0.859881
14.66 -0.78901
14.68 -0.455332
14.7 -0.318122
14.72 -0.522307
14.74 -0.877229
14.76 -1.28831
14.78 -1.55782
14.8 -1.51687
14.82 -1.44621
14.84 -1.53988
14.86 -1.51068
14.88 -1.23776
14.9 -0.808525
14.92 -0.261895
14.94 0.103348
14.96 -0.068121
14.98 -0.527956
15 -0.865917
15.02 -1.0401
15.04 -1.059
15.06 -1.05311
15.08 -1.35418
15.1 -1.80565
15.12 -1.96576
15.14 -1.81983
15.16 -1.56255
15.18 -1.21463
15.2 -0.91745
15.22 -0.739465
15.24 -0.46089
15.26 -0.209665
15.28 -0.281288
15.3 -0.505081
15.32 -0.636544
15.34 -0.676918
15.36 -0.569063
15.38 -0.382037
15.4 -0.517824
15.42 -0.987076
15.44 -1.37411
15.46 -1.54511
15.48 -1.51377
15.5 -1.31525
15.52 -1.24002
15.54 -1.46044
15.56 -1.67095
15.58 -1.66188
15.6 -1.52753
15.62 -1.26421
15.64 -1.03862
15.66 -1.07331
15.68 -1.07767
15.7 -0.723806
15.72 -0.242066
15.74 0.0535833
15.76 0.0837663
15.78 -0.241215
15.8 -0.664729
15.82 -0.708959
15.84 -0.4685
15.86 -0.328272
15.88 -0.410835
15.9 -0.745821
15.92 -1.20999
15.94 -1.367
15.96 -1.13295
15.98 -0.931643
16 -0.885633
16.02 -0.881487
16.04 -0.874003
16.06 -0.66498
16.08 -0.236978
16.1 -0.0707214
16.12 -0.446656
16.14 -1.06649
16.16 -1.65031
16.18 -1.93553
16.2 -1.64191
16.22 -1.06003
16.24 -0.673935
16.26 -0.47772
16.28 -0.328998
16.3 -0.275108
16.32 -0.218902
16.34 -0.153146
16.36 -0.373079
16.38 -0.837738
16.4 -1.28802
16.42 -1.668
16.44 -1.7923
16.46 -1.49084
16.48 -1.11427
16.5 -1.04352
16.52 -1.12054
16.54 -1.11549
16.56 -0.865958
16.58 -0.255624
16.6 0.360065
16.62 0.4562
16.64 0.121218
16.66 -0.275829
16.68 -0.54832
16.7 -0.52231
16.72 -0.271972
16.74 -0.294522
16.76 -0.680603
16.78 -1.00816
16.8 -1.0444
16.82 -0.779152
16.84 -0.307516
16.86 -0.0406098
16.88 -0.257515
16.9 -0.611588
16.92 -0.824805
16.94 -0.985079
16.96 -1.07521
16.98 -1.11297
17 -1.23929
17.02 -1.33978
17.04 -1.23872
17.06 -1.06985
17.08 -0.829852
17.1 -0.38939
17.12 -0.000495687
17.14 0.129596
17.16 0.0807769
17.18 -0.137637
17.2 -0.418875
17.22 -0.422405
17.24 -0.159708
17.26 0.000768284
17.28 0.00708202
17.3 -0.0929803
17.32 -0.323811
17.34 -0.451542
17.36 -0.378405
17.38 -0.391744
17.4 -0.566818
17.42 -0.665566
17.44 -0.656912
17.46 -0.521116
17.48 -0.169814
17.5 0.112581
17.52 0.0973339
17.54 -0.0361621
17.56 -0.167449
17.58 -0.27588
17.6 -0.183731
17.62 0.0264516
17.64 -0.0477621
17.66 -0.411836
17.68 -0.862593
17.7 -1.35161
17.72 -1.63795
17.74 -1.50161
17.76 -1.2272
17.78 -1.12675
17.8 -1.19181
17.82 -1.40832
17.84 -1.5482
17.86 -1.17607
17.88 -0.453608
17.9 0.0608897
17.92 0.146224
17.94 -0.172036
17.96 -0.713337
17.98 -0.963624
18 -0.690191
18.02 -0.384828
18.04 -0.443096
18.06 -0.836271
18.08 -1.36346
18.1 -1.54871
18.12 -1.0838
18.14 -0.413189
18.16 -0.151636
18.18 -0.320002
18.2 -0.662063
18.22 -0.858399
18.24 -0.573633
18.26 -0.0471446
18.28 0.129541
18.3 -0.159549
18.32 -0.633617
18.34 -1.03212
18.36 -1.07239
18.38 -0.781346
18.4 -0.707994
18.42 -1.04125
18.44 -1.39874
18.46 -1.50298
18.48 -1.24551
18.5 -0.705707
18.52 -0.369435
18.54 -0.577501
18.56 -0.954217
18.58 -1.07969
18.6 -0.923236
18.62 -0.545909
18.64 -0.271751
18.66 -0.448448
18.68 -0.814693
18.7 -0.87817
18.72 -0.606634
18.74 -0.176613
18.76 0.210441
18.78 0.163545
18.8 -0.296042
18.82 -0.649455
18.84 -0.690689
18.86 -0.583992
18.88 -0.507467
18.9 -0.69689
18.92 -1.17094
18.94 -1.38439
18.96 -0.999132
18.98 -0.35112
19 0.174432
19.02 0.295896
19.04 -0.114478
19.06 -0.654665
19.08 -0.799598
19.1 -0.671055
19.12 -0.682283
19.14 -0.945737
19.16 -1.43219
19.18 -1.84904
19.2 -1.66855
19.22 -0.958613
19.24 -0.247598
19.26 0.155789
19.28 0.126403
19.3 -0.349669
19.32 -0.776703
19.34 -0.706284
19.36 -0.400395
19.38 -0.290665
19.4 -0.607543
19.42 -1.34546
19.44 -2.00224
19.46 -1.92002
19.48 -1.23434
19.5 -0.573334
19.52 -0.277722
19.54 -0.454376
19.56 -0.875816
19.58 -0.984625
19.6 -0.718798
19.62 -0.596129
19.64 -0.850156
19.66 -1.28098
19.68 -1.62711
19.7 -1.48985
19.72 -0.787824
19.74 -0.141693
19.76 0.0189532
19.78 -0.159674
19.8 -0.480791
19.82 -0.697836
19.84 -0.486282
19.86 -0.0536709
19.88 0.0697372
19.9 -0.20651
19.92 -0.738649
19.94 -1.3039
19.96 -1.4688
19.98 -1.18773
20 -0.937593
20.02 -0.950438
20.04 -1.12101
20.06 -1.42569
20.08 -1.63179
20.1 -1.45636
20.12 -1.15205
20.14 -1.0409
20.16 -1.11186
20.18 -1.31879
20.2 -1.47566
20.22 -1.16725
20.24 -0.446308
20.26 0.166387
20.28 0.499039
20.3 0.487802
20.32 0.122472
20.34 -0.216772
20.36 -0.21912
20.38 -0.202487
20.4 -0.489802
20.42 -0.953605
20.44 -1.41145
20.46 -1.5907
20.48 -1.24662
20.5 -0.760638
20.52 -0.557973
20.54 -0.512894
20.56 -0.421524
20.58 -0.269778
20.6 -0.0216232
20.62 0.0779894
20.64 -0.372237
20.66 -1.1018
20.68 -1.55397
20.7 -1.57525
20.72 -1.17371
20.74 -0.529791
20.76 -0.0732832
20.78 0.0840022
20.8 0.197554
20.82 0.231982
20.84 0.1474
20.86 0.205706
20.88 0.341162
20.9 0.254466
20.92 -0.0916574
20.94 -0.658304
20.96 -1.31922
20.98 -1.56442
21 -1.15987
21.02 -0.630231
21.04 -0.41892
21.06 -0.596067
21.08 -1.05918
21.1 -1.31156
21.12 -0.933155
21.14 -0.330155
21.16 -0.179973
21.18 -0.537461
21.2 -1.09895
21.22 -1.40556
21.24 -0.996259
21.26 -0.181319
21.28 0.260665
21.3 0.152581
21.32 -0.156527
21.34 -0.387975
21.36 -0.258561
21.38 0.256797
21.4 0.653254
21.42 0.600546
21.44 0.258094
21.46 -0.233174
21.48 -0.609253
21.5 -0.600126
21.52 -0.44901
21.54 -0.536916
21.56 -0.725379
21.58 -0.813342
21.6 -0.737789
21.62 -0.311025
21.64 0.326241
21.66 0.715733
21.68 0.737032
21.7 0.554835
21.72 0.246571
21.74 0.0810148
21.76 0.321375
21.78 0.646934
21.8 0.683524
21.82 0.436887
21.84 -0.0408821
21.86 -0.580101
21.88 -0.835667
21.9 -0.780852
21.92 -0.681321
21.94 -0.588161
21.96 -0.593142
21.98 -0.86484
22 -1.15093
22.02 -1.1651
22.04 -0.998115
22.06 -0.703018
22.08 -0.228945
22.1 0.21509
22.12 0.456153
22.14 0.531801
22.16 0.347595
22.18 -0.00218474
22.2 -0.164237
22.22 -0.195225
22.24 -0.43048
22.26 -0.819171
22.28 -1.11775
22.3 -1.23438
22.32 -1.00565
22.34 -0.514327
22.36 -0.202447
22.38 -0.136166
22.4 -0.055327
22.42 0.0844202
22.44 0.255278
22.46 0.456771
22.48 0.423863
22.5 0.0405926
22.52 -0.333547
22.54 -0.521045
22.56 -0.571234
22.58 -0.424971
22.6 -0.201399
22.62 -0.117863
22.64 -0.03899
22.66 0.172249
22.68 0.272031
22.7 0.162939
22.72 -0.0995596
22.74 -0.595144
22.76 -1.11776
22.78 -1.28213
22.8 -1.09603
22.82 -0.805948
22.84 -0.550693
22.86 -0.541509
22.88 -0.747925
22.9 -0.636474
22.92 -0.0452374
22.94 0.576462
22.96 0.899512
22.98 0.777368
23 0.267197
23.02 -0.143136
23.04 0.00155183
23.06 0.440519
23.08 0.723732
23.1 0.639131
23.12 0.10325
23.14 -0.512619
23.16 -0.653132
23.18 -0.41645
23.2 -0.278201
23.22 -0.342723
23.24 -0.563259
23.26 -0.819289
23.28 -0.695936
23.3 -0.160505
23.32 0.298501
23.34 0.470893
23.36 0.464585
23.38 0.332691
23.4 0.26317
23.42 0.454296
23.44 0.637807
23.46 0.551237
23.48 0.270237
23.5 -0.198086
23.52 -0.710586
23.54 -0.89162
23.56 -0.721058
23.58 -0.497627
23.6 -0.296539
23.62 -0.160739
23.64 -0.179234
23.66 -0.0913939
23.68 0.229015
23.7 0.451763
23.72 0.436284
23.74 0.313066
23.76 0.0865066
23.78 -0.141791
23.8 -0.182868
23.82 -0.276243
23.84 -0.609464
23.86 -0.871579
23.88 -0.905025
23.9 -0.773554
23.92 -0.40904
23.94 0.0761267
23.96 0.388436
23.98 0.563356
24 0.661004
24.02 0.505602
24.04 0.249803
24.06 0.136588
24.08 0.0280335
24.1 -0.124606
24.12 -0.149774
24.14 -0.0929893
24.16 -0.010316
24.18 0.219265
24.2 0.37286
24.22 0.14649
24.24 -0.310873
24.26 -0.811508
24.28 -1.23825
24.3 -1.27264
24.32 -0.903001
24.34 -0.574565
24.36 -0.401138
24.38 -0.11617
24.4 0.24261
24.42 0.538125
24.44 0.717626
24.46 0.599502
24.48 0.26013
24.5 0.100053
24.52 0.115191
24.54 -0.0262297
24.56 -0.351036
24.58 -0.787516
24.6 -1.19149
24.62 -1.17951
24.64 -0.765354
24.66 -0.471143
24.68 -0.545104
24.7 -0.869723
24.72 -1.34281
24.74 -1.69906
24.76 -1.60034
24.78 -1.2366
24.8 -0.80872
24.82 -0.300854
24.84 0.0686225
24.86 0.0549195
24.88 -0.140441
24.9 -0.275662
24.92 -0.296732
24.94 -0.0300786
24.96 0.46174
24.98 0.811449
25 0.973601
25.02 1.03477
25.04 0.805495
25.06 0.291129
25.08 -0.239539
25.1 -0.660296
25.12 -0.787165
25.14 -0.446604
25.16 -0.0428223
25.18 -0.0572568
25.2 -0.41755
25.22 -0.87117
25.24 -1.23921
25.26 -1.19028
25.28 -0.727314
25.3 -0.24186
25.32 0.148119
25.34 0.477946
25.36 0.536341
25.38 0.380251
25.4 0.318584
25.42 0.366815
25.44 0.460575
25.46 0.592196
25.48 0.390244
25.5 -0.361959
25.52 -1.1392
25.54 -1.4884
25.56 -1.35463
25.58 -0.878347
25.6 -0.505436
25.62 -0.752214
25.64 -1.42422
25.66 -2.10051
25.68 -2.71906
25.7 -3.18757
25.72 -3.34042
25.74 -3.30139
25.76 -2.96755
25.78 -2.16464
25.8 -1.36318
25.82 -1.09454
25.84 -1.29607
25.86 -1.71282
25.88 -2.05472
25.9 -1.89051
25.92 -1.41558
25.94 -1.27297
25.96 -1.58111
25.98 -2.0434
26 -2.40175
26.02 -2.37738
26.04 -2.08803
26.06 -2.13184
26.08 -2.58439
26.1 -2.9994
26.12 -3.23004
26.14 -3.21801
26.16 -2.92087
26.18 -2.68852
26.2 -2.8166
26.22 -2.949
26.24 -2.69527
26.26 -2.07438
26.28 -1.29949
26.3 -0.733995
26.32 -0.743817
26.34 -0.996674
26.36 -1.0195
26.38 -0.780564
26.4 -0.219402
26.42 0.825695
26.44 2.14714
26.46 3.54408
26.48 4.99773
26.5 6.06444
26.52 6.18834
26.54 5.54521
26.56 4.62984
26.58 3.89381
26.6 3.8831
26.62 4.52283
26.64 5.06145
26.66 5.05895
26.68 4.61227
26.7 3.93334
26.72 3.4228
26.74 3.53551
26.76 3.93478
26.78 4.14538
26.8 4.11322
26.82 3.78234
26.84 3.22602
26.86 2.89158
26.88 2.96796
26.9 3.18801
26.92 3.51068
26.94 3.89119
26.96 4.02288
26.98 4.01108
27 4.10993
27.02 4.11723
27.04 3.90459
27.06 3.61244
27.08 3.22017
27.1 2.7852
27.12 2.69621
27.14 2.92701
27.16 3.14948
27.18 3.39397
27.2 3.61854
27.22 3.69997
27.24 3.85614
27.26 4.17941
27.28 4.3184
27.3 4.18053
27.32 3.96001
27.34 3.59847
27.36 3.24524
27.38 3.17237
27.4 3.18445
27.42 3.111
27.44 3.15107
27.46 3.33501
27.48 3.5345
27.5 3.86767
27.52 4.17951
27.54 4.11786
27.56 3.86402
27.58 3.65922
27.6 3.45302
27.62 3.32842
27.64 3.34371
27.66 3.23667
27.68 3.04442
27.7 3.13901
27.72 3.44666
27.74 3.79561
27.76 4.17879
27.78 4.33232
27.8 4.11797
27.82 3.85835
27.84 3.68396
27.86 3.37146
27.88 3.01289
27.9 2.75973
27.92 2.52711
27.94 2.49413
27.96 2.70597
27.98 2.83329
28 2.82394
28.02 2.97148
28.04 3.2563
28.06 3.57053
28.08 3.95064
28.1 4.05701
28.12 3.68546
28.14 3.21342
28.16 2.85586
28.18 2.54994
28.2 2.42047
28.22 2.50709
28.24 2.53748
28.26 2.5949
28.28 2.86412
28.3 3.15386
28.32 3.44417
28.34 3.76051
28.36 3.79645
28.38 3.48566
28.4 3.1836
28.42 2.96569
28.44 2.74665
28.46 2.69053
28.48 2.66641
28.5 2.49672
28.52 2.48139
28.54 2.76765
28.56 3.12802
28.58 3.49714
28.6 3.82419
28.62 3.80647
28.64 3.54773
28.66 3.41672
28.68 3.37016
28.7 3.37358
28.72 3.46282
28.74 3.365
28.76 2.98204
28.78 2.70045
28.8 2.64113
28.82 2.59364
28.84 2.62293
28.86 2.65915
28.88 2.51076
28.9 2.42191
28.92 2.60117
28.94 2.86141
28.96 3.14068
28.98 3.48016
29 3.61773
29.02 3.5609
29.04 3.59406
29.06 3.59602
29.08 3.47339
29.1 3.38814
29.12 3.2488
29.14 2.94078
29.16 2.76845
29.18 2.85351
29.2 2.96008
29.22 3.14081
29.24 3.36044
29.26 3.34956
29.28 3.23332
29.3 3.22465
29.32 3.15574
29.34 2.97312
29.36 2.86546
29.38 2.71015
29.4 2.49779
29.42 2.52432
29.44 2.67916
29.46 2.76284
29.48 2.92418
29.5 3.16818
29.52 3.32094
29.54 3.51207
29.56 3.74679
29.58 3.69221
29.6 3.43755
29.62 3.21318
29.64 2.94123
29.66 2.72504
29.68 2.73279
29.7 2.75011
29.72 2.67121
29.74 2.77322
29.76 3.01731
29.78 3.24631
29.8 3.57105
29.82 3.80095
29.84 3.68281
29.86 3.43197
29.88 3.22971
29.9 2.94637
29.92 2.68349
29.94 2.56446
29.96 2.38808
29.98 2.24377
30 2.34022
30.02 2.47633
30.04 2.60006
30.06 2.8879
30.08 3.19657
30.1 3.33491
30.12 3.48383
30.14 3.58298
30.16 3.4445
30.18 3.32336
30.2 3.33596
30.22 3.30501
30.24 3.27964
30.26 3.29355
30.28 3.10876
30.3 2.81571
30.32 2.69701
30.34 2.59577
30.36 2.45829
30.38 2.44868
30.4 2.431
30.42 2.34803
30.44 2.448
30.46 2.68399
30.48 2.80982
30.5 2.96076
30.52 3.15925
30.54 3.22525
30.56 3.33854
30.58 3.55763
30.6 3.59663
30.62 3.46244
30.64 3.35254
30.66 3.15382
30.68 2.89194
30.7 2.79753
30.72 2.69486
30.74 2.49485
30.76 2.45058
30.78 2.53036
30.8 2.5922
30.82 2.77639
30.84 3.03747
30.86 3.11003
30.88 3.13663
30.9 3.21883
30.92 3.12789
30.94 2.94378
30.96 2.80647
30.98 2.56728
31 2.29898
31.02 2.27042
31.04 2.34835
31.06 2.39325
31.08 2.56644
31.1 2.73197
31.12 2.78075
31.14 2.97099
31.16 3.29187
31.18 3.49281
31.2 3.61567
31.22 3.66797
31.24 3.45946
31.26 3.21722
31.28 3.16493
31.3 3.03682
31.32 2.77543
31.34 2.56035
31.36 2.3652
31.38 2.27996
31.4 2.55181
31.42 2.95182
31.44 3.14435
31.46 3.2662
31.48 3.3355
31.5 3.27789
31.52 3.28614
31.54 3.30027
31.56 3.00272
31.58 2.51433
31.6 2.14098
31.62 1.82659
31.64 1.69325
31.66 1.88399
31.68 2.11023
31.7 2.27629
31.72 2.57073
31.74 2.88242
31.76 3.04528
31.78 3.18007
31.8 3.18306
31.82 2.90014
31.84 2.65439
31.86 2.53559
31.88 2.29612
31.9 2.01955
31.92 1.84772
31.94 1.69678
31.96 1.69725
31.98 1.99342
32 2.23842
32.02 2.30478
32.04 2.44046
32.06 2.56931
32.08 2.62076
32.1 2.73473
32.12 2.75707
32.14 2.49801
32.16 2.26277
32.18 2.22382
32.2 2.19415
32.22 2.26109
32.24 2.40433
32.26 2.36439
32.28 2.28705
32.3 2.41726
32.32 2.55989
32.34 2.58241
32.36 2.60412
32.38 2.46718
32.4 2.20098
32.42 2.1798
32.44 2.32959
32.46 2.40033
32.48 2.46893
32.5 2.52274
32.52 2.43687
32.54 2.45924
32.56 2.67903
32.58 2.73929
32.6 2.64171
32.62 2.54392
32.64 2.35567
32.66 2.21069
32.68 2.31178
32.7 2.4036
32.72 2.29521
32.74 2.23301
32.76 2.2153
32.78 2.1796
32.8 2.33419
32.82 2.53147
32.84 2.4903
32.86 2.39476
32.88 2.43199
32.9 2.46548
32.92 2.56752
32.94 2.76889
32.96 2.72815
32.98 2.50243
33 2.3988
33.02 2.34092
33.04 2.27518
33.06 2.32192
33.08 2.30677
33.1 2.1168
33.12 2.10194
33.14 2.29987
33.16 2.46496
33.18 2.65576
33.2 2.79435
33.22 2.68678
33.24 2.5597
33.26 2.63236
33.28 2.65642
33.3 2.56182
33.32 2.4815
33.34 2.25882
33.36 2.0064
33.38 2.03767
33.4 2.19022
33.42 2.24024
33.44 2.32044
33.46 2.42098
33.48 2.44244
33.5 2.63445
33.52 2.94462
33.54 3.00812
33.56 2.9105
33.58 2.80667
33.6 2.6102
33.62 2.4451
33.64 2.44702
33.66 2.32907
33.68 2.04575
33.7 1.92548
33.72 1.92784
33.74 1.99779
33.76 2.26325
33.78 2.51097
33.8 2.52862
33.82 2.57219
33.84 2.756
33.86 2.85373
33.88 2.92444
33.9 2.94622
33.92 2.68157
33.94 2.35747
33.96 2.26808
33.98 2.25578
34 2.22444
34.02 2.2785
34.04 2.25209
34.06 2.1563
34.08 2.34223
34.1 2.68288
34.12 2.886
34.14 3.00589
34.16 2.99705
34.18 2.77298
34.2 2.62194
34.22 2.65867
34.24 2.54757
34.26 2.29952
34.28 2.08465
34.3 1.81945
34.32 1.67866
34.34 1.86298
34.36 2.09439
34.38 2.17631
34.4 2.31692
34.42 2.4951
34.44 2.63258
34.46 2.92837
34.48 3.19705
34.5 3.1287
34.52 2.91122
34.54 2.72964
34.56 2.51171
34.58 2.39338
34.6 2.4398
34.62 2.32531
34.64 2.10562
34.66 2.08539
34.68 2.16289
34.7 2.28374
34.72 2.52094
34.74 2.63165
34.76 2.47398
34.78 2.37468
34.8 2.39328
34.82 2.32591
34.84 2.28915
34.86 2.2357
34.88 2.00207
34.9 1.86338
34.92 2.0378
34.94 2.28791
34.96 2.52453
34.98 2.8212
35 2.95127
35.02 2.94042
35.04 3.02974
35.06 3.05613
35.08 2.9219
35.1 2.82044
35.12 2.6744
35.14 2.31625
35.16 2.00983
35.18 1.86651
35.2 1.72806
35.22 1.78149
35.24 2.03981
35.26 2.1732
35.28 2.22378
35.3 2.41147
35.32 2.60898
35.34 2.7701
35.36 3.00752
35.38 3.04799
35.4 2.8082
35.42 2.63588
35.44 2.55337
35.46 2.43717
35.48 2.39973
35.5 2.3632
35.52 2.13039
35.54 1.97978
35.56 2.11229
35.58 2.27804
35.6 2.46466
35.62 2.68194
35.64 2.69567
35.66 2.6032
35.68 2.68898
35.7 2.78751
35.72 2.71012
35.74 2.61034
35.76 2.4007
35.78 2.06443
35.8 1.94877
35.82 2.03551
35.84 2.0597
35.86 2.10401
35.88 2.24784
35.9 2.34032
35.92 2.53689
35.94 2.92417
35.96 3.12238
35.98 3.07124
36 2.9699
36.02 2.75426
36.04 2.47696
36.06 2.35896
36.08 2.23021
36.1 1.91498
36.12 1.72557
36.14 1.74558
36.16 1.84418
36.18 2.14156
36.2 2.51532
36.22 2.65623
36.24 2.69414
36.26 2.84128
36.28 2.9074
36.3 2.87398
36.32 2.83488
36.34 2.55205
36.36 2.10788
36.38 1.87371
36.4 1.81316
36.42 1.79859
36.44 1.95228
36.46 2.1378
36.48 2.1542
36.5 2.28519
36.52 2.59372
36.54 2.79866
36.56 2.92089
36.58 2.96017
36.6 2.74275
36.62 2.45824
36.64 2.39508
36.66 2.34818
36.68 2.21541
36.7 2.17452
36.72 2.11042
36.74 2.05901
36.76 2.30139
36.78 2.69186
36.8 2.91765
36.82 3.06088
36.84 3.1281
36.86 2.95454
36.88 2.81695
36.9 2.87138
36.92 2.84222
36.94 2.70937
36.96 2.55544
36.98 2.26428
37 1.99227
37.02 2.05372
37.04 2.23415
37.06 2.3064
37.08 2.41993
37.1 2.49429
37.12 2.49686
37.14 2.67861
37.16 2.93577
37.18 2.92201
37.2 2.72964
37.22 2.52798
37.24 2.24077
37.26 2.08726
37.28 2.16947
37.3 2.14916
37.32 2.01193
37.34 2.01434
37.36 2.1137
37.38 2.27249
37.4 2.61005
37.42 2.84213
37.44 2.73908
37.46 2.60578
37.48 2.52996
37.5 2.40168
37.52 2.34485
37.54 2.30581
37.56 2.05107
37.58 1.80603
37.6 1.86852
37.62 2.04877
37.64 2.29297
37.66 2.61697
37.68 2.73443
37.7 2.67082
37.72 2.74207
37.74 2.8604
37.76 2.80215
37.78 2.67565
37.8 2.41973
37.82 1.97848
37.84 1.74659
37.86 1.82018
37.88 1.92592
37.9 2.0535
37.92 2.21009
37.94 2.21761
37.96 2.25805
37.98 2.59022
38 2.90417
38.02 3.00104
38.04 2.99024
38.06 2.78491
38.08 2.47234
38.1 2.379
38.12 2.40167
38.14 2.22771
38.16 2.00574
38.18 1.85233
38.2 1.71876
38.22 1.86399
38.24 2.27758
38.26 2.55732
38.28 2.66709
38.3 2.80795
38.32 2.89711
38.34 2.95308
38.36 3.09936
38.38 3.02096
38.4 2.60988
38.42 2.22805
38.44 1.96908
38.46 1.79
38.48 1.84499
38.5 2.03
38.52 2.03925
38.54 2.03847
38.56 2.19907
38.58 2.35639
38.6 2.58686
38.62 2.88027
38.64 2.90184
38.66 2.67219
38.68 2.52063
38.7 2.4205
38.72 2.31411
38.74 2.35627
38.76 2.3382
38.78 2.14443
38.8 2.12109
38.82 2.33065
38.84 2.55548
38.86 2.80614
38.88 3.00855
38.9 2.91675
38.92 2.75822
38.94 2.78538
38.96 2.75753
38.98 2.62584
39 2.49232
39.02 2.23012
39.04 1.94314
39.06 1.96718
39.08 2.16398
39.1 2.25368
39.12 2.36275
39.14 2.44799
39.16 2.43437
39.18 2.58918
39.2 2.87408
39.22 2.92755
39.24 2.76873
39.26 2.58252
39.28 2.30074
39.3 2.10493
39.32 2.17521
39.34 2.18802
39.36 2.057
39.38 2.04043
39.4 2.12902
39.42 2.27341
39.44 2.60505
39.46 2.89729
39.48 2.84753
39.5 2.71512
39.52 2.64723
39.54 2.51942
39.56 2.44824
39.58 2.41161
39.6 2.15204
39.62 1.82209
39.64 1.76212
39.66 1.84729
39.68 2.00332
39.7 2.30949
39.72 2.49961
39.74 2.52742
39.76 2.70214
39.78 2.97408
39.8 3.08889
39.82 3.10575
39.84 2.98152
39.86 2.58162
39.88 2.2491
39.9 2.15835
39.92 2.04793
39.94 1.92486
39.96 1.90162
39.98 1.85556
40 1.88921
40.02 2.24101
40.04 2.63152
40.06 2.82253
40.08 2.96742
40.1 2.98698
40.12 2.84796
40.14 2.80155
40.16 2.77785
40.18 2.49898
40.2 2.13959
40.22 1.90495
40.24 1.7059
40.26 1.72308
40.28 2.00864
40.3 2.20606
40.32 2.29117
40.34 2.49424
40.36 2.7247
40.38 2.90574
40.4 3.15496
40.42 3.21994
40.44 2.93766
40.46 2.65389
40.48 2.45886
40.5 2.23723
40.52 2.11705
40.54 2.07224
40.56 1.89199
40.58 1.79673
40.6 2.02492
40.62 2.31854
40.64 2.59979
40.66 2.89585
40.68 2.96074
40.7 2.84082
40.72 2.83917
40.74 2.84811
40.76 2.66278
40.78 2.45317
40.8 2.20595
40.82 1.87865
40.84 1.8172
40.86 2.04099
40.88 2.23315
40.9 2.40492
40.92 2.63571
40.94 2.76656
40.96 2.89746
40.98 3.15172
41 3.19473
41.02 2.98933
41.04 2.82774
41.06 2.65743
41.08 2.42332
41.1 2.29086
41.12 2.14869
41.14 1.84807
41.16 1.71019
41.18 1.83577
41.2 1.9926
41.22 2.24416
41.24 2.54644
41.26 2.65064
41.28 2.68839
41.3 2.87545
41.32 2.98578
41.34 2.92055
41.36 2.83738
41.38 2.58742
41.4 2.21686
41.42 2.06102
41.44 2.03901
41.46 1.95015
41.48 1.93789
41.5 2.02039
41.52 2.05243
41.54 2.25031
41.56 2.63121
41.58 2.82974
41.6 2.86702
41.62 2.87659
41.64 2.73923
41.66 2.55037
41.68 2.51052
41.7 2.39438
41.72 2.09931
41.74 1.92813
41.76 1.86486
41.78 1.84691
41.8 2.0546
41.82 2.33505
41.84 2.41774
41.86 2.47343
41.88 2.63278
41.9 2.69566
41.92 2.74002
41.94 2.80965
41.96 2.62834
41.98 2.31767
42 2.17612
42.02 2.10882
42.04 2.05126
42.06 2.1443
42.08 2.21675
42.1 2.16147
42.12 2.28922
42.14 2.55315
42.16 2.70005
42.18 2.80821
42.2 2.84225
42.22 2.64141
42.24 2.43207
42.26 2.40677
42.28 2.30682
42.3 2.13286
42.32 2.05726
42.34 1.94221
42.36 1.88556
42.38 2.12566
42.4 2.44898
42.42 2.61528
42.44 2.76986
42.46 2.8772
42.48 2.82513
42.5 2.86506
42.52 2.94474
42.54 2.7757
42.56 2.50501
42.58 2.31284
42.6 2.11141
42.62 2.02007
42.64 2.16569
42.66 2.2364
42.68 2.18981
42.7 2.29504
42.72 2.44984
42.74 2.58263
42.76 2.81108
42.78 2.93844
42.8 2.76837
42.82 2.58235
42.84 2.49731
42.86 2.33726
42.88 2.24268
42.9 2.21744
42.92 2.04482
42.94 1.91843
42.96 2.07351
42.98 2.30896
43 2.51714
43.02 2.78567
43.04 2.88683
43.06 2.80466
43.08 2.85283
43.1 2.91623
43.12 2.79146
43.14 2.61004
43.16 2.37499
43.18 2.00677
43.2 1.80859
43.22 1.89229
43.24 1.94918
43.26 2.0187
43.28 2.20149
43.3 2.3291
43.32 2.49042
43.34 2.83233
43.36 3.0686
43.38 3.02858
43.4 2.94302
43.42 2.77519
43.44 2.49729
43.46 2.37184
43.48 2.29229
43.5 2.04542
43.52 1.84947
43.54 1.85721
43.56 1.92449
43.58 2.14627
43.6 2.53475
43.62 2.73002
43.64 2.77218
43.66 2.88979
43.68 2.94055
43.7 2.88048
43.72 2.84173
43.74 2.65702
43.76 2.25741
43.78 2.01246
43.8 1.96024
43.82 1.92165
43.84 2.02681
43.86 2.20533
43.88 2.25727
43.9 2.37773
43.92 2.70396
43.94 2.94686
43.96 3.04791
43.98 3.10978
44 2.93628
44.02 2.636
44.04 2.50558
44.06 2.39419
44.08 2.16042
44.1 1.99345
44.12 1.8872
44.14 1.77168
44.16 1.92366
44.18 2.28611
44.2 2.51166
44.22 2.67304
44.24 2.8344
44.26 2.84516
44.28 2.82592
44.3 2.89999
44.32 2.77998
44.34 2.43981
44.36 2.18101
44.38 1.95257
44.4 1.77713
44.42 1.86258
44.44 2.02591
44.46 2.05366
44.48 2.15058
44.5 2.37618
44.52 2.54429
44.54 2.77473
44.56 3.00892
44.58 2.92992
44.6 2.69194
44.62 2.53606
44.64 2.3535
44.66 2.16922
44.68 2.12721
44.7 2.01994
44.72 1.83063
44.74 1.89819
44.76 2.13353
44.78 2.34873
44.8 2.63057
44.82 2.845
44.84 2.81691
44.86 2.79169
44.88 2.87722
44.9 2.79956
44.92 2.61904
44.94 2.44744
44.96 2.13811
44.98 1.88562
45 1.9358
45.02 2.07163
45.04 2.14493
45.06 2.31534
45.08 2.47782
45.1 2.56306
45.12 2.82052
45.14 3.09286
45.16 3.09235
45.18 2.9691
45.2 2.81613
45.22 2.54576
45.24 2.35327
45.26 2.33619
45.28 2.18891
45.3 1.97546
45.32 1.95492
45.34 2.01449
45.36 2.16681
45.38 2.51571
45.4 2.78811
45.42 2.80808
45.44 2.84286
45.46 2.90406
45.48 2.83099
45.5 2.78505
45.52 2.68602
45.54 2.33803
45.56 2.00708
45.58 1.91052
45.6 1.87972
45.62 1.92227
45.64 2.11906
45.66 2.21163
45.68 2.2502
45.7 2.50216
45.72 2.76794
45.74 2.87283
45.76 2.92615
45.78 2.83887
45.8 2.54458
45.82 2.36795
45.84 2.34166
45.86 2.19406
45.88 2.05658
45.9 2.01199
45.92 1.93673
45.94 2.01199
45.96 2.35302
45.98 2.63322
46 2.73734
46.02 2.85801
46.04 2.87929
46.06 2.81388
46.08 2.88474
46.1 2.88326
46.12 2.62074
46.14 2.34416
46.16 2.16499
46.18 1.99548
46.2 2.02212
46.22 2.21989
46.24 2.25962
46.26 2.2757
46.28 2.4574
46.3 2.63237
46.32 2.7853
46.34 2.97134
46.36 2.92508
46.38 2.61462
46.4 2.40256
46.42 2.26395
46.44 2.09144
46.46 2.05433
46.48 2.0437
46.5 1.92866
46.52 1.98232
46.54 2.29686
46.56 2.57822
46.58 2.81458
46.6 3.02699
46.62 2.98026
46.64 2.83871
46.66 2.83963
46.68 2.76936
46.7 2.53137
46.72 2.30865
46.74 2.05075
46.76 1.77172
46.78 1.7977
46.8 2.01769
46.82 2.1437
46.84 2.30191
46.86 2.5009
46.88 2.59987
46.9 2.7528
46.92 2.992
46.94 2.9732
46.96 2.72305
46.98 2.49725
47 2.21156
47.02 1.96737
47.04 1.95329
47.06 1.95347
47.08 1.86009
47.1 1.91876
47.12 2.1056
47.14 2.26019
47.16 2.54989
47.18 2.86174
47.2 2.90706
47.22 2.85964
47.24 2.8441
47.26 2.70124
47.28 2.51542
47.3 2.41826
47.32 2.19241
47.34 1.90491
47.36 1.86654
47.38 1.94098
47.4 2.03938
47.42 2.29166
47.44 2.52385
47.46 2.58621
47.48 2.71721
47.5 2.92077
47.52 2.93645
47.54 2.88565
47.56 2.80192
47.58 2.5108
47.6 2.2351
47.62 2.1669
47.64 2.09854
47.66 2.00389
47.68 2.05988
47.7 2.11122
47.72 2.14461
47.74 2.403
47.76 2.67952
47.78 2.75726
47.8 2.79309
47.82 2.76887
47.84 2.57361
47.86 2.43765
47.88 2.41679
47.9 2.2411
47.92 2.05118
47.94 2.02404
47.96 2.00541
47.98 2.08366
48 2.3733
48.02 2.60229
48.04 2.66721
48.06 2.80276
48.08 2.91285
48.1 2.88141
48.12 2.90499
48.14 2.85261
48.16 2.56143
48.18 2.30084
48.2 2.19316
48.22 2.07733
48.24 2.05879
48.26 2.20034
48.28 2.23493
48.3 2.27091
48.32 2.51572
48.34 2.74201
48.36 2.86786
48.38 3.00303
48.4 2.98088
48.42 2.74428
48.44 2.60416
48.46 2.52516
48.48 2.3145
48.5 2.1689
48.52 2.09428
48.54 1.95995
48.56 1.98481
48.58 2.25119
48.6 2.4622
48.62 2.59804
48.64 2.7909
48.66 2.83727
48.68 2.78993
48.7 2.85461
48.72 2.80918
48.74 2.55104
48.76 2.32169
48.78 2.13217
48.8 1.91627
48.82 1.92035
48.84 2.0872
48.86 2.13451
48.88 2.22779
48.9 2.44612
48.92 2.59654
48.94 2.74948
48.96 2.96288
48.98 2.95705
49 2.74303
49.02 2.60778
49.04 2.44025
49.06 2.21746
49.08 2.14346
49.1 2.07061
49.12 1.9042
49.14 1.91812
49.16 2.1367
49.18 2.32552
49.2 2.5737
49.22 2.84467
49.24 2.87345
49.26 2.83786
49.28 2.89533
49.3 2.82895
49.32 2.63792
49.34 2.48462
49.36 2.23727
49.38 1.94018
49.4 1.91426
49.42 2.02151
49.44 2.08374
49.46 2.2608
49.48 2.46924
49.5 2.56487
49.52 2.73889
49.54 2.98921
49.56 3.0053
49.58 2.87469
49.6 2.74624
49.62 2.46886
49.64 2.2022
49.66 2.12595
49.68 2.0168
49.7 1.8357
49.72 1.83259
49.74 1.93863
49.76 2.0586
49.78 2.37635
49.8 2.69895
49.82 2.7788
49.84 2.8239
49.86 2.88668
49.88 2.80507
49.9 2.69848
49.92 2.62611
49.94 2.34822
49.96 2.01645
49.98 1.9135
50 1.8821
50.02 1.91719
50.04 2.1407
50.06 2.33944
50.08 2.42629
50.1 2.64772
50.12 2.91619
50.14 2.98848
50.16 3.00727
50.18 2.92806
50.2 2.60791
50.22 2.32623
50.24 2.21697
50.26 2.06702
50.28 1.92521
50.3 1.94604
50.32 1.95442
50.34 2.01858
50.36 2.34591
50.38 2.66119
50.4 2.80332
50.42 2.9287
50.44 2.9574
50.46 2.80817
50.48 2.71954
50.5 2.65235
50.52 2.35973
50.54 2.0607
50.56 1.89576
50.58 1.74067
50.6 1.75615
50.62 2.01375
50.64 2.22261
50.66 2.35623
50.68 2.62418
50.7 2.85248
50.72 2.95534
50.74 3.0844
50.76 3.02662
50.78 2.68445
50.8 2.37498
50.82 2.18047
50.84 1.97416
50.86 1.90526
50.88 1.9657
50.9 1.90057
50.92 1.89043
50.94 2.09388
50.96 2.29495
50.98 2.50159
51 2.78618
51.02 2.9017
51.04 2.81629
51.06 2.82594
51.08 2.83844
51.1 2.71485
51.12 2.61894
51.14 2.42671
51.16 2.0397
51.18 1.79196
51.2 1.82333
51.22 1.92354
51.24 2.12432
51.26 2.42056
51.28 2.52388
51.3 2.56444
51.32 2.76264
51.34 2.89748
51.36 2.88009
51.38 2.82262
51.4 2.59357
51.42 2.20391
51.44 2.0259
51.46 2.02601
51.48 1.97813
51.5 2.02455
51.52 2.13579
51.54 2.18234
51.56 2.37599
51.58 2.76001
51.6 2.97477
51.62 2.97301
51.64 2.91346
51.66 2.67867
51.68 2.42755
51.7 2.40856
51.72 2.38111
51.74 2.19303
51.76 2.05594
51.78 1.98719
51.8 1.93971
51.82 2.14872
51.84 2.48675
51.86 2.60768
51.88 2.65371
51.9 2.73412
51.92 2.72098
51.94 2.72483
51.96 2.80475
51.98 2.66624
52 2.34503
52.02 2.17814
52.04 2.09672
52.06 2.07847
52.08 2.25169
52.1 2.37748
52.12 2.31004
52.14 2.33245
52.16 2.50533
52.18 2.61892
52.2 2.76316
52.22 2.88005
52.24 2.72199
52.26 2.51635
52.28 2.46777
52.3 2.38526
52.32 2.25537
52.34 2.21077
52.36 2.09036
52.38 1.93377
52.4 2.04945
52.42 2.26683
52.44 2.37948
52.46 2.52105
52.48 2.61698
52.5 2.56362
52.52 2.60008
52.54 2.74922
52.56 2.70451
52.58 2.56106
52.6 2.46791
52.62 2.28784
52.64 2.18157
52.66 2.29538
52.68 2.35983
52.7 2.29345
52.72 2.32725
52.74 2.38722
52.76 2.39502
52.78 2.54768
52.8 2.6613
52.82 2.52545
52.84 2.3912
52.86 2.35401
52.88 2.27375
52.9 2.26326
52.92 2.34998
52.94 2.26128
52.96 2.13764
52.98 2.23586
53 2.36575
53.02 2.48034
53.04 2.66246
53.06 2.70221
53.08 2.56009
53.1 2.5532
53.12 2.63863
53.14 2.595
53.16 2.56258
53.18 2.48637
53.2 2.24057
53.22 2.11473
53.24 2.2266
53.26 2.31208
53.28 2.3584
53.3 2.47367
53.32 2.47231
53.34 2.4562
53.36 2.65626
53.38 2.81307
53.4 2.78149
53.42 2.73888
53.44 2.64552
53.46 2.45977
53.48 2.43782
53.5 2.50891
53.52 2.38306
53.54 2.2447
53.56 2.21036
53.58 2.15763
53.6 2.23657
53.62 2.49226
53.64 2.60973
53.66 2.57274
53.68 2.63431
53.7 2.67296
53.72 2.65456
53.74 2.73779
53.76 2.69568
