0.1 2.15705e-17
0.2 1.07903e-17
0.3 3.82753e-18
0.4 -1.40211e-16
0.5 -1.27726e-16
0.6 2.29664e-16
0.7 1.15992e-16
0.8 3.39275e-16
0.9 -8.96063e-17
1 -2.49217e-16
0.02 0.0108876
0.04 0.0529251
0.06 0.130053
0.08 0.228742
0.1 0.333113
0.12 0.428914
0.14 0.502688
0.16 0.540931
0.18 0.532811
0.2 0.473574
0.22 0.372302
0.24 0.256923
0.26 0.164869
0.28 0.124609
0.3 0.143143
0.32 0.205118
0.34 0.278863
0.36 0.329816
0.38 0.339736
0.4 0.320941
0.42 0.306533
0.44 0.321763
0.46 0.355252
0.48 0.358805
0.5 0.280279
0.52 0.115459
0.54 -0.0696636
0.56 -0.194691
0.58 -0.20712
0.6 -0.0812813
0.62 0.177426
0.64 0.531005
0.66 0.905189
0.68 1.21347
0.7 1.39254
0.72 1.40132
0.74 1.21605
0.76 0.835656
0.78 0.288209
0.8 -0.368864
0.82 -1.05173
0.84 -1.66581
0.86 -2.14265
0.88 -2.45605
0.9 -2.61108
0.92 -2.6342
0.94 -2.55096
0.96 -2.35525
0.98 -2.03189
1 -1.61481
1.02 -1.21553
1.04 -1.00053
1.06 -1.10853
1.08 -1.54966
1.1 -2.18572
1.12 -2.80821
1.14 -3.25094
1.16 -3.43728
1.18 -3.29732
1.2 -2.72963
1.22 -1.70391
1.24 -0.331936
1.26 1.14302
1.28 2.40675
1.3 3.20841
1.32 3.4735
1.34 3.2772
1.36 2.71288
1.38 1.77315
1.4 0.3747
1.42 -1.51171
1.44 -3.76516
1.46 -6.17448
1.48 -8.56817
1.5 -10.8858
1.52 -13.1318
1.54 -15.328
1.56 -17.479
1.58 -19.5873
1.6 -21.6625
1.62 -23.6066
1.64 -24.9976
1.66 -25.2276
1.68 -23.9213
1.7 -21.1065
1.72 -17.1592
1.74 -12.5377
1.76 -7.48423
1.78 -2.01457
1.8 3.8892
1.82 10.234
1.84 16.9573
1.86 23.9235
1.88 30.944
1.9 37.7703
1.92 44.0911
1.94 49.5522
1.96 53.7835
1.98 56.4258
2 57.1585
2.02 55.7688
2.04 52.397
2.06 47.3662
2.08 40.893
2.1 32.9806
2.12 23.6453
2.14 12.9762
2.16 1.20678
2.18 -11.0495
2.2 -22.7861
2.22 -33.3169
2.24 -42.4356
2.26 -49.9985
2.28 -55.9137
2.3 -60.1491
2.32 -62.7012
2.34 -63.6254
2.36 -63.2084
2.38 -62.017
2.4 -60.6487
2.42 -59.3349
2.44 -57.5913
2.46 -54.7463
2.48 -50.656
2.5 -45.4575
2.52 -39.3372
2.54 -32.5914
2.56 -25.4359
2.58 -17.7778
2.6 -9.4679
2.62 -0.629806
2.64 8.49921
2.66 17.6798
2.68 26.6638
2.7 35.2302
2.72 43.1873
2.74 50.3663
2.76 56.6138
2.78 61.7862
2.8 65.7933
2.82 68.65
2.84 70.4386
2.86 71.2324
2.88 71.0264
2.9 69.8014
2.92 67.7036
2.94 65.0313
2.96 62.0023
2.98 58.624
3 54.7735
3.02 50.4077
3.04 45.6332
3.06 40.5129
3.08 34.9991
3.1 29.0587
3.12 22.6944
3.14 15.9396
3.16 8.86162
3.18 1.54973
3.2 -5.76138
3.22 -12.6954
3.24 -19.0489
3.26 -24.8201
3.28 -30.0694
3.3 -34.9195
3.32 -39.5318
3.34 -43.7839
3.36 -47.1328
3.38 -49.2652
3.4 -50.2489
3.42 -50.1716
3.44 -49.1599
3.46 -47.2482
3.48 -44.3581
3.5 -40.6574
3.52 -36.4424
3.54 -31.8233
3.56 -26.8401
3.58 -21.5457
3.6 -15.9913
3.62 -10.163
3.64 -4.03628
3.66 2.27148
3.68 8.54493
3.7 14.5252
3.72 19.9122
3.74 24.3987
3.76 27.7203
3.78 29.7416
3.8 30.5068
3.82 30.3003
3.84 29.574
3.86 28.668
3.88 27.6114
3.9 26.1933
3.92 24.2014
3.94 21.5322
3.96 18.1593
3.98 14.2069
4 10.0149
4.02 5.85457
4.04 1.81408
4.06 -1.9916
4.08 -5.37353
4.1 -8.20549
4.12 -10.4634
4.14 -12.1672
4.16 -13.3826
4.18 -14.2702
4.2 -15.0849
4.22 -16.0856
4.24 -17.3863
4.26 -18.9538
4.28 -20.7159
4.3 -22.6366
4.32 -24.7014
4.34 -26.8237
4.36 -28.6248
4.38 -29.6092
4.4 -29.6513
4.42 -28.8228
4.44 -27.1109
4.46 -24.5337
4.48 -21.1929
4.5 -17.1948
4.52 -12.6184
4.54 -7.50705
4.56 -1.93754
4.58 3.94124
4.6 9.9106
4.62 15.6936
4.64 20.9353
4.66 25.2279
4.68 28.3781
4.7 30.4955
4.72 31.571
4.74 31.5136
4.76 30.5452
4.78 28.9655
4.8 26.8606
4.82 24.0604
4.84 20.4623
4.86 16.4431
4.88 12.6399
4.9 9.29345
4.92 6.40049
4.94 3.96608
4.96 2.07188
4.98 1.04402
5 1.19717
5.02 2.52234
5.04 4.65462
5.06 7.0681
5.08 9.34596
5.1 11.3002
5.12 12.8622
5.14 14.1732
5.16 15.5111
5.18 17.0225
5.2 18.6382
5.22 20.187
5.24 21.4822
5.26 22.355
5.28 22.7209
5.3 22.7492
5.32 22.6127
5.34 22.3112
5.36 21.8644
5.38 21.2839
5.4 20.4869
5.42 19.345
5.44 17.7891
5.46 15.927
5.48 13.9987
5.5 12.1931
5.52 10.5175
5.54 8.83823
5.56 7.03637
5.58 5.05872
5.6 2.8561
5.62 0.344297
5.64 -2.5684
5.66 -5.87334
5.68 -9.37528
5.7 -12.7882
5.72 -15.902
5.74 -18.6219
5.76 -20.8984
5.78 -22.6539
5.8 -23.7464
5.82 -24.0278
5.84 -23.4631
5.86 -22.1892
5.88 -20.4919
5.9 -18.7031
5.92 -17.0518
5.94 -15.616
5.96 -14.3874
5.98 -13.3543
6 -12.5208
6.02 -11.8769
6.04 -11.3719
6.06 -10.9722
6.08 -10.7407
6.1 -10.7806
6.12 -11.098
6.14 -11.5782
6.16 -12.0908
6.18 -12.5567
6.2 -12.9562
6.22 -13.3214
6.24 -13.6384
6.26 -13.7757
6.28 -13.5726
6.3 -12.9791
6.32 -12.1182
6.34 -11.2216
6.36 -10.4734
6.38 -9.95106
6.4 -9.66473
6.42 -9.59723
6.44 -9.71983
6.46 -9.9949
6.48 -10.3504
6.5 -10.6857
6.52 -10.9146
6.54 -10.9779
6.56 -10.848
6.58 -10.5733
6.6 -10.2755
6.62 -10.0992
6.64 -10.1054
6.66 -10.2157
6.68 -10.3404
6.7 -10.4577
6.72 -10.5767
6.74 -10.7097
6.76 -10.8494
6.78 -10.9627
6.8 -11.0288
6.82 -11.0925
6.84 -11.27
6.86 -11.669
6.88 -12.2176
6.9 -12.6207
6.92 -12.5996
6.94 -12.1069
6.96 -11.3132
6.98 -10.4726
7 -9.75276
7.02 -9.16233
7.04 -8.62426
7.06 -8.09827
7.08 -7.63978
7.1 -7.35955
7.12 -7.36895
7.14 -7.74953
7.16 -8.47756
7.18 -9.34568
7.2 -10.0468
7.22 -10.3554
7.24 -10.2016
7.26 -9.66287
7.28 -8.92607
7.3 -8.17685
7.32 -7.53108
7.34 -7.07784
7.36 -6.90545
7.38 -7.05403
7.4 -7.49724
7.42 -8.1638
7.44 -8.95451
7.46 -9.73981
7.48 -10.3667
7.5 -10.7072
7.52 -10.7283
7.54 -10.4656
7.56 -9.96374
7.58 -9.27696
7.6 -8.51371
7.62 -7.86545
7.64 -7.54151
7.66 -7.68337
7.68 -8.27877
7.7 -9.16497
7.72 -10.1277
7.74 -11.0144
7.76 -11.7229
7.78 -12.1962
7.8 -12.4447
7.82 -12.4406
7.84 -12.0908
7.86 -11.3174
7.88 -10.1275
7.9 -8.69875
7.92 -7.26819
7.94 -5.97749
7.96 -4.88811
7.98 -4.09869
8 -3.62007
8.02 -3.30881
8.04 -3.02832
8.06 -2.77977
8.08 -2.63723
8.1 -2.65655
8.12 -2.85502
8.14 -3.2039
8.16 -3.63143
8.18 -4.04406
8.2 -4.35093
8.22 -4.50133
8.24 -4.5025
8.26 -4.3938
8.28 -4.23242
8.3 -4.10505
8.32 -4.10224
8.34 -4.27861
8.36 -4.63693
8.38 -5.11182
8.4 -5.58275
8.42 -5.93444
8.44 -6.08818
8.46 -6.01469
8.48 -5.7476
8.5 -5.36119
8.52 -4.81974
8.54 -3.91285
8.56 -2.53988
8.58 -0.803552
8.6 1.17278
8.62 3.29997
8.64 5.4979
8.66 7.67645
8.68 9.73489
8.7 11.5629
8.72 13.0414
8.74 14.0658
8.76 14.5808
8.78 14.5615
8.8 13.9865
8.82 12.9317
8.84 11.6656
8.86 10.5088
8.88 9.56311
8.9 8.6558
8.92 7.4692
8.94 5.71058
8.96 3.36317
8.98 0.911206
9 -1.0613
9.02 -2.4206
9.04 -3.22469
9.06 -3.41519
9.08 -2.88228
9.1 -1.67495
9.12 -0.0396424
9.14 1.6752
9.16 3.10365
9.18 4.00131
9.2 4.31465
9.22 4.04378
9.24 3.20331
9.26 1.9061
9.28 0.291119
9.3 -1.42956
9.32 -2.91973
9.34 -3.89042
9.36 -4.16849
9.38 -3.652
9.4 -2.36483
9.42 -0.528169
9.44 1.46034
9.46 3.1912
9.48 4.3966
9.5 4.94636
9.52 4.76839
9.54 4.01144
9.56 3.00202
9.58 1.9062
9.6 0.869288
9.62 0.132897
9.64 -0.20425
9.66 -0.297831
9.68 -0.344786
9.7 -0.333906
9.72 -0.15413
9.74 0.290275
9.76 1.03537
9.78 1.90001
9.8 2.49729
9.82 2.46994
9.84 1.73032
9.86 0.499838
9.88 -0.856326
9.9 -2.03028
9.92 -2.88918
9.94 -3.48086
9.96 -3.87362
9.98 -3.97262
10 -3.63523
10.02 -2.87704
10.04 -1.93746
10.06 -1.1697
10.08 -0.806784
10.1 -0.87085
10.12 -1.18086
10.14 -1.45678
10.16 -1.53837
10.18 -1.48352
10.2 -1.4683
10.22 -1.58347
10.24 -1.76334
10.26 -1.93856
10.28 -2.19532
10.3 -2.75565
10.32 -3.73653
10.34 -4.91643
10.36 -5.86913
10.38 -6.26544
10.4 -6.01959
10.42 -5.13056
10.44 -3.66098
10.46 -1.9105
10.48 -0.282019
10.5 0.980742
10.52 1.84568
10.54 2.38493
10.56 2.65606
10.58 2.63485
10.6 2.24834
10.62 1.51663
10.64 0.678713
10.66 0.0859632
10.68 -0.020999
10.7 0.369959
10.72 1.08283
10.74 1.9348
10.76 2.84928
10.78 3.78756
10.8 4.64601
10.82 5.23414
10.84 5.40136
10.86 5.10446
10.88 4.41628
10.9 3.54104
10.92 2.72598
10.94 2.1006
10.96 1.65624
10.98 1.27128
11 0.807788
11.02 0.260835
11.04 -0.215464
11.06 -0.39805
11.08 -0.127749
11.1 0.569496
11.12 1.50166
11.14 2.40576
11.16 3.01146
11.18 3.14361
11.2 2.84553
11.22 2.33027
11.24 1.82487
11.26 1.49817
11.28 1.41855
11.3 1.55735
11.32 1.84565
11.34 2.20042
11.36 2.52924
11.38 2.7802
11.4 2.96548
11.42 3.12379
11.44 3.32387
11.46 3.61637
11.48 3.9687
11.5 4.30628
11.52 4.55493
11.54 4.64238
11.56 4.50115
11.58 4.08383
11.6 3.37537
11.62 2.40334
11.64 1.2537
11.66 0.0517055
11.68 -1.11804
11.7 -2.28074
11.72 -3.55821
11.74 -5.08753
11.76 -6.9146
11.78 -8.96171
11.8 -11.1536
11.82 -13.5191
11.84 -16.1508
11.86 -19.0347
11.88 -21.9411
11.9 -24.5418
11.92 -26.5357
11.94 -27.6991
11.96 -27.9055
11.98 -27.0385
12 -25.0845
12.02 -22.3317
12.04 -19.1947
12.06 -15.9182
12.08 -12.5498
12.1 -9.07533
12.12 -5.43273
12.14 -1.56614
12.16 2.5411
12.18 6.87922
12.2 11.3913
12.22 15.9771
12.24 20.467
12.26 24.5703
12.28 27.9488
12.3 30.356
12.32 31.6163
12.34 31.615
12.36 30.4793
12.38 28.5856
12.4 26.2985
12.42 23.8107
12.44 21.1934
12.46 18.5244
12.48 15.8679
12.5 13.2236
12.52 10.5597
12.54 7.9013
12.56 5.28904
12.58 2.75562
12.6 0.38683
12.62 -1.71042
12.64 -3.43795
12.66 -4.70114
12.68 -5.44759
12.7 -5.67
12.72 -5.38963
12.74 -4.67105
12.76 -3.64946
12.78 -2.52258
12.8 -1.48521
12.82 -0.685443
12.84 -0.232344
12.86 -0.182313
12.88 -0.537805
12.9 -1.28303
12.92 -2.3456
12.94 -3.51805
12.96 -4.50678
12.98 -5.113
13 -5.32271
13.02 -5.2928
13.04 -5.23156
13.06 -5.24011
13.08 -5.28863
13.1 -5.3135
13.12 -5.29989
13.14 -5.27889
13.16 -5.23121
13.18 -5.05262
13.2 -4.58095
13.22 -3.70447
13.24 -2.513
13.26 -1.30739
13.28 -0.392171
13.3 0.0940562
13.32 0.176128
13.34 0.0133145
13.36 -0.151703
13.38 -0.268812
13.4 -0.515577
13.42 -1.04966
13.44 -1.77907
13.46 -2.31766
13.48 -2.28055
13.5 -1.64572
13.52 -0.729571
13.54 0.0983024
13.56 0.636179
13.58 0.915982
13.6 1.06853
13.62 1.16165
13.64 1.17207
13.66 1.01912
13.68 0.636714
13.7 0.0706178
13.72 -0.541843
13.74 -1.10183
13.76 -1.5891
13.78 -2.07988
13.8 -2.69704
13.82 -3.36775
13.84 -3.79636
13.86 -3.68596
13.88 -2.89806
13.9 -1.52672
13.92 0.151193
13.94 1.78558
13.96 3.1002
13.98 3.98389
14 4.47539
14.02 4.64054
14.04 4.50702
14.06 4.12911
14.08 3.58363
14.1 3.0016
14.12 2.62355
14.14 2.63593
14.16 2.9769
14.18 3.29812
14.2 3.19918
14.22 2.50684
14.24 1.31103
14.26 -0.118075
14.28 -1.4916
14.3 -2.68501
14.32 -3.74003
14.34 -4.71178
14.36 -5.54622
14.38 -6.10789
14.4 -6.29826
14.42 -6.13393
14.44 -5.69178
14.46 -5.05817
14.48 -4.33487
14.5 -3.59429
14.52 -2.88217
14.54 -2.24153
14.56 -1.75207
14.58 -1.49937
14.6 -1.4652
14.62 -1.50367
14.64 -1.45482
14.66 -1.28943
14.68 -1.13534
14.7 -1.18135
14.72 -1.54397
14.74 -2.17957
14.76 -2.92938
14.78 -3.64146
14.8 -4.21527
14.82 -4.52344
14.84 -4.41309
14.86 -3.84018
14.88 -2.91223
14.9 -1.85821
14.92 -1.006
14.94 -0.630989
14.96 -0.794081
14.98 -1.32652
15 -1.99383
15.02 -2.66785
15.04 -3.35742
15.06 -4.14671
15.08 -5.06626
15.1 -5.94901
15.12 -6.51717
15.14 -6.58482
15.16 -6.1383
15.18 -5.29156
15.2 -4.22305
15.22 -3.11861
15.24 -2.16339
15.26 -1.51098
15.28 -1.19353
15.3 -1.10091
15.32 -1.08168
15.34 -1.07183
15.36 -1.1206
15.38 -1.35297
15.4 -1.84655
15.42 -2.50506
15.44 -3.14874
15.46 -3.65368
15.48 -4.00165
15.5 -4.2632
15.52 -4.5077
15.54 -4.71966
15.56 -4.81406
15.58 -4.7432
15.6 -4.5455
15.62 -4.26566
15.64 -3.8888
15.66 -3.34508
15.68 -2.53134
15.7 -1.44971
15.72 -0.310953
15.74 0.594972
15.76 1.06052
15.78 1.07451
15.8 0.846638
15.82 0.62908
15.84 0.497584
15.86 0.341256
15.88 0.0325356
15.9 -0.450436
15.92 -0.985511
15.94 -1.36976
15.96 -1.49115
15.98 -1.37243
16 -1.05927
16.02 -0.592615
16.04 -0.0413655
16.06 0.482435
16.08 0.780599
16.1 0.616475
16.12 -0.104112
16.14 -1.20528
16.16 -2.29488
16.18 -2.91606
16.2 -2.79461
16.22 -2.03463
16.24 -0.959115
16.26 0.134022
16.28 1.01908
16.3 1.54714
16.32 1.67578
16.34 1.39193
16.36 0.676622
16.38 -0.371503
16.4 -1.52088
16.42 -2.51936
16.44 -3.18268
16.46 -3.45538
16.48 -3.40912
16.5 -3.13019
16.52 -2.62412
16.54 -1.87606
16.56 -0.955855
16.58 -0.0776098
16.6 0.49291
16.62 0.621021
16.64 0.364197
16.66 -0.100765
16.68 -0.570494
16.7 -0.943698
16.72 -1.25322
16.74 -1.57846
16.76 -1.91558
16.78 -2.14406
16.8 -2.11475
16.82 -1.78284
16.84 -1.30017
16.86 -0.941986
16.88 -0.922247
16.9 -1.29152
16.92 -1.96918
16.94 -2.82799
16.96 -3.74081
16.98 -4.57306
17 -5.18292
17.02 -5.43566
17.04 -5.25005
17.06 -4.65504
17.08 -3.76976
17.1 -2.77968
17.12 -1.92493
17.14 -1.39361
17.16 -1.22088
17.18 -1.30637
17.2 -1.46512
17.22 -1.5124
17.24 -1.40007
17.26 -1.23793
17.28 -1.16147
17.3 -1.24126
17.32 -1.47912
17.34 -1.80961
17.36 -2.14441
17.38 -2.42347
17.4 -2.59445
17.42 -2.60189
17.44 -2.4134
17.46 -2.03275
17.48 -1.52042
17.5 -1.00429
17.52 -0.606477
17.54 -0.360322
17.56 -0.230248
17.58 -0.16626
17.6 -0.158
17.62 -0.279011
17.64 -0.673151
17.66 -1.44956
17.68 -2.56058
17.7 -3.81306
17.72 -4.98966
17.74 -5.95217
17.76 -6.65688
17.78 -7.10975
17.8 -7.31318
17.82 -7.21082
17.84 -6.72534
17.86 -5.86719
17.88 -4.83282
17.9 -3.95186
17.92 -3.49337
17.94 -3.50221
17.96 -3.78375
17.98 -4.06983
18 -4.25532
18.02 -4.45281
18.04 -4.80453
18.06 -5.28299
18.08 -5.6565
18.1 -5.65231
18.12 -5.21038
18.14 -4.57219
18.16 -4.06395
18.18 -3.81053
18.2 -3.68258
18.22 -3.46961
18.24 -3.1103
18.26 -2.77251
18.28 -2.69633
18.3 -2.98265
18.32 -3.52635
18.34 -4.11101
18.36 -4.56866
18.38 -4.89147
18.4 -5.18
18.42 -5.46723
18.44 -5.6435
18.46 -5.56607
18.48 -5.20813
18.5 -4.71844
18.52 -4.3457
18.54 -4.23771
18.56 -4.30988
18.58 -4.36015
18.6 -4.26017
18.62 -4.03268
18.64 -3.83
18.66 -3.78057
18.68 -3.80785
18.7 -3.68789
18.72 -3.2875
18.74 -2.68814
18.76 -2.11745
18.78 -1.80351
18.8 -1.84118
18.82 -2.15389
18.84 -2.57975
18.86 -3.01006
18.88 -3.44108
18.9 -3.85996
18.92 -4.11207
18.94 -3.95288
18.96 -3.30037
18.98 -2.38955
19 -1.60737
19.02 -1.24345
19.04 -1.36236
19.06 -1.81388
19.08 -2.40388
19.1 -3.06691
19.12 -3.81838
19.14 -4.57499
19.16 -5.09612
19.18 -5.11952
19.2 -4.52316
19.22 -3.42454
19.24 -2.12656
19.26 -0.972361
19.28 -0.190174
19.3 0.187676
19.32 0.278996
19.34 0.185707
19.36 -0.106691
19.38 -0.671672
19.4 -1.48995
19.42 -2.32986
19.44 -2.82292
19.46 -2.69456
19.48 -1.99293
19.5 -1.06351
19.52 -0.308573
19.54 0.0341657
19.56 -0.0225634
19.58 -0.290411
19.6 -0.63204
19.62 -1.05009
19.64 -1.52894
19.66 -1.91304
19.68 -1.97025
19.7 -1.5507
19.72 -0.730905
19.74 0.209035
19.76 0.998467
19.78 1.53631
19.8 1.89005
19.82 2.19885
19.84 2.51256
19.86 2.69434
19.88 2.53566
19.9 1.96041
19.92 1.11219
19.94 0.278356
19.96 -0.276413
19.98 -0.498072
20 -0.554053
20.02 -0.655396
20.04 -0.904298
20.06 -1.2568
20.08 -1.59258
20.1 -1.83202
20.12 -1.99969
20.14 -2.1593
20.16 -2.28863
20.18 -2.2453
20.2 -1.84715
20.22 -1.00898
20.24 0.136719
20.26 1.28416
20.28 2.16857
20.3 2.65426
20.32 2.71571
20.34 2.40286
20.36 1.77093
20.38 0.823287
20.4 -0.381721
20.42 -1.65054
20.44 -2.69474
20.46 -3.24614
20.48 -3.1901
20.5 -2.64906
20.52 -1.88142
20.54 -1.10106
20.56 -0.448339
20.58 -0.0571665
20.6 -0.0629266
20.62 -0.554268
20.64 -1.46981
20.66 -2.5211
20.68 -3.29404
20.7 -3.4632
20.72 -2.92667
20.74 -1.79825
20.76 -0.308178
20.78 1.30492
20.8 2.85251
20.82 4.17524
20.84 5.13692
20.86 5.63737
20.88 5.57862
20.9 4.91967
20.92 3.75445
20.94 2.29434
20.96 0.84419
20.98 -0.276909
21 -0.90683
21.02 -1.14137
21.04 -1.22063
21.06 -1.30257
21.08 -1.35914
21.1 -1.26541
21.12 -1.00178
21.14 -0.758725
21.16 -0.759564
21.18 -1.01995
21.2 -1.31348
21.22 -1.32208
21.24 -0.880969
21.26 -0.12641
21.28 0.642989
21.3 1.24553
21.32 1.71656
21.34 2.18536
21.36 2.71251
21.38 3.18888
21.4 3.40994
21.42 3.24031
21.44 2.70664
21.46 1.9594
21.48 1.20651
21.5 0.586989
21.52 0.116764
21.54 -0.216989
21.56 -0.354992
21.58 -0.182505
21.6 0.38444
21.62 1.3007
21.64 2.34686
21.66 3.24073
21.68 3.8168
21.7 4.08696
21.72 4.18439
21.74 4.2781
21.76 4.43801
21.78 4.55822
21.8 4.43606
21.82 3.9197
21.84 3.0217
21.86 1.89548
21.88 0.723504
21.9 -0.367897
21.92 -1.34681
21.94 -2.24934
21.96 -3.11537
21.98 -3.92042
22 -4.52339
22.02 -4.71755
22.04 -4.37229
22.06 -3.50066
22.08 -2.27143
22.1 -0.97296
22.12 0.103949
22.14 0.747117
22.16 0.860284
22.18 0.500662
22.2 -0.170413
22.22 -1.01514
22.24 -1.92743
22.26 -2.74957
22.28 -3.28709
22.3 -3.39474
22.32 -3.04837
22.34 -2.37957
22.36 -1.60026
22.38 -0.860555
22.4 -0.214841
22.42 0.309249
22.44 0.657674
22.46 0.738232
22.48 0.474131
22.5 -0.0881037
22.52 -0.758531
22.54 -1.30842
22.56 -1.57003
22.58 -1.46768
22.6 -1.05641
22.62 -0.511869
22.64 -0.00550925
22.66 0.320678
22.68 0.310746
22.7 -0.13547
22.72 -0.976951
22.74 -2.03159
22.76 -3.03873
22.78 -3.76472
22.8 -4.11783
22.82 -4.15786
22.84 -3.99225
22.86 -3.66614
22.88 -3.10896
22.9 -2.2324
22.92 -1.11099
22.94 -0.00764793
22.96 0.803992
22.98 1.20448
23 1.29404
23.02 1.30866
23.04 1.4281
23.06 1.61192
23.08 1.65842
23.1 1.38781
23.12 0.785542
23.14 0.0391313
23.16 -0.603183
23.18 -1.04471
23.2 -1.3482
23.22 -1.57661
23.24 -1.69846
23.26 -1.60314
23.28 -1.19872
23.3 -0.526025
23.32 0.243673
23.34 0.948031
23.36 1.53018
23.38 1.99934
23.4 2.37034
23.42 2.60649
23.44 2.58883
23.46 2.20157
23.48 1.44922
23.5 0.476748
23.52 -0.47511
23.54 -1.15373
23.56 -1.41408
23.58 -1.26249
23.6 -0.824517
23.62 -0.282314
23.64 0.236097
23.66 0.703705
23.68 1.10587
23.7 1.38003
23.72 1.45917
23.74 1.3093
23.76 0.946372
23.78 0.424987
23.8 -0.22004
23.82 -0.981199
23.84 -1.76852
23.86 -2.36643
23.88 -2.54703
23.9 -2.18609
23.92 -1.34205
23.94 -0.246537
23.96 0.801316
23.98 1.5463
24 1.86115
24.02 1.75857
24.04 1.3578
24.06 0.831098
24.08 0.339548
24.1 0.0281502
24.12 -0.00112209
24.14 0.225152
24.16 0.565141
24.18 0.815364
24.2 0.734118
24.22 0.139213
24.24 -0.954612
24.26 -2.28409
24.28 -3.47017
24.3 -4.19535
24.32 -4.29159
24.34 -3.72267
24.36 -2.56463
24.38 -1.00468
24.4 0.694421
24.42 2.22934
24.44 3.31013
24.46 3.78931
24.48 3.73644
24.5 3.32928
24.52 2.68086
24.54 1.80392
24.56 0.717899
24.58 -0.471572
24.6 -1.58013
24.62 -2.44992
24.64 -3.10288
24.66 -3.71923
24.68 -4.44576
24.7 -5.25448
24.72 -5.93584
24.74 -6.23535
24.76 -5.99827
24.78 -5.23594
24.8 -4.08207
24.82 -2.75413
24.84 -1.46841
24.86 -0.332808
24.88 0.699493
24.9 1.75527
24.92 2.94639
24.94 4.26568
24.96 5.52455
24.98 6.4661
25 6.90043
25.02 6.72335
25.04 5.9295
25.06 4.67422
25.08 3.23858
25.1 1.89645
25.12 0.784072
25.14 -0.141271
25.16 -1.02905
25.18 -1.98414
25.2 -2.94904
25.22 -3.71691
25.24 -4.07433
25.26 -3.88456
25.28 -3.14826
25.3 -2.0092
25.32 -0.682591
25.34 0.665034
25.36 1.94276
25.38 3.07973
25.4 3.99021
25.42 4.56683
25.44 4.67285
25.46 4.17506
25.48 3.04397
25.5 1.46378
25.52 -0.204527
25.54 -1.65957
25.56 -2.82362
25.58 -3.84924
25.6 -4.999
25.62 -6.45614
25.64 -8.14459
25.66 -9.84111
25.68 -11.3272
25.7 -12.3916
25.72 -12.7874
25.74 -12.2835
25.76 -10.828
25.78 -8.71707
25.8 -6.49596
25.82 -4.67862
25.84 -3.53443
25.86 -3.00614
25.88 -2.83289
25.9 -2.77219
25.92 -2.75898
25.94 -2.86007
25.96 -3.14314
25.98 -3.57268
26 -4.0492
26.02 -4.56896
26.04 -5.26975
26.06 -6.29268
26.08 -7.6078
26.1 -8.99625
26.12 -10.2167
26.14 -11.1287
26.16 -11.7087
26.18 -11.9675
26.2 -11.8441
26.22 -11.1567
26.24 -9.71962
26.26 -7.55579
26.28 -4.94989
26.3 -2.21591
26.32 0.460357
26.34 3.05138
26.36 5.59227
26.38 8.08855
26.4 10.4701
26.42 12.6409
26.44 14.5158
26.46 16.0068
26.48 17.0163
26.5 17.4396
26.52 17.1892
26.54 16.3269
26.56 15.1602
26.58 14.1082
26.6 13.4379
26.62 13.108
26.64 12.8461
26.66 12.373
26.68 11.6189
26.7 10.7465
26.72 9.9545
26.74 9.31572
26.76 8.74304
26.78 8.11128
26.8 7.35994
26.82 6.57285
26.84 5.93532
26.86 5.61749
26.88 5.6903
26.9 6.12628
26.92 6.83324
26.94 7.62744
26.96 8.29398
26.98 8.69399
27 8.7631
27.02 8.4624
27.04 7.81311
27.06 6.94613
27.08 6.07605
27.1 5.43858
27.12 5.20459
27.14 5.38922
27.16 5.88156
27.18 6.54522
27.2 7.26622
27.22 7.96205
27.24 8.57511
27.26 9.02145
27.28 9.175
27.3 8.95392
27.32 8.39265
27.34 7.63602
27.36 6.88674
27.38 6.31543
27.4 6.00842
27.42 6.00482
27.44 6.31192
27.46 6.87183
27.48 7.55801
27.5 8.19357
27.52 8.58763
27.54 8.62784
27.56 8.34294
27.58 7.85197
27.6 7.28835
27.62 6.76635
27.64 6.36599
27.66 6.15008
27.68 6.20392
27.7 6.59056
27.72 7.25974
27.74 8.04569
27.76 8.72617
27.78 9.08949
27.8 9.01679
27.82 8.51411
27.84 7.65108
27.86 6.52422
27.88 5.28503
27.9 4.13343
27.92 3.24627
27.94 2.72926
27.96 2.59786
27.98 2.80717
28 3.29337
28.02 3.99255
28.04 4.80185
28.06 5.55468
28.08 6.03866
28.1 6.05732
28.12 5.54589
28.14 4.63135
28.16 3.55527
28.18 2.56752
28.2 1.86339
28.22 1.55425
28.24 1.66038
28.26 2.1379
28.28 2.88601
28.3 3.73952
28.32 4.48968
28.34 4.93672
28.36 4.96107
28.38 4.58412
28.4 3.94853
28.42 3.23084
28.44 2.57704
28.46 2.08487
28.48 1.80595
28.5 1.78715
28.52 2.09411
28.54 2.73344
28.56 3.58384
28.58 4.43621
28.6 5.07636
28.62 5.38304
28.64 5.39047
28.66 5.23294
28.68 5.02892
28.7 4.80977
28.72 4.53096
28.74 4.13606
28.76 3.63527
28.78 3.11552
28.8 2.65586
28.82 2.28299
28.84 1.99809
28.86 1.7998
28.88 1.72403
28.9 1.85749
28.92 2.25226
28.94 2.8654
28.96 3.5921
28.98 4.30167
29 4.87007
29.02 5.2295
29.04 5.36764
29.06 5.28147
29.08 4.98469
29.1 4.53381
29.12 4.01183
29.14 3.53846
29.16 3.25977
29.18 3.25557
29.2 3.49609
29.22 3.86849
29.24 4.21351
29.26 4.40069
29.28 4.38375
29.3 4.17948
29.32 3.82755
29.34 3.39062
29.36 2.94698
29.38 2.56357
29.4 2.30826
29.42 2.24904
29.44 2.41272
29.46 2.78483
29.48 3.33476
29.5 3.98785
29.52 4.62522
29.54 5.12215
29.56 5.35332
29.58 5.23863
29.6 4.80924
29.62 4.18926
29.64 3.53338
29.66 2.98724
29.68 2.64649
29.7 2.54039
29.72 2.68228
29.74 3.08717
29.76 3.70883
29.78 4.41484
29.8 5.02901
29.82 5.37261
29.84 5.3296
29.86 4.91076
29.88 4.22192
29.9 3.40035
29.92 2.59329
29.94 1.92847
29.96 1.49025
29.98 1.32646
30 1.45084
30.02 1.82903
30.04 2.40618
30.06 3.10888
30.08 3.82816
30.1 4.44396
30.12 4.87452
30.14 5.08716
30.16 5.1073
30.18 5.01887
30.2 4.89746
30.22 4.75564
30.24 4.56988
30.26 4.29876
30.28 3.90506
30.3 3.41576
30.32 2.91164
30.34 2.46428
30.36 2.12599
30.38 1.93255
30.4 1.88688
30.42 1.98661
30.44 2.24155
30.46 2.62918
30.48 3.09566
30.5 3.60034
30.52 4.11002
30.54 4.58562
30.56 4.99306
30.58 5.27961
30.6 5.36602
30.62 5.2113
30.64 4.83734
30.66 4.30513
30.68 3.71383
30.7 3.16498
30.72 2.71858
30.74 2.41924
30.76 2.31566
30.78 2.42628
30.8 2.72961
30.82 3.17194
30.84 3.65174
30.86 4.04857
30.88 4.27911
30.9 4.28969
30.92 4.05156
30.94 3.60087
30.96 3.02889
30.98 2.44854
31 1.9895
31.02 1.75173
31.04 1.75347
31.06 1.95621
31.08 2.31244
31.1 2.77805
31.12 3.32597
31.14 3.94556
31.16 4.59399
31.18 5.18235
31.2 5.60307
31.22 5.7602
31.24 5.61653
31.26 5.2163
31.28 4.64566
31.3 3.98565
31.32 3.32878
31.34 2.79916
31.36 2.52285
31.38 2.59083
31.4 3.00318
31.42 3.63087
31.44 4.28646
31.46 4.82438
31.48 5.15584
31.5 5.22942
31.52 5.01587
31.54 4.48994
31.56 3.67693
31.58 2.73075
31.6 1.89403
31.62 1.35826
31.64 1.20519
31.66 1.42656
31.68 1.95472
31.7 2.69558
31.72 3.54891
31.74 4.3827
31.76 5.04509
31.78 5.41029
31.8 5.40587
31.82 5.04969
31.84 4.44578
31.86 3.70628
31.88 2.9185
31.9 2.18572
31.92 1.62742
31.94 1.34223
31.96 1.38331
31.98 1.71731
32 2.22362
32.02 2.77439
32.04 3.27827
32.06 3.66159
32.08 3.87246
32.1 3.88861
32.12 3.71168
32.14 3.39272
32.16 3.04293
32.18 2.77338
32.2 2.64241
32.22 2.65554
32.24 2.7694
32.26 2.92812
32.28 3.11387
32.3 3.31177
32.32 3.45794
32.34 3.48341
32.36 3.3705
32.38 3.15678
32.4 2.9361
32.42 2.81757
32.44 2.84117
32.46 2.96959
32.48 3.14675
32.5 3.32813
32.52 3.49713
32.54 3.65873
32.56 3.78336
32.58 3.80281
32.6 3.68358
32.62 3.45615
32.64 3.18839
32.66 2.96184
32.68 2.82098
32.7 2.73938
32.72 2.68113
32.74 2.65334
32.76 2.67774
32.78 2.7678
32.8 2.91618
32.82 3.07243
32.84 3.18785
32.86 3.27762
32.88 3.38856
32.9 3.5396
32.92 3.70213
32.94 3.7997
32.96 3.75569
32.98 3.57052
33 3.31321
33.02 3.04817
33.04 2.81539
33.06 2.63548
33.08 2.51531
33.1 2.49003
33.12 2.6199
33.14 2.91088
33.16 3.28915
33.18 3.65133
33.2 3.90465
33.22 4.00714
33.24 3.98954
33.26 3.89255
33.28 3.71119
33.3 3.4324
33.32 3.07535
33.34 2.69687
33.36 2.39477
33.38 2.25891
33.4 2.3028
33.42 2.49079
33.44 2.79315
33.46 3.17992
33.48 3.61584
33.5 4.05753
33.52 4.42285
33.54 4.61349
33.56 4.58364
33.58 4.34915
33.6 3.9622
33.62 3.49791
33.64 3.01471
33.66 2.54455
33.68 2.14936
33.7 1.92208
33.72 1.91987
33.74 2.14354
33.76 2.54387
33.78 3.02361
33.8 3.49555
33.82 3.92369
33.84 4.27472
33.86 4.48711
33.88 4.50108
33.9 4.28932
33.92 3.8878
33.94 3.41116
33.96 2.98925
33.98 2.68875
34 2.52287
34.02 2.49072
34.04 2.5969
34.06 2.86881
34.08 3.31515
34.1 3.85252
34.12 4.33193
34.14 4.62789
34.16 4.67908
34.18 4.5034
34.2 4.17666
34.22 3.74941
34.24 3.22689
34.26 2.64031
34.28 2.07546
34.3 1.64344
34.32 1.45038
34.34 1.5431
34.36 1.87187
34.38 2.354
34.4 2.93243
34.42 3.56081
34.44 4.18336
34.46 4.7144
34.48 5.02945
34.5 5.03582
34.52 4.75485
34.54 4.29681
34.56 3.78877
34.58 3.32803
34.6 2.95042
34.62 2.6564
34.64 2.47651
34.66 2.46194
34.68 2.61741
34.7 2.88724
34.72 3.17384
34.74 3.36519
34.76 3.40508
34.78 3.31561
34.8 3.13354
34.82 2.88001
34.84 2.58327
34.86 2.2866
34.88 2.06543
34.9 2.03699
34.92 2.28443
34.94 2.78657
34.96 3.44764
34.98 4.14314
35 4.75191
35.02 5.19996
35.04 5.45158
35.06 5.46965
35.08 5.23603
35.1 4.77092
35.12 4.11337
35.14 3.34221
35.16 2.59455
35.18 2.01228
35.2 1.69435
35.22 1.68492
35.24 1.94643
35.26 2.38132
35.28 2.9138
35.3 3.49536
35.32 4.06006
35.34 4.52789
35.36 4.81446
35.38 4.8519
35.4 4.6525
35.42 4.31306
35.44 3.9262
35.46 3.53934
35.48 3.17616
35.5 2.85002
35.52 2.60335
35.54 2.52183
35.56 2.65992
35.58 2.98402
35.6 3.40119
35.62 3.803
35.64 4.10547
35.66 4.28828
35.68 4.3604
35.7 4.29939
35.72 4.07338
35.74 3.6863
35.76 3.18753
35.78 2.6824
35.8 2.30489
35.82 2.13356
35.84 2.1757
35.86 2.42288
35.88 2.85608
35.9 3.43089
35.92 4.07871
35.94 4.68126
35.96 5.08394
35.98 5.18247
36 4.9648
36.02 4.48381
36.04 3.83603
36.06 3.12826
36.08 2.44436
36.1 1.87836
36.12 1.55353
36.14 1.55822
36.16 1.89708
36.18 2.49228
36.2 3.19482
36.22 3.84763
36.24 4.36014
36.26 4.68686
36.28 4.77965
36.3 4.6013
36.32 4.14756
36.34 3.468
36.36 2.70193
36.38 2.03991
36.4 1.62138
36.42 1.50115
36.44 1.66431
36.46 2.04004
36.48 2.55174
36.5 3.14338
36.52 3.73505
36.54 4.20983
36.56 4.46455
36.58 4.44491
36.6 4.16962
36.62 3.74204
36.64 3.28411
36.66 2.86855
36.68 2.54279
36.7 2.3624
36.72 2.38273
36.74 2.65124
36.76 3.16966
36.78 3.83875
36.8 4.49869
36.82 5.01862
36.84 5.32402
36.86 5.40586
36.88 5.31723
36.9 5.10734
36.92 4.78056
36.94 4.33991
36.96 3.82507
36.98 3.32105
37 2.95485
37.02 2.82355
37.04 2.92171
37.06 3.17928
37.08 3.52798
37.1 3.91388
37.12 4.29819
37.14 4.6346
37.16 4.82768
37.18 4.77918
37.2 4.47734
37.22 4.00024
37.24 3.47087
37.26 3.01318
37.28 2.69381
37.3 2.51674
37.32 2.49284
37.34 2.65522
37.36 3.00503
37.38 3.48741
37.4 3.98794
37.42 4.35437
37.44 4.48509
37.46 4.38594
37.48 4.11876
37.5 3.74442
37.52 3.31485
37.54 2.87249
37.56 2.48482
37.58 2.27299
37.6 2.34126
37.62 2.69293
37.64 3.23671
37.66 3.83214
37.68 4.34211
37.7 4.69645
37.72 4.87872
37.74 4.85566
37.76 4.58492
37.78 4.07064
37.8 3.38766
37.82 2.68767
37.84 2.15414
37.86 1.89766
37.88 1.91516
37.9 2.14543
37.92 2.51829
37.94 2.98575
37.96 3.53266
37.98 4.1137
38 4.60573
38.02 4.87361
38.04 4.85331
38.06 4.56823
38.08 4.11477
38.1 3.60431
38.12 3.08866
38.14 2.58577
38.16 2.15256
38.18 1.8867
38.2 1.88897
38.22 2.21046
38.24 2.79091
38.26 3.48378
38.28 4.1593
38.3 4.73483
38.32 5.14237
38.34 5.32117
38.36 5.21065
38.38 4.76967
38.4 4.05152
38.42 3.2223
38.44 2.47291
38.46 1.94353
38.48 1.69677
38.5 1.70518
38.52 1.90248
38.54 2.25169
38.56 2.72728
38.58 3.26993
38.6 3.78417
38.62 4.14576
38.64 4.24801
38.66 4.09116
38.68 3.77733
38.7 3.41751
38.72 3.08883
38.74 2.83299
38.76 2.66806
38.78 2.63707
38.8 2.80746
38.82 3.18702
38.84 3.692
38.86 4.19299
38.88 4.55846
38.9 4.71119
38.92 4.66519
38.94 4.46779
38.96 4.13774
38.98 3.69255
39 3.18348
39.02 2.69508
39.04 2.34158
39.06 2.21395
39.08 2.3104
39.1 2.56266
39.12 2.90323
39.14 3.28362
39.16 3.67351
39.18 4.03933
39.2 4.29632
39.22 4.33438
39.24 4.1131
39.26 3.68929
39.28 3.1792
39.3 2.71466
39.32 2.37952
39.34 2.1879
39.36 2.14861
39.38 2.29468
39.4 2.63545
39.42 3.12772
39.44 3.66783
39.46 4.10238
39.48 4.31229
39.5 4.28303
39.52 4.06363
39.54 3.70731
39.56 3.26034
39.58 2.75421
39.6 2.23191
39.62 1.80169
39.64 1.59789
39.66 1.68691
39.68 2.0475
39.7 2.59544
39.72 3.2186
39.74 3.83729
39.76 4.40746
39.78 4.85373
39.8 5.06804
39.82 4.97401
39.84 4.56229
39.86 3.91325
39.88 3.18406
39.9 2.51702
39.92 1.98527
39.94 1.6367
39.96 1.51908
39.98 1.66698
40 2.09623
40.02 2.75887
40.04 3.51034
40.06 4.1781
40.08 4.63972
40.1 4.83146
40.12 4.74614
40.14 4.41618
40.16 3.87129
40.18 3.16305
40.2 2.4162
40.22 1.79429
40.24 1.43628
40.26 1.41922
40.28 1.72081
40.3 2.23908
40.32 2.87861
40.34 3.5723
40.36 4.23877
40.38 4.7786
40.4 5.08698
40.42 5.07277
40.44 4.72455
40.46 4.13923
40.48 3.4525
40.5 2.78193
40.52 2.22229
40.54 1.83659
40.56 1.67655
40.58 1.80508
40.6 2.23703
40.62 2.88504
40.64 3.59713
40.66 4.21235
40.68 4.60468
40.7 4.73134
40.72 4.61387
40.74 4.27431
40.76 3.74398
40.78 3.10337
40.8 2.47621
40.82 2.0132
40.84 1.84987
40.86 2.02483
40.88 2.47037
40.9 3.0856
40.92 3.77141
40.94 4.43445
40.96 4.99645
40.98 5.37341
41 5.47963
41.02 5.29333
41.04 4.87263
41.06 4.29628
41.08 3.64006
41.1 2.98162
41.12 2.39027
41.14 1.95056
41.16 1.76808
41.18 1.8982
41.2 2.30558
41.22 2.89662
41.24 3.54681
41.26 4.13931
41.28 4.61189
41.3 4.92632
41.32 5.02774
41.34 4.878
41.36 4.48441
41.38 3.90328
41.4 3.25286
41.42 2.67533
41.44 2.25998
41.46 2.04288
41.48 2.04692
41.5 2.27477
41.52 2.70446
41.54 3.2871
41.56 3.91243
41.58 4.42734
41.6 4.72048
41.62 4.75382
41.64 4.54368
41.66 4.15317
41.68 3.65531
41.7 3.10454
41.72 2.57702
41.74 2.18263
41.76 2.01079
41.78 2.09883
41.8 2.42235
41.82 2.88491
41.84 3.3717
41.86 3.81524
41.88 4.17212
41.9 4.39191
41.92 4.43334
41.94 4.26989
41.96 3.9102
41.98 3.44066
42 2.99237
42.02 2.66301
42.04 2.50261
42.06 2.52092
42.08 2.69156
42.1 2.99058
42.12 3.39892
42.14 3.84997
42.16 4.23381
42.18 4.45398
42.2 4.45284
42.22 4.23343
42.24 3.8687
42.26 3.44095
42.28 3.00033
42.3 2.5988
42.32 2.31056
42.34 2.21389
42.36 2.37042
42.38 2.78157
42.4 3.35302
42.42 3.94818
42.44 4.45942
42.46 4.81623
42.48 4.98664
42.5 4.96899
42.52 4.75515
42.54 4.34941
42.56 3.82206
42.58 3.28805
42.6 2.85726
42.62 2.61185
42.64 2.57072
42.66 2.69157
42.68 2.93777
42.7 3.29446
42.72 3.72169
42.74 4.14627
42.76 4.47527
42.78 4.60931
42.8 4.5045
42.82 4.20791
42.84 3.80116
42.86 3.35586
42.88 2.93863
42.9 2.60533
42.92 2.41089
42.94 2.42999
42.96 2.70387
42.98 3.18305
43 3.75847
43.02 4.30588
43.04 4.71731
43.06 4.94439
43.08 4.98561
43.1 4.82603
43.12 4.44775
43.14 3.88119
43.16 3.20886
43.18 2.56266
43.2 2.09615
43.22 1.90017
43.24 1.97535
43.26 2.28535
43.28 2.78006
43.3 3.39107
43.32 4.04463
43.34 4.64251
43.36 5.05296
43.38 5.1798
43.4 5.01046
43.42 4.59495
43.44 4.0251
43.46 3.40605
43.48 2.81453
43.5 2.32064
43.52 2.02463
43.54 2.01161
43.56 2.30165
43.58 2.84532
43.6 3.51951
43.62 4.16617
43.64 4.6734
43.66 4.98665
43.68 5.06764
43.7 4.89815
43.72 4.49192
43.74 3.89578
43.76 3.22115
43.78 2.62976
43.8 2.24834
43.82 2.13005
43.84 2.27322
43.86 2.63029
43.88 3.13845
43.9 3.74891
43.92 4.38503
43.94 4.92026
43.96 5.2344
43.98 5.2571
44 4.98416
44.02 4.49043
44.04 3.88611
44.06 3.25274
44.08 2.65882
44.1 2.19326
44.12 1.94465
44.14 1.98193
44.16 2.32718
44.18 2.90565
44.2 3.56912
44.22 4.18056
44.24 4.64258
44.26 4.89265
44.28 4.90873
44.3 4.6823
44.32 4.21368
44.34 3.56722
44.36 2.87648
44.38 2.28415
44.4 1.90557
44.42 1.80083
44.44 1.94857
44.46 2.29145
44.48 2.78588
44.5 3.37434
44.52 3.96615
44.54 4.4539
44.56 4.72164
44.58 4.69019
44.6 4.38064
44.62 3.8895
44.64 3.3227
44.66 2.77936
44.68 2.33844
44.7 2.05281
44.72 1.98343
44.74 2.18368
44.76 2.63215
44.78 3.23176
44.8 3.85573
44.82 4.37399
44.84 4.69941
44.86 4.8137
44.88 4.71593
44.9 4.4011
44.92 3.90291
44.94 3.30446
44.96 2.72402
44.98 2.30314
45 2.14362
45.02 2.25102
45.04 2.57459
45.06 3.05462
45.08 3.62233
45.1 4.2094
45.12 4.74044
45.14 5.10578
45.16 5.20605
45.18 5.02385
45.2 4.61312
45.22 4.06495
45.24 3.48774
45.26 2.96049
45.28 2.52986
45.3 2.26185
45.32 2.23237
45.34 2.47029
45.36 2.94148
45.38 3.54638
45.4 4.13511
45.42 4.58607
45.44 4.84956
45.46 4.90587
45.48 4.74423
45.5 4.37468
45.52 3.82559
45.54 3.17023
45.56 2.54929
45.58 2.10467
45.6 1.91079
45.62 1.97972
45.64 2.27277
45.66 2.71853
45.68 3.25502
45.7 3.82035
45.72 4.31258
45.74 4.61956
45.76 4.67409
45.78 4.46703
45.8 4.0599
45.82 3.56477
45.84 3.07157
45.86 2.63435
45.88 2.31506
45.9 2.18027
45.92 2.27747
45.94 2.62388
45.96 3.16321
45.98 3.76089
46 4.28899
46.02 4.67587
46.04 4.88691
46.06 4.91506
46.08 4.7632
46.1 4.42173
46.12 3.91479
46.14 3.34295
46.16 2.83644
46.18 2.50387
46.2 2.40673
46.22 2.53091
46.24 2.81623
46.26 3.21868
46.28 3.69625
46.3 4.16847
46.32 4.53219
46.34 4.68326
46.36 4.54762
46.38 4.14807
46.4 3.60174
46.42 3.03599
46.44 2.55003
46.46 2.21956
46.48 2.08942
46.5 2.19257
46.52 2.55605
46.54 3.14104
46.56 3.8233
46.58 4.45261
46.6 4.8987
46.62 5.08458
46.64 5.01435
46.66 4.72973
46.68 4.25683
46.7 3.63865
46.72 2.96691
46.74 2.36232
46.76 1.95903
46.78 1.85756
46.8 2.058
46.82 2.48102
46.84 3.03552
46.86 3.63114
46.88 4.1785
46.9 4.59711
46.92 4.79434
46.94 4.68797
46.96 4.28126
46.98 3.67005
47 2.98908
47.02 2.37728
47.04 1.93774
47.06 1.70943
47.08 1.70883
47.1 1.95271
47.12 2.41754
47.14 3.0313
47.16 3.68944
47.18 4.25559
47.2 4.60794
47.22 4.70034
47.24 4.54407
47.26 4.17408
47.28 3.65592
47.3 3.06995
47.32 2.50122
47.34 2.06326
47.36 1.86639
47.38 1.95117
47.4 2.28802
47.42 2.80147
47.44 3.38135
47.46 3.92976
47.48 4.38503
47.5 4.68291
47.52 4.75828
47.54 4.5885
47.56 4.19731
47.58 3.65512
47.6 3.08431
47.62 2.60206
47.64 2.26985
47.66 2.12028
47.68 2.1711
47.7 2.41186
47.72 2.81527
47.74 3.32244
47.76 3.81594
47.78 4.16801
47.8 4.30541
47.82 4.21253
47.84 3.92653
47.86 3.52655
47.88 3.08489
47.9 2.66005
47.92 2.33332
47.94 2.18838
47.96 2.26877
47.98 2.57609
48 3.05667
48.02 3.60164
48.04 4.10903
48.06 4.51327
48.08 4.75924
48.1 4.80691
48.12 4.64382
48.14 4.27602
48.16 3.7557
48.18 3.2
48.2 2.73086
48.22 2.4286
48.24 2.33693
48.26 2.45392
48.28 2.74319
48.3 3.17216
48.32 3.69343
48.34 4.21094
48.36 4.61406
48.38 4.81526
48.4 4.76302
48.42 4.47574
48.44 4.03398
48.46 3.51782
48.48 2.99665
48.5 2.55237
48.52 2.26164
48.54 2.18457
48.56 2.361
48.58 2.76322
48.6 3.28843
48.62 3.82223
48.64 4.26847
48.66 4.55114
48.68 4.63472
48.7 4.50976
48.72 4.16881
48.74 3.64799
48.76 3.05127
48.78 2.50394
48.8 2.12188
48.82 1.98627
48.84 2.10014
48.86 2.4101
48.88 2.86315
48.9 3.3988
48.92 3.931
48.94 4.37014
48.96 4.62603
48.98 4.62547
49 4.36943
49.02 3.92922
49.04 3.39254
49.06 2.85027
49.08 2.39037
49.1 2.07635
49.12 1.96577
49.14 2.11354
49.16 2.51356
49.18 3.08411
49.2 3.70813
49.22 4.25595
49.24 4.62244
49.26 4.76891
49.28 4.69427
49.3 4.40027
49.32 3.92011
49.34 3.32956
49.36 2.73091
49.38 2.25455
49.4 2.01716
49.42 2.05528
49.44 2.33598
49.46 2.79948
49.48 3.36172
49.5 3.9315
49.52 4.42824
49.54 4.75676
49.56 4.82656
49.58 4.61434
49.6 4.16475
49.62 3.56152
49.64 2.91923
49.66 2.34506
49.68 1.90719
49.7 1.66698
49.72 1.68381
49.74 1.97039
49.76 2.48442
49.78 3.13376
49.8 3.77789
49.82 4.28518
49.84 4.58903
49.86 4.66439
49.88 4.50457
49.9 4.13476
49.92 3.60062
49.94 2.97431
49.96 2.38353
49.98 1.96997
50 1.81934
50.02 1.95522
50.04 2.3456
50.06 2.90361
50.08 3.53372
50.1 4.15017
50.12 4.64407
50.14 4.90516
50.16 4.87235
50.18 4.5425
50.2 3.98144
50.22 3.32221
50.24 2.69785
50.26 2.19803
50.28 1.89355
50.3 1.83526
50.32 2.0372
50.34 2.48463
50.36 3.11147
50.38 3.78115
50.4 4.34659
50.42 4.70786
50.44 4.80925
50.46 4.64534
50.48 4.25644
50.5 3.68935
50.52 3.00954
50.54 2.33603
50.56 1.8083
50.58 1.53858
50.6 1.59258
50.62 1.95692
50.64 2.54223
50.66 3.24575
50.68 3.96442
50.7 4.57329
50.72 4.95193
50.74 5.0125
50.76 4.71845
50.78 4.12917
50.8 3.4007
50.82 2.70054
50.84 2.14223
50.86 1.78409
50.88 1.62901
50.9 1.65899
50.92 1.89011
50.94 2.32847
50.96 2.9094
50.98 3.52544
51 4.06033
51.02 4.4214
51.04 4.59222
51.06 4.60526
51.08 4.45708
51.1 4.11505
51.12 3.58183
51.14 2.92043
51.16 2.2645
51.18 1.79607
51.2 1.65233
51.22 1.85307
51.24 2.31426
51.26 2.8933
51.28 3.45867
51.3 3.95005
51.32 4.3307
51.34 4.52362
51.36 4.4555
51.38 4.11557
51.4 3.56382
51.42 2.93328
51.44 2.3846
51.46 2.02227
51.48 1.88526
51.5 1.98639
51.52 2.31286
51.54 2.82357
51.56 3.45289
51.58 4.07687
51.6 4.52528
51.62 4.6783
51.64 4.52704
51.66 4.15613
51.68 3.69329
51.7 3.23549
51.72 2.81284
51.74 2.44296
51.76 2.17902
51.78 2.0894
51.8 2.22635
51.82 2.58714
51.84 3.07807
51.86 3.56438
51.88 3.95628
51.9 4.21305
51.92 4.3147
51.94 4.25654
51.96 4.03096
51.98 3.64424
52 3.17576
52.02 2.75958
52.04 2.49928
52.06 2.43367
52.08 2.53932
52.1 2.74313
52.12 2.98794
52.14 3.27122
52.16 3.58765
52.18 3.89351
52.2 4.12499
52.22 4.20631
52.24 4.09214
52.26 3.81777
52.28 3.45903
52.3 3.07334
52.32 2.70886
52.34 2.40987
52.36 2.21331
52.38 2.17247
52.4 2.32558
52.42 2.63552
52.44 3.01507
52.46 3.38471
52.48 3.68509
52.5 3.88922
52.52 3.99986
52.54 4.00338
52.56 3.87521
52.58 3.63363
52.6 3.33615
52.62 3.05219
52.64 2.85465
52.66 2.77887
52.68 2.79979
52.7 2.88559
52.72 3.0257
52.74 3.20092
52.76 3.37835
52.78 3.51585
52.8 3.55695
52.82 3.4741
52.84 3.30609
52.86 3.11243
52.88 2.93284
52.9 2.79329
52.92 2.6997
52.94 2.65534
52.96 2.69753
52.98 2.86094
53 3.12193
53.02 3.41746
53.04 3.67668
53.06 3.83926
53.08 3.89891
53.1 3.89329
53.12 3.83278
53.14 3.69671
53.16 3.47767
53.18 3.1958
53.2 2.91395
53.22 2.7288
53.24 2.69703
53.26 2.79966
53.28 2.99045
53.3 3.2264
53.32 3.47525
53.34 3.73041
53.36 3.97641
53.38 4.15314
53.4 4.20343
53.42 4.1198
53.44 3.93048
53.46 3.68746
53.48 3.44368
53.5 3.2098
53.52 2.97919
53.54 2.78664
53.56 2.69132
53.58 2.73436
53.6 2.92565
53.62 3.21836
53.64 3.5234
53.66 3.78164
53.68 3.97434
53.7 4.08213
53.72 4.08347
53.74 3.95652
53.76 3.68165
