0.1 233.767 -233.767
0.2 466.982 -466.982
0.3 699.645 -699.645
0.4 931.757 -931.757
0.5 1163.32 -1163.32
0.6 1394.32 -1394.32
0.7 1624.77 -1624.77
0.8 1854.67 -1854.67
0.9 2084.02 -2084.02
1 2312.81 -2312.81
0.02 2262.69 -2362.92
0.04 2085.07 -2540.54
0.06 1805.23 -2820.36
0.08 1513.47 -3112.1
0.1 1244.31 -3381.2
0.12 978.405 -3647.04
0.14 720.825 -3904.57
0.16 549.195 -4076.17
0.18 564.14 -4061.23
0.2 800.879 -3824.54
0.22 1171.63 -3453.86
0.24 1507.36 -3118.19
0.26 1686.88 -2938.71
0.28 1719.03 -2906.57
0.3 1684.77 -2940.83
0.32 1624.51 -3001.07
0.34 1521.85 -3103.69
0.36 1377.66 -3247.85
0.38 1248.77 -3376.74
0.4 1186.3 -3439.23
0.42 1177.65 -3447.89
0.44 1169.72 -3455.81
0.46 1167.32 -3458.18
0.48 1270.81 -3354.69
0.5 1590.93 -3034.61
0.52 2079.04 -2546.56
0.54 2494.81 -2130.8
0.56 2688.03 -1937.55
0.58 2663.78 -1961.8
0.6 2377.19 -2248.42
0.62 1708.12 -2917.47
0.64 622.954 -4002.41
0.66 -629.954 -5254.86
0.68 -1634.11 -6258.47
0.7 -2114.66 -6738.59
0.72 -2007.26 -6631.14
0.74 -1355.66 -5979.96
0.76 -198.941 -4823.93
0.78 1446.29 -3179.24
0.8 3499.47 -1126.02
0.82 5706.98 1082.32
0.84 7688.02 3064.8
0.86 7867.86 3246.06
0.88 8008.37 3387.54
0.9 8156.79 3535.95
0.92 8257.01 3635.53
0.94 8067.23 3445.38
0.96 6807.45 2185.44
0.98 5096.08 473.419
1 3811.03 -812.824
1.02 3361.47 -1263.73
1.04 3538.34 -1087.85
1.06 3985 -641.14
1.08 4647.03 22.3242
1.1 5780.3 1158.03
1.12 7510.77 2891.18
1.14 8327.69 3709.73
1.16 8516.42 3898.16
1.18 8569.8 3949.91
1.2 6268.92 1647.08
1.22 1767.86 -2856.09
1.24 -2459.51 -7084.96
1.26 -2794.56 -7418.92
1.28 -3111.7 -7732.18
1.3 -3487.78 -8105.37
1.32 -3856.91 -8475.32
1.34 -4034.44 -8656.02
1.36 -1990.63 -6614.5
1.38 3033.86 -1590.54
1.4 7221.43 2596.14
1.42 7818.47 3194.7
1.44 8512.66 3898.2
1.46 9427.36 4823.11
1.48 10515.9 5918.22
1.5 11643.8 7062.64
1.52 12706.4 8141.29
1.54 13615.4 9055.45
1.56 14286 9741.28
1.58 14691.3 10168.9
1.6 14871.7 10352.5
1.62 14832.3 10321.9
1.64 13639.5 9150.24
1.66 8262.93 3761.39
1.68 2957.42 -1561.95
1.7 2159.8 -2395.28
1.72 1270.57 -3354.99
1.74 -35.3894 -4678.05
1.76 -1787.52 -6413.31
1.78 -3843.71 -8467
1.8 -6092.39 -10687.5
1.82 -8363.72 -12950.5
1.84 -10494.7 -15061.4
1.86 -12361.1 -16818.7
1.88 -13776.6 -18210.6
1.9 -14719.1 -19140
1.92 -15261 -19523.2
1.94 -15331.5 -19554
1.96 -15033.8 -19289.1
1.98 -13887.1 -18041.4
2 -9968.63 -14095.5
2.02 -4576.28 -8839.14
2.04 -3027.61 -7423.5
2.06 -2294.19 -6765.79
2.08 -1003.97 -5525.1
2.1 912.268 -3643.02
2.12 3469.67 -1131.49
2.14 6561.83 1932.78
2.16 9981.34 5361.28
2.18 13324.2 8744.04
2.2 16026 11539
2.22 17834.4 13405.3
2.24 18761 14426.1
2.26 19008.5 14779.8
2.28 18879.8 14707.2
2.3 18666.2 14515.5
2.32 18575.5 14490.8
2.34 18820.3 14756.8
2.36 19430.4 15230.9
2.38 19993.8 15675
2.4 19651.9 15309.5
2.42 15894.2 11575.4
2.44 9150.63 4789.12
2.46 7953.51 3539.73
2.48 6376.59 1960.51
2.5 4662.12 182.564
2.52 2957.52 -1580.18
2.54 1435.64 -3126.51
2.56 197.448 -4396.15
2.58 -909.572 -5531.8
2.6 -2123.89 -6752.04
2.62 -3547.51 -8170.37
2.64 -5221.33 -9815.42
2.66 -7149.3 -11701.4
2.68 -9278.47 -13781.6
2.7 -11543.3 -15947
2.72 -13803.9 -18119
2.74 -15921.6 -20167.4
2.76 -17785.7 -21925.8
2.78 -19256.7 -23285.9
2.8 -20217.3 -24227
2.82 -20741.8 -24696.6
2.84 -20906 -24781.7
2.86 -20608.3 -24528.4
2.88 -17899.2 -21821.8
2.9 -13684.7 -17628.1
2.92 -9641.78 -13774.3
2.94 -9020.91 -13337.3
2.96 -8095.33 -12397.9
2.98 -6693.54 -10998.3
3 -4823.71 -9250.22
3.02 -2744.8 -7183.36
3.04 -658.952 -5109.35
3.06 1251.93 -3279.04
3.08 2835.18 -1727.83
3.1 4075.53 -494.56
3.12 5040.16 434.169
3.14 5819.38 1191.12
3.16 6560.41 1935.93
3.18 7429.55 2804.63
3.2 8492.91 3886.8
3.22 9733.02 5142.77
3.24 11127.4 6570.11
3.26 12701.5 8207.42
3.28 14482.9 10019.3
3.3 16411.5 11975.4
3.32 18371 14038.5
3.34 20198.9 15911.9
3.36 21472.6 17169.8
3.38 21857.4 17653.3
3.4 20359 16163.5
3.42 13863 9598.72
3.44 9960.34 5720.84
3.46 9385.5 5109.23
3.48 8831 4365.09
3.5 7764.29 3210.29
3.52 6046.99 1539.18
3.54 3925.4 -641.879
3.56 1557.01 -3054.42
3.58 -823.065 -5422.74
3.6 -2922.59 -7540.32
3.62 -4622.22 -9245.5
3.64 -5883.14 -10504.1
3.66 -6692.05 -11309.2
3.68 -7109.23 -11684.9
3.7 -7218.72 -11781.6
3.72 -7157.17 -11719.6
3.74 -7084.22 -11590.1
3.76 -7076.71 -11569.3
3.78 -7241.29 -11750.8
3.8 -7684.78 -12162.7
3.82 -8270.7 -12768.7
3.84 -8613.68 -13224.5
3.86 -6283.33 -10887.5
3.88 324.111 -4214.51
3.9 3066.54 -1523.11
3.92 3902.25 -706.297
3.94 4698.55 109.024
3.96 5574.11 956.361
3.98 6474.98 1843.23
4 7253.94 2632.44
4.02 7839.11 3214.73
4.04 8266.96 3648.08
4.06 8615.35 3996.61
4.08 8894.63 4280.45
4.1 9147.62 4557.38
4.12 9485.55 4891.01
4.14 9939.7 5341.38
4.16 10510.7 5945.19
4.18 11204.3 6634.5
4.2 11890.8 7276.26
4.22 12367.4 7791.48
4.24 12693.1 8153.84
4.26 13048.8 8482.63
4.28 13491.2 8966.1
4.3 14090.8 9605.53
4.32 14850.6 10331.8
4.34 15608 11113.2
4.36 16134.9 11714.2
4.38 16262.4 11796.3
4.4 13431.9 8941.77
4.42 7977.66 3551.6
4.44 4853.64 354.11
4.46 4321.62 -280.217
4.48 3305.66 -1301.1
4.5 1614.97 -3002.09
4.52 -660.817 -5294.15
4.54 -3257.31 -7881.84
4.56 -5836.84 -10460.4
4.58 -8128.72 -12716.3
4.6 -9865.23 -14439.2
4.62 -10860.3 -15434.8
4.64 -11068.9 -15567.6
4.66 -10464.1 -14942.5
4.68 -5117.19 -9619.66
4.7 147.285 -4323.21
4.72 1290.63 -3154.18
4.74 -1766.93 -6275.87
4.76 -5342 -9920.64
4.78 -4559.44 -9143.35
4.8 1368.13 -3223.04
4.82 2528.87 -2074.45
4.84 4145.37 -466.939
4.86 5889.75 1270.01
4.88 7303.28 2680.18
4.9 8173.78 3549.11
4.92 8495.29 3871.57
4.94 8344.17 3721.18
4.96 6497.73 1874.51
4.98 2047.07 -2578.47
5 -3340.93 -7969.72
5.02 -3800.21 -8428.46
5.04 -3914.01 -8529.71
5.06 -4136.05 -8735.86
5.08 -4618.56 -9219.45
5.1 -5329.71 -9924.73
5.12 -6178.62 -10747.3
5.14 -7040.01 -11620.6
5.16 -7818.09 -12416.2
5.18 -8450.87 -13005.7
5.2 -8913.27 -13440
5.22 -9245.11 -13791.7
5.24 -9468.68 -13987.5
5.26 -9502.21 -13998.7
5.28 -8642.61 -13172.8
5.3 -7353.68 -11872.8
5.32 -7059.81 -11560.5
5.34 -7305.88 -11847.7
5.36 -6814.63 -11382.1
5.38 -4537.35 -9085.56
5.4 -452.769 -5017.43
5.42 1848.53 -2743.17
5.44 2369.06 -2217.87
5.46 3028.17 -1585.29
5.48 3853.23 -782.586
5.5 4778.12 156.644
5.52 5711.65 1092.41
5.54 6555.19 1928.63
5.56 7279.57 2654.08
5.58 7945.52 3321.27
5.6 8618.33 3998.18
5.62 9342.49 4726.54
5.64 10140.4 5525.43
5.66 10975.3 6381.01
5.68 11766.7 7185.82
5.7 12391.9 7810.84
5.72 12768.2 8215.22
5.74 12945.9 8416.17
5.76 13014.7 8474.83
5.78 13003 8479.01
5.8 12938.9 8441.77
5.82 12493 7971.69
5.84 10845.8 6313.25
5.86 8053.53 3507.94
5.88 3860.13 -747.224
5.9 1887.84 -2745.88
5.92 1207.09 -3406.89
5.94 418.306 -4199.59
5.96 -333.009 -4960.09
5.98 -889.009 -5502.31
6 -1147.7 -5765.72
6.02 -1189.89 -5824.94
6.04 -1173.47 -5799.76
6.06 -1149.04 -5770.11
6.08 -1092.25 -5726.54
6.1 -488.65 -5119.78
6.12 479.485 -4139.32
6.14 1442.61 -3182.93
6.16 2506.32 -2115.28
6.18 4008.64 -593.631
6.2 5896.71 1284.45
6.22 7680.77 3062.34
6.24 8649.08 4051.9
6.26 8281.06 3681.82
6.28 6757.9 2148.15
6.3 4811.84 210.469
6.32 2988.61 -1622.67
6.34 1212.89 -3423
6.36 -765.181 -5393.99
6.38 -1208.42 -5829.68
6.4 -1364.46 -5998.26
6.42 -1477.72 -6106.06
6.44 -1344.46 -5962.74
6.46 -80.2853 -4707.92
6.48 1593.81 -3035.9
6.5 2653.48 -1961.58
6.52 2746.72 -1871.92
6.54 2350.62 -2273.81
6.56 2019.28 -2591.99
6.58 1859.96 -2759.26
6.6 1594.36 -3039.31
6.62 1090 -3533.1
6.64 534.337 -4086.07
6.66 209.506 -4419.43
6.68 486.648 -4134.24
6.7 1408.33 -3206.58
6.72 2415.18 -2214.65
6.74 2882.32 -1743.02
6.76 2741.51 -1869.73
6.78 2511.4 -2110.37
6.8 2778.92 -1842.67
6.82 3697.64 -913.253
6.84 4998.32 377.27
6.86 6381.04 1755.61
6.88 7443.29 2840.42
6.9 7659.16 3059.46
6.92 7001.79 2390.36
6.94 5913.87 1311.95
6.96 4573.35 -39.4194
6.98 2711.6 -1922.82
7 83.1939 -4544.05
7.02 -1625.98 -6248.66
7.04 -1955.57 -6585.59
7.06 -2229.08 -6855.86
7.08 -2382.54 -7005.15
7.1 -2385.38 -7014.61
7.12 -1376.44 -6006.33
7.14 718.977 -3903.79
7.16 3094.47 -1533.28
7.18 4887.89 263.175
7.2 5894.95 1288
7.22 6532.53 1923.55
7.24 6912.73 2292.86
7.26 6403.67 1788.75
7.28 4428.55 -191.839
7.3 1329.8 -3301.05
7.32 -1648.19 -6272.07
7.34 -2456.92 -7080.28
7.36 -2215.78 -6846.5
7.38 -655.626 -5283.7
7.4 1231.69 -3391.11
7.42 2784.49 -1843.77
7.44 4290.85 -331.347
7.46 6388.67 1783.18
7.48 8473.88 3861
7.5 8700.79 4083.36
7.52 8804.66 4202.28
7.54 8016.28 3401.91
7.56 5699.34 1075.59
7.58 2853.96 -1759.42
7.6 614.243 -4005.84
7.62 -452.519 -5085.91
7.64 -384.946 -5012.25
7.66 555.078 -4068.16
7.68 2053.39 -2579.71
7.7 3946.35 -673.636
7.72 6400.84 1798.4
7.74 8866.65 4254.37
7.76 9212.29 4604.89
7.78 9544.84 4954.88
7.8 9783.46 5174.39
7.82 9765.63 5148.48
7.84 7374.27 2782.71
7.86 3634.79 -971.361
7.88 -87.9341 -4714.83
7.9 -1301.73 -5924.08
7.92 -1532.44 -6161.41
7.94 -1864.8 -6498.15
7.96 -2283.99 -6910.24
7.98 -2693.91 -7318.79
8 -3015.66 -7640.92
8.02 -3229.9 -7853.93
8.04 -3334.52 -7958.57
8.06 -3345.27 -7968
8.08 -3163.68 -7786.85
8.1 -2619.52 -7243.52
8.12 -1908.96 -6532.9
8.14 -1109.83 -5734.15
8.16 -154.264 -4778.27
8.18 1018.43 -3605.92
8.2 2220.87 -2404.53
8.22 3014.18 -1608.53
8.24 3080.72 -1543.01
8.26 2537.7 -2088.04
8.28 1868.92 -2754.59
8.3 1608.29 -3015.5
8.32 1990.76 -2635.1
8.34 2848.92 -1775.5
8.36 3870.23 -752.237
8.38 4930.17 305.124
8.4 6063.78 1441.71
8.42 7204.89 2588.09
8.44 7580.84 2958.53
8.46 7609.26 2987.07
8.48 6843.94 2225.55
8.5 5371.47 748.291
8.52 3260.38 -1364.68
8.54 -87.5072 -4711.22
8.56 -3436 -8059.37
8.58 -3937.25 -8552.97
8.6 -4539.25 -9158.05
8.62 -5204.12 -9818.84
8.64 -5873.22 -10461.6
8.66 -6462.31 -11059.3
8.68 -6922.68 -11522.7
8.7 -7225.32 -11787.7
8.72 -7314.91 -11879.8
8.74 -7203.27 -11793.3
8.76 -5904.4 -10461.1
8.78 -3917.32 -8472.01
8.8 -2080.56 -6676.72
8.82 -389.47 -4982.9
8.84 1978.81 -2632.07
8.86 3905.12 -742.832
8.88 4459.05 -173.301
8.9 5210.68 599.627
8.92 6020.68 1398.71
8.94 6774.06 2149.32
8.96 7510.79 2887.07
8.98 8197.28 3577.68
9 8705.46 4092.17
9.02 9005.76 4385.24
9.04 9107.21 4496.3
9.06 8682.54 4077.39
9.08 6101.71 1483.36
9.1 2293.19 -2328.19
9.12 -1777.17 -6399.12
9.14 -2109.72 -6735.89
9.16 -2642.56 -7262.58
9.18 -3321.87 -7944.49
9.2 -3869.64 -8489.08
9.22 -3934.61 -8553.13
9.24 1168.15 -3458.41
9.26 7298.46 2674.63
9.28 7855.89 3230.3
9.3 8198.94 3582.05
9.32 8472.96 3863.21
9.34 8709.85 4088.32
9.36 8808.38 4198.14
9.38 7520.75 2913.94
9.4 3480.78 -1145.5
9.42 -2060.18 -6686.07
9.44 -2641.3 -7265.23
9.46 -3310.97 -7926.03
9.48 -4018.5 -8625.14
9.5 -4539.68 -9166.28
9.52 -4613.82 -9230.97
9.54 -572.229 -5182.25
9.56 4650.89 24.6884
9.58 6572.18 1947.8
9.6 6657.39 2034.22
9.62 6719.82 2091.13
9.64 6939.64 2313.1
9.66 7334.9 2710.69
9.68 7690.12 3066.06
9.7 7710.11 3087.73
9.72 4658.03 33.564
9.74 739.565 -3885.8
9.76 -1471.04 -6099.57
9.78 -1452.23 -6072.62
9.8 -503.475 -5122.39
9.82 39.1725 -4584.06
9.84 327.592 -4295.21
9.86 1895.95 -2727.77
9.88 5876.25 1254.27
9.9 7963.96 3346.33
9.92 8614.57 3988.73
9.94 9106.3 4494.29
9.96 9294.28 4682.01
9.98 8037.45 3412.69
10 4880.33 269.457
10.02 2171.13 -2438.99
10.04 1230.99 -3398.36
10.06 1285.57 -3345.81
10.08 488.581 -4135.27
10.1 -1523.2 -6153.65
10.12 -1853.09 -6478.24
10.14 -1693.93 -6310.81
10.16 247.905 -4376.97
10.18 2384.42 -2247.71
10.2 2934.41 -1687.74
10.22 1613.67 -3009.86
10.24 43.0887 -4584.25
10.26 346.586 -4270.12
10.28 3205.05 -1413.44
10.3 7391.16 2755.76
10.32 9360.89 4744.54
10.34 9438.24 4839.19
10.36 9383.07 4768.75
10.38 8489.49 3880.7
10.4 6719.41 2123.68
10.42 4538.36 -79.0289
10.44 1341.66 -3287.52
10.46 -1635.91 -6260.14
10.48 -2206.9 -6834.1
10.5 -2949.1 -7570.09
10.52 -3665.93 -8290.54
10.54 -4108.13 -8731.61
10.56 -4132.11 -8746.56
10.58 -1707.38 -6327.36
10.6 1256.38 -3364.23
10.62 2778.07 -1839.32
10.64 2791.37 -1834.98
10.66 2749.84 -1881.54
10.68 3778.63 -846.173
10.7 5095.42 471.089
10.72 4571.57 -52.9501
10.74 969.202 -3648.63
10.76 -4147.44 -8762.73
10.78 -4618.97 -9245.54
10.8 -4869.19 -9478.7
10.82 -4911.49 -9507.44
10.84 -4394.09 -9009.76
10.86 -3003.58 -7612.92
10.88 -1247.08 -5851.67
10.9 547.735 -4077.5
10.92 2439.49 -2190.88
10.94 4732.93 111.529
10.96 6097.42 1470.96
10.98 6373.03 1744.21
11 6623.73 2001.74
11.02 6813.45 2189.02
11.04 6913.4 2287.16
11.06 6915.93 2291.55
11.08 5849.72 1224.99
11.1 3847.73 -779.782
11.12 1423.63 -3199.13
11.14 -926.796 -5542.37
11.16 -2661.03 -7282.49
11.18 -3308.07 -7925.9
11.2 -2817.68 -7429.83
11.22 -1591.63 -6216.15
11.24 -171.456 -4796.49
11.26 947.814 -3672.07
11.28 1438.42 -3186.18
11.3 1152.47 -3473.65
11.32 201.407 -4417.59
11.34 -1000.65 -5620.86
11.36 -2010.54 -6636.18
11.38 -2698.31 -7313.28
11.4 -3247.13 -7862.03
11.42 -3908.37 -8532.05
11.44 -4018.45 -8632.8
11.46 -4166.98 -8777.68
11.48 -4325.47 -8946.73
11.5 -4465.73 -9080.42
11.52 -4557.88 -9160.5
11.54 -4576.4 -9193.58
11.56 -3988.11 -8604.98
11.58 -2479.49 -7084.57
11.6 -91.6254 -4713.02
11.62 2966.37 -1660.33
11.64 6304.52 1682.55
11.66 6647.05 2020.75
11.68 7141.63 2517.75
11.7 7828.77 3205.91
11.72 8618.26 3995.23
11.74 9374.67 4769.24
11.76 10075.7 5463.12
11.78 10745.6 6142.11
11.8 11461.1 6904.03
11.82 12315.7 7743.87
11.84 13255.7 8676.59
11.86 14177 9669.71
11.88 14998.4 10503.2
11.9 15538.7 10996.1
11.92 15571.3 11110.7
11.94 13939.2 9502.24
11.96 9158.28 4633.68
11.98 4019.75 -460.95
12 3619.85 -877.002
12.02 3242.04 -1399.11
12.04 2402.95 -2245.9
12.06 1080.68 -3510.24
12.08 -504.181 -5134.52
12.1 -2264.45 -6900
12.12 -4033.5 -8659.2
12.14 -5645.69 -10265.5
12.16 -7020.58 -11598.7
12.18 -8042.62 -12655.7
12.2 -8733.44 -13333.5
12.22 -9151.05 -13650.8
12.24 -9274.59 -13808.9
12.26 -9219.07 -13777.7
12.28 -9095.33 -13526
12.3 -8861.26 -13313.5
12.32 -8637.1 -13166.7
12.34 -7869.16 -12298.3
12.36 -6485.8 -10949.9
12.38 -3439.74 -8080.65
12.4 1963.04 -2641.46
12.42 2545.26 -2000.36
12.44 3329.04 -1312.56
12.46 4155.02 -484.796
12.48 4981.33 392.444
12.5 5817.4 1186.79
12.52 6600.53 1960.87
12.54 7303.49 2684.55
12.56 7899.48 3275.21
12.58 8372.98 3755.42
12.6 8741.78 4117.89
12.62 8965.99 4343.56
12.64 9048.2 4452.58
12.66 9066.56 4454.01
12.68 9014.24 4391.26
12.7 8635.39 4041.99
12.72 7925.27 3319.23
12.74 6751.61 2120.58
12.76 4413.44 -202.674
12.78 632.103 -3988.68
12.8 -1991.08 -6623.17
12.82 -2372.45 -6996.96
12.84 -2624.85 -7248.71
12.86 -2677.62 -7301.85
12.88 -1064.73 -5689.58
12.9 2072.3 -2548.86
12.92 5614.41 986.697
12.94 8237.36 3613.43
12.96 8376.11 3775.19
12.98 8589.74 3976.38
13 8870.35 4245.23
13.02 9098.77 4498.29
13.04 9202.82 4587.04
13.06 8373.16 3739.81
13.08 6935.48 2332.69
13.1 6363.96 1760.81
13.12 7324.06 2694.34
13.14 8857.42 4244.92
13.16 9054.81 4451.42
13.18 7031.52 2401.1
13.2 3675.99 -940.88
13.22 482.62 -4125.95
13.24 -1757.42 -6387.98
13.26 -1836.1 -6468.54
13.28 -2068.49 -6691.84
13.3 -2444.81 -7070.01
13.32 -2807.35 -7430.34
13.34 -2951.37 -7576.95
13.36 -1691.79 -6316.09
13.38 650.411 -3975.31
13.4 2730.02 -1893.81
13.42 3810.86 -812.289
13.44 4238.86 -387.965
13.46 4500.18 -119.807
13.48 4493.53 -123.947
13.5 3974.24 -652.33
13.52 2670.22 -1955.26
13.54 331.653 -4292.18
13.56 -2589.76 -7212.08
13.58 -3084.71 -7705.91
13.6 -3243.62 -7871
13.62 -3238.19 -7859.39
13.64 -2231.97 -6851.11
13.66 -920.115 -5545.13
13.68 43.87 -4579.74
13.7 812.931 -3809.77
13.72 2020.09 -2604.57
13.74 4079.08 -544.158
13.76 6671.61 2045.14
13.78 7829.59 3209.08
13.8 8042.96 3427.55
13.82 8244.94 3618.46
13.84 8356.39 3739.59
13.86 7978.49 3371.52
13.88 5254.28 628.649
13.9 785.874 -3839.66
13.92 -2649.74 -7273.79
13.94 -3097 -7715.29
13.96 -3643.82 -8252.38
13.98 -4225.15 -8851.91
14 -4693.54 -9308.58
14.02 -4861.79 -9460.94
14.04 -3188.98 -7816.12
14.06 -163.164 -4782.37
14.08 1889.61 -2712.34
14.1 2141.81 -2485.71
14.12 1303.97 -3333.29
14.14 848.545 -3766.27
14.16 1593.14 -3031.08
14.18 2999.38 -1629.01
14.2 4107.35 -500.583
14.22 4905.57 287.682
14.24 6091.44 1453.73
14.26 6425.22 1798.78
14.28 7139.82 2515.82
14.3 8064.32 3451.62
14.32 8899.57 4275.26
14.34 9343.63 4706.13
14.36 9335.97 4739.61
14.38 8494.65 3895.97
14.4 7534.21 2909.79
14.42 7404.75 2802.88
14.44 7588.49 2987.45
14.46 6636.56 1998.25
14.48 3761.27 -861.97
14.5 -167.302 -4779.87
14.52 -1833.5 -6463.86
14.54 -1970.66 -6598.65
14.56 -2016.57 -6637.42
14.58 -2066.86 -6696.1
14.6 -2198.14 -6827.54
14.62 -2383.24 -7004.48
14.64 -2508.91 -7133.17
14.66 -2508.69 -7135.49
14.68 -1744.11 -6366.94
14.7 -606.525 -5231.63
14.72 345.797 -4285.13
14.74 1224.5 -3397.35
14.76 2628.17 -1989.23
14.78 5058.9 430.793
14.8 8004.87 3387.31
14.82 8526.09 3920.5
14.84 7809.97 3182.04
14.86 4932.62 310.637
14.88 1489.57 -3125.36
14.9 -1076.31 -5703.38
14.92 -2247.65 -6876.15
14.94 -2259.74 -6883.16
14.96 -2209.39 -6835.81
14.98 -1960.66 -6589.16
15 -878.998 -5498.82
15.02 1661.76 -2958.75
15.04 5366.34 733.906
15.06 8630.6 4016.82
15.08 8860.77 4254.33
15.1 9026.2 4401.43
15.12 9150.68 4548.69
15.14 9260.24 4671.71
15.16 8833.78 4207.07
15.18 6411.72 1788.87
15.2 2388.5 -2219.35
15.22 -1587.72 -6218.33
15.24 -1857.75 -6488.51
15.26 -2049.77 -6671.18
15.28 -2218.72 -6845.76
15.3 -2408.11 -7035.36
15.32 -2564.15 -7187
15.34 -2580.6 -7204.54
15.36 -1445.68 -6073.2
15.38 488.44 -4135.06
15.4 2228.62 -2394.09
15.42 3212.53 -1417.83
15.44 3984.47 -634.315
15.46 5465.69 853.721
15.48 7767.68 3140.85
15.5 8528.4 3907.43
15.52 8660.93 4055.29
15.54 8662.83 4038.24
15.56 7920.15 3298.49
15.58 7267.05 2665.82
15.6 7324.98 2704.75
15.62 7523.2 2893.78
15.64 6546.66 1935.4
15.66 3740.46 -880.885
15.68 -225.388 -4854.11
15.7 -2439.96 -7062.47
15.72 -2649.44 -7273.49
15.74 -2837.38 -7458.23
15.76 -3088.3 -7710.53
15.78 -3343.85 -7969.46
15.8 -3488.6 -8105.79
15.82 -2823.45 -7446.81
15.84 -957.761 -5584.51
15.86 979.728 -3641.74
15.88 2036.83 -2586.04
15.9 2262.76 -2362.85
15.92 2588.05 -2036.24
15.94 3740.69 -883.518
15.96 5344.77 722.1
15.98 6109.38 1485.36
16 4970.87 345.812
16.02 2264.24 -2361.11
16.04 -435.312 -5061.02
16.06 -1622.07 -6240.94
16.08 -945.309 -5568.78
16.1 771.021 -3853.45
16.12 2636.72 -1986.08
16.14 4469.97 -154.122
16.16 6459.89 1839.6
16.18 7432.5 2809.06
16.2 7570.32 2948.03
16.22 6779.89 2160.38
16.24 3814.11 -810.921
16.26 -576.721 -5198.54
16.28 -3382.81 -8009.82
16.3 -3577.83 -8197.77
16.32 -3575.14 -8187.32
16.34 -2112.27 -6737.74
16.36 378.146 -4245.51
16.38 3318.34 -1304.06
16.4 6270.27 1646.82
16.42 7385.34 2765.62
16.44 7673.32 3048.53
16.46 7992.41 3373.65
16.48 8212.23 3599.63
16.5 7573.41 2943.44
16.52 4428.11 -196.351
16.54 354.301 -4265.97
16.56 -2565.73 -7190.03
16.58 -2743.14 -7366.82
16.6 -2554.35 -7178.46
16.62 -2501.61 -7125.42
16.64 -2706.84 -7330.08
16.66 -2814.44 -7438.92
16.68 -1903.61 -6527.75
16.7 433.514 -4192.7
16.72 3142.19 -1480.64
16.74 4658.31 36.3293
16.76 4464.63 -163.702
16.78 3513.75 -1107.71
16.8 3006.28 -1612.3
16.82 3176.03 -1450.27
16.84 3345.61 -1280.68
16.86 2786.41 -1835.4
16.88 1753.17 -2873.3
16.9 1601.88 -3023.82
16.92 3501.66 -1116.54
16.94 7208.18 2585.95
16.96 8436.73 3809.62
16.98 8760.78 4156.54
17 8988.31 4379.95
17.02 9087.1 4459.8
17.04 8398.11 3795
17.06 6325.44 1718.62
17.08 3537.1 -1095.57
17.1 761.032 -3861.04
17.12 -1468.8 -6089.41
17.14 -1830.65 -6463.9
17.16 -1974.08 -6601.87
17.18 -2127.22 -6747.83
17.2 -2204.83 -6831.5
17.22 -1978.16 -6605.05
17.24 -1362.67 -5982.65
17.26 -994.571 -5622.43
17.28 -1235.57 -5866.14
17.3 -1759.4 -6380.63
17.32 -1714.7 -6338.89
17.34 -554.64 -5184.23
17.36 1266.05 -3354.32
17.38 2628.63 -1991.66
17.4 2804.55 -1827.57
17.42 2006.19 -2614.33
17.44 979.525 -3637.31
17.46 184.505 -4445.42
17.48 -583.278 -5209.2
17.5 -1787.78 -6409.72
17.52 -2250.72 -6878.66
17.54 -2476.36 -7101.75
17.56 -2678.65 -7302.54
17.58 -2751.27 -7375.24
17.6 -2155.96 -6780.2
17.62 -676.233 -5299.8
17.64 1094.03 -3531.22
17.66 3156.6 -1472.31
17.68 5878.07 1261.21
17.7 8229.48 3617.13
17.72 8654.18 4030.64
17.74 9179.71 4577.67
17.76 9707.55 5115.51
17.78 10074 5441.44
17.8 10089.3 5480.65
17.82 8095.35 3514.66
17.84 5171.78 552.551
17.86 2859.99 -1758.38
17.88 1483.53 -3123.1
17.9 248.992 -4389.96
17.92 -775.362 -5419.07
17.94 -1062.82 -5678.18
17.96 -1287.37 -5908.36
17.98 -1070.81 -5701.72
18 1098.92 -3511.08
18.02 3967.62 -652.604
18.04 5710.59 1066.51
18.06 5565.77 955.857
18.08 4384.56 -214.541
18.1 3612.77 -1010.47
18.12 3851.9 -762.499
18.14 4289.64 -319.946
18.16 3562.32 -1079.96
18.18 1201.03 -3430.34
18.2 -1336.49 -5945.48
18.22 -1528.86 -6154.79
18.24 -1495.5 -6125.29
18.26 -492.053 -5110.04
18.28 358.453 -4273.92
18.3 305.723 -4332.84
18.32 0.830058 -4612.63
18.34 770.8 -3843.14
18.36 3159.09 -1472.87
18.38 6162.41 1551.69
18.4 8047.81 3438.08
18.42 7919.3 3285.73
18.44 6501.74 1894.97
18.46 5369.03 773.501
18.48 5366.2 740.401
18.5 5884.93 1259.24
18.52 5661.16 1051.64
18.54 4229.04 -402.488
18.56 2428.8 -2198.12
18.58 1618.93 -2984.23
18.6 2278.59 -2343.57
18.62 3419.63 -1215.96
18.64 3633.37 -981.739
18.66 2490.1 -2132.27
18.68 747.75 -3884.95
18.7 -545.22 -5158.94
18.72 -1026.88 -5643.33
18.74 -1262.79 -5901.28
18.76 -1443.79 -6071.78
18.78 -1651.57 -6273.97
18.8 -1911.22 -6542.56
18.82 -2039.8 -6663.83
18.84 -317.625 -4933.24
18.86 2808.24 -1821.37
18.88 5446.55 815.323
18.9 6166.36 1557.49
18.92 4975.91 355.512
18.94 3041.94 -1582.65
18.96 1577.5 -3033.89
18.98 857.144 -3767.98
19 106.871 -4529.73
19.02 -1369.95 -5994.87
19.04 -2059.83 -6683.4
19.06 -2183.12 -6811.47
19.08 -265.896 -4886.64
19.1 3753.65 -861.251
19.12 7893.06 3257.94
19.14 8921.65 4302.57
19.16 8557.41 3959.91
19.18 6709.13 2089.78
19.2 4667.25 47.7339
19.22 2863.88 -1748.02
19.24 611.227 -4018.74
19.26 -1999.17 -6631.64
19.28 -2462.67 -7086.57
19.3 -2969.27 -7592.78
19.32 -3292.59 -7912.4
19.34 -2755.6 -7382.37
19.36 566.335 -4057.97
19.38 4379.34 -247.82
19.4 6450.84 1827.35
19.42 6384.75 1765.54
19.44 5519.01 895.06
19.46 5183.05 561.183
19.48 5332.65 712.28
19.5 4763.52 136.842
19.52 2560.94 -2063.76
19.54 -508.923 -5134.47
19.56 -2376.75 -6999.53
19.58 -1563.75 -6186.07
19.6 1392.22 -3232.42
19.62 4402.02 -222.595
19.64 5596.78 969.3
19.66 4718.31 96.608
19.68 3065.31 -1557.7
19.7 2020.26 -2604.21
19.72 1592.53 -3031.77
19.74 474.419 -4149.85
19.76 -2314.24 -6932.12
19.78 -3486.63 -8106.12
19.8 -3916.48 -8546.1
19.82 -4185.13 -8798.15
19.84 -4195.2 -8809.34
19.86 -2914.98 -7542.48
19.88 -1109.47 -5720.29
19.9 269.92 -4343.17
19.92 1201.09 -3429.88
19.94 2404.72 -2221.47
19.96 4441.63 -180.849
19.98 6736.73 2109.53
20 6955.98 2331.22
20.02 7037.27 2414.24
20.04 6991.71 2366.94
20.06 6939.89 2314.54
20.08 7005.77 2381.81
20.1 7215.27 2592.13
20.12 7496.67 2876.26
20.14 7707.79 3080.84
20.16 7703.75 3079.43
20.18 6025.43 1406.35
20.2 3388.38 -1235.73
20.22 922.697 -3701.41
20.24 -1098.57 -5724.38
20.26 -3129.9 -7749.53
20.28 -3332.66 -7945.4
20.3 -3628.71 -8253.37
20.32 -3901.96 -8521.73
20.34 -3964.1 -8574.72
20.36 -1067.62 -5694.91
20.38 3869.39 -756.35
20.4 7207.69 2584
20.42 7455.55 2833.35
20.44 7616.88 3001.45
20.46 7826.46 3202.22
20.48 8019.21 3399.42
20.5 7836.67 3222.14
20.52 5432.55 804.767
20.54 1684.11 -2941.61
20.56 -1447.55 -6071.66
20.58 -2300.1 -6923.93
20.6 -702.852 -5327.76
20.62 1993.59 -2629.39
20.64 4255.59 -369
20.66 5634.27 1007.01
20.68 6600.21 1987.38
20.7 7395.66 2782.15
20.72 7290.16 2662.68
20.74 4976.32 353.627
20.76 -107.257 -4730.96
20.78 -3195.37 -7812.14
20.8 -3904.47 -8520.3
20.82 -4559.45 -9188.76
20.84 -5057.56 -9651.31
20.86 -5271.68 -9869.7
20.88 -4468.51 -9096.62
20.9 -1329.4 -5931.15
20.92 2705.35 -1898.52
20.94 5716.33 1079.68
20.96 5976.83 1346.14
20.98 6382.06 1759.01
21 6931.42 2305.37
21.02 7442.21 2819.1
21.04 7681.04 3052.58
21.06 6759.52 2136.79
21.08 4318.56 -304.519
21.1 2718.12 -1906.12
21.12 3368.1 -1256.1
21.14 5406.47 783.689
21.16 6650.85 2023.54
21.18 5826.43 1201.44
21.2 3771.29 -852.161
21.22 2375.26 -2249.18
21.24 2518.87 -2105.24
21.26 3042.99 -1581.49
21.28 1884.22 -2739.01
21.3 -1642.69 -6260.29
21.32 -3620.72 -8248.38
21.34 -4007.67 -8634.05
21.36 -4138.59 -8745.43
21.38 -3926.59 -8548.4
21.4 -2896.71 -7517.56
21.42 -2020.97 -6625.72
21.44 -1492.19 -6112.13
21.46 -657.433 -5288.73
21.48 1333.78 -3286.48
21.5 4460.75 -163.016
21.52 6917.98 2290.96
21.54 7063.81 2440.26
21.56 6696.62 2072.96
21.58 4979.21 350.649
21.6 2764.4 -1860.59
21.62 674.761 -3943.91
21.64 -1305.7 -5931.51
21.66 -3537.87 -8154.92
21.68 -3993.71 -8594.38
21.7 -4293.48 -8914.12
21.72 -4564.36 -9190.16
21.74 -4695 -9295.39
21.76 -4368.98 -8987.69
21.78 -3208.91 -7832.15
21.8 -2053.35 -6650.86
21.82 -978.277 -5590.88
21.84 638.655 -3994.68
21.86 3564.91 -1056.17
21.88 6378.31 1754.67
21.9 6911.55 2284.4
21.92 7502.45 2878.73
21.94 8033.87 3406.32
21.96 8398.39 3787.14
21.98 8625.36 4009.82
22 8749.72 4124.9
22.02 8779.49 4176.79
22.04 8005.03 3397.7
22.06 5567.4 937.13
22.08 1776.74 -2844.98
22.1 -2051.26 -6673.07
22.12 -2353.62 -6980.57
22.14 -2643.71 -7267.41
22.16 -2861.6 -7486.51
22.18 -2729.57 -7352.04
22.2 -286.141 -4910.47
22.22 3572.3 -1048.87
22.24 7122.12 2497.27
22.26 8111.57 3485.55
22.28 8101.32 3492.23
22.3 8099.34 3483.59
22.32 7860.57 3234.43
22.34 6944.06 2327.35
22.36 4841.79 219.526
22.38 1715.65 -2911.93
22.4 -1378.63 -6002.71
22.42 -2774.4 -7398.87
22.44 -2775.42 -7397.7
22.46 -2195.3 -6818.89
22.48 -1238.21 -5862.37
22.5 -236.532 -4861.57
22.52 940.02 -3684.67
22.54 2394.45 -2225.95
22.56 3725.66 -899.075
22.58 4098.18 -528.137
22.6 2975.78 -1645.48
22.62 858.601 -3765.84
22.64 -1082.12 -5706.36
22.66 -1868.23 -6492.66
22.68 -1155.01 -5779.16
22.7 767.98 -3858.44
22.72 3242.72 -1380.25
22.74 5735.33 1116.65
22.76 8041.14 3416.19
22.78 8247.32 3633.42
22.8 8526.7 3923.17
22.82 8816.71 4189.62
22.84 8906.24 4281.9
22.86 7011.38 2404.28
22.88 3292.84 -1331.7
22.9 -525.873 -5151.25
22.92 -2175.15 -6795.69
22.94 -2233.5 -6859.97
22.96 -2391.97 -7017.68
22.98 -2728.41 -7352.6
23 -3126.38 -7750.2
23.02 -3394.27 -8012.43
23.04 -3392.32 -8019.36
23.06 -1800.67 -6425.4
23.08 -67.369 -4685.47
23.1 567.319 -4055.63
23.12 424.434 -4201.77
23.14 1012.61 -3610.59
23.16 3350.9 -1273.44
23.18 6728.29 2107.15
23.2 7794.49 3168.54
23.22 7860.85 3234.87
23.24 6867.95 2250.38
23.26 5175.25 552.256
23.28 3934.54 -690.324
23.3 3245.22 -1377.73
23.32 2127.95 -2496.39
23.34 -251.754 -4873.63
23.36 -3109.42 -7733.93
23.38 -3434.63 -8059.87
23.4 -3626.35 -8238.49
23.42 -3639.88 -8262.01
23.44 -2596.35 -7221.85
23.46 -762.106 -5376.11
23.48 1279.26 -3343.02
23.5 3330.71 -1296.78
23.52 5554.79 930.789
23.54 7250.45 2626.5
23.56 7455.15 2835.06
23.58 7583.92 2960.02
23.6 6617.3 1991.61
23.62 4266.8 -357.066
23.64 1703.08 -2921.43
23.66 25.5829 -4595.55
23.68 -514.926 -5140.67
23.7 -567.865 -5191.86
23.72 -774.686 -5392.97
23.74 -992.049 -5616.13
23.76 -540.109 -5166.69
23.78 1158.22 -3463.89
23.8 4022.37 -601.928
23.82 7164.27 2543.31
23.84 7767.65 3142.09
23.86 7858.38 3236.35
23.88 7877.68 3264.98
23.9 7086.32 2463.43
23.92 4952.59 326.618
23.94 1818.01 -2805.18
23.96 -1531.06 -6154.62
23.98 -3001.41 -7619.6
24 -3136.58 -7761.32
24.02 -3184.88 -7807.93
24.04 -2343.47 -6961.69
24.06 -609.907 -5234.96
24.08 1233.85 -3391.17
24.1 2269.55 -2354.25
24.12 2070.49 -2553.9
24.14 1058.3 -3567.36
24.16 157.872 -4464.4
24.18 106.374 -4516.49
24.2 1131.77 -3493.44
24.22 3184.51 -1439.97
24.24 6143.64 1518.33
24.26 7818.04 3203.34
24.28 8136.07 3519.71
24.3 8500.97 3877.07
24.32 8753.78 4149.77
24.34 7852.28 3236.78
24.36 3237.59 -1395.17
24.38 -2267.19 -6889.5
24.4 -2846.9 -7471.33
24.42 -3346.03 -7958.49
24.44 -3782.67 -8398.86
24.46 -4122.63 -8748.15
24.48 -4300.79 -8905.85
24.5 -3250.66 -7866.09
24.52 -124.68 -4756.83
24.54 3869.46 -748.533
24.56 6734.17 2112.79
24.58 6956.36 2329.62
24.6 7247.41 2624.14
24.62 7705.33 3081.07
24.64 8269.37 3658.07
24.66 8808.22 4190.58
24.68 9161.37 4524.89
24.7 9258.89 4656.7
24.72 9251.19 4657.94
24.74 9232.62 4607.93
24.76 8339.42 3734.97
24.78 6390.28 1791.27
24.8 3347.02 -1286.01
24.82 -621.974 -5251.16
24.84 -1888.54 -6509.68
24.86 -2410.36 -7036.64
24.88 -3059.45 -7679.99
24.9 -3724.71 -8354.99
24.92 -4297.82 -8915.07
24.94 -4742.76 -9339.76
24.96 -5059.99 -9682.92
24.98 -5284.04 -9889.69
25 -5373.07 -9949.62
25.02 -4429.86 -9043.23
25.04 -1703.32 -6322.79
25.06 2038.09 -2562.16
25.08 5528.74 899.745
25.1 5871.22 1231.29
25.12 6371.69 1748.98
25.14 7053.65 2429.22
25.16 7748.75 3128.72
25.18 8260.5 3632.25
25.2 8470.81 3845.91
25.22 8466.52 3863.27
25.24 8435.3 3820.34
25.26 7906.52 3282.21
25.28 6443.94 1833.67
25.3 3588.5 -1034.03
25.32 -678.469 -5307.83
25.34 -2664.55 -7288.62
25.36 -3249.57 -7872.84
25.38 -3885.73 -8492.36
25.4 -4410.19 -9029.64
25.42 -4674.4 -9303.75
25.44 -4326.17 -8922.69
25.46 -1168.49 -5778.66
25.48 3201.58 -1427.66
25.5 6356.7 1737.48
25.52 6613.49 1988.12
25.54 7048.02 2424.25
25.56 7762.23 3140.73
25.58 8629.01 4000.27
25.6 9401.46 4797.78
25.62 9972.95 5359.29
25.64 10360.3 5733.78
25.66 10657.8 6098.79
25.68 11008.8 6439.74
25.7 11300.4 6678.18
25.72 11310.4 6756.41
25.74 8919.75 4368.58
25.76 3816.76 -811.763
25.78 213.618 -4403.47
25.8 -333.115 -4946.48
25.82 -975.564 -5624.26
25.84 -1714.38 -6345.86
25.86 -2326.57 -6944.93
25.88 -2602 -7227.66
25.9 -1963.96 -6590.39
25.92 358.098 -4262.01
25.94 1973.39 -2656.2
25.96 1789.31 -2843.33
25.98 915.213 -3702.01
26 1419.89 -3199.38
26.02 4505.91 -124.771
26.04 8515.85 3903.43
26.06 8989.49 4380.45
26.08 9374.85 4741.12
26.1 9694.8 5104.69
26.12 10106.5 5544.08
26.14 10650.4 6032.85
26.16 11115.8 6520.53
26.18 11349.7 6799.51
26.2 10394.7 5775.69
26.22 6086.23 1475.75
26.24 255.88 -4310.08
26.26 -284.151 -4912.11
26.28 -981.934 -5629.4
26.3 -2024.49 -6647.02
26.32 -3332.54 -7954.36
26.34 -4763.61 -9358.49
26.36 -6073.1 -10698.5
26.38 -7136.7 -11754.2
26.4 -7930.22 -12454
26.42 -8334.62 -12915.8
26.44 -8403.71 -13018.4
26.46 -8222.17 -12724.3
26.48 -5832.21 -10369.9
26.5 -2636.77 -7249.04
26.52 -366.872 -4892.88
26.54 381.02 -4160.32
26.56 684.851 -3989.19
26.58 2202.21 -2429.55
26.6 3158.16 -1428.51
26.62 3750.14 -901.212
26.64 4268.75 -343.851
26.66 4525.83 -35.4186
26.68 4553.1 -78.356
26.7 4495.51 -163.422
26.72 4583.62 -17.2196
26.74 4959.78 329.291
26.76 5502.05 852.918
26.78 6011.26 1407.45
26.8 6347.74 1732.33
26.82 6458.15 1816.88
26.84 6427.22 1803.22
26.86 6368.35 1749.04
26.88 6042.91 1400.34
26.9 5287.7 659.589
26.92 3799.2 -807.079
26.94 1518.88 -3113.79
26.96 -1032.63 -5655.78
26.98 -2814.65 -7404.7
27 -2938.25 -7560.94
27.02 -1418.67 -6047
27.04 1042.68 -3556.97
27.06 3576.24 -1045.33
27.08 5515.1 873.644
27.1 6394.99 1775.45
27.12 6442.22 1817.72
27.14 6473.91 1832.47
27.16 5610.15 991.423
27.18 3674.46 -937.967
27.2 919.074 -3717.73
27.22 -1941.09 -6557.82
27.24 -3966.98 -8559.47
27.26 -4392.3 -9017.61
27.28 -4295.65 -8910.17
27.3 -3623.16 -8205.75
27.32 -2395.47 -7019.37
27.34 -653.61 -5286.37
27.36 1514.97 -3091.57
27.38 3752.68 -874.721
27.4 5217.15 579.398
27.42 5187.67 572.733
27.44 3756.1 -864.155
27.46 1633.98 -3008.64
27.48 -357.373 -4967.57
27.5 -1641.75 -6242.13
27.52 -2247.88 -6880.02
27.54 -2524.97 -7130.68
27.56 -2385.49 -6981.12
27.58 -1438.1 -6073.1
27.6 373.195 -4253.6
27.62 2613.4 -1992.84
27.64 4396.98 -234.029
27.66 4843.8 209.374
27.68 3859.61 -750.399
27.7 2132.88 -2497.09
27.72 344.401 -4294.04
27.74 -1256.21 -5853.86
27.76 -2679.58 -7284.52
27.78 -3909.64 -8537.66
27.8 -4404.84 -9000.83
27.82 -3316 -7915.94
27.84 -295.23 -4934.19
27.86 3946.86 -672.729
27.88 6644.82 2028.64
27.9 6973.99 2339.93
27.92 7279.79 2653.15
27.94 7552 2928.7
27.96 7714.21 3090.18
27.98 7387.22 2762.91
28 5234 611.705
28.02 2221.14 -2405.02
28.04 -436.441 -5067.42
28.06 -2018.57 -6630.36
28.08 -2492.54 -7109.26
28.1 -2246.68 -6874.24
28.12 -1377.98 -5992.47
28.14 521.305 -4099.14
28.16 3591.82 -1037.37
28.18 7167.72 2543.47
28.2 7927.26 3302.32
28.22 8075.03 3456.73
28.24 7904.27 3282.4
28.26 6086.44 1460.8
28.28 3391.04 -1233.74
28.3 776.97 -3848.51
28.32 -1027.72 -5645.61
28.34 -1798.36 -6421.46
28.36 -1830.48 -6456.13
28.38 -1295.22 -5913.17
28.4 15.938 -4607.59
28.42 2138.35 -2487.93
28.44 4647.03 22.3589
28.46 6758.52 2134.06
28.48 7680.59 3061.7
28.5 7150.17 2526.2
28.52 5572.61 947.986
28.54 3567.66 -1057.01
28.56 1511.1 -3113.26
28.58 -447.85 -5066.29
28.6 -2247.4 -6872.8
28.62 -2838.47 -7461.74
28.64 -2980.52 -7591.78
28.66 -3046.46 -7672.58
28.68 -2327.7 -6955.94
28.7 -798.163 -5414.33
28.72 914.399 -3708.36
28.74 2139.89 -2487.45
28.76 2886.71 -1735.45
28.78 3839.53 -784.4
28.8 5473.31 848.099
28.82 7490.58 2866.36
28.84 8001.33 3376.23
28.86 8061.68 3442.65
28.88 7860.33 3237.53
28.9 6860.05 2234.81
28.92 5480.7 857.908
28.94 3944.52 -679.907
28.96 2200.05 -2421.94
28.98 160.608 -4464.42
29 -1999.24 -6625.43
29.02 -2892.29 -7505.05
29.04 -2975.73 -7597.92
29.06 -2694.24 -7322.73
29.08 -1488.28 -6104.46
29.1 202.538 -4418.8
29.12 1746.19 -2881.86
29.14 2746.12 -1876.97
29.16 3224.13 -1399.03
29.18 3310.42 -1316.97
29.2 3003.65 -1620.36
29.22 2315.31 -2305.72
29.24 1399.88 -3227.32
29.26 540.322 -4084.04
29.28 240.65 -4377.45
29.3 874.299 -3751.99
29.32 2240.63 -2385.87
29.34 3826.34 -795.917
29.36 5168.95 544.476
29.38 6053.68 1429.76
29.4 6576.49 1952
29.42 6841.12 2217.22
29.44 6626.74 2003.67
29.46 5589.42 965.308
29.48 3710.97 -912.412
29.5 1405.14 -3223.35
29.52 -676.477 -5298.34
29.54 -1939.67 -6554.26
29.56 -2208.15 -6836.03
29.58 -1738.47 -6360.16
29.6 -746.218 -5361.94
29.62 722.479 -3904.72
29.64 2541.38 -2084.9
29.66 4437.73 -185.491
29.68 5926.09 1301.91
29.7 6414.46 1790.98
29.72 5672.05 1047.95
29.74 3994.59 -629.936
29.76 1950.09 -2678.42
29.78 94.3381 -4525.09
29.8 -1236.51 -5855.06
29.82 -2006.38 -6634.29
29.84 -2155.98 -6774.12
29.86 -1350.43 -5967.02
29.88 589.294 -4039.28
29.9 3340.51 -1284.35
29.92 6224.36 1599.93
29.94 7939.42 3318.4
29.96 8042.04 3421.73
29.98 8083.61 3457.25
30 7665.35 3044.46
30.02 6428.43 1807.32
30.04 4593.19 -31.6829
30.06 2476.22 -2148
30.08 319.643 -4307.37
30.1 -1609.52 -6228.31
30.12 -2779.7 -7398.01
30.14 -2862.2 -7490.85
30.16 -2923.87 -7541.39
30.18 -2959.49 -7575.32
30.2 -2653.25 -7282.42
30.22 -1892.82 -6515.11
30.24 -856.281 -5472.91
30.26 209.55 -4417.02
30.28 1218.24 -3407.25
30.3 2391.16 -2230.2
30.32 3903.68 -721.485
30.34 5546.65 922.692
30.36 6885.59 2260.42
30.38 7563.93 2940.83
30.4 7490.97 2869.67
30.42 6897.42 2272.79
30.44 6092.97 1468.8
30.46 5123.45 498.947
30.48 3841.37 -782.314
30.5 2192.87 -2429.12
30.52 320.169 -4308.46
30.54 -1448.02 -6069.78
30.56 -2697.25 -7311.88
30.58 -2965.17 -7591.88
30.6 -2965.61 -7588.08
30.62 -2631.44 -7243.58
30.64 -1712.69 -6337.99
30.66 -198.263 -4825.69
30.68 1728.7 -2891.47
30.7 3691.23 -933.558
30.72 5204.22 579.39
30.74 5993.72 1369.42
30.76 6119.31 1495.19
30.78 5720.54 1096.31
30.8 4887.18 263.186
30.82 3733.05 -890.163
30.84 2382.72 -2244.82
30.86 1068.47 -3554.31
30.88 219.127 -4399.29
30.9 207.696 -4420.34
30.92 1074.47 -3549.91
30.94 2587.5 -2033.65
30.96 4346.56 -278.557
30.98 5918.15 1294.08
31 7097.62 2472.77
31.02 7847.82 3225.23
31.04 7876.42 3255.55
31.06 7548 2922.85
31.08 6536.73 1912.67
31.1 4840.82 215.831
31.12 2717.53 -1905.3
31.14 623.303 -3998.41
31.16 -1190.49 -5819.49
31.18 -2748.13 -7367
31.2 -3032.13 -7642.94
31.22 -3127.48 -7755.41
31.24 -3182.55 -7803.78
31.26 -2263.14 -6875.03
31.28 -60.8336 -4689
31.3 2628.94 -1997.16
31.32 4818.91 197.147
31.34 5973.43 1348.37
31.36 6129.43 1503.61
31.38 5701.62 1078.2
31.4 4978.88 354.212
31.42 3806.76 -821.276
31.44 1996.91 -2622.33
31.46 -120.81 -4739.81
31.48 -1759.9 -6390.8
31.5 -2137.47 -6755.59
31.52 -910.607 -5526.27
31.54 1468.83 -3159.19
31.56 4095.26 -529.106
31.58 6368.63 1745.33
31.6 7671 3047.72
31.62 7740.45 3118.18
31.64 7786.79 3161.42
31.66 7375.87 2753.31
31.68 5917.68 1293.89
31.7 3504.28 -1118.25
31.72 623.859 -3999.76
31.74 -2082.08 -6711.39
31.76 -3134.64 -7747
31.78 -3226.9 -7839.8
31.8 -3271.5 -7902.06
31.82 -2700.31 -7315.55
31.84 -978.741 -5594.98
31.86 1696.28 -2933.78
31.88 4593.27 -31.073
31.9 6951.76 2328.26
31.92 7622.28 2998.86
31.94 7664.8 3041.97
31.96 7701.48 3076.58
31.98 7315.92 2692.6
32 6087.87 1463.49
32.02 4096.02 -526.026
32.04 2014.91 -2609.92
32.06 614.619 -4014.32
32.08 245.006 -4373.52
32.1 713.689 -3907.29
32.12 1405.73 -3222.71
32.14 1912.55 -2709.33
32.16 2398.7 -2223.16
32.18 3107.47 -1520.88
32.2 3913.39 -710.852
32.22 4414.04 -208.65
32.24 4229.03 -397.125
32.26 3335.6 -1289.55
32.28 2248.85 -2371.66
32.3 1620.93 -3005.78
32.32 1653.03 -2974.06
32.34 2083.62 -2535.46
32.36 2478.89 -2145.56
32.38 2595.28 -2032.46
32.4 2635.46 -1986
32.42 2936.25 -1688.05
32.44 3393.02 -1234.51
32.46 3527.65 -1095.05
32.48 3034.16 -1587.93
32.5 2014.27 -2614.33
32.52 953.157 -3670.07
32.54 440.588 -4177.96
32.56 613.703 -4015.08
32.58 1061.91 -3561.86
32.6 1391.24 -3227.03
32.62 1582.61 -3044.31
32.64 1887.04 -2739.91
32.66 2582.95 -2038.09
32.68 3587.85 -1037.23
32.7 4365.13 -261.023
32.72 4492.57 -130.012
32.74 4073.18 -551.106
32.76 3553.06 -1074.65
32.78 3320.11 -1302.53
32.8 3396.7 -1226.41
32.82 3376.08 -1251.05
32.84 2864.86 -1758.26
32.86 1991.4 -2629.29
32.88 1207.46 -3421.66
32.9 825.2 -3799.69
32.92 879.138 -3738.55
32.94 1099.69 -3527.25
32.96 1165.35 -3460.11
32.98 1170.42 -3447.96
33 1539.58 -3086.59
33.02 2460.3 -2167.27
33.04 3681.86 -940.179
33.06 4669.85 45.6243
33.08 4913.27 287.382
33.1 4388.02 -235.181
33.12 3560.5 -1063.24
33.14 2841.24 -1787.27
33.16 2241.9 -2380.43
33.18 1561.08 -3058.85
33.2 664.767 -3963.4
33.22 -258.47 -4881.66
33.24 -654.828 -5271.27
33.26 -162.038 -4790.26
33.28 978.293 -3647.47
33.3 2237.75 -2381.31
33.32 3201.74 -1424
33.34 3795.49 -830.89
33.36 4294.29 -328.549
33.38 4909.37 284.613
33.4 5353.38 728.088
33.42 5095.87 472.412
33.44 3930.61 -692.848
33.46 2165.33 -2463.69
33.48 455.949 -4165.31
33.5 -639.374 -5257.47
33.52 -1140.16 -5769.55
33.54 -1456.17 -6075.8
33.56 -1685.51 -6299.35
33.58 -1495.57 -6123.86
33.6 -545.448 -5171.08
33.62 1212.66 -3405.97
33.64 3310.84 -1314.95
33.66 4976.65 351.345
33.68 5799.29 1175.53
33.7 5949.8 1325.42
33.72 5800.24 1175.43
33.74 5492.81 869.03
33.76 4833.55 209.526
33.78 3506.31 -1120.77
33.8 1571.37 -3050.08
33.82 -322.644 -4941.55
33.84 -1481.08 -6112.05
33.86 -1689.89 -6309.85
33.88 -1177.82 -5792.11
33.9 -416.639 -5044.63
33.92 287.791 -4336.32
33.94 1132.76 -3486.53
33.96 2390.66 -2236.33
33.98 3841.16 -784.967
34 4914.96 292.032
34.02 5084.78 460.181
34.04 4211.13 -415.426
34.06 2731.72 -1889.79
34.08 1321.68 -3302.27
34.1 268.575 -4360.87
34.12 -603.953 -5221.2
34.14 -1449.83 -6066.39
34.16 -2136.73 -6766.13
34.18 -2234.75 -6854.74
34.2 -1273.79 -5889.95
34.22 666.972 -3961.92
34.24 2900.76 -1723.61
34.26 4749.16 126.48
34.28 5957.39 1332.87
34.3 6693.07 2069.28
34.32 7235.24 2610.67
34.34 7509.11 2885.88
34.36 7029.76 2406.36
34.38 5480.19 856.697
34.4 3135.84 -1488.29
34.42 667.197 -3962.93
34.44 -1273.46 -5890.51
34.46 -2357.01 -6974.02
34.48 -2769.6 -7398.11
34.5 -2856.4 -7472.1
34.52 -2581.36 -7195.22
34.54 -1700.66 -6330.54
34.56 -163.202 -4787.62
34.58 1784.92 -2834.56
34.6 3537.19 -1089.21
34.62 4461.26 -163.968
34.64 4482.3 -140.289
34.66 4061.6 -564.238
34.68 3651.91 -974.801
34.7 3376.38 -1245.3
34.72 3060.41 -1563.54
34.74 2472.87 -2154.72
34.76 1785.8 -2834.74
34.78 1587.2 -3035.21
34.8 2246.44 -2382.56
34.82 3548.72 -1074.34
34.84 4898.41 275.064
34.86 5692.35 1067.43
34.88 5729.75 1105.37
34.9 5286.82 663.166
34.92 4617.11 -8.9157
34.94 3587 -1038.66
34.96 1948.26 -2670.58
34.98 -285.841 -4911.56
35 -2687.26 -7314.14
35.02 -3276.61 -7884.6
35.04 -3373.44 -7993.7
35.06 -3385.51 -8014.65
35.08 -2566.17 -7176.92
35.1 -884.473 -5502.43
35.12 1290.77 -3340.09
35.14 3541.4 -1080.57
35.16 5636.21 1013.33
35.18 7343.25 2717.15
35.2 7537.97 2913.82
35.22 7605.89 2981.73
35.24 7338.8 2714.69
35.26 6038.53 1413.82
35.28 3919.42 -701.746
35.3 1659.86 -2967.43
35.32 -120.245 -4748.45
35.34 -1152.91 -5765.42
35.36 -1558.52 -6180.64
35.38 -1682.07 -6310.19
35.4 -1610.35 -6223.52
35.42 -1055.87 -5677.29
35.44 163.701 -4467.07
35.46 1844.79 -2776.28
35.48 3495.91 -1125.95
35.5 4544.13 -83.2522
35.52 4767.89 143.689
35.54 4484.91 -137.609
35.56 4086.03 -542.144
35.58 3597.77 -1027.26
35.6 2818.63 -1800.82
35.62 1623.72 -3003.09
35.64 185.105 -4441.4
35.66 -909.901 -5524.41
35.68 -1084.74 -5709.16
35.7 -364.423 -4993.51
35.72 795.915 -3820.35
35.74 1984.35 -2638.51
35.76 3042.26 -1586.61
35.78 4104.89 -517.862
35.8 5299.84 675.87
35.82 6317.92 1692.42
35.84 6560.6 1936.51
35.86 5690.09 1066.9
35.88 3871.25 -756.784
35.9 1678.46 -2946.67
35.92 -212.924 -4828.37
35.94 -1493.96 -6121.63
35.96 -2318.85 -6941.87
35.98 -2768.28 -7376.6
36 -2581 -7204.64
36.02 -1465.82 -6094.61
36.04 649.941 -3967.64
36.06 3375.9 -1248.18
36.08 5848.45 1222.44
36.1 7365.25 2741.18
36.12 7612.93 2988.9
36.14 7337.13 2713.49
36.16 6555.35 1931.26
36.18 5295.71 672.39
36.2 3467.63 -1159.85
36.22 1172.89 -3450.4
36.24 -980.014 -5594.31
36.26 -2225.86 -6854.34
36.28 -2229.8 -6854.4
36.3 -1142.51 -5754.36
36.32 555.038 -4070.52
36.34 2350.86 -2276.22
36.36 4099.93 -521.974
36.38 5869.05 1244.28
36.4 7443.37 2819.81
36.42 7704.8 3080.34
36.44 7666.36 3042.2
36.46 6451.32 1827.21
36.48 4336.85 -286.681
36.5 2107.21 -2514.56
36.52 450.295 -4179.52
36.54 -497.669 -5118.81
36.56 -916.027 -5530.73
36.58 -993.941 -5621.09
36.6 -731.6 -5356.44
36.62 146.583 -4470.58
36.64 1731.47 -2895.41
36.66 3544.19 -1082.24
36.68 4874.26 251.569
36.7 5239.38 614.659
36.72 4603.5 -22.7361
36.74 3355.86 -1266.6
36.76 1959.22 -2664.4
36.78 493.676 -4135.54
36.8 -1195.14 -5812.31
36.82 -2991.91 -7605.02
36.84 -3268.67 -7899.12
36.86 -3393.37 -8009.6
36.88 -3429.23 -8038.41
36.9 -2477.42 -7108.28
36.92 -790.428 -5412.94
36.94 969.384 -3644.99
36.96 2330.35 -2296.99
36.98 3212.92 -1415.37
37 3917.15 -703.301
37.02 4625.63 -0.714879
37.04 5004.1 375.886
37.06 4565.15 -55.1241
37.08 3225.93 -1397.69
37.1 1419.08 -3212.26
37.12 -132.478 -4750.29
37.14 -829.99 -5447.1
37.16 -703.085 -5333.57
37.18 -226.448 -4844.81
37.2 358.688 -4255.73
37.22 1175.27 -3456.05
37.24 2438.65 -2186.93
37.26 4159.03 -461.441
37.28 5838.46 1211.54
37.3 6693.88 2068.4
37.32 6379.11 1756.79
37.34 5243 616.688
37.36 3899.37 -730.133
37.38 2792.79 -1826.13
37.4 1971.61 -2651
37.42 1167.1 -3462.92
37.44 347.368 -4267.94
37.46 -9.95215 -4629.27
37.48 569.613 -4062.66
37.5 2082.15 -2539.54
37.52 4041.83 -578.896
37.54 5659.38 1031.88
37.56 6382.17 1757.24
37.58 6318.56 1695.92
37.6 5879.22 1251.51
37.62 5226.89 600.314
37.64 4220.03 -399.471
37.66 2676.14 -1950.02
37.68 694.769 -3933.25
37.7 -1087.12 -5699.73
37.72 -1832.98 -6454.38
37.74 -1274.09 -5905.18
37.76 204.331 -4410.28
37.78 2003.55 -2616.58
37.8 3645.7 -984.428
37.82 5069.68 446.28
37.84 6487.01 1863.27
37.86 7462.03 2836.55
37.88 7567.79 2943.64
37.9 7340.11 2716.36
37.92 5921.33 1295.37
37.94 3677.6 -948.828
37.96 1479.81 -3138
37.98 28.4543 -4599.09
38 -696.343 -5323.13
38.02 -1093.3 -5703.89
38.04 -1344.37 -5966.09
38.06 -1247.76 -5877.56
38.08 -333.42 -4950.68
38.1 1618.04 -3004.42
38.12 4042.87 -585.553
38.14 6002.73 1379.33
38.16 6961.91 2338.12
38.18 7000.59 2375.31
38.2 6540.54 1916.02
38.22 5893.91 1270.63
38.24 4901.96 274.914
38.26 3133.15 -1491.69
38.28 621.865 -3993.37
38.3 -1884.48 -6511.17
38.32 -3331.78 -7959.24
38.34 -3326.02 -7932.51
38.36 -2240.68 -6862.08
38.38 -591.797 -5219.77
38.4 1135 -3481.6
38.42 2973.67 -1650.56
38.44 5026.67 398.359
38.46 7078.26 2454.26
38.48 7635.99 3011.84
38.5 7704.13 3081.6
38.52 7077.41 2453.28
38.54 5447.2 823.732
38.56 3487.85 -1140.01
38.58 1844.47 -2780.44
38.6 812.716 -3804.91
38.62 264.966 -4361.24
38.64 -102.135 -4727.42
38.66 -251.62 -4867.28
38.68 160.335 -4465.13
38.7 1266.9 -3362.11
38.72 2789.61 -1831.12
38.74 4112.46 -511.717
38.76 4584.6 -41.8463
38.78 4049.21 -573.714
38.8 2973.29 -1650.16
38.82 1891.81 -2737.65
38.84 933.78 -3688.14
38.86 -46.4853 -4663.05
38.88 -1183.39 -5811.94
38.9 -2272.42 -6893.76
38.92 -2685.85 -7297.73
38.94 -1963.39 -6592.06
38.96 -341.578 -4966.74
38.98 1516.73 -3101.37
39 3001.04 -1624.38
39.02 3885.64 -741.073
39.04 4451.38 -171.595
39.06 5020.48 395.85
39.08 5397.19 771.475
39.1 5083.3 460.169
39.12 3866.25 -757.059
39.14 2062.74 -2566.42
39.16 367.669 -4253.55
39.18 -551.857 -5170.17
39.2 -615.188 -5243.96
39.22 -270.005 -4891.54
39.24 186.223 -4429.75
39.26 835.302 -3792.94
39.28 1915.76 -2710.71
39.3 3520 -1101.55
39.32 5234.9 609.745
39.34 6258.66 1634.18
39.36 6103.67 1479.87
39.38 4999.94 375.166
39.4 3562.09 -1065.71
39.42 2304.92 -2316.34
39.44 1358.64 -3262.97
39.46 468.484 -4160.58
39.48 -483.132 -5100.94
39.5 -1079.1 -5696.57
39.52 -760.138 -5390.87
39.54 615.163 -4007.61
39.56 2660.35 -1960.3
39.58 4622.15 -3.67794
39.6 5909.42 1284.85
39.62 6542.19 1918.06
39.64 6830.38 2206.58
39.66 6845.1 2221.26
39.68 6335.92 1712
39.7 4981.23 356.461
39.72 2747 -1880.4
39.74 163.189 -4454.91
39.76 -1891.48 -6511.94
39.78 -2903.6 -7533.73
39.8 -2950.31 -7564.09
39.82 -2351.32 -6964.89
39.84 -1389.93 -6019.71
39.86 -53.6606 -4675.32
39.88 1894.13 -2726.62
39.9 4339.77 -286.976
39.92 6609.31 1985.13
39.94 7737.92 3113.01
39.96 7721.13 3098.46
39.98 6697 2073.32
40 5112.39 489.002
40.02 3430.22 -1195.25
40.04 1700.87 -2926.77
40.06 -152.027 -4767.78
40.08 -1893.61 -6513.78
40.1 -3016.09 -7645.54
40.12 -2990.1 -7605.14
40.14 -1604.18 -6221.93
40.16 663.86 -3964.86
40.18 2990.51 -1632.66
40.2 4874.89 251.662
40.22 6231.08 1606.89
40.24 7144.2 2520.61
40.26 7591.6 2966.87
40.28 7274.88 2651.77
40.3 5843.1 1218.67
40.32 3424.27 -1197.29
40.34 730.134 -3895.61
40.36 -1468.15 -6097.09
40.38 -2737.59 -7349.27
40.4 -3096.68 -7715.08
40.42 -2910.03 -7538.3
40.44 -2320.59 -6934.41
40.46 -1072.49 -5692.55
40.48 966.301 -3663.4
40.5 3454.18 -1169.39
40.52 5710.41 1086.57
40.54 6996.67 2373.39
40.56 7000.67 2376.88
40.58 6058.26 1434.2
40.6 4713.84 87.8358
40.62 3217.53 -1408.04
40.64 1554.24 -3064.2
40.66 -251.355 -4876.36
40.68 -1932.09 -6558.61
40.7 -2875.83 -7488.11
40.72 -2518.06 -7139.44
40.74 -973.262 -5602.57
40.76 1107.07 -3511.89
40.78 3055 -1567.96
40.8 4469.18 -157.425
40.82 5346.19 722.128
40.84 5849.08 1224.97
40.86 5850.48 1225.73
40.88 4949.25 324.996
40.9 3008.95 -1612.22
40.92 415.284 -4212.83
40.94 -2103.71 -6728.62
40.96 -3204.23 -7813.08
40.98 -3260.05 -7884.4
41 -3282.87 -7907.52
41.02 -3117.67 -7725.1
41.04 -2194.79 -6817.54
41.06 -404.393 -5034.62
41.08 2002.86 -2616.36
41.1 4476.79 -146.65
41.12 6333.86 1707.48
41.14 7250.17 2626.23
41.16 7399.65 2775.62
41.18 7036.95 2411.41
41.2 6192.18 1567.94
41.22 4774.1 152.256
41.24 2786.56 -1841.7
41.26 516.602 -4107.98
41.28 -1375.32 -5987.64
41.3 -2288.54 -6915.07
41.32 -2182.92 -6809.24
41.34 -1374.82 -5984.67
41.36 -181.636 -4805.57
41.38 1204.02 -3425.28
41.4 2814.16 -1805.97
41.42 4670.28 45.601
41.44 6389.18 1762.96
41.46 7372.77 2748.87
41.48 7280.1 2656.16
41.5 6181.48 1554.81
41.52 4510.14 -114.022
41.54 2819.63 -1800.7
41.56 1377.95 -3251.84
41.58 119.519 -4502.73
41.6 -911.438 -5523.58
41.62 -1419.31 -6046.43
41.64 -1106.43 -5733.14
41.66 174.117 -4440.87
41.68 2161.95 -2463.62
41.7 4162.52 -465.167
41.72 5610.17 987.929
41.74 6393.67 1768.97
41.76 6653.1 2027.12
41.78 6523.08 1899.39
41.8 5997.21 1373.37
41.82 4902.96 275.339
41.84 3222.31 -1400.37
41.86 1401.6 -3216.76
41.88 56.1679 -4574.89
41.9 -466.402 -5089.06
41.92 -166.675 -4780.24
41.94 629.021 -3999.04
41.96 1523.74 -3101.85
41.98 2463.04 -2155.8
42 3590.54 -1036.25
42.02 4793.27 165.893
42.04 5703.23 1080.72
42.06 5913.77 1289.22
42.08 5203.24 575.7
42.1 3812.69 -808.813
42.12 2344.3 -2278.53
42.14 1226.92 -3403.96
42.16 487.842 -4131.12
42.18 37.9866 -4578.26
42.2 -156.459 -4786.09
42.22 39.8026 -4582.91
42.24 931.43 -3685.5
42.26 2524.65 -2104.3
42.28 4317.52 -308.247
42.3 5714.93 1092.85
42.32 6345.06 1719.54
42.34 6154.16 1528.21
42.36 5421.73 799.063
42.38 4447.67 -177.631
42.4 3192.02 -1436.72
42.42 1540.32 -3077.52
42.44 -295.726 -4914.86
42.46 -1847.92 -6479.9
42.48 -2608.09 -7222.54
42.5 -2280.93 -6895.08
42.52 -1125.28 -5755.47
42.54 263.926 -4356.7
42.56 1560.85 -3057.2
42.58 2766.07 -1862.94
42.6 3929.35 -697.003
42.62 4993.66 371.888
42.64 5632.86 1006.82
42.66 5417.76 791.576
42.68 4308.62 -312.125
42.7 2766.58 -1859.5
42.72 1339 -3290.8
42.74 348.362 -4268.18
42.76 -166.263 -4786.2
42.78 -418.971 -5048.84
42.8 -472.924 -5089.72
42.82 -25.6087 -4643.77
42.84 1140.54 -3491.07
42.86 2832.64 -1790.33
42.88 4548.75 -72.9628
42.9 5675.26 1048.57
42.92 5864.87 1239.82
42.94 5309.86 687.367
42.96 4418.1 -209.206
42.98 3337.71 -1289.69
43 2010.9 -2606.1
43.02 426.029 -4198.43
43.04 -1223.24 -5852.2
43.06 -2415.14 -7025.7
43.08 -2572.22 -7192.3
43.1 -1637.2 -6267.29
43.12 -33.5326 -4650.04
43.14 1776.71 -2843.39
43.16 3470.74 -1158.51
43.18 4974.87 350.656
43.2 6346.83 1723.36
43.22 7370.97 2746.04
43.24 7551.9 2927.64
43.26 6616.42 1993.31
43.28 4726.21 99.0472
43.3 2419.72 -2207.29
43.32 364.181 -4251.61
43.34 -1041.13 -5665.54
43.36 -1890.66 -6518.2
43.38 -2327.4 -6935.95
43.4 -2199.48 -6819.48
43.42 -1294.37 -5925.63
43.44 449.811 -4167.81
43.46 2777.73 -1844.81
43.48 5003.5 375.914
43.5 6444.53 1820.55
43.52 6911.94 2288.22
43.54 6596.01 1969.95
43.56 5744.93 1119.91
43.58 4502.98 -118.249
43.6 2849.26 -1778.99
43.62 802.466 -3822.4
43.64 -1212.67 -5824.42
43.66 -2502.51 -7128.01
43.68 -2670.28 -7297.48
43.7 -1755.64 -6366.69
43.72 -144.199 -4765.99
43.74 1596.7 -3032.9
43.76 3181.15 -1439.55
43.78 4657.09 32.9782
43.8 5956.49 1329.4
43.82 6742.56 2118.67
43.84 6634.82 2011.19
43.86 5451.11 823.938
43.88 3419.86 -1204.46
43.9 1202.77 -3415.16
43.92 -588.967 -5218.61
43.94 -1794.56 -6417.88
43.96 -2470.1 -7077.21
43.98 -2642.05 -7267.09
44 -2250.38 -6876.72
44.02 -1070.92 -5684.11
44.04 968.06 -3657.01
44.06 3391.89 -1236.53
44.08 5488.57 866.018
44.1 6767.72 2143.61
44.12 7084.03 2458.56
44.14 6644.64 2020.7
44.16 5758.97 1135.36
44.18 4487.38 -141.1
44.2 2732.76 -1889.61
44.22 678.71 -3937.87
44.24 -1156.96 -5786.27
44.26 -2216.09 -6839.06
44.28 -2106.32 -6716.55
44.3 -918.954 -5545.32
44.32 779.996 -3846.7
44.34 2533.43 -2084.49
44.36 4217.21 -408.837
44.38 5795.78 1169
44.4 7142.41 2518.71
44.42 7579.82 2955.76
44.44 7495.6 2871.34
44.46 6299.73 1676.08
44.48 4324.95 -298.045
44.5 2214.34 -2416.16
44.52 511.006 -4110.18
44.54 -522.795 -5137.82
44.56 -978.514 -5607.48
44.58 -1046.31 -5667.49
44.6 -596.403 -5210.79
44.62 617.352 -4010.9
44.64 2494.07 -2133.08
44.66 4587.22 -34.2503
44.68 6256.15 1631.28
44.7 6965.21 2340.32
44.72 6684.85 2061.3
44.74 5800.76 1175.87
44.76 4632.07 4.26563
44.78 3231.72 -1389.44
44.8 1596.74 -3024
44.82 -161.256 -4791.12
44.84 -1654.55 -6272.67
44.86 -2269.17 -6882.29
44.88 -1719.97 -6350.6
44.9 -310.633 -4932.49
44.92 1432.83 -3184.07
44.94 3056.17 -1571.7
44.96 4344.92 -281.171
44.98 5368.32 745.583
45 6125.62 1500.33
45.02 6275.35 1649.83
45.04 5475.98 853.583
45.06 3762.22 -862.398
45.08 1556.43 -3073.82
45.1 -494.849 -5111.13
45.12 -1851.34 -6469.66
45.14 -2469.92 -7099.63
45.16 -2616.74 -7230.57
45.18 -2352.08 -6965.15
45.2 -1536.14 -6166.65
45.22 -54.3292 -4677.56
45.24 2015.25 -2603.53
45.26 4156.34 -471.143
45.28 5640.15 1015.01
45.3 6115.89 1492.93
45.32 5742.43 1116.53
45.34 4859.99 233.293
45.36 3724.3 -896.773
45.38 2387.27 -2237.16
45.4 751.177 -3877.69
45.42 -1004.76 -5618.97
45.44 -2281.29 -6899.19
45.46 -2556.3 -7188.21
45.48 -1736.31 -6351.72
45.5 -119.916 -4737.27
45.52 1720.75 -2908.5
45.54 3352.25 -1271.44
45.56 4776.87 154.321
45.58 6070.66 1444.62
45.6 7020.72 2396.25
45.62 7252.47 2628.65
45.64 6469.83 1844.68
45.66 4737.65 111.313
45.68 2628.36 -1991.06
45.7 867.279 -3758.41
45.72 -243.415 -4872.15
45.74 -797.218 -5411.09
45.76 -926.005 -5545.04
45.78 -677.228 -5307.71
45.8 105.223 -4513.57
45.82 1607.3 -3013.53
45.84 3558.14 -1070.97
45.86 5290.21 666.421
45.88 6245.57 1622.19
45.9 6250.94 1625.11
45.92 5516.52 891.379
45.94 4454.54 -167.489
45.96 3276.54 -1350.66
45.98 1858.45 -2768.14
46 169.545 -4444.41
46.02 -1461.11 -6085.37
46.04 -2533.47 -7162.62
46.06 -2618.52 -7229.29
46.08 -1662.51 -6283.02
46.1 -167.995 -4797.17
46.12 1298.05 -3320.91
46.14 2580.29 -2041.68
46.16 3747.38 -881.814
46.18 4811.07 186.963
46.2 5583.44 960.352
46.22 5635.62 1009.07
46.24 4664.24 39.743
46.26 2934.06 -1686.1
46.28 1131.06 -3497.8
46.3 -190.922 -4817.16
46.32 -815.013 -5427.92
46.34 -846.589 -5470.24
46.36 -532.457 -5160.31
46.38 160.782 -4454.44
46.4 1467.83 -3156.66
46.42 3320.12 -1308.98
46.44 5245.79 622.991
46.46 6602.96 1978.88
46.48 6873.35 2248.28
46.5 6030.68 1406.6
46.52 4569.26 -53.6774
46.54 2970.81 -1658.59
46.56 1365.85 -3257.45
46.58 -243.835 -4857.5
46.6 -1748.03 -6376.07
46.62 -2830.77 -7453.57
46.64 -2969.2 -7578.67
46.66 -1877.23 -6503.05
46.68 86.9201 -4540.47
46.7 2270.4 -2347.96
46.72 4162.25 -462.448
46.74 5526.59 899.753
46.76 6431.08 1807.4
46.78 6955.26 2331.02
46.8 6868.19 2243.07
46.82 5841.54 1218.02
46.84 3932.55 -689.726
46.86 1653.62 -2976.22
46.88 -304.482 -4926.76
46.9 -1357.31 -5970.56
46.92 -1416.46 -6044.61
46.94 -843.443 -5466.52
46.96 125.689 -4488.25
46.98 1521.66 -3106.11
47 3359.78 -1267.59
47.02 5463 840.318
47.04 7327.68 2703.43
47.06 7654.51 3031.35
47.08 7540.01 2915.64
47.1 6490.35 1866.15
47.12 4862.98 235.988
47.14 3047.68 -1574.53
47.16 1344.56 -3275.84
47.18 -144.547 -4774.2
47.2 -1353.86 -5972.58
47.22 -1970.45 -6584.14
47.24 -1668.07 -6297.08
47.26 -443.909 -5068.04
47.28 1433.75 -3184.15
47.3 3454.12 -1172.41
47.32 5065.79 440.177
47.34 6055.05 1431.52
47.36 6481.81 1857.34
47.38 6365.48 1740.69
47.4 5635.98 1012.62
47.42 4274.95 -349.219
47.44 2385.25 -2243.31
47.46 341.033 -4278.1
47.48 -1246.55 -5864.24
47.5 -1994.99 -6625.95
47.52 -1933.87 -6551.28
47.54 -1249.71 -5864.16
47.56 -170.287 -4799.61
47.58 1148.12 -3475.87
47.6 2710.01 -1910.72
47.62 4381.73 -244.709
47.64 5725.01 1099.93
47.66 6328.27 1704.58
47.68 6039.71 1415
47.7 4992.27 365.977
47.72 3578.87 -1042.55
47.74 2223.56 -2400.88
47.76 1075.61 -3553.26
47.78 137.382 -4479.95
47.8 -436.527 -5055.56
47.82 -452.386 -5082.5
47.84 219.513 -4401.42
47.86 1584.18 -3035.62
47.88 3269.33 -1358.82
47.9 4688.72 64.2989
47.92 5489.14 865.978
47.94 5632.39 1006.78
47.96 5232.71 607.405
47.98 4444.96 -177.321
48 3316.49 -1309.39
48.02 1774.82 -2852.69
48.04 -13.015 -4628.66
48.06 -1552.29 -6174.41
48.08 -2403.55 -7033.77
48.1 -2377.55 -6990.14
48.12 -1549.44 -6168.05
48.14 -291.22 -4920.7
48.16 1051.72 -3568.96
48.18 2427.79 -2193.82
48.2 3796.78 -831.125
48.22 4927.72 303.09
48.24 5516.98 893.853
48.26 5278.2 652.235
48.28 4151.82 -473.593
48.3 2495.55 -2124.33
48.32 848.334 -3779.03
48.34 -492.599 -5119.54
48.36 -1441.3 -6054.11
48.38 -1953.57 -6574.84
48.4 -2014.58 -6643.51
48.42 -1477.45 -6092.07
48.44 -176.039 -4797.34
48.46 1670.3 -2959.44
48.48 3537.36 -1084.98
48.5 4947.23 323.794
48.52 5613.41 987.552
48.54 5528.7 904.282
48.56 4936.16 313.082
48.58 4000.04 -627.144
48.6 2685.68 -1939.53
48.62 1072.77 -3544.03
48.64 -517.523 -5144.65
48.66 -1669.67 -6295.99
48.68 -1977.06 -6588.94
48.7 -1292.84 -5916.74
48.72 58.4809 -4569.41
48.74 1634.7 -2984.32
48.76 3192.59 -1431.19
48.78 4585.7 -41.5423
48.8 5706.62 1082.74
48.82 6401.81 1777.79
48.84 6373.57 1748.62
48.86 5423.45 799.467
48.88 3756.3 -865.809
48.9 1866.74 -2762.19
48.92 215.007 -4409.04
48.94 -875.876 -5490.11
48.96 -1347.23 -5973.48
48.98 -1353.87 -5979.23
49 -880.621 -5493.97
49.02 224.578 -4401.24
49.04 1893.47 -2734.8
49.06 3809.41 -812.202
49.08 5494.87 870.435
49.1 6437.49 1812.7
49.12 6440.14 1816.13
49.14 5720.61 1096.59
49.16 4555.47 -71.9169
49.18 3090.54 -1532.49
49.2 1444.67 -3174.36
49.22 -234.932 -4864.45
49.24 -1680.3 -6301.1
49.26 -2415.08 -7027.19
49.28 -2108.07 -6735.74
49.3 -910.022 -5535
49.32 789.506 -3827.15
49.34 2574.02 -2051.67
49.36 4098.43 -528.527
49.38 5265.54 642.5
49.4 6055.33 1430.8
49.42 6257.73 1632.67
49.44 5621.99 998.593
49.46 4157.61 -466.046
49.48 2165.02 -2464.05
49.5 156.228 -4464.33
49.52 -1296.05 -5912.01
49.54 -1955.46 -6585.11
49.56 -1955.21 -6574.78
49.58 -1401.12 -6013.94
49.6 -298.985 -4927.82
49.62 1325.21 -3300.39
49.64 3379.63 -1241.49
49.66 5500.2 875.006
49.68 7061.77 2437.73
49.7 7650.56 3026.1
49.72 7282.24 2658.33
49.74 6207.9 1582.75
49.76 4738.12 115.342
49.78 3101.22 -1522.2
49.8 1356.71 -3272.43
49.82 -374.974 -4992.85
49.84 -1663.19 -6279.55
49.86 -2066.74 -6696.77
49.88 -1453.89 -6074.58
49.9 17.9351 -4598.15
49.92 1884.77 -2743.23
49.94 3630.69 -994.621
49.96 5059.53 436.866
49.98 6149.84 1524.89
50 6760.31 2136.01
50.02 6653.7 2029.79
50.04 5653.22 1028.46
50.06 3789.29 -837.939
50.08 1496.4 -3122.99
50.1 -525.359 -5146.53
50.12 -1819.19 -6449.85
50.14 -2308.26 -6922.07
50.16 -2062.69 -6677.81
50.18 -1224.02 -5853.92
50.2 120.097 -4501.17
50.22 1984.63 -2635.87
50.24 4131.55 -495.598
50.26 5984.92 1360.28
50.28 7026.71 2402.57
50.3 7020.25 2396.2
50.32 6066.64 1441.7
50.34 4558.73 -63.5116
50.36 2890.11 -1735.9
50.38 1190.88 -3436.86
50.4 -464.499 -5079.59
50.42 -1782.4 -6402.28
50.44 -2401.31 -7031.18
50.46 -2025.81 -6641.33
50.48 -581.215 -5199.59
50.5 1525.02 -3104.49
50.52 3673.54 -949.577
50.54 5481.32 857.938
50.56 6789.24 2164.91
50.58 7507.87 2884.11
50.6 7560 2935.63
50.62 6786.92 2162.6
50.64 5054.31 428.93
50.66 2618.79 -2000.84
50.68 135.632 -4490.27
50.7 -1753.01 -6381.37
50.72 -2650.16 -7260.24
50.74 -2476.02 -7095.85
50.76 -1522.61 -6151.03
50.78 -84.3373 -4701.88
50.8 1765.84 -2856.45
50.82 3863.44 -764.656
50.84 5874.68 1250.57
50.86 7403.23 2778.97
50.88 7695.78 3073.29
50.9 7445.56 2821.78
50.92 6423.33 1799.23
50.94 4925.83 299.868
50.96 3243.91 -1381.68
50.98 1617 -3001.84
51 179.494 -4445.72
51.02 -1073.85 -5701.03
51.04 -2010 -6622.53
51.06 -2291.28 -6913.41
51.08 -1680.45 -6310.32
51.1 -197.028 -4813.68
51.12 1821.98 -2800.28
51.14 3776.59 -850.594
51.16 5259.33 635.422
51.18 6261.24 1637.11
51.2 6765.85 2142.09
51.22 6589.77 1965.67
51.24 5614.97 991.487
51.26 3908.35 -718.329
51.28 1781.98 -2843.04
51.3 -180.636 -4796.91
51.32 -1375.06 -6001.84
51.34 -1582.79 -6208.93
51.36 -953.326 -5567.24
51.38 179.41 -4443.69
51.4 1475.85 -3152.66
51.42 2890.92 -1730.59
51.44 4502.56 -121.802
51.46 6028.44 1403.54
51.48 6878.79 2254.58
51.5 6603.53 1979.34
51.52 5198.84 572.971
51.54 3158.3 -1465.85
51.56 1225.46 -3394.28
51.58 -166.09 -4794.58
51.6 -1056.62 -5679.35
51.62 -1528.82 -6140.47
51.64 -1530.62 -6157.37
51.66 -955.983 -5582.78
51.68 341.124 -4276.36
51.7 2239.76 -2385.86
51.72 4115.11 -511.238
51.74 5329.08 705.805
51.76 5712.89 1088.6
51.78 5467.7 842.029
51.8 4921.41 297.716
51.82 4250.92 -372.571
51.84 3297.72 -1330.05
51.86 1873.66 -2748.17
51.88 234.892 -4383.23
51.9 -1020.6 -5650.06
51.92 -1418.14 -6041.35
51.94 -831.042 -5445.91
51.96 377.014 -4249.67
51.98 1587.45 -3038.54
52 2524.28 -2095.56
52.02 3311.97 -1314.22
52.04 4080.62 -546.127
52.06 4738.42 115.531
52.08 4962.74 338.308
52.1 4413.69 -212.695
52.12 3174.42 -1447.77
52.14 1805.43 -2816.85
52.16 805.117 -3825.2
52.18 265.868 -4354.84
52.2 9.11828 -4608.11
52.22 -171.976 -4800.99
52.24 -236.07 -4858.32
52.26 187.94 -4429.75
52.28 1333.02 -3295
52.3 2908.94 -1716.88
52.32 4374.79 -247.346
52.34 5285.9 660.946
52.36 5501.52 876.26
52.38 5256.25 632.933
52.4 4859.52 234.674
52.42 4324.79 -301.852
52.44 3468.84 -1152.94
52.46 2275.77 -2346.78
52.48 972.818 -3656.43
52.5 -25.6089 -4646.23
52.52 -306.23 -4924.35
52.54 105.242 -4524.31
52.56 779.947 -3842.44
52.58 1397.15 -3221.41
52.6 1926.61 -2701.65
52.62 2490.68 -2134.98
52.64 3193.2 -1428.22
52.66 3868.51 -757.347
52.68 4093.96 -532.056
52.7 3682 -939.556
52.72 2888.05 -1736.84
52.74 2127.38 -2501.4
52.76 1726.58 -2893.29
52.78 1737.6 -2885.1
52.8 1876.82 -2751.62
52.82 1911.01 -2710.09
52.84 1992.87 -2628.79
52.86 2382.45 -2246.26
52.88 3112.45 -1511.68
52.9 3960.49 -661.586
52.92 4487.67 -138.589
52.94 4370.85 -254.125
52.96 3758.04 -863.747
52.98 3066.55 -1560.49
53 2516.13 -2110.49
53.02 2044.04 -2575.34
53.04 1475.37 -3149.03
53.06 714.154 -3914.08
53.08 14.9782 -4602.62
53.1 -160.899 -4783.04
53.12 325.61 -4304.57
53.14 1202.87 -3416.85
53.16 2090.03 -2531.42
53.18 2707.23 -1920.98
53.2 3056.73 -1566.93
53.22 3397.2 -1225.24
53.24 3793.92 -833.181
53.26 3938.95 -685.976
53.28 3534.57 -1086.51
53.3 2565.72 -2061.2
53.32 1331.06 -3295.76
53.34 327.694 -4289.36
53.36 -131.933 -4757.55
53.38 -220.986 -4848.48
53.4 -253.698 -4869.62
53.42 -272.26 -4894.2
53.44 -112.771 -4742.72
53.46 465.83 -4153.99
53.48 1541.71 -3079.91
53.5 2748.99 -1879.37
53.52 3576.09 -1046.99
53.54 3842.14 -780.366
53.56 3706.76 -920.742
53.58 3420.25 -1204.66
53.6 3133.16 -1488.23
53.62 2714.31 -1912.48
53.64 1890.77 -2735.05
53.66 740.836 -3876.13
53.68 -259.315 -4885.41
53.7 -670.209 -5298.7
53.72 -345.709 -4961.4
53.74 515.136 -4108.11
53.76 1467.65 -3160.36
