-0.000128203 2.82032
-0.000255655 5.56546
-0.00038233 8.233
-0.000508204 10.8204
-0.00063325 13.325
-0.000757439 15.7439
-0.000880741 18.0741
-0.00100312 20.3124
-0.00112456 22.4555
-0.001245 24.4998
-0.00136441 26.4414
-0.00148276 28.2763
-0.0016 30
-0.00171608 31.608
-0.00183095 33.0952
-0.00194456 34.4563
-0.00205685 35.6854
-0.00216776 36.7764
-0.00227723 37.7226
-0.00238516 38.5165
-0.00226111 36.1107
-0.00213705 33.705
-0.00201299 31.2992
-0.00188893 28.8935
-0.00176488 26.4877
-0.00164082 24.0819
-0.00151676 21.6762
-0.0013927 19.2704
-0.00126865 16.8647
-0.00114459 14.4589
-0.00102053 12.0532
-0.000896474 9.64741
-0.000772417 7.24166
-0.000648359 4.8359
-0.000524301 2.43014
-0.000400244 0.0243877
-0.0003 0
-0.0002 0
-0.0001 0
1.89735e-19 0
-0.0001 0
-0.0002 0
-0.0003 0
-0.000400244 0.0243877
-0.000524301 2.43014
-0.000648359 4.8359
-0.000772417 7.24166
-0.000896474 9.64741
-0.00102053 12.0532
-0.00114459 14.4589
-0.00126865 16.8647
-0.0013927 19.2704
-0.00151676 21.6762
-0.00164082 24.0819
-0.00176488 26.4877
-0.00188893 28.8935
-0.00201299 31.2992
-0.00213705 33.705
-0.00226111 36.1107
-0.00238516 38.5165
-0.0024915 39.1503
-0.00259615 39.6152
-0.00269902 39.902
-0.0028 40
-0.00288095 38.0952
-0.0029619 36.1905
-0.00304286 34.2857
-0.00312381 32.381
-0.00320476 30.4762
-0.00328571 28.5714
-0.00317219 27.2193
-0.00305867 25.8671
-0.00294515 24.5149
-0.00283163 23.1628
-0.00271811 21.8106
-0.00260458 20.4584
-0.00249106 19.1063
-0.00237754 17.7541
-0.00226402 16.4019
-0.0021505 15.0498
-0.00203698 13.6976
-0.00192345 12.3454
-0.00180993 10.9933
-0.00169641 9.64109
-0.00158289 8.28892
-0.00146937 6.93676
-0.00135585 5.58459
-0.00124232 4.23242
-0.0011288 2.88025
-0.00101528 1.52809
-0.000901759 0.17592
-0.0008 0
-0.0007 0
-0.0006 0
-0.0005 0
-0.0004 0
-0.0003 0
-0.0002 0
-0.0001 0
1.89735e-19 0
-0.0001 0
-0.0002 0
-0.0003 0
-0.0004 0
-0.0005 0
-0.0006 0
-0.0007 0
-0.0008 0
-0.000901759 0.17592
-0.00101528 1.52809
-0.0011288 2.88025
-0.00124232 4.23242
-0.00135585 5.58459
-0.00146937 6.93676
-0.00158289 8.28892
-0.00169641 9.64109
-0.00180993 10.9933
-0.00192345 12.3454
-0.00203698 13.6976
-0.0021505 15.0498
-0.00226402 16.4019
-0.00237754 17.7541
-0.00249106 19.1063
-0.00260458 20.4584
-0.00271811 21.8106
-0.00283163 23.1628
-0.00294515 24.5149
-0.00305867 25.8671
-0.00317219 27.2193
-0.00328571 28.5714
-0.00336667 26.6667
-0.00344762 24.7619
-0.00352857 22.8571
-0.00360952 20.9524
-0.00369048 19.0476
-0.00377143 17.1429
-0.00385238 15.2381
-0.00393333 13.3333
-0.00401429 11.4286
-0.00409524 9.52381
-0.00399125 9.12482
-0.00388726 8.72582
-0.00378327 8.32683
-0.00367928 7.92784
-0.00357529 7.52884
-0.0034713 7.12985
-0.00336731 6.73086
-0.00326332 6.33187
-0.00315933 5.93287
-0.00305534 5.53388
-0.00295135 5.13489
-0.00284736 4.73589
-0.00274337 4.3369
-0.00263938 3.93791
-0.00253539 3.53891
-0.0024314 3.13992
-0.00232741 2.74093
-0.00222342 2.34194
-0.00211943 1.94294
-0.00201544 1.54395
-0.00191145 1.14496
-0.00180746 0.745963
-0.00170347 0.34697
-0.0016 0
-0.0015 0
-0.0014 0
-0.0013 0
-0.0012 0
-0.0011 0
-0.001 0
-0.0009 0
-0.0008 0
-0.0007 0
-0.0006 0
-0.0005 0
-0.0004 0
-0.0003 0
-0.0002 0
-0.0001 0
-2.43945e-19 0
-0.0001 0
-0.0002 0
-0.0003 0
-0.0004 0
-0.0005 0
-0.0006 0
-0.0007 0
-0.0008 0
-0.0009 0
-0.001 0
-0.0011 0
-0.0012 0
-0.0013 0
-0.0014 0
-0.0015 0
-0.0016 0
-0.00170347 0.34697
-0.00180746 0.745963
-0.00191145 1.14496
-0.00201544 1.54395
-0.00211943 1.94294
-0.00222342 2.34194
-0.00232741 2.74093
-0.0024314 3.13992
-0.00253539 3.53891
-0.00263938 3.93791
-0.00274337 4.3369
-0.00284736 4.73589
-0.00295135 5.13489
-0.00305534 5.53388
-0.00315933 5.93287
-0.00326332 6.33187
-0.00336731 6.73086
-0.0034713 7.12985
-0.00357529 7.52884
-0.00367928 7.92784
-0.00378327 8.32683
-0.00388726 8.72582
-0.00399125 9.12482
-0.00409524 9.52381
-0.00418 8
-0.00428 8
-0.00438 8
-0.00448 8
-0.00458 8
-0.00468 8
-0.00478 8
-0.00488 8
-0.00498 8
-0.00508 8
-0.0049776 7.7599
-0.0048752 7.51981
-0.0047728 7.27971
-0.0046704 7.03962
-0.004568 6.79952
-0.00446559 6.55942
-0.00436319 6.31933
-0.00426079 6.07923
-0.00415839 5.83914
-0.00405599 5.59904
-0.00395359 5.35894
-0.00385119 5.11885
-0.00374879 4.87875
-0.00364639 4.63866
-0.00354399 4.39856
-0.00344158 4.15846
-0.00333918 3.91837
-0.00323678 3.67827
-0.00313438 3.43818
-0.00303198 3.19808
-0.00292958 2.95798
-0.00282718 2.71789
-0.00272478 2.47779
-0.00262238 2.2377
-0.00251998 1.9976
-0.00241758 1.7575
-0.00231517 1.51741
-0.00221277 1.27731
-0.00211037 1.03721
-0.00200797 0.797119
-0.00190557 0.557023
-0.00180317 0.316927
-0.00170077 0.0768307
-0.0016 0
-0.0015 0
-0.0014 0
-0.0013 0
-0.0012 0
-0.0011 0
-0.001 0
-0.0009 0
-0.0008 0
-0.0007 0
-0.0006 0
-0.0005 0
-0.0004 0
-0.0003 0
-0.0002 0
-0.0001 0
-2.43945e-19 0
