-0.0016732 67.3203
-0.00334641 134.641
-0.0050196 201.96
-0.00669231 269.231
-0.00835569 335.564
-0.00990155 390.059
-0.0110094 400.937
-0.0120209 402.094
-0.0130312 403.118
-0.0140414 404.137
-0.0150516 405.157
-0.0160618 406.176
-0.017072 407.196
-0.0180822 408.215
-0.0190923 409.235
-0.0201025 410.254
-0.0211127 411.274
-0.0221229 412.293
-0.0231331 413.313
-0.0241433 414.332
-0.0251535 415.352
-0.0261637 416.371
-0.0271739 417.391
-0.0281841 418.41
-0.0291943 419.43
-0.0302045 420.449
-0.0312147 421.469
-0.0322249 422.488
-0.0332351 423.508
-0.0342453 424.527
-0.0352555 425.547
-0.0362657 426.566
-0.0372759 427.586
-0.0382861 428.605
-0.0392962 429.625
-0.0403064 430.644
-0.0413166 431.664
-0.0423268 432.683
-0.043337 433.703
-0.0443472 434.722
-0.0453574 435.742
-0.0463676 436.761
-0.0473778 437.781
-0.048388 438.8
-0.0493982 439.82
-0.0504084 440.839
-0.0514186 441.859
-0.0524288 442.878
-0.053439 443.898
-0.0544492 444.917
-0.0554594 445.937
-0.0564696 446.956
-0.0574798 447.976
-0.05849 448.995
-0.0595001 450.015
-0.0605103 451.034
-0.0615205 452.054
-0.0625307 453.073
-0.0635409 454.093
-0.0645511 455.112
-0.0655613 456.132
-0.0665715 457.151
-0.0675817 458.171
-0.0685919 459.19
-0.0696021 460.21
-0.0706123 461.229
-0.0716225 462.249
-0.0726327 463.268
-0.0736429 464.288
-0.0746531 465.307
-0.0756633 466.327
-0.0766735 467.346
-0.0776837 468.366
-0.0786939 469.385
-0.079704 470.405
-0.0807142 471.424
-0.0817244 472.444
-0.0827346 473.463
-0.0837448 474.483
-0.084755 475.502
-0.0857652 476.522
-0.0867754 477.541
-0.0877856 478.561
-0.0887958 479.58
-0.089806 480.6
-0.0908162 481.619
-0.0918264 482.639
-0.0928366 483.658
-0.0938468 484.678
-0.094857 485.697
-0.0958672 486.717
-0.0968774 487.736
-0.0978876 488.756
-0.0988978 489.775
-0.0999079 490.795
-0.100918 491.814
-0.101928 492.834
-0.102939 493.853
-0.103949 494.873
-0.104959 495.892
-0.105969 496.912
-0.106979 497.931
-0.10799 498.951
-0.109 499.97
-0.11001 500.99
-0.11102 502.009
-0.11203 503.029
-0.11304 504.048
-0.114051 505.068
-0.115061 506.087
-0.116071 507.107
-0.117081 508.126
-0.118091 509.146
-0.119102 510.165
-0.120112 511.185
-0.121122 512.204
-0.122132 513.224
-0.123142 514.243
-0.124153 515.263
-0.125163 516.282
-0.126173 517.302
-0.127183 518.321
-0.128193 519.341
-0.129204 520.36
-0.130214 521.38
-0.131224 522.399
-0.132234 523.419
-0.133244 524.438
-0.134255 525.458
-0.135265 526.477
-0.136275 527.497
-0.137285 528.516
-0.138295 529.536
-0.139306 530.555
-0.140316 531.575
-0.141326 532.594
-0.142336 533.614
-0.143346 534.633
-0.144357 535.653
-0.145367 536.672
-0.146377 537.692
-0.147387 538.711
-0.148397 539.731
-0.149408 540.75
-0.150418 541.77
-0.151428 542.789
-0.152438 543.809
-0.153448 544.828
-0.154458 545.848
-0.155469 546.867
-0.156479 547.887
-0.157489 548.906
-0.158499 549.926
-0.159509 550.945
-0.16052 551.965
-0.16153 552.984
-0.16254 554.004
-0.16355 555.023
-0.16456 556.043
-0.165571 557.062
-0.166581 558.082
-0.167591 559.101
-0.168601 560.121
-0.169611 561.14
-0.170622 562.16
-0.171632 563.179
-0.172642 564.199
-0.173652 565.218
-0.174662 566.238
-0.175673 567.257
-0.176683 568.277
-0.177693 569.296
-0.178703 570.316
-0.179713 571.335
-0.180724 572.355
-0.181734 573.374
-0.182744 574.394
-0.183754 575.413
-0.184764 576.433
-0.185775 577.452
-0.186785 578.472
-0.187795 579.491
-0.188805 580.511
-0.189815 581.53
-0.190825 582.55
-0.191836 583.569
-0.192846 584.589
-0.193856 585.608
-0.194866 586.628
-0.195876 587.647
-0.196887 588.667
-0.197897 589.686
-0.198907 590.706
-0.199917 591.725
-0.200927 592.745
-0.201938 593.764
-0.202948 594.784
-0.203958 595.803
-0.204968 596.823
-0.205978 597.842
-0.206989 598.862
-0.207999 599.881
-0.209009 600.901
-0.210019 601.92
-0.211029 602.94
-0.21204 603.959
-0.21305 604.979
-0.21406 605.998
-0.21507 607.018
-0.21608 608.037
-0.217091 609.057
-0.218101 610.076
-0.219111 611.096
-0.220121 612.115
-0.221131 613.135
-0.222142 614.154
-0.223152 615.174
-0.224162 616.193
-0.225172 617.213
-0.226182 618.232
-0.227193 619.252
-0.228203 620.271
-0.229213 621.291
-0.230223 622.31
-0.231233 623.33
-0.232243 624.349
-0.233254 625.369
-0.234264 626.388
-0.235274 627.408
-0.236284 628.427
-0.237294 629.447
-0.238305 630.466
-0.239315 631.486
-0.240325 632.505
-0.241335 633.525
-0.242345 634.544
-0.243356 635.564
-0.244366 636.583
-0.245376 637.603
-0.246386 638.622
-0.247396 639.642
-0.248407 640.661
-0.249417 641.681
-0.250427 642.7
-0.251437 643.72
-0.252447 644.739
-0.253458 645.759
-0.254468 646.778
-0.255478 647.798
-0.256488 648.817
-0.257498 649.837
-0.258509 650.856
-0.259519 651.876
-0.260529 652.895
-0.261539 653.915
-0.262549 654.934
-0.26356 655.954
-0.26457 656.973
-0.26558 657.993
-0.26659 659.012
-0.2676 660.032
-0.268611 661.051
-0.269621 662.071
-0.270631 663.09
-0.271641 664.11
-0.272651 665.129
-0.273661 666.149
-0.274672 667.168
-0.275682 668.188
-0.276692 669.207
-0.277702 670.227
-0.278712 671.246
-0.279723 672.266
-0.280733 673.285
-0.281743 674.305
-0.282753 675.324
-0.283763 676.344
-0.284774 677.363
-0.285784 678.383
-0.286794 679.402
-0.287804 680.422
-0.288814 681.441
-0.289825 682.461
-0.290835 683.48
-0.291845 684.5
-0.292855 685.519
-0.293865 686.539
-0.294876 687.558
-0.295886 688.578
-0.296896 689.597
-0.297906 690.617
-0.298916 691.636
-0.299927 692.656
-0.300937 693.675
-0.301947 694.695
-0.302957 695.714
-0.303967 696.734
-0.304978 697.753
-0.305988 698.773
-0.306998 699.792
-0.308008 700.812
-0.309018 701.831
-0.310029 702.851
-0.311039 703.87
-0.312049 704.89
-0.313059 705.909
-0.314069 706.929
-0.315079 707.948
-0.31609 708.968
-0.3171 709.987
-0.31811 711.007
-0.31912 712.026
-0.32013 713.046
-0.321141 714.065
-0.322151 715.085
-0.323161 716.104
-0.324171 717.124
-0.325181 718.143
-0.326192 719.163
-0.327202 720.182
-0.328212 721.202
-0.329222 722.221
-0.330232 723.241
-0.331243 724.26
-0.332253 725.28
-0.333263 726.299
-0.334273 727.319
-0.335283 728.338
-0.336294 729.358
-0.337304 730.377
-0.338314 731.397
-0.339324 732.416
-0.340334 733.436
-0.341345 734.455
-0.342355 735.475
-0.343365 736.494
-0.344375 737.514
-0.345385 738.533
-0.346396 739.553
-0.347406 740.572
-0.348416 741.592
-0.349426 742.611
-0.350436 743.631
-0.351447 744.65
-0.352457 745.67
-0.353467 746.689
-0.354477 747.709
-0.355487 748.728
-0.356497 749.748
-0.357508 750.767
-0.358518 751.787
-0.359528 752.806
-0.360538 753.826
-0.361548 754.845
-0.362559 755.865
-0.363569 756.884
-0.364579 757.904
-0.365589 758.923
-0.366599 759.943
-0.36761 760.962
-0.36862 761.982
-0.36963 763.001
-0.37064 764.021
-0.37165 765.04
-0.372661 766.06
-0.373671 767.079
-0.374681 768.099
-0.375691 769.118
-0.376701 770.138
-0.377712 771.157
-0.378722 772.177
-0.379732 773.196
-0.380742 774.216
-0.381752 775.235
-0.382763 776.255
-0.383773 777.274
-0.384783 778.294
-0.385793 779.313
-0.386803 780.333
-0.387814 781.352
-0.388824 782.372
-0.389834 783.391
-0.390844 784.411
-0.391854 785.43
-0.392864 786.45
-0.393875 787.469
-0.394885 788.489
-0.395895 789.508
-0.396905 790.528
-0.397915 791.547
-0.398926 792.567
-0.399936 793.586
-0.400946 794.606
-0.401956 795.625
-0.402966 796.645
-0.403977 797.664
-0.404987 798.684
-0.405997 799.703
-0.407007 800.723
-0.408017 801.742
-0.406376 735.247
-0.404762 676.184
-0.403202 620.206
-0.401688 568.822
-0.40022 521.982
-0.398795 479.54
-0.397413 441.268
-0.396069 406.874
-0.39476 376.031
-0.393484 348.391
-0.392236 323.613
-0.391014 301.37
-0.389814 281.362
-0.388633 263.317
-0.38747 246.992
-0.386322 232.175
-0.385187 218.68
-0.384063 206.345
-0.38295 195.032
-0.381846 184.62
-0.38075 175.003
-0.379661 166.093
-0.378578 157.81
-0.377501 150.087
-0.376429 142.865
-0.375361 136.092
-0.374297 129.723
-0.373237 123.719
-0.37218 118.044
-0.371127 112.669
-0.370076 107.565
-0.369027 102.71
-0.367981 98.0815
-0.366937 93.6605
-0.365894 89.43
-0.364854 85.3748
-0.363815 81.4811
-0.362777 77.7366
-0.361741 74.1302
-0.360707 70.6517
-0.359673 67.292
-0.35864 64.0428
-0.357609 60.8965
-0.356578 57.8462
-0.355549 54.8857
-0.35452 52.0091
-0.353492 49.2112
-0.352465 46.4871
-0.351438 43.8322
-0.350412 41.2426
-0.349387 38.7144
-0.348362 36.2441
-0.347338 33.8283
-0.346315 31.4642
-0.345291 29.1489
-0.344269 26.8797
-0.343247 24.6543
-0.342225 22.4705
-0.341203 20.326
-0.340182 18.219
-0.339161 16.1476
-0.338141 14.1101
-0.337121 12.1049
-0.336101 10.1304
-0.335082 8.18521
-0.334063 6.26807
-0.333044 4.37768
-0.332025 2.51286
-0.331007 0.672499
-0.329989 -1.14445
-0.328971 -2.93898
-0.327953 -4.71201
-0.326935 -6.46445
-0.325918 -8.19712
-0.324901 -9.91082
-0.323884 -11.6063
-0.322867 -13.2842
-0.321851 -14.9454
-0.320834 -16.5903
-0.319818 -18.2196
-0.318802 -19.8339
-0.317786 -21.4338
-0.31677 -23.0197
-0.315754 -24.5921
-0.314738 -26.1516
-0.313723 -27.6986
-0.312708 -29.2335
-0.311692 -30.7568
-0.310677 -32.2688
-0.309662 -33.7698
-0.308647 -35.2603
-0.307633 -36.7407
-0.306618 -38.2111
-0.305603 -39.6721
-0.304589 -41.1237
-0.303574 -42.5664
-0.30256 -44.0005
-0.301546 -45.4261
-0.300532 -46.8435
-0.299517 -48.2531
-0.298503 -49.6549
-0.29749 -51.0493
-0.296476 -52.4365
-0.295462 -53.8166
-0.294448 -55.1899
-0.293434 -56.5566
-0.292421 -57.9168
-0.291407 -59.2708
-0.290394 -60.6186
-0.28938 -61.9605
-0.288367 -63.2967
-0.287354 -64.6272
-0.28634 -65.9523
-0.285327 -67.2721
-0.284314 -68.5866
-0.283301 -69.8962
-0.282288 -71.2008
-0.281275 -72.5006
-0.280262 -73.7957
-0.279249 -75.0863
-0.278236 -76.3724
-0.277223 -77.6542
-0.276211 -78.9317
-0.275198 -80.2052
-0.274185 -81.4746
-0.273173 -82.7401
-0.27216 -84.0017
-0.271147 -85.2596
-0.270135 -86.5138
-0.269122 -87.7644
-0.26811 -89.0116
-0.267097 -90.2553
-0.266085 -91.4957
-0.265073 -92.7328
-0.26406 -93.9667
-0.263048 -95.1975
-0.262036 -96.4253
-0.261023 -97.6501
-0.260011 -98.8719
-0.258999 -100.091
-0.257987 -101.307
-0.256975 -102.52
-0.255963 -103.731
-0.254951 -104.939
-0.253939 -106.145
-0.252927 -107.348
-0.251915 -108.548
-0.250903 -109.747
-0.249891 -110.942
-0.248879 -112.136
-0.247867 -113.327
-0.246855 -114.516
-0.245843 -115.703
-0.244831 -116.887
-0.243819 -118.07
-0.242807 -119.25
-0.241796 -120.428
-0.240784 -121.605
-0.239772 -122.779
-0.23876 -123.952
-0.237749 -125.122
-0.236737 -126.291
-0.235725 -127.458
-0.234714 -128.624
-0.233702 -129.787
-0.232691 -130.949
-0.231679 -132.109
-0.230667 -133.267
-0.229656 -134.424
-0.228644 -135.579
-0.227633 -136.733
-0.226621 -137.885
-0.22561 -139.036
-0.224598 -140.185
-0.223587 -141.332
-0.222575 -142.479
-0.221564 -143.623
-0.220552 -144.767
-0.219541 -145.909
-0.21853 -147.049
-0.217518 -148.189
-0.216507 -149.327
-0.215495 -150.464
-0.214484 -151.599
-0.213473 -152.734
-0.212461 -153.867
-0.21145 -154.998
-0.210439 -156.129
-0.209427 -157.259
-0.208416 -158.387
-0.207405 -159.514
-0.206394 -160.641
-0.205382 -161.766
-0.204371 -162.89
-0.20336 -164.013
-0.202349 -165.134
-0.201337 -166.255
-0.200326 -167.375
-0.199315 -168.494
-0.198304 -169.612
-0.197293 -170.729
-0.196282 -171.845
-0.19527 -172.96
-0.194259 -174.074
-0.193248 -175.187
-0.192237 -176.3
-0.191226 -177.411
-0.190215 -178.522
-0.189204 -179.631
-0.188193 -180.74
-0.187182 -181.848
-0.18617 -182.955
-0.185159 -184.062
-0.184148 -185.167
-0.183137 -186.272
-0.182126 -187.376
-0.181115 -188.479
-0.180104 -189.582
-0.179093 -190.684
-0.178082 -191.785
-0.177071 -192.885
-0.17606 -193.985
-0.175049 -195.083
-0.174038 -196.182
-0.173027 -197.279
-0.172016 -198.376
-0.171005 -199.472
-0.169994 -200.567
-0.168983 -201.662
-0.167972 -202.756
-0.166962 -203.85
-0.165951 -204.943
-0.16494 -206.035
-0.163929 -207.127
-0.162918 -208.218
-0.161907 -209.308
-0.160896 -210.398
-0.159885 -211.488
-0.158874 -212.576
-0.157863 -213.664
-0.156852 -214.752
-0.155842 -215.839
-0.154831 -216.926
-0.15382 -218.012
-0.152809 -219.097
-0.151798 -220.182
-0.150787 -221.266
-0.149776 -222.35
-0.148766 -223.433
-0.147755 -224.516
-0.146744 -225.599
-0.145733 -226.681
-0.144722 -227.762
-0.143712 -228.843
-0.142701 -229.923
-0.14169 -231.003
-0.140679 -232.083
-0.139668 -233.162
-0.138658 -234.24
-0.137647 -235.319
-0.136636 -236.396
-0.135625 -237.473
-0.134614 -238.55
-0.133604 -239.627
-0.132593 -240.703
-0.131582 -241.778
-0.130571 -242.853
-0.129561 -243.928
-0.12855 -245.002
-0.127539 -246.076
-0.126529 -247.15
-0.125518 -248.223
-0.124507 -249.296
-0.123496 -250.368
-0.122486 -251.44
-0.121475 -252.512
-0.120464 -253.583
-0.119453 -254.654
-0.118443 -255.725
-0.117432 -256.795
-0.116421 -257.865
-0.115411 -258.934
-0.1144 -260.003
-0.113389 -261.072
-0.112379 -262.14
-0.111368 -263.209
-0.110357 -264.276
-0.109347 -265.344
-0.108336 -266.411
-0.107325 -267.478
-0.106315 -268.544
-0.105304 -269.61
-0.104293 -270.676
-0.103283 -271.742
-0.102272 -272.807
-0.101261 -273.872
-0.100251 -274.937
-0.09924 -276.001
-0.0982294 -277.065
-0.0972187 -278.129
-0.0962081 -279.192
-0.0951974 -280.255
-0.0941868 -281.318
-0.0931762 -282.381
-0.0921656 -283.443
-0.0911549 -284.505
-0.0901443 -285.567
-0.0891337 -286.629
-0.0881231 -287.69
-0.0871125 -288.751
-0.0861019 -289.812
-0.0850913 -290.872
-0.0840807 -291.932
-0.0830701 -292.992
-0.0820595 -294.052
-0.0810489 -295.111
-0.0800383 -296.17
-0.0790277 -297.229
-0.0780171 -298.288
-0.0770065 -299.347
-0.075996 -300.405
-0.0749854 -301.463
-0.0739748 -302.521
-0.0729642 -303.578
-0.0719536 -304.635
-0.0709431 -305.693
-0.0699325 -306.749
-0.0689219 -307.806
-0.0679114 -308.862
-0.0669008 -309.919
-0.0658903 -310.975
-0.0648797 -312.03
-0.0638691 -313.086
-0.0628586 -314.141
-0.061848 -315.196
-0.0608375 -316.251
-0.0598269 -317.306
-0.0588164 -318.36
-0.0578059 -319.415
-0.0567953 -320.469
-0.0557848 -321.523
-0.0547742 -322.576
-0.0537637 -323.63
-0.0527532 -324.683
-0.0517426 -325.736
-0.0507321 -326.789
-0.0497216 -327.842
-0.0487111 -328.895
-0.0477005 -329.947
-0.04669 -330.999
-0.0456795 -332.051
-0.044669 -333.103
-0.0436585 -334.155
-0.0426479 -335.206
-0.0416374 -336.257
-0.0406269 -337.309
-0.0396164 -338.359
-0.0386059 -339.41
-0.0375954 -340.461
-0.0365849 -341.511
-0.0355744 -342.562
-0.0345639 -343.612
-0.0335534 -344.662
-0.0325429 -345.711
-0.0315324 -346.761
-0.0305219 -347.81
-0.0295114 -348.86
-0.0285009 -349.909
-0.0274904 -350.958
-0.0264799 -352.007
-0.0254694 -353.055
-0.024459 -354.104
-0.0234485 -355.152
-0.022438 -356.2
-0.0214275 -357.248
-0.020417 -358.296
-0.0194066 -359.344
-0.0183961 -360.391
-0.0173856 -361.439
-0.0163751 -362.486
-0.0153647 -363.533
-0.0143542 -364.58
-0.0133437 -365.627
-0.0123333 -366.674
-0.0113228 -367.721
-0.0103123 -368.767
-0.00930186 -369.814
-0.0082914 -370.86
-0.00728094 -371.906
-0.00627048 -372.952
-0.00526003 -373.997
-0.00424957 -375.043
-0.00323911 -376.089
-0.00222866 -377.134
-0.00121821 -378.179
-0.000207755 -379.225
0.000802696 -380.27
0.00181314 -381.314
0.00282359 -382.359
0.00383404 -383.404
0.00484448 -384.448
0.00585493 -385.493
0.00686537 -386.537
0.00787581 -387.581
0.00888625 -388.625
0.00989669 -389.669
0.0109071 -390.713
0.0119176 -391.757
0.012928 -392.8
0.0139384 -393.844
0.0149489 -394.887
0.0159593 -395.93
0.0169697 -396.973
0.0179802 -398.016
0.0189906 -399.059
0.020001 -400.102
0.0210114 -401.145
0.0220219 -402.187
0.0230323 -403.23
0.0240427 -404.272
0.0250531 -405.314
0.0260636 -406.357
0.027074 -407.399
0.0280844 -408.441
0.0290948 -409.482
0.0301052 -410.524
0.0311157 -411.566
0.0321261 -412.607
0.0331365 -413.649
0.0341469 -414.69
0.0351573 -415.731
0.0361677 -416.772
0.0371781 -417.813
0.0381885 -418.854
0.039199 -419.895
0.0402094 -420.936
0.0412198 -421.977
0.0422302 -423.017
0.0432406 -424.058
0.044251 -425.098
0.0452614 -426.138
0.0462718 -427.178
0.0472822 -428.218
0.0482926 -429.258
0.049303 -430.298
0.0503134 -431.338
0.0513238 -432.378
0.0523342 -433.418
0.0533446 -434.457
0.054355 -435.497
0.0553654 -436.536
0.0563758 -437.575
0.0573861 -438.614
0.0583965 -439.654
0.0594069 -440.693
0.0604173 -441.732
0.0614277 -442.77
0.0624381 -443.809
0.0634485 -444.848
0.0644589 -445.887
0.0654693 -446.925
0.0664796 -447.964
0.06749 -449.002
0.0685004 -450.04
0.0695108 -451.078
0.0705212 -452.117
0.0715315 -453.155
0.0725419 -454.193
0.0735523 -455.231
0.0745627 -456.268
0.0755731 -457.306
0.0765834 -458.344
0.0775938 -459.381
0.0786042 -460.419
0.0796146 -461.456
0.0806249 -462.494
0.0816353 -463.531
0.0826457 -464.568
0.0836561 -465.605
0.0846664 -466.643
0.0856768 -467.68
0.0866872 -468.717
0.0876975 -469.753
0.0887079 -470.79
0.0897183 -471.827
0.0907286 -472.864
0.091739 -473.9
0.0927494 -474.937
0.0937597 -475.973
0.0947701 -477.01
0.0957805 -478.046
0.0967908 -479.082
0.0978012 -480.118
0.0988115 -481.155
0.0998219 -482.191
0.100832 -483.227
0.101843 -484.263
0.102853 -485.298
0.103863 -486.334
0.104874 -487.37
0.105884 -488.406
0.106894 -489.441
0.107905 -490.477
0.108915 -491.512
0.109925 -492.548
0.110936 -493.583
0.111946 -494.618
0.112957 -495.654
0.113967 -496.689
0.114977 -497.724
0.115988 -498.759
0.116998 -499.794
0.118008 -500.829
0.119019 -501.864
0.120029 -502.899
0.121039 -503.933
0.12205 -504.968
0.12306 -506.003
0.12407 -507.037
0.125081 -508.072
0.126091 -509.106
0.127101 -510.141
0.128112 -511.175
0.129122 -512.21
0.130132 -513.244
0.131143 -514.278
0.132153 -515.312
0.133163 -516.346
0.134174 -517.38
0.135184 -518.414
0.136194 -519.448
0.137205 -520.482
0.138215 -521.516
0.139225 -522.55
0.140236 -523.583
0.141246 -524.617
0.142257 -525.651
0.143267 -526.684
0.144277 -527.718
0.145288 -528.751
0.146298 -529.785
0.147308 -530.818
0.148319 -531.851
0.149329 -532.885
0.150339 -533.918
0.15135 -534.951
0.15236 -535.984
0.15337 -537.017
0.154381 -538.05
0.155391 -539.083
0.156401 -540.116
0.157411 -541.149
0.158422 -542.182
0.159432 -543.215
0.160442 -544.247
0.161453 -545.28
0.162463 -546.313
0.163473 -547.345
0.164484 -548.378
0.165494 -549.41
0.166504 -550.443
0.167515 -551.475
0.168525 -552.508
0.169535 -553.54
0.170546 -554.572
0.171556 -555.605
0.172566 -556.637
0.173577 -557.669
0.174587 -558.701
0.175597 -559.733
0.176608 -560.765
0.177618 -561.797
0.178628 -562.829
0.179639 -563.861
0.180649 -564.893
0.181659 -565.925
0.18267 -566.956
0.18368 -567.988
0.18469 -569.02
0.185701 -570.051
0.186711 -571.083
0.187721 -572.115
0.188731 -573.146
0.189742 -574.178
0.190752 -575.209
0.191762 -576.24
0.192773 -577.272
0.193783 -578.303
0.194793 -579.334
0.195804 -580.366
0.196814 -581.397
0.197824 -582.428
0.198835 -583.459
0.199845 -584.49
0.200855 -585.521
0.201866 -586.552
0.202876 -587.583
0.203886 -588.614
0.204896 -589.645
0.205907 -590.676
0.206917 -591.707
0.207927 -592.738
0.208938 -593.768
0.209948 -594.799
0.210958 -595.83
0.211969 -596.86
0.212979 -597.891
0.213989 -598.922
0.215 -599.952
0.21601 -600.983
0.21702 -602.013
0.21803 -603.044
0.219041 -604.074
0.220051 -605.104
0.221061 -606.135
0.222072 -607.165
0.223082 -608.195
0.224092 -609.225
0.225103 -610.256
0.226113 -611.286
0.227123 -612.316
0.228133 -613.346
0.229144 -614.376
0.230154 -615.406
0.231164 -616.436
0.232175 -617.466
0.233185 -618.496
0.234195 -619.526
0.235206 -620.556
0.236216 -621.586
0.237226 -622.615
0.238236 -623.645
0.239247 -624.675
0.240257 -625.705
0.241267 -626.734
0.242278 -627.764
0.243288 -628.793
0.244298 -629.823
0.245309 -630.853
0.246319 -631.882
0.247329 -632.912
0.248339 -633.941
0.24935 -634.97
0.25036 -636
0.25137 -637.029
0.252381 -638.059
0.253391 -639.088
0.254401 -640.117
0.255411 -641.146
0.256422 -642.176
0.257432 -643.205
0.258442 -644.234
0.259453 -645.263
0.260463 -646.292
0.261473 -647.321
0.262484 -648.35
0.263494 -649.379
0.264504 -650.408
0.265514 -651.437
0.266525 -652.466
0.267535 -653.495
0.268545 -654.524
0.269556 -655.553
0.270566 -656.582
0.271576 -657.61
0.272586 -658.639
0.273597 -659.668
0.274607 -660.697
0.275617 -661.725
0.276628 -662.754
0.277638 -663.783
0.278648 -664.811
0.279658 -665.84
0.280669 -666.868
0.281679 -667.897
0.282689 -668.925
0.2837 -669.954
0.28471 -670.982
0.28572 -672.011
0.28673 -673.039
0.287741 -674.068
0.288751 -675.096
0.289761 -676.124
0.290772 -677.153
0.291782 -678.181
0.292792 -679.209
0.293802 -680.237
0.294813 -681.265
0.295823 -682.294
0.296833 -683.322
0.297843 -684.35
0.298854 -685.378
0.299864 -686.406
0.300874 -687.434
0.301885 -688.462
0.302895 -689.49
0.303905 -690.518
0.304915 -691.546
0.305926 -692.574
0.306936 -693.602
0.307946 -694.63
0.308957 -695.658
0.309967 -696.686
0.310977 -697.713
0.311987 -698.741
0.312998 -699.769
0.314008 -700.797
0.315018 -701.824
0.316029 -702.852
0.317039 -703.88
0.318049 -704.907
0.319059 -705.935
0.32007 -706.963
0.32108 -707.99
0.32209 -709.018
0.3231 -710.045
0.324111 -711.073
0.325121 -712.1
0.326131 -713.128
0.327142 -714.155
0.328152 -715.183
0.329162 -716.21
0.330172 -717.238
0.331183 -718.265
0.332193 -719.292
0.333203 -720.32
0.334213 -721.347
0.335224 -722.374
0.336234 -723.401
0.337244 -724.429
0.338255 -725.456
0.339265 -726.483
0.340275 -727.51
0.341285 -728.537
0.342296 -729.565
0.343306 -730.592
0.344316 -731.619
0.345326 -732.646
0.346337 -733.673
0.347347 -734.7
0.348357 -735.727
0.349368 -736.754
0.350378 -737.781
0.351388 -738.808
0.352398 -739.835
0.353409 -740.862
0.354419 -741.889
0.355429 -742.916
0.356439 -743.943
0.35745 -744.969
0.35846 -745.996
0.35947 -747.023
0.36048 -748.05
0.361491 -749.077
0.362501 -750.103
0.363511 -751.13
0.364522 -752.157
0.365532 -753.183
0.366542 -754.21
0.367552 -755.237
0.368563 -756.263
0.369573 -757.29
0.370583 -758.317
0.371593 -759.343
0.372604 -760.37
0.373614 -761.396
0.374624 -762.423
0.375634 -763.449
0.376645 -764.476
0.377655 -765.502
0.378665 -766.529
0.379676 -767.555
0.380686 -768.582
0.381696 -769.608
0.382706 -770.635
0.383717 -771.661
0.384727 -772.687
0.385737 -773.714
0.386747 -774.74
0.387758 -775.766
0.388768 -776.792
0.389778 -777.819
0.390788 -778.845
0.391799 -779.871
0.392809 -780.897
0.393819 -781.924
0.394829 -782.95
0.39584 -783.976
0.39685 -785.002
0.39786 -786.028
0.398871 -787.054
0.399881 -788.081
0.400891 -789.107
0.401901 -790.133
0.402912 -791.159
0.403922 -792.185
0.404932 -793.211
0.405942 -794.237
0.406953 -795.263
0.407963 -796.289
0.406314 -731.256
0.404709 -670.91
0.403151 -615.122
0.40164 -563.978
0.400174 -517.415
0.398753 -475.276
0.397373 -437.318
0.396032 -403.24
0.394727 -372.704
0.393454 -345.358
0.392209 -320.856
0.390989 -298.868
0.389791 -279.094
0.388613 -261.261
0.387451 -245.129
0.386305 -230.486
0.385171 -217.147
0.38405 -204.954
0.382938 -193.769
0.381835 -183.471
0.38074 -173.958
0.379651 -165.141
0.378569 -156.943
0.377493 -149.297
0.376421 -142.144
0.375354 -135.435
0.374291 -129.123
0.373232 -123.172
0.372175 -117.545
0.371122 -112.214
0.370072 -107.152
0.369023 -102.334
0.367977 -97.7392
0.366933 -93.3499
0.365891 -89.1486
0.364851 -85.1205
0.363813 -81.2518
0.362775 -77.5306
0.361739 -73.9458
0.360705 -70.4874
0.359671 -67.1464
0.358639 -63.9146
0.357608 -60.7846
0.356577 -57.7496
0.355548 -54.8033
0.354519 -51.9401
0.353492 -49.1546
0.352464 -46.4422
0.351438 -43.7984
0.350412 -41.2192
0.349387 -38.7007
0.348362 -36.2395
0.347338 -33.8324
0.346315 -31.4764
0.345292 -29.1687
0.344269 -26.9068
0.343247 -24.6883
0.342225 -22.5109
0.341204 -20.3725
0.340183 -18.2713
0.339162 -16.2054
0.338142 -14.173
0.337122 -12.1727
0.336102 -10.2028
0.335083 -8.26209
0.334063 -6.34913
0.333045 -4.46271
0.332026 -2.60166
0.331008 -0.764878
0.32999 1.04867
0.328972 2.83997
0.327954 4.60993
0.326936 6.35945
0.325919 8.08935
0.324902 9.8004
0.323885 11.4934
0.322868 13.1689
0.321852 14.8278
0.320835 16.4705
0.319819 18.0978
0.318803 19.7101
0.317787 21.3081
0.316771 22.8923
0.315755 24.463
0.31474 26.0209
0.313724 27.5664
0.312709 29.0998
0.311694 30.6217
0.310679 32.1323
0.309664 33.6321
0.308649 35.1215
0.307634 36.6006
0.306619 38.07
0.305605 39.5299
0.30459 40.9806
0.303576 42.4224
0.302561 43.8555
0.301547 45.2803
0.300533 46.6969
0.299519 48.1057
0.298505 49.5068
0.297491 50.9005
0.296477 52.287
0.295463 53.6666
0.29445 55.0393
0.293436 56.4054
0.292422 57.7651
0.291409 59.1186
0.290395 60.4659
0.289382 61.8074
0.288369 63.1432
0.287355 64.4733
0.286342 65.798
0.285329 67.1174
0.284316 68.4317
0.283303 69.7409
0.28229 71.0452
0.281277 72.3448
0.280264 73.6397
0.279251 74.93
0.278238 76.2159
0.277225 77.4975
0.276212 78.7749
0.2752 80.0482
0.274187 81.3174
0.273174 82.5828
0.272162 83.8443
0.271149 85.1021
0.270136 86.3562
0.269124 87.6067
0.268111 88.8538
0.267099 90.0975
0.266087 91.3378
0.265074 92.5749
0.264062 93.8088
0.26305 95.0396
0.262037 96.2673
0.261025 97.4921
0.260013 98.7139
0.259001 99.9329
0.257989 101.149
0.256976 102.363
0.255964 103.573
0.254952 104.782
0.25394 105.987
0.252928 107.19
0.251916 108.391
0.250904 109.589
0.249892 110.785
0.24888 111.978
0.247868 113.17
0.246856 114.359
0.245845 115.545
0.244833 116.73
0.243821 117.913
0.242809 119.093
0.241797 120.272
0.240786 121.448
0.239774 122.623
0.238762 123.796
0.23775 124.966
0.236739 126.135
0.235727 127.302
0.234715 128.468
0.233704 129.631
0.232692 130.793
0.23168 131.954
0.230669 133.112
0.229657 134.269
0.228646 135.424
0.227634 136.578
0.226623 137.731
0.225611 138.881
0.2246 140.031
0.223588 141.178
0.222577 142.325
0.221565 143.47
0.220554 144.613
0.219542 145.755
0.218531 146.896
0.21752 148.036
0.216508 149.174
0.215497 150.311
0.214486 151.447
0.213474 152.581
0.212463 153.715
0.211452 154.847
0.21044 155.978
0.209429 157.107
0.208418 158.236
0.207406 159.363
0.206395 160.49
0.205384 161.615
0.204373 162.739
0.203361 163.862
0.20235 164.984
0.201339 166.106
0.200328 167.226
0.199317 168.345
0.198305 169.463
0.197294 170.58
0.196283 171.696
0.195272 172.811
0.194261 173.926
0.19325 175.039
0.192238 176.152
0.191227 177.263
0.190216 178.374
0.189205 179.484
0.188194 180.593
0.187183 181.701
0.186172 182.809
0.185161 183.915
0.18415 185.021
0.183139 186.126
0.182128 187.23
0.181117 188.334
0.180106 189.437
0.179095 190.538
0.178084 191.64
0.177073 192.74
0.176062 193.84
0.175051 194.939
0.17404 196.037
0.173029 197.135
0.172018 198.232
0.171007 199.328
0.169996 200.424
0.168985 201.519
0.167974 202.614
0.166963 203.707
0.165952 204.8
0.164941 205.893
0.16393 206.985
0.162919 208.076
0.161908 209.167
0.160897 210.257
0.159887 211.346
0.158876 212.435
0.157865 213.524
0.156854 214.612
0.155843 215.699
0.154832 216.785
0.153821 217.872
0.15281 218.957
0.1518 220.042
0.150789 221.127
0.149778 222.211
0.148767 223.295
0.147756 224.378
0.146745 225.46
0.145735 226.542
0.144724 227.624
0.143713 228.705
0.142702 229.786
0.141691 230.866
0.140681 231.946
0.13967 233.025
0.138659 234.104
0.137648 235.182
0.136637 236.26
0.135627 237.337
0.134616 238.414
0.133605 239.491
0.132594 240.567
0.131584 241.643
0.130573 242.718
0.129562 243.793
0.128551 244.868
0.127541 245.942
0.12653 247.016
0.125519 248.089
0.124508 249.162
0.123498 250.235
0.122487 251.307
0.121476 252.379
0.120465 253.45
0.119455 254.521
0.118444 255.592
0.117433 256.662
0.116423 257.732
0.115412 258.802
0.114401 259.871
0.113391 260.94
0.11238 262.009
0.111369 263.077
0.110359 264.145
0.109348 265.213
0.108337 266.28
0.107327 267.347
0.106316 268.414
0.105305 269.48
0.104295 270.546
0.103284 271.612
0.102273 272.677
0.101263 273.742
0.100252 274.807
0.0992413 275.872
0.0982306 276.936
0.09722 278
0.0962094 279.064
0.0951987 280.127
0.0941881 281.19
0.0931775 282.253
0.0921668 283.315
0.0911562 284.378
0.0901456 285.44
0.089135 286.501
0.0881244 287.563
0.0871138 288.624
0.0861032 289.685
0.0850925 290.745
0.0840819 291.806
0.0830713 292.866
0.0820607 293.926
0.0810501 294.985
0.0800396 296.045
0.079029 297.104
0.0780184 298.163
0.0770078 299.222
0.0759972 300.28
0.0749866 301.338
0.073976 302.396
0.0729655 303.454
0.0719549 304.511
0.0709443 305.569
0.0699337 306.626
0.0689232 307.682
0.0679126 308.739
0.066902 309.795
0.0658915 310.851
0.0648809 311.907
0.0638704 312.963
0.0628598 314.019
0.0618493 315.074
0.0608387 316.129
0.0598282 317.184
0.0588176 318.239
0.0578071 319.293
0.0567965 320.347
0.055786 321.401
0.0547754 322.455
0.0537649 323.509
0.0527544 324.562
0.0517438 325.616
0.0507333 326.669
0.0497228 327.722
0.0487123 328.774
0.0477017 329.827
0.0466912 330.879
0.0456807 331.931
0.0446702 332.983
0.0436596 334.035
0.0426491 335.087
0.0416386 336.138
0.0406281 337.19
0.0396176 338.241
0.0386071 339.292
0.0375966 340.342
0.0365861 341.393
0.0355756 342.443
0.0345651 343.494
0.0335546 344.544
0.0325441 345.594
0.0315336 346.643
0.0305231 347.693
0.0295126 348.742
0.0285021 349.792
0.0274916 350.841
0.0264811 351.89
0.0254706 352.939
0.0244601 353.987
0.0234496 355.036
0.0224392 356.084
0.0214287 357.132
0.0204182 358.18
0.0194077 359.228
0.0183972 360.276
0.0173868 361.324
0.0163763 362.371
0.0153658 363.418
0.0143553 364.465
0.0133449 365.513
0.0123344 366.559
0.0113239 367.606
0.0103135 368.653
0.00930301 369.699
0.00829254 370.746
0.00728208 371.792
0.00627162 372.838
0.00526116 373.884
0.0042507 374.93
0.00324025 375.975
0.00222979 377.021
0.00121934 378.066
0.000208884 379.112
-0.000801568 380.157
-0.00181202 381.202
-0.00282247 382.247
-0.00383292 383.292
-0.00484336 384.336
-0.00585381 385.381
-0.00686425 386.425
-0.00787469 387.469
-0.00888514 388.514
-0.00989558 389.558
-0.010906 390.602
-0.0119165 391.646
-0.0129269 392.689
-0.0139373 393.733
-0.0149478 394.776
-0.0159582 395.82
-0.0169686 396.863
-0.0179791 397.906
-0.0189895 398.949
-0.0199999 399.992
-0.0210103 401.035
-0.0220208 402.078
-0.0230312 403.12
-0.0240416 404.163
-0.0250521 405.205
-0.0260625 406.247
-0.0270729 407.29
-0.0280833 408.332
-0.0290937 409.374
-0.0301042 410.415
-0.0311146 411.457
-0.032125 412.499
-0.0331354 413.54
-0.0341458 414.582
-0.0351562 415.623
-0.0361666 416.664
-0.0371771 417.706
-0.0381875 418.747
-0.0391979 419.788
-0.0402083 420.829
-0.0412187 421.869
-0.0422291 422.91
-0.0432395 423.951
-0.0442499 424.991
-0.0452603 426.031
-0.0462707 427.072
-0.0472811 428.112
-0.0482915 429.152
-0.0493019 430.192
-0.0503123 431.232
-0.0513227 432.272
-0.0523331 433.312
-0.0533435 434.351
-0.0543539 435.391
-0.0553643 436.43
-0.0563747 437.47
-0.0573851 438.509
-0.0583955 439.548
-0.0594059 440.588
-0.0604163 441.627
-0.0614267 442.666
-0.062437 443.705
-0.0634474 444.743
-0.0644578 445.782
-0.0654682 446.821
-0.0664786 447.859
-0.067489 448.898
-0.0684994 449.936
-0.0695097 450.975
-0.0705201 452.013
-0.0715305 453.051
-0.0725409 454.089
-0.0735513 455.127
-0.0745617 456.165
-0.075572 457.203
-0.0765824 458.241
-0.0775928 459.279
-0.0786032 460.316
-0.0796135 461.354
-0.0806239 462.391
-0.0816343 463.429
-0.0826447 464.466
-0.083655 465.503
-0.0846654 466.541
-0.0856758 467.578
-0.0866861 468.615
-0.0876965 469.652
-0.0887069 470.689
-0.0897173 471.726
-0.0907276 472.762
-0.091738 473.799
-0.0927484 474.836
-0.0937587 475.872
-0.0947691 476.909
-0.0957795 477.945
-0.0967898 478.982
-0.0978002 480.018
-0.0988105 481.054
-0.0998209 482.09
-0.100831 483.126
-0.101842 484.162
-0.102852 485.198
-0.103862 486.234
-0.104873 487.27
-0.105883 488.306
-0.106893 489.342
-0.107904 490.377
-0.108914 491.413
-0.109924 492.449
-0.110935 493.484
-0.111945 494.519
-0.112956 495.555
-0.113966 496.59
-0.114976 497.625
-0.115987 498.66
-0.116997 499.696
-0.118007 500.731
-0.119018 501.766
-0.120028 502.801
-0.121038 503.835
-0.122049 504.87
-0.123059 505.905
-0.124069 506.94
-0.12508 507.974
-0.12609 509.009
-0.1271 510.043
-0.128111 511.078
-0.129121 512.112
-0.130131 513.147
-0.131142 514.181
-0.132152 515.215
-0.133162 516.249
-0.134173 517.284
-0.135183 518.318
-0.136194 519.352
-0.137204 520.386
-0.138214 521.42
-0.139225 522.454
-0.140235 523.487
-0.141245 524.521
-0.142256 525.555
-0.143266 526.589
-0.144276 527.622
-0.145287 528.656
-0.146297 529.689
-0.147307 530.723
-0.148318 531.756
-0.149328 532.789
-0.150338 533.823
-0.151349 534.856
-0.152359 535.889
-0.153369 536.922
-0.15438 537.956
-0.15539 538.989
-0.1564 540.022
-0.157411 541.055
-0.158421 542.088
-0.159431 543.12
-0.160442 544.153
-0.161452 545.186
-0.162462 546.219
-0.163473 547.252
-0.164483 548.284
-0.165493 549.317
-0.166503 550.349
-0.167514 551.382
-0.168524 552.414
-0.169534 553.447
-0.170545 554.479
-0.171555 555.511
-0.172565 556.544
-0.173576 557.576
-0.174586 558.608
-0.175596 559.64
-0.176607 560.672
-0.177617 561.705
-0.178627 562.737
-0.179638 563.769
-0.180648 564.801
-0.181658 565.832
-0.182669 566.864
-0.183679 567.896
-0.184689 568.928
-0.1857 569.96
-0.18671 570.991
-0.18772 572.023
-0.188731 573.055
-0.189741 574.086
-0.190751 575.118
-0.191761 576.149
-0.192772 577.181
-0.193782 578.212
-0.194792 579.243
-0.195803 580.275
-0.196813 581.306
-0.197823 582.337
-0.198834 583.369
-0.199844 584.4
-0.200854 585.431
-0.201865 586.462
-0.202875 587.493
-0.203885 588.524
-0.204896 589.555
-0.205906 590.586
-0.206916 591.617
-0.207926 592.648
-0.208937 593.679
-0.209947 594.709
-0.210957 595.74
-0.211968 596.771
-0.212978 597.802
-0.213988 598.832
-0.214999 599.863
-0.216009 600.894
-0.217019 601.924
-0.21803 602.955
-0.21904 603.985
-0.22005 605.016
-0.22106 606.046
-0.222071 607.076
-0.223081 608.107
-0.224091 609.137
-0.225102 610.167
-0.226112 611.197
-0.227122 612.228
-0.228133 613.258
-0.229143 614.288
-0.230153 615.318
-0.231163 616.348
-0.232174 617.378
-0.233184 618.408
-0.234194 619.438
-0.235205 620.468
-0.236215 621.498
-0.237225 622.528
-0.238236 623.558
-0.239246 624.588
-0.240256 625.617
-0.241266 626.647
-0.242277 627.677
-0.243287 628.707
-0.244297 629.736
-0.245308 630.766
-0.246318 631.795
-0.247328 632.825
-0.248339 633.855
-0.249349 634.884
-0.250359 635.914
-0.251369 636.943
-0.25238 637.972
-0.25339 639.002
-0.2544 640.031
-0.255411 641.06
-0.256421 642.09
-0.257431 643.119
-0.258441 644.148
-0.259452 645.178
-0.260462 646.207
-0.261472 647.236
-0.262483 648.265
-0.263493 649.294
-0.264503 650.323
-0.265514 651.352
-0.266524 652.381
-0.267534 653.41
-0.268544 654.439
-0.269555 655.468
-0.270565 656.497
-0.271575 657.526
-0.272586 658.555
-0.273596 659.583
-0.274606 660.612
-0.275616 661.641
-0.276627 662.67
-0.277637 663.698
-0.278647 664.727
-0.279658 665.756
-0.280668 666.784
-0.281678 667.813
-0.282688 668.842
-0.283699 669.87
-0.284709 670.899
-0.285719 671.927
-0.28673 672.956
-0.28774 673.984
-0.28875 675.013
-0.28976 676.041
-0.290771 677.069
-0.291781 678.098
-0.292791 679.126
-0.293802 680.154
-0.294812 681.182
-0.295822 682.211
-0.296832 683.239
-0.297843 684.267
-0.298853 685.295
-0.299863 686.323
-0.300874 687.352
-0.301884 688.38
-0.302894 689.408
-0.303904 690.436
-0.304915 691.464
-0.305925 692.492
-0.306935 693.52
-0.307945 694.548
-0.308956 695.576
-0.309966 696.604
-0.310976 697.632
-0.311987 698.659
-0.312997 699.687
-0.314007 700.715
-0.315017 701.743
-0.316028 702.771
-0.317038 703.798
-0.318048 704.826
-0.319059 705.854
-0.320069 706.881
-0.321079 707.909
-0.322089 708.937
-0.3231 709.964
-0.32411 710.992
-0.32512 712.019
-0.32613 713.047
-0.327141 714.075
-0.328151 715.102
-0.329161 716.13
-0.330172 717.157
-0.331182 718.184
-0.332192 719.212
-0.333202 720.239
-0.334213 721.267
-0.335223 722.294
-0.336233 723.321
-0.337243 724.349
-0.338254 725.376
-0.339264 726.403
-0.340274 727.43
-0.341285 728.458
-0.342295 729.485
-0.343305 730.512
-0.344315 731.539
-0.345326 732.566
-0.346336 733.594
-0.347346 734.621
-0.348356 735.648
-0.349367 736.675
-0.350377 737.702
-0.351387 738.729
-0.352398 739.756
-0.353408 740.783
-0.354418 741.81
-0.355428 742.837
-0.356439 743.864
-0.357449 744.891
-0.358459 745.918
-0.359469 746.944
-0.36048 747.971
-0.36149 748.998
-0.3625 750.025
-0.363511 751.052
-0.364521 752.078
-0.365531 753.105
-0.366541 754.132
-0.367552 755.159
-0.368562 756.185
-0.369572 757.212
-0.370582 758.239
-0.371593 759.265
-0.372603 760.292
-0.373613 761.319
-0.374623 762.345
-0.375634 763.372
-0.376644 764.398
-0.377654 765.425
-0.378665 766.451
-0.379675 767.478
-0.380685 768.504
-0.381695 769.531
-0.382706 770.557
-0.383716 771.584
-0.384726 772.61
-0.385736 773.637
-0.386747 774.663
-0.387757 775.689
-0.388767 776.716
-0.389777 777.742
-0.390788 778.768
-0.391798 779.795
-0.392808 780.821
-0.393818 781.847
-0.394829 782.873
-0.395839 783.9
-0.396849 784.926
-0.39786 785.952
-0.39887 786.978
-0.39988 788.004
-0.40089 789.031
-0.401901 790.057
-0.402911 791.083
-0.403921 792.109
-0.404931 793.135
-0.405942 794.161
-0.406952 795.187
-0.407962 796.213
