-0.0016732 -0.001
-0.00334641 -0.002
-0.0050196 -0.003
-0.00669231 -0.004
-0.00835569 -0.005
-0.00990155 -0.006
-0.0110094 -0.007
-0.0120209 -0.008
-0.0130312 -0.009
-0.0140414 -0.01
-0.0150516 -0.011
-0.0160618 -0.012
-0.017072 -0.013
-0.0180822 -0.014
-0.0190923 -0.015
-0.0201025 -0.016
-0.0211127 -0.017
-0.0221229 -0.018
-0.0231331 -0.019
-0.0241433 -0.02
-0.0251535 -0.021
-0.0261637 -0.022
-0.0271739 -0.023
-0.0281841 -0.024
-0.0291943 -0.025
-0.0302045 -0.026
-0.0312147 -0.027
-0.0322249 -0.028
-0.0332351 -0.029
-0.0342453 -0.03
-0.0352555 -0.031
-0.0362657 -0.032
-0.0372759 -0.033
-0.0382861 -0.034
-0.0392962 -0.035
-0.0403064 -0.036
-0.0413166 -0.037
-0.0423268 -0.038
-0.043337 -0.039
-0.0443472 -0.04
-0.0453574 -0.041
-0.0463676 -0.042
-0.0473778 -0.043
-0.048388 -0.044
-0.0493982 -0.045
-0.0504084 -0.046
-0.0514186 -0.047
-0.0524288 -0.048
-0.053439 -0.049
-0.0544492 -0.05
-0.0554594 -0.051
-0.0564696 -0.052
-0.0574798 -0.053
-0.05849 -0.054
-0.0595001 -0.055
-0.0605103 -0.056
-0.0615205 -0.057
-0.0625307 -0.058
-0.0635409 -0.059
-0.0645511 -0.06
-0.0655613 -0.061
-0.0665715 -0.062
-0.0675817 -0.063
-0.0685919 -0.064
-0.0696021 -0.065
-0.0706123 -0.066
-0.0716225 -0.067
-0.0726327 -0.068
-0.0736429 -0.069
-0.0746531 -0.07
-0.0756633 -0.071
-0.0766735 -0.072
-0.0776837 -0.073
-0.0786939 -0.074
-0.079704 -0.075
-0.0807142 -0.076
-0.0817244 -0.077
-0.0827346 -0.078
-0.0837448 -0.079
-0.084755 -0.08
-0.0857652 -0.081
-0.0867754 -0.082
-0.0877856 -0.083
-0.0887958 -0.084
-0.089806 -0.085
-0.0908162 -0.086
-0.0918264 -0.087
-0.0928366 -0.088
-0.0938468 -0.089
-0.094857 -0.09
-0.0958672 -0.091
-0.0968774 -0.092
-0.0978876 -0.093
-0.0988978 -0.094
-0.0999079 -0.095
-0.100918 -0.096
-0.101928 -0.097
-0.102939 -0.098
-0.103949 -0.099
-0.104959 -0.1
-0.105969 -0.101
-0.106979 -0.102
-0.10799 -0.103
-0.109 -0.104
-0.11001 -0.105
-0.11102 -0.106
-0.11203 -0.107
-0.11304 -0.108
-0.114051 -0.109
-0.115061 -0.11
-0.116071 -0.111
-0.117081 -0.112
-0.118091 -0.113
-0.119102 -0.114
-0.120112 -0.115
-0.121122 -0.116
-0.122132 -0.117
-0.123142 -0.118
-0.124153 -0.119
-0.125163 -0.12
-0.126173 -0.121
-0.127183 -0.122
-0.128193 -0.123
-0.129204 -0.124
-0.130214 -0.125
-0.131224 -0.126
-0.132234 -0.127
-0.133244 -0.128
-0.134255 -0.129
-0.135265 -0.13
-0.136275 -0.131
-0.137285 -0.132
-0.138295 -0.133
-0.139306 -0.134
-0.140316 -0.135
-0.141326 -0.136
-0.142336 -0.137
-0.143346 -0.138
-0.144357 -0.139
-0.145367 -0.14
-0.146377 -0.141
-0.147387 -0.142
-0.148397 -0.143
-0.149408 -0.144
-0.150418 -0.145
-0.151428 -0.146
-0.152438 -0.147
-0.153448 -0.148
-0.154458 -0.149
-0.155469 -0.15
-0.156479 -0.151
-0.157489 -0.152
-0.158499 -0.153
-0.159509 -0.154
-0.16052 -0.155
-0.16153 -0.156
-0.16254 -0.157
-0.16355 -0.158
-0.16456 -0.159
-0.165571 -0.16
-0.166581 -0.161
-0.167591 -0.162
-0.168601 -0.163
-0.169611 -0.164
-0.170622 -0.165
-0.171632 -0.166
-0.172642 -0.167
-0.173652 -0.168
-0.174662 -0.169
-0.175673 -0.17
-0.176683 -0.171
-0.177693 -0.172
-0.178703 -0.173
-0.179713 -0.174
-0.180724 -0.175
-0.181734 -0.176
-0.182744 -0.177
-0.183754 -0.178
-0.184764 -0.179
-0.185775 -0.18
-0.186785 -0.181
-0.187795 -0.182
-0.188805 -0.183
-0.189815 -0.184
-0.190825 -0.185
-0.191836 -0.186
-0.192846 -0.187
-0.193856 -0.188
-0.194866 -0.189
-0.195876 -0.19
-0.196887 -0.191
-0.197897 -0.192
-0.198907 -0.193
-0.199917 -0.194
-0.200927 -0.195
-0.201938 -0.196
-0.202948 -0.197
-0.203958 -0.198
-0.204968 -0.199
-0.205978 -0.2
-0.206989 -0.201
-0.207999 -0.202
-0.209009 -0.203
-0.210019 -0.204
-0.211029 -0.205
-0.21204 -0.206
-0.21305 -0.207
-0.21406 -0.208
-0.21507 -0.209
-0.21608 -0.21
-0.217091 -0.211
-0.218101 -0.212
-0.219111 -0.213
-0.220121 -0.214
-0.221131 -0.215
-0.222142 -0.216
-0.223152 -0.217
-0.224162 -0.218
-0.225172 -0.219
-0.226182 -0.22
-0.227193 -0.221
-0.228203 -0.222
-0.229213 -0.223
-0.230223 -0.224
-0.231233 -0.225
-0.232243 -0.226
-0.233254 -0.227
-0.234264 -0.228
-0.235274 -0.229
-0.236284 -0.23
-0.237294 -0.231
-0.238305 -0.232
-0.239315 -0.233
-0.240325 -0.234
-0.241335 -0.235
-0.242345 -0.236
-0.243356 -0.237
-0.244366 -0.238
-0.245376 -0.239
-0.246386 -0.24
-0.247396 -0.241
-0.248407 -0.242
-0.249417 -0.243
-0.250427 -0.244
-0.251437 -0.245
-0.252447 -0.246
-0.253458 -0.247
-0.254468 -0.248
-0.255478 -0.249
-0.256488 -0.25
-0.257498 -0.251
-0.258509 -0.252
-0.259519 -0.253
-0.260529 -0.254
-0.261539 -0.255
-0.262549 -0.256
-0.26356 -0.257
-0.26457 -0.258
-0.26558 -0.259
-0.26659 -0.26
-0.2676 -0.261
-0.268611 -0.262
-0.269621 -0.263
-0.270631 -0.264
-0.271641 -0.265
-0.272651 -0.266
-0.273661 -0.267
-0.274672 -0.268
-0.275682 -0.269
-0.276692 -0.27
-0.277702 -0.271
-0.278712 -0.272
-0.279723 -0.273
-0.280733 -0.274
-0.281743 -0.275
-0.282753 -0.276
-0.283763 -0.277
-0.284774 -0.278
-0.285784 -0.279
-0.286794 -0.28
-0.287804 -0.281
-0.288814 -0.282
-0.289825 -0.283
-0.290835 -0.284
-0.291845 -0.285
-0.292855 -0.286
-0.293865 -0.287
-0.294876 -0.288
-0.295886 -0.289
-0.296896 -0.29
-0.297906 -0.291
-0.298916 -0.292
-0.299927 -0.293
-0.300937 -0.294
-0.301947 -0.295
-0.302957 -0.296
-0.303967 -0.297
-0.304978 -0.298
-0.305988 -0.299
-0.306998 -0.3
-0.308008 -0.301
-0.309018 -0.302
-0.310029 -0.303
-0.311039 -0.304
-0.312049 -0.305
-0.313059 -0.306
-0.314069 -0.307
-0.315079 -0.308
-0.31609 -0.309
-0.3171 -0.31
-0.31811 -0.311
-0.31912 -0.312
-0.32013 -0.313
-0.321141 -0.314
-0.322151 -0.315
-0.323161 -0.316
-0.324171 -0.317
-0.325181 -0.318
-0.326192 -0.319
-0.327202 -0.32
-0.328212 -0.321
-0.329222 -0.322
-0.330232 -0.323
-0.331243 -0.324
-0.332253 -0.325
-0.333263 -0.326
-0.334273 -0.327
-0.335283 -0.328
-0.336294 -0.329
-0.337304 -0.33
-0.338314 -0.331
-0.339324 -0.332
-0.340334 -0.333
-0.341345 -0.334
-0.342355 -0.335
-0.343365 -0.336
-0.344375 -0.337
-0.345385 -0.338
-0.346396 -0.339
-0.347406 -0.34
-0.348416 -0.341
-0.349426 -0.342
-0.350436 -0.343
-0.351447 -0.344
-0.352457 -0.345
-0.353467 -0.346
-0.354477 -0.347
-0.355487 -0.348
-0.356497 -0.349
-0.357508 -0.35
-0.358518 -0.351
-0.359528 -0.352
-0.360538 -0.353
-0.361548 -0.354
-0.362559 -0.355
-0.363569 -0.356
-0.364579 -0.357
-0.365589 -0.358
-0.366599 -0.359
-0.36761 -0.36
-0.36862 -0.361
-0.36963 -0.362
-0.37064 -0.363
-0.37165 -0.364
-0.372661 -0.365
-0.373671 -0.366
-0.374681 -0.367
-0.375691 -0.368
-0.376701 -0.369
-0.377712 -0.37
-0.378722 -0.371
-0.379732 -0.372
-0.380742 -0.373
-0.381752 -0.374
-0.382763 -0.375
-0.383773 -0.376
-0.384783 -0.377
-0.385793 -0.378
-0.386803 -0.379
-0.387814 -0.38
-0.388824 -0.381
-0.389834 -0.382
-0.390844 -0.383
-0.391854 -0.384
-0.392864 -0.385
-0.393875 -0.386
-0.394885 -0.387
-0.395895 -0.388
-0.396905 -0.389
-0.397915 -0.39
-0.398926 -0.391
-0.399936 -0.392
-0.400946 -0.393
-0.401956 -0.394
-0.402966 -0.395
-0.403977 -0.396
-0.404987 -0.397
-0.405997 -0.398
-0.407007 -0.399
-0.408017 -0.4
-0.406376 -0.399
-0.404762 -0.398
-0.403202 -0.397
-0.401688 -0.396
-0.40022 -0.395
-0.398795 -0.394
-0.397413 -0.393
-0.396069 -0.392
-0.39476 -0.391
-0.393484 -0.39
-0.392236 -0.389
-0.391014 -0.388
-0.389814 -0.387
-0.388633 -0.386
-0.38747 -0.385
-0.386322 -0.384
-0.385187 -0.383
-0.384063 -0.382
-0.38295 -0.381
-0.381846 -0.38
-0.38075 -0.379
-0.379661 -0.378
-0.378578 -0.377
-0.377501 -0.376
-0.376429 -0.375
-0.375361 -0.374
-0.374297 -0.373
-0.373237 -0.372
-0.37218 -0.371
-0.371127 -0.37
-0.370076 -0.369
-0.369027 -0.368
-0.367981 -0.367
-0.366937 -0.366
-0.365894 -0.365
-0.364854 -0.364
-0.363815 -0.363
-0.362777 -0.362
-0.361741 -0.361
-0.360707 -0.36
-0.359673 -0.359
-0.35864 -0.358
-0.357609 -0.357
-0.356578 -0.356
-0.355549 -0.355
-0.35452 -0.354
-0.353492 -0.353
-0.352465 -0.352
-0.351438 -0.351
-0.350412 -0.35
-0.349387 -0.349
-0.348362 -0.348
-0.347338 -0.347
-0.346315 -0.346
-0.345291 -0.345
-0.344269 -0.344
-0.343247 -0.343
-0.342225 -0.342
-0.341203 -0.341
-0.340182 -0.34
-0.339161 -0.339
-0.338141 -0.338
-0.337121 -0.337
-0.336101 -0.336
-0.335082 -0.335
-0.334063 -0.334
-0.333044 -0.333
-0.332025 -0.332
-0.331007 -0.331
-0.329989 -0.33
-0.328971 -0.329
-0.327953 -0.328
-0.326935 -0.327
-0.325918 -0.326
-0.324901 -0.325
-0.323884 -0.324
-0.322867 -0.323
-0.321851 -0.322
-0.320834 -0.321
-0.319818 -0.32
-0.318802 -0.319
-0.317786 -0.318
-0.31677 -0.317
-0.315754 -0.316
-0.314738 -0.315
-0.313723 -0.314
-0.312708 -0.313
-0.311692 -0.312
-0.310677 -0.311
-0.309662 -0.31
-0.308647 -0.309
-0.307633 -0.308
-0.306618 -0.307
-0.305603 -0.306
-0.304589 -0.305
-0.303574 -0.304
-0.30256 -0.303
-0.301546 -0.302
-0.300532 -0.301
-0.299517 -0.3
-0.298503 -0.299
-0.29749 -0.298
-0.296476 -0.297
-0.295462 -0.296
-0.294448 -0.295
-0.293434 -0.294
-0.292421 -0.293
-0.291407 -0.292
-0.290394 -0.291
-0.28938 -0.29
-0.288367 -0.289
-0.287354 -0.288
-0.28634 -0.287
-0.285327 -0.286
-0.284314 -0.285
-0.283301 -0.284
-0.282288 -0.283
-0.281275 -0.282
-0.280262 -0.281
-0.279249 -0.28
-0.278236 -0.279
-0.277223 -0.278
-0.276211 -0.277
-0.275198 -0.276
-0.274185 -0.275
-0.273173 -0.274
-0.27216 -0.273
-0.271147 -0.272
-0.270135 -0.271
-0.269122 -0.27
-0.26811 -0.269
-0.267097 -0.268
-0.266085 -0.267
-0.265073 -0.266
-0.26406 -0.265
-0.263048 -0.264
-0.262036 -0.263
-0.261023 -0.262
-0.260011 -0.261
-0.258999 -0.26
-0.257987 -0.259
-0.256975 -0.258
-0.255963 -0.257
-0.254951 -0.256
-0.253939 -0.255
-0.252927 -0.254
-0.251915 -0.253
-0.250903 -0.252
-0.249891 -0.251
-0.248879 -0.25
-0.247867 -0.249
-0.246855 -0.248
-0.245843 -0.247
-0.244831 -0.246
-0.243819 -0.245
-0.242807 -0.244
-0.241796 -0.243
-0.240784 -0.242
-0.239772 -0.241
-0.23876 -0.24
-0.237749 -0.239
-0.236737 -0.238
-0.235725 -0.237
-0.234714 -0.236
-0.233702 -0.235
-0.232691 -0.234
-0.231679 -0.233
-0.230667 -0.232
-0.229656 -0.231
-0.228644 -0.23
-0.227633 -0.229
-0.226621 -0.228
-0.22561 -0.227
-0.224598 -0.226
-0.223587 -0.225
-0.222575 -0.224
-0.221564 -0.223
-0.220552 -0.222
-0.219541 -0.221
-0.21853 -0.22
-0.217518 -0.219
-0.216507 -0.218
-0.215495 -0.217
-0.214484 -0.216
-0.213473 -0.215
-0.212461 -0.214
-0.21145 -0.213
-0.210439 -0.212
-0.209427 -0.211
-0.208416 -0.21
-0.207405 -0.209
-0.206394 -0.208
-0.205382 -0.207
-0.204371 -0.206
-0.20336 -0.205
-0.202349 -0.204
-0.201337 -0.203
-0.200326 -0.202
-0.199315 -0.201
-0.198304 -0.2
-0.197293 -0.199
-0.196282 -0.198
-0.19527 -0.197
-0.194259 -0.196
-0.193248 -0.195
-0.192237 -0.194
-0.191226 -0.193
-0.190215 -0.192
-0.189204 -0.191
-0.188193 -0.19
-0.187182 -0.189
-0.18617 -0.188
-0.185159 -0.187
-0.184148 -0.186
-0.183137 -0.185
-0.182126 -0.184
-0.181115 -0.183
-0.180104 -0.182
-0.179093 -0.181
-0.178082 -0.18
-0.177071 -0.179
-0.17606 -0.178
-0.175049 -0.177
-0.174038 -0.176
-0.173027 -0.175
-0.172016 -0.174
-0.171005 -0.173
-0.169994 -0.172
-0.168983 -0.171
-0.167972 -0.17
-0.166962 -0.169
-0.165951 -0.168
-0.16494 -0.167
-0.163929 -0.166
-0.162918 -0.165
-0.161907 -0.164
-0.160896 -0.163
-0.159885 -0.162
-0.158874 -0.161
-0.157863 -0.16
-0.156852 -0.159
-0.155842 -0.158
-0.154831 -0.157
-0.15382 -0.156
-0.152809 -0.155
-0.151798 -0.154
-0.150787 -0.153
-0.149776 -0.152
-0.148766 -0.151
-0.147755 -0.15
-0.146744 -0.149
-0.145733 -0.148
-0.144722 -0.147
-0.143712 -0.146
-0.142701 -0.145
-0.14169 -0.144
-0.140679 -0.143
-0.139668 -0.142
-0.138658 -0.141
-0.137647 -0.14
-0.136636 -0.139
-0.135625 -0.138
-0.134614 -0.137
-0.133604 -0.136
-0.132593 -0.135
-0.131582 -0.134
-0.130571 -0.133
-0.129561 -0.132
-0.12855 -0.131
-0.127539 -0.13
-0.126529 -0.129
-0.125518 -0.128
-0.124507 -0.127
-0.123496 -0.126
-0.122486 -0.125
-0.121475 -0.124
-0.120464 -0.123
-0.119453 -0.122
-0.118443 -0.121
-0.117432 -0.12
-0.116421 -0.119
-0.115411 -0.118
-0.1144 -0.117
-0.113389 -0.116
-0.112379 -0.115
-0.111368 -0.114
-0.110357 -0.113
-0.109347 -0.112
-0.108336 -0.111
-0.107325 -0.11
-0.106315 -0.109
-0.105304 -0.108
-0.104293 -0.107
-0.103283 -0.106
-0.102272 -0.105
-0.101261 -0.104
-0.100251 -0.103
-0.09924 -0.102
-0.0982294 -0.101
-0.0972187 -0.1
-0.0962081 -0.099
-0.0951974 -0.098
-0.0941868 -0.097
-0.0931762 -0.096
-0.0921656 -0.095
-0.0911549 -0.094
-0.0901443 -0.093
-0.0891337 -0.092
-0.0881231 -0.091
-0.0871125 -0.09
-0.0861019 -0.089
-0.0850913 -0.088
-0.0840807 -0.087
-0.0830701 -0.086
-0.0820595 -0.085
-0.0810489 -0.084
-0.0800383 -0.083
-0.0790277 -0.082
-0.0780171 -0.081
-0.0770065 -0.08
-0.075996 -0.079
-0.0749854 -0.078
-0.0739748 -0.077
-0.0729642 -0.076
-0.0719536 -0.075
-0.0709431 -0.074
-0.0699325 -0.073
-0.0689219 -0.072
-0.0679114 -0.071
-0.0669008 -0.07
-0.0658903 -0.069
-0.0648797 -0.068
-0.0638691 -0.067
-0.0628586 -0.066
-0.061848 -0.065
-0.0608375 -0.064
-0.0598269 -0.063
-0.0588164 -0.062
-0.0578059 -0.061
-0.0567953 -0.06
-0.0557848 -0.059
-0.0547742 -0.058
-0.0537637 -0.057
-0.0527532 -0.056
-0.0517426 -0.055
-0.0507321 -0.054
-0.0497216 -0.053
-0.0487111 -0.052
-0.0477005 -0.051
-0.04669 -0.05
-0.0456795 -0.049
-0.044669 -0.048
-0.0436585 -0.047
-0.0426479 -0.046
-0.0416374 -0.045
-0.0406269 -0.044
-0.0396164 -0.043
-0.0386059 -0.042
-0.0375954 -0.041
-0.0365849 -0.04
-0.0355744 -0.039
-0.0345639 -0.038
-0.0335534 -0.037
-0.0325429 -0.036
-0.0315324 -0.035
-0.0305219 -0.034
-0.0295114 -0.033
-0.0285009 -0.032
-0.0274904 -0.031
-0.0264799 -0.03
-0.0254694 -0.029
-0.024459 -0.028
-0.0234485 -0.027
-0.022438 -0.026
-0.0214275 -0.025
-0.020417 -0.024
-0.0194066 -0.023
-0.0183961 -0.022
-0.0173856 -0.021
-0.0163751 -0.02
-0.0153647 -0.019
-0.0143542 -0.018
-0.0133437 -0.017
-0.0123333 -0.016
-0.0113228 -0.015
-0.0103123 -0.014
-0.00930186 -0.013
-0.0082914 -0.012
-0.00728094 -0.011
-0.00627048 -0.01
-0.00526003 -0.009
-0.00424957 -0.008
-0.00323911 -0.007
-0.00222866 -0.006
-0.00121821 -0.005
-0.000207755 -0.004
0.000802696 -0.003
0.00181314 -0.002
0.00282359 -0.001
0.00383404 4.85723e-17
0.00484448 0.001
0.00585493 0.002
0.00686537 0.003
0.00787581 0.004
0.00888625 0.005
0.00989669 0.006
0.0109071 0.007
0.0119176 0.008
0.012928 0.009
0.0139384 0.01
0.0149489 0.011
0.0159593 0.012
0.0169697 0.013
0.0179802 0.014
0.0189906 0.015
0.020001 0.016
0.0210114 0.017
0.0220219 0.018
0.0230323 0.019
0.0240427 0.02
0.0250531 0.021
0.0260636 0.022
0.027074 0.023
0.0280844 0.024
0.0290948 0.025
0.0301052 0.026
0.0311157 0.027
0.0321261 0.028
0.0331365 0.029
0.0341469 0.03
0.0351573 0.031
0.0361677 0.032
0.0371781 0.033
0.0381885 0.034
0.039199 0.035
0.0402094 0.036
0.0412198 0.037
0.0422302 0.038
0.0432406 0.039
0.044251 0.04
0.0452614 0.041
0.0462718 0.042
0.0472822 0.043
0.0482926 0.044
0.049303 0.045
0.0503134 0.046
0.0513238 0.047
0.0523342 0.048
0.0533446 0.049
0.054355 0.05
0.0553654 0.051
0.0563758 0.052
0.0573861 0.053
0.0583965 0.054
0.0594069 0.055
0.0604173 0.056
0.0614277 0.057
0.0624381 0.058
0.0634485 0.059
0.0644589 0.06
0.0654693 0.061
0.0664796 0.062
0.06749 0.063
0.0685004 0.064
0.0695108 0.065
0.0705212 0.066
0.0715315 0.067
0.0725419 0.068
0.0735523 0.069
0.0745627 0.07
0.0755731 0.071
0.0765834 0.072
0.0775938 0.073
0.0786042 0.074
0.0796146 0.075
0.0806249 0.076
0.0816353 0.077
0.0826457 0.078
0.0836561 0.079
0.0846664 0.08
0.0856768 0.081
0.0866872 0.082
0.0876975 0.083
0.0887079 0.084
0.0897183 0.085
0.0907286 0.086
0.091739 0.087
0.0927494 0.088
0.0937597 0.089
0.0947701 0.09
0.0957805 0.091
0.0967908 0.092
0.0978012 0.093
0.0988115 0.094
0.0998219 0.095
0.100832 0.096
0.101843 0.097
0.102853 0.098
0.103863 0.099
0.104874 0.1
0.105884 0.101
0.106894 0.102
0.107905 0.103
0.108915 0.104
0.109925 0.105
0.110936 0.106
0.111946 0.107
0.112957 0.108
0.113967 0.109
0.114977 0.11
0.115988 0.111
0.116998 0.112
0.118008 0.113
0.119019 0.114
0.120029 0.115
0.121039 0.116
0.12205 0.117
0.12306 0.118
0.12407 0.119
0.125081 0.12
0.126091 0.121
0.127101 0.122
0.128112 0.123
0.129122 0.124
0.130132 0.125
0.131143 0.126
0.132153 0.127
0.133163 0.128
0.134174 0.129
0.135184 0.13
0.136194 0.131
0.137205 0.132
0.138215 0.133
0.139225 0.134
0.140236 0.135
0.141246 0.136
0.142257 0.137
0.143267 0.138
0.144277 0.139
0.145288 0.14
0.146298 0.141
0.147308 0.142
0.148319 0.143
0.149329 0.144
0.150339 0.145
0.15135 0.146
0.15236 0.147
0.15337 0.148
0.154381 0.149
0.155391 0.15
0.156401 0.151
0.157411 0.152
0.158422 0.153
0.159432 0.154
0.160442 0.155
0.161453 0.156
0.162463 0.157
0.163473 0.158
0.164484 0.159
0.165494 0.16
0.166504 0.161
0.167515 0.162
0.168525 0.163
0.169535 0.164
0.170546 0.165
0.171556 0.166
0.172566 0.167
0.173577 0.168
0.174587 0.169
0.175597 0.17
0.176608 0.171
0.177618 0.172
0.178628 0.173
0.179639 0.174
0.180649 0.175
0.181659 0.176
0.18267 0.177
0.18368 0.178
0.18469 0.179
0.185701 0.18
0.186711 0.181
0.187721 0.182
0.188731 0.183
0.189742 0.184
0.190752 0.185
0.191762 0.186
0.192773 0.187
0.193783 0.188
0.194793 0.189
0.195804 0.19
0.196814 0.191
0.197824 0.192
0.198835 0.193
0.199845 0.194
0.200855 0.195
0.201866 0.196
0.202876 0.197
0.203886 0.198
0.204896 0.199
0.205907 0.2
0.206917 0.201
0.207927 0.202
0.208938 0.203
0.209948 0.204
0.210958 0.205
0.211969 0.206
0.212979 0.207
0.213989 0.208
0.215 0.209
0.21601 0.21
0.21702 0.211
0.21803 0.212
0.219041 0.213
0.220051 0.214
0.221061 0.215
0.222072 0.216
0.223082 0.217
0.224092 0.218
0.225103 0.219
0.226113 0.22
0.227123 0.221
0.228133 0.222
0.229144 0.223
0.230154 0.224
0.231164 0.225
0.232175 0.226
0.233185 0.227
0.234195 0.228
0.235206 0.229
0.236216 0.23
0.237226 0.231
0.238236 0.232
0.239247 0.233
0.240257 0.234
0.241267 0.235
0.242278 0.236
0.243288 0.237
0.244298 0.238
0.245309 0.239
0.246319 0.24
0.247329 0.241
0.248339 0.242
0.24935 0.243
0.25036 0.244
0.25137 0.245
0.252381 0.246
0.253391 0.247
0.254401 0.248
0.255411 0.249
0.256422 0.25
0.257432 0.251
0.258442 0.252
0.259453 0.253
0.260463 0.254
0.261473 0.255
0.262484 0.256
0.263494 0.257
0.264504 0.258
0.265514 0.259
0.266525 0.26
0.267535 0.261
0.268545 0.262
0.269556 0.263
0.270566 0.264
0.271576 0.265
0.272586 0.266
0.273597 0.267
0.274607 0.268
0.275617 0.269
0.276628 0.27
0.277638 0.271
0.278648 0.272
0.279658 0.273
0.280669 0.274
0.281679 0.275
0.282689 0.276
0.2837 0.277
0.28471 0.278
0.28572 0.279
0.28673 0.28
0.287741 0.281
0.288751 0.282
0.289761 0.283
0.290772 0.284
0.291782 0.285
0.292792 0.286
0.293802 0.287
0.294813 0.288
0.295823 0.289
0.296833 0.29
0.297843 0.291
0.298854 0.292
0.299864 0.293
0.300874 0.294
0.301885 0.295
0.302895 0.296
0.303905 0.297
0.304915 0.298
0.305926 0.299
0.306936 0.3
0.307946 0.301
0.308957 0.302
0.309967 0.303
0.310977 0.304
0.311987 0.305
0.312998 0.306
0.314008 0.307
0.315018 0.308
0.316029 0.309
0.317039 0.31
0.318049 0.311
0.319059 0.312
0.32007 0.313
0.32108 0.314
0.32209 0.315
0.3231 0.316
0.324111 0.317
0.325121 0.318
0.326131 0.319
0.327142 0.32
0.328152 0.321
0.329162 0.322
0.330172 0.323
0.331183 0.324
0.332193 0.325
0.333203 0.326
0.334213 0.327
0.335224 0.328
0.336234 0.329
0.337244 0.33
0.338255 0.331
0.339265 0.332
0.340275 0.333
0.341285 0.334
0.342296 0.335
0.343306 0.336
0.344316 0.337
0.345326 0.338
0.346337 0.339
0.347347 0.34
0.348357 0.341
0.349368 0.342
0.350378 0.343
0.351388 0.344
0.352398 0.345
0.353409 0.346
0.354419 0.347
0.355429 0.348
0.356439 0.349
0.35745 0.35
0.35846 0.351
0.35947 0.352
0.36048 0.353
0.361491 0.354
0.362501 0.355
0.363511 0.356
0.364522 0.357
0.365532 0.358
0.366542 0.359
0.367552 0.36
0.368563 0.361
0.369573 0.362
0.370583 0.363
0.371593 0.364
0.372604 0.365
0.373614 0.366
0.374624 0.367
0.375634 0.368
0.376645 0.369
0.377655 0.37
0.378665 0.371
0.379676 0.372
0.380686 0.373
0.381696 0.374
0.382706 0.375
0.383717 0.376
0.384727 0.377
0.385737 0.378
0.386747 0.379
0.387758 0.38
0.388768 0.381
0.389778 0.382
0.390788 0.383
0.391799 0.384
0.392809 0.385
0.393819 0.386
0.394829 0.387
0.39584 0.388
0.39685 0.389
0.39786 0.39
0.398871 0.391
0.399881 0.392
0.400891 0.393
0.401901 0.394
0.402912 0.395
0.403922 0.396
0.404932 0.397
0.405942 0.398
0.406953 0.399
0.407963 0.4
0.406314 0.399
0.404709 0.398
0.403151 0.397
0.40164 0.396
0.400174 0.395
0.398753 0.394
0.397373 0.393
0.396032 0.392
0.394727 0.391
0.393454 0.39
0.392209 0.389
0.390989 0.388
0.389791 0.387
0.388613 0.386
0.387451 0.385
0.386305 0.384
0.385171 0.383
0.38405 0.382
0.382938 0.381
0.381835 0.38
0.38074 0.379
0.379651 0.378
0.378569 0.377
0.377493 0.376
0.376421 0.375
0.375354 0.374
0.374291 0.373
0.373232 0.372
0.372175 0.371
0.371122 0.37
0.370072 0.369
0.369023 0.368
0.367977 0.367
0.366933 0.366
0.365891 0.365
0.364851 0.364
0.363813 0.363
0.362775 0.362
0.361739 0.361
0.360705 0.36
0.359671 0.359
0.358639 0.358
0.357608 0.357
0.356577 0.356
0.355548 0.355
0.354519 0.354
0.353492 0.353
0.352464 0.352
0.351438 0.351
0.350412 0.35
0.349387 0.349
0.348362 0.348
0.347338 0.347
0.346315 0.346
0.345292 0.345
0.344269 0.344
0.343247 0.343
0.342225 0.342
0.341204 0.341
0.340183 0.34
0.339162 0.339
0.338142 0.338
0.337122 0.337
0.336102 0.336
0.335083 0.335
0.334063 0.334
0.333045 0.333
0.332026 0.332
0.331008 0.331
0.32999 0.33
0.328972 0.329
0.327954 0.328
0.326936 0.327
0.325919 0.326
0.324902 0.325
0.323885 0.324
0.322868 0.323
0.321852 0.322
0.320835 0.321
0.319819 0.32
0.318803 0.319
0.317787 0.318
0.316771 0.317
0.315755 0.316
0.31474 0.315
0.313724 0.314
0.312709 0.313
0.311694 0.312
0.310679 0.311
0.309664 0.31
0.308649 0.309
0.307634 0.308
0.306619 0.307
0.305605 0.306
0.30459 0.305
0.303576 0.304
0.302561 0.303
0.301547 0.302
0.300533 0.301
0.299519 0.3
0.298505 0.299
0.297491 0.298
0.296477 0.297
0.295463 0.296
0.29445 0.295
0.293436 0.294
0.292422 0.293
0.291409 0.292
0.290395 0.291
0.289382 0.29
0.288369 0.289
0.287355 0.288
0.286342 0.287
0.285329 0.286
0.284316 0.285
0.283303 0.284
0.28229 0.283
0.281277 0.282
0.280264 0.281
0.279251 0.28
0.278238 0.279
0.277225 0.278
0.276212 0.277
0.2752 0.276
0.274187 0.275
0.273174 0.274
0.272162 0.273
0.271149 0.272
0.270136 0.271
0.269124 0.27
0.268111 0.269
0.267099 0.268
0.266087 0.267
0.265074 0.266
0.264062 0.265
0.26305 0.264
0.262037 0.263
0.261025 0.262
0.260013 0.261
0.259001 0.26
0.257989 0.259
0.256976 0.258
0.255964 0.257
0.254952 0.256
0.25394 0.255
0.252928 0.254
0.251916 0.253
0.250904 0.252
0.249892 0.251
0.24888 0.25
0.247868 0.249
0.246856 0.248
0.245845 0.247
0.244833 0.246
0.243821 0.245
0.242809 0.244
0.241797 0.243
0.240786 0.242
0.239774 0.241
0.238762 0.24
0.23775 0.239
0.236739 0.238
0.235727 0.237
0.234715 0.236
0.233704 0.235
0.232692 0.234
0.23168 0.233
0.230669 0.232
0.229657 0.231
0.228646 0.23
0.227634 0.229
0.226623 0.228
0.225611 0.227
0.2246 0.226
0.223588 0.225
0.222577 0.224
0.221565 0.223
0.220554 0.222
0.219542 0.221
0.218531 0.22
0.21752 0.219
0.216508 0.218
0.215497 0.217
0.214486 0.216
0.213474 0.215
0.212463 0.214
0.211452 0.213
0.21044 0.212
0.209429 0.211
0.208418 0.21
0.207406 0.209
0.206395 0.208
0.205384 0.207
0.204373 0.206
0.203361 0.205
0.20235 0.204
0.201339 0.203
0.200328 0.202
0.199317 0.201
0.198305 0.2
0.197294 0.199
0.196283 0.198
0.195272 0.197
0.194261 0.196
0.19325 0.195
0.192238 0.194
0.191227 0.193
0.190216 0.192
0.189205 0.191
0.188194 0.19
0.187183 0.189
0.186172 0.188
0.185161 0.187
0.18415 0.186
0.183139 0.185
0.182128 0.184
0.181117 0.183
0.180106 0.182
0.179095 0.181
0.178084 0.18
0.177073 0.179
0.176062 0.178
0.175051 0.177
0.17404 0.176
0.173029 0.175
0.172018 0.174
0.171007 0.173
0.169996 0.172
0.168985 0.171
0.167974 0.17
0.166963 0.169
0.165952 0.168
0.164941 0.167
0.16393 0.166
0.162919 0.165
0.161908 0.164
0.160897 0.163
0.159887 0.162
0.158876 0.161
0.157865 0.16
0.156854 0.159
0.155843 0.158
0.154832 0.157
0.153821 0.156
0.15281 0.155
0.1518 0.154
0.150789 0.153
0.149778 0.152
0.148767 0.151
0.147756 0.15
0.146745 0.149
0.145735 0.148
0.144724 0.147
0.143713 0.146
0.142702 0.145
0.141691 0.144
0.140681 0.143
0.13967 0.142
0.138659 0.141
0.137648 0.14
0.136637 0.139
0.135627 0.138
0.134616 0.137
0.133605 0.136
0.132594 0.135
0.131584 0.134
0.130573 0.133
0.129562 0.132
0.128551 0.131
0.127541 0.13
0.12653 0.129
0.125519 0.128
0.124508 0.127
0.123498 0.126
0.122487 0.125
0.121476 0.124
0.120465 0.123
0.119455 0.122
0.118444 0.121
0.117433 0.12
0.116423 0.119
0.115412 0.118
0.114401 0.117
0.113391 0.116
0.11238 0.115
0.111369 0.114
0.110359 0.113
0.109348 0.112
0.108337 0.111
0.107327 0.11
0.106316 0.109
0.105305 0.108
0.104295 0.107
0.103284 0.106
0.102273 0.105
0.101263 0.104
0.100252 0.103
0.0992413 0.102
0.0982306 0.101
0.09722 0.1
0.0962094 0.099
0.0951987 0.098
0.0941881 0.097
0.0931775 0.096
0.0921668 0.095
0.0911562 0.094
0.0901456 0.093
0.089135 0.092
0.0881244 0.091
0.0871138 0.09
0.0861032 0.089
0.0850925 0.088
0.0840819 0.087
0.0830713 0.086
0.0820607 0.085
0.0810501 0.084
0.0800396 0.083
0.079029 0.082
0.0780184 0.081
0.0770078 0.08
0.0759972 0.079
0.0749866 0.078
0.073976 0.077
0.0729655 0.076
0.0719549 0.075
0.0709443 0.074
0.0699337 0.073
0.0689232 0.072
0.0679126 0.071
0.066902 0.07
0.0658915 0.069
0.0648809 0.068
0.0638704 0.067
0.0628598 0.066
0.0618493 0.065
0.0608387 0.064
0.0598282 0.063
0.0588176 0.062
0.0578071 0.061
0.0567965 0.06
0.055786 0.059
0.0547754 0.058
0.0537649 0.057
0.0527544 0.056
0.0517438 0.055
0.0507333 0.054
0.0497228 0.053
0.0487123 0.052
0.0477017 0.051
0.0466912 0.05
0.0456807 0.049
0.0446702 0.048
0.0436596 0.047
0.0426491 0.046
0.0416386 0.045
0.0406281 0.044
0.0396176 0.043
0.0386071 0.042
0.0375966 0.041
0.0365861 0.04
0.0355756 0.039
0.0345651 0.038
0.0335546 0.037
0.0325441 0.036
0.0315336 0.035
0.0305231 0.034
0.0295126 0.033
0.0285021 0.032
0.0274916 0.031
0.0264811 0.03
0.0254706 0.029
0.0244601 0.028
0.0234496 0.027
0.0224392 0.026
0.0214287 0.025
0.0204182 0.024
0.0194077 0.023
0.0183972 0.022
0.0173868 0.021
0.0163763 0.02
0.0153658 0.019
0.0143553 0.018
0.0133449 0.017
0.0123344 0.016
0.0113239 0.015
0.0103135 0.014
0.00930301 0.013
0.00829254 0.012
0.00728208 0.011
0.00627162 0.01
0.00526116 0.009
0.0042507 0.008
0.00324025 0.007
0.00222979 0.006
0.00121934 0.005
0.000208884 0.004
-0.000801568 0.003
-0.00181202 0.002
-0.00282247 0.001
-0.00383292 6.93889e-18
-0.00484336 -0.001
-0.00585381 -0.002
-0.00686425 -0.003
-0.00787469 -0.004
-0.00888514 -0.005
-0.00989558 -0.006
-0.010906 -0.007
-0.0119165 -0.008
-0.0129269 -0.009
-0.0139373 -0.01
-0.0149478 -0.011
-0.0159582 -0.012
-0.0169686 -0.013
-0.0179791 -0.014
-0.0189895 -0.015
-0.0199999 -0.016
-0.0210103 -0.017
-0.0220208 -0.018
-0.0230312 -0.019
-0.0240416 -0.02
-0.0250521 -0.021
-0.0260625 -0.022
-0.0270729 -0.023
-0.0280833 -0.024
-0.0290937 -0.025
-0.0301042 -0.026
-0.0311146 -0.027
-0.032125 -0.028
-0.0331354 -0.029
-0.0341458 -0.03
-0.0351562 -0.031
-0.0361666 -0.032
-0.0371771 -0.033
-0.0381875 -0.034
-0.0391979 -0.035
-0.0402083 -0.036
-0.0412187 -0.037
-0.0422291 -0.038
-0.0432395 -0.039
-0.0442499 -0.04
-0.0452603 -0.041
-0.0462707 -0.042
-0.0472811 -0.043
-0.0482915 -0.044
-0.0493019 -0.045
-0.0503123 -0.046
-0.0513227 -0.047
-0.0523331 -0.048
-0.0533435 -0.049
-0.0543539 -0.05
-0.0553643 -0.051
-0.0563747 -0.052
-0.0573851 -0.053
-0.0583955 -0.054
-0.0594059 -0.055
-0.0604163 -0.056
-0.0614267 -0.057
-0.062437 -0.058
-0.0634474 -0.059
-0.0644578 -0.06
-0.0654682 -0.061
-0.0664786 -0.062
-0.067489 -0.063
-0.0684994 -0.064
-0.0695097 -0.065
-0.0705201 -0.066
-0.0715305 -0.067
-0.0725409 -0.068
-0.0735513 -0.069
-0.0745617 -0.07
-0.075572 -0.071
-0.0765824 -0.072
-0.0775928 -0.073
-0.0786032 -0.074
-0.0796135 -0.075
-0.0806239 -0.076
-0.0816343 -0.077
-0.0826447 -0.078
-0.083655 -0.079
-0.0846654 -0.08
-0.0856758 -0.081
-0.0866861 -0.082
-0.0876965 -0.083
-0.0887069 -0.084
-0.0897173 -0.085
-0.0907276 -0.086
-0.091738 -0.087
-0.0927484 -0.088
-0.0937587 -0.089
-0.0947691 -0.09
-0.0957795 -0.091
-0.0967898 -0.092
-0.0978002 -0.093
-0.0988105 -0.094
-0.0998209 -0.095
-0.100831 -0.096
-0.101842 -0.097
-0.102852 -0.098
-0.103862 -0.099
-0.104873 -0.1
-0.105883 -0.101
-0.106893 -0.102
-0.107904 -0.103
-0.108914 -0.104
-0.109924 -0.105
-0.110935 -0.106
-0.111945 -0.107
-0.112956 -0.108
-0.113966 -0.109
-0.114976 -0.11
-0.115987 -0.111
-0.116997 -0.112
-0.118007 -0.113
-0.119018 -0.114
-0.120028 -0.115
-0.121038 -0.116
-0.122049 -0.117
-0.123059 -0.118
-0.124069 -0.119
-0.12508 -0.12
-0.12609 -0.121
-0.1271 -0.122
-0.128111 -0.123
-0.129121 -0.124
-0.130131 -0.125
-0.131142 -0.126
-0.132152 -0.127
-0.133162 -0.128
-0.134173 -0.129
-0.135183 -0.13
-0.136194 -0.131
-0.137204 -0.132
-0.138214 -0.133
-0.139225 -0.134
-0.140235 -0.135
-0.141245 -0.136
-0.142256 -0.137
-0.143266 -0.138
-0.144276 -0.139
-0.145287 -0.14
-0.146297 -0.141
-0.147307 -0.142
-0.148318 -0.143
-0.149328 -0.144
-0.150338 -0.145
-0.151349 -0.146
-0.152359 -0.147
-0.153369 -0.148
-0.15438 -0.149
-0.15539 -0.15
-0.1564 -0.151
-0.157411 -0.152
-0.158421 -0.153
-0.159431 -0.154
-0.160442 -0.155
-0.161452 -0.156
-0.162462 -0.157
-0.163473 -0.158
-0.164483 -0.159
-0.165493 -0.16
-0.166503 -0.161
-0.167514 -0.162
-0.168524 -0.163
-0.169534 -0.164
-0.170545 -0.165
-0.171555 -0.166
-0.172565 -0.167
-0.173576 -0.168
-0.174586 -0.169
-0.175596 -0.17
-0.176607 -0.171
-0.177617 -0.172
-0.178627 -0.173
-0.179638 -0.174
-0.180648 -0.175
-0.181658 -0.176
-0.182669 -0.177
-0.183679 -0.178
-0.184689 -0.179
-0.1857 -0.18
-0.18671 -0.181
-0.18772 -0.182
-0.188731 -0.183
-0.189741 -0.184
-0.190751 -0.185
-0.191761 -0.186
-0.192772 -0.187
-0.193782 -0.188
-0.194792 -0.189
-0.195803 -0.19
-0.196813 -0.191
-0.197823 -0.192
-0.198834 -0.193
-0.199844 -0.194
-0.200854 -0.195
-0.201865 -0.196
-0.202875 -0.197
-0.203885 -0.198
-0.204896 -0.199
-0.205906 -0.2
-0.206916 -0.201
-0.207926 -0.202
-0.208937 -0.203
-0.209947 -0.204
-0.210957 -0.205
-0.211968 -0.206
-0.212978 -0.207
-0.213988 -0.208
-0.214999 -0.209
-0.216009 -0.21
-0.217019 -0.211
-0.21803 -0.212
-0.21904 -0.213
-0.22005 -0.214
-0.22106 -0.215
-0.222071 -0.216
-0.223081 -0.217
-0.224091 -0.218
-0.225102 -0.219
-0.226112 -0.22
-0.227122 -0.221
-0.228133 -0.222
-0.229143 -0.223
-0.230153 -0.224
-0.231163 -0.225
-0.232174 -0.226
-0.233184 -0.227
-0.234194 -0.228
-0.235205 -0.229
-0.236215 -0.23
-0.237225 -0.231
-0.238236 -0.232
-0.239246 -0.233
-0.240256 -0.234
-0.241266 -0.235
-0.242277 -0.236
-0.243287 -0.237
-0.244297 -0.238
-0.245308 -0.239
-0.246318 -0.24
-0.247328 -0.241
-0.248339 -0.242
-0.249349 -0.243
-0.250359 -0.244
-0.251369 -0.245
-0.25238 -0.246
-0.25339 -0.247
-0.2544 -0.248
-0.255411 -0.249
-0.256421 -0.25
-0.257431 -0.251
-0.258441 -0.252
-0.259452 -0.253
-0.260462 -0.254
-0.261472 -0.255
-0.262483 -0.256
-0.263493 -0.257
-0.264503 -0.258
-0.265514 -0.259
-0.266524 -0.26
-0.267534 -0.261
-0.268544 -0.262
-0.269555 -0.263
-0.270565 -0.264
-0.271575 -0.265
-0.272586 -0.266
-0.273596 -0.267
-0.274606 -0.268
-0.275616 -0.269
-0.276627 -0.27
-0.277637 -0.271
-0.278647 -0.272
-0.279658 -0.273
-0.280668 -0.274
-0.281678 -0.275
-0.282688 -0.276
-0.283699 -0.277
-0.284709 -0.278
-0.285719 -0.279
-0.28673 -0.28
-0.28774 -0.281
-0.28875 -0.282
-0.28976 -0.283
-0.290771 -0.284
-0.291781 -0.285
-0.292791 -0.286
-0.293802 -0.287
-0.294812 -0.288
-0.295822 -0.289
-0.296832 -0.29
-0.297843 -0.291
-0.298853 -0.292
-0.299863 -0.293
-0.300874 -0.294
-0.301884 -0.295
-0.302894 -0.296
-0.303904 -0.297
-0.304915 -0.298
-0.305925 -0.299
-0.306935 -0.3
-0.307945 -0.301
-0.308956 -0.302
-0.309966 -0.303
-0.310976 -0.304
-0.311987 -0.305
-0.312997 -0.306
-0.314007 -0.307
-0.315017 -0.308
-0.316028 -0.309
-0.317038 -0.31
-0.318048 -0.311
-0.319059 -0.312
-0.320069 -0.313
-0.321079 -0.314
-0.322089 -0.315
-0.3231 -0.316
-0.32411 -0.317
-0.32512 -0.318
-0.32613 -0.319
-0.327141 -0.32
-0.328151 -0.321
-0.329161 -0.322
-0.330172 -0.323
-0.331182 -0.324
-0.332192 -0.325
-0.333202 -0.326
-0.334213 -0.327
-0.335223 -0.328
-0.336233 -0.329
-0.337243 -0.33
-0.338254 -0.331
-0.339264 -0.332
-0.340274 -0.333
-0.341285 -0.334
-0.342295 -0.335
-0.343305 -0.336
-0.344315 -0.337
-0.345326 -0.338
-0.346336 -0.339
-0.347346 -0.34
-0.348356 -0.341
-0.349367 -0.342
-0.350377 -0.343
-0.351387 -0.344
-0.352398 -0.345
-0.353408 -0.346
-0.354418 -0.347
-0.355428 -0.348
-0.356439 -0.349
-0.357449 -0.35
-0.358459 -0.351
-0.359469 -0.352
-0.36048 -0.353
-0.36149 -0.354
-0.3625 -0.355
-0.363511 -0.356
-0.364521 -0.357
-0.365531 -0.358
-0.366541 -0.359
-0.367552 -0.36
-0.368562 -0.361
-0.369572 -0.362
-0.370582 -0.363
-0.371593 -0.364
-0.372603 -0.365
-0.373613 -0.366
-0.374623 -0.367
-0.375634 -0.368
-0.376644 -0.369
-0.377654 -0.37
-0.378665 -0.371
-0.379675 -0.372
-0.380685 -0.373
-0.381695 -0.374
-0.382706 -0.375
-0.383716 -0.376
-0.384726 -0.377
-0.385736 -0.378
-0.386747 -0.379
-0.387757 -0.38
-0.388767 -0.381
-0.389777 -0.382
-0.390788 -0.383
-0.391798 -0.384
-0.392808 -0.385
-0.393818 -0.386
-0.394829 -0.387
-0.395839 -0.388
-0.396849 -0.389
-0.39786 -0.39
-0.39887 -0.391
-0.39988 -0.392
-0.40089 -0.393
-0.401901 -0.394
-0.402911 -0.395
-0.403921 -0.396
-0.404931 -0.397
-0.405942 -0.398
-0.406952 -0.399
-0.407962 -0.4
