0
0.12955
0.09526
0.14098
0.07621
0.02286
0.17147
0.02286
0.11431
0.0724
0.14479
0.01524
0.17147
0.07621
0.04953
0.0724
0.09526
0.06097
0.00381
0.00381
0.0381
0.16766
0.04953
0.12193
0.06478
0.09907
0.17528
0.06478
0.01524
0.1105
0.10669
0.03048
0.00381
0.08383
-0.01905
-0.04572
0.12574
0.02286
0.07621
0.00762
0.13717
0.02286
0.15241
0.04953
0.06097
-0.04953
-0.06097
0.08383
0.04191
0.03048
0.01143
0.08002
0.02667
-0.05716
0.04191
0.06478
-0.01524
0.0724
-0.01905
0.01905
0.00381
0.04572
0.08383
0.09526
0.12193
0.02286
0.05716
0.09907
0.01905
0.15241
0.15241
0
0.12574
0.10669
0.11431
0.01524
0.0724
0.08383
0.10288
0.12574
0.04572
0.21719
0.01143
0.03048
0.07621
-0.01143
0.12955
0.11431
0.2934
0.23624
0.13717
0.05335
0.14098
0.11431
0.08002
0.221
0.16385
0.11812
0.24386
0.1486
0.24386
0.11812
0.17909
0.16004
0.1105
0.01905
0.12955
0.17147
0.16766
0.12955
0.09526
0.09145
0.10669
0.14098
0.17909
0.16004
0.16385
0.07621
0.14479
0.21719
0.06859
0.1105
0.14479
0.11812
0.06859
0.15241
0.20957
0.19433
0.07621
0.12574
0.07621
0.1105
0.19433
0.17147
0.19433
0.13717
0.20576
0.2591
0.14479
0.17147
0.16385
0.17147
0.17528
0.15622
0.19814
0.19433
0.221
0.20957
0.24386
0.12574
0.16766
0.26292
0.06859
0.16766
0.09526
0.10669
0.16766
0.18671
0.22481
0.19052
0.1829
0.13717
0.15622
0.16766
0.17909
0.08002
0.21338
0.17528
0.22862
0.24005
0.17909
0.26673
0.19052
0.20576
0.23243
0.22481
0.31626
0.28578
0.40771
0.26673
0.34674
0.46867
0.43819
0.41914
0.50678
0.5144
0.61728
0.50297
0.57155
0.64014
0.59061
0.67062
0.70873
0.75064
0.60204
0.73159
0.88019
0.83066
0.73159
0.884
0.78112
0.80399
0.75064
0.81161
0.75064
0.73921
0.76969
0.79256
0.74302
0.81542
0.6973
0.82304
0.79637
0.81542
0.79256
0.663
0.7735
0.71635
0.75445
0.83828
0.87257
0.77731
0.72016
0.7735
0.83447
0.78112
0.78112
0.78875
0.78875
0.75826
0.70873
0.76207
0.64776
0.71254
0.68968
0.76588
0.71635
0.70111
0.76207
0.70111
0.71254
0.70492
0.57155
0.65538
0.57536
0.46867
0.57918
0.45724
0.36579
0.48773
0.35055
0.43819
0.21719
0.44962
0.34293
0.32388
0.31245
0.33912
0.20957
0.11431
-0.01905
0.0724
0.06097
0.03048
0.01143
-0.09907
0.07621
-0.09526
-0.18671
-0.12193
-0.26292
-0.15241
-0.22481
-0.22862
-0.24767
-0.31245
-0.26673
-0.35817
-0.35055
-0.24005
-0.46486
-0.63252
-0.42676
-0.49154
-0.46867
-0.54107
-0.68206
-0.53345
-0.64014
-0.5868
-0.61347
-0.52583
-0.58299
-0.66681
-0.70111
-0.56774
-0.57536
-0.64395
-0.67062
-0.68587
-0.67062
-0.57918
-0.54869
-0.663
-0.68968
-0.5525
-0.48011
-0.54107
-0.61728
-0.65157
-0.60966
-0.6249
-0.59442
-0.5144
-0.64014
-0.70492
-0.57536
-0.65919
-0.5868
-0.46867
-0.5868
-0.57155
-0.64395
-0.663
-0.66681
-0.63633
-0.53726
-0.59823
-0.56774
-0.51821
-0.44962
-0.57155
-0.4763
-0.45343
-0.41533
-0.38104
-0.36579
-0.32388
-0.36961
-0.25148
-0.32007
-0.28578
-0.06859
-0.221
-0.1829
-0.1105
-0.13336
-0.06859
-0.09907
0.04191
-0.01524
-0.02667
0.03429
0.00762
0.06097
0.221
0.16004
0.24386
0.23624
0.34293
0.32007
0.37342
0.37723
0.41152
0.47249
0.43819
0.53726
0.51821
1.17359
0.64014
0.12574
0.4763
0.78112
0.80018
0.75064
0.70492
0.84971
0.75064
0.72778
0.65919
0.84971
0.64776
0.71254
0.72397
0.83447
0.73921
0.71254
0.81923
0.83828
0.70873
0.7735
0.83828
0.8459
0.71635
0.80399
0.76969
0.83066
0.92211
0.92211
0.79256
0.75445
0.80399
0.76207
0.8078
0.72397
0.65157
0.663
0.65919
0.663
0.57918
0.42676
0.40771
0.53345
0.39247
0.51821
0.4039
0.43057
0.35055
0.38485
0.28959
0.27435
0.19052
0.19052
0.11812
0.0724
0.17528
0.00381
-0.05335
-0.06478
0.01905
-0.10669
0.00381
0.00762
-0.09907
-0.22481
-0.17147
-0.15241
-0.12955
-0.20195
-0.30102
-0.22862
-0.22862
-0.32769
-0.3315
-0.23243
-0.41914
-0.40771
-0.38485
-0.44581
-0.46867
-0.55631
-0.40771
-0.40009
-0.39628
-0.45343
-0.53726
-0.5144
-0.53726
-0.59442
-0.54488
-0.53726
-0.51821
-0.41533
-0.5144
-0.51059
-0.50678
-0.51821
-0.46867
-0.54488
-0.48392
-0.56393
-0.38866
-0.46105
-0.30102
-0.38485
-0.26673
-0.37342
-0.22481
-0.25148
-0.20957
-0.27435
-0.29721
-0.12574
-0.17909
-0.10669
-0.09145
-0.10669
-0.17147
-0.06859
0.08002
-0.14098
-0.06859
-0.07621
0.01524
-0.06478
-0.01524
-0.09526
-0.00762
-0.03429
-0.0724
-0.1105
-0.01143
0.00381
-0.12955
-0.14098
-0.09145
-0.02286
-0.13717
-0.04191
-0.1105
-0.04572
-0.04191
-0.04572
-0.11431
-0.06859
-0.02667
-0.09526
-0.01143
0.0381
-0.05335
-0.01905
-0.08383
-0.14479
-0.09526
-0.12193
-0.06097
0.04191
0
0.02286
0.04572
-0.03429
0.12955
0.27435
0.18671
0.19814
0.24386
0.36961
0.37723
0.39247
0.32007
0.4763
0.49916
0.43438
0.36198
0.51821
0.56393
0.5144
0.60966
0.56012
0.57155
0.70111
0.65919
0.69349
0.70873
0.80018
0.8459
0.80018
0.8459
0.89925
0.88781
0.85733
1.00594
0.884
1.02118
0.88781
1.00594
0.96402
0.94878
1.10501
0.99069
1.00213
0.86495
0.86114
0.94878
1.04404
0.90687
0.98688
1.01737
0.99069
0.98307
1.01356
0.94497
0.99832
1.04023
1.02118
1.04785
1.00213
0.99832
1.12406
0.96021
1.04023
0.97926
1.08214
1.07452
1.11644
1.05547
0.95259
0.98688
1.04023
1.05166
1.00594
1.10501
1.04404
1.09357
1.11644
1.04785
1.10882
1.00213
1.12406
1.04023
1.05166
1.05928
1.01737
1.04023
1.08595
1.09357
1.0669
1.07452
1.08595
0.96402
0.99069
0.51821
0.90306
0.5144
0.86114
0.84971
0.83447
0.81923
0.81923
0.80399
0.73159
0.82304
0.69349
0.72397
0.7735
0.67824
0.65157
0.6249
0.57536
0.47249
0.54869
0.54107
0.48011
0.36961
0.4763
0.42295
0.23624
0.28197
0.26292
0.23243
0.23243
0.23624
0.14479
0.07621
0.221
0.11812
0.07621
0.04191
0.02286
-0.06859
-0.15241
-0.07621
-0.1105
-0.09526
-0.17909
-0.16004
-0.24386
-0.26292
-0.26673
-0.32769
-0.35436
-0.29721
-0.36198
-0.48011
-0.50678
-0.33912
-0.48773
-0.63252
-0.4763
-0.54869
-0.6249
-0.61728
-0.65538
-0.66681
-0.663
-0.66681
-0.88781
-0.85352
-0.75064
-0.76588
-0.76969
-0.86114
-0.81161
-0.80018
-0.84209
-0.92211
-0.84209
-0.84971
-0.91068
-0.81923
-1.02499
-1.00213
-0.83447
-0.88781
-0.92592
-0.86876
-0.88781
-0.95259
-0.91068
-0.76588
-0.98307
-0.98307
-0.90687
-0.93735
-0.92592
-0.83828
-0.94116
-0.92592
-0.94497
-0.92973
-0.86876
-1.0288
-0.94497
-0.96021
-0.9183
-0.97164
-0.884
-0.98688
-0.87638
-0.97926
-0.93735
-0.88019
-0.99069
-1.00213
-0.96402
-0.97545
-1.00594
-0.97926
-0.99069
-0.9564
-0.99832
-1.08214
-0.92592
-0.88019
-0.99832
-0.90687
-0.90306
-0.86114
-0.77731
-0.884
-0.81161
-0.79637
-0.66681
-0.79637
-0.78494
-0.68206
-0.66681
-0.57155
-0.63633
-0.59823
-0.50678
-0.64395
-0.64395
-0.52202
-0.48773
-0.51821
-0.38485
-0.51821
-0.51821
-0.40009
-0.33531
-0.39247
-0.29721
-0.26292
-0.27435
-0.1829
-0.26292
-0.17147
-0.17528
-0.0724
-0.08383
-0.1486
-0.18671
-0.06859
-0.2591
-0.33531
-0.13336
-0.06859
-0.06478
-0.15241
-0.22481
-0.1105
-0.1829
-0.10669
-0.20576
-0.10288
-0.16004
-0.24386
-0.05335
-0.25529
-0.04953
-0.14479
-0.221
-0.02286
-0.02667
-0.11812
-0.02667
-0.01143
0.07621
0.17528
0.19052
0.11812
0.25529
0.29721
0.33531
0.30864
0.35436
0.45724
0.45343
0.49916
0.46867
0.52583
0.45724
0.43819
0.57918
0.59823
0.59442
0.68587
0.76588
0.76207
0.83066
0.86876
0.7354
0.93735
0.96021
0.9564
0.99069
0.93354
1.05928
0.99832
1.06309
1.13168
1.08976
0.99832
1.12025
1.28028
1.18883
1.12787
1.20789
1.26123
1.14692
1.25742
1.33363
1.29933
1.27266
1.24599
1.28028
1.23456
1.30314
1.30695
1.27266
1.26504
1.36411
1.25742
1.38316
1.33744
1.26123
1.27266
1.38316
1.41365
1.34506
1.31839
1.44032
1.3984
1.36792
1.16978
1.2498
1.30695
1.34887
1.37554
1.29552
1.36411
1.41746
1.2498
1.25361
1.23837
1.35268
1.26885
1.18121
1.25742
1.16597
1.22694
1.08595
1.15835
1.07071
1.13549
1.05547
1.04404
1.14311
0.99451
0.96021
0.9564
0.9564
0.86876
0.89163
0.92973
0.71254
1.00213
0.83828
0.8078
0.81542
0.7354
0.74683
0.70873
0.68587
0.68206
0.65538
0.54488
0.57155
0.63633
0.41533
0.4039
0.4039
0.37723
0.34293
0.20576
0.21338
0.09907
0.52583
0.24386
0.09526
0.13717
0.13336
0.08764
0.06859
-0.04953
-0.04572
-0.02286
-0.1486
-0.1105
-0.17528
-0.22862
-0.19433
-0.23243
-0.22481
-0.36579
-0.28197
-0.33531
-0.3315
-0.35055
-0.46867
-0.442
-0.49535
-0.56774
-0.57155
-0.54488
-0.63252
-0.63252
-0.67824
-0.65919
-0.71254
-0.75064
-0.72778
-0.76207
-0.80018
-0.75445
-0.92211
-0.96402
-1.00975
-0.93354
-0.93354
-1.09357
-1.05928
-1.09738
-1.19264
-1.25361
-1.22313
-1.12787
-1.29552
-1.30314
-1.32982
-1.25742
-1.33744
-1.35268
-1.3984
-1.2879
-1.38316
-1.41746
-1.40221
-1.30314
-1.34125
-1.42508
-1.35649
-1.41746
-1.40221
-1.41746
-1.34887
-1.4327
-1.47461
-1.38697
-1.45175
-1.41746
-1.45937
-1.41365
-1.37554
-1.44032
-1.41365
-1.44413
-1.39459
-1.44032
-1.31458
-1.31839
-1.45937
-1.28028
-1.24218
-1.29171
-1.26885
-1.20408
-1.19645
-1.15454
-1.16216
-1.16978
-1.16978
-1.15073
-1.08214
-0.98307
-0.99832
-1.00594
-1.02499
-1.01737
-0.91449
-0.82304
-0.8459
-0.92973
-0.9183
-0.82304
-0.86114
-0.75445
-0.78875
-0.83447
-0.74683
-0.74302
-0.64776
-0.56393
-0.52202
-0.61728
-0.47249
-0.54869
-0.59823
-0.45343
-0.49154
-0.40009
-0.31245
-0.27435
-0.34293
-0.30102
-0.27054
-0.25529
-0.21719
-0.16004
-0.24386
-0.26673
0.09145
-0.06859
-0.16766
-0.28578
-0.24005
-0.14479
-0.17528
-0.18671
-0.15622
-0.23243
-0.1829
-0.21338
-0.19814
-0.28959
-0.23624
-0.17147
-0.16766
-0.1105
-0.0724
0.26673
-0.26673
-0.49154
-0.35817
0.27816
0.0724
-0.1829
-0.27816
0.24767
0.27816
0.30864
0.2591
0.37342
0.33531
0.44581
0.39628
0.442
0.47249
0.63633
0.64014
0.5868
0.62871
0.68968
0.82304
0.72016
0.83447
0.81923
0.90306
0.884
0.88781
0.90687
0.85733
0.95259
1.06309
1.00594
0.93354
1.12787
1.14311
1.02499
1.18121
1.24218
1.20789
1.35649
1.2879
1.19264
1.28409
1.2879
1.40602
1.36411
1.3222
1.48604
1.36792
1.34125
1.5089
1.56225
1.53177
1.64227
1.52034
1.67275
1.71085
1.67275
1.60797
1.68037
1.69561
1.6194
1.69942
1.58892
1.69561
1.58511
1.80611
1.69942
1.79849
1.67656
1.69942
1.64608
1.68418
1.68037
1.74896
1.62322
1.63084
1.7642
1.71847
1.76039
1.79468
1.68418
1.68037
1.6537
1.71466
1.74896
1.71847
1.80611
1.82135
1.69561
1.64227
1.63465
1.57749
1.56225
1.64989
1.56225
1.48604
1.55463
1.44794
1.64227
1.49747
1.42508
1.50509
1.37935
1.44794
1.35268
1.42127
1.37173
1.33363
1.36411
1.19264
1.28028
1.2498
1.34125
1.17359
1.25742
1.20026
1.16216
1.20026
1.05166
1.09357
1.03642
1.07833
1.00213
0.98307
0.86114
0.89544
0.85733
0.884
0.69349
0.73921
0.84209
0.72397
0.78494
0.6973
0.72016
0.56012
0.50297
0.49916
0.57918
0.49535
0.46105
0.48011
0.40009
0.38485
0.38866
0.24767
0.25148
0.19052
0.20195
0.02286
0.12955
0.08764
-0.04191
-0.06097
0.02286
-0.09526
-0.04191
-0.06859
-0.12955
-0.15241
-0.19052
-0.16004
-0.32388
-0.4039
-0.27435
-0.36961
-0.48773
-0.5525
-0.55631
-0.47249
-0.59442
-0.62109
-0.65919
-0.66681
-0.59442
-0.71254
-0.71254
-0.80018
-0.90306
-0.74683
-0.75826
-0.93354
-0.884
-0.92973
-0.96783
-1.00213
-1.03642
-1.07452
-1.15454
-1.1012
-1.14692
-1.18502
-1.23837
-1.1774
-1.19264
-1.34125
-1.42508
-1.23456
-1.50509
-1.40983
-1.48223
-1.53558
-1.46699
-1.66513
-1.66132
-1.76801
-1.81754
-1.98901
-1.88232
-1.96615
-2.12618
-2.02711
-2.08046
-1.96615
-2.0957
-2.1338
-2.08046
-2.03092
-2.18334
-2.06141
-2.23287
-2.01187
-2.21763
-2.18715
-2.2062
-2.1338
-2.08046
-1.92804
-2.10332
-1.99663
-2.09951
-1.98901
-2.00044
-1.97758
-1.87089
-1.92804
-1.8023
-1.8366
-1.78706
-1.7642
-1.78325
-1.81373
-1.69561
-1.64227
-1.64989
-1.60416
-1.58892
-1.49747
-1.47842
-1.56987
-1.53558
-1.44794
-1.52034
-1.38316
-1.39078
-1.29171
-1.35649
-1.31077
-1.24218
-1.29171
-1.20026
-1.1774
-1.14692
-1.04023
-1.18121
-0.97545
-1.02499
-0.98307
-0.92211
-0.87257
-1.03261
-0.99832
-0.9183
-0.84971
-0.81542
-0.71254
-0.84971
-0.73159
-0.5144
-0.62109
-0.663
-0.67443
-0.48392
-0.42676
-0.42295
-0.44581
-0.32769
-0.4039
-0.31245
-0.46105
-0.46105
-0.28959
-0.36579
-0.30864
-0.2934
-0.32007
-0.23624
-0.33531
-0.36579
-0.221
-0.30864
-0.28959
-0.34674
-0.29721
-0.26292
-0.25148
-0.29721
-0.31245
-0.28197
-0.21719
-0.08764
-0.19814
-0.09907
-0.06859
-0.02667
0.09907
0.08764
0.03429
0.06478
0.26292
0.23624
0.19052
0.27435
0.28578
0.32769
0.36579
0.36198
0.50297
0.45724
0.4763
0.57918
0.56393
0.65157
0.63633
0.63633
0.73159
0.73921
0.7354
0.78875
0.94497
0.86114
0.83447
0.99069
0.99832
0.98307
0.98307
0.97926
0.98688
1.06309
1.15454
1.04404
1.09357
1.16597
1.18502
1.20408
1.21551
1.25361
1.31077
1.29171
1.34887
1.50128
1.38697
1.46699
1.5089
1.5089
1.52034
1.62703
1.60797
1.64989
1.56987
1.63465
1.76801
1.77563
1.64227
1.74134
1.79087
1.76039
1.80992
1.81373
1.71847
1.77944
1.89756
1.87851
1.85946
1.85565
1.9852
2.03854
1.90137
1.89756
1.97377
2.03092
1.99663
1.98139
2.03473
1.95853
1.9128
1.9128
1.96234
2.13761
2.04998
2.07284
2.06522
1.96234
2.01949
1.98901
1.93185
2.03092
1.95853
1.99663
1.76801
1.83279
1.80611
1.82897
1.76039
1.82516
1.71466
1.74515
1.64227
1.81754
1.69561
1.67275
1.59273
1.56606
1.62703
1.47461
1.56225
1.62322
1.50509
1.40221
1.50509
1.45556
1.45175
1.50509
1.29552
1.39459
1.33363
1.40221
1.29171
1.31839
1.25742
1.21932
1.34125
1.12787
1.25742
1.15454
1.12025
1.12787
1.08976
1.1012
1.00213
1.06309
0.86876
0.87638
0.90306
0.9564
0.83828
0.70873
0.77731
0.77731
0.72016
0.77731
0.60585
0.57918
0.55631
0.59823
0.61347
0.51821
0.50297
0.30102
0.28578
0.30483
0.17147
0.21338
0.23243
0.19052
0.19052
0.06859
0.11431
-0.03048
-0.06097
-0.10288
-0.10669
-0.14479
-0.08764
-0.16385
-0.31626
-0.28578
-0.31626
-0.39247
-0.46105
-0.36579
-0.5525
-0.5144
-0.48011
-0.59061
-0.57918
-0.61728
-0.64395
-0.77731
-0.66681
-0.6973
-0.88781
-0.81542
-0.94497
-0.93735
-0.96783
-0.95259
-1.04404
-1.10501
-1.04404
-1.20026
-1.29552
-1.2879
-1.30695
-1.25742
-1.38697
-1.40221
-1.31077
-1.44413
-1.44032
-1.57368
-1.55463
-1.56606
-1.64608
-1.63846
-1.70704
-1.77182
-1.79468
-1.95472
-1.8747
-1.96234
-1.98139
-1.94329
-2.00425
-2.08808
-2.10713
-2.17572
-2.12237
-2.19096
-2.13761
-2.35481
-2.33575
-2.45768
-2.51103
-2.59105
-2.60248
-2.65201
-2.793
-2.79681
-2.92255
-2.95684
-2.95303
-2.9797
-2.9035
-2.96065
-3.07115
-3.03686
-2.97208
-3.00257
-3.13974
-2.97208
-2.97589
-3.00257
-2.95684
-3.07496
-3.05972
-3.1245
-2.98352
-2.98733
-3.12069
-2.93398
-2.96446
-2.93017
-2.83491
-2.82729
-2.90731
-2.83872
-2.77013
-2.81586
-2.6825
-2.69012
-2.70917
-2.68631
-2.78538
-2.64058
-2.61391
-2.55294
-2.6482
-2.55294
-2.46531
-2.44625
-2.4272
-2.43101
-2.2786
-2.3891
-2.28622
-2.35862
-2.30527
-2.29384
-2.08427
-2.1681
-2.24811
-1.97758
-2.0576
-1.95853
-2.00425
-2.08427
-1.99663
-1.92804
-1.90899
-1.80992
-1.89375
-1.79468
-1.58511
-1.64608
-1.68037
-1.6194
-1.58511
-1.67275
-1.51271
-1.53558
-1.51652
-1.36792
-1.35268
-1.24599
-1.39078
-1.22694
-1.12025
-1.21932
-1.17359
-1.08214
-0.99069
-0.97545
-1.1012
-0.96783
-0.84209
-0.71254
-0.85733
-0.67062
-0.62109
-0.54488
-0.51059
-0.35817
-0.53726
-0.30102
-0.40009
-0.52583
-0.37723
-0.30102
-0.42676
-0.39628
-0.49916
-0.34674
-0.50297
-0.43438
-0.33912
-0.28959
-0.36198
-0.46867
-0.42295
-0.35055
-0.26673
-0.45724
-0.43438
-0.41914
-0.32769
-0.43438
-0.46867
-0.40771
-0.30864
-0.38485
-0.41533
-0.34293
-0.26292
-0.24005
-0.24386
-0.11812
-0.14479
0.01143
-0.06478
0.00381
-0.01143
-0.10669
0.15241
0.20957
0.28578
0.24767
0.19433
0.37723
0.3315
0.45724
0.49916
0.39628
0.50678
0.57918
0.663
0.51059
0.75445
0.65538
0.7354
0.74683
0.77731
0.78875
0.7354
0.82685
0.8078
0.94878
1.08595
0.97926
0.99832
1.10501
1.05547
1.10501
1.13168
1.04404
1.28409
1.27647
1.29933
1.21551
1.29171
1.26885
1.38316
1.48604
1.4327
1.45937
1.44413
1.55082
1.62703
1.60416
1.62322
1.55463
1.67275
1.60416
1.6194
1.73372
1.73753
1.78706
1.79468
1.78325
1.82516
1.77944
1.79849
2.00044
1.88232
1.9852
1.98139
1.95091
2.01187
1.98139
2.05379
2.06903
2.08808
2.16048
2.27098
2.29003
2.2786
2.4615
2.52627
2.48436
2.40815
2.51103
2.40053
2.47293
2.46912
2.49198
2.43482
2.46531
2.45768
2.47293
2.56819
2.51103
2.37005
2.53008
2.61391
2.40053
2.50341
2.53389
2.56438
2.54532
2.56819
2.49198
2.49198
2.37386
2.42339
2.39291
2.38148
2.38148
2.35862
2.27479
2.43863
2.30527
2.30527
2.25574
2.2786
2.15286
2.17572
2.24049
2.11094
2.18715
2.08046
2.10713
2.14905
1.9471
2.03473
2.89969
2.06141
1.9471
1.77182
1.84422
1.92042
1.75658
1.85946
1.84422
1.77182
1.8023
1.81754
1.77563
1.66132
1.60416
1.63846
1.47461
1.57368
1.5089
1.55844
1.52415
1.35649
1.46318
1.48985
1.42889
1.31839
1.28409
1.2498
1.3222
1.25361
1.23837
1.25361
1.18502
1.18502
1.07833
0.95259
1.01356
1.04785
1.10882
0.97545
0.94878
0.88781
0.81542
0.73159
0.61728
0.58299
0.57536
0.54107
0.46867
0.42676
0.52583
0.34293
0.35817
0.30483
0.16385
0.17528
0.17909
0.05716
0.14479
0.13717
0.06478
-0.14479
-0.01524
-0.1105
-0.15622
-0.20576
-0.28959
-0.32388
-0.42676
-0.43819
-0.50297
-0.60204
-0.43819
-0.61347
-0.68968
-0.71635
-0.73921
-0.89544
-0.84209
-0.80399
-0.97164
-1.05547
-1.1393
-1.16978
-1.10882
-1.26123
-1.38316
-1.39459
-1.35268
-1.31077
-1.42127
-1.50128
-1.58892
-1.46318
-1.60797
-1.57749
-1.64227
-1.65751
-1.68799
-1.8023
-1.82516
-1.87089
-1.81754
-2.0957
-1.97758
-2.12999
-2.09951
-2.12618
-2.27098
-2.22525
-2.06522
-2.29384
-2.45768
-2.22525
-2.41958
-2.37767
-2.38148
-2.43863
-2.5377
-2.58724
-2.52627
-2.61772
-2.60629
-2.70536
-2.68631
-2.86539
-2.81967
-2.88064
-2.81205
-3.04829
-2.9797
-3.02543
-3.07115
-3.10926
-3.09402
-3.21214
-3.30359
-3.33407
-3.3074
-3.47886
-3.49791
-3.54745
-3.72273
-3.63509
-3.89038
-3.89419
-3.84085
-3.95516
-3.9323
-3.91705
-4.02755
-4.08852
-3.87133
-3.98564
-4.02755
-3.93992
-3.98564
-4.0809
-4.03518
-3.92086
-3.92468
-3.89038
-3.94373
-3.87895
-3.87895
-3.87895
-3.87514
-3.86371
-3.87133
-3.80274
-3.75321
-3.677
-3.73797
-3.57031
-3.70367
-3.68843
-3.7494
-3.60841
-3.50935
-3.46743
-3.39884
-3.50172
-3.40647
-3.33026
-3.40647
-3.32264
-3.28072
-3.30359
-3.28834
-3.24643
-3.20071
-3.29215
-3.1626
-3.04448
-3.13974
-3.02162
-3.07115
-3.03305
-2.96065
-2.94541
-2.91112
-2.80443
-2.75489
-2.86539
-2.84634
-2.66725
-2.65582
-2.73965
-2.64058
-2.6101
-2.62534
-2.5377
-2.4996
-2.43482
-2.56438
-2.25955
-2.3891
-2.3167
-2.32813
-2.30908
-2.21763
-2.19858
-2.01187
-2.16429
-2.06903
-1.79849
-1.91661
-1.90137
-1.88994
-1.82135
-1.8366
-1.76039
-1.56987
-1.61559
-1.62322
-1.48985
-1.63084
-1.37554
-1.50128
-1.3603
-1.41365
-1.23837
-1.1774
-0.88019
-0.88781
-0.6249
-0.56012
-0.65919
-0.46486
-0.74302
-0.55631
-0.663
-0.64776
-0.66681
-0.54869
-0.56012
-0.53345
-0.46486
-0.52583
-0.57536
-0.61728
-0.59061
-0.52964
-0.67062
-0.62109
-0.56012
-0.51821
-0.62871
-0.56393
-0.56774
-0.60204
-0.55631
-0.67062
-0.45343
-0.53726
-0.50678
-0.62871
-0.54488
-0.57536
-0.57536
-0.51821
-0.57536
-0.56012
-0.47249
-0.49916
-0.68587
-0.59442
-0.45724
-0.48011
-0.46486
-0.53726
-0.46867
-0.49535
-0.56393
-0.51059
-0.59823
-0.56012
-0.52202
-0.50678
-0.63252
-0.52583
-0.51059
-0.5525
-0.56012
-0.4763
-0.67062
-0.5144
-0.55631
-0.56012
-0.57536
-0.57155
-0.43438
-0.6249
-0.51059
-0.52583
-0.45343
-0.39247
-0.53726
-0.59442
-0.46105
-0.49154
-0.6973
-0.53345
-0.43438
-0.50678
-0.52583
-0.48011
-0.52202
-0.52583
-0.48773
-0.45343
-0.43819
-0.54869
-0.47249
-0.48773
-0.68206
-0.46105
-0.5144
-0.49535
-0.57918
-0.5144
-0.49535
-0.53726
-0.99069
-0.45343
-0.55631
-0.79637
-1.00594
-0.43819
-0.46867
-0.30102
-0.35436
-0.221
-0.16004
-0.12955
-0.04572
0.01905
-0.1105
-0.03429
0.10288
-0.01905
0.1829
0.17528
0.15622
0.24386
0.43819
0.40771
0.32769
0.54488
0.49916
0.54107
0.39247
0.45343
0.45343
0.54869
0.72778
0.76969
0.59061
0.76207
0.82304
0.86495
0.90687
0.9183
1.08214
1.0669
0.94497
1.10882
1.07071
1.16597
1.31077
1.13168
1.18502
1.26504
1.31839
1.35268
1.22313
1.39459
1.52034
1.37554
1.52034
1.55082
1.59273
1.63084
1.63846
1.64608
1.73753
1.66894
1.66894
1.63846
1.73372
1.89756
1.88613
1.95472
1.94329
1.91661
1.9471
1.92042
2.00044
2.05379
2.06903
1.9852
1.94329
2.01949
2.16429
2.2443
2.18715
2.28241
2.22906
2.25193
2.41958
2.41577
2.39672
2.43101
2.3891
2.46531
2.51865
2.6482
2.54913
2.5377
2.66725
2.70155
2.75108
2.81205
2.85015
2.87682
2.97589
2.93017
3.09021
3.12831
3.18927
3.20833
3.21214
3.25405
3.26929
3.31502
3.36074
3.34931
3.3836
3.40266
3.44076
3.50172
3.47886
3.46743
3.42171
3.37598
3.31883
3.23881
3.21595
3.15117
3.13974
3.09783
3.02924
2.91112
2.9035
2.9035
2.8311
2.85396
2.78157
2.88064
2.87301
2.64439
2.61391
2.69774
2.67107
2.50722
2.60248
2.61772
2.56056
2.39672
2.40053
2.41577
2.40434
2.25193
2.32813
2.35099
2.24049
2.24049
2.19096
2.30146
2.2062
2.06903
2.00044
2.04236
2.02711
1.98139
1.90137
1.85565
1.98901
1.84422
1.79087
1.66513
1.78325
1.76801
1.6918
1.54701
1.53558
1.58511
1.43651
1.44794
1.47461
1.37554
1.37554
1.2879
1.24599
1.2498
1.20408
1.0669
1.04785
1.04785
1.01737
1.01737
0.99451
0.82304
0.84209
0.85352
0.68968
0.65919
0.60966
0.55631
0.57918
0.51059
0.3315
0.28959
0.20957
0.22862
0.20957
0.12574
0.1105
0.04572
-0.05335
-0.10288
-0.16385
-0.24386
-0.32007
-0.38104
-0.48392
-0.7735
-0.76969
-0.76207
-0.85733
-0.93735
-0.91068
-1.00213
-1.18883
-1.1012
-1.19645
-1.29171
-1.34125
-1.31458
-1.37554
-1.46699
-1.57368
-1.60035
-1.53939
-1.58892
-1.70704
-1.80611
-1.8023
-1.87089
-1.89756
-1.9128
-1.95472
-1.96996
-1.95472
-2.12999
-2.17953
-2.23287
-2.28241
-2.28622
-2.34718
-2.27479
-2.36624
-2.50341
-2.48055
-2.37386
-2.56819
-2.63296
-2.63296
-2.69012
-2.78538
-2.77013
-2.81967
-2.88064
-2.97589
-2.93398
-3.00257
-3.07115
-3.04829
-3.03686
-3.02543
-3.14355
-3.1969
-3.19309
-3.31883
-3.35312
-3.39503
-3.36836
-3.50554
-3.55126
-3.45219
-3.55126
-3.59317
-3.68843
-3.74178
-3.73035
-3.74178
-3.84085
-3.898
-3.94373
-3.94754
-4.11519
-4.17997
-4.1533
-4.30952
-4.25237
-4.40097
-4.45051
-4.45432
-4.64864
-4.7782
-4.78963
-4.76296
-4.9992
-5.15923
-5.07159
-5.08684
-5.11351
-5.17447
-5.21258
-5.10589
-5.23544
-5.13256
-5.20115
-5.09446
-5.3307
-5.16304
-5.23544
-5.19734
-5.30784
-5.19353
-5.27735
-5.36499
-5.19734
-5.19734
-5.26592
-5.30403
-5.41834
-5.18972
-5.31927
-5.28879
-5.29641
-5.26211
-5.25449
-5.46787
-5.30022
-5.34213
-5.20115
-5.26973
-5.2583
-5.25449
-5.31927
-5.17066
-5.36499
-5.36118
-5.31927
-5.23163
-5.31927
-5.30403
-5.31546
-5.27354
-5.30403
-5.2583
-5.36499
-5.28879
-5.35356
-5.32308
-5.32308
-5.40691
-5.31546
-5.28498
-5.3307
-5.39167
-5.39929
-5.31165
-5.31546
-5.37261
-5.38023
-5.44501
-5.35737
-5.4412
-5.42215
-5.39548
-5.35356
-5.49073
-5.31165
-5.38023
-5.5136
-5.58218
-5.26973
-5.31546
-5.26592
-5.28116
-5.27354
-5.30022
-5.22401
-5.15161
-5.1478
-5.0373
-4.98396
-4.99158
-4.98777
-5.07922
-4.81249
-4.95728
-4.91537
-4.78201
-4.89251
-4.83535
-4.83535
-4.75152
-4.78582
-4.70961
-4.58387
-4.62959
-4.57244
-4.48099
-4.44288
-4.43526
-4.57244
-4.50004
-4.48099
-4.30952
-4.31333
-4.3743
-4.25237
-4.25618
-4.30571
-4.25618
-4.2295
-4.14187
-4.10376
-4.05423
-3.92468
-4.0085
-3.94754
-3.91705
-3.93611
-3.84085
-3.78369
-3.76464
-3.81036
-3.72273
-3.66176
-3.59317
-3.69605
-3.61985
-3.60841
-3.57793
-3.45219
-3.48267
-3.43314
-3.39503
-3.29215
-3.27691
-3.29597
-3.17784
-3.13974
-3.21214
-2.96065
-2.92255
-2.92255
-2.8692
-2.95303
-2.86158
-2.85396
-2.73965
-2.76251
-2.63296
-2.63296
-2.46531
-2.44244
-2.40815
-2.4615
-2.29384
-2.34337
-2.32432
-2.25955
-2.14905
-2.08427
-1.99282
-1.88232
-1.84041
-1.70704
-1.66894
-1.45937
-1.34887
-1.14692
-0.75064
-0.97926
-0.76969
-0.86495
-0.83447
-0.81542
-0.70873
-0.73159
-0.8078
-0.76207
-0.84971
-0.83828
-0.79256
-0.94116
-0.82685
-0.83447
-0.91449
-0.7735
-0.73159
-0.79637
-0.78494
-0.71635
-0.86114
-0.83066
-0.81542
-0.72778
-0.87257
-0.74302
-0.82304
-0.7735
-0.77731
-0.77731
-0.7735
-0.86876
-0.83066
-0.68587
-0.80399
-0.85352
-0.74302
-0.78112
-0.84209
-0.72397
-0.84209
-0.74683
-0.78494
-0.77731
-0.69349
-0.77731
-0.75445
-0.65157
-0.6973
-0.70492
-0.74683
-0.82304
-0.78875
-0.75445
-0.79256
-0.6973
-0.72397
-0.68968
-0.82304
-0.75445
-0.71635
-0.78875
-0.78112
-0.67062
-0.76207
-0.68206
-0.76969
-0.83447
-0.75445
-0.76588
-0.46867
-0.60585
-0.76207
-0.66681
-0.68587
-0.65538
-0.65157
-0.68968
-0.60966
-0.65919
-0.56393
-0.70873
-0.63633
-0.52583
-0.61728
-0.52964
-0.63252
-0.61347
-0.66681
-0.67062
-0.53726
-0.65919
-0.67443
-0.64014
-0.69349
-0.8078
-0.65919
-0.60966
-0.62109
-0.68206
-0.20576
0.13336
0.35055
0.60966
0.84971
1.05166
1.22694
1.42889
1.51652
1.93185
2.03092
2.32813
2.45387
2.78538
2.73965
3.014
3.24262
3.47886
3.51316
3.84466
3.98183
4.06566
4.14949
4.01993
4.14187
4.09614
4.09995
4.11138
4.11519
4.15711
4.10757
4.07328
4.14949
4.17997
4.11519
4.07328
4.08471
4.0809
4.09233
4.1533
4.19902
4.13043
4.18759
4.24475
4.19902
4.14187
4.20664
4.20664
4.23712
4.29047
4.24094
4.17616
3.95135
3.84847
3.65033
3.23119
3.17403
2.97208
2.6482
2.49198
2.27098
2.09951
1.85184
1.73372
1.44032
1.30314
1.15835
1.00594
0.77731
0.47249
0.28959
0.2934
-0.04572
-0.19052
-0.36961
-0.67443
-0.76969
-0.86114
-1.18121
-1.27647
-1.51271
-1.70704
-1.88613
-2.03473
-2.40815
-2.56819
-2.67869
-3.02162
-3.07877
-3.29597
-3.57031
-3.68843
-3.83704
-3.70367
-3.67319
-3.64271
-3.70748
-3.65033
-3.59317
-3.51697
-3.65414
-3.6046
-3.58936
-3.44838
-3.6046
-3.63509
-3.58936
-3.56269
-3.58936
-3.59698
-3.57793
-3.61223
-3.58555
-3.5665
-3.53602
-3.5284
-3.53221
-3.65414
-3.50172
-3.57793
-3.67319
-3.60079
-3.57031
-3.63128
-3.61223
-3.69986
-3.81036
-3.81798
-4.0428
-4.29047
-4.38192
-4.70961
-4.80487
-5.09827
-5.1821
-5.47549
-5.58599
-5.65458
-5.50598
-5.69268
-5.65458
-5.6241
-5.56694
-5.53646
-5.52503
-5.49455
-5.55932
-5.63553
-5.60124
-5.56694
-5.5136
-5.57456
-5.68506
-5.66601
-5.61648
-5.54789
-5.6241
-5.50598
-5.65458
-5.62791
-5.47549
-5.53646
-5.60505
-5.7003
-5.54408
-5.58599
-5.6622
-5.57456
-5.56313
-5.68125
-5.70412
-5.50217
-5.60886
-5.55932
-5.60886
-5.57456
-5.56313
-5.49836
-5.64696
-5.59742
-5.52503
-5.56313
-5.64315
-5.54789
-5.61648
-5.59361
-5.57075
-5.54408
-5.60124
-5.60124
-5.43739
-5.33832
-5.22401
-5.14399
-4.94204
-4.60673
-4.37811
-4.31333
-4.01993
-3.85609
-3.67319
-3.42552
-3.35693
-3.20833
-2.93779
-2.73965
-2.52627
-2.22906
-2.07284
-1.88232
-1.64227
-1.48604
-1.37173
-0.97545
-0.96783
-0.65157
-0.53345
-0.23624
-0.0724
0.05716
0.28578
0.5144
0.68587
0.88781
1.18883
1.33363
1.55844
1.72228
1.74134
2.12237
2.36624
2.46531
2.65201
2.92255
3.09402
3.33026
3.52459
3.61223
3.86752
4.05042
4.23712
4.25999
4.32476
4.32476
4.1914
4.28285
4.32095
4.33238
4.34382
4.37049
4.31333
4.34
4.25237
4.37049
4.32476
4.37811
4.21426
4.24094
4.32095
4.35525
4.29428
4.33619
4.31714
4.28666
4.37049
4.30952
4.38573
4.24856
4.36668
4.35144
4.29428
4.43907
4.51147
4.70199
4.72104
5.01063
5.13256
5.23163
5.08303
4.87727
4.63721
4.42002
4.23712
4.16473
3.87895
3.70367
3.50554
3.22738
2.99495
2.78919
2.66725
2.52246
2.14142
2.14142
1.93567
1.71466
1.50509
1.26504
1.05547
0.86495
0.73921
0.51821
0.34293
0.08002
-0.02667
-0.2934
-0.42676
-0.80018
-0.95259
-0.97926
-1.34506
-1.66132
-1.62703
-1.90899
-2.17191
-2.34337
-2.64058
-2.62915
-3.00257
-3.18927
-3.37217
-3.5665
-3.65414
-3.89419
-3.97802
-4.31714
-4.5572
-4.73247
-4.95728
-5.01444
-5.14399
-5.43739
-5.64696
-5.93655
-6.15755
-6.23376
-6.49667
-6.69481
-6.76721
-7.03774
-7.17873
-7.54833
-7.79982
-7.56357
-7.32733
-7.12157
-6.89295
-6.73672
-6.42427
-6.22614
-6.1042
-5.66982
-5.44882
-5.2583
-5.03349
-4.84297
-4.62197
-4.43907
-4.24856
-3.88276
-3.65795
-3.42552
-3.31883
-2.97208
-2.8311
-2.57581
-2.38529
-2.10713
-1.76039
-1.60416
-1.31077
-1.25361
-1.04785
-0.66681
-0.52202
-0.28959
-0.04191
0.20195
0.31626
0.40771
0.48392
0.41914
0.47249
0.43819
0.40771
0.41533
0.52583
0.46105
0.38866
0.48773
0.56774
0.46105
0.52202
0.5144
0.48392
0.36579
0.5144
0.51059
0.48773
0.45343
0.45343
0.45724
0.48392
0.33531
0.44962
0.43438
0.48773
0.56012
0.48392
0.4763
0.34674
0.46105
0.46867
0.46867
0.4763
0.39247
0.4039
0.40009
0.43438
0.46105
0.43819
0.52583
0.42676
0.40771
0.52202
0.45724
0.5525
0.8078
0.90687
1.14692
1.34125
1.54701
1.75658
1.93948
2.21382
2.45006
2.54913
2.79681
2.89969
3.10545
3.4179
3.69224
3.77988
3.90943
4.29428
4.30571
4.45051
4.74771
4.94585
5.16304
5.37261
5.50598
5.78413
5.95179
6.08896
6.10039
6.48905
6.7291
6.56907
6.40141
5.96322
6.06991
5.86796
5.98227
6.02419
5.78032
5.54789
5.38404
5.00682
4.93823
4.67532
4.49623
4.20664
4.02755
3.75702
3.57793
3.26929
3.13212
2.86158
2.61391
2.35862
2.21763
1.95853
1.79468
1.48223
1.2498
1.04404
0.81923
0.59442
0.4039
0.03429
-0.04191
-0.31245
-0.60204
-0.84209
-1.01737
-1.2879
-1.52034
-1.7642
-1.96996
-2.12999
-2.3891
-2.73203
-2.77013
-3.1969
-3.28453
-3.66557
-3.84466
-4.00088
-4.30571
-4.58006
-4.6334
-4.95347
-5.10589
-5.34975
-5.67744
-5.75746
-5.93655
-6.26043
-6.36712
-6.61479
-6.83198
-7.23207
-7.36162
-7.54452
-7.7579
-8.10845
-8.28754
-8.50473
-8.56189
-8.51616
-8.48949
-8.53141
-8.50473
-8.57332
-8.50854
-8.53522
-8.64191
-8.51997
-8.59237
-8.67239
-8.66477
-8.55046
-8.58856
-8.66477
-8.51997
-8.64953
-8.58475
-8.53141
-8.63047
-8.57332
-8.6381
-8.47425
-8.69525
-8.58856
-8.50473
-8.55427
-8.31803
-8.22658
-7.95223
-7.73504
-7.51023
-7.36162
-6.98059
-6.77864
-6.40141
-6.14993
-5.95941
-5.61648
-5.50979
-5.18972
-4.9268
-4.58768
-4.30571
-4.12662
-3.87514
-3.54364
-3.30359
-3.23119
-2.9035
-2.63677
-2.30527
-1.99663
-1.74515
-1.57749
-1.37554
-1.16978
-0.87638
-0.52964
-0.2591
-0.09907
0.16004
0.2934
0.37723
0.4039
0.49535
0.39628
0.44581
0.5144
0.46105
0.38866
0.42295
0.41914
0.38104
0.48392
0.42676
0.52202
0.34293
0.48011
0.28197
0.38104
0.33912
0.44581
0.41533
0.39628
0.24386
0.42295
0.31626
0.35817
0.44962
0.60966
0.76588
0.7735
1.16597
1.35649
1.5813
1.7642
2.01187
2.10332
2.48055
2.80443
2.94541
3.10926
3.45219
3.59317
3.91705
4.04661
4.23712
4.44288
4.66008
4.99158
5.04873
5.46787
5.57075
5.79556
5.9556
5.89082
5.84891
5.95941
6.26805
6.51191
6.66433
6.84341
7.15205
7.52928
7.7198
7.54071
7.27399
6.99583
6.83579
6.56907
6.40141
6.16517
5.74984
6.05086
5.90987
5.66601
5.4793
5.2926
5.12113
4.73628
4.58006
4.31333
4.00469
3.75321
3.53983
3.32264
3.02924
2.7587
2.55675
2.22525
2.0233
1.71085
1.47842
1.25361
0.96402
0.81923
0.41533
0.28197
0.00381
-0.39247
-0.70492
-0.92211
-1.2117
-1.31077
-1.6194
-1.9128
-2.19096
-2.24049
-2.67488
-2.90731
-3.1969
-3.52459
-3.68843
-3.77226
-4.25237
-4.34
-4.66389
-4.95728
-5.17447
-5.44501
-5.60505
-5.8451
-6.29472
-6.46619
-6.73291
-7.00726
-7.26636
-7.53309
-7.75028
-8.03225
-8.2342
-8.52378
-8.72954
-9.03818
-9.263
-9.47638
-9.7431
-9.48781
-9.263
-8.99627
-8.66858
-8.62666
-8.11608
-7.87602
-7.57881
-7.29304
-7.04917
-6.80912
-6.52715
-6.19946
-5.84129
-5.52122
-5.35737
-4.94966
-4.90013
-4.40859
-4.16092
-3.89038
-3.62366
-3.33026
-3.05972
-2.84253
-2.52627
-2.17953
-1.87089
-1.57368
-1.34506
-1.04404
-0.73159
-0.47249
-0.24005
0.19433
0.19052
0.33912
0.44581
0.42295
0.32769
0.2934
0.38485
0.35817
0.34293
0.38866
0.33912
0.1486
0.21719
0.32769
0.30864
0.34293
0.31245
0.38485
0.32769
0.27816
0.42295
0.29721
0.34674
0.38866
0.33912
0.28578
0.30102
0.60966
0.88019
1.11644
1.36792
1.56606
1.83279
2.06903
2.32432
2.59867
2.91112
3.10545
3.41028
3.73416
3.95135
4.15711
4.47718
4.73628
5.01063
5.20496
5.42215
5.74222
5.89463
5.87558
5.85272
5.89463
6.2147
6.51191
6.7634
6.93486
7.27017
7.50261
7.80363
7.93318
8.32946
8.40185
8.56951
8.62666
8.56951
8.59237
8.58856
8.47044
8.64572
8.70668
8.5657
8.61523
8.6381
8.46663
8.57713
8.58856
8.60761
8.53522
8.53903
8.64572
8.40947
8.57713
8.50092
8.53903
8.66477
8.60761
8.60761
8.5276
8.44758
8.31803
8.07416
7.70837
7.55214
7.20921
6.90819
6.691
6.34807
6.16136
5.96322
5.96322
5.89463
5.67363
5.46787
5.09446
4.86965
4.61816
4.33619
3.88276
3.69605
3.25786
3.16641
2.95684
2.50722
2.33575
2.06903
1.79468
1.47842
1.16978
0.87257
0.59823
0.35817
-0.05335
-0.31626
-0.61728
-0.87257
-1.07071
-1.30695
-1.63846
-2.01568
-2.20239
-2.57962
-2.8311
-3.18546
-3.47124
-3.68081
-3.95516
-4.15711
-4.49623
-4.7782
-5.12113
-5.35737
-5.59742
-6.00513
-6.34045
-6.48143
-6.80912
-7.23588
-7.43402
-7.65502
-7.94842
-8.2723
-8.4933
-8.92768
-9.06867
-9.3392
-9.70881
-9.84217
-10.18129
-10.42897
-10.51279
-10.60805
-10.64997
-10.67664
-10.57376
-10.60805
-10.60805
-10.63854
-10.53566
-10.53566
-10.54328
-10.61567
-10.61186
-10.68807
-10.59281
-10.63092
-10.50517
-10.53566
-10.61567
-10.64616
-10.65378
-10.63473
-10.47469
-10.68045
-10.56995
-10.58519
-10.51661
-10.60805
-10.55852
-10.57376
-10.53566
-10.63473
-10.64235
-10.55852
-10.55852
-10.59662
-10.47088
-10.59662
-10.55471
-10.58138
-10.60805
-10.55471
-10.60805
-10.71855
-10.60424
-10.52804
-10.6614
-10.51279
-10.64616
-10.73761
-10.57757
-10.61948
-10.60805
-10.56995
-10.67283
-10.56995
-10.42135
-10.20797
-9.93743
-9.75453
-9.40779
-9.05724
-8.62666
-8.50473
-8.0132
-7.79219
-7.575
-7.25112
-6.77483
-6.43571
-6.22995
-5.85653
-5.60505
-5.2926
-4.9268
-4.67532
-4.43907
-4.01231
-3.69605
-3.48267
-3.31121
-2.89207
-2.45387
-2.17191
-1.77944
-1.48985
-1.14311
-0.92973
-0.64014
-0.33531
0.00762
0.19052
0.28959
0.31245
0.2934
0.38485
0.36198
0.3315
0.41533
0.37723
0.40771
0.31626
0.32388
0.38485
0.23624
0.29721
0.33912
0.35055
0.30102
0.29721
0.32388
0.32388
0.31626
0.28578
0.30864
0.26673
0.32769
0.35055
0.20195
0.35055
0.33531
0.5144
0.70111
0.97164
1.11644
1.48223
1.71847
1.93948
2.25574
2.62915
2.94922
3.14736
3.46743
3.84466
3.50554
4.45813
4.7058
4.98777
5.32689
5.58218
5.7346
6.02038
5.81462
5.80318
6.1385
6.47381
6.74815
6.97297
7.32733
7.55976
7.87983
8.07416
8.34089
8.62285
9.02294
9.24394
9.60212
9.23632
9.12963
8.82861
8.53903
8.14656
7.8303
7.41878
7.19397
6.88914
6.66433
6.30234
5.97465
5.80318
5.98989
5.79937
5.4793
5.23544
4.81249
4.67151
4.31333
4.03899
3.61604
3.35312
3.00257
2.7206
2.35862
2.07284
1.69561
1.53558
1.08976
0.79637
0.59061
0.28197
-0.12193
-0.45343
-0.72397
-1.18121
-1.37554
-1.73753
-2.01568
-2.37005
-2.69012
-2.89207
-3.17022
-3.55888
-3.87514
-4.1914
-4.48861
-4.89632
-5.19734
-5.41072
-5.79175
-6.10039
-6.34426
-6.74815
-6.98821
-7.3883
-7.80363
-8.03606
-8.38661
-8.61523
-8.83623
-9.24775
-9.55258
-9.89171
-10.24988
-10.54328
-10.74142
-11.05006
-11.40823
-11.48444
-11.65971
-11.56827
-11.60637
-11.60256
-11.6178
-11.62923
-11.55683
-11.67115
-11.56827
-11.69401
-11.64066
-11.77784
-11.70925
-11.6559
-11.49587
-11.61399
-11.69401
-11.65209
-11.50349
-11.57208
-11.61399
-11.59875
-11.53778
-11.69401
-11.57589
-11.59875
-11.70925
-11.64828
-11.56446
-11.57589
-11.6178
-11.64828
-11.63304
-11.6902
-11.5454
-11.63685
-11.63304
-11.6178
-11.69782
-11.64066
-11.58351
-11.62923
-11.62923
-11.54159
-11.62161
-11.62161
-11.59113
-11.6902
-11.72449
-11.68639
-11.67496
-11.7283
-11.64447
-11.67877
-11.59113
-11.57589
-11.56446
-11.55302
-11.60637
-11.61018
-11.7283
-11.58351
-11.38918
-11.00814
-10.73761
-10.22321
-9.99077
-9.43827
-9.25156
-8.94292
-8.72954
-8.24563
-7.89126
-7.55976
-7.25112
-6.96916
-6.63384
-6.29091
-5.86034
-5.61648
-5.28116
-4.83535
-4.41621
-4.13425
-3.99326
-3.41028
-3.16641
-2.78157
-2.46912
-2.01949
-1.74134
-1.41365
-1.04404
-0.79637
-0.38866
-0.01524
0.10669
0.27435
0.32388
0.36961
0.31245
0.40009
0.27816
0.32769
0.25148
0.2934
0.35436
0.31245
0.35817
0.24386
0.39628
0.35817
0.24005
0.27054
0.27435
0.28959
0.26292
0.35055
0.24767
0.30102
0.35436
0.32769
0.28197
0.38104
0.53726
0.7735
1.04023
1.38697
1.56987
1.97758
2.23287
2.58724
2.93017
3.20833
3.53602
3.97802
4.14949
4.61816
4.86965
5.08684
5.31165
5.76508
5.85653
5.79937
5.97465
6.15374
6.49286
6.85485
7.01488
7.43402
7.78838
8.00176
8.33708
8.72954
9.05724
9.27824
9.65165
9.77739
10.31466
10.35657
10.56995
10.53566
10.54328
10.56995
10.52423
10.50517
10.56233
10.48993
10.48612
10.55471
10.48993
10.47469
10.52423
10.47088
10.589
10.48612
10.48993
10.52042
10.5509
10.52804
10.5509
10.59281
10.58138
10.56614
10.53947
10.52423
10.56614
10.44802
10.4785
10.52423
10.40229
10.47469
10.51279
10.53566
10.50517
10.45183
10.49755
10.51661
10.5509
10.38705
9.99077
9.77358
9.35825
8.96198
8.7143
8.2723
8.14275
7.62835
7.35019
6.89676
6.62622
6.22232
5.95179
6.01275
5.94417
5.65839
5.34975
4.98396
4.67532
4.12662
3.90943
3.48267
3.2731
2.96065
2.58724
2.16048
1.93185
1.56606
1.15835
1.06309
0.54107
0.16004
-0.07621
-0.60204
-0.81161
-1.15454
-1.53939
-1.82135
-2.15667
-2.50722
-2.96065
-3.12831
-3.58936
-3.84466
-4.31333
-4.67913
-4.86584
-5.23163
-5.68887
-5.99751
-6.28329
-6.63765
-7.07966
-7.31209
-8.50092
-8.75241
-9.07629
-9.48019
-9.70881
-10.09747
-10.2956
-10.64616
-11.00052
-11.4349
-11.70163
-12.03694
-12.43322
-12.69613
-12.12077
-11.74735
-11.44633
-10.97385
-10.71093
-10.34133
-9.89552
-9.54496
-9.22489
-8.58475
-8.28754
-8.14656
-7.65121
-7.23207
-6.87009
-6.63003
-6.19946
-5.84129
-5.42977
-5.09446
-4.76296
-4.38573
-4.02374
-3.49791
-3.26167
-2.78919
-2.45768
-2.19096
-1.82135
-1.78325
-0.77731
-0.56012
-0.25529
0.06478
0.20576
0.28578
0.42676
0.33912
0.23624
0.30864
0.37342
0.38485
-0.06859
0.48011
0.50297
0.32007
0.34293
0.29721
0.40009
0.36961
0.44962
0.27816
0.30864
0.25148
0.38104
0.31245
0.27054
0.39628
0.30102
0.30864
0.21338
0.30483
0.30102
0.33531
0.37723
0.38866
0.67824
0.88781
1.36792
1.70323
1.90899
2.37767
2.75108
3.00257
3.34169
3.69605
4.01993
4.42383
4.57625
5.06778
5.39548
5.81843
5.85653
5.82224
6.05467
6.3595
6.60336
7.15586
7.33114
7.61692
8.02082
8.39042
8.87053
9.11439
9.35063
9.77739
10.08984
10.49755
10.82143
11.03863
11.34345
11.53778
11.6559
11.63685
11.36632
11.02338
10.7719
10.30704
10.01364
9.54496
9.16774
8.92768
8.56189
8.11608
7.59406
7.27017
7.01488
6.68338
6.20327
5.85272
5.98989
5.9175
5.46406
5.23925
4.67532
4.43145
3.96659
3.85228
3.25405
2.96065
2.57581
2.25574
1.85565
1.48223
1.29171
0.74302
0.23243
0.04572
-0.39628
-0.73921
-1.1012
-1.50509
-1.76801
-2.22525
-2.49579
-3.01019
-3.235
-3.66938
-4.06566
-4.53433
-4.84678
-5.07541
-5.5898
-5.85653
-6.30234
-6.55764
-6.89676
-7.39592
-7.73504
-8.13894
-8.54665
-8.79051
-9.30491
-9.484
-9.93743
-10.25369
-10.71093
-11.18342
-11.34345
-11.90358
-12.19317
-12.51705
-13.02001
-13.37438
-13.56871
-13.60681
-13.60681
-13.59919
-13.66778
-13.62967
-13.55347
-13.74779
-13.59157
-13.58395
-13.59919
-13.603
-13.62205
-13.72493
-13.56871
-13.6754
-13.65635
-13.62586
-13.59538
-13.58776
-13.66778
-13.68683
-13.5649
-13.54584
-13.72112
-13.69826
-13.73636
-13.59919
-13.59538
-13.57633
-13.68683
-13.64872
-13.65635
-13.72874
-13.603
-13.66778
-13.74017
-13.65253
-13.57252
-13.603
-13.72112
-13.70969
-13.6754
-13.58014
-13.6411
-13.63729
-13.57633
-13.57252
-13.58014
-13.85448
-13.63348
-13.65635
-13.7135
-13.66397
-13.72493
-13.59157
-13.75923
-13.63729
-13.64872
-13.5306
-13.61824
-13.65635
-13.68683
-13.67921
-13.50774
-13.5649
-13.32484
-13.06955
-12.77234
-12.22365
-11.8007
-11.55683
-11.24057
-10.7338
-10.38705
-9.91457
-9.54115
-8.99627
-8.64953
-8.0894
-7.9408
-7.3883
-7.0949
-6.5081
-6.45095
-5.85653
-5.5136
-5.07541
-4.68675
-4.31714
-3.87133
-3.45219
-3.11688
-2.77776
-2.2786
-2.01949
-1.67656
-1.12025
-0.64395
-0.20195
0.10669
0.1486
0.27816
0.27435
0.36961
0.32769
0.30102
0.34293
0.26673
0.25148
0.37723
0.25148
0.38104
0.35055
0.28578
0.26292
0.34293
0.23624
0.25148
0.30864
0.25148
0.31626
0.38866
0.36579
0.23243
0.31626
0.41533
0.33912
0.48011
0.13336
0.28578
0.24386
0.2934
0.27816
0.31245
0.35055
0.17909
0.30102
0.31245
0.34674
0.33912
0.32769
0.25148
0.35436
0.21338
0.28197
0.24386
0.36579
0.35055
0.40009
0.4039
0.2934
0.32007
0.34674
0.32769
0.38485
0.35055
0.32769
0.34293
0.33912
0.27816
0.2934
0.28959
0.32388
0.33531
0.49154
0.83828
1.13549
1.55463
1.82897
2.24049
2.62153
2.97208
3.37598
3.8218
4.07709
4.54576
4.91156
5.11351
5.52122
5.84129
5.77651
6.03943
6.26805
6.68338
7.12538
7.42259
7.85316
8.21515
8.46663
8.92387
9.23632
9.58307
10.10509
10.42897
10.81762
11.20247
11.54159
11.91882
12.25032
12.34939
12.47513
12.38368
12.45227
12.555
12.48656
12.57777
12.47513
12.58156
12.51324
12.52465
12.56638
12.53603
12.50562
12.57018
12.49037
12.53603
12.49799
12.5018
12.58156
12.50943
12.51324
12.47894
12.56259
12.53224
12.49037
12.39893
12.50562
12.4256
12.58535
12.60432
12.59294
12.47132
12.57397
12.53224
12.61191
12.29605
11.79689
11.5454
11.04625
10.61186
10.29941
9.93362
9.4497
9.08772
8.55046
8.2342
7.89507
7.3883
6.97678
6.63384
6.19565
5.75365
5.91369
5.65458
5.31165
5.04492
4.60292
4.13425
3.73797
3.3836
3.00638
2.51484
2.3167
1.8366
1.43651
1.03642
0.57536
0.1829
-0.16766
-0.50678
-1.03261
-1.37173
-1.74515
-2.25955
-2.58724
-2.99495
-3.37217
-3.73797
-4.2295
-4.5572
-5.0373
-5.2926
-5.92131
-6.11182
-6.60717
-6.94248
-7.36162
-7.74266
-8.15037
-8.53903
-8.88958
-9.35444
-9.90695
-10.19272
-10.59662
-10.93575
-11.3968
-11.77021
-12.19698
-12.58563
-12.85236
-13.35533
-13.70969
-14.23171
-14.50225
-14.59369
-14.66228
-14.63942
-14.7042
-14.68133
-14.57845
-14.58988
-14.60894
-14.5594
-14.71944
-14.58988
-14.73087
-14.57083
-14.58988
-14.65847
-14.67752
-14.58988
-14.70039
-14.56702
-14.69276
-14.51368
-14.1898
-13.81638
-13.50774
-12.93238
-12.51324
-12.05599
-11.52635
-11.34726
-10.76428
-10.2956
-9.97553
-9.51829
-9.03818
-8.64572
-8.32565
-7.76171
-7.46069
-7.01869
-6.54621
-6.14993
-5.66601
-5.20496
-4.93061
-4.40097
-3.97421
-3.53983
-3.08258
-2.69012
-2.25574
-1.86708
-1.44032
-1.07071
-0.45724
-0.06859
0.10669
0.29721
0.28197
0.28959
0.28578
0.29721
0.40009
0.37723
0.37723
0.30864
0.32388
0.26673
0.37342
0.31245
0.34674
0.40009
0.40009
0.33531
0.27816
0.32769
0.23243
0.35055
0.22481
0.35436
0.3315
0.41914
0.48011
0.80399
1.16597
1.58511
2.04998
2.41196
2.86158
3.22357
3.64652
4.06185
4.37811
4.72866
5.20115
5.52503
5.807
5.70793
6.00132
6.56145
6.77102
7.09109
7.56738
8.11989
8.43996
8.76003
9.28967
9.70119
9.95267
10.37562
10.83668
11.19866
11.57589
11.97597
12.44846
12.70676
13.21135
13.46555
13.52625
13.57178
13.52245
13.57936
13.63248
13.54142
13.64007
13.5566
13.54142
13.54522
13.50348
13.55281
13.60971
13.45037
13.56419
13.45037
13.56798
13.56419
13.50728
13.6173
13.56039
13.46555
13.60213
13.53004
13.32138
12.97613
12.49799
12.0941
11.57208
11.19485
10.81
10.24607
9.89933
9.35063
9.08772
8.55046
8.21515
7.75409
7.31209
6.66433
6.43571
6.03181
6.00894
5.83367
5.50217
4.99539
4.59911
4.12281
3.72654
3.29597
2.80443
2.59105
2.04998
1.69942
1.13168
0.78494
0.2934
0.02286
-0.5868
-0.8459
-1.54701
-1.82135
-2.24049
-2.62534
-3.06734
-3.49029
-3.92468
-4.34
-4.87727
-5.11732
-5.45644
-6.1385
-6.55764
-6.84722
-7.19397
-7.74647
-8.1237
-8.61142
-9.04199
-9.44208
-9.93362
-10.2575
-10.76428
-11.25201
-11.49587
-12.01408
-12.49799
-13.02382
-13.29436
-13.92307
-14.13264
-14.53273
-15.10428
-15.38625
-15.51961
-15.64155
-15.61106
-15.55391
-15.56153
-15.71775
-15.50056
-15.50437
-15.61868
-15.60725
-15.75967
-15.6606
-15.59201
-15.58058
-15.64917
-15.54248
-15.55391
-15.56915
-15.56534
-15.68727
-15.56153
-15.63392
-15.63773
-15.60725
-15.59963
-15.30623
-14.83375
-14.46414
-14.03357
-13.55728
-13.05431
-12.64279
-12.08266
-11.7664
-11.34726
-10.90145
-10.29941
-9.8879
-9.31253
-8.92768
-8.61904
-8.10845
-7.62835
-7.07966
-6.72148
-6.33283
-5.84891
-5.23925
-4.89632
-4.40478
-4.01231
-3.42933
-3.00257
-2.72822
-2.14905
-1.68799
-1.24218
-0.8078
-0.44581
0.13336
0.26673
0.25148
0.33912
0.33531
0.31626
0.2934
0.36198
0.34293
0.32769
0.34674
0.25148
0.25148
0.34293
0.29721
0.39247
0.36961
0.28578
0.29721
0.32388
0.39247
0.35436
0.30483
0.31245
0.27435
0.28959
0.36579
0.24386
0.27816
0.34674
0.44581
0.35436
0.35436
0.30102
0.29721
0.34674
0.40009
0.60966
1.10501
1.55844
2.02711
2.40434
2.87301
3.3455
3.87895
4.25618
4.72485
5.3307
5.74603
5.89463
5.97846
6.19946
6.71386
7.15586
7.63597
8.11608
8.72192
9.00389
9.60212
9.94886
10.33371
10.77571
11.24438
11.74354
12.18173
12.64606
13.13547
13.48831
13.94737
14.47852
14.98691
15.35113
15.46115
15.52186
15.48392
15.56359
15.556
15.50668
15.52944
15.53703
15.54841
15.63188
15.57497
15.57876
15.50289
15.54462
15.65464
15.58635
15.52565
15.59394
15.47633
15.58256
15.57118
15.48392
15.57497
15.54841
15.51047
15.51047
15.44977
15.09314
14.6834
14.03463
13.61351
13.21135
12.62709
12.07504
11.7283
11.07292
10.77571
10.25369
9.74691
9.30491
8.68763
8.24182
7.86078
7.20921
6.90057
6.30615
5.90987
5.96322
5.5898
5.19734
4.7782
4.29047
3.8218
3.25024
2.70155
2.35099
1.76039
1.30695
0.884
0.32769
-0.17528
-0.71254
-1.09738
-1.70323
-2.14524
-2.5377
-3.11307
-3.53221
-4.0428
-4.43526
-4.90775
-5.50217
-6.028
-6.3976
-6.88152
-7.3883
-7.87602
-8.28754
-8.93149
-9.28586
-9.84598
-10.39848
-10.86716
-11.24057
-11.79689
-12.22746
-12.7571
-13.27531
-13.6754
-14.21647
-14.71182
-15.24908
-15.81301
-16.29693
-16.62843
-17.08186
-17.37526
-17.59245
-17.6115
-17.56197
-17.58102
-17.56578
-17.61531
-17.44766
-17.60388
-17.65342
-17.65342
-17.58483
-17.67247
-17.54673
-17.65723
-17.59245
-17.66866
-17.66485
-17.65342
-17.56197
-17.6458
-17.64199
-17.64199
-17.34097
-17.05519
-16.41886
-15.79396
-15.3672
-14.87947
-14.39937
-13.85448
-13.3439
-12.9057
-12.25032
-11.75116
-11.43871
-10.79857
-10.20034
-9.71262
-9.17917
-8.76003
-8.10845
-7.65502
-7.22445
-7.33876
-5.99751
-5.5517
-5.01825
-4.67913
-4.06566
-3.54745
-3.10926
-2.56056
-2.1338
-1.49747
-1.07833
-0.37342
-0.03048
0.18671
0.28959
0.32388
0.34293
0.34293
0.36961
0.26292
0.38104
0.34293
0.45724
0.3315
0.33912
0.27816
0.31626
0.2934
0.30864
0.34674
0.27435
0.38485
0.26292
0.20957
0.35055
0.56774
1.10882
1.61178
2.1681
2.67107
3.23881
3.68843
4.11519
4.75152
5.25449
5.79175
5.83367
6.07372
6.53096
7.03393
7.46831
7.99033
8.47044
9.03818
9.63641
10.0365
10.51661
11.1034
11.56827
12.23127
12.70297
13.22273
13.67421
14.17501
14.8086
15.12729
15.73052
16.31479
16.79282
17.26706
17.36191
17.50608
17.48332
17.51746
17.58196
17.5554
17.44158
17.51367
17.50987
17.50229
17.4947
17.50229
17.54402
17.48332
17.47194
17.49849
17.42261
17.54402
17.35812
17.53264
17.42261
17.42641
17.47952
17.41123
17.13807
16.69039
16.10991
15.55979
14.91862
14.45197
13.85632
13.3669
12.85093
12.19317
11.63304
11.16818
10.53947
10.1089
9.58688
8.86291
8.3828
7.87983
7.45307
6.85866
6.26043
6.03943
5.75746
5.49836
4.94204
4.48861
3.73797
3.28453
2.65582
2.15286
1.63084
1.06309
0.55631
0.05335
-0.4763
-0.92973
-1.67656
-2.23287
-2.7587
-3.4179
-3.77607
-4.41621
-4.95728
-5.50598
-5.97084
-6.53477
-7.0606
-7.6093
-8.10845
-8.83242
-9.22489
-9.71262
-10.29941
-10.6995
-11.37775
-11.89977
-12.54753
-12.88284
-13.50774
-14.10978
-14.58988
-14.98997
-15.72537
-16.22834
-16.87991
-17.38288
-17.82488
-18.36977
-18.97942
-19.31855
-19.50906
-19.60813
-19.66529
-19.67672
-19.57384
-19.64624
-19.631
-19.61957
-19.62338
-19.631
-19.72245
-19.69577
-19.49382
-19.60813
-19.62719
-19.74912
-19.64243
-19.76817
-19.67672
-19.62338
-19.73388
-19.64624
-19.57003
-19.60813
-19.58527
-19.57003
-19.59289
-19.65767
-19.63481
-19.58146
-19.60051
-19.61194
-19.47858
-19.69577
-19.53955
-19.60051
-19.65767
-19.57765
-19.6691
-19.66529
-19.5586
-19.57765
-19.66148
-19.64243
-19.631
-19.61194
-19.53955
-19.49382
-19.60813
-19.54717
-19.631
-19.49763
-19.51288
-19.50144
-19.62719
-19.76436
-19.62338
-19.68434
-19.58908
-19.72626
-19.52431
-19.57003
-19.62338
-19.69577
-19.59289
-19.62338
-19.65005
-19.61575
-19.60051
-19.63862
-19.4481
-19.18518
-18.77747
-18.17544
-17.67247
-16.838
-16.54841
-15.7711
-15.23384
-14.71563
-14.20885
-13.55728
-13.01239
-12.36082
-11.92263
-11.09578
-10.73761
-9.97934
-9.62879
-9.00008
-8.51616
-7.74647
-7.31971
-6.57669
-6.19565
-5.55932
-4.91918
-4.49623
-3.82561
-3.18927
-2.69393
-2.15667
-1.52796
-1.04023
-0.43057
-0.08002
0.22481
0.3315
0.46867
0.32007
0.35055
0.36579
0.33531
0.44581
0.36961
0.32388
0.27435
0.37342
0.3315
0.33531
0.34674
0.32388
0.23243
0.41533
0.24005
0.36579
0.36579
0.32007
0.75064
1.31839
1.86708
2.34718
2.96065
3.60079
4.13425
4.6677
5.50217
5.86034
5.8451
6.23757
6.83579
7.4645
7.86459
8.47806
9.15249
9.63641
10.22321
10.82524
11.41966
11.86928
12.59674
13.01786
13.7463
14.1826
14.75548
15.32457
15.95436
16.58795
17.03563
17.65404
18.28004
18.75049
19.22094
19.41063
19.50548
19.59654
19.54721
19.51686
19.58515
19.5548
19.5586
19.62309
19.5586
19.52824
19.58136
19.64965
19.44857
19.52824
19.56998
19.56239
19.65724
19.52445
19.50169
19.52066
19.57377
19.54721
19.58515
19.45995
19.60792
19.56239
19.50928
19.47134
19.64206
19.46375
19.59274
19.52066
19.60033
19.4941
19.52445
19.54721
19.39166
18.98951
18.34454
17.83236
15.54082
15.07797
14.71375
14.23571
13.54901
13.04442
12.26937
11.75116
11.1034
10.589
9.97172
9.27062
8.68001
8.22277
7.5369
7.0606
6.23757
5.98227
5.75746
5.24306
4.74009
4.07709
3.50172
2.793
2.3167
1.71466
1.11263
0.44581
0.00381
-0.5868
-1.15073
-1.97758
-2.47674
-3.06353
-3.64271
-4.38192
-4.84678
-5.50598
-6.06229
-6.74815
-7.18254
-7.87602
-8.32946
-9.01151
-9.51448
-10.28798
-10.93575
-11.6178
-12.07123
-12.7571
-13.16862
-13.88878
-14.45652
-14.98997
-15.66441
-16.08355
-16.75036
-17.43242
-17.98111
-18.66316
-19.20424
-19.71863
-20.43117
-20.92652
-21.5057
-21.50189
-21.70383
-21.60095
-21.8029
-21.68859
-21.68859
-21.68478
-21.54761
-21.56285
-21.71146
-21.57809
-21.55523
-21.62763
-21.71527
-21.56285
-21.85625
-21.62763
-21.65049
-21.63525
-21.50951
-21.04845
-20.74743
-19.99298
-19.49001
-18.69746
-18.19449
-17.44004
-17.00185
-16.19405
-15.71775
-15.00902
-14.42604
-13.8964
-13.19529
-12.53229
-12.02551
-11.29392
-10.55852
-9.99459
-9.52591
-8.73717
-8.23039
-7.47212
-6.92724
-6.27567
-5.57837
-5.04492
-4.29428
-3.79131
-3.02924
-2.53008
-1.70323
-1.22313
-0.4039
-0.13336
0.21719
0.37342
0.34293
0.37342
0.41152
0.35817
0.442
0.27054
0.41152
0.34293
0.31626
0.32388
0.33912
0.36961
0.35055
0.28959
0.23624
0.28197
0.28578
0.35817
0.40771
0.27054
0.34293
0.3315
0.25529
0.34674
0.31245
0.3315
0.31245
0.32007
0.15622
0.26673
0.32769
0.34674
0.35055
0.27435
0.36961
0.36579
0.35055
0.2591
0.22862
0.221
0.31245
0.663
1.00213
1.85946
2.2786
3.07877
3.64271
4.46575
4.80868
5.72698
5.77651
6.20327
6.72148
7.54071
8.03987
8.72192
9.43065
10.04412
10.78333
11.37013
12.00646
12.69538
13.40105
13.98911
14.75928
15.32836
16.06059
16.70556
17.52884
17.91962
18.73531
19.25129
19.92661
20.54881
21.29242
21.99051
22.32058
22.58995
22.52924
22.3092
21.88807
21.28483
20.63987
19.83935
19.21714
18.48112
17.85512
17.06978
16.35273
15.79122
15.03244
14.41782
13.75388
12.96095
12.30748
11.63685
10.91288
10.29941
9.55258
8.95055
8.27611
7.55595
6.85485
6.05467
6.03943
5.57837
4.96109
4.2638
3.49029
2.77776
2.12237
1.45556
0.79256
-0.01524
-0.62109
-1.3222
-1.99282
-2.65963
-3.456
-4.02755
-4.66008
-5.27354
-6.028
-6.88533
-7.47212
-8.19228
-8.88577
-9.54115
-10.17748
-11.01957
-11.67115
-12.2808
-13.0162
-13.60681
-14.37269
-14.98997
-15.79015
-16.35789
-17.18855
-17.84013
-18.42692
-19.21567
-19.81008
-20.55691
-21.16276
-21.86387
-22.60308
-23.39564
-24.05864
-24.42062
-24.67211
-24.60733
-24.60352
-24.66068
-24.68354
-24.61876
-24.66449
-24.61876
-24.57685
-24.68354
-24.67592
-24.61114
-24.61876
-24.63781
-24.54637
-24.54256
-24.63019
-24.61876
-24.37871
-23.89479
-23.39183
-22.66405
-21.8029
-21.2885
-20.51119
-19.631
-19.0061
-18.37358
-17.38669
-16.91802
-15.90065
-15.51199
-14.58988
-13.98023
-13.23339
-12.48656
-11.66352
-11.18342
-10.33752
-9.50305
-9.03056
-8.43996
-7.63597
-6.8739
-6.19565
-5.41834
-4.72485
-3.91705
-3.34931
-2.53008
-1.7642
-1.04785
-0.43438
0.27054
0.45724
0.7735
1.50509
2.22906
2.89969
3.6389
4.28285
5.17066
5.67744
5.96703
6.61479
7.22445
8.13894
8.83623
9.49162
10.22321
11.28249
11.73973
12.68779
13.23791
14.14845
14.70995
15.37389
16.19717
17.17601
17.66922
18.64426
19.25888
19.92661
20.67022
21.64146
22.10053
23.10213
23.63328
24.48691
24.95736
25.40884
25.52265
25.54921
25.47333
25.58715
25.59853
25.52645
25.64027
25.55301
25.53783
25.57577
25.56059
25.53024
25.51886
25.6175
25.58715
25.59094
25.52645
25.46574
25.45436
25.16602
24.43
23.76986
23.02625
22.08535
21.44797
20.62848
19.83555
18.98951
18.23831
17.38847
16.73971
15.89745
15.21834
14.304
13.71974
12.72573
12.18173
11.4349
10.53947
9.65546
9.00389
8.27992
7.43021
6.66052
6.16898
5.76889
5.1478
4.35144
3.55507
2.88826
2.0576
1.23456
0.63252
-0.15241
-0.92592
-1.62703
-2.62534
-3.28834
-4.24094
-4.87727
-5.68506
-6.43952
-7.26255
-7.92175
-8.82861
-9.40017
-10.36419
-10.93193
-11.82356
-12.49037
-13.40486
-14.09835
-14.94425
-15.63011
-16.57508
-17.15426
-18.07637
-18.78129
-19.57765
-20.15683
-21.1018
-21.8029
-22.58403
-23.11367
-24.11961
-24.82833
-25.69329
-26.41725
-27.17552
-27.54512
-27.44224
-27.70135
-27.56036
-27.62133
-27.56798
-27.71278
-27.68611
-27.57561
-27.56417
-27.70135
-27.65562
-27.57561
-27.57561
-27.55274
-27.62133
-27.62895
-27.54893
-27.73183
-27.73183
-27.44986
-27.30507
-26.88974
-25.9943
-25.33511
-24.40538
-23.85288
-22.85837
-22.19156
-21.39901
-20.51119
-19.6691
-18.90703
-17.96206
-17.32573
-16.35408
-15.6263
-14.80326
-14.05262
-13.15719
-12.52848
-11.59875
-10.98909
-10.06317
-9.37731
-8.42472
-7.67026
-6.8015
-6.05848
-5.28498
-4.48861
-3.55126
-2.81967
-1.97758
-1.30695
-0.53345
0.02667
0.21338
0.33912
0.36198
0.2934
0.32388
0.33531
0.35055
0.27816
0.36579
0.4039
0.28197
0.38866
0.33531
0.27054
0.2934
0.37723
0.24005
0.30483
0.15622
0.36198
0.41914
0.30864
0.38104
0.36579
0.2591
0.25148
0.28197
0.33912
0.52202
1.45175
2.11475
2.81967
3.64652
4.64102
5.38404
5.70793
6.33283
7.25493
8.02463
8.90101
9.68214
10.44421
11.14913
12.2427
13.02166
13.73112
14.72892
15.41563
16.23891
17.1836
17.96135
18.87569
19.56618
20.56399
21.18619
22.15364
22.85552
23.80021
24.55141
25.37469
26.22453
27.02126
27.75728
28.35293
28.50848
28.63368
28.59194
28.59194
28.56918
28.51606
28.56539
28.59574
28.62229
28.63747
28.53883
28.4933
28.47433
28.62988
28.51986
28.50848
28.52365
28.61091
28.53883
28.56918
28.53503
28.50089
28.51227
28.53503
28.33396
27.81039
27.00608
26.10692
25.19638
24.3693
23.61051
22.6165
21.77805
20.9282
20.03663
19.03883
18.35592
17.4302
16.64486
15.59015
14.98312
13.75388
13.22273
12.23508
11.51111
10.54328
9.70881
8.93911
8.01701
7.17492
6.18422
5.9937
5.25449
4.56482
3.68081
2.69393
1.9471
1.1012
0.32388
-0.64014
-1.40983
-2.43863
-3.21976
-4.00469
-4.91918
-5.65077
-6.67576
-7.37687
-8.40947
-9.1906
-10.20416
-10.87859
-11.92644
-12.61231
-13.51155
-14.21266
-15.1462
-16.06831
-16.84181
-17.71438
-18.58696
-19.34141
-20.17969
-21.17038
-21.97056
-22.8317
-23.79572
-24.64544
-25.45704
-26.48584
-27.11074
-28.1243
-28.73777
-29.80467
-30.41433
-30.63914
-30.52102
-30.662
-30.71154
-30.60866
-30.67724
-30.58198
-30.57817
-30.59722
-30.59722
-30.62009
-30.67343
-30.7344
-30.72297
-30.61247
-30.63914
-30.52864
-30.54007
-30.66962
-30.7344
-30.63533
-30.71154
-30.70391
-30.55531
-29.97614
-29.56081
-28.4558
-27.70516
-26.80972
-25.91429
-25.09887
-24.15009
-23.2356
-22.37827
-21.40663
-20.67504
-19.51288
-18.81939
-17.7944
-16.78846
-15.93494
-15.14239
-14.38412
-13.52298
-12.66184
-11.63304
-10.54328
-9.86503
-8.8972
-8.20371
-7.03393
-6.39379
-5.35737
-4.67532
-3.50172
-2.91112
-1.82897
-1.00213
0.13717
0.07621
0.18671
0.25148
0.663
1.44413
2.37386
3.35312
4.14187
5.28498
5.75746
6.49286
7.48356
8.34851
9.48019
10.26512
11.15675
12.15887
13.26826
14.19777
15.17281
16.09474
17.11531
18.08655
19.03883
19.91902
20.96994
21.89945
22.8062
23.89126
24.82836
25.90963
26.78983
27.89765
28.73611
29.82118
30.59134
31.66123
32.6173
33.19777
33.47852
33.44817
33.56199
33.47094
33.54682
33.51267
33.5544
33.56578
33.57337
33.48611
33.55061
33.53923
33.57337
33.55061
33.55061
33.46335
33.57717
33.5582
33.44438
33.57337
33.47473
33.41403
33.23951
32.49969
31.56638
30.51167
29.47972
28.51227
27.38168
26.51287
25.46954
24.57038
23.3677
22.54442
21.3038
20.57916
19.3082
18.48491
17.5554
16.53863
15.64705
14.50888
13.6173
12.36463
11.59113
10.54709
9.59069
8.47806
7.35019
6.49286
6.08896
5.37261
4.29809
3.31121
2.28241
1.32601
0.22481
-0.72016
-1.77944
-2.96065
-3.6046
-4.5953
-5.75365
-6.56907
-7.71218
-8.7143
-9.7812
-10.60424
-11.6178
-12.77234
-13.7135
-14.73468
-15.56534
-16.70845
-17.67247
-18.71651
-19.79484
-20.76648
-21.79528
-22.58403
-23.83383
-24.64925
-25.78473
-26.68017
-27.87281
-28.65013
-29.80467
-30.56674
-31.58792
-32.63958
-34.06085
-34.62478
-35.35256
-35.60023
-35.65739
-35.63453
-35.68787
-35.64215
-35.63834
-35.68025
-35.69549
-35.64596
-35.77932
-35.60023
-35.62309
-35.72216
-35.59642
-35.61928
-35.80599
-35.59642
-35.71454
-35.69549
-35.64977
-35.68787
-35.61928
-35.59642
-35.61928
-34.8534
-33.91986
-32.88344
-32.15566
-30.79917
-29.86563
-28.80635
-27.87281
-26.764
-25.78092
-24.62638
-23.62807
-22.75549
-21.5438
-20.67885
-19.63481
-18.61744
-17.56959
-16.70083
-15.37863
-14.35745
-13.1991
-12.33034
-11.06911
-10.28417
-8.9696
-8.35994
-7.33876
-6.33283
-5.25068
-4.119
-3.24262
-2.01187
-1.14692
-0.1486
0.10669
0.23624
0.14479
0.36579
0.2934
0.4039
0.32388
0.32769
0.20195
0.31626
0.30864
0.32388
0.34293
0.26292
0.24767
0.28197
0.51059
1.08214
2.30527
3.3455
4.5572
5.38785
6.04705
6.93486
8.16561
9.22489
10.39848
11.62542
12.56259
13.79562
14.89206
16.03024
17.13428
18.07517
19.31199
20.40464
21.54662
22.65824
23.85712
24.83595
25.98172
27.0592
28.23152
29.40005
30.44338
31.59674
32.73871
33.83515
34.95816
36.02046
37.07138
37.9288
38.34993
38.51307
38.4941
38.45616
38.59274
38.50928
38.49789
38.5548
38.52824
38.51307
38.47892
38.49789
38.53963
38.53204
38.53204
38.52066
38.47513
38.47134
38.00089
37.16622
35.808
34.91263
33.5544
32.54142
31.39186
30.2461
29.14965
27.87868
26.88847
25.56818
24.40344
23.46255
22.19917
21.18619
20.02146
18.77325
17.62749
16.65245
15.40804
14.19398
13.14686
12.07504
10.90145
9.65546
8.58094
7.4645
6.32139
5.75365
4.72485
3.49791
2.47293
1.40221
0.17147
-1.00975
-2.12237
-3.36074
-4.48099
-5.63172
-6.57669
-7.68931
-8.92387
-10.14319
-11.20628
-12.26175
-13.46964
-14.63561
-15.74824
-17.0971
-17.98873
-19.16994
-20.35878
-21.44854
-22.76693
-23.85288
-24.86263
-26.15434
-27.28602
-28.39102
-29.6675
-30.60485
-31.99563
-32.91012
-34.27804
-35.16585
-36.52234
-37.59686
-38.5647
-39.71543
-40.50036
-40.5499
-40.64134
-40.81281
-40.67945
-40.71755
-40.69469
-40.68707
-40.64515
-40.65278
-40.76709
-40.71755
-40.57657
-40.61467
-40.67564
-40.63753
-40.61467
-40.64134
-40.59181
-40.22601
-39.50205
-38.33607
-37.01769
-35.96222
-34.61335
-33.62646
-32.48335
-31.22974
-30.27334
-28.99306
-27.73183
-26.50489
-25.41894
-24.23392
-22.96125
-21.95151
-20.67885
-19.57384
-18.36215
-17.07043
-16.06831
-14.81089
-13.57252
-12.49037
-11.37775
-10.16224
-9.01913
-7.78838
-6.60717
-5.38404
-4.22569
-3.13593
-1.92804
-0.66681
0.01143
0.1829
0.28578
0.35817
0.31626
0.2934
0.38485
0.36198
0.28197
0.34674
0.32388
0.32769
0.25529
0.30483
0.28959
0.28578
0.28578
0.27816
0.3315
0.20576
0.3315
0.38866
0.28578
0.32007
0.25148
0.24005
0.28197
0.2591
0.37723
0.2934
0.3315