-3.00342e-05 -2.5e-05
-6.00684e-05 -5e-05
-9.01025e-05 -7.5e-05
-0.000120137 -0.0001
-0.000150171 -0.000125
-0.000180205 -0.00015
-0.000210239 -0.000175
-0.000240273 -0.0002
-0.000270308 -0.000225
-0.000300342 -0.00025
-0.000330376 -0.000275
-0.00036041 -0.0003
-0.000390444 -0.000325
-0.000420478 -0.00035
-0.000450513 -0.000375
-0.000480547 -0.0004
-0.000510581 -0.000425
-0.000540615 -0.00045
-0.000570649 -0.000475
-0.000600684 -0.0005
-0.000630718 -0.000525
-0.000660752 -0.00055
-0.000690786 -0.000575
-0.00072082 -0.0006
-0.000750854 -0.000625
-0.00077933 -0.00065
-0.000807736 -0.000675
-0.000836142 -0.0007
-0.000864548 -0.000725
-0.000892954 -0.00075
-0.00092136 -0.000775
-0.000949766 -0.0008
-0.000978172 -0.000825
-0.00100658 -0.00085
-0.00103498 -0.000875
-0.00106339 -0.0009
-0.0010918 -0.000925
-0.0011202 -0.00095
-0.00114861 -0.000975
-0.00117701 -0.001
-0.00120542 -0.001025
-0.00123383 -0.00105
-0.00126223 -0.001075
-0.00129064 -0.0011
-0.00131904 -0.001125
-0.00134745 -0.00115
-0.00137585 -0.001175
-0.00140426 -0.0012
-0.00143151 -0.001225
-0.00145848 -0.00125
-0.00142863 -0.001225
-0.00139878 -0.0012
-0.00136893 -0.001175
-0.00133909 -0.00115
-0.00130924 -0.001125
-0.00127939 -0.0011
-0.00124955 -0.001075
-0.0012197 -0.00105
-0.00118985 -0.001025
-0.00116001 -0.001
-0.00113016 -0.000975
-0.00110031 -0.00095
-0.00107046 -0.000925
-0.00104062 -0.0009
-0.00101077 -0.000875
-0.000980924 -0.00085
-0.000951077 -0.000825
-0.00092123 -0.0008
-0.000891383 -0.000775
-0.000861536 -0.00075
-0.000831689 -0.000725
-0.000801842 -0.0007
-0.000771994 -0.000675
-0.000742147 -0.00065
-0.0007123 -0.000625
-0.000682453 -0.0006
-0.000652606 -0.000575
-0.000622759 -0.00055
-0.000592912 -0.000525
-0.000563065 -0.0005
-0.000533218 -0.000475
-0.000503371 -0.00045
-0.000473524 -0.000425
-0.000443677 -0.0004
-0.00041383 -0.000375
-0.000383983 -0.00035
-0.000354136 -0.000325
-0.000324289 -0.0003
-0.000294442 -0.000275
-0.000264595 -0.00025
-0.000234748 -0.000225
-0.000204901 -0.0002
-0.000175054 -0.000175
-0.00015 -0.00015
-0.000125 -0.000125
-0.0001 -0.0001
-7.5e-05 -7.5e-05
-5e-05 -5e-05
-2.5e-05 -2.5e-05
-6.09864e-20 -6.09864e-20
2.5e-05 2.5e-05
5e-05 5e-05
7.5e-05 7.5e-05
0.0001 0.0001
0.000125 0.000125
0.0001 0.0001
7.5e-05 7.5e-05
5e-05 5e-05
2.5e-05 2.5e-05
-4.74338e-20 -4.74338e-20
-2.5e-05 -2.5e-05
-5e-05 -5e-05
-7.5e-05 -7.5e-05
-0.0001 -0.0001
-0.000125 -0.000125
-0.00015 -0.00015
-0.000175054 -0.000175
-0.000204901 -0.0002
-0.000234748 -0.000225
-0.000264595 -0.00025
-0.000294442 -0.000275
-0.000324289 -0.0003
-0.000354136 -0.000325
-0.000383983 -0.00035
-0.00041383 -0.000375
-0.000443677 -0.0004
-0.000473524 -0.000425
-0.000503371 -0.00045
-0.000533218 -0.000475
-0.000563065 -0.0005
-0.000592912 -0.000525
-0.000622759 -0.00055
-0.000652606 -0.000575
-0.000682453 -0.0006
-0.0007123 -0.000625
-0.000742147 -0.00065
-0.000771994 -0.000675
-0.000801842 -0.0007
-0.000831689 -0.000725
-0.000861536 -0.00075
-0.000891383 -0.000775
-0.00092123 -0.0008
-0.000951077 -0.000825
-0.000980924 -0.00085
-0.00101077 -0.000875
-0.00104062 -0.0009
-0.00107046 -0.000925
-0.00110031 -0.00095
-0.00113016 -0.000975
-0.00116001 -0.001
-0.00118985 -0.001025
-0.0012197 -0.00105
-0.00124955 -0.001075
-0.00127939 -0.0011
-0.00130924 -0.001125
-0.00133909 -0.00115
-0.00136893 -0.001175
-0.00139878 -0.0012
-0.00142863 -0.001225
-0.00145848 -0.00125
-0.00148544 -0.001275
-0.00151241 -0.0013
-0.00153937 -0.001325
-0.00156634 -0.00135
-0.0015933 -0.001375
-0.00162027 -0.0014
-0.00164723 -0.001425
-0.0016742 -0.00145
-0.00170116 -0.001475
-0.00172813 -0.0015
-0.0017551 -0.001525
-0.00178206 -0.00155
-0.00180903 -0.001575
-0.00183599 -0.0016
-0.00186296 -0.001625
-0.00188992 -0.00165
-0.00191689 -0.001675
-0.00194385 -0.0017
-0.00197082 -0.001725
-0.0019977 -0.00175
-0.00202382 -0.001775
-0.00204993 -0.0018
-0.00207604 -0.001825
-0.00210216 -0.00185
-0.00212827 -0.001875
-0.00215438 -0.0019
-0.00218049 -0.001925
-0.00220661 -0.00195
-0.00223272 -0.001975
-0.00225883 -0.002
-0.00228495 -0.002025
-0.00231106 -0.00205
-0.00233717 -0.002075
-0.00236329 -0.0021
-0.0023894 -0.002125
-0.00241551 -0.00215
-0.00244163 -0.002175
-0.00246774 -0.0022
-0.00249385 -0.002225
-0.00251997 -0.00225
-0.00254606 -0.002275
-0.00257202 -0.0023
-0.00259799 -0.002325
-0.00262396 -0.00235
-0.00264993 -0.002375
-0.0026759 -0.0024
-0.00270186 -0.002425
-0.00272783 -0.00245
-0.0027538 -0.002475
-0.00277977 -0.0025
-0.00280574 -0.002525
-0.0028317 -0.00255
-0.00285767 -0.002575
-0.00288364 -0.0026
-0.00290961 -0.002625
-0.00293558 -0.00265
-0.00296154 -0.002675
-0.00298751 -0.0027
-0.00301348 -0.002725
-0.00303945 -0.00275
-0.00306542 -0.002775
-0.00309118 -0.0028
-0.00311659 -0.002825
-0.00314201 -0.00285
-0.00316742 -0.002875
-0.00319283 -0.0029
-0.00321824 -0.002925
-0.00324365 -0.00295
-0.00326906 -0.002975
-0.00329447 -0.003
-0.00331988 -0.003025
-0.00334529 -0.00305
-0.0033707 -0.003075
-0.00339611 -0.0031
-0.00342152 -0.003125
-0.00344693 -0.00315
-0.00347234 -0.003175
-0.00349776 -0.0032
-0.00352317 -0.003225
-0.00354858 -0.00325
-0.00357399 -0.003275
-0.00359939 -0.0033
-0.0036246 -0.003325
-0.00364981 -0.00335
-0.00367501 -0.003375
-0.00370022 -0.0034
-0.00372543 -0.003425
-0.00375063 -0.00345
-0.00377584 -0.003475
-0.00380105 -0.0035
-0.00382625 -0.003525
-0.00385146 -0.00355
-0.00387666 -0.003575
-0.00390187 -0.0036
-0.00392708 -0.003625
-0.00395228 -0.00365
-0.00397749 -0.003675
-0.0040027 -0.0037
-0.0040279 -0.003725
-0.00405311 -0.00375
-0.00402547 -0.003725
-0.00399783 -0.0037
-0.00397019 -0.003675
-0.00394255 -0.00365
-0.00391491 -0.003625
-0.00388728 -0.0036
-0.00385964 -0.003575
-0.003832 -0.00355
-0.00380436 -0.003525
-0.00377672 -0.0035
-0.00374908 -0.003475
-0.00372144 -0.00345
-0.0036938 -0.003425
-0.00366616 -0.0034
-0.00363852 -0.003375
-0.00361088 -0.00335
-0.00358324 -0.003325
-0.0035556 -0.0033
-0.00352797 -0.003275
-0.00350033 -0.00325
-0.00347269 -0.003225
-0.00344505 -0.0032
-0.00341741 -0.003175
-0.00338977 -0.00315
-0.00336213 -0.003125
-0.00333449 -0.0031
-0.00330685 -0.003075
-0.00327921 -0.00305
-0.00325157 -0.003025
-0.00322393 -0.003
-0.00319629 -0.002975
-0.00316866 -0.00295
-0.00314102 -0.002925
-0.00311338 -0.0029
-0.00308574 -0.002875
-0.0030581 -0.00285
-0.00303046 -0.002825
-0.00300282 -0.0028
-0.00297518 -0.002775
-0.00294754 -0.00275
-0.0029199 -0.002725
-0.00289226 -0.0027
-0.00286462 -0.002675
-0.00283698 -0.00265
-0.00280935 -0.002625
-0.00278171 -0.0026
-0.00275407 -0.002575
-0.00272643 -0.00255
-0.00269879 -0.002525
-0.00267115 -0.0025
-0.00264351 -0.002475
-0.00261587 -0.00245
-0.00258823 -0.002425
-0.00256059 -0.0024
-0.00253295 -0.002375
-0.00250531 -0.00235
-0.00247768 -0.002325
-0.00245004 -0.0023
-0.0024224 -0.002275
-0.00239476 -0.00225
-0.00236712 -0.002225
-0.00233948 -0.0022
-0.00231184 -0.002175
-0.0022842 -0.00215
-0.00225656 -0.002125
-0.00222892 -0.0021
-0.00220128 -0.002075
-0.00217364 -0.00205
-0.002146 -0.002025
-0.00211837 -0.002
-0.00209073 -0.001975
-0.00206309 -0.00195
-0.00203545 -0.001925
-0.00200781 -0.0019
-0.00198017 -0.001875
-0.00195253 -0.00185
-0.00192489 -0.001825
-0.00189725 -0.0018
-0.00186961 -0.001775
-0.00184197 -0.00175
-0.00181433 -0.001725
-0.00178669 -0.0017
-0.00175906 -0.001675
-0.00173142 -0.00165
-0.00170378 -0.001625
-0.00167614 -0.0016
-0.0016485 -0.001575
-0.00162086 -0.00155
-0.00159322 -0.001525
-0.00156558 -0.0015
-0.00153794 -0.001475
-0.0015103 -0.00145
-0.00148266 -0.001425
-0.00145502 -0.0014
-0.00142738 -0.001375
-0.00139975 -0.00135
-0.00137211 -0.001325
-0.00134447 -0.0013
-0.00131683 -0.001275
-0.00128919 -0.00125
-0.00126155 -0.001225
-0.00123391 -0.0012
-0.00120627 -0.001175
-0.00117863 -0.00115
-0.00115099 -0.001125
-0.00112335 -0.0011
-0.00109571 -0.001075
-0.00106808 -0.00105
-0.00104044 -0.001025
-0.0010128 -0.001
-0.000985157 -0.000975
-0.000957518 -0.00095
-0.000929879 -0.000925
-0.00090224 -0.0009
-0.000875 -0.000875
-0.00085 -0.00085
-0.000825 -0.000825
-0.0008 -0.0008
-0.000775 -0.000775
-0.00075 -0.00075
-0.000725 -0.000725
-0.0007 -0.0007
-0.000675 -0.000675
-0.00065 -0.00065
-0.000625 -0.000625
-0.0006 -0.0006
-0.000575 -0.000575
-0.00055 -0.00055
-0.000525 -0.000525
-0.0005 -0.0005
-0.000475 -0.000475
-0.00045 -0.00045
-0.000425 -0.000425
-0.0004 -0.0004
-0.000375 -0.000375
-0.00035 -0.00035
-0.000325 -0.000325
-0.0003 -0.0003
-0.000275 -0.000275
-0.00025 -0.00025
-0.000225 -0.000225
-0.0002 -0.0002
-0.000175 -0.000175
-0.00015 -0.00015
-0.000125 -0.000125
-0.0001 -0.0001
-7.5e-05 -7.5e-05
-5e-05 -5e-05
-2.5e-05 -2.5e-05
-6.09864e-20 -6.09864e-20
2.5e-05 2.5e-05
5e-05 5e-05
7.5e-05 7.5e-05
0.0001 0.0001
0.000125 0.000125
0.00015 0.00015
0.000175 0.000175
0.0002 0.0002
0.000225 0.000225
0.00025 0.00025
0.000275 0.000275
0.0003 0.0003
0.000325 0.000325
0.00035 0.00035
0.000375 0.000375
0.00035 0.00035
0.000325 0.000325
0.0003 0.0003
0.000275 0.000275
0.00025 0.00025
0.000225 0.000225
0.0002 0.0002
0.000175 0.000175
0.00015 0.00015
0.000125 0.000125
0.0001 0.0001
7.5e-05 7.5e-05
5e-05 5e-05
2.5e-05 2.5e-05
-4.74338e-20 -4.74338e-20
-2.5e-05 -2.5e-05
-5e-05 -5e-05
-7.5e-05 -7.5e-05
-0.0001 -0.0001
-0.000125 -0.000125
-0.00015 -0.00015
-0.000175 -0.000175
-0.0002 -0.0002
-0.000225 -0.000225
-0.00025 -0.00025
-0.000275 -0.000275
-0.0003 -0.0003
-0.000325 -0.000325
-0.00035 -0.00035
-0.000375 -0.000375
-0.0004 -0.0004
-0.000425 -0.000425
-0.00045 -0.00045
-0.000475 -0.000475
-0.0005 -0.0005
-0.000525 -0.000525
-0.00055 -0.00055
-0.000575 -0.000575
-0.0006 -0.0006
-0.000625 -0.000625
-0.00065 -0.00065
-0.000675 -0.000675
-0.0007 -0.0007
-0.000725 -0.000725
-0.00075 -0.00075
-0.000775 -0.000775
-0.0008 -0.0008
-0.000825 -0.000825
-0.00085 -0.00085
-0.000875 -0.000875
-0.00090224 -0.0009
-0.000929879 -0.000925
-0.000957518 -0.00095
-0.000985157 -0.000975
-0.0010128 -0.001
-0.00104044 -0.001025
-0.00106808 -0.00105
-0.00109571 -0.001075
-0.00112335 -0.0011
-0.00115099 -0.001125
-0.00117863 -0.00115
-0.00120627 -0.001175
-0.00123391 -0.0012
-0.00126155 -0.001225
-0.00128919 -0.00125
-0.00131683 -0.001275
-0.00134447 -0.0013
-0.00137211 -0.001325
-0.00139975 -0.00135
-0.00142738 -0.001375
-0.00145502 -0.0014
-0.00148266 -0.001425
-0.0015103 -0.00145
-0.00153794 -0.001475
-0.00156558 -0.0015
-0.00159322 -0.001525
-0.00162086 -0.00155
-0.0016485 -0.001575
-0.00167614 -0.0016
-0.00170378 -0.001625
-0.00173142 -0.00165
-0.00175906 -0.001675
-0.00178669 -0.0017
-0.00181433 -0.001725
-0.00184197 -0.00175
-0.00186961 -0.001775
-0.00189725 -0.0018
-0.00192489 -0.001825
-0.00195253 -0.00185
-0.00198017 -0.001875
-0.00200781 -0.0019
-0.00203545 -0.001925
-0.00206309 -0.00195
-0.00209073 -0.001975
-0.00211837 -0.002
-0.002146 -0.002025
-0.00217364 -0.00205
-0.00220128 -0.002075
-0.00222892 -0.0021
-0.00225656 -0.002125
-0.0022842 -0.00215
-0.00231184 -0.002175
-0.00233948 -0.0022
-0.00236712 -0.002225
-0.00239476 -0.00225
-0.0024224 -0.002275
-0.00245004 -0.0023
-0.00247768 -0.002325
-0.00250531 -0.00235
-0.00253295 -0.002375
-0.00256059 -0.0024
-0.00258823 -0.002425
-0.00261587 -0.00245
-0.00264351 -0.002475
-0.00267115 -0.0025
-0.00269879 -0.002525
-0.00272643 -0.00255
-0.00275407 -0.002575
-0.00278171 -0.0026
-0.00280935 -0.002625
-0.00283698 -0.00265
-0.00286462 -0.002675
-0.00289226 -0.0027
-0.0029199 -0.002725
-0.00294754 -0.00275
-0.00297518 -0.002775
-0.00300282 -0.0028
-0.00303046 -0.002825
-0.0030581 -0.00285
-0.00308574 -0.002875
-0.00311338 -0.0029
-0.00314102 -0.002925
-0.00316866 -0.00295
-0.00319629 -0.002975
-0.00322393 -0.003
-0.00325157 -0.003025
-0.00327921 -0.00305
-0.00330685 -0.003075
-0.00333449 -0.0031
-0.00336213 -0.003125
-0.00338977 -0.00315
-0.00341741 -0.003175
-0.00344505 -0.0032
-0.00347269 -0.003225
-0.00350033 -0.00325
-0.00352797 -0.003275
-0.0035556 -0.0033
-0.00358324 -0.003325
-0.00361088 -0.00335
-0.00363852 -0.003375
-0.00366616 -0.0034
-0.0036938 -0.003425
-0.00372144 -0.00345
-0.00374908 -0.003475
-0.00377672 -0.0035
-0.00380436 -0.003525
-0.003832 -0.00355
-0.00385964 -0.003575
-0.00388728 -0.0036
-0.00391491 -0.003625
-0.00394255 -0.00365
-0.00397019 -0.003675
-0.00399783 -0.0037
-0.00402547 -0.003725
-0.00405311 -0.00375
-0.00407832 -0.003775
-0.00410352 -0.0038
-0.0041286 -0.003825
-0.00415366 -0.00385
-0.00417872 -0.003875
-0.00420379 -0.0039
-0.00422885 -0.003925
-0.00425391 -0.00395
-0.00427897 -0.003975
-0.00430403 -0.004
-0.00432909 -0.004025
-0.00435415 -0.00405
-0.00437921 -0.004075
-0.00440427 -0.0041
-0.00442933 -0.004125
-0.00445439 -0.00415
-0.00447945 -0.004175
-0.00450451 -0.0042
-0.00452957 -0.004225
-0.00455463 -0.00425
-0.00457969 -0.004275
-0.00460475 -0.0043
-0.00462961 -0.004325
-0.00465443 -0.00435
-0.00467924 -0.004375
-0.00470406 -0.0044
-0.00472887 -0.004425
-0.00475369 -0.00445
-0.0047785 -0.004475
-0.00480332 -0.0045
-0.00482814 -0.004525
-0.00485295 -0.00455
-0.00487777 -0.004575
-0.00490258 -0.0046
-0.0049274 -0.004625
-0.00495221 -0.00465
-0.00497703 -0.004675
-0.00500184 -0.0047
-0.00502666 -0.004725
-0.00505147 -0.00475
-0.00507629 -0.004775
-0.00510111 -0.0048
-0.00512575 -0.004825
-0.00515038 -0.00485
-0.00517502 -0.004875
-0.00519965 -0.0049
-0.00522429 -0.004925
-0.00524892 -0.00495
-0.00527356 -0.004975
-0.00529819 -0.005
-0.00527111 -0.004975
-0.00524403 -0.00495
-0.00521696 -0.004925
-0.00518988 -0.0049
-0.0051628 -0.004875
-0.00513572 -0.00485
-0.00510864 -0.004825
-0.00508157 -0.0048
-0.00505449 -0.004775
-0.00502741 -0.00475
-0.00500033 -0.004725
-0.00497325 -0.0047
-0.00494618 -0.004675
-0.0049191 -0.00465
-0.00489202 -0.004625
-0.00486494 -0.0046
-0.00483786 -0.004575
-0.00481079 -0.00455
-0.00478371 -0.004525
-0.00475663 -0.0045
-0.00472955 -0.004475
-0.00470247 -0.00445
-0.0046754 -0.004425
-0.00464832 -0.0044
-0.00462124 -0.004375
-0.00459416 -0.00435
-0.00456708 -0.004325
-0.00454 -0.0043
-0.00451293 -0.004275
-0.00448585 -0.00425
-0.00445877 -0.004225
-0.00443169 -0.0042
-0.00440461 -0.004175
-0.00437754 -0.00415
-0.00435046 -0.004125
-0.00432338 -0.0041
-0.0042963 -0.004075
-0.00426922 -0.00405
-0.00424215 -0.004025
-0.00421507 -0.004
-0.00418799 -0.003975
-0.00416091 -0.00395
-0.00413383 -0.003925
-0.00410676 -0.0039
-0.00407968 -0.003875
-0.0040526 -0.00385
-0.00402552 -0.003825
-0.00399844 -0.0038
-0.00397137 -0.003775
-0.00394429 -0.00375
-0.00391721 -0.003725
-0.00389013 -0.0037
-0.00386305 -0.003675
-0.00383598 -0.00365
-0.0038089 -0.003625
-0.00378182 -0.0036
-0.00375474 -0.003575
-0.00372766 -0.00355
-0.00370059 -0.003525
-0.00367351 -0.0035
-0.00364643 -0.003475
-0.00361935 -0.00345
-0.00359227 -0.003425
-0.0035652 -0.0034
-0.00353812 -0.003375
-0.00351104 -0.00335
-0.00348396 -0.003325
-0.00345688 -0.0033
-0.0034298 -0.003275
-0.00340273 -0.00325
-0.00337565 -0.003225
-0.00334857 -0.0032
-0.00332149 -0.003175
-0.00329441 -0.00315
-0.00326734 -0.003125
-0.00324026 -0.0031
-0.00321318 -0.003075
-0.0031861 -0.00305
-0.00315902 -0.003025
-0.00313195 -0.003
-0.00310487 -0.002975
-0.00307779 -0.00295
-0.00305071 -0.002925
-0.00302363 -0.0029
-0.00299656 -0.002875
-0.00296948 -0.00285
-0.0029424 -0.002825
-0.00291532 -0.0028
-0.00288824 -0.002775
-0.00286117 -0.00275
-0.00283409 -0.002725
-0.00280701 -0.0027
-0.00277993 -0.002675
-0.00275285 -0.00265
-0.00272578 -0.002625
-0.0026987 -0.0026
-0.00267162 -0.002575
-0.00264454 -0.00255
-0.00261746 -0.002525
-0.00259039 -0.0025
-0.00256331 -0.002475
-0.00253623 -0.00245
-0.00250915 -0.002425
-0.00248207 -0.0024
-0.002455 -0.002375
-0.00242792 -0.00235
-0.00240084 -0.002325
-0.00237376 -0.0023
-0.00234668 -0.002275
-0.00231961 -0.00225
-0.00229253 -0.002225
-0.00226545 -0.0022
-0.00223837 -0.002175
-0.00221129 -0.00215
-0.00218421 -0.002125
-0.00215714 -0.0021
-0.00213006 -0.002075
-0.00210298 -0.00205
-0.0020759 -0.002025
-0.00204882 -0.002
-0.00202175 -0.001975
-0.00199467 -0.00195
-0.00196759 -0.001925
-0.00194051 -0.0019
-0.00191343 -0.001875
-0.00188636 -0.00185
-0.00185928 -0.001825
-0.0018322 -0.0018
-0.00180512 -0.001775
-0.00177804 -0.00175
-0.00175097 -0.001725
-0.00172389 -0.0017
-0.00169681 -0.001675
-0.00166973 -0.00165
-0.00164265 -0.001625
-0.00161558 -0.0016
-0.0015885 -0.001575
-0.00156142 -0.00155
-0.00153434 -0.001525
-0.00150726 -0.0015
-0.00148019 -0.001475
-0.00145311 -0.00145
-0.00142603 -0.001425
-0.0014 -0.0014
-0.001375 -0.001375
-0.00135 -0.00135
-0.001325 -0.001325
-0.0013 -0.0013
-0.001275 -0.001275
-0.00125 -0.00125
-0.001225 -0.001225
-0.0012 -0.0012
-0.001175 -0.001175
-0.00115 -0.00115
-0.001125 -0.001125
-0.0011 -0.0011
-0.001075 -0.001075
-0.00105 -0.00105
-0.001025 -0.001025
-0.001 -0.001
-0.000975 -0.000975
-0.00095 -0.00095
-0.000925 -0.000925
-0.0009 -0.0009
-0.000875 -0.000875
-0.00085 -0.00085
-0.000825 -0.000825
-0.0008 -0.0008
-0.000775 -0.000775
-0.00075 -0.00075
-0.000725 -0.000725
-0.0007 -0.0007
-0.000675 -0.000675
-0.00065 -0.00065
-0.000625 -0.000625
-0.0006 -0.0006
-0.000575 -0.000575
-0.00055 -0.00055
-0.000525 -0.000525
-0.0005 -0.0005
-0.000475 -0.000475
-0.00045 -0.00045
-0.000425 -0.000425
-0.0004 -0.0004
-0.000375 -0.000375
-0.00035 -0.00035
-0.000325 -0.000325
-0.0003 -0.0003
-0.000275 -0.000275
-0.00025 -0.00025
-0.000225 -0.000225
-0.0002 -0.0002
-0.000175 -0.000175
-0.00015 -0.00015
-0.000125 -0.000125
-0.0001 -0.0001
-7.5e-05 -7.5e-05
-5e-05 -5e-05
-2.5e-05 -2.5e-05
-6.09864e-20 -6.09864e-20
2.5e-05 2.5e-05
5e-05 5e-05
7.5e-05 7.5e-05
0.0001 0.0001
0.000125 0.000125
0.00015 0.00015
0.000175 0.000175
0.0002 0.0002
0.000225 0.000225
0.00025 0.00025
0.000275 0.000275
0.0003 0.0003
0.000325 0.000325
0.00035 0.00035
0.000375 0.000375
0.0004 0.0004
0.000425 0.000425
0.00045 0.00045
0.000475 0.000475
0.0005 0.0005
0.000475 0.000475
0.00045 0.00045
0.000425 0.000425
0.0004 0.0004
0.000375 0.000375
0.00035 0.00035
0.000325 0.000325
0.0003 0.0003
0.000275 0.000275
0.00025 0.00025
0.000225 0.000225
0.0002 0.0002
0.000175 0.000175
0.00015 0.00015
0.000125 0.000125
0.0001 0.0001
7.5e-05 7.5e-05
5e-05 5e-05
2.5e-05 2.5e-05
-4.74338e-20 -4.74338e-20
-2.5e-05 -2.5e-05
-5e-05 -5e-05
-7.5e-05 -7.5e-05
-0.0001 -0.0001
-0.000125 -0.000125
-0.00015 -0.00015
-0.000175 -0.000175
-0.0002 -0.0002
-0.000225 -0.000225
-0.00025 -0.00025
-0.000275 -0.000275
-0.0003 -0.0003
-0.000325 -0.000325
-0.00035 -0.00035
-0.000375 -0.000375
-0.0004 -0.0004
-0.000425 -0.000425
-0.00045 -0.00045
-0.000475 -0.000475
-0.0005 -0.0005
-0.000525 -0.000525
-0.00055 -0.00055
-0.000575 -0.000575
-0.0006 -0.0006
-0.000625 -0.000625
-0.00065 -0.00065
-0.000675 -0.000675
-0.0007 -0.0007
-0.000725 -0.000725
-0.00075 -0.00075
-0.000775 -0.000775
-0.0008 -0.0008
-0.000825 -0.000825
-0.00085 -0.00085
-0.000875 -0.000875
-0.0009 -0.0009
-0.000925 -0.000925
-0.00095 -0.00095
-0.000975 -0.000975
-0.001 -0.001
-0.001025 -0.001025
-0.00105 -0.00105
-0.001075 -0.001075
-0.0011 -0.0011
-0.001125 -0.001125
-0.00115 -0.00115
-0.001175 -0.001175
-0.0012 -0.0012
-0.001225 -0.001225
-0.00125 -0.00125
-0.001275 -0.001275
-0.0013 -0.0013
-0.001325 -0.001325
-0.00135 -0.00135
-0.001375 -0.001375
-0.0014 -0.0014
-0.00142603 -0.001425
-0.00145311 -0.00145
-0.00148019 -0.001475
-0.00150726 -0.0015
-0.00153434 -0.001525
-0.00156142 -0.00155
-0.0015885 -0.001575
-0.00161558 -0.0016
-0.00164265 -0.001625
-0.00166973 -0.00165
-0.00169681 -0.001675
-0.00172389 -0.0017
-0.00175097 -0.001725
-0.00177804 -0.00175
-0.00180512 -0.001775
-0.0018322 -0.0018
-0.00185928 -0.001825
-0.00188636 -0.00185
-0.00191343 -0.001875
-0.00194051 -0.0019
-0.00196759 -0.001925
-0.00199467 -0.00195
-0.00202175 -0.001975
-0.00204882 -0.002
-0.0020759 -0.002025
-0.00210298 -0.00205
-0.00213006 -0.002075
-0.00215714 -0.0021
-0.00218421 -0.002125
-0.00221129 -0.00215
-0.00223837 -0.002175
-0.00226545 -0.0022
-0.00229253 -0.002225
-0.00231961 -0.00225
-0.00234668 -0.002275
-0.00237376 -0.0023
-0.00240084 -0.002325
-0.00242792 -0.00235
-0.002455 -0.002375
-0.00248207 -0.0024
-0.00250915 -0.002425
-0.00253623 -0.00245
-0.00256331 -0.002475
-0.00259039 -0.0025
-0.00261746 -0.002525
-0.00264454 -0.00255
-0.00267162 -0.002575
-0.0026987 -0.0026
-0.00272578 -0.002625
-0.00275285 -0.00265
-0.00277993 -0.002675
-0.00280701 -0.0027
-0.00283409 -0.002725
-0.00286117 -0.00275
-0.00288824 -0.002775
-0.00291532 -0.0028
-0.0029424 -0.002825
-0.00296948 -0.00285
-0.00299656 -0.002875
-0.00302363 -0.0029
-0.00305071 -0.002925
-0.00307779 -0.00295
-0.00310487 -0.002975
-0.00313195 -0.003
-0.00315902 -0.003025
-0.0031861 -0.00305
-0.00321318 -0.003075
-0.00324026 -0.0031
-0.00326734 -0.003125
-0.00329441 -0.00315
-0.00332149 -0.003175
-0.00334857 -0.0032
-0.00337565 -0.003225
-0.00340273 -0.00325
-0.0034298 -0.003275
-0.00345688 -0.0033
-0.00348396 -0.003325
-0.00351104 -0.00335
-0.00353812 -0.003375
-0.0035652 -0.0034
-0.00359227 -0.003425
-0.00361935 -0.00345
-0.00364643 -0.003475
-0.00367351 -0.0035
-0.00370059 -0.003525
-0.00372766 -0.00355
-0.00375474 -0.003575
-0.00378182 -0.0036
-0.0038089 -0.003625
-0.00383598 -0.00365
-0.00386305 -0.003675
-0.00389013 -0.0037
-0.00391721 -0.003725
-0.00394429 -0.00375
-0.00397137 -0.003775
-0.00399844 -0.0038
-0.00402552 -0.003825
-0.0040526 -0.00385
-0.00407968 -0.003875
-0.00410676 -0.0039
-0.00413383 -0.003925
-0.00416091 -0.00395
-0.00418799 -0.003975
-0.00421507 -0.004
-0.00424215 -0.004025
-0.00426922 -0.00405
-0.0042963 -0.004075
-0.00432338 -0.0041
-0.00435046 -0.004125
-0.00437754 -0.00415
-0.00440461 -0.004175
-0.00443169 -0.0042
-0.00445877 -0.004225
-0.00448585 -0.00425
-0.00451293 -0.004275
-0.00454 -0.0043
-0.00456708 -0.004325
-0.00459416 -0.00435
-0.00462124 -0.004375
-0.00464832 -0.0044
-0.0046754 -0.004425
-0.00470247 -0.00445
-0.00472955 -0.004475
-0.00475663 -0.0045
-0.00478371 -0.004525
-0.00481079 -0.00455
-0.00483786 -0.004575
-0.00486494 -0.0046
-0.00489202 -0.004625
-0.0049191 -0.00465
-0.00494618 -0.004675
-0.00497325 -0.0047
-0.00500033 -0.004725
-0.00502741 -0.00475
-0.00505449 -0.004775
-0.00508157 -0.0048
-0.00510864 -0.004825
-0.00513572 -0.00485
-0.0051628 -0.004875
-0.00518988 -0.0049
-0.00521696 -0.004925
-0.00524403 -0.00495
-0.00527111 -0.004975
-0.00529819 -0.005
-0.00532282 -0.005025
-0.00534746 -0.00505
-0.00537209 -0.005075
-0.00539673 -0.0051
-0.00542136 -0.005125
-0.005446 -0.00515
-0.00547063 -0.005175
-0.00549527 -0.0052
-0.0055199 -0.005225
-0.00554454 -0.00525
-0.00556917 -0.005275
-0.0055938 -0.0053
-0.00561839 -0.005325
-0.00564299 -0.00535
-0.00566758 -0.005375
-0.00569218 -0.0054
-0.00571677 -0.005425
-0.00574136 -0.00545
-0.00576596 -0.005475
-0.00579055 -0.0055
-0.00581515 -0.005525
-0.00583974 -0.00555
-0.00586434 -0.005575
-0.00588893 -0.0056
-0.00591353 -0.005625
-0.00593812 -0.00565
-0.00596272 -0.005675
-0.00598731 -0.0057
-0.00601191 -0.005725
-0.0060365 -0.00575
-0.0060611 -0.005775
-0.00608568 -0.0058
-0.00611026 -0.005825
-0.00613483 -0.00585
-0.00615941 -0.005875
-0.00618399 -0.0059
-0.00620856 -0.005925
-0.00623314 -0.00595
-0.00625771 -0.005975
-0.00628229 -0.006
-0.00630687 -0.006025
-0.00633144 -0.00605
-0.00635602 -0.006075
-0.00638059 -0.0061
-0.00640517 -0.006125
-0.00642975 -0.00615
-0.00645432 -0.006175
-0.0064789 -0.0062
-0.00650347 -0.006225
-0.00652805 -0.00625
-0.00650139 -0.006225
-0.00647472 -0.0062
-0.00644806 -0.006175
-0.0064214 -0.00615
-0.00639474 -0.006125
-0.00636807 -0.0061
-0.00634141 -0.006075
-0.00631475 -0.00605
-0.00628809 -0.006025
-0.00626142 -0.006
-0.00623476 -0.005975
-0.0062081 -0.00595
-0.00618143 -0.005925
-0.00615477 -0.0059
-0.00612811 -0.005875
-0.00610145 -0.00585
-0.00607478 -0.005825
-0.00604812 -0.0058
-0.00602146 -0.005775
-0.0059948 -0.00575
-0.00596813 -0.005725
-0.00594147 -0.0057
-0.00591481 -0.005675
-0.00588815 -0.00565
-0.00586148 -0.005625
-0.00583482 -0.0056
-0.00580816 -0.005575
-0.00578149 -0.00555
-0.00575483 -0.005525
-0.00572817 -0.0055
-0.00570151 -0.005475
-0.00567484 -0.00545
-0.00564818 -0.005425
-0.00562152 -0.0054
-0.00559486 -0.005375
-0.00556819 -0.00535
-0.00554153 -0.005325
-0.00551487 -0.0053
-0.00548821 -0.005275
-0.00546154 -0.00525
-0.00543488 -0.005225
-0.00540822 -0.0052
-0.00538156 -0.005175
-0.00535489 -0.00515
-0.00532823 -0.005125
-0.00530157 -0.0051
-0.0052749 -0.005075
-0.00524824 -0.00505
-0.00522158 -0.005025
-0.00519492 -0.005
-0.00516825 -0.004975
-0.00514159 -0.00495
-0.00511493 -0.004925
-0.00508827 -0.0049
-0.0050616 -0.004875
-0.00503494 -0.00485
-0.00500828 -0.004825
-0.00498162 -0.0048
-0.00495495 -0.004775
-0.00492829 -0.00475
-0.00490163 -0.004725
-0.00487496 -0.0047
-0.0048483 -0.004675
-0.00482164 -0.00465
-0.00479498 -0.004625
-0.00476831 -0.0046
-0.00474165 -0.004575
-0.00471499 -0.00455
-0.00468833 -0.004525
-0.00466166 -0.0045
-0.004635 -0.004475
-0.00460834 -0.00445
-0.00458168 -0.004425
-0.00455501 -0.0044
-0.00452835 -0.004375
-0.00450169 -0.00435
-0.00447503 -0.004325
-0.00444836 -0.0043
-0.0044217 -0.004275
-0.00439504 -0.00425
-0.00436837 -0.004225
-0.00434171 -0.0042
-0.00431505 -0.004175
-0.00428839 -0.00415
-0.00426172 -0.004125
-0.00423506 -0.0041
-0.0042084 -0.004075
-0.00418174 -0.00405
-0.00415507 -0.004025
-0.00412841 -0.004
-0.00410175 -0.003975
-0.00407509 -0.00395
-0.00404842 -0.003925
-0.00402176 -0.0039
-0.0039951 -0.003875
-0.00396843 -0.00385
-0.00394177 -0.003825
-0.00391511 -0.0038
-0.00388845 -0.003775
-0.00386178 -0.00375
-0.00383512 -0.003725
-0.00380846 -0.0037
-0.0037818 -0.003675
-0.00375513 -0.00365
-0.00372847 -0.003625
-0.00370181 -0.0036
-0.00367515 -0.003575
-0.00364848 -0.00355
-0.00362182 -0.003525
-0.00359516 -0.0035
-0.0035685 -0.003475
-0.00354183 -0.00345
-0.00351517 -0.003425
-0.00348851 -0.0034
-0.00346184 -0.003375
-0.00343518 -0.00335
-0.00340852 -0.003325
-0.00338186 -0.0033
-0.00335519 -0.003275
-0.00332853 -0.00325
-0.00330187 -0.003225
-0.00327521 -0.0032
-0.00324854 -0.003175
-0.00322188 -0.00315
-0.00319522 -0.003125
-0.00316856 -0.0031
-0.00314189 -0.003075
-0.00311523 -0.00305
-0.00308857 -0.003025
-0.0030619 -0.003
-0.00303524 -0.002975
-0.00300858 -0.00295
-0.00298192 -0.002925
-0.00295525 -0.0029
-0.00292859 -0.002875
-0.00290193 -0.00285
-0.00287527 -0.002825
-0.0028486 -0.0028
-0.00282194 -0.002775
-0.00279528 -0.00275
-0.00276862 -0.002725
-0.00274195 -0.0027
-0.00271529 -0.002675
-0.00268863 -0.00265
-0.00266197 -0.002625
-0.0026353 -0.0026
-0.00260864 -0.002575
-0.00258198 -0.00255
-0.00255531 -0.002525
-0.00252865 -0.0025
-0.00250199 -0.002475
-0.00247533 -0.00245
-0.00244866 -0.002425
-0.002422 -0.0024
-0.00239534 -0.002375
-0.00236868 -0.00235
-0.00234201 -0.002325
-0.00231535 -0.0023
-0.00228869 -0.002275
-0.00226203 -0.00225
-0.00223536 -0.002225
-0.0022087 -0.0022
-0.00218204 -0.002175
-0.00215537 -0.00215
-0.00212871 -0.002125
-0.00210205 -0.0021
-0.00207539 -0.002075
-0.00205 -0.00205
-0.002025 -0.002025
-0.002 -0.002
-0.001975 -0.001975
-0.00195 -0.00195
-0.001925 -0.001925
-0.0019 -0.0019
-0.001875 -0.001875
-0.00185 -0.00185
-0.001825 -0.001825
-0.0018 -0.0018
-0.001775 -0.001775
-0.00175 -0.00175
-0.001725 -0.001725
-0.0017 -0.0017
-0.001675 -0.001675
-0.00165 -0.00165
-0.001625 -0.001625
-0.0016 -0.0016
-0.001575 -0.001575
-0.00155 -0.00155
-0.001525 -0.001525
-0.0015 -0.0015
-0.001475 -0.001475
-0.00145 -0.00145
-0.001425 -0.001425
-0.0014 -0.0014
-0.001375 -0.001375
-0.00135 -0.00135
-0.001325 -0.001325
-0.0013 -0.0013
-0.001275 -0.001275
-0.00125 -0.00125
-0.001225 -0.001225
-0.0012 -0.0012
-0.001175 -0.001175
-0.00115 -0.00115
-0.001125 -0.001125
-0.0011 -0.0011
-0.001075 -0.001075
-0.00105 -0.00105
-0.001025 -0.001025
-0.001 -0.001
-0.000975 -0.000975
-0.00095 -0.00095
-0.000925 -0.000925
-0.0009 -0.0009
-0.000875 -0.000875
-0.00085 -0.00085
-0.000825 -0.000825
-0.0008 -0.0008
-0.000775 -0.000775
-0.00075 -0.00075
-0.000725 -0.000725
-0.0007 -0.0007
-0.000675 -0.000675
-0.00065 -0.00065
-0.000625 -0.000625
-0.0006 -0.0006
-0.000575 -0.000575
-0.00055 -0.00055
-0.000525 -0.000525
-0.0005 -0.0005
-0.000475 -0.000475
-0.00045 -0.00045
-0.000425 -0.000425
-0.0004 -0.0004
-0.000375 -0.000375
-0.00035 -0.00035
-0.000325 -0.000325
-0.0003 -0.0003
-0.000275 -0.000275
-0.00025 -0.00025
-0.000225 -0.000225
-0.0002 -0.0002
-0.000175 -0.000175
-0.00015 -0.00015
-0.000125 -0.000125
-0.0001 -0.0001
-7.5e-05 -7.5e-05
-5e-05 -5e-05
-2.5e-05 -2.5e-05
-6.09864e-20 -6.09864e-20
2.5e-05 2.5e-05
5e-05 5e-05
7.5e-05 7.5e-05
0.0001 0.0001
0.000125 0.000125
0.00015 0.00015
0.000175 0.000175
0.0002 0.0002
0.000225 0.000225
0.00025 0.00025
0.000275 0.000275
0.0003 0.0003
0.000325 0.000325
0.00035 0.00035
0.000375 0.000375
0.0004 0.0004
0.000425 0.000425
0.00045 0.00045
0.000475 0.000475
0.0005 0.0005
0.000525 0.000525
0.00055 0.00055
0.000575 0.000575
0.0006 0.0006
0.000625 0.000625
0.0006 0.0006
0.000575 0.000575
0.00055 0.00055
0.000525 0.000525
0.0005 0.0005
0.000475 0.000475
0.00045 0.00045
0.000425 0.000425
0.0004 0.0004
0.000375 0.000375
0.00035 0.00035
0.000325 0.000325
0.0003 0.0003
0.000275 0.000275
0.00025 0.00025
0.000225 0.000225
0.0002 0.0002
0.000175 0.000175
0.00015 0.00015
0.000125 0.000125
0.0001 0.0001
7.5e-05 7.5e-05
5e-05 5e-05
2.5e-05 2.5e-05
-4.74338e-20 -4.74338e-20
-2.5e-05 -2.5e-05
-5e-05 -5e-05
-7.5e-05 -7.5e-05
-0.0001 -0.0001
-0.000125 -0.000125
-0.00015 -0.00015
-0.000175 -0.000175
-0.0002 -0.0002
-0.000225 -0.000225
-0.00025 -0.00025
-0.000275 -0.000275
-0.0003 -0.0003
-0.000325 -0.000325
-0.00035 -0.00035
-0.000375 -0.000375
-0.0004 -0.0004
-0.000425 -0.000425
-0.00045 -0.00045
-0.000475 -0.000475
-0.0005 -0.0005
-0.000525 -0.000525
-0.00055 -0.00055
-0.000575 -0.000575
-0.0006 -0.0006
-0.000625 -0.000625
-0.00065 -0.00065
-0.000675 -0.000675
-0.0007 -0.0007
-0.000725 -0.000725
-0.00075 -0.00075
-0.000775 -0.000775
-0.0008 -0.0008
-0.000825 -0.000825
-0.00085 -0.00085
-0.000875 -0.000875
-0.0009 -0.0009
-0.000925 -0.000925
-0.00095 -0.00095
-0.000975 -0.000975
-0.001 -0.001
-0.001025 -0.001025
-0.00105 -0.00105
-0.001075 -0.001075
-0.0011 -0.0011
-0.001125 -0.001125
-0.00115 -0.00115
-0.001175 -0.001175
-0.0012 -0.0012
-0.001225 -0.001225
-0.00125 -0.00125
-0.001275 -0.001275
-0.0013 -0.0013
-0.001325 -0.001325
-0.00135 -0.00135
-0.001375 -0.001375
-0.0014 -0.0014
-0.001425 -0.001425
-0.00145 -0.00145
-0.001475 -0.001475
-0.0015 -0.0015
-0.001525 -0.001525
-0.00155 -0.00155
-0.001575 -0.001575
-0.0016 -0.0016
-0.001625 -0.001625
-0.00165 -0.00165
-0.001675 -0.001675
-0.0017 -0.0017
-0.001725 -0.001725
-0.00175 -0.00175
-0.001775 -0.001775
-0.0018 -0.0018
-0.001825 -0.001825
-0.00185 -0.00185
-0.001875 -0.001875
-0.0019 -0.0019
-0.001925 -0.001925
-0.00195 -0.00195
-0.001975 -0.001975
-0.002 -0.002
-0.002025 -0.002025
-0.00205 -0.00205
-0.00207539 -0.002075
-0.00210205 -0.0021
-0.00212871 -0.002125
-0.00215537 -0.00215
-0.00218204 -0.002175
-0.0022087 -0.0022
-0.00223536 -0.002225
-0.00226203 -0.00225
-0.00228869 -0.002275
-0.00231535 -0.0023
-0.00234201 -0.002325
-0.00236868 -0.00235
-0.00239534 -0.002375
-0.002422 -0.0024
-0.00244866 -0.002425
-0.00247533 -0.00245
-0.00250199 -0.002475
-0.00252865 -0.0025
-0.00255531 -0.002525
-0.00258198 -0.00255
-0.00260864 -0.002575
-0.0026353 -0.0026
-0.00266197 -0.002625
-0.00268863 -0.00265
-0.00271529 -0.002675
-0.00274195 -0.0027
-0.00276862 -0.002725
-0.00279528 -0.00275
-0.00282194 -0.002775
-0.0028486 -0.0028
-0.00287527 -0.002825
-0.00290193 -0.00285
-0.00292859 -0.002875
-0.00295525 -0.0029
-0.00298192 -0.002925
-0.00300858 -0.00295
-0.00303524 -0.002975
-0.0030619 -0.003
-0.00308857 -0.003025
-0.00311523 -0.00305
-0.00314189 -0.003075
-0.00316856 -0.0031
-0.00319522 -0.003125
-0.00322188 -0.00315
-0.00324854 -0.003175
-0.00327521 -0.0032
-0.00330187 -0.003225
-0.00332853 -0.00325
-0.00335519 -0.003275
-0.00338186 -0.0033
-0.00340852 -0.003325
-0.00343518 -0.00335
-0.00346184 -0.003375
-0.00348851 -0.0034
-0.00351517 -0.003425
-0.00354183 -0.00345
-0.0035685 -0.003475
-0.00359516 -0.0035
-0.00362182 -0.003525
-0.00364848 -0.00355
-0.00367515 -0.003575
-0.00370181 -0.0036
-0.00372847 -0.003625
-0.00375513 -0.00365
-0.0037818 -0.003675
-0.00380846 -0.0037
-0.00383512 -0.003725
-0.00386178 -0.00375
-0.00388845 -0.003775
-0.00391511 -0.0038
-0.00394177 -0.003825
-0.00396843 -0.00385
-0.0039951 -0.003875
-0.00402176 -0.0039
-0.00404842 -0.003925
-0.00407509 -0.00395
-0.00410175 -0.003975
-0.00412841 -0.004
-0.00415507 -0.004025
-0.00418174 -0.00405
-0.0042084 -0.004075
-0.00423506 -0.0041
-0.00426172 -0.004125
-0.00428839 -0.00415
-0.00431505 -0.004175
-0.00434171 -0.0042
-0.00436837 -0.004225
-0.00439504 -0.00425
-0.0044217 -0.004275
-0.00444836 -0.0043
-0.00447503 -0.004325
-0.00450169 -0.00435
-0.00452835 -0.004375
-0.00455501 -0.0044
-0.00458168 -0.004425
-0.00460834 -0.00445
-0.004635 -0.004475
-0.00466166 -0.0045
-0.00468833 -0.004525
-0.00471499 -0.00455
-0.00474165 -0.004575
-0.00476831 -0.0046
-0.00479498 -0.004625
-0.00482164 -0.00465
-0.0048483 -0.004675
-0.00487496 -0.0047
-0.00490163 -0.004725
-0.00492829 -0.00475
-0.00495495 -0.004775
-0.00498162 -0.0048
-0.00500828 -0.004825
-0.00503494 -0.00485
-0.0050616 -0.004875
-0.00508827 -0.0049
-0.00511493 -0.004925
-0.00514159 -0.00495
-0.00516825 -0.004975
-0.00519492 -0.005
-0.00522158 -0.005025
-0.00524824 -0.00505
-0.0052749 -0.005075
-0.00530157 -0.0051
-0.00532823 -0.005125
-0.00535489 -0.00515
-0.00538156 -0.005175
-0.00540822 -0.0052
-0.00543488 -0.005225
-0.00546154 -0.00525
-0.00548821 -0.005275
-0.00551487 -0.0053
-0.00554153 -0.005325
-0.00556819 -0.00535
-0.00559486 -0.005375
-0.00562152 -0.0054
-0.00564818 -0.005425
-0.00567484 -0.00545
-0.00570151 -0.005475
-0.00572817 -0.0055
-0.00575483 -0.005525
-0.00578149 -0.00555
-0.00580816 -0.005575
-0.00583482 -0.0056
-0.00586148 -0.005625
-0.00588815 -0.00565
-0.00591481 -0.005675
-0.00594147 -0.0057
-0.00596813 -0.005725
-0.0059948 -0.00575
-0.00602146 -0.005775
-0.00604812 -0.0058
-0.00607478 -0.005825
-0.00610145 -0.00585
-0.00612811 -0.005875
-0.00615477 -0.0059
-0.00618143 -0.005925
-0.0062081 -0.00595
-0.00623476 -0.005975
-0.00626142 -0.006
-0.00628809 -0.006025
-0.00631475 -0.00605
-0.00634141 -0.006075
-0.00636807 -0.0061
-0.00639474 -0.006125
-0.0064214 -0.00615
-0.00644806 -0.006175
-0.00647472 -0.0062
-0.00650139 -0.006225
-0.00652805 -0.00625
-0.00655263 -0.006275
-0.0065772 -0.0063
-0.00660177 -0.006325
-0.00662634 -0.00635
-0.00665091 -0.006375
-0.00667548 -0.0064
-0.00670005 -0.006425
-0.00672462 -0.00645
-0.00674919 -0.006475
-0.00677376 -0.0065
-0.00679833 -0.006525
-0.0068229 -0.00655
-0.00684748 -0.006575
-0.00687205 -0.0066
-0.00689662 -0.006625
-0.00692119 -0.00665
-0.00694576 -0.006675
-0.00697033 -0.0067
-0.0069949 -0.006725
-0.00701947 -0.00675
-0.00704404 -0.006775
-0.00706862 -0.0068
-0.00709319 -0.006825
-0.00711777 -0.00685
-0.00714234 -0.006875
-0.00716692 -0.0069
-0.00719149 -0.006925
-0.00721606 -0.00695
-0.00724064 -0.006975
-0.00726521 -0.007
-0.00728979 -0.007025
-0.00731436 -0.00705
-0.00733894 -0.007075
-0.00736351 -0.0071
-0.00738809 -0.007125
-0.00741266 -0.00715
-0.00743723 -0.007175
-0.00746181 -0.0072
-0.00748638 -0.007225
-0.00751096 -0.00725
-0.00753554 -0.007275
-0.00756012 -0.0073
-0.00758471 -0.007325
-0.00760929 -0.00735
-0.00763387 -0.007375
-0.00765846 -0.0074
-0.00768304 -0.007425
-0.00770762 -0.00745
-0.00773221 -0.007475
-0.00775679 -0.0075
-0.00773041 -0.007475
-0.00770404 -0.00745
-0.00767766 -0.007425
-0.00765128 -0.0074
-0.0076249 -0.007375
-0.00759852 -0.00735
-0.00757214 -0.007325
-0.00754576 -0.0073
-0.00751938 -0.007275
-0.00749301 -0.00725
-0.00746663 -0.007225
-0.00744025 -0.0072
-0.00741387 -0.007175
-0.00738749 -0.00715
-0.00736111 -0.007125
-0.00733473 -0.0071
-0.00730836 -0.007075
-0.00728198 -0.00705
-0.0072556 -0.007025
-0.00722922 -0.007
-0.00720284 -0.006975
-0.00717646 -0.00695
-0.00715008 -0.006925
-0.0071237 -0.0069
-0.00709733 -0.006875
-0.00707095 -0.00685
-0.00704457 -0.006825
-0.00701819 -0.0068
-0.00699181 -0.006775
-0.00696543 -0.00675
-0.00693905 -0.006725
-0.00691268 -0.0067
-0.0068863 -0.006675
-0.00685992 -0.00665
-0.00683354 -0.006625
-0.00680716 -0.0066
-0.00678078 -0.006575
-0.0067544 -0.00655
-0.00672802 -0.006525
-0.00670165 -0.0065
-0.00667527 -0.006475
-0.00664889 -0.00645
-0.00662251 -0.006425
-0.00659613 -0.0064
-0.00656975 -0.006375
-0.00654337 -0.00635
-0.006517 -0.006325
-0.00649062 -0.0063
-0.00646424 -0.006275
-0.00643786 -0.00625
-0.00641148 -0.006225
-0.0063851 -0.0062
-0.00635872 -0.006175
-0.00633234 -0.00615
-0.00630597 -0.006125
-0.00627959 -0.0061
-0.00625321 -0.006075
-0.00622683 -0.00605
-0.00620045 -0.006025
-0.00617407 -0.006
-0.00614769 -0.005975
-0.00612132 -0.00595
-0.00609494 -0.005925
-0.00606856 -0.0059
-0.00604218 -0.005875
-0.0060158 -0.00585
-0.00598942 -0.005825
-0.00596304 -0.0058
-0.00593667 -0.005775
-0.00591029 -0.00575
-0.00588391 -0.005725
-0.00585753 -0.0057
-0.00583115 -0.005675
-0.00580477 -0.00565
-0.00577839 -0.005625
-0.00575201 -0.0056
-0.00572564 -0.005575
-0.00569926 -0.00555
-0.00567288 -0.005525
-0.0056465 -0.0055
-0.00562012 -0.005475
-0.00559374 -0.00545
-0.00556736 -0.005425
-0.00554099 -0.0054
-0.00551461 -0.005375
-0.00548823 -0.00535
-0.00546185 -0.005325
-0.00543547 -0.0053
-0.00540909 -0.005275
-0.00538271 -0.00525
-0.00535633 -0.005225
-0.00532996 -0.0052
-0.00530358 -0.005175
-0.0052772 -0.00515
-0.00525082 -0.005125
-0.00522444 -0.0051
-0.00519806 -0.005075
-0.00517168 -0.00505
-0.00514531 -0.005025
-0.00511893 -0.005
-0.00509255 -0.004975
-0.00506617 -0.00495
-0.00503979 -0.004925
-0.00501341 -0.0049
-0.00498703 -0.004875
-0.00496065 -0.00485
-0.00493428 -0.004825
-0.0049079 -0.0048
-0.00488152 -0.004775
-0.00485514 -0.00475
-0.00482876 -0.004725
-0.00480238 -0.0047
-0.004776 -0.004675
-0.00474963 -0.00465
-0.00472325 -0.004625
-0.00469687 -0.0046
-0.00467049 -0.004575
-0.00464411 -0.00455
-0.00461773 -0.004525
-0.00459135 -0.0045
-0.00456497 -0.004475
-0.0045386 -0.00445
-0.00451222 -0.004425
-0.00448584 -0.0044
-0.00445946 -0.004375
-0.00443308 -0.00435
-0.0044067 -0.004325
-0.00438032 -0.0043
-0.00435395 -0.004275
-0.00432757 -0.00425
-0.00430119 -0.004225
-0.00427481 -0.0042
-0.00424843 -0.004175
-0.00422205 -0.00415
-0.00419567 -0.004125
-0.00416929 -0.0041
-0.00414292 -0.004075
-0.00411654 -0.00405
-0.00409016 -0.004025
-0.00406378 -0.004
-0.0040374 -0.003975
-0.00401102 -0.00395
-0.00398464 -0.003925
-0.00395827 -0.0039
-0.00393189 -0.003875
-0.00390551 -0.00385
-0.00387913 -0.003825
-0.00385275 -0.0038
-0.00382637 -0.003775
-0.00379999 -0.00375
-0.00377361 -0.003725
-0.00374724 -0.0037
-0.00372086 -0.003675
-0.00369448 -0.00365
-0.0036681 -0.003625
-0.00364172 -0.0036
-0.00361534 -0.003575
-0.00358896 -0.00355
-0.00356259 -0.003525
-0.00353621 -0.0035
-0.00350983 -0.003475
-0.00348345 -0.00345
-0.00345707 -0.003425
-0.00343069 -0.0034
-0.00340431 -0.003375
-0.00337794 -0.00335
-0.00335156 -0.003325
-0.00332518 -0.0033
-0.0032988 -0.003275
-0.00327242 -0.00325
-0.00324604 -0.003225
-0.00321966 -0.0032
-0.00319328 -0.003175
-0.00316691 -0.00315
-0.00314053 -0.003125
-0.00311415 -0.0031
-0.00308777 -0.003075
-0.00306139 -0.00305
-0.00303501 -0.003025
-0.00300863 -0.003
-0.00298226 -0.002975
-0.00295588 -0.00295
-0.0029295 -0.002925
-0.00290312 -0.0029
-0.00287674 -0.002875
-0.00285036 -0.00285
-0.002825 -0.002825
-0.0028 -0.0028
-0.002775 -0.002775
-0.00275 -0.00275
-0.002725 -0.002725
-0.0027 -0.0027
-0.002675 -0.002675
-0.00265 -0.00265
-0.002625 -0.002625
-0.0026 -0.0026
-0.002575 -0.002575
-0.00255 -0.00255
-0.002525 -0.002525
-0.0025 -0.0025
-0.002475 -0.002475
-0.00245 -0.00245
-0.002425 -0.002425
-0.0024 -0.0024
-0.002375 -0.002375
-0.00235 -0.00235
-0.002325 -0.002325
-0.0023 -0.0023
-0.002275 -0.002275
-0.00225 -0.00225
-0.002225 -0.002225
-0.0022 -0.0022
-0.002175 -0.002175
-0.00215 -0.00215
-0.002125 -0.002125
-0.0021 -0.0021
-0.002075 -0.002075
-0.00205 -0.00205
-0.002025 -0.002025
-0.002 -0.002
-0.001975 -0.001975
-0.00195 -0.00195
-0.001925 -0.001925
-0.0019 -0.0019
-0.001875 -0.001875
-0.00185 -0.00185
-0.001825 -0.001825
-0.0018 -0.0018
-0.001775 -0.001775
-0.00175 -0.00175
-0.001725 -0.001725
-0.0017 -0.0017
-0.001675 -0.001675
-0.00165 -0.00165
-0.001625 -0.001625
-0.0016 -0.0016
-0.001575 -0.001575
-0.00155 -0.00155
-0.001525 -0.001525
-0.0015 -0.0015
-0.001475 -0.001475
-0.00145 -0.00145
-0.001425 -0.001425
-0.0014 -0.0014
-0.001375 -0.001375
-0.00135 -0.00135
-0.001325 -0.001325
-0.0013 -0.0013
-0.001275 -0.001275
-0.00125 -0.00125
-0.001225 -0.001225
-0.0012 -0.0012
-0.001175 -0.001175
-0.00115 -0.00115
-0.001125 -0.001125
-0.0011 -0.0011
-0.001075 -0.001075
-0.00105 -0.00105
-0.001025 -0.001025
-0.001 -0.001
-0.000975 -0.000975
-0.00095 -0.00095
-0.000925 -0.000925
-0.0009 -0.0009
-0.000875 -0.000875
-0.00085 -0.00085
-0.000825 -0.000825
-0.0008 -0.0008
-0.000775 -0.000775
-0.00075 -0.00075
-0.000725 -0.000725
-0.0007 -0.0007
-0.000675 -0.000675
-0.00065 -0.00065
-0.000625 -0.000625
-0.0006 -0.0006
-0.000575 -0.000575
-0.00055 -0.00055
-0.000525 -0.000525
-0.0005 -0.0005
-0.000475 -0.000475
-0.00045 -0.00045
-0.000425 -0.000425
-0.0004 -0.0004
-0.000375 -0.000375
-0.00035 -0.00035
-0.000325 -0.000325
-0.0003 -0.0003
-0.000275 -0.000275
-0.00025 -0.00025
-0.000225 -0.000225
-0.0002 -0.0002
-0.000175 -0.000175
-0.00015 -0.00015
-0.000125 -0.000125
-0.0001 -0.0001
-7.5e-05 -7.5e-05
-5e-05 -5e-05
-2.5e-05 -2.5e-05
-6.09864e-20 -6.09864e-20
2.5e-05 2.5e-05
5e-05 5e-05
7.5e-05 7.5e-05
0.0001 0.0001
0.000125 0.000125
0.00015 0.00015
0.000175 0.000175
0.0002 0.0002
0.000225 0.000225
0.00025 0.00025
0.000275 0.000275
0.0003 0.0003
0.000325 0.000325
0.00035 0.00035
0.000375 0.000375
0.0004 0.0004
0.000425 0.000425
0.00045 0.00045
0.000475 0.000475
0.0005 0.0005
0.000525 0.000525
0.00055 0.00055
0.000575 0.000575
0.0006 0.0006
0.000625 0.000625
0.00065 0.00065
0.000675 0.000675
0.0007 0.0007
0.000725 0.000725
0.00075 0.00075
0.000725 0.000725
0.0007 0.0007
0.000675 0.000675
0.00065 0.00065
0.000625 0.000625
0.0006 0.0006
0.000575 0.000575
0.00055 0.00055
0.000525 0.000525
0.0005 0.0005
0.000475 0.000475
0.00045 0.00045
0.000425 0.000425
0.0004 0.0004
0.000375 0.000375
0.00035 0.00035
0.000325 0.000325
0.0003 0.0003
0.000275 0.000275
0.00025 0.00025
0.000225 0.000225
0.0002 0.0002
0.000175 0.000175
0.00015 0.00015
0.000125 0.000125
0.0001 0.0001
7.5e-05 7.5e-05
5e-05 5e-05
2.5e-05 2.5e-05
-4.74338e-20 -4.74338e-20
-2.5e-05 -2.5e-05
-5e-05 -5e-05
-7.5e-05 -7.5e-05
-0.0001 -0.0001
-0.000125 -0.000125
-0.00015 -0.00015
-0.000175 -0.000175
-0.0002 -0.0002
-0.000225 -0.000225
-0.00025 -0.00025
-0.000275 -0.000275
-0.0003 -0.0003
-0.000325 -0.000325
-0.00035 -0.00035
-0.000375 -0.000375
-0.0004 -0.0004
-0.000425 -0.000425
-0.00045 -0.00045
-0.000475 -0.000475
-0.0005 -0.0005
-0.000525 -0.000525
-0.00055 -0.00055
-0.000575 -0.000575
-0.0006 -0.0006
-0.000625 -0.000625
-0.00065 -0.00065
-0.000675 -0.000675
-0.0007 -0.0007
-0.000725 -0.000725
-0.00075 -0.00075
-0.000775 -0.000775
-0.0008 -0.0008
-0.000825 -0.000825
-0.00085 -0.00085
-0.000875 -0.000875
-0.0009 -0.0009
-0.000925 -0.000925
-0.00095 -0.00095
-0.000975 -0.000975
-0.001 -0.001
-0.001025 -0.001025
-0.00105 -0.00105
-0.001075 -0.001075
-0.0011 -0.0011
-0.001125 -0.001125
-0.00115 -0.00115
-0.001175 -0.001175
-0.0012 -0.0012
-0.001225 -0.001225
-0.00125 -0.00125
-0.001275 -0.001275
-0.0013 -0.0013
-0.001325 -0.001325
-0.00135 -0.00135
-0.001375 -0.001375
-0.0014 -0.0014
-0.001425 -0.001425
-0.00145 -0.00145
-0.001475 -0.001475
-0.0015 -0.0015
-0.001525 -0.001525
-0.00155 -0.00155
-0.001575 -0.001575
-0.0016 -0.0016
-0.001625 -0.001625
-0.00165 -0.00165
-0.001675 -0.001675
-0.0017 -0.0017
-0.001725 -0.001725
-0.00175 -0.00175
-0.001775 -0.001775
-0.0018 -0.0018
-0.001825 -0.001825
-0.00185 -0.00185
-0.001875 -0.001875
-0.0019 -0.0019
-0.001925 -0.001925
-0.00195 -0.00195
-0.001975 -0.001975
-0.002 -0.002
-0.002025 -0.002025
-0.00205 -0.00205
-0.002075 -0.002075
-0.0021 -0.0021
-0.002125 -0.002125
-0.00215 -0.00215
-0.002175 -0.002175
-0.0022 -0.0022
-0.002225 -0.002225
-0.00225 -0.00225
-0.002275 -0.002275
-0.0023 -0.0023
-0.002325 -0.002325
-0.00235 -0.00235
-0.002375 -0.002375
-0.0024 -0.0024
-0.002425 -0.002425
-0.00245 -0.00245
-0.002475 -0.002475
-0.0025 -0.0025
-0.002525 -0.002525
-0.00255 -0.00255
-0.002575 -0.002575
-0.0026 -0.0026
-0.002625 -0.002625
-0.00265 -0.00265
-0.002675 -0.002675
-0.0027 -0.0027
-0.002725 -0.002725
-0.00275 -0.00275
-0.002775 -0.002775
-0.0028 -0.0028
-0.002825 -0.002825
-0.00285036 -0.00285
-0.00287674 -0.002875
-0.00290312 -0.0029
-0.0029295 -0.002925
-0.00295588 -0.00295
-0.00298226 -0.002975
-0.00300863 -0.003
-0.00303501 -0.003025
-0.00306139 -0.00305
-0.00308777 -0.003075
-0.00311415 -0.0031
-0.00314053 -0.003125
-0.00316691 -0.00315
-0.00319328 -0.003175
-0.00321966 -0.0032
-0.00324604 -0.003225
-0.00327242 -0.00325
-0.0032988 -0.003275
-0.00332518 -0.0033
-0.00335156 -0.003325
-0.00337794 -0.00335
-0.00340431 -0.003375
-0.00343069 -0.0034
-0.00345707 -0.003425
-0.00348345 -0.00345
-0.00350983 -0.003475
-0.00353621 -0.0035
-0.00356259 -0.003525
-0.00358896 -0.00355
-0.00361534 -0.003575
-0.00364172 -0.0036
-0.0036681 -0.003625
-0.00369448 -0.00365
-0.00372086 -0.003675
-0.00374724 -0.0037
-0.00377361 -0.003725
-0.00379999 -0.00375
-0.00382637 -0.003775
-0.00385275 -0.0038
-0.00387913 -0.003825
-0.00390551 -0.00385
-0.00393189 -0.003875
-0.00395827 -0.0039
-0.00398464 -0.003925
-0.00401102 -0.00395
-0.0040374 -0.003975
-0.00406378 -0.004
-0.00409016 -0.004025
-0.00411654 -0.00405
-0.00414292 -0.004075
-0.00416929 -0.0041
-0.00419567 -0.004125
-0.00422205 -0.00415
-0.00424843 -0.004175
-0.00427481 -0.0042
-0.00430119 -0.004225
-0.00432757 -0.00425
-0.00435395 -0.004275
-0.00438032 -0.0043
-0.0044067 -0.004325
-0.00443308 -0.00435
-0.00445946 -0.004375
-0.00448584 -0.0044
-0.00451222 -0.004425
-0.0045386 -0.00445
-0.00456497 -0.004475
-0.00459135 -0.0045
-0.00461773 -0.004525
-0.00464411 -0.00455
-0.00467049 -0.004575
-0.00469687 -0.0046
-0.00472325 -0.004625
-0.00474963 -0.00465
-0.004776 -0.004675
-0.00480238 -0.0047
-0.00482876 -0.004725
-0.00485514 -0.00475
-0.00488152 -0.004775
-0.0049079 -0.0048
-0.00493428 -0.004825
-0.00496065 -0.00485
-0.00498703 -0.004875
-0.00501341 -0.0049
-0.00503979 -0.004925
-0.00506617 -0.00495
-0.00509255 -0.004975
-0.00511893 -0.005
-0.00514531 -0.005025
-0.00517168 -0.00505
-0.00519806 -0.005075
-0.00522444 -0.0051
-0.00525082 -0.005125
-0.0052772 -0.00515
-0.00530358 -0.005175
-0.00532996 -0.0052
-0.00535633 -0.005225
-0.00538271 -0.00525
-0.00540909 -0.005275
-0.00543547 -0.0053
-0.00546185 -0.005325
-0.00548823 -0.00535
-0.00551461 -0.005375
-0.00554099 -0.0054
-0.00556736 -0.005425
-0.00559374 -0.00545
-0.00562012 -0.005475
-0.0056465 -0.0055
-0.00567288 -0.005525
-0.00569926 -0.00555
-0.00572564 -0.005575
-0.00575201 -0.0056
-0.00577839 -0.005625
-0.00580477 -0.00565
-0.00583115 -0.005675
-0.00585753 -0.0057
-0.00588391 -0.005725
-0.00591029 -0.00575
-0.00593667 -0.005775
-0.00596304 -0.0058
-0.00598942 -0.005825
-0.0060158 -0.00585
-0.00604218 -0.005875
-0.00606856 -0.0059
-0.00609494 -0.005925
-0.00612132 -0.00595
-0.00614769 -0.005975
-0.00617407 -0.006
-0.00620045 -0.006025
-0.00622683 -0.00605
-0.00625321 -0.006075
-0.00627959 -0.0061
-0.00630597 -0.006125
-0.00633234 -0.00615
-0.00635872 -0.006175
-0.0063851 -0.0062
-0.00641148 -0.006225
-0.00643786 -0.00625
-0.00646424 -0.006275
-0.00649062 -0.0063
-0.006517 -0.006325
-0.00654337 -0.00635
-0.00656975 -0.006375
-0.00659613 -0.0064
-0.00662251 -0.006425
-0.00664889 -0.00645
-0.00667527 -0.006475
-0.00670165 -0.0065
-0.00672802 -0.006525
-0.0067544 -0.00655
-0.00678078 -0.006575
-0.00680716 -0.0066
-0.00683354 -0.006625
-0.00685992 -0.00665
-0.0068863 -0.006675
-0.00691268 -0.0067
-0.00693905 -0.006725
-0.00696543 -0.00675
-0.00699181 -0.006775
-0.00701819 -0.0068
-0.00704457 -0.006825
-0.00707095 -0.00685
-0.00709733 -0.006875
-0.0071237 -0.0069
-0.00715008 -0.006925
-0.00717646 -0.00695
-0.00720284 -0.006975
-0.00722922 -0.007
-0.0072556 -0.007025
-0.00728198 -0.00705
-0.00730836 -0.007075
-0.00733473 -0.0071
-0.00736111 -0.007125
-0.00738749 -0.00715
-0.00741387 -0.007175
-0.00744025 -0.0072
-0.00746663 -0.007225
-0.00749301 -0.00725
-0.00751938 -0.007275
-0.00754576 -0.0073
-0.00757214 -0.007325
-0.00759852 -0.00735
-0.0076249 -0.007375
-0.00765128 -0.0074
-0.00767766 -0.007425
-0.00770404 -0.00745
-0.00773041 -0.007475
-0.00775679 -0.0075
-0.00778138 -0.007525
-0.00780596 -0.00755
-0.00783054 -0.007575
-0.00785513 -0.0076
-0.00787971 -0.007625
-0.0079043 -0.00765
-0.00792888 -0.007675
-0.00795346 -0.0077
-0.00797805 -0.007725
-0.00800263 -0.00775
-0.00802723 -0.007775
-0.00805182 -0.0078
-0.00807642 -0.007825
-0.00810102 -0.00785
-0.00812561 -0.007875
-0.00815021 -0.0079
-0.00817481 -0.007925
-0.00819941 -0.00795
-0.008224 -0.007975
-0.0082486 -0.008
-0.0082732 -0.008025
-0.00829779 -0.00805
-0.00832239 -0.008075
-0.00834699 -0.0081
-0.00837158 -0.008125
-0.00839618 -0.00815
-0.00842078 -0.008175
-0.00844537 -0.0082
-0.00846997 -0.008225
-0.00849457 -0.00825
-0.00851918 -0.008275
-0.00854379 -0.0083
-0.00856841 -0.008325
-0.00859302 -0.00835
-0.00861763 -0.008375
-0.00864224 -0.0084
-0.00866685 -0.008425
-0.00869146 -0.00845
-0.00871608 -0.008475
-0.00874069 -0.0085
-0.0087653 -0.008525
-0.00878991 -0.00855
-0.00881452 -0.008575
-0.00883913 -0.0086
-0.00886375 -0.008625
-0.00888836 -0.00865
-0.00891297 -0.008675
-0.00893758 -0.0087
-0.00896219 -0.008725
-0.00898681 -0.00875
-0.00896064 -0.008725
-0.00893447 -0.0087
-0.0089083 -0.008675
-0.00888213 -0.00865
-0.00885595 -0.008625
-0.00882978 -0.0086
-0.00880361 -0.008575
-0.00877744 -0.00855
-0.00875126 -0.008525
-0.00872509 -0.0085
-0.00869892 -0.008475
-0.00867275 -0.00845
-0.00864658 -0.008425
-0.0086204 -0.0084
-0.00859423 -0.008375
-0.00856806 -0.00835
-0.00854189 -0.008325
-0.00851572 -0.0083
-0.00848954 -0.008275
-0.00846337 -0.00825
-0.0084372 -0.008225
-0.00841103 -0.0082
-0.00838486 -0.008175
-0.00835868 -0.00815
-0.00833251 -0.008125
-0.00830634 -0.0081
-0.00828017 -0.008075
-0.008254 -0.00805
-0.00822782 -0.008025
-0.00820165 -0.008
-0.00817548 -0.007975
-0.00814931 -0.00795
-0.00812314 -0.007925
-0.00809696 -0.0079
-0.00807079 -0.007875
-0.00804462 -0.00785
-0.00801845 -0.007825
-0.00799227 -0.0078
-0.0079661 -0.007775
-0.00793993 -0.00775
-0.00791376 -0.007725
-0.00788759 -0.0077
-0.00786141 -0.007675
-0.00783524 -0.00765
-0.00780907 -0.007625
-0.0077829 -0.0076
-0.00775673 -0.007575
-0.00773055 -0.00755
-0.00770438 -0.007525
-0.00767821 -0.0075
-0.00765204 -0.007475
-0.00762587 -0.00745
-0.00759969 -0.007425
-0.00757352 -0.0074
-0.00754735 -0.007375
-0.00752118 -0.00735
-0.00749501 -0.007325
-0.00746883 -0.0073
-0.00744266 -0.007275
-0.00741649 -0.00725
-0.00739032 -0.007225
-0.00736415 -0.0072
-0.00733797 -0.007175
-0.0073118 -0.00715
-0.00728563 -0.007125
-0.00725946 -0.0071
-0.00723328 -0.007075
-0.00720711 -0.00705
-0.00718094 -0.007025
-0.00715477 -0.007
-0.0071286 -0.006975
-0.00710242 -0.00695
-0.00707625 -0.006925
-0.00705008 -0.0069
-0.00702391 -0.006875
-0.00699774 -0.00685
-0.00697156 -0.006825
-0.00694539 -0.0068
-0.00691922 -0.006775
-0.00689305 -0.00675
-0.00686688 -0.006725
-0.0068407 -0.0067
-0.00681453 -0.006675
-0.00678836 -0.00665
-0.00676219 -0.006625
-0.00673602 -0.0066
-0.00670984 -0.006575
-0.00668367 -0.00655
-0.0066575 -0.006525
-0.00663133 -0.0065
-0.00660516 -0.006475
-0.00657898 -0.00645
-0.00655281 -0.006425
-0.00652664 -0.0064
-0.00650047 -0.006375
-0.00647429 -0.00635
-0.00644812 -0.006325
-0.00642195 -0.0063
-0.00639578 -0.006275
-0.00636961 -0.00625
-0.00634343 -0.006225
-0.00631726 -0.0062
-0.00629109 -0.006175
-0.00626492 -0.00615
-0.00623875 -0.006125
-0.00621257 -0.0061
-0.0061864 -0.006075
-0.00616023 -0.00605
-0.00613406 -0.006025
-0.00610789 -0.006
-0.00608171 -0.005975
-0.00605554 -0.00595
-0.00602937 -0.005925
-0.0060032 -0.0059
-0.00597703 -0.005875
-0.00595085 -0.00585
-0.00592468 -0.005825
-0.00589851 -0.0058
-0.00587234 -0.005775
-0.00584617 -0.00575
-0.00581999 -0.005725
-0.00579382 -0.0057
-0.00576765 -0.005675
-0.00574148 -0.00565
-0.0057153 -0.005625
-0.00568913 -0.0056
-0.00566296 -0.005575
-0.00563679 -0.00555
-0.00561062 -0.005525
-0.00558444 -0.0055
-0.00555827 -0.005475
-0.0055321 -0.00545
-0.00550593 -0.005425
-0.00547976 -0.0054
-0.00545358 -0.005375
-0.00542741 -0.00535
-0.00540124 -0.005325
-0.00537507 -0.0053
-0.0053489 -0.005275
-0.00532272 -0.00525
-0.00529655 -0.005225
-0.00527038 -0.0052
-0.00524421 -0.005175
-0.00521804 -0.00515
-0.00519186 -0.005125
-0.00516569 -0.0051
-0.00513952 -0.005075
-0.00511335 -0.00505
-0.00508717 -0.005025
-0.005061 -0.005
-0.00503483 -0.004975
-0.00500866 -0.00495
-0.00498249 -0.004925
-0.00495631 -0.0049
-0.00493014 -0.004875
-0.00490397 -0.00485
-0.0048778 -0.004825
-0.00485163 -0.0048
-0.00482545 -0.004775
-0.00479928 -0.00475
-0.00477311 -0.004725
-0.00474694 -0.0047
-0.00472077 -0.004675
-0.00469459 -0.00465
-0.00466842 -0.004625
-0.00464225 -0.0046
-0.00461608 -0.004575
-0.00458991 -0.00455
-0.00456373 -0.004525
-0.00453756 -0.0045
-0.00451139 -0.004475
-0.00448522 -0.00445
-0.00445905 -0.004425
-0.00443287 -0.0044
-0.0044067 -0.004375
-0.00438053 -0.00435
-0.00435436 -0.004325
-0.00432818 -0.0043
-0.00430201 -0.004275
-0.00427584 -0.00425
-0.00424967 -0.004225
-0.0042235 -0.0042
-0.00419732 -0.004175
-0.00417115 -0.00415
-0.00414498 -0.004125
-0.00411881 -0.0041
-0.00409264 -0.004075
-0.00406646 -0.00405
-0.00404029 -0.004025
-0.00401412 -0.004
-0.00398795 -0.003975
-0.00396178 -0.00395
-0.0039356 -0.003925
-0.00390943 -0.0039
-0.00388326 -0.003875
-0.00385709 -0.00385
-0.00383092 -0.003825
-0.00380474 -0.0038
-0.00377857 -0.003775
-0.0037524 -0.00375
-0.00372623 -0.003725
-0.00370006 -0.0037
-0.003675 -0.003675
-0.00365 -0.00365
-0.003625 -0.003625
-0.0036 -0.0036
-0.003575 -0.003575
-0.00355 -0.00355
-0.003525 -0.003525
-0.0035 -0.0035
-0.003475 -0.003475
-0.00345 -0.00345
-0.003425 -0.003425
-0.0034 -0.0034
-0.003375 -0.003375
-0.00335 -0.00335
-0.003325 -0.003325
-0.0033 -0.0033
-0.003275 -0.003275
-0.00325 -0.00325
-0.003225 -0.003225
-0.0032 -0.0032
-0.003175 -0.003175
-0.00315 -0.00315
-0.003125 -0.003125
-0.0031 -0.0031
-0.003075 -0.003075
-0.00305 -0.00305
-0.003025 -0.003025
-0.003 -0.003
-0.002975 -0.002975
-0.00295 -0.00295
-0.002925 -0.002925
-0.0029 -0.0029
-0.002875 -0.002875
-0.00285 -0.00285
-0.002825 -0.002825
-0.0028 -0.0028
-0.002775 -0.002775
-0.00275 -0.00275
-0.002725 -0.002725
-0.0027 -0.0027
-0.002675 -0.002675
-0.00265 -0.00265
-0.002625 -0.002625
-0.0026 -0.0026
-0.002575 -0.002575
-0.00255 -0.00255
-0.002525 -0.002525
-0.0025 -0.0025
-0.002475 -0.002475
-0.00245 -0.00245
-0.002425 -0.002425
-0.0024 -0.0024
-0.002375 -0.002375
-0.00235 -0.00235
-0.002325 -0.002325
-0.0023 -0.0023
-0.002275 -0.002275
-0.00225 -0.00225
-0.002225 -0.002225
-0.0022 -0.0022
-0.002175 -0.002175
-0.00215 -0.00215
-0.002125 -0.002125
-0.0021 -0.0021
-0.002075 -0.002075
-0.00205 -0.00205
-0.002025 -0.002025
-0.002 -0.002
-0.001975 -0.001975
-0.00195 -0.00195
-0.001925 -0.001925
-0.0019 -0.0019
-0.001875 -0.001875
-0.00185 -0.00185
-0.001825 -0.001825
-0.0018 -0.0018
-0.001775 -0.001775
-0.00175 -0.00175
-0.001725 -0.001725
-0.0017 -0.0017
-0.001675 -0.001675
-0.00165 -0.00165
-0.001625 -0.001625
-0.0016 -0.0016
-0.001575 -0.001575
-0.00155 -0.00155
-0.001525 -0.001525
-0.0015 -0.0015
-0.001475 -0.001475
-0.00145 -0.00145
-0.001425 -0.001425
-0.0014 -0.0014
-0.001375 -0.001375
-0.00135 -0.00135
-0.001325 -0.001325
-0.0013 -0.0013
-0.001275 -0.001275
-0.00125 -0.00125
-0.001225 -0.001225
-0.0012 -0.0012
-0.001175 -0.001175
-0.00115 -0.00115
-0.001125 -0.001125
-0.0011 -0.0011
-0.001075 -0.001075
-0.00105 -0.00105
-0.001025 -0.001025
-0.001 -0.001
-0.000975 -0.000975
-0.00095 -0.00095
-0.000925 -0.000925
-0.0009 -0.0009
-0.000875 -0.000875
-0.00085 -0.00085
-0.000825 -0.000825
-0.0008 -0.0008
-0.000775 -0.000775
-0.00075 -0.00075
-0.000725 -0.000725
-0.0007 -0.0007
-0.000675 -0.000675
-0.00065 -0.00065
-0.000625 -0.000625
-0.0006 -0.0006
-0.000575 -0.000575
-0.00055 -0.00055
-0.000525 -0.000525
-0.0005 -0.0005
-0.000475 -0.000475
-0.00045 -0.00045
-0.000425 -0.000425
-0.0004 -0.0004
-0.000375 -0.000375
-0.00035 -0.00035
-0.000325 -0.000325
-0.0003 -0.0003
-0.000275 -0.000275
-0.00025 -0.00025
-0.000225 -0.000225
-0.0002 -0.0002
-0.000175 -0.000175
-0.00015 -0.00015
-0.000125 -0.000125
-0.0001 -0.0001
-7.5e-05 -7.5e-05
-5e-05 -5e-05
-2.5e-05 -2.5e-05
-9.28348e-19 -9.28348e-19
2.5e-05 2.5e-05
5e-05 5e-05
7.5e-05 7.5e-05
0.0001 0.0001
0.000125 0.000125
0.00015 0.00015
0.000175 0.000175
0.0002 0.0002
0.000225 0.000225
0.00025 0.00025
0.000275 0.000275
0.0003 0.0003
0.000325 0.000325
0.00035 0.00035
0.000375 0.000375
0.0004 0.0004
0.000425 0.000425
0.00045 0.00045
0.000475 0.000475
0.0005 0.0005
0.000525 0.000525
0.00055 0.00055
0.000575 0.000575
0.0006 0.0006
0.000625 0.000625
0.00065 0.00065
0.000675 0.000675
0.0007 0.0007
0.000725 0.000725
0.00075 0.00075
0.000775 0.000775
0.0008 0.0008
0.000825 0.000825
0.00085 0.00085
0.000875 0.000875
0.00085 0.00085
0.000825 0.000825
0.0008 0.0008
0.000775 0.000775
0.00075 0.00075
0.000725 0.000725
0.0007 0.0007
0.000675 0.000675
0.00065 0.00065
0.000625 0.000625
0.0006 0.0006
0.000575 0.000575
0.00055 0.00055
0.000525 0.000525
0.0005 0.0005
0.000475 0.000475
0.00045 0.00045
0.000425 0.000425
0.0004 0.0004
0.000375 0.000375
0.00035 0.00035
0.000325 0.000325
0.0003 0.0003
0.000275 0.000275
0.00025 0.00025
0.000225 0.000225
0.0002 0.0002
0.000175 0.000175
0.00015 0.00015
0.000125 0.000125
0.0001 0.0001
7.5e-05 7.5e-05
5e-05 5e-05
2.5e-05 2.5e-05
-9.14796e-19 -9.14796e-19
