-2.8649e-05 -2.5e-05
-5.72789e-05 -5e-05
-8.58897e-05 -7.5e-05
-0.000114481 -0.0001
-0.000143054 -0.000125
-0.000171607 -0.00015
-0.00020014 -0.000175
-0.000228655 -0.0002
-0.000257149 -0.000225
-0.000285625 -0.00025
-0.00031408 -0.000275
-0.000342516 -0.0003
-0.000370933 -0.000325
-0.00039933 -0.00035
-0.000427706 -0.000375
-0.000456064 -0.0004
-0.000484401 -0.000425
-0.000512718 -0.00045
-0.000541015 -0.000475
-0.000569292 -0.0005
-0.00059755 -0.000525
-0.000625787 -0.00055
-0.000654003 -0.000575
-0.0006822 -0.0006
-0.000710376 -0.000625
-0.000738531 -0.00065
-0.000766667 -0.000675
-0.000794781 -0.0007
-0.000822876 -0.000725
-0.000850949 -0.00075
-0.000879002 -0.000775
-0.000907034 -0.0008
-0.000935045 -0.000825
-0.000963036 -0.00085
-0.000991005 -0.000875
-0.00101895 -0.0009
-0.00104688 -0.000925
-0.00107479 -0.00095
-0.00110267 -0.000975
-0.00113054 -0.001
-0.00115838 -0.001025
-0.0011862 -0.00105
-0.001214 -0.001075
-0.00124178 -0.0011
-0.00126954 -0.001125
-0.00129727 -0.00115
-0.00132499 -0.001175
-0.00135268 -0.0012
-0.00138035 -0.001225
-0.001408 -0.00125
-0.00137934 -0.001225
-0.00135068 -0.0012
-0.00132202 -0.001175
-0.00129336 -0.00115
-0.0012647 -0.001125
-0.00123605 -0.0011
-0.00120739 -0.001075
-0.00117873 -0.00105
-0.00115007 -0.001025
-0.00112141 -0.001
-0.00109275 -0.000975
-0.00106409 -0.00095
-0.00103544 -0.000925
-0.00100678 -0.0009
-0.000978119 -0.000875
-0.000949461 -0.00085
-0.000920802 -0.000825
-0.000892143 -0.0008
-0.000863485 -0.000775
-0.000834826 -0.00075
-0.000806168 -0.000725
-0.000777509 -0.0007
-0.000748851 -0.000675
-0.000720192 -0.00065
-0.000691534 -0.000625
-0.000662875 -0.0006
-0.000634217 -0.000575
-0.000605558 -0.00055
-0.0005769 -0.000525
-0.000548241 -0.0005
-0.000519583 -0.000475
-0.000490924 -0.00045
-0.000462265 -0.000425
-0.000433607 -0.0004
-0.000404948 -0.000375
-0.00037629 -0.00035
-0.000347631 -0.000325
-0.000318973 -0.0003
-0.000290376 -0.000275
-0.000263601 -0.00025
-0.000236826 -0.000225
-0.000210051 -0.0002
-0.000183275 -0.000175
-0.0001565 -0.00015
-0.000129725 -0.000125
-0.00010295 -0.0001
-7.61747e-05 -7.5e-05
-4.87625e-05 -5e-05
-2.0104e-05 -2.5e-05
8.55457e-06 -6.09864e-20
3.72131e-05 2.5e-05
6.58716e-05 5e-05
9.45302e-05 7.5e-05
0.000123189 0.0001
0.000151847 0.000125
0.000123189 0.0001
9.45302e-05 7.5e-05
6.58716e-05 5e-05
3.72131e-05 2.5e-05
8.55457e-06 -4.74338e-20
-2.0104e-05 -2.5e-05
-4.87625e-05 -5e-05
-7.71937e-05 -7.5e-05
-0.000105509 -0.0001
-0.000133824 -0.000125
-0.000162139 -0.00015
-0.000190454 -0.000175
-0.000218769 -0.0002
-0.000247083 -0.000225
-0.000275398 -0.00025
-0.000303713 -0.000275
-0.000332028 -0.0003
-0.000360343 -0.000325
-0.000388658 -0.00035
-0.000416973 -0.000375
-0.000445288 -0.0004
-0.000473603 -0.000425
-0.000501918 -0.00045
-0.000530233 -0.000475
-0.000558548 -0.0005
-0.000586863 -0.000525
-0.000615178 -0.00055
-0.000643493 -0.000575
-0.000671808 -0.0006
-0.000700123 -0.000625
-0.000728438 -0.00065
-0.000756753 -0.000675
-0.000785068 -0.0007
-0.000813383 -0.000725
-0.000841698 -0.00075
-0.000870013 -0.000775
-0.000898328 -0.0008
-0.000926643 -0.000825
-0.000954958 -0.00085
-0.000983273 -0.000875
-0.00101159 -0.0009
-0.0010399 -0.000925
-0.00106822 -0.00095
-0.00109653 -0.000975
-0.00112485 -0.001
-0.00115316 -0.001025
-0.00118148 -0.00105
-0.00120979 -0.001075
-0.00123811 -0.0011
-0.00126642 -0.001125
-0.00129474 -0.00115
-0.00132305 -0.001175
-0.00135137 -0.0012
-0.00137968 -0.001225
-0.001408 -0.00125
-0.00143562 -0.001275
-0.00146323 -0.0013
-0.00149081 -0.001325
-0.00151837 -0.00135
-0.00154591 -0.001375
-0.00157343 -0.0014
-0.00160092 -0.001425
-0.00162839 -0.00145
-0.00165584 -0.001475
-0.00168327 -0.0015
-0.00171067 -0.001525
-0.00173805 -0.00155
-0.00176541 -0.001575
-0.00179274 -0.0016
-0.00182006 -0.001625
-0.00184735 -0.00165
-0.00187461 -0.001675
-0.00190186 -0.0017
-0.00192908 -0.001725
-0.00195628 -0.00175
-0.00198345 -0.001775
-0.0020106 -0.0018
-0.00203773 -0.001825
-0.00206483 -0.00185
-0.00209191 -0.001875
-0.00211897 -0.0019
-0.002146 -0.001925
-0.00217301 -0.00195
-0.0022 -0.001975
-0.00222696 -0.002
-0.0022539 -0.002025
-0.00228081 -0.00205
-0.0023077 -0.002075
-0.00233457 -0.0021
-0.00236141 -0.002125
-0.00238823 -0.00215
-0.00241502 -0.002175
-0.00244179 -0.0022
-0.00246853 -0.002225
-0.00249525 -0.00225
-0.00252194 -0.002275
-0.00254861 -0.0023
-0.00257525 -0.002325
-0.00260187 -0.00235
-0.00262847 -0.002375
-0.00265503 -0.0024
-0.00268158 -0.002425
-0.0027081 -0.00245
-0.00273459 -0.002475
-0.00276105 -0.0025
-0.0027875 -0.002525
-0.00281391 -0.00255
-0.0028403 -0.002575
-0.00286667 -0.0026
-0.00289301 -0.002625
-0.00291932 -0.00265
-0.0029456 -0.002675
-0.00297186 -0.0027
-0.0029981 -0.002725
-0.00302431 -0.00275
-0.00305049 -0.002775
-0.00307664 -0.0028
-0.00310277 -0.002825
-0.00312887 -0.00285
-0.00315494 -0.002875
-0.00318099 -0.0029
-0.00320701 -0.002925
-0.00323301 -0.00295
-0.00325897 -0.002975
-0.00328491 -0.003
-0.00331082 -0.003025
-0.00333671 -0.00305
-0.00336257 -0.003075
-0.00338839 -0.0031
-0.0034142 -0.003125
-0.00343997 -0.00315
-0.00346572 -0.003175
-0.00349143 -0.0032
-0.00351712 -0.003225
-0.00354278 -0.00325
-0.00356842 -0.003275
-0.00359402 -0.0033
-0.0036196 -0.003325
-0.00364515 -0.00335
-0.00367067 -0.003375
-0.00369616 -0.0034
-0.00372162 -0.003425
-0.00374705 -0.00345
-0.00377245 -0.003475
-0.00379783 -0.0035
-0.00382317 -0.003525
-0.00384849 -0.00355
-0.00387377 -0.003575
-0.00389903 -0.0036
-0.00392426 -0.003625
-0.00394945 -0.00365
-0.00397462 -0.003675
-0.00399976 -0.0037
-0.00402486 -0.003725
-0.00404994 -0.00375
-0.00402128 -0.003725
-0.00399262 -0.0037
-0.00396396 -0.003675
-0.0039353 -0.00365
-0.00390665 -0.003625
-0.00387799 -0.0036
-0.00384933 -0.003575
-0.00382067 -0.00355
-0.00379201 -0.003525
-0.00376335 -0.0035
-0.0037347 -0.003475
-0.00370604 -0.00345
-0.00367738 -0.003425
-0.00364872 -0.0034
-0.00362006 -0.003375
-0.0035914 -0.00335
-0.00356274 -0.003325
-0.00353409 -0.0033
-0.00350543 -0.003275
-0.00347677 -0.00325
-0.00344811 -0.003225
-0.00341945 -0.0032
-0.00339079 -0.003175
-0.00336213 -0.00315
-0.00333348 -0.003125
-0.00330482 -0.0031
-0.00327616 -0.003075
-0.0032475 -0.00305
-0.00321884 -0.003025
-0.00319018 -0.003
-0.00316152 -0.002975
-0.00313287 -0.00295
-0.00310421 -0.002925
-0.00307555 -0.0029
-0.00304689 -0.002875
-0.00301823 -0.00285
-0.00298957 -0.002825
-0.00296091 -0.0028
-0.00293226 -0.002775
-0.0029036 -0.00275
-0.00287494 -0.002725
-0.00284628 -0.0027
-0.00281762 -0.002675
-0.00278896 -0.00265
-0.0027603 -0.002625
-0.00273165 -0.0026
-0.00270299 -0.002575
-0.00267433 -0.00255
-0.00264567 -0.002525
-0.00261701 -0.0025
-0.00258835 -0.002475
-0.0025597 -0.00245
-0.00253104 -0.002425
-0.00250238 -0.0024
-0.00247372 -0.002375
-0.00244506 -0.00235
-0.0024164 -0.002325
-0.00238967 -0.0023
-0.00236351 -0.002275
-0.00233735 -0.00225
-0.00231119 -0.002225
-0.00228503 -0.0022
-0.00225887 -0.002175
-0.00223271 -0.00215
-0.00220655 -0.002125
-0.00218039 -0.0021
-0.00215423 -0.002075
-0.00212807 -0.00205
-0.00210191 -0.002025
-0.00207575 -0.002
-0.00204959 -0.001975
-0.00202343 -0.00195
-0.00199727 -0.001925
-0.00197111 -0.0019
-0.00194495 -0.001875
-0.00191879 -0.00185
-0.00189263 -0.001825
-0.00186647 -0.0018
-0.00184031 -0.001775
-0.00181415 -0.00175
-0.00178799 -0.001725
-0.00176183 -0.0017
-0.00173568 -0.001675
-0.00170952 -0.00165
-0.00168336 -0.001625
-0.0016572 -0.0016
-0.00163104 -0.001575
-0.00160488 -0.00155
-0.00157872 -0.001525
-0.00155256 -0.0015
-0.0015264 -0.001475
-0.00150024 -0.00145
-0.00147408 -0.001425
-0.00144792 -0.0014
-0.00142176 -0.001375
-0.0013956 -0.00135
-0.00136944 -0.001325
-0.00134328 -0.0013
-0.00131712 -0.001275
-0.00129096 -0.00125
-0.0012648 -0.001225
-0.00123864 -0.0012
-0.00121248 -0.001175
-0.00118632 -0.00115
-0.00116016 -0.001125
-0.001134 -0.0011
-0.00110784 -0.001075
-0.00108168 -0.00105
-0.00105552 -0.001025
-0.00102936 -0.001
-0.0010032 -0.000975
-0.000977045 -0.00095
-0.000950886 -0.000925
-0.000924726 -0.0009
-0.000898566 -0.000875
-0.000872407 -0.00085
-0.000846247 -0.000825
-0.000820087 -0.0008
-0.000793928 -0.000775
-0.000767768 -0.00075
-0.000741608 -0.000725
-0.000715449 -0.0007
-0.000689289 -0.000675
-0.000663129 -0.00065
-0.00063697 -0.000625
-0.00061081 -0.0006
-0.00058465 -0.000575
-0.000558491 -0.00055
-0.000532331 -0.000525
-0.000506171 -0.0005
-0.000480012 -0.000475
-0.000453852 -0.00045
-0.000427693 -0.000425
-0.000401533 -0.0004
-0.000375373 -0.000375
-0.000347519 -0.00035
-0.00031886 -0.000325
-0.000290202 -0.0003
-0.000261543 -0.000275
-0.000232885 -0.00025
-0.000204226 -0.000225
-0.000175568 -0.0002
-0.000146909 -0.000175
-0.000118251 -0.00015
-8.95922e-05 -0.000125
-6.09336e-05 -0.0001
-3.96551e-05 -7.5e-05
-2.09051e-05 -5e-05
-2.15507e-06 -2.5e-05
1.65949e-05 -6.09864e-20
3.53449e-05 2.5e-05
5.40949e-05 5e-05
7.5e-05 7.5e-05
0.0001 0.0001
0.000125 0.000125
0.00015 0.00015
0.000175 0.000175
0.0002 0.0002
0.000225 0.000225
0.00025 0.00025
0.000275 0.000275
0.0003 0.0003
0.000325 0.000325
0.00035 0.00035
0.000375 0.000375
0.00035 0.00035
0.000325 0.000325
0.0003 0.0003
0.000275 0.000275
0.00025 0.00025
0.000225 0.000225
0.0002 0.0002
0.000175 0.000175
0.00015 0.00015
0.000125 0.000125
0.0001 0.0001
7.5e-05 7.5e-05
5e-05 5e-05
2.5e-05 2.5e-05
-4.74338e-20 -4.74338e-20
-2.5e-05 -2.5e-05
-5e-05 -5e-05
-7.5e-05 -7.5e-05
-0.0001 -0.0001
-0.000125 -0.000125
-0.00015 -0.00015
-0.000175 -0.000175
-0.0002 -0.0002
-0.000225 -0.000225
-0.00025 -0.00025
-0.000275 -0.000275
-0.0003 -0.0003
-0.000325 -0.000325
-0.00035 -0.00035
-0.000375713 -0.000375
-0.00040293 -0.0004
-0.000430146 -0.000425
-0.000457363 -0.00045
-0.000484579 -0.000475
-0.000511796 -0.0005
-0.000539012 -0.000525
-0.000566229 -0.00055
-0.000593445 -0.000575
-0.000620662 -0.0006
-0.000647878 -0.000625
-0.000675095 -0.00065
-0.000702311 -0.000675
-0.000729528 -0.0007
-0.000756744 -0.000725
-0.000783961 -0.00075
-0.000811177 -0.000775
-0.000838394 -0.0008
-0.00086561 -0.000825
-0.000892827 -0.00085
-0.000920043 -0.000875
-0.00094726 -0.0009
-0.000974476 -0.000925
-0.00100169 -0.00095
-0.00102891 -0.000975
-0.00105613 -0.001
-0.00108334 -0.001025
-0.00111056 -0.00105
-0.00113777 -0.001075
-0.00116499 -0.0011
-0.00119221 -0.001125
-0.00121942 -0.00115
-0.00124664 -0.001175
-0.00127386 -0.0012
-0.00130107 -0.001225
-0.00132829 -0.00125
-0.00135551 -0.001275
-0.00138272 -0.0013
-0.00140994 -0.001325
-0.00143716 -0.00135
-0.00146437 -0.001375
-0.00149159 -0.0014
-0.00151881 -0.001425
-0.00154602 -0.00145
-0.00157324 -0.001475
-0.00160046 -0.0015
-0.00162767 -0.001525
-0.00165489 -0.00155
-0.0016821 -0.001575
-0.00170932 -0.0016
-0.00173654 -0.001625
-0.00176375 -0.00165
-0.00179097 -0.001675
-0.00181819 -0.0017
-0.0018454 -0.001725
-0.00187262 -0.00175
-0.00189984 -0.001775
-0.00192705 -0.0018
-0.00195427 -0.001825
-0.00198149 -0.00185
-0.0020087 -0.001875
-0.00203592 -0.0019
-0.00206314 -0.001925
-0.00209035 -0.00195
-0.00211757 -0.001975
-0.00214478 -0.002
-0.002172 -0.002025
-0.00219922 -0.00205
-0.00222643 -0.002075
-0.00225365 -0.0021
-0.00228087 -0.002125
-0.00230808 -0.00215
-0.0023353 -0.002175
-0.00236252 -0.0022
-0.00238973 -0.002225
-0.00241695 -0.00225
-0.00244417 -0.002275
-0.00247138 -0.0023
-0.0024986 -0.002325
-0.00252582 -0.00235
-0.00255303 -0.002375
-0.00258025 -0.0024
-0.00260747 -0.002425
-0.00263468 -0.00245
-0.0026619 -0.002475
-0.00268911 -0.0025
-0.00271633 -0.002525
-0.00274355 -0.00255
-0.00277076 -0.002575
-0.00279798 -0.0026
-0.0028252 -0.002625
-0.00285241 -0.00265
-0.00287963 -0.002675
-0.00290685 -0.0027
-0.00293406 -0.002725
-0.00296128 -0.00275
-0.0029885 -0.002775
-0.00301571 -0.0028
-0.00304293 -0.002825
-0.00307015 -0.00285
-0.00309736 -0.002875
-0.00312458 -0.0029
-0.00315179 -0.002925
-0.00317901 -0.00295
-0.00320623 -0.002975
-0.00323344 -0.003
-0.00326066 -0.003025
-0.00328788 -0.00305
-0.00331509 -0.003075
-0.00334231 -0.0031
-0.00336953 -0.003125
-0.00339674 -0.00315
-0.00342396 -0.003175
-0.00345118 -0.0032
-0.00347839 -0.003225
-0.00350561 -0.00325
-0.00353283 -0.003275
-0.00356004 -0.0033
-0.00358726 -0.003325
-0.00361448 -0.00335
-0.00364169 -0.003375
-0.00366891 -0.0034
-0.00369612 -0.003425
-0.00372334 -0.00345
-0.00375056 -0.003475
-0.00377777 -0.0035
-0.00380499 -0.003525
-0.00383221 -0.00355
-0.00385942 -0.003575
-0.00388664 -0.0036
-0.00391386 -0.003625
-0.00394107 -0.00365
-0.00396829 -0.003675
-0.00399551 -0.0037
-0.00402272 -0.003725
-0.00404994 -0.00375
-0.00407498 -0.003775
-0.0041 -0.0038
-0.00412396 -0.003825
-0.00414792 -0.00385
-0.00417187 -0.003875
-0.00419583 -0.0039
-0.00421979 -0.003925
-0.00424375 -0.00395
-0.00426771 -0.003975
-0.00429167 -0.004
-0.00431562 -0.004025
-0.00433958 -0.00405
-0.00436354 -0.004075
-0.0043875 -0.0041
-0.00441146 -0.004125
-0.00443542 -0.00415
-0.00445937 -0.004175
-0.00448333 -0.0042
-0.00450729 -0.004225
-0.00453125 -0.00425
-0.00455521 -0.004275
-0.00457917 -0.0043
-0.00460312 -0.004325
-0.00462708 -0.00435
-0.00465104 -0.004375
-0.004675 -0.0044
-0.00469896 -0.004425
-0.00472292 -0.00445
-0.00474687 -0.004475
-0.00477083 -0.0045
-0.00479479 -0.004525
-0.00481875 -0.00455
-0.00484271 -0.004575
-0.00486667 -0.0046
-0.00489062 -0.004625
-0.00491458 -0.00465
-0.00493854 -0.004675
-0.0049625 -0.0047
-0.00498646 -0.004725
-0.00501042 -0.00475
-0.00503437 -0.004775
-0.00505833 -0.0048
-0.00508229 -0.004825
-0.00510625 -0.00485
-0.00513021 -0.004875
-0.00515417 -0.0049
-0.00517812 -0.004925
-0.00520208 -0.00495
-0.00522604 -0.004975
-0.00525 -0.005
-0.00522134 -0.004975
-0.00519268 -0.00495
-0.00516402 -0.004925
-0.00513537 -0.0049
-0.00510671 -0.004875
-0.00507805 -0.00485
-0.00504939 -0.004825
-0.00502073 -0.0048
-0.00499207 -0.004775
-0.00496341 -0.00475
-0.00493476 -0.004725
-0.0049061 -0.0047
-0.00487744 -0.004675
-0.00484878 -0.00465
-0.00482012 -0.004625
-0.00479146 -0.0046
-0.0047628 -0.004575
-0.00473415 -0.00455
-0.00470549 -0.004525
-0.00467683 -0.0045
-0.00464817 -0.004475
-0.00461951 -0.00445
-0.00459085 -0.004425
-0.0045622 -0.0044
-0.00453354 -0.004375
-0.00450488 -0.00435
-0.00447622 -0.004325
-0.00444756 -0.0043
-0.0044189 -0.004275
-0.00439024 -0.00425
-0.00436159 -0.004225
-0.00433293 -0.0042
-0.00430427 -0.004175
-0.00427561 -0.00415
-0.00424695 -0.004125
-0.00421829 -0.0041
-0.00418963 -0.004075
-0.00416098 -0.00405
-0.00413232 -0.004025
-0.00410366 -0.004
-0.004075 -0.003975
-0.00404651 -0.00395
-0.00402074 -0.003925
-0.00399497 -0.0039
-0.0039692 -0.003875
-0.00394343 -0.00385
-0.00391766 -0.003825
-0.00389189 -0.0038
-0.00386612 -0.003775
-0.00384035 -0.00375
-0.00381458 -0.003725
-0.00378881 -0.0037
-0.00376304 -0.003675
-0.00373727 -0.00365
-0.0037115 -0.003625
-0.00368573 -0.0036
-0.00365996 -0.003575
-0.00363419 -0.00355
-0.00360842 -0.003525
-0.00358265 -0.0035
-0.00355688 -0.003475
-0.0035311 -0.00345
-0.00350533 -0.003425
-0.00347956 -0.0034
-0.00345379 -0.003375
-0.00342802 -0.00335
-0.00340225 -0.003325
-0.00337648 -0.0033
-0.00335071 -0.003275
-0.00332494 -0.00325
-0.00329917 -0.003225
-0.0032734 -0.0032
-0.00324763 -0.003175
-0.00322186 -0.00315
-0.00319609 -0.003125
-0.00317032 -0.0031
-0.00314455 -0.003075
-0.00311878 -0.00305
-0.00309301 -0.003025
-0.00306724 -0.003
-0.00304147 -0.002975
-0.0030157 -0.00295
-0.00298993 -0.002925
-0.00296416 -0.0029
-0.00293839 -0.002875
-0.00291262 -0.00285
-0.00288685 -0.002825
-0.00286108 -0.0028
-0.00283531 -0.002775
-0.00280954 -0.00275
-0.00278377 -0.002725
-0.002758 -0.0027
-0.00273223 -0.002675
-0.00270646 -0.00265
-0.00268069 -0.002625
-0.00265492 -0.0026
-0.00262915 -0.002575
-0.00260338 -0.00255
-0.00257761 -0.002525
-0.00255184 -0.0025
-0.00252607 -0.002475
-0.0025003 -0.00245
-0.00247453 -0.002425
-0.00244876 -0.0024
-0.00242299 -0.002375
-0.00239722 -0.00235
-0.00237145 -0.002325
-0.00234568 -0.0023
-0.00231991 -0.002275
-0.00229414 -0.00225
-0.00226837 -0.002225
-0.0022426 -0.0022
-0.00221683 -0.002175
-0.00219106 -0.00215
-0.00216529 -0.002125
-0.00213952 -0.0021
-0.00211375 -0.002075
-0.00208798 -0.00205
-0.00206221 -0.002025
-0.00203644 -0.002
-0.00201067 -0.001975
-0.0019849 -0.00195
-0.00195913 -0.001925
-0.00193336 -0.0019
-0.00190759 -0.001875
-0.00188182 -0.00185
-0.00185605 -0.001825
-0.00183028 -0.0018
-0.00180451 -0.001775
-0.00177874 -0.00175
-0.00175297 -0.001725
-0.0017272 -0.0017
-0.00170143 -0.001675
-0.00167566 -0.00165
-0.00164989 -0.001625
-0.00162412 -0.0016
-0.00159835 -0.001575
-0.00157258 -0.00155
-0.00154681 -0.001525
-0.00152104 -0.0015
-0.00149527 -0.001475
-0.0014695 -0.00145
-0.00144373 -0.001425
-0.00141796 -0.0014
-0.00139219 -0.001375
-0.00136642 -0.00135
-0.00134065 -0.001325
-0.00131488 -0.0013
-0.00128911 -0.001275
-0.00126334 -0.00125
-0.00123757 -0.001225
-0.0012118 -0.0012
-0.00118603 -0.001175
-0.00116026 -0.00115
-0.00113449 -0.001125
-0.00110872 -0.0011
-0.00108295 -0.001075
-0.00105718 -0.00105
-0.00103141 -0.001025
-0.00100564 -0.001
-0.000979866 -0.000975
-0.000954096 -0.00095
-0.000928326 -0.000925
-0.000902556 -0.0009
-0.000876786 -0.000875
-0.000851016 -0.00085
-0.000825246 -0.000825
-0.0008 -0.0008
-0.000775 -0.000775
-0.00075 -0.00075
-0.000725 -0.000725
-0.0007 -0.0007
-0.000675 -0.000675
-0.00065 -0.00065
-0.000625 -0.000625
-0.0006 -0.0006
-0.000575 -0.000575
-0.00055 -0.00055
-0.000525 -0.000525
-0.0005 -0.0005
-0.000475 -0.000475
-0.00045 -0.00045
-0.000425 -0.000425
-0.0004 -0.0004
-0.000375 -0.000375
-0.00035 -0.00035
-0.000325 -0.000325
-0.0003 -0.0003
-0.000275 -0.000275
-0.00025 -0.00025
-0.000225 -0.000225
-0.0002 -0.0002
-0.000175 -0.000175
-0.00015 -0.00015
-0.000125 -0.000125
-0.0001 -0.0001
-7.5e-05 -7.5e-05
-5e-05 -5e-05
-2.5e-05 -2.5e-05
-6.09864e-20 -6.09864e-20
2.5e-05 2.5e-05
5e-05 5e-05
7.5e-05 7.5e-05
0.0001 0.0001
0.000125 0.000125
0.00015 0.00015
0.000175 0.000175
0.0002 0.0002
0.000225 0.000225
0.00025 0.00025
0.000275 0.000275
0.0003 0.0003
0.000325 0.000325
0.00035 0.00035
0.000375 0.000375
0.0004 0.0004
0.000425 0.000425
0.00045 0.00045
0.000475 0.000475
0.0005 0.0005
0.000475 0.000475
0.00045 0.00045
0.000425 0.000425
0.0004 0.0004
0.000375 0.000375
0.00035 0.00035
0.000325 0.000325
0.0003 0.0003
0.000275 0.000275
0.00025 0.00025
0.000225 0.000225
0.0002 0.0002
0.000175 0.000175
0.00015 0.00015
0.000125 0.000125
0.0001 0.0001
7.5e-05 7.5e-05
5e-05 5e-05
2.5e-05 2.5e-05
-4.74338e-20 -4.74338e-20
-2.5e-05 -2.5e-05
-5e-05 -5e-05
-7.5e-05 -7.5e-05
-0.0001 -0.0001
-0.000125 -0.000125
-0.00015 -0.00015
-0.000175 -0.000175
-0.0002 -0.0002
-0.000225 -0.000225
-0.00025 -0.00025
-0.000275 -0.000275
-0.0003 -0.0003
-0.000325 -0.000325
-0.00035 -0.00035
-0.000375 -0.000375
-0.0004 -0.0004
-0.000425 -0.000425
-0.00045 -0.00045
-0.000475 -0.000475
-0.0005 -0.0005
-0.000525 -0.000525
-0.00055 -0.00055
-0.000575 -0.000575
-0.0006 -0.0006
-0.000625 -0.000625
-0.00065 -0.00065
-0.000675 -0.000675
-0.0007 -0.0007
-0.000725 -0.000725
-0.00075 -0.00075
-0.000775 -0.000775
-0.0008 -0.0008
-0.000825477 -0.000825
-0.000851971 -0.00085
-0.000878465 -0.000875
-0.000904959 -0.0009
-0.000931453 -0.000925
-0.000957947 -0.00095
-0.000984442 -0.000975
-0.00101094 -0.001
-0.00103743 -0.001025
-0.00106392 -0.00105
-0.00109042 -0.001075
-0.00111691 -0.0011
-0.00114341 -0.001125
-0.0011699 -0.00115
-0.00119639 -0.001175
-0.00122289 -0.0012
-0.00124938 -0.001225
-0.00127588 -0.00125
-0.00130237 -0.001275
-0.00132887 -0.0013
-0.00135536 -0.001325
-0.00138185 -0.00135
-0.00140835 -0.001375
-0.00143484 -0.0014
-0.00146134 -0.001425
-0.00148783 -0.00145
-0.00151432 -0.001475
-0.00154082 -0.0015
-0.00156731 -0.001525
-0.00159381 -0.00155
-0.0016203 -0.001575
-0.0016468 -0.0016
-0.00167329 -0.001625
-0.00169978 -0.00165
-0.00172628 -0.001675
-0.00175277 -0.0017
-0.00177927 -0.001725
-0.00180576 -0.00175
-0.00183225 -0.001775
-0.00185875 -0.0018
-0.00188524 -0.001825
-0.00191174 -0.00185
-0.00193823 -0.001875
-0.00196473 -0.0019
-0.00199122 -0.001925
-0.00201771 -0.00195
-0.00204421 -0.001975
-0.0020707 -0.002
-0.0020972 -0.002025
-0.00212369 -0.00205
-0.00215018 -0.002075
-0.00217668 -0.0021
-0.00220317 -0.002125
-0.00222967 -0.00215
-0.00225616 -0.002175
-0.00228266 -0.0022
-0.00230915 -0.002225
-0.00233564 -0.00225
-0.00236214 -0.002275
-0.00238863 -0.0023
-0.00241513 -0.002325
-0.00244162 -0.00235
-0.00246811 -0.002375
-0.00249461 -0.0024
-0.0025211 -0.002425
-0.0025476 -0.00245
-0.00257409 -0.002475
-0.00260058 -0.0025
-0.00262708 -0.002525
-0.00265357 -0.00255
-0.00268007 -0.002575
-0.00270656 -0.0026
-0.00273306 -0.002625
-0.00275955 -0.00265
-0.00278604 -0.002675
-0.00281254 -0.0027
-0.00283903 -0.002725
-0.00286553 -0.00275
-0.00289202 -0.002775
-0.00291851 -0.0028
-0.00294501 -0.002825
-0.0029715 -0.00285
-0.002998 -0.002875
-0.00302449 -0.0029
-0.00305099 -0.002925
-0.00307748 -0.00295
-0.00310397 -0.002975
-0.00313047 -0.003
-0.00315696 -0.003025
-0.00318346 -0.00305
-0.00320995 -0.003075
-0.00323644 -0.0031
-0.00326294 -0.003125
-0.00328943 -0.00315
-0.00331593 -0.003175
-0.00334242 -0.0032
-0.00336892 -0.003225
-0.00339541 -0.00325
-0.0034219 -0.003275
-0.0034484 -0.0033
-0.00347489 -0.003325
-0.00350139 -0.00335
-0.00352788 -0.003375
-0.00355437 -0.0034
-0.00358087 -0.003425
-0.00360736 -0.00345
-0.00363386 -0.003475
-0.00366035 -0.0035
-0.00368685 -0.003525
-0.00371334 -0.00355
-0.00373983 -0.003575
-0.00376633 -0.0036
-0.00379282 -0.003625
-0.00381932 -0.00365
-0.00384581 -0.003675
-0.0038723 -0.0037
-0.0038988 -0.003725
-0.00392529 -0.00375
-0.00395179 -0.003775
-0.00397828 -0.0038
-0.00400477 -0.003825
-0.00403127 -0.00385
-0.00405776 -0.003875
-0.00408426 -0.0039
-0.00411075 -0.003925
-0.00413725 -0.00395
-0.00416374 -0.003975
-0.00419023 -0.004
-0.00421673 -0.004025
-0.00424322 -0.00405
-0.00426972 -0.004075
-0.00429621 -0.0041
-0.0043227 -0.004125
-0.0043492 -0.00415
-0.00437569 -0.004175
-0.00440219 -0.0042
-0.00442868 -0.004225
-0.00445518 -0.00425
-0.00448167 -0.004275
-0.00450816 -0.0043
-0.00453466 -0.004325
-0.00456115 -0.00435
-0.00458765 -0.004375
-0.00461414 -0.0044
-0.00464063 -0.004425
-0.00466713 -0.00445
-0.00469362 -0.004475
-0.00472012 -0.0045
-0.00474661 -0.004525
-0.00477311 -0.00455
-0.0047996 -0.004575
-0.00482609 -0.0046
-0.00485259 -0.004625
-0.00487908 -0.00465
-0.00490558 -0.004675
-0.00493207 -0.0047
-0.00495856 -0.004725
-0.00498506 -0.00475
-0.00501155 -0.004775
-0.00503805 -0.0048
-0.00506454 -0.004825
-0.00509104 -0.00485
-0.00511753 -0.004875
-0.00514402 -0.0049
-0.00517052 -0.004925
-0.00519701 -0.00495
-0.00522351 -0.004975
-0.00525 -0.005
-0.00527396 -0.005025
-0.00529792 -0.00505
-0.00532187 -0.005075
-0.00534583 -0.0051
-0.00536979 -0.005125
-0.00539375 -0.00515
-0.00541771 -0.005175
-0.00544167 -0.0052
-0.00546562 -0.005225
-0.00548958 -0.00525
-0.00551354 -0.005275
-0.0055375 -0.0053
-0.00556146 -0.005325
-0.00558542 -0.00535
-0.00560937 -0.005375
-0.00563333 -0.0054
-0.00565729 -0.005425
-0.00568125 -0.00545
-0.00570521 -0.005475
-0.00572917 -0.0055
-0.00575312 -0.005525
-0.00577708 -0.00555
-0.00580104 -0.005575
-0.005825 -0.0056
-0.00584896 -0.005625
-0.00587292 -0.00565
-0.00589687 -0.005675
-0.00592083 -0.0057
-0.00594479 -0.005725
-0.00596875 -0.00575
-0.00599271 -0.005775
-0.00601667 -0.0058
-0.00604062 -0.005825
-0.00606458 -0.00585
-0.00608854 -0.005875
-0.0061125 -0.0059
-0.00613646 -0.005925
-0.00616042 -0.00595
-0.00618437 -0.005975
-0.00620833 -0.006
-0.00623229 -0.006025
-0.00625625 -0.00605
-0.00628021 -0.006075
-0.00630417 -0.0061
-0.00632812 -0.006125
-0.00635208 -0.00615
-0.00637604 -0.006175
-0.0064 -0.0062
-0.00642396 -0.006225
-0.00644792 -0.00625
-0.00641926 -0.006225
-0.0063906 -0.0062
-0.00636194 -0.006175
-0.00633328 -0.00615
-0.00630462 -0.006125
-0.00627597 -0.0061
-0.00624731 -0.006075
-0.00621865 -0.00605
-0.00618999 -0.006025
-0.00616133 -0.006
-0.00613267 -0.005975
-0.00610401 -0.00595
-0.00607536 -0.005925
-0.0060467 -0.0059
-0.00601804 -0.005875
-0.00598938 -0.00585
-0.00596072 -0.005825
-0.00593206 -0.0058
-0.0059034 -0.005775
-0.00587475 -0.00575
-0.00584609 -0.005725
-0.00581743 -0.0057
-0.00578877 -0.005675
-0.00576011 -0.00565
-0.00573145 -0.005625
-0.00570279 -0.0056
-0.00567414 -0.005575
-0.00564548 -0.00555
-0.00561682 -0.005525
-0.00558816 -0.0055
-0.00555975 -0.005475
-0.00553423 -0.00545
-0.0055087 -0.005425
-0.00548318 -0.0054
-0.00545765 -0.005375
-0.00543213 -0.00535
-0.0054066 -0.005325
-0.00538108 -0.0053
-0.00535555 -0.005275
-0.00533003 -0.00525
-0.0053045 -0.005225
-0.00527898 -0.0052
-0.00525345 -0.005175
-0.00522792 -0.00515
-0.0052024 -0.005125
-0.00517687 -0.0051
-0.00515135 -0.005075
-0.00512582 -0.00505
-0.0051003 -0.005025
-0.00507477 -0.005
-0.00504925 -0.004975
-0.00502372 -0.00495
-0.0049982 -0.004925
-0.00497267 -0.0049
-0.00494715 -0.004875
-0.00492162 -0.00485
-0.0048961 -0.004825
-0.00487057 -0.0048
-0.00484505 -0.004775
-0.00481952 -0.00475
-0.00479399 -0.004725
-0.00476847 -0.0047
-0.00474294 -0.004675
-0.00471742 -0.00465
-0.00469189 -0.004625
-0.00466637 -0.0046
-0.00464084 -0.004575
-0.00461532 -0.00455
-0.00458979 -0.004525
-0.00456427 -0.0045
-0.00453874 -0.004475
-0.00451322 -0.00445
-0.00448769 -0.004425
-0.00446217 -0.0044
-0.00443664 -0.004375
-0.00441112 -0.00435
-0.00438559 -0.004325
-0.00436006 -0.0043
-0.00433454 -0.004275
-0.00430901 -0.00425
-0.00428349 -0.004225
-0.00425796 -0.0042
-0.00423244 -0.004175
-0.00420691 -0.00415
-0.00418139 -0.004125
-0.00415586 -0.0041
-0.00413034 -0.004075
-0.00410481 -0.00405
-0.00407929 -0.004025
-0.00405376 -0.004
-0.00402824 -0.003975
-0.00400271 -0.00395
-0.00397719 -0.003925
-0.00395166 -0.0039
-0.00392613 -0.003875
-0.00390061 -0.00385
-0.00387508 -0.003825
-0.00384956 -0.0038
-0.00382403 -0.003775
-0.00379851 -0.00375
-0.00377298 -0.003725
-0.00374746 -0.0037
-0.00372193 -0.003675
-0.00369641 -0.00365
-0.00367088 -0.003625
-0.00364536 -0.0036
-0.00361983 -0.003575
-0.00359431 -0.00355
-0.00356878 -0.003525
-0.00354326 -0.0035
-0.00351773 -0.003475
-0.0034922 -0.00345
-0.00346668 -0.003425
-0.00344115 -0.0034
-0.00341563 -0.003375
-0.0033901 -0.00335
-0.00336458 -0.003325
-0.00333905 -0.0033
-0.00331353 -0.003275
-0.003288 -0.00325
-0.00326248 -0.003225
-0.00323695 -0.0032
-0.00321143 -0.003175
-0.0031859 -0.00315
-0.00316038 -0.003125
-0.00313485 -0.0031
-0.00310933 -0.003075
-0.0030838 -0.00305
-0.00305827 -0.003025
-0.00303275 -0.003
-0.00300722 -0.002975
-0.0029817 -0.00295
-0.00295617 -0.002925
-0.00293065 -0.0029
-0.00290512 -0.002875
-0.0028796 -0.00285
-0.00285407 -0.002825
-0.00282855 -0.0028
-0.00280302 -0.002775
-0.0027775 -0.00275
-0.00275197 -0.002725
-0.00272645 -0.0027
-0.00270092 -0.002675
-0.0026754 -0.00265
-0.00264987 -0.002625
-0.00262434 -0.0026
-0.00259882 -0.002575
-0.00257329 -0.00255
-0.00254777 -0.002525
-0.00252224 -0.0025
-0.00249672 -0.002475
-0.00247119 -0.00245
-0.00244567 -0.002425
-0.00242014 -0.0024
-0.00239462 -0.002375
-0.00236909 -0.00235
-0.00234357 -0.002325
-0.00231804 -0.0023
-0.00229252 -0.002275
-0.00226699 -0.00225
-0.00224147 -0.002225
-0.00221594 -0.0022
-0.00219041 -0.002175
-0.00216489 -0.00215
-0.00213936 -0.002125
-0.00211384 -0.0021
-0.00208831 -0.002075
-0.00206279 -0.00205
-0.00203726 -0.002025
-0.00201174 -0.002
-0.00198621 -0.001975
-0.00196069 -0.00195
-0.00193516 -0.001925
-0.00190964 -0.0019
-0.00188411 -0.001875
-0.00185859 -0.00185
-0.00183306 -0.001825
-0.00180754 -0.0018
-0.00178201 -0.001775
-0.00175648 -0.00175
-0.00173096 -0.001725
-0.00170543 -0.0017
-0.00167991 -0.001675
-0.00165438 -0.00165
-0.00162886 -0.001625
-0.00160333 -0.0016
-0.00157781 -0.001575
-0.00155228 -0.00155
-0.00152676 -0.001525
-0.00150123 -0.0015
-0.00147571 -0.001475
-0.00145018 -0.00145
-0.001425 -0.001425
-0.0014 -0.0014
-0.001375 -0.001375
-0.00135 -0.00135
-0.001325 -0.001325
-0.0013 -0.0013
-0.001275 -0.001275
-0.00125 -0.00125
-0.001225 -0.001225
-0.0012 -0.0012
-0.001175 -0.001175
-0.00115 -0.00115
-0.001125 -0.001125
-0.0011 -0.0011
-0.001075 -0.001075
-0.00105 -0.00105
-0.001025 -0.001025
-0.001 -0.001
-0.000975 -0.000975
-0.00095 -0.00095
-0.000925 -0.000925
-0.0009 -0.0009
-0.000875 -0.000875
-0.00085 -0.00085
-0.000825 -0.000825
-0.0008 -0.0008
-0.000775 -0.000775
-0.00075 -0.00075
-0.000725 -0.000725
-0.0007 -0.0007
-0.000675 -0.000675
-0.00065 -0.00065
-0.000625 -0.000625
-0.0006 -0.0006
-0.000575 -0.000575
-0.00055 -0.00055
-0.000525 -0.000525
-0.0005 -0.0005
-0.000475 -0.000475
-0.00045 -0.00045
-0.000425 -0.000425
-0.0004 -0.0004
-0.000375 -0.000375
-0.00035 -0.00035
-0.000325 -0.000325
-0.0003 -0.0003
-0.000275 -0.000275
-0.00025 -0.00025
-0.000225 -0.000225
-0.0002 -0.0002
-0.000175 -0.000175
-0.00015 -0.00015
-0.000125 -0.000125
-0.0001 -0.0001
-7.5e-05 -7.5e-05
-5e-05 -5e-05
-2.5e-05 -2.5e-05
-6.09864e-20 -6.09864e-20
2.5e-05 2.5e-05
5e-05 5e-05
7.5e-05 7.5e-05
0.0001 0.0001
0.000125 0.000125
0.00015 0.00015
0.000175 0.000175
0.0002 0.0002
0.000225 0.000225
0.00025 0.00025
0.000275 0.000275
0.0003 0.0003
0.000325 0.000325
0.00035 0.00035
0.000375 0.000375
0.0004 0.0004
0.000425 0.000425
0.00045 0.00045
0.000475 0.000475
0.0005 0.0005
0.000525 0.000525
0.00055 0.00055
0.000575 0.000575
0.0006 0.0006
0.000625 0.000625
0.0006 0.0006
0.000575 0.000575
0.00055 0.00055
0.000525 0.000525
0.0005 0.0005
0.000475 0.000475
0.00045 0.00045
0.000425 0.000425
0.0004 0.0004
0.000375 0.000375
0.00035 0.00035
0.000325 0.000325
0.0003 0.0003
0.000275 0.000275
0.00025 0.00025
0.000225 0.000225
0.0002 0.0002
0.000175 0.000175
0.00015 0.00015
0.000125 0.000125
0.0001 0.0001
7.5e-05 7.5e-05
5e-05 5e-05
2.5e-05 2.5e-05
-4.74338e-20 -4.74338e-20
-2.5e-05 -2.5e-05
-5e-05 -5e-05
-7.5e-05 -7.5e-05
-0.0001 -0.0001
-0.000125 -0.000125
-0.00015 -0.00015
-0.000175 -0.000175
-0.0002 -0.0002
-0.000225 -0.000225
-0.00025 -0.00025
-0.000275 -0.000275
-0.0003 -0.0003
-0.000325 -0.000325
-0.00035 -0.00035
-0.000375 -0.000375
-0.0004 -0.0004
-0.000425 -0.000425
-0.00045 -0.00045
-0.000475 -0.000475
-0.0005 -0.0005
-0.000525 -0.000525
-0.00055 -0.00055
-0.000575 -0.000575
-0.0006 -0.0006
-0.000625 -0.000625
-0.00065 -0.00065
-0.000675 -0.000675
-0.0007 -0.0007
-0.000725 -0.000725
-0.00075 -0.00075
-0.000775 -0.000775
-0.0008 -0.0008
-0.000825 -0.000825
-0.00085 -0.00085
-0.000875 -0.000875
-0.0009 -0.0009
-0.000925 -0.000925
-0.00095 -0.00095
-0.000975 -0.000975
-0.001 -0.001
-0.001025 -0.001025
-0.00105 -0.00105
-0.001075 -0.001075
-0.0011 -0.0011
-0.001125 -0.001125
-0.00115 -0.00115
-0.001175 -0.001175
-0.0012 -0.0012
-0.001225 -0.001225
-0.00125 -0.00125
-0.001275 -0.001275
-0.0013 -0.0013
-0.001325 -0.001325
-0.00135 -0.00135
-0.001375 -0.001375
-0.0014 -0.0014
-0.001425 -0.001425
-0.00145035 -0.00145
-0.00147638 -0.001475
-0.00150241 -0.0015
-0.00152844 -0.001525
-0.00155447 -0.00155
-0.0015805 -0.001575
-0.00160653 -0.0016
-0.00163256 -0.001625
-0.00165859 -0.00165
-0.00168462 -0.001675
-0.00171064 -0.0017
-0.00173667 -0.001725
-0.0017627 -0.00175
-0.00178873 -0.001775
-0.00181476 -0.0018
-0.00184079 -0.001825
-0.00186682 -0.00185
-0.00189285 -0.001875
-0.00191888 -0.0019
-0.00194491 -0.001925
-0.00197093 -0.00195
-0.00199696 -0.001975
-0.00202299 -0.002
-0.00204902 -0.002025
-0.00207505 -0.00205
-0.00210108 -0.002075
-0.00212711 -0.0021
-0.00215314 -0.002125
-0.00217917 -0.00215
-0.00220519 -0.002175
-0.00223122 -0.0022
-0.00225725 -0.002225
-0.00228328 -0.00225
-0.00230931 -0.002275
-0.00233534 -0.0023
-0.00236137 -0.002325
-0.0023874 -0.00235
-0.00241343 -0.002375
-0.00243946 -0.0024
-0.00246548 -0.002425
-0.00249151 -0.00245
-0.00251754 -0.002475
-0.00254357 -0.0025
-0.0025696 -0.002525
-0.00259563 -0.00255
-0.00262166 -0.002575
-0.00264769 -0.0026
-0.00267372 -0.002625
-0.00269975 -0.00265
-0.00272577 -0.002675
-0.0027518 -0.0027
-0.00277783 -0.002725
-0.00280386 -0.00275
-0.00282989 -0.002775
-0.00285592 -0.0028
-0.00288195 -0.002825
-0.00290798 -0.00285
-0.00293401 -0.002875
-0.00296003 -0.0029
-0.00298606 -0.002925
-0.00301209 -0.00295
-0.00303812 -0.002975
-0.00306415 -0.003
-0.00309018 -0.003025
-0.00311621 -0.00305
-0.00314224 -0.003075
-0.00316827 -0.0031
-0.0031943 -0.003125
-0.00322032 -0.00315
-0.00324635 -0.003175
-0.00327238 -0.0032
-0.00329841 -0.003225
-0.00332444 -0.00325
-0.00335047 -0.003275
-0.0033765 -0.0033
-0.00340253 -0.003325
-0.00342856 -0.00335
-0.00345459 -0.003375
-0.00348061 -0.0034
-0.00350664 -0.003425
-0.00353267 -0.00345
-0.0035587 -0.003475
-0.00358473 -0.0035
-0.00361076 -0.003525
-0.00363679 -0.00355
-0.00366282 -0.003575
-0.00368885 -0.0036
-0.00371488 -0.003625
-0.0037409 -0.00365
-0.00376693 -0.003675
-0.00379296 -0.0037
-0.00381899 -0.003725
-0.00384502 -0.00375
-0.00387105 -0.003775
-0.00389708 -0.0038
-0.00392311 -0.003825
-0.00394914 -0.00385
-0.00397516 -0.003875
-0.00400119 -0.0039
-0.00402722 -0.003925
-0.00405325 -0.00395
-0.00407928 -0.003975
-0.00410531 -0.004
-0.00413134 -0.004025
-0.00415737 -0.00405
-0.0041834 -0.004075
-0.00420943 -0.0041
-0.00423545 -0.004125
-0.00426148 -0.00415
-0.00428751 -0.004175
-0.00431354 -0.0042
-0.00433957 -0.004225
-0.0043656 -0.00425
-0.00439163 -0.004275
-0.00441766 -0.0043
-0.00444369 -0.004325
-0.00446972 -0.00435
-0.00449574 -0.004375
-0.00452177 -0.0044
-0.0045478 -0.004425
-0.00457383 -0.00445
-0.00459986 -0.004475
-0.00462589 -0.0045
-0.00465192 -0.004525
-0.00467795 -0.00455
-0.00470398 -0.004575
-0.00473 -0.0046
-0.00475603 -0.004625
-0.00478206 -0.00465
-0.00480809 -0.004675
-0.00483412 -0.0047
-0.00486015 -0.004725
-0.00488618 -0.00475
-0.00491221 -0.004775
-0.00493824 -0.0048
-0.00496427 -0.004825
-0.00499029 -0.00485
-0.00501632 -0.004875
-0.00504235 -0.0049
-0.00506838 -0.004925
-0.00509441 -0.00495
-0.00512044 -0.004975
-0.00514647 -0.005
-0.0051725 -0.005025
-0.00519853 -0.00505
-0.00522456 -0.005075
-0.00525058 -0.0051
-0.00527661 -0.005125
-0.00530264 -0.00515
-0.00532867 -0.005175
-0.0053547 -0.0052
-0.00538073 -0.005225
-0.00540676 -0.00525
-0.00543279 -0.005275
-0.00545882 -0.0053
-0.00548484 -0.005325
-0.00551087 -0.00535
-0.0055369 -0.005375
-0.00556293 -0.0054
-0.00558896 -0.005425
-0.00561499 -0.00545
-0.00564102 -0.005475
-0.00566705 -0.0055
-0.00569308 -0.005525
-0.00571911 -0.00555
-0.00574513 -0.005575
-0.00577116 -0.0056
-0.00579719 -0.005625
-0.00582322 -0.00565
-0.00584925 -0.005675
-0.00587528 -0.0057
-0.00590131 -0.005725
-0.00592734 -0.00575
-0.00595337 -0.005775
-0.0059794 -0.0058
-0.00600542 -0.005825
-0.00603145 -0.00585
-0.00605748 -0.005875
-0.00608351 -0.0059
-0.00610954 -0.005925
-0.00613557 -0.00595
-0.0061616 -0.005975
-0.00618763 -0.006
-0.00621366 -0.006025
-0.00623968 -0.00605
-0.00626571 -0.006075
-0.00629174 -0.0061
-0.00631777 -0.006125
-0.0063438 -0.00615
-0.00636983 -0.006175
-0.00639586 -0.0062
-0.00642189 -0.006225
-0.00644792 -0.00625
-0.00647187 -0.006275
-0.00649583 -0.0063
-0.00651979 -0.006325
-0.00654375 -0.00635
-0.00656771 -0.006375
-0.00659167 -0.0064
-0.00661562 -0.006425
-0.00663958 -0.00645
-0.00666354 -0.006475
-0.0066875 -0.0065
-0.00671146 -0.006525
-0.00673542 -0.00655
-0.00675937 -0.006575
-0.00678333 -0.0066
-0.00680729 -0.006625
-0.00683125 -0.00665
-0.00685521 -0.006675
-0.00687917 -0.0067
-0.00690312 -0.006725
-0.00692708 -0.00675
-0.00695104 -0.006775
-0.006975 -0.0068
-0.00699896 -0.006825
-0.00702292 -0.00685
-0.00704687 -0.006875
-0.00707083 -0.0069
-0.00709479 -0.006925
-0.00711875 -0.00695
-0.00714271 -0.006975
-0.00716667 -0.007
-0.00719062 -0.007025
-0.00721458 -0.00705
-0.00723854 -0.007075
-0.0072625 -0.0071
-0.00728646 -0.007125
-0.00731042 -0.00715
-0.00733437 -0.007175
-0.00735833 -0.0072
-0.00738229 -0.007225
-0.00740625 -0.00725
-0.00743021 -0.007275
-0.00745417 -0.0073
-0.00747812 -0.007325
-0.00750208 -0.00735
-0.00752604 -0.007375
-0.00755 -0.0074
-0.00757396 -0.007425
-0.00759792 -0.00745
-0.00762187 -0.007475
-0.00764583 -0.0075
-0.00761717 -0.007475
-0.00758852 -0.00745
-0.00755986 -0.007425
-0.0075312 -0.0074
-0.00750254 -0.007375
-0.00747388 -0.00735
-0.00744522 -0.007325
-0.00741657 -0.0073
-0.00738791 -0.007275
-0.00735925 -0.00725
-0.00733059 -0.007225
-0.00730193 -0.0072
-0.00727327 -0.007175
-0.00724461 -0.00715
-0.00721596 -0.007125
-0.0071873 -0.0071
-0.00715864 -0.007075
-0.00712998 -0.00705
-0.00710132 -0.007025
-0.00707266 -0.007
-0.007044 -0.006975
-0.00701606 -0.00695
-0.00699071 -0.006925
-0.00696535 -0.0069
-0.00693999 -0.006875
-0.00691463 -0.00685
-0.00688927 -0.006825
-0.00686391 -0.0068
-0.00683855 -0.006775
-0.00681319 -0.00675
-0.00678783 -0.006725
-0.00676247 -0.0067
-0.00673711 -0.006675
-0.00671176 -0.00665
-0.0066864 -0.006625
-0.00666104 -0.0066
-0.00663568 -0.006575
-0.00661032 -0.00655
-0.00658496 -0.006525
-0.0065596 -0.0065
-0.00653424 -0.006475
-0.00650888 -0.00645
-0.00648352 -0.006425
-0.00645816 -0.0064
-0.00643281 -0.006375
-0.00640745 -0.00635
-0.00638209 -0.006325
-0.00635673 -0.0063
-0.00633137 -0.006275
-0.00630601 -0.00625
-0.00628065 -0.006225
-0.00625529 -0.0062
-0.00622993 -0.006175
-0.00620457 -0.00615
-0.00617921 -0.006125
-0.00615386 -0.0061
-0.0061285 -0.006075
-0.00610314 -0.00605
-0.00607778 -0.006025
-0.00605242 -0.006
-0.00602706 -0.005975
-0.0060017 -0.00595
-0.00597634 -0.005925
-0.00595098 -0.0059
-0.00592562 -0.005875
-0.00590026 -0.00585
-0.00587491 -0.005825
-0.00584955 -0.0058
-0.00582419 -0.005775
-0.00579883 -0.00575
-0.00577347 -0.005725
-0.00574811 -0.0057
-0.00572275 -0.005675
-0.00569739 -0.00565
-0.00567203 -0.005625
-0.00564667 -0.0056
-0.00562131 -0.005575
-0.00559596 -0.00555
-0.0055706 -0.005525
-0.00554524 -0.0055
-0.00551988 -0.005475
-0.00549452 -0.00545
-0.00546916 -0.005425
-0.0054438 -0.0054
-0.00541844 -0.005375
-0.00539308 -0.00535
-0.00536772 -0.005325
-0.00534236 -0.0053
-0.00531701 -0.005275
-0.00529165 -0.00525
-0.00526629 -0.005225
-0.00524093 -0.0052
-0.00521557 -0.005175
-0.00519021 -0.00515
-0.00516485 -0.005125
-0.00513949 -0.0051
-0.00511413 -0.005075
-0.00508877 -0.00505
-0.00506341 -0.005025
-0.00503806 -0.005
-0.0050127 -0.004975
-0.00498734 -0.00495
-0.00496198 -0.004925
-0.00493662 -0.0049
-0.00491126 -0.004875
-0.0048859 -0.00485
-0.00486054 -0.004825
-0.00483518 -0.0048
-0.00480982 -0.004775
-0.00478446 -0.00475
-0.00475911 -0.004725
-0.00473375 -0.0047
-0.00470839 -0.004675
-0.00468303 -0.00465
-0.00465767 -0.004625
-0.00463231 -0.0046
-0.00460695 -0.004575
-0.00458159 -0.00455
-0.00455623 -0.004525
-0.00453087 -0.0045
-0.00450551 -0.004475
-0.00448016 -0.00445
-0.0044548 -0.004425
-0.00442944 -0.0044
-0.00440408 -0.004375
-0.00437872 -0.00435
-0.00435336 -0.004325
-0.004328 -0.0043
-0.00430264 -0.004275
-0.00427728 -0.00425
-0.00425192 -0.004225
-0.00422656 -0.0042
-0.00420121 -0.004175
-0.00417585 -0.00415
-0.00415049 -0.004125
-0.00412513 -0.0041
-0.00409977 -0.004075
-0.00407441 -0.00405
-0.00404905 -0.004025
-0.00402369 -0.004
-0.00399833 -0.003975
-0.00397297 -0.00395
-0.00394761 -0.003925
-0.00392226 -0.0039
-0.0038969 -0.003875
-0.00387154 -0.00385
-0.00384618 -0.003825
-0.00382082 -0.0038
-0.00379546 -0.003775
-0.0037701 -0.00375
-0.00374474 -0.003725
-0.00371938 -0.0037
-0.00369402 -0.003675
-0.00366866 -0.00365
-0.00364331 -0.003625
-0.00361795 -0.0036
-0.00359259 -0.003575
-0.00356723 -0.00355
-0.00354187 -0.003525
-0.00351651 -0.0035
-0.00349115 -0.003475
-0.00346579 -0.00345
-0.00344043 -0.003425
-0.00341507 -0.0034
-0.00338972 -0.003375
-0.00336436 -0.00335
-0.003339 -0.003325
-0.00331364 -0.0033
-0.00328828 -0.003275
-0.00326292 -0.00325
-0.00323756 -0.003225
-0.0032122 -0.0032
-0.00318684 -0.003175
-0.00316148 -0.00315
-0.00313612 -0.003125
-0.00311077 -0.0031
-0.00308541 -0.003075
-0.00306005 -0.00305
-0.00303469 -0.003025
-0.00300933 -0.003
-0.00298397 -0.002975
-0.00295861 -0.00295
-0.00293325 -0.002925
-0.00290789 -0.0029
-0.00288253 -0.002875
-0.00285717 -0.00285
-0.00283182 -0.002825
-0.00280646 -0.0028
-0.0027811 -0.002775
-0.00275574 -0.00275
-0.00273038 -0.002725
-0.00270502 -0.0027
-0.00267966 -0.002675
-0.0026543 -0.00265
-0.00262894 -0.002625
-0.00260358 -0.0026
-0.00257822 -0.002575
-0.00255287 -0.00255
-0.00252751 -0.002525
-0.00250215 -0.0025
-0.00247679 -0.002475
-0.00245143 -0.00245
-0.00242607 -0.002425
-0.00240071 -0.0024
-0.00237535 -0.002375
-0.00235 -0.00235
-0.002325 -0.002325
-0.0023 -0.0023
-0.002275 -0.002275
-0.00225 -0.00225
-0.002225 -0.002225
-0.0022 -0.0022
-0.002175 -0.002175
-0.00215 -0.00215
-0.002125 -0.002125
-0.0021 -0.0021
-0.002075 -0.002075
-0.00205 -0.00205
-0.002025 -0.002025
-0.002 -0.002
-0.001975 -0.001975
-0.00195 -0.00195
-0.001925 -0.001925
-0.0019 -0.0019
-0.001875 -0.001875
-0.00185 -0.00185
-0.001825 -0.001825
-0.0018 -0.0018
-0.001775 -0.001775
-0.00175 -0.00175
-0.001725 -0.001725
-0.0017 -0.0017
-0.001675 -0.001675
-0.00165 -0.00165
-0.001625 -0.001625
-0.0016 -0.0016
-0.001575 -0.001575
-0.00155 -0.00155
-0.001525 -0.001525
-0.0015 -0.0015
-0.001475 -0.001475
-0.00145 -0.00145
-0.001425 -0.001425
-0.0014 -0.0014
-0.001375 -0.001375
-0.00135 -0.00135
-0.001325 -0.001325
-0.0013 -0.0013
-0.001275 -0.001275
-0.00125 -0.00125
-0.001225 -0.001225
-0.0012 -0.0012
-0.001175 -0.001175
-0.00115 -0.00115
-0.001125 -0.001125
-0.0011 -0.0011
-0.001075 -0.001075
-0.00105 -0.00105
-0.001025 -0.001025
-0.001 -0.001
-0.000975 -0.000975
-0.00095 -0.00095
-0.000925 -0.000925
-0.0009 -0.0009
-0.000875 -0.000875
-0.00085 -0.00085
-0.000825 -0.000825
-0.0008 -0.0008
-0.000775 -0.000775
-0.00075 -0.00075
-0.000725 -0.000725
-0.0007 -0.0007
-0.000675 -0.000675
-0.00065 -0.00065
-0.000625 -0.000625
-0.0006 -0.0006
-0.000575 -0.000575
-0.00055 -0.00055
-0.000525 -0.000525
-0.0005 -0.0005
-0.000475 -0.000475
-0.00045 -0.00045
-0.000425 -0.000425
-0.0004 -0.0004
-0.000375 -0.000375
-0.00035 -0.00035
-0.000325 -0.000325
-0.0003 -0.0003
-0.000275 -0.000275
-0.00025 -0.00025
-0.000225 -0.000225
-0.0002 -0.0002
-0.000175 -0.000175
-0.00015 -0.00015
-0.000125 -0.000125
-0.0001 -0.0001
-7.5e-05 -7.5e-05
-5e-05 -5e-05
-2.5e-05 -2.5e-05
-6.09864e-20 -6.09864e-20
2.5e-05 2.5e-05
5e-05 5e-05
7.5e-05 7.5e-05
0.0001 0.0001
0.000125 0.000125
0.00015 0.00015
0.000175 0.000175
0.0002 0.0002
0.000225 0.000225
0.00025 0.00025
0.000275 0.000275
0.0003 0.0003
0.000325 0.000325
0.00035 0.00035
0.000375 0.000375
0.0004 0.0004
0.000425 0.000425
0.00045 0.00045
0.000475 0.000475
0.0005 0.0005
0.000525 0.000525
0.00055 0.00055
0.000575 0.000575
0.0006 0.0006
0.000625 0.000625
0.00065 0.00065
0.000675 0.000675
0.0007 0.0007
0.000725 0.000725
0.00075 0.00075
0.000725 0.000725
0.0007 0.0007
0.000675 0.000675
0.00065 0.00065
0.000625 0.000625
0.0006 0.0006
0.000575 0.000575
0.00055 0.00055
0.000525 0.000525
0.0005 0.0005
0.000475 0.000475
0.00045 0.00045
0.000425 0.000425
0.0004 0.0004
0.000375 0.000375
0.00035 0.00035
0.000325 0.000325
0.0003 0.0003
0.000275 0.000275
0.00025 0.00025
0.000225 0.000225
0.0002 0.0002
0.000175 0.000175
0.00015 0.00015
0.000125 0.000125
0.0001 0.0001
7.5e-05 7.5e-05
5e-05 5e-05
2.5e-05 2.5e-05
-4.74338e-20 -4.74338e-20
-2.5e-05 -2.5e-05
-5e-05 -5e-05
-7.5e-05 -7.5e-05
-0.0001 -0.0001
-0.000125 -0.000125
-0.00015 -0.00015
-0.000175 -0.000175
-0.0002 -0.0002
-0.000225 -0.000225
-0.00025 -0.00025
-0.000275 -0.000275
-0.0003 -0.0003
-0.000325 -0.000325
-0.00035 -0.00035
-0.000375 -0.000375
-0.0004 -0.0004
-0.000425 -0.000425
-0.00045 -0.00045
-0.000475 -0.000475
-0.0005 -0.0005
-0.000525 -0.000525
-0.00055 -0.00055
-0.000575 -0.000575
-0.0006 -0.0006
-0.000625 -0.000625
-0.00065 -0.00065
-0.000675 -0.000675
-0.0007 -0.0007
-0.000725 -0.000725
-0.00075 -0.00075
-0.000775 -0.000775
-0.0008 -0.0008
-0.000825 -0.000825
-0.00085 -0.00085
-0.000875 -0.000875
-0.0009 -0.0009
-0.000925 -0.000925
-0.00095 -0.00095
-0.000975 -0.000975
-0.001 -0.001
-0.001025 -0.001025
-0.00105 -0.00105
-0.001075 -0.001075
-0.0011 -0.0011
-0.001125 -0.001125
-0.00115 -0.00115
-0.001175 -0.001175
-0.0012 -0.0012
-0.001225 -0.001225
-0.00125 -0.00125
-0.001275 -0.001275
-0.0013 -0.0013
-0.001325 -0.001325
-0.00135 -0.00135
-0.001375 -0.001375
-0.0014 -0.0014
-0.001425 -0.001425
-0.00145 -0.00145
-0.001475 -0.001475
-0.0015 -0.0015
-0.001525 -0.001525
-0.00155 -0.00155
-0.001575 -0.001575
-0.0016 -0.0016
-0.001625 -0.001625
-0.00165 -0.00165
-0.001675 -0.001675
-0.0017 -0.0017
-0.001725 -0.001725
-0.00175 -0.00175
-0.001775 -0.001775
-0.0018 -0.0018
-0.001825 -0.001825
-0.00185 -0.00185
-0.001875 -0.001875
-0.0019 -0.0019
-0.001925 -0.001925
-0.00195 -0.00195
-0.001975 -0.001975
-0.002 -0.002
-0.002025 -0.002025
-0.00205 -0.00205
-0.002075 -0.002075
-0.0021 -0.0021
-0.002125 -0.002125
-0.00215 -0.00215
-0.002175 -0.002175
-0.0022 -0.0022
-0.002225 -0.002225
-0.00225 -0.00225
-0.002275 -0.002275
-0.0023 -0.0023
-0.002325 -0.002325
-0.00235 -0.00235
-0.00237569 -0.002375
-0.0024014 -0.0024
-0.00242711 -0.002425
-0.00245282 -0.00245
-0.00247853 -0.002475
-0.00250423 -0.0025
-0.00252994 -0.002525
-0.00255565 -0.00255
-0.00258136 -0.002575
-0.00260707 -0.0026
-0.00263277 -0.002625
-0.00265848 -0.00265
-0.00268419 -0.002675
-0.0027099 -0.0027
-0.00273561 -0.002725
-0.00276131 -0.00275
-0.00278702 -0.002775
-0.00281273 -0.0028
-0.00283844 -0.002825
-0.00286415 -0.00285
-0.00288985 -0.002875
-0.00291556 -0.0029
-0.00294127 -0.002925
-0.00296698 -0.00295
-0.00299269 -0.002975
-0.00301839 -0.003
-0.0030441 -0.003025
-0.00306981 -0.00305
-0.00309552 -0.003075
-0.00312123 -0.0031
-0.00314693 -0.003125
-0.00317264 -0.00315
-0.00319835 -0.003175
-0.00322406 -0.0032
-0.00324977 -0.003225
-0.00327547 -0.00325
-0.00330118 -0.003275
-0.00332689 -0.0033
-0.0033526 -0.003325
-0.00337831 -0.00335
-0.00340401 -0.003375
-0.00342972 -0.0034
-0.00345543 -0.003425
-0.00348114 -0.00345
-0.00350685 -0.003475
-0.00353255 -0.0035
-0.00355826 -0.003525
-0.00358397 -0.00355
-0.00360968 -0.003575
-0.00363539 -0.0036
-0.00366109 -0.003625
-0.0036868 -0.00365
-0.00371251 -0.003675
-0.00373822 -0.0037
-0.00376393 -0.003725
-0.00378963 -0.00375
-0.00381534 -0.003775
-0.00384105 -0.0038
-0.00386676 -0.003825
-0.00389247 -0.00385
-0.00391817 -0.003875
-0.00394388 -0.0039
-0.00396959 -0.003925
-0.0039953 -0.00395
-0.00402101 -0.003975
-0.00404671 -0.004
-0.00407242 -0.004025
-0.00409813 -0.00405
-0.00412384 -0.004075
-0.00414955 -0.0041
-0.00417525 -0.004125
-0.00420096 -0.00415
-0.00422667 -0.004175
-0.00425238 -0.0042
-0.00427809 -0.004225
-0.00430379 -0.00425
-0.0043295 -0.004275
-0.00435521 -0.0043
-0.00438092 -0.004325
-0.00440663 -0.00435
-0.00443233 -0.004375
-0.00445804 -0.0044
-0.00448375 -0.004425
-0.00450946 -0.00445
-0.00453517 -0.004475
-0.00456087 -0.0045
-0.00458658 -0.004525
-0.00461229 -0.00455
-0.004638 -0.004575
-0.00466371 -0.0046
-0.00468941 -0.004625
-0.00471512 -0.00465
-0.00474083 -0.004675
-0.00476654 -0.0047
-0.00479225 -0.004725
-0.00481795 -0.00475
-0.00484366 -0.004775
-0.00486937 -0.0048
-0.00489508 -0.004825
-0.00492079 -0.00485
-0.00494649 -0.004875
-0.0049722 -0.0049
-0.00499791 -0.004925
-0.00502362 -0.00495
-0.00504933 -0.004975
-0.00507503 -0.005
-0.00510074 -0.005025
-0.00512645 -0.00505
-0.00515216 -0.005075
-0.00517787 -0.0051
-0.00520357 -0.005125
-0.00522928 -0.00515
-0.00525499 -0.005175
-0.0052807 -0.0052
-0.00530641 -0.005225
-0.00533211 -0.00525
-0.00535782 -0.005275
-0.00538353 -0.0053
-0.00540924 -0.005325
-0.00543495 -0.00535
-0.00546065 -0.005375
-0.00548636 -0.0054
-0.00551207 -0.005425
-0.00553778 -0.00545
-0.00556349 -0.005475
-0.00558919 -0.0055
-0.0056149 -0.005525
-0.00564061 -0.00555
-0.00566632 -0.005575
-0.00569203 -0.0056
-0.00571773 -0.005625
-0.00574344 -0.00565
-0.00576915 -0.005675
-0.00579486 -0.0057
-0.00582057 -0.005725
-0.00584627 -0.00575
-0.00587198 -0.005775
-0.00589769 -0.0058
-0.0059234 -0.005825
-0.00594911 -0.00585
-0.00597481 -0.005875
-0.00600052 -0.0059
-0.00602623 -0.005925
-0.00605194 -0.00595
-0.00607765 -0.005975
-0.00610335 -0.006
-0.00612906 -0.006025
-0.00615477 -0.00605
-0.00618048 -0.006075
-0.00620619 -0.0061
-0.00623189 -0.006125
-0.0062576 -0.00615
-0.00628331 -0.006175
-0.00630902 -0.0062
-0.00633473 -0.006225
-0.00636043 -0.00625
-0.00638614 -0.006275
-0.00641185 -0.0063
-0.00643756 -0.006325
-0.00646327 -0.00635
-0.00648897 -0.006375
-0.00651468 -0.0064
-0.00654039 -0.006425
-0.0065661 -0.00645
-0.00659181 -0.006475
-0.00661751 -0.0065
-0.00664322 -0.006525
-0.00666893 -0.00655
-0.00669464 -0.006575
-0.00672035 -0.0066
-0.00674605 -0.006625
-0.00677176 -0.00665
-0.00679747 -0.006675
-0.00682318 -0.0067
-0.00684889 -0.006725
-0.00687459 -0.00675
-0.0069003 -0.006775
-0.00692601 -0.0068
-0.00695172 -0.006825
-0.00697743 -0.00685
-0.00700313 -0.006875
-0.00702884 -0.0069
-0.00705455 -0.006925
-0.00708026 -0.00695
-0.00710597 -0.006975
-0.00713167 -0.007
-0.00715738 -0.007025
-0.00718309 -0.00705
-0.0072088 -0.007075
-0.00723451 -0.0071
-0.00726021 -0.007125
-0.00728592 -0.00715
-0.00731163 -0.007175
-0.00733734 -0.0072
-0.00736305 -0.007225
-0.00738875 -0.00725
-0.00741446 -0.007275
-0.00744017 -0.0073
-0.00746588 -0.007325
-0.00749159 -0.00735
-0.00751729 -0.007375
-0.007543 -0.0074
-0.00756871 -0.007425
-0.00759442 -0.00745
-0.00762013 -0.007475
-0.00764583 -0.0075
-0.00766979 -0.007525
-0.00769375 -0.00755
-0.00771771 -0.007575
-0.00774167 -0.0076
-0.00776562 -0.007625
-0.00778958 -0.00765
-0.00781354 -0.007675
-0.0078375 -0.0077
-0.00786146 -0.007725
-0.00788542 -0.00775
-0.00790937 -0.007775
-0.00793333 -0.0078
-0.00795729 -0.007825
-0.00798125 -0.00785
-0.00800521 -0.007875
-0.00802917 -0.0079
-0.00805312 -0.007925
-0.00807708 -0.00795
-0.00810104 -0.007975
-0.008125 -0.008
-0.00814896 -0.008025
-0.00817292 -0.00805
-0.00819687 -0.008075
-0.00822083 -0.0081
-0.00824479 -0.008125
-0.00826875 -0.00815
-0.00829271 -0.008175
-0.00831667 -0.0082
-0.00834062 -0.008225
-0.00836458 -0.00825
-0.00838854 -0.008275
-0.0084125 -0.0083
-0.00843646 -0.008325
-0.00846042 -0.00835
-0.00848437 -0.008375
-0.00850833 -0.0084
-0.00853229 -0.008425
-0.00855625 -0.00845
-0.00858021 -0.008475
-0.00860417 -0.0085
-0.00862812 -0.008525
-0.00865208 -0.00855
-0.00867604 -0.008575
-0.0087 -0.0086
-0.00872396 -0.008625
-0.00874792 -0.00865
-0.00877187 -0.008675
-0.00879583 -0.0087
-0.00881979 -0.008725
-0.00884375 -0.00875
-0.00881509 -0.008725
-0.00878643 -0.0087
-0.00875777 -0.008675
-0.00872912 -0.00865
-0.00870046 -0.008625
-0.0086718 -0.0086
-0.00864314 -0.008575
-0.00861448 -0.00855
-0.00858582 -0.008525
-0.00855716 -0.0085
-0.00852851 -0.008475
-0.00849985 -0.00845
-0.00847119 -0.008425
-0.00844398 -0.0084
-0.00841874 -0.008375
-0.0083935 -0.00835
-0.00836826 -0.008325
-0.00834302 -0.0083
-0.00831778 -0.008275
-0.00829255 -0.00825
-0.00826731 -0.008225
-0.00824207 -0.0082
-0.00821683 -0.008175
-0.00819159 -0.00815
-0.00816635 -0.008125
-0.00814111 -0.0081
-0.00811587 -0.008075
-0.00809063 -0.00805
-0.0080654 -0.008025
-0.00804016 -0.008
-0.00801492 -0.007975
-0.00798968 -0.00795
-0.00796444 -0.007925
-0.0079392 -0.0079
-0.00791396 -0.007875
-0.00788872 -0.00785
-0.00786349 -0.007825
-0.00783825 -0.0078
-0.00781301 -0.007775
-0.00778777 -0.00775
-0.00776253 -0.007725
-0.00773729 -0.0077
-0.00771205 -0.007675
-0.00768681 -0.00765
-0.00766157 -0.007625
-0.00763634 -0.0076
-0.0076111 -0.007575
-0.00758586 -0.00755
-0.00756062 -0.007525
-0.00753538 -0.0075
-0.00751014 -0.007475
-0.0074849 -0.00745
-0.00745966 -0.007425
-0.00743442 -0.0074
-0.00740919 -0.007375
-0.00738395 -0.00735
-0.00735871 -0.007325
-0.00733347 -0.0073
-0.00730823 -0.007275
-0.00728299 -0.00725
-0.00725775 -0.007225
-0.00723251 -0.0072
-0.00720728 -0.007175
-0.00718204 -0.00715
-0.0071568 -0.007125
-0.00713156 -0.0071
-0.00710632 -0.007075
-0.00708108 -0.00705
-0.00705584 -0.007025
-0.0070306 -0.007
-0.00700536 -0.006975
-0.00698013 -0.00695
-0.00695489 -0.006925
-0.00692965 -0.0069
-0.00690441 -0.006875
-0.00687917 -0.00685
-0.00685393 -0.006825
-0.00682869 -0.0068
-0.00680345 -0.006775
-0.00677821 -0.00675
-0.00675298 -0.006725
-0.00672774 -0.0067
-0.0067025 -0.006675
-0.00667726 -0.00665
-0.00665202 -0.006625
-0.00662678 -0.0066
-0.00660154 -0.006575
-0.0065763 -0.00655
-0.00655107 -0.006525
-0.00652583 -0.0065
-0.00650059 -0.006475
-0.00647535 -0.00645
-0.00645011 -0.006425
-0.00642487 -0.0064
-0.00639963 -0.006375
-0.00637439 -0.00635
-0.00634915 -0.006325
-0.00632392 -0.0063
-0.00629868 -0.006275
-0.00627344 -0.00625
-0.0062482 -0.006225
-0.00622296 -0.0062
-0.00619772 -0.006175
-0.00617248 -0.00615
-0.00614724 -0.006125
-0.006122 -0.0061
-0.00609677 -0.006075
-0.00607153 -0.00605
-0.00604629 -0.006025
-0.00602105 -0.006
-0.00599581 -0.005975
-0.00597057 -0.00595
-0.00594533 -0.005925
-0.00592009 -0.0059
-0.00589485 -0.005875
-0.00586962 -0.00585
-0.00584438 -0.005825
-0.00581914 -0.0058
-0.0057939 -0.005775
-0.00576866 -0.00575
-0.00574342 -0.005725
-0.00571818 -0.0057
-0.00569294 -0.005675
-0.00566771 -0.00565
-0.00564247 -0.005625
-0.00561723 -0.0056
-0.00559199 -0.005575
-0.00556675 -0.00555
-0.00554151 -0.005525
-0.00551627 -0.0055
-0.00549103 -0.005475
-0.00546579 -0.00545
-0.00544056 -0.005425
-0.00541532 -0.0054
-0.00539008 -0.005375
-0.00536484 -0.00535
-0.0053396 -0.005325
-0.00531436 -0.0053
-0.00528912 -0.005275
-0.00526388 -0.00525
-0.00523864 -0.005225
-0.00521341 -0.0052
-0.00518817 -0.005175
-0.00516293 -0.00515
-0.00513769 -0.005125
-0.00511245 -0.0051
-0.00508721 -0.005075
-0.00506197 -0.00505
-0.00503673 -0.005025
-0.0050115 -0.005
-0.00498626 -0.004975
-0.00496102 -0.00495
-0.00493578 -0.004925
-0.00491054 -0.0049
-0.0048853 -0.004875
-0.00486006 -0.00485
-0.00483482 -0.004825
-0.00480958 -0.0048
-0.00478435 -0.004775
-0.00475911 -0.00475
-0.00473387 -0.004725
-0.00470863 -0.0047
-0.00468339 -0.004675
-0.00465815 -0.00465
-0.00463291 -0.004625
-0.00460767 -0.0046
-0.00458243 -0.004575
-0.0045572 -0.00455
-0.00453196 -0.004525
-0.00450672 -0.0045
-0.00448148 -0.004475
-0.00445624 -0.00445
-0.004431 -0.004425
-0.00440576 -0.0044
-0.00438052 -0.004375
-0.00435528 -0.00435
-0.00433005 -0.004325
-0.00430481 -0.0043
-0.00427957 -0.004275
-0.00425433 -0.00425
-0.00422909 -0.004225
-0.00420385 -0.0042
-0.00417861 -0.004175
-0.00415337 -0.00415
-0.00412814 -0.004125
-0.0041029 -0.0041
-0.00407766 -0.004075
-0.00405242 -0.00405
-0.00402718 -0.004025
-0.00400194 -0.004
-0.0039767 -0.003975
-0.00395146 -0.00395
-0.00392622 -0.003925
-0.00390099 -0.0039
-0.00387575 -0.003875
-0.00385051 -0.00385
-0.00382527 -0.003825
-0.00380003 -0.0038
-0.003775 -0.003775
-0.00375 -0.00375
-0.003725 -0.003725
-0.0037 -0.0037
-0.003675 -0.003675
-0.00365 -0.00365
-0.003625 -0.003625
-0.0036 -0.0036
-0.003575 -0.003575
-0.00355 -0.00355
-0.003525 -0.003525
-0.0035 -0.0035
-0.003475 -0.003475
-0.00345 -0.00345
-0.003425 -0.003425
-0.0034 -0.0034
-0.003375 -0.003375
-0.00335 -0.00335
-0.003325 -0.003325
-0.0033 -0.0033
-0.003275 -0.003275
-0.00325 -0.00325
-0.003225 -0.003225
-0.0032 -0.0032
-0.003175 -0.003175
-0.00315 -0.00315
-0.003125 -0.003125
-0.0031 -0.0031
-0.003075 -0.003075
-0.00305 -0.00305
-0.003025 -0.003025
-0.003 -0.003
-0.002975 -0.002975
-0.00295 -0.00295
-0.002925 -0.002925
-0.0029 -0.0029
-0.002875 -0.002875
-0.00285 -0.00285
-0.002825 -0.002825
-0.0028 -0.0028
-0.002775 -0.002775
-0.00275 -0.00275
-0.002725 -0.002725
-0.0027 -0.0027
-0.002675 -0.002675
-0.00265 -0.00265
-0.002625 -0.002625
-0.0026 -0.0026
-0.002575 -0.002575
-0.00255 -0.00255
-0.002525 -0.002525
-0.0025 -0.0025
-0.002475 -0.002475
-0.00245 -0.00245
-0.002425 -0.002425
-0.0024 -0.0024
-0.002375 -0.002375
-0.00235 -0.00235
-0.002325 -0.002325
-0.0023 -0.0023
-0.002275 -0.002275
-0.00225 -0.00225
-0.002225 -0.002225
-0.0022 -0.0022
-0.002175 -0.002175
-0.00215 -0.00215
-0.002125 -0.002125
-0.0021 -0.0021
-0.002075 -0.002075
-0.00205 -0.00205
-0.002025 -0.002025
-0.002 -0.002
-0.001975 -0.001975
-0.00195 -0.00195
-0.001925 -0.001925
-0.0019 -0.0019
-0.001875 -0.001875
-0.00185 -0.00185
-0.001825 -0.001825
-0.0018 -0.0018
-0.001775 -0.001775
-0.00175 -0.00175
-0.001725 -0.001725
-0.0017 -0.0017
-0.001675 -0.001675
-0.00165 -0.00165
-0.001625 -0.001625
-0.0016 -0.0016
-0.001575 -0.001575
-0.00155 -0.00155
-0.001525 -0.001525
-0.0015 -0.0015
-0.001475 -0.001475
-0.00145 -0.00145
-0.001425 -0.001425
-0.0014 -0.0014
-0.001375 -0.001375
-0.00135 -0.00135
-0.001325 -0.001325
-0.0013 -0.0013
-0.001275 -0.001275
-0.00125 -0.00125
-0.001225 -0.001225
-0.0012 -0.0012
-0.001175 -0.001175
-0.00115 -0.00115
-0.001125 -0.001125
-0.0011 -0.0011
-0.001075 -0.001075
-0.00105 -0.00105
-0.001025 -0.001025
-0.001 -0.001
-0.000975 -0.000975
-0.00095 -0.00095
-0.000925 -0.000925
-0.0009 -0.0009
-0.000875 -0.000875
-0.00085 -0.00085
-0.000825 -0.000825
-0.0008 -0.0008
-0.000775 -0.000775
-0.00075 -0.00075
-0.000725 -0.000725
-0.0007 -0.0007
-0.000675 -0.000675
-0.00065 -0.00065
-0.000625 -0.000625
-0.0006 -0.0006
-0.000575 -0.000575
-0.00055 -0.00055
-0.000525 -0.000525
-0.0005 -0.0005
-0.000475 -0.000475
-0.00045 -0.00045
-0.000425 -0.000425
-0.0004 -0.0004
-0.000375 -0.000375
-0.00035 -0.00035
-0.000325 -0.000325
-0.0003 -0.0003
-0.000275 -0.000275
-0.00025 -0.00025
-0.000225 -0.000225
-0.0002 -0.0002
-0.000175 -0.000175
-0.00015 -0.00015
-0.000125 -0.000125
-0.0001 -0.0001
-7.5e-05 -7.5e-05
-5e-05 -5e-05
-2.5e-05 -2.5e-05
-9.28348e-19 -9.28348e-19
2.5e-05 2.5e-05
5e-05 5e-05
7.5e-05 7.5e-05
0.0001 0.0001
0.000125 0.000125
0.00015 0.00015
0.000175 0.000175
0.0002 0.0002
0.000225 0.000225
0.00025 0.00025
0.000275 0.000275
0.0003 0.0003
0.000325 0.000325
0.00035 0.00035
0.000375 0.000375
0.0004 0.0004
0.000425 0.000425
0.00045 0.00045
0.000475 0.000475
0.0005 0.0005
0.000525 0.000525
0.00055 0.00055
0.000575 0.000575
0.0006 0.0006
0.000625 0.000625
0.00065 0.00065
0.000675 0.000675
0.0007 0.0007
0.000725 0.000725
0.00075 0.00075
0.000775 0.000775
0.0008 0.0008
0.000825 0.000825
0.00085 0.00085
0.000875 0.000875
0.00085 0.00085
0.000825 0.000825
0.0008 0.0008
0.000775 0.000775
0.00075 0.00075
0.000725 0.000725
0.0007 0.0007
0.000675 0.000675
0.00065 0.00065
0.000625 0.000625
0.0006 0.0006
0.000575 0.000575
0.00055 0.00055
0.000525 0.000525
0.0005 0.0005
0.000475 0.000475
0.00045 0.00045
0.000425 0.000425
0.0004 0.0004
0.000375 0.000375
0.00035 0.00035
0.000325 0.000325
0.0003 0.0003
0.000275 0.000275
0.00025 0.00025
0.000225 0.000225
0.0002 0.0002
0.000175 0.000175
0.00015 0.00015
0.000125 0.000125
0.0001 0.0001
7.5e-05 7.5e-05
5e-05 5e-05
2.5e-05 2.5e-05
-9.14796e-19 -9.14796e-19
