-3.02495e-05 0.524947
-6.04715e-05 1.04715
-9.06659e-05 1.56659
-0.000120833 2.08327
-0.000150972 2.59717
-0.000181083 3.10828
-0.000211166 3.61658
-0.000241221 4.12207
-0.000271247 4.62473
-0.000301245 5.12455
-0.000331215 5.62152
-0.000361156 6.11563
-0.000391069 6.60686
-0.000420952 7.0952
-0.000450806 7.58064
-0.000480632 8.06317
-0.000510428 8.54277
-0.000540194 9.01944
-0.000569932 9.49315
-0.000599639 9.9639
-0.000629317 10.4317
-0.000658964 10.8964
-0.000688582 11.3582
-0.00071817 11.817
-0.000747727 12.2727
-0.000777254 12.7254
-0.00080675 13.175
-0.000836216 13.6216
-0.00086565 14.065
-0.000895054 14.5054
-0.000924427 14.9427
-0.000953768 15.3768
-0.000983078 15.8078
-0.00101236 16.2356
-0.0010416 16.6603
-0.00107082 17.0817
-0.0011 17.5
-0.00112915 17.9151
-0.00115827 18.3269
-0.00118735 18.7355
-0.00121641 19.1408
-0.00124543 19.5428
-0.00127442 19.9416
-0.00130337 20.337
-0.00133229 20.7292
-0.00136118 21.118
-0.00139003 21.5034
-0.00141885 21.8855
-0.00144764 22.2641
-0.00147639 22.6394
-0.00144613 22.1131
-0.00141587 21.5868
-0.0013856 21.0605
-0.00135534 20.5341
-0.00132508 20.0078
-0.00129482 19.4815
-0.00126455 18.9552
-0.00123429 18.4289
-0.00120403 17.9026
-0.00117376 17.3762
-0.0011435 16.8499
-0.00111324 16.3236
-0.00108297 15.7973
-0.00105271 15.271
-0.00102245 14.7447
-0.000992184 14.2184
-0.00096192 13.692
-0.000931657 13.1657
-0.000901394 12.6394
-0.000871131 12.1131
-0.000840868 11.5868
-0.000810605 11.0605
-0.000780341 10.5341
-0.000750078 10.0078
-0.000719815 9.48151
-0.000689552 8.9552
-0.000659289 8.42888
-0.000629026 7.90256
-0.000598762 7.37625
-0.000568499 6.84993
-0.000538236 6.32362
-0.000507973 5.7973
-0.00047771 5.27099
-0.000447447 4.74467
-0.000417184 4.21835
-0.00038692 3.69204
-0.000356657 3.16572
-0.000326394 2.63941
-0.000296323 2.13229
-0.000268658 1.86578
-0.000240993 1.59926
-0.000213327 1.33274
-0.000185662 1.06623
-0.000157997 0.799709
-0.000130332 0.533192
-0.000102667 0.266675
-7.50016e-05 0.000157568
-4.474e-05 -0.526005
-1.44768e-05 -1.05232
1.57864e-05 -1.57864
4.60495e-05 -2.10495
7.63127e-05 -2.63127
0.000106576 -3.15758
0.000136839 -3.6839
0.000162504 -3.75037
0.000132815 -3.28154
0.000103127 -2.81271
7.34388e-05 -2.34388
4.37505e-05 -1.87505
1.40622e-05 -1.40622
-1.56262e-05 -0.937384
-4.53145e-05 -0.468554
-7.50028e-05 0.000284776
-0.00010482 0.481968
-0.000134637 0.963652
-0.000164453 1.44534
-0.00019427 1.92702
-0.000224087 2.4087
-0.000253904 2.89039
-0.000283721 3.37207
-0.000313538 3.85375
-0.000343354 4.33544
-0.000373171 4.81712
-0.000402988 5.2988
-0.000432805 5.78049
-0.000462622 6.26217
-0.000492439 6.74385
-0.000522255 7.22554
-0.000552072 7.70722
-0.000581889 8.1889
-0.000611706 8.67059
-0.000641523 9.15227
-0.00067134 9.63395
-0.000701156 10.1156
-0.000730973 10.5973
-0.00076079 11.079
-0.000790607 11.5607
-0.000820424 12.0424
-0.000850241 12.5241
-0.000880057 13.0057
-0.000909874 13.4874
-0.000939691 13.9691
-0.000969508 14.4508
-0.000999325 14.9325
-0.00102914 15.4142
-0.00105896 15.8958
-0.00108878 16.3775
-0.00111859 16.8592
-0.00114841 17.3409
-0.00117823 17.8226
-0.00120804 18.3043
-0.00123786 18.7859
-0.00126768 19.2676
-0.00129749 19.7493
-0.00132731 20.231
-0.00135713 20.7127
-0.00138694 21.1944
-0.00141676 21.676
-0.00144658 22.1577
-0.00147639 22.6394
-0.00150511 23.0113
-0.0015338 23.3797
-0.00156245 23.7447
-0.00159106 24.1062
-0.00161964 24.4642
-0.00164819 24.8187
-0.0016767 25.1697
-0.00170517 25.5171
-0.00173361 25.861
-0.00176201 26.2014
-0.00179038 26.5381
-0.00181871 26.8712
-0.00184701 27.2007
-0.00187527 27.5266
-0.00190349 27.8488
-0.00193167 28.1673
-0.00195982 28.4821
-0.00198793 28.7932
-0.00201601 29.1006
-0.00204404 29.4042
-0.00207204 29.704
-0.0021 30
-0.00212792 30.2922
-0.00215581 30.5806
-0.00218365 30.8651
-0.00221146 31.1457
-0.00223922 31.4225
-0.00226695 31.6953
-0.00229464 31.9642
-0.00232229 32.2291
-0.0023499 32.49
-0.00237747 32.747
-0.002405 32.9999
-0.00243249 33.2488
-0.00245994 33.4936
-0.00248734 33.7343
-0.00251471 33.9709
-0.00254203 34.2034
-0.00256932 34.4317
-0.00259656 34.6558
-0.00262376 34.8758
-0.00265091 35.0915
-0.00267803 35.3029
-0.0027051 35.5101
-0.00273213 35.713
-0.00275912 35.9115
-0.00278606 36.1058
-0.00281296 36.2956
-0.00283981 36.4811
-0.00286662 36.6621
-0.00289339 36.8387
-0.00292011 37.0108
-0.00294678 37.1784
-0.00297341 37.3415
-0.003 37.5
-0.00302654 37.654
-0.00305303 37.8033
-0.00307948 37.948
-0.00310588 38.0881
-0.00313223 38.2235
-0.00315854 38.3541
-0.0031848 38.48
-0.00321101 38.6012
-0.00323718 38.7175
-0.00326329 38.829
-0.00328936 38.9357
-0.00331537 39.0375
-0.00334134 39.1343
-0.00336726 39.2262
-0.00339313 39.3131
-0.00341895 39.395
-0.00344472 39.4719
-0.00347044 39.5436
-0.0034961 39.6103
-0.00352172 39.6719
-0.00354728 39.7282
-0.00357279 39.7794
-0.00359825 39.8253
-0.00362366 39.866
-0.00364901 39.9013
-0.00367431 39.9313
-0.00369956 39.9559
-0.00372475 39.9752
-0.00374989 39.9889
-0.00377497 39.9972
-0.0038 40
-0.00382318 39.8176
-0.00384635 39.6352
-0.00386953 39.4528
-0.0038927 39.2704
-0.00391588 39.088
-0.00393906 38.9056
-0.00396223 38.7232
-0.00398541 38.5408
-0.00400858 38.3584
-0.00403176 38.176
-0.00405494 37.9936
-0.00407811 37.8112
-0.00410129 37.6288
-0.00412446 37.4464
-0.0040942 36.92
-0.00406394 36.3937
-0.00403367 35.8674
-0.00400341 35.3411
-0.00397315 34.8148
-0.00394288 34.2885
-0.00391262 33.7621
-0.00388236 33.2358
-0.0038521 32.7095
-0.00382183 32.1832
-0.00379157 31.6569
-0.00376131 31.1306
-0.00373104 30.6042
-0.00370078 30.0779
-0.00367052 29.5516
-0.00364025 29.0253
-0.00360999 28.499
-0.00357973 27.9727
-0.00354946 27.4464
-0.0035192 26.92
-0.00348894 26.3937
-0.00345867 25.8674
-0.00342841 25.3411
-0.00339815 24.8148
-0.00336788 24.2885
-0.00333762 23.7621
-0.00330736 23.2358
-0.0032771 22.7095
-0.00324683 22.1832
-0.00321657 21.6569
-0.00318631 21.1306
-0.00315604 20.6042
-0.00312578 20.0779
-0.00309552 19.5516
-0.00306525 19.0253
-0.00303499 18.499
-0.00300473 17.9727
-0.00297446 17.4464
-0.0029442 16.92
-0.00291394 16.3937
-0.00288367 15.8674
-0.00285341 15.3411
-0.00282315 14.8148
-0.00279288 14.2885
-0.00276262 13.7621
-0.00273236 13.2358
-0.0027021 12.7095
-0.00267287 12.2873
-0.00264628 12.1284
-0.0026197 11.9696
-0.00259311 11.8107
-0.00256652 11.6518
-0.00253993 11.493
-0.00251334 11.3341
-0.00248675 11.1752
-0.00246016 11.0164
-0.00243358 10.8575
-0.00240699 10.6986
-0.0023804 10.5398
-0.00235381 10.3809
-0.00232722 10.222
-0.00230063 10.0632
-0.00227404 9.90429
-0.00224745 9.74543
-0.00222087 9.58656
-0.00219428 9.42769
-0.00216769 9.26882
-0.0021411 9.10995
-0.00211451 8.95109
-0.00208792 8.79222
-0.00206133 8.63335
-0.00203474 8.47448
-0.00200816 8.31561
-0.00198157 8.15674
-0.00195498 7.99788
-0.00192839 7.83901
-0.0019018 7.68014
-0.00187521 7.52127
-0.00184862 7.3624
-0.00182204 7.20354
-0.00179545 7.04467
-0.00176886 6.8858
-0.00174227 6.72693
-0.00171568 6.56806
-0.00168909 6.4092
-0.0016625 6.25033
-0.00163591 6.09146
-0.00160933 5.93259
-0.00158274 5.77372
-0.00155615 5.61486
-0.00152956 5.45599
-0.00150297 5.29712
-0.00147638 5.13825
-0.00144979 4.97938
-0.00142321 4.82052
-0.00139662 4.66165
-0.00137003 4.50278
-0.00134344 4.34391
-0.00131685 4.18504
-0.00129026 4.02617
-0.00126367 3.86731
-0.00123708 3.70844
-0.0012105 3.54957
-0.00118391 3.3907
-0.00115732 3.23183
-0.00113073 3.07297
-0.00110414 2.9141
-0.00107755 2.75523
-0.00105096 2.59636
-0.00102437 2.43749
-0.000997786 2.27863
-0.000971198 2.11976
-0.000944609 1.96089
-0.00091802 1.80202
-0.000891432 1.64315
-0.000864843 1.48429
-0.000838254 1.32542
-0.000811665 1.16655
-0.000785077 1.00768
-0.000758488 0.848814
-0.000731899 0.689946
-0.000705311 0.531077
-0.000678722 0.372209
-0.000652133 0.213341
-0.000625545 0.0544732
-0.000596919 -0.308077
-0.000567231 -0.776907
-0.000537543 -1.24574
-0.000507854 -1.71457
-0.000478166 -2.1834
-0.000448478 -2.65223
-0.000418789 -3.12106
-0.000389101 -3.58989
-0.000366607 -3.3393
-0.000347857 -2.7143
-0.000329107 -2.0893
-0.000310357 -1.4643
-0.000291607 -0.839302
-0.000272857 -0.214302
-0.00025 0
-0.000225 0
-0.0002 0
-0.000175 0
-0.00015 0
-0.000125 0
-0.0001 0
-7.5e-05 0
-5e-05 0
-2.5e-05 0
-6.09864e-20 0
2.5e-05 0
5e-05 0
7.5e-05 0
0.0001 0
0.000125 0
0.00015 0
0.000175 0
0.0002 0
0.000225 0
0.00025 0
0.000275 0
0.0003 0
0.000325 0
0.00035 0
0.000375 0
0.00035 0
0.000325 0
0.0003 0
0.000275 0
0.00025 0
0.000225 0
0.0002 0
0.000175 0
0.00015 0
0.000125 0
0.0001 0
7.5e-05 0
5e-05 0
2.5e-05 0
-4.74338e-20 0
-2.5e-05 0
-5e-05 0
-7.5e-05 0
-0.0001 0
-0.000125 0
-0.00015 0
-0.000175 0
-0.0002 0
-0.000225 0
-0.00025 0
-0.000275 0
-0.0003 0
-0.000325 0
-0.00035 0
-0.000375 0
-0.0004 0
-0.000425 0
-0.00045 0
-0.000475 0
-0.0005 0
-0.000525 0
-0.00055 0
-0.000575 0
-0.0006 0
-0.000626024 0.102437
-0.000654012 0.401188
-0.000681999 0.69994
-0.000709987 0.998691
-0.000737974 1.29744
-0.000765962 1.59619
-0.000793949 1.89494
-0.000821937 2.1937
-0.000849924 2.49245
-0.000877912 2.7912
-0.0009059 3.08995
-0.000933887 3.3887
-0.000961875 3.68745
-0.000989862 3.9862
-0.00101785 4.28496
-0.00104584 4.58371
-0.00107382 4.88246
-0.00110181 5.18121
-0.0011298 5.47996
-0.00115779 5.77871
-0.00118577 6.07746
-0.00121376 6.37621
-0.00124175 6.67497
-0.00126974 6.97372
-0.00129772 7.27247
-0.00132571 7.57122
-0.0013537 7.86997
-0.00138169 8.16872
-0.00140967 8.46747
-0.00143766 8.76623
-0.00146565 9.06498
-0.00149364 9.36373
-0.00152162 9.66248
-0.00154961 9.96123
-0.0015776 10.26
-0.00160559 10.5587
-0.00163357 10.8575
-0.00166156 11.1562
-0.00168955 11.455
-0.00171754 11.7537
-0.00174552 12.0525
-0.00177351 12.3512
-0.0018015 12.65
-0.00182949 12.9487
-0.00185747 13.2475
-0.00188546 13.5462
-0.00191345 13.845
-0.00194144 14.1437
-0.00196943 14.4425
-0.00199741 14.7413
-0.0020254 15.04
-0.00205339 15.3388
-0.00208138 15.6375
-0.00210936 15.9363
-0.00213735 16.235
-0.00216534 16.5338
-0.00219333 16.8325
-0.00222131 17.1313
-0.0022493 17.43
-0.00227729 17.7288
-0.00230528 18.0275
-0.00233326 18.3263
-0.00236125 18.625
-0.00238924 18.9238
-0.00241723 19.2225
-0.00244521 19.5213
-0.0024732 19.82
-0.00250119 20.1188
-0.00252918 20.4175
-0.00255716 20.7163
-0.00258515 21.015
-0.00261314 21.3138
-0.00264113 21.6125
-0.00266911 21.9113
-0.0026971 22.21
-0.00272509 22.5088
-0.00275308 22.8075
-0.00278106 23.1063
-0.00280905 23.405
-0.00283704 23.7038
-0.00286503 24.0025
-0.00289301 24.3013
-0.002921 24.6
-0.00294899 24.8988
-0.00297698 25.1975
-0.00300496 25.4963
-0.00303295 25.7951
-0.00306094 26.0938
-0.00308893 26.3926
-0.00311691 26.6913
-0.0031449 26.9901
-0.00317289 27.2888
-0.00320088 27.5876
-0.00322886 27.8863
-0.00325685 28.1851
-0.00328484 28.4838
-0.00331283 28.7826
-0.00334081 29.0813
-0.0033688 29.3801
-0.00339679 29.6788
-0.00342478 29.9776
-0.00345276 30.2763
-0.00348075 30.5751
-0.00350874 30.8738
-0.00353673 31.1726
-0.00356471 31.4713
-0.0035927 31.7701
-0.00362069 32.0688
-0.00364868 32.3676
-0.00367666 32.6663
-0.00370465 32.9651
-0.00373264 33.2638
-0.00376063 33.5626
-0.00378861 33.8613
-0.0038166 34.1601
-0.00384459 34.4588
-0.00387258 34.7576
-0.00390056 35.0563
-0.00392855 35.3551
-0.00395654 35.6538
-0.00398453 35.9526
-0.00401251 36.2513
-0.0040405 36.5501
-0.00406849 36.8488
-0.00409648 37.1476
-0.00412446 37.4464
-0.00414764 37.2639
-0.00417082 37.0815
-0.00419399 36.8991
-0.00421717 36.7167
-0.00424034 36.5343
-0.00426352 36.3519
-0.0042867 36.1695
-0.00430987 35.9871
-0.00433305 35.8047
-0.00435622 35.6223
-0.0043794 35.4399
-0.00440258 35.2575
-0.00442575 35.0751
-0.00444893 34.8927
-0.0044721 34.7103
-0.00449528 34.5279
-0.00451845 34.3455
-0.00454163 34.1631
-0.00456481 33.9807
-0.00458798 33.7983
-0.00461116 33.6159
-0.00463433 33.4335
-0.00465751 33.2511
-0.00468069 33.0687
-0.00470386 32.8863
-0.00472704 32.7039
-0.00475021 32.5215
-0.00477339 32.3391
-0.00479657 32.1567
-0.00481974 31.9742
-0.00484292 31.7918
-0.00486609 31.6094
-0.00488927 31.427
-0.00491245 31.2446
-0.00493562 31.0622
-0.0049588 30.8798
-0.00498197 30.6974
-0.00500515 30.515
-0.00502833 30.3326
-0.0050515 30.1502
-0.00507468 29.9678
-0.00509785 29.7854
-0.00512103 29.603
-0.00514421 29.4206
-0.00516738 29.2382
-0.00519056 29.0558
-0.00521373 28.8734
-0.00523691 28.691
-0.00526009 28.5086
-0.00528326 28.3262
-0.005253 27.7999
-0.00522274 27.2735
-0.00519247 26.7472
-0.00516221 26.2209
-0.00513195 25.6946
-0.00510168 25.1683
-0.00507142 24.642
-0.00504116 24.1157
-0.00501089 23.5893
-0.00498063 23.063
-0.00495037 22.5367
-0.0049201 22.0104
-0.00488984 21.4841
-0.00485958 20.9578
-0.00482931 20.4314
-0.00479905 19.9051
-0.00476879 19.3788
-0.00473852 18.8525
-0.00470826 18.3262
-0.004678 17.7999
-0.00464774 17.2735
-0.00461747 16.7472
-0.00458721 16.2209
-0.00455695 15.6946
-0.00452668 15.1683
-0.00449642 14.642
-0.00446616 14.1157
-0.00443589 13.5893
-0.00440563 13.063
-0.00437537 12.5367
-0.0043451 12.0104
-0.00431488 11.4881
-0.00428887 11.3865
-0.00426285 11.285
-0.00423683 11.1834
-0.00421082 11.0818
-0.0041848 10.9802
-0.00415879 10.8787
-0.00413277 10.7771
-0.00410676 10.6755
-0.00408074 10.5739
-0.00405472 10.4724
-0.00402871 10.3708
-0.00400269 10.2692
-0.00397668 10.1676
-0.00395066 10.0661
-0.00392464 9.96449
-0.00389863 9.86291
-0.00387261 9.76133
-0.0038466 9.65976
-0.00382058 9.55818
-0.00379457 9.45661
-0.00376855 9.35503
-0.00374253 9.25346
-0.00371652 9.15188
-0.0036905 9.0503
-0.00366449 8.94873
-0.00363847 8.84715
-0.00361246 8.74558
-0.00358644 8.644
-0.00356042 8.54243
-0.00353441 8.44085
-0.00350839 8.33928
-0.00348238 8.2377
-0.00345636 8.13612
-0.00343035 8.03455
-0.00340433 7.93297
-0.00337831 7.8314
-0.0033523 7.72982
-0.00332628 7.62825
-0.00330027 7.52667
-0.00327425 7.42509
-0.00324824 7.32352
-0.00322222 7.22194
-0.0031962 7.12037
-0.00317019 7.01879
-0.00314417 6.91722
-0.00311816 6.81564
-0.00309214 6.71406
-0.00306612 6.61249
-0.00304011 6.51091
-0.00301409 6.40934
-0.00298808 6.30776
-0.00296206 6.20619
-0.00293605 6.10461
-0.00291003 6.00304
-0.00288401 5.90146
-0.002858 5.79988
-0.00283198 5.69831
-0.00280597 5.59673
-0.00277995 5.49516
-0.00275394 5.39358
-0.00272792 5.29201
-0.0027019 5.19043
-0.00267589 5.08885
-0.00264987 4.98728
-0.00262386 4.8857
-0.00259784 4.78413
-0.00257183 4.68255
-0.00254581 4.58098
-0.00251979 4.4794
-0.00249378 4.37783
-0.00246776 4.27625
-0.00244175 4.17467
-0.00241573 4.0731
-0.00238972 3.97152
-0.0023637 3.86995
-0.00233768 3.76837
-0.00231167 3.6668
-0.00228565 3.56522
-0.00225964 3.46364
-0.00223362 3.36207
-0.0022076 3.26049
-0.00218159 3.15892
-0.00215557 3.05734
-0.00212956 2.95577
-0.00210354 2.85419
-0.00207753 2.75262
-0.00205151 2.65104
-0.00202549 2.54946
-0.00199948 2.44789
-0.00197346 2.34631
-0.00194745 2.24474
-0.00192143 2.14316
-0.00189542 2.04159
-0.0018694 1.94001
-0.00184338 1.83843
-0.00181737 1.73686
-0.00179135 1.63528
-0.00176534 1.53371
-0.00173932 1.43213
-0.00171331 1.33056
-0.00168729 1.22898
-0.00166127 1.1274
-0.00163526 1.02583
-0.00160924 0.924254
-0.00158323 0.822678
-0.00155721 0.721102
-0.0015312 0.619527
-0.00150518 0.517951
-0.00147916 0.416375
-0.00145315 0.3148
-0.00142713 0.213224
-0.00140112 0.111648
-0.0013751 0.0100729
-0.00135 0
-0.001325 0
-0.0013 0
-0.001275 0
-0.00125 0
-0.001225 0
-0.0012 0
-0.001175 0
-0.00115 0
-0.001125 0
-0.0011 0
-0.001075 0
-0.00105 0
-0.001025 0
-0.001 0
-0.000975 0
-0.00095 0
-0.000925 0
-0.0009 0
-0.000875 0
-0.00085 0
-0.000825 0
-0.0008 0
-0.000775 0
-0.00075 0
-0.000725 0
-0.0007 0
-0.000675 0
-0.00065 0
-0.000625 0
-0.0006 0
-0.000575 0
-0.00055 0
-0.000525 0
-0.0005 0
-0.000475 0
-0.00045 0
-0.000425 0
-0.0004 0
-0.000375 0
-0.00035 0
-0.000325 0
-0.0003 0
-0.000275 0
-0.00025 0
-0.000225 0
-0.0002 0
-0.000175 0
-0.00015 0
-0.000125 0
-0.0001 0
-7.5e-05 0
-5e-05 0
-2.5e-05 0
-6.09864e-20 0
2.5e-05 0
5e-05 0
7.5e-05 0
0.0001 0
0.000125 0
0.00015 0
0.000175 0
0.0002 0
0.000225 0
0.00025 0
0.000275 0
0.0003 0
0.000325 0
0.00035 0
0.000375 0
0.0004 0
0.000425 0
0.00045 0
0.000475 0
0.0005 0
0.000475 0
0.00045 0
0.000425 0
0.0004 0
0.000375 0
0.00035 0
0.000325 0
0.0003 0
0.000275 0
0.00025 0
0.000225 0
0.0002 0
0.000175 0
0.00015 0
0.000125 0
0.0001 0
7.5e-05 0
5e-05 0
2.5e-05 0
-4.74338e-20 0
-2.5e-05 0
-5e-05 0
-7.5e-05 0
-0.0001 0
-0.000125 0
-0.00015 0
-0.000175 0
-0.0002 0
-0.000225 0
-0.00025 0
-0.000275 0
-0.0003 0
-0.000325 0
-0.00035 0
-0.000375 0
-0.0004 0
-0.000425 0
-0.00045 0
-0.000475 0
-0.0005 0
-0.000525 0
-0.00055 0
-0.000575 0
-0.0006 0
-0.000625 0
-0.00065 0
-0.000675 0
-0.0007 0
-0.000725 0
-0.00075 0
-0.000775 0
-0.0008 0
-0.000825 0
-0.00085 0
-0.000875 0
-0.0009 0
-0.000925 0
-0.00095 0
-0.000975 0
-0.001 0
-0.001025 0
-0.00105 0
-0.001075 0
-0.0011 0
-0.001125 0
-0.00115 0
-0.001175 0
-0.0012 0
-0.001225 0
-0.00125 0
-0.001275 0
-0.0013 0
-0.001325 0
-0.00135 0
-0.00137519 0.0193591
-0.00140215 0.214579
-0.0014291 0.409798
-0.00145605 0.605018
-0.001483 0.800237
-0.00150995 0.995456
-0.00153691 1.19068
-0.00156386 1.3859
-0.00159081 1.58111
-0.00161776 1.77633
-0.00164472 1.97155
-0.00167167 2.16677
-0.00169862 2.36199
-0.00172557 2.55721
-0.00175252 2.75243
-0.00177948 2.94765
-0.00180643 3.14287
-0.00183338 3.33809
-0.00186033 3.53331
-0.00188729 3.72853
-0.00191424 3.92375
-0.00194119 4.11897
-0.00196814 4.31419
-0.00199509 4.50941
-0.00202205 4.70463
-0.002049 4.89985
-0.00207595 5.09506
-0.0021029 5.29028
-0.00212986 5.4855
-0.00215681 5.68072
-0.00218376 5.87594
-0.00221071 6.07116
-0.00223766 6.26638
-0.00226462 6.4616
-0.00229157 6.65682
-0.00231852 6.85204
-0.00234547 7.04726
-0.00237242 7.24248
-0.00239938 7.4377
-0.00242633 7.63292
-0.00245328 7.82814
-0.00248023 8.02336
-0.00250719 8.21858
-0.00253414 8.4138
-0.00256109 8.60902
-0.00258804 8.80423
-0.00261499 8.99945
-0.00264195 9.19467
-0.0026689 9.38989
-0.00269585 9.58511
-0.0027228 9.78033
-0.00274976 9.97555
-0.00277671 10.1708
-0.00280366 10.366
-0.00283061 10.5612
-0.00285756 10.7564
-0.00288452 10.9516
-0.00291147 11.1469
-0.00293842 11.3421
-0.00296537 11.5373
-0.00299233 11.7325
-0.00301928 11.9277
-0.00304623 12.123
-0.00307318 12.3182
-0.00310013 12.5134
-0.00312709 12.7086
-0.00315404 12.9038
-0.00318099 13.0991
-0.00320794 13.2943
-0.0032349 13.4895
-0.00326185 13.6847
-0.0032888 13.8799
-0.00331575 14.0752
-0.0033427 14.2704
-0.00336966 14.4656
-0.00339661 14.6608
-0.00342356 14.856
-0.00345051 15.0513
-0.00347746 15.2465
-0.00350442 15.4417
-0.00353137 15.6369
-0.00355832 15.8321
-0.00358527 16.0274
-0.00361223 16.2226
-0.00363918 16.4178
-0.00366613 16.613
-0.00369308 16.8082
-0.00372003 17.0035
-0.00374699 17.1987
-0.00377394 17.3939
-0.00380089 17.5891
-0.00382784 17.7843
-0.0038548 17.9795
-0.00388175 18.1748
-0.0039087 18.37
-0.00393565 18.5652
-0.0039626 18.7604
-0.00398956 18.9556
-0.00401651 19.1509
-0.00404346 19.3461
-0.00407041 19.5413
-0.00409737 19.7365
-0.00412432 19.9317
-0.00415127 20.127
-0.00417822 20.3222
-0.00420517 20.5174
-0.00423213 20.7126
-0.00425908 20.9078
-0.00428603 21.1031
-0.00431298 21.2983
-0.00433993 21.4935
-0.00436689 21.6887
-0.00439384 21.8839
-0.00442079 22.0792
-0.00444774 22.2744
-0.0044747 22.4696
-0.00450165 22.6648
-0.0045286 22.86
-0.00455555 23.0553
-0.0045825 23.2505
-0.00460946 23.4457
-0.00463641 23.6409
-0.00466336 23.8361
-0.00469031 24.0314
-0.00471727 24.2266
-0.00474422 24.4218
-0.00477117 24.617
-0.00479812 24.8122
-0.00482507 25.0074
-0.00485203 25.2027
-0.00487898 25.3979
-0.00490593 25.5931
-0.00493288 25.7883
-0.00495984 25.9835
-0.00498679 26.1788
-0.00501374 26.374
-0.00504069 26.5692
-0.00506764 26.7644
-0.0050946 26.9596
-0.00512155 27.1549
-0.0051485 27.3501
-0.00517545 27.5453
-0.00520241 27.7405
-0.00522936 27.9357
-0.00525631 28.131
-0.00528326 28.3262
-0.00530644 28.1438
-0.00532961 27.9614
-0.00535279 27.779
-0.00537597 27.5966
-0.00539914 27.4142
-0.00542232 27.2318
-0.00544549 27.0494
-0.00546867 26.867
-0.00549185 26.6845
-0.00551502 26.5021
-0.0055382 26.3197
-0.00556137 26.1373
-0.00558455 25.9549
-0.00560773 25.7725
-0.0056309 25.5901
-0.00565408 25.4077
-0.00567725 25.2253
-0.00570043 25.0429
-0.00572361 24.8605
-0.00574678 24.6781
-0.00576996 24.4957
-0.00579313 24.3133
-0.00581631 24.1309
-0.00583948 23.9485
-0.00586266 23.7661
-0.00588584 23.5837
-0.00590901 23.4013
-0.00593219 23.2189
-0.00595536 23.0365
-0.00597854 22.8541
-0.00600172 22.6717
-0.00602489 22.4893
-0.00604807 22.3069
-0.00607124 22.1245
-0.00609442 21.9421
-0.0061176 21.7597
-0.00614077 21.5773
-0.00616395 21.3948
-0.00618712 21.2124
-0.0062103 21.03
-0.00623348 20.8476
-0.00625665 20.6652
-0.00627983 20.4828
-0.006303 20.3004
-0.00632618 20.118
-0.00634936 19.9356
-0.00637253 19.7532
-0.00639571 19.5708
-0.00641888 19.3884
-0.00644206 19.206
-0.0064118 18.6797
-0.00638153 18.1534
-0.00635127 17.6271
-0.00632101 17.1007
-0.00629074 16.5744
-0.00626048 16.0481
-0.00623022 15.5218
-0.00619995 14.9955
-0.00616969 14.4692
-0.00613943 13.9429
-0.00610917 13.4165
-0.0060789 12.8902
-0.00604864 12.3639
-0.00601838 11.8376
-0.00598811 11.3113
-0.00595785 10.785
-0.00592759 10.2586
-0.00589732 9.73232
-0.00586706 9.20601
-0.0058368 8.67969
-0.00580973 8.4728
-0.00578407 8.40693
-0.00575841 8.34107
-0.00573275 8.2752
-0.00570709 8.20933
-0.00568143 8.14346
-0.00565578 8.0776
-0.00563012 8.01173
-0.00560446 7.94586
-0.0055788 7.88
-0.00555314 7.81413
-0.00552748 7.74826
-0.00550182 7.68239
-0.00547617 7.61653
-0.00545051 7.55066
-0.00542485 7.48479
-0.00539919 7.41892
-0.00537353 7.35306
-0.00534787 7.28719
-0.00532221 7.22132
-0.00529655 7.15546
-0.0052709 7.08959
-0.00524524 7.02372
-0.00521958 6.95785
-0.00519392 6.89199
-0.00516826 6.82612
-0.0051426 6.76025
-0.00511694 6.69438
-0.00509129 6.62852
-0.00506563 6.56265
-0.00503997 6.49678
-0.00501431 6.43092
-0.00498865 6.36505
-0.00496299 6.29918
-0.00493733 6.23331
-0.00491167 6.16745
-0.00488602 6.10158
-0.00486036 6.03571
-0.0048347 5.96984
-0.00480904 5.90398
-0.00478338 5.83811
-0.00475772 5.77224
-0.00473206 5.70638
-0.00470641 5.64051
-0.00468075 5.57464
-0.00465509 5.50877
-0.00462943 5.44291
-0.00460377 5.37704
-0.00457811 5.31117
-0.00455245 5.2453
-0.00452679 5.17944
-0.00450114 5.11357
-0.00447548 5.0477
-0.00444982 4.98183
-0.00442416 4.91597
-0.0043985 4.8501
-0.00437284 4.78423
-0.00434718 4.71837
-0.00432152 4.6525
-0.00429587 4.58663
-0.00427021 4.52076
-0.00424455 4.4549
-0.00421889 4.38903
-0.00419323 4.32316
-0.00416757 4.25729
-0.00414191 4.19143
-0.00411626 4.12556
-0.0040906 4.05969
-0.00406494 3.99383
-0.00403928 3.92796
-0.00401362 3.86209
-0.00398796 3.79622
-0.0039623 3.73036
-0.00393664 3.66449
-0.00391099 3.59862
-0.00388533 3.53275
-0.00385967 3.46689
-0.00383401 3.40102
-0.00380835 3.33515
-0.00378269 3.26929
-0.00375703 3.20342
-0.00373138 3.13755
-0.00370572 3.07168
-0.00368006 3.00582
-0.0036544 2.93995
-0.00362874 2.87408
-0.00360308 2.80821
-0.00357742 2.74235
-0.00355176 2.67648
-0.00352611 2.61061
-0.00350045 2.54475
-0.00347479 2.47888
-0.00344913 2.41301
-0.00342347 2.34714
-0.00339781 2.28128
-0.00337215 2.21541
-0.0033465 2.14954
-0.00332084 2.08367
-0.00329518 2.01781
-0.00326952 1.95194
-0.00324386 1.88607
-0.0032182 1.82021
-0.00319254 1.75434
-0.00316688 1.68847
-0.00314123 1.6226
-0.00311557 1.55674
-0.00308991 1.49087
-0.00306425 1.425
-0.00303859 1.35913
-0.00301293 1.29327
-0.00298727 1.2274
-0.00296162 1.16153
-0.00293596 1.09567
-0.0029103 1.0298
-0.00288464 0.963931
-0.00285898 0.898063
-0.00283332 0.832196
-0.00280766 0.766329
-0.002782 0.700462
-0.00275635 0.634594
-0.00273069 0.568727
-0.00270503 0.50286
-0.00267937 0.436992
-0.00265371 0.371125
-0.00262805 0.305258
-0.00260239 0.239391
-0.00257674 0.173523
-0.00255108 0.107656
-0.00252542 0.0417887
-0.0025 0
-0.002475 0
-0.00245 0
-0.002425 0
-0.0024 0
-0.002375 0
-0.00235 0
-0.002325 0
-0.0023 0
-0.002275 0
-0.00225 0
-0.002225 0
-0.0022 0
-0.002175 0
-0.00215 0
-0.002125 0
-0.0021 0
-0.002075 0
-0.00205 0
-0.002025 0
-0.002 0
-0.001975 0
-0.00195 0
-0.001925 0
-0.0019 0
-0.001875 0
-0.00185 0
-0.001825 0
-0.0018 0
-0.001775 0
-0.00175 0
-0.001725 0
-0.0017 0
-0.001675 0
-0.00165 0
-0.001625 0
-0.0016 0
-0.001575 0
-0.00155 0
-0.001525 0
-0.0015 0
-0.001475 0
-0.00145 0
-0.001425 0
-0.0014 0
-0.001375 0
-0.00135 0
-0.001325 0
-0.0013 0
-0.001275 0
-0.00125 0
-0.001225 0
-0.0012 0
-0.001175 0
-0.00115 0
-0.001125 0
-0.0011 0
-0.001075 0
-0.00105 0
-0.001025 0
-0.001 0
-0.000975 0
-0.00095 0
-0.000925 0
-0.0009 0
-0.000875 0
-0.00085 0
-0.000825 0
-0.0008 0
-0.000775 0
-0.00075 0
-0.000725 0
-0.0007 0
-0.000675 0
-0.00065 0
-0.000625 0
-0.0006 0
-0.000575 0
-0.00055 0
-0.000525 0
-0.0005 0
-0.000475 0
-0.00045 0
-0.000425 0
-0.0004 0
-0.000375 0
-0.00035 0
-0.000325 0
-0.0003 0
-0.000275 0
-0.00025 0
-0.000225 0
-0.0002 0
-0.000175 0
-0.00015 0
-0.000125 0
-0.0001 0
-7.5e-05 0
-5e-05 0
-2.5e-05 0
-6.09864e-20 0
2.5e-05 0
5e-05 0
7.5e-05 0
0.0001 0
0.000125 0
0.00015 0
0.000175 0
0.0002 0
0.000225 0
0.00025 0
0.000275 0
0.0003 0
0.000325 0
0.00035 0
0.000375 0
0.0004 0
0.000425 0
0.00045 0
0.000475 0
0.0005 0
0.000525 0
0.00055 0
0.000575 0
0.0006 0
0.000625 0
0.0006 0
0.000575 0
0.00055 0
0.000525 0
0.0005 0
0.000475 0
0.00045 0
0.000425 0
0.0004 0
0.000375 0
0.00035 0
0.000325 0
0.0003 0
0.000275 0
0.00025 0
0.000225 0
0.0002 0
0.000175 0
0.00015 0
0.000125 0
0.0001 0
7.5e-05 0
5e-05 0
2.5e-05 0
-4.74338e-20 0
-2.5e-05 0
-5e-05 0
-7.5e-05 0
-0.0001 0
-0.000125 0
-0.00015 0
-0.000175 0
-0.0002 0
-0.000225 0
-0.00025 0
-0.000275 0
-0.0003 0
-0.000325 0
-0.00035 0
-0.000375 0
-0.0004 0
-0.000425 0
-0.00045 0
-0.000475 0
-0.0005 0
-0.000525 0
-0.00055 0
-0.000575 0
-0.0006 0
-0.000625 0
-0.00065 0
-0.000675 0
-0.0007 0
-0.000725 0
-0.00075 0
-0.000775 0
-0.0008 0
-0.000825 0
-0.00085 0
-0.000875 0
-0.0009 0
-0.000925 0
-0.00095 0
-0.000975 0
-0.001 0
-0.001025 0
-0.00105 0
-0.001075 0
-0.0011 0
-0.001125 0
-0.00115 0
-0.001175 0
-0.0012 0
-0.001225 0
-0.00125 0
-0.001275 0
-0.0013 0
-0.001325 0
-0.00135 0
-0.001375 0
-0.0014 0
-0.001425 0
-0.00145 0
-0.001475 0
-0.0015 0
-0.001525 0
-0.00155 0
-0.001575 0
-0.0016 0
-0.001625 0
-0.00165 0
-0.001675 0
-0.0017 0
-0.001725 0
-0.00175 0
-0.001775 0
-0.0018 0
-0.001825 0
-0.00185 0
-0.001875 0
-0.0019 0
-0.001925 0
-0.00195 0
-0.001975 0
-0.002 0
-0.002025 0
-0.00205 0
-0.002075 0
-0.0021 0
-0.002125 0
-0.00215 0
-0.002175 0
-0.0022 0
-0.002225 0
-0.00225 0
-0.002275 0
-0.0023 0
-0.002325 0
-0.00235 0
-0.002375 0
-0.0024 0
-0.002425 0
-0.00245 0
-0.002475 0
-0.0025 0
-0.00252581 0.0814319
-0.0025521 0.209785
-0.00257838 0.338138
-0.00260466 0.466491
-0.00263095 0.594843
-0.00265723 0.723196
-0.00268352 0.851549
-0.0027098 0.979902
-0.00273608 1.10825
-0.00276237 1.23661
-0.00278865 1.36496
-0.00281493 1.49331
-0.00284122 1.62167
-0.0028675 1.75002
-0.00289378 1.87837
-0.00292007 2.00672
-0.00294635 2.13508
-0.00297263 2.26343
-0.00299892 2.39178
-0.0030252 2.52014
-0.00305148 2.64849
-0.00307777 2.77684
-0.00310405 2.90519
-0.00313034 3.03355
-0.00315662 3.1619
-0.0031829 3.29025
-0.00320919 3.41861
-0.00323547 3.54696
-0.00326175 3.67531
-0.00328804 3.80366
-0.00331432 3.93202
-0.0033406 4.06037
-0.00336689 4.18872
-0.00339317 4.31708
-0.00341945 4.44543
-0.00344574 4.57378
-0.00347202 4.70214
-0.0034983 4.83049
-0.00352459 4.95884
-0.00355087 5.08719
-0.00357716 5.21555
-0.00360344 5.3439
-0.00362972 5.47225
-0.00365601 5.60061
-0.00368229 5.72896
-0.00370857 5.85731
-0.00373486 5.98566
-0.00376114 6.11402
-0.00378742 6.24237
-0.00381371 6.37072
-0.00383999 6.49908
-0.00386627 6.62743
-0.00389256 6.75578
-0.00391884 6.88413
-0.00394512 7.01249
-0.00397141 7.14084
-0.00399769 7.26919
-0.00402398 7.39755
-0.00405026 7.5259
-0.00407654 7.65425
-0.00410283 7.7826
-0.00412911 7.91096
-0.00415539 8.03931
-0.00418168 8.16766
-0.00420796 8.29602
-0.00423424 8.42437
-0.00426053 8.55272
-0.00428681 8.68107
-0.00431309 8.80943
-0.00433938 8.93778
-0.00436566 9.06613
-0.00439194 9.19449
-0.00441823 9.32284
-0.00444451 9.45119
-0.0044708 9.57954
-0.00449708 9.7079
-0.00452336 9.83625
-0.00454965 9.9646
-0.00457593 10.093
-0.00460221 10.2213
-0.0046285 10.3497
-0.00465478 10.478
-0.00468106 10.6064
-0.00470735 10.7347
-0.00473363 10.8631
-0.00475991 10.9914
-0.0047862 11.1198
-0.00481248 11.2481
-0.00483876 11.3765
-0.00486505 11.5048
-0.00489133 11.6332
-0.00491762 11.7615
-0.0049439 11.8899
-0.00497018 12.0182
-0.00499647 12.1466
-0.00502275 12.275
-0.00504903 12.4033
-0.00507532 12.5317
-0.0051016 12.66
-0.00512788 12.7884
-0.00515417 12.9167
-0.00518045 13.0451
-0.00520673 13.1734
-0.00523302 13.3018
-0.0052593 13.4301
-0.00528558 13.5585
-0.00531187 13.6868
-0.00533815 13.8152
-0.00536444 13.9435
-0.00539072 14.0719
-0.005417 14.2002
-0.00544329 14.3286
-0.00546957 14.457
-0.00549585 14.5853
-0.00552214 14.7137
-0.00554842 14.842
-0.0055747 14.9704
-0.00560099 15.0987
-0.00562727 15.2271
-0.00565355 15.3554
-0.00567984 15.4838
-0.00570612 15.6121
-0.0057324 15.7405
-0.00575869 15.8688
-0.00578497 15.9972
-0.00581126 16.1255
-0.00583754 16.2539
-0.00586382 16.3822
-0.00589011 16.5106
-0.00591639 16.639
-0.00594267 16.7673
-0.00596896 16.8957
-0.00599524 17.024
-0.00602152 17.1524
-0.00604781 17.2807
-0.00607409 17.4091
-0.00610037 17.5374
-0.00612666 17.6658
-0.00615294 17.7941
-0.00617922 17.9225
-0.00620551 18.0508
-0.00623179 18.1792
-0.00625808 18.3075
-0.00628436 18.4359
-0.00631064 18.5642
-0.00633693 18.6926
-0.00636321 18.8209
-0.00638949 18.9493
-0.00641578 19.0777
-0.00644206 19.206
-0.00646524 19.0236
-0.00648841 18.8412
-0.00651159 18.6588
-0.00653476 18.4764
-0.00655794 18.294
-0.00658112 18.1116
-0.00660429 17.9292
-0.00662747 17.7468
-0.00665064 17.5644
-0.00667382 17.382
-0.006697 17.1996
-0.00672017 17.0172
-0.00674335 16.8348
-0.00676652 16.6524
-0.0067897 16.47
-0.00681288 16.2876
-0.00683605 16.1052
-0.00685923 15.9227
-0.0068824 15.7403
-0.00690558 15.5579
-0.00692876 15.3755
-0.00695193 15.1931
-0.00697511 15.0107
-0.00699828 14.8283
-0.00702146 14.6459
-0.00704464 14.4635
-0.00706781 14.2811
-0.00709099 14.0987
-0.00711416 13.9163
-0.00713734 13.7339
-0.00716052 13.5515
-0.00718369 13.3691
-0.00720687 13.1867
-0.00723004 13.0043
-0.00725322 12.8219
-0.00727639 12.6395
-0.00729957 12.4571
-0.00732275 12.2747
-0.00734592 12.0923
-0.0073691 11.9099
-0.00739227 11.7275
-0.00741545 11.5451
-0.00743863 11.3627
-0.0074618 11.1803
-0.00748498 10.9979
-0.00750815 10.8155
-0.00753133 10.633
-0.00755451 10.4506
-0.00757768 10.2682
-0.00760086 10.0858
-0.0075706 9.55952
-0.00754033 9.03321
-0.00751007 8.50689
-0.00747981 7.98057
-0.00744954 7.45426
-0.00741928 6.92794
-0.00738902 6.40163
-0.00735875 5.87531
-0.00732849 5.34899
-0.00729823 4.82268
-0.0072717 4.67032
-0.00724629 4.62884
-0.00722087 4.58736
-0.00719546 4.54588
-0.00717004 4.5044
-0.00714463 4.46292
-0.00711921 4.42144
-0.0070938 4.37996
-0.00706838 4.33848
-0.00704297 4.29701
-0.00701756 4.25553
-0.00699214 4.21405
-0.00696673 4.17257
-0.00694131 4.13109
-0.0069159 4.08961
-0.00689048 4.04813
-0.00686507 4.00665
-0.00683965 3.96517
-0.00681424 3.92369
-0.00678882 3.88221
-0.00676341 3.84073
-0.00673799 3.79926
-0.00671258 3.75778
-0.00668716 3.7163
-0.00666175 3.67482
-0.00663633 3.63334
-0.00661092 3.59186
-0.0065855 3.55038
-0.00656009 3.5089
-0.00653467 3.46742
-0.00650926 3.42594
-0.00648384 3.38446
-0.00645843 3.34298
-0.00643302 3.30151
-0.0064076 3.26003
-0.00638219 3.21855
-0.00635677 3.17707
-0.00633136 3.13559
-0.00630594 3.09411
-0.00628053 3.05263
-0.00625511 3.01115
-0.0062297 2.96967
-0.00620428 2.92819
-0.00617887 2.88671
-0.00615345 2.84524
-0.00612804 2.80376
-0.00610262 2.76228
-0.00607721 2.7208
-0.00605179 2.67932
-0.00602638 2.63784
-0.00600096 2.59636
-0.00597555 2.55488
-0.00595013 2.5134
-0.00592472 2.47192
-0.0058993 2.43044
-0.00587389 2.38896
-0.00584847 2.34749
-0.00582306 2.30601
-0.00579765 2.26453
-0.00577223 2.22305
-0.00574682 2.18157
-0.0057214 2.14009
-0.00569599 2.09861
-0.00567057 2.05713
-0.00564516 2.01565
-0.00561974 1.97417
-0.00559433 1.93269
-0.00556891 1.89121
-0.0055435 1.84974
-0.00551808 1.80826
-0.00549267 1.76678
-0.00546725 1.7253
-0.00544184 1.68382
-0.00541642 1.64234
-0.00539101 1.60086
-0.00536559 1.55938
-0.00534018 1.5179
-0.00531476 1.47642
-0.00528935 1.43494
-0.00526393 1.39346
-0.00523852 1.35199
-0.00521311 1.31051
-0.00518769 1.26903
-0.00516228 1.22755
-0.00513686 1.18607
-0.00511145 1.14459
-0.00508603 1.10311
-0.00506062 1.06163
-0.0050352 1.02015
-0.00500979 0.978673
-0.00498437 0.937194
-0.00495896 0.895715
-0.00493354 0.854235
-0.00490813 0.812756
-0.00488271 0.771277
-0.0048573 0.729798
-0.00483188 0.688319
-0.00480647 0.64684
-0.00478105 0.60536
-0.00475564 0.563881
-0.00473022 0.522402
-0.00470481 0.480923
-0.00467939 0.439444
-0.00465398 0.397965
-0.00462856 0.356485
-0.00460315 0.315006
-0.00457774 0.273527
-0.00455232 0.232048
-0.00452691 0.190569
-0.00450149 0.14909
-0.00447608 0.107611
-0.00445066 0.0661313
-0.00442525 0.0246522
-0.0044 0
-0.004375 0
-0.00435 0
-0.004325 0
-0.0043 0
-0.004275 0
-0.00425 0
-0.004225 0
-0.0042 0
-0.004175 0
-0.00415 0
-0.004125 0
-0.0041 0
-0.004075 0
-0.00405 0
-0.004025 0
-0.004 0
-0.003975 0
-0.00395 0
-0.003925 0
-0.0039 0
-0.003875 0
-0.00385 0
-0.003825 0
-0.0038 0
-0.003775 0
-0.00375 0
-0.003725 0
-0.0037 0
-0.003675 0
-0.00365 0
-0.003625 0
-0.0036 0
-0.003575 0
-0.00355 0
-0.003525 0
-0.0035 0
-0.003475 0
-0.00345 0
-0.003425 0
-0.0034 0
-0.003375 0
-0.00335 0
-0.003325 0
-0.0033 0
-0.003275 0
-0.00325 0
-0.003225 0
-0.0032 0
-0.003175 0
-0.00315 0
-0.003125 0
-0.0031 0
-0.003075 0
-0.00305 0
-0.003025 0
-0.003 0
-0.002975 0
-0.00295 0
-0.002925 0
-0.0029 0
-0.002875 0
-0.00285 0
-0.002825 0
-0.0028 0
-0.002775 0
-0.00275 0
-0.002725 0
-0.0027 0
-0.002675 0
-0.00265 0
-0.002625 0
-0.0026 0
-0.002575 0
-0.00255 0
-0.002525 0
-0.0025 0
-0.002475 0
-0.00245 0
-0.002425 0
-0.0024 0
-0.002375 0
-0.00235 0
-0.002325 0
-0.0023 0
-0.002275 0
-0.00225 0
-0.002225 0
-0.0022 0
-0.002175 0
-0.00215 0
-0.002125 0
-0.0021 0
-0.002075 0
-0.00205 0
-0.002025 0
-0.002 0
-0.001975 0
-0.00195 0
-0.001925 0
-0.0019 0
-0.001875 0
-0.00185 0
-0.001825 0
-0.0018 0
-0.001775 0
-0.00175 0
-0.001725 0
-0.0017 0
-0.001675 0
-0.00165 0
-0.001625 0
-0.0016 0
-0.001575 0
-0.00155 0
-0.001525 0
-0.0015 0
-0.001475 0
-0.00145 0
-0.001425 0
-0.0014 0
-0.001375 0
-0.00135 0
-0.001325 0
-0.0013 0
-0.001275 0
-0.00125 0
-0.001225 0
-0.0012 0
-0.001175 0
-0.00115 0
-0.001125 0
-0.0011 0
-0.001075 0
-0.00105 0
-0.001025 0
-0.001 0
-0.000975 0
-0.00095 0
-0.000925 0
-0.0009 0
-0.000875 0
-0.00085 0
-0.000825 0
-0.0008 0
-0.000775 0
-0.00075 0
-0.000725 0
-0.0007 0
-0.000675 0
-0.00065 0
-0.000625 0
-0.0006 0
-0.000575 0
-0.00055 0
-0.000525 0
-0.0005 0
-0.000475 0
-0.00045 0
-0.000425 0
-0.0004 0
-0.000375 0
-0.00035 0
-0.000325 0
-0.0003 0
-0.000275 0
-0.00025 0
-0.000225 0
-0.0002 0
-0.000175 0
-0.00015 0
-0.000125 0
-0.0001 0
-7.5e-05 0
-5e-05 0
-2.5e-05 0
-6.09864e-20 0
2.5e-05 0
5e-05 0
7.5e-05 0
0.0001 0
0.000125 0
0.00015 0
0.000175 0
0.0002 0
0.000225 0
0.00025 0
0.000275 0
0.0003 0
0.000325 0
0.00035 0
0.000375 0
0.0004 0
0.000425 0
0.00045 0
0.000475 0
0.0005 0
0.000525 0
0.00055 0
0.000575 0
0.0006 0
0.000625 0
0.00065 0
0.000675 0
0.0007 0
0.000725 0
0.00075 0
0.000725 0
0.0007 0
0.000675 0
0.00065 0
0.000625 0
0.0006 0
0.000575 0
0.00055 0
0.000525 0
0.0005 0
0.000475 0
0.00045 0
0.000425 0
0.0004 0
0.000375 0
0.00035 0
0.000325 0
0.0003 0
0.000275 0
0.00025 0
0.000225 0
0.0002 0
0.000175 0
0.00015 0
0.000125 0
0.0001 0
7.5e-05 0
5e-05 0
2.5e-05 0
-4.74338e-20 0
-2.5e-05 0
-5e-05 0
-7.5e-05 0
-0.0001 0
-0.000125 0
-0.00015 0
-0.000175 0
-0.0002 0
-0.000225 0
-0.00025 0
-0.000275 0
-0.0003 0
-0.000325 0
-0.00035 0
-0.000375 0
-0.0004 0
-0.000425 0
-0.00045 0
-0.000475 0
-0.0005 0
-0.000525 0
-0.00055 0
-0.000575 0
-0.0006 0
-0.000625 0
-0.00065 0
-0.000675 0
-0.0007 0
-0.000725 0
-0.00075 0
-0.000775 0
-0.0008 0
-0.000825 0
-0.00085 0
-0.000875 0
-0.0009 0
-0.000925 0
-0.00095 0
-0.000975 0
-0.001 0
-0.001025 0
-0.00105 0
-0.001075 0
-0.0011 0
-0.001125 0
-0.00115 0
-0.001175 0
-0.0012 0
-0.001225 0
-0.00125 0
-0.001275 0
-0.0013 0
-0.001325 0
-0.00135 0
-0.001375 0
-0.0014 0
-0.001425 0
-0.00145 0
-0.001475 0
-0.0015 0
-0.001525 0
-0.00155 0
-0.001575 0
-0.0016 0
-0.001625 0
-0.00165 0
-0.001675 0
-0.0017 0
-0.001725 0
-0.00175 0
-0.001775 0
-0.0018 0
-0.001825 0
-0.00185 0
-0.001875 0
-0.0019 0
-0.001925 0
-0.00195 0
-0.001975 0
-0.002 0
-0.002025 0
-0.00205 0
-0.002075 0
-0.0021 0
-0.002125 0
-0.00215 0
-0.002175 0
-0.0022 0
-0.002225 0
-0.00225 0
-0.002275 0
-0.0023 0
-0.002325 0
-0.00235 0
-0.002375 0
-0.0024 0
-0.002425 0
-0.00245 0
-0.002475 0
-0.0025 0
-0.002525 0
-0.00255 0
-0.002575 0
-0.0026 0
-0.002625 0
-0.00265 0
-0.002675 0
-0.0027 0
-0.002725 0
-0.00275 0
-0.002775 0
-0.0028 0
-0.002825 0
-0.00285 0
-0.002875 0
-0.0029 0
-0.002925 0
-0.00295 0
-0.002975 0
-0.003 0
-0.003025 0
-0.00305 0
-0.003075 0
-0.0031 0
-0.003125 0
-0.00315 0
-0.003175 0
-0.0032 0
-0.003225 0
-0.00325 0
-0.003275 0
-0.0033 0
-0.003325 0
-0.00335 0
-0.003375 0
-0.0034 0
-0.003425 0
-0.00345 0
-0.003475 0
-0.0035 0
-0.003525 0
-0.00355 0
-0.003575 0
-0.0036 0
-0.003625 0
-0.00365 0
-0.003675 0
-0.0037 0
-0.003725 0
-0.00375 0
-0.003775 0
-0.0038 0
-0.003825 0
-0.00385 0
-0.003875 0
-0.0039 0
-0.003925 0
-0.00395 0
-0.003975 0
-0.004 0
-0.004025 0
-0.00405 0
-0.004075 0
-0.0041 0
-0.004125 0
-0.00415 0
-0.004175 0
-0.0042 0
-0.004225 0
-0.00425 0
-0.004275 0
-0.0043 0
-0.004325 0
-0.00435 0
-0.004375 0
-0.0044 0
-0.00442548 0.0484997
-0.0044513 0.130104
-0.00447712 0.211708
-0.00450293 0.293313
-0.00452875 0.374917
-0.00455457 0.456522
-0.00458038 0.538126
-0.0046062 0.61973
-0.00463201 0.701335
-0.00465783 0.782939
-0.00468365 0.864543
-0.00470946 0.946148
-0.00473528 1.02775
-0.00476109 1.10936
-0.00478691 1.19096
-0.00481273 1.27257
-0.00483854 1.35417
-0.00486436 1.43577
-0.00489017 1.51738
-0.00491599 1.59898
-0.00494181 1.68059
-0.00496762 1.76219
-0.00499344 1.8438
-0.00501925 1.9254
-0.00504507 2.007
-0.00507089 2.08861
-0.0050967 2.17021
-0.00512252 2.25182
-0.00514833 2.33342
-0.00517415 2.41503
-0.00519997 2.49663
-0.00522578 2.57824
-0.0052516 2.65984
-0.00527741 2.74144
-0.00530323 2.82305
-0.00532905 2.90465
-0.00535486 2.98626
-0.00538068 3.06786
-0.00540649 3.14947
-0.00543231 3.23107
-0.00545813 3.31267
-0.00548394 3.39428
-0.00550976 3.47588
-0.00553557 3.55749
-0.00556139 3.63909
-0.00558721 3.7207
-0.00561302 3.8023
-0.00563884 3.8839
-0.00566466 3.96551
-0.00569047 4.04711
-0.00571629 4.12872
-0.0057421 4.21032
-0.00576792 4.29193
-0.00579374 4.37353
-0.00581955 4.45514
-0.00584537 4.53674
-0.00587118 4.61834
-0.005897 4.69995
-0.00592282 4.78155
-0.00594863 4.86316
-0.00597445 4.94476
-0.00600026 5.02637
-0.00602608 5.10797
-0.0060519 5.18957
-0.00607771 5.27118
-0.00610353 5.35278
-0.00612934 5.43439
-0.00615516 5.51599
-0.00618098 5.5976
-0.00620679 5.6792
-0.00623261 5.76081
-0.00625842 5.84241
-0.00628424 5.92401
-0.00631006 6.00562
-0.00633587 6.08722
-0.00636169 6.16883
-0.0063875 6.25043
-0.00641332 6.33204
-0.00643914 6.41364
-0.00646495 6.49524
-0.00649077 6.57685
-0.00651658 6.65845
-0.0065424 6.74006
-0.00656822 6.82166
-0.00659403 6.90327
-0.00661985 6.98487
-0.00664566 7.06648
-0.00667148 7.14808
-0.0066973 7.22968
-0.00672311 7.31129
-0.00674893 7.39289
-0.00677474 7.4745
-0.00680056 7.5561
-0.00682638 7.63771
-0.00685219 7.71931
-0.00687801 7.80091
-0.00690383 7.88252
-0.00692964 7.96412
-0.00695546 8.04573
-0.00698127 8.12733
-0.00700709 8.20894
-0.00703291 8.29054
-0.00705872 8.37215
-0.00708454 8.45375
-0.00711035 8.53535
-0.00713617 8.61696
-0.00716199 8.69856
-0.0071878 8.78017
-0.00721362 8.86177
-0.00723943 8.94338
-0.00726525 9.02498
-0.00729107 9.10658
-0.00731688 9.18819
-0.0073427 9.26979
-0.00736851 9.3514
-0.00739433 9.433
-0.00742015 9.51461
-0.00744596 9.59621
-0.00747178 9.67782
-0.00749759 9.75942
-0.00752341 9.84102
-0.00754923 9.92263
-0.00757504 10.0042
-0.00760086 10.0858
-0.00762403 9.90343
-0.00764721 9.72103
-0.00767039 9.53863
-0.00769356 9.35622
-0.00771674 9.17382
-0.00773991 8.99142
-0.00776309 8.80901
-0.00778627 8.62661
-0.00780944 8.44421
-0.00783262 8.2618
-0.00785579 8.0794
-0.00787897 7.897
-0.00790215 7.71459
-0.00792532 7.53219
-0.0079485 7.34979
-0.00797167 7.16738
-0.00799485 6.98498
-0.00801803 6.80258
-0.0080412 6.62017
-0.00806438 6.43777
-0.00808755 6.25536
-0.00811073 6.07296
-0.008135 6
-0.00816 6
-0.008185 6
-0.00821 6
-0.008235 6
-0.00826 6
-0.008285 6
-0.00831 6
-0.008335 6
-0.00836 6
-0.008385 6
-0.00841 6
-0.008435 6
-0.00846 6
-0.008485 6
-0.00851 6
-0.008535 6
-0.00856 6
-0.008585 6
-0.00861 6
-0.008635 6
-0.00866 6
-0.008685 6
-0.00871 6
-0.008735 6
-0.00876 6
-0.008785 6
-0.00881 6
-0.00877974 5.47368
-0.00874947 4.94737
-0.00871921 4.42105
-0.00868895 3.89474
-0.00865868 3.36842
-0.00862854 2.85364
-0.00860323 2.82315
-0.00857793 2.79266
-0.00855262 2.76217
-0.00852732 2.73168
-0.00850201 2.70118
-0.00847671 2.67069
-0.0084514 2.6402
-0.0084261 2.60971
-0.00840079 2.57922
-0.00837549 2.54873
-0.00835018 2.51824
-0.00832488 2.48774
-0.00829957 2.45725
-0.00827427 2.42676
-0.00824896 2.39627
-0.00822366 2.36578
-0.00819835 2.33529
-0.00817305 2.3048
-0.00814774 2.2743
-0.00812244 2.24381
-0.00809713 2.21332
-0.00807183 2.18283
-0.00804652 2.15234
-0.00802122 2.12185
-0.00799591 2.09136
-0.00797061 2.06087
-0.0079453 2.03037
-0.00792 1.99988
-0.00789469 1.96939
-0.00786939 1.9389
-0.00784408 1.90841
-0.00781878 1.87792
-0.00779347 1.84743
-0.00776817 1.81693
-0.00774286 1.78644
-0.00771756 1.75595
-0.00769225 1.72546
-0.00766695 1.69497
-0.00764164 1.66448
-0.00761634 1.63399
-0.00759103 1.60349
-0.00756573 1.573
-0.00754043 1.54251
-0.00751512 1.51202
-0.00748982 1.48153
-0.00746451 1.45104
-0.00743921 1.42055
-0.0074139 1.39005
-0.0073886 1.35956
-0.00736329 1.32907
-0.00733799 1.29858
-0.00731268 1.26809
-0.00728738 1.2376
-0.00726207 1.20711
-0.00723677 1.17661
-0.00721146 1.14612
-0.00718616 1.11563
-0.00716085 1.08514
-0.00713555 1.05465
-0.00711024 1.02416
-0.00708494 0.993666
-0.00705963 0.963175
-0.00703433 0.932684
-0.00700902 0.902192
-0.00698372 0.871701
-0.00695841 0.841209
-0.00693311 0.810718
-0.0069078 0.780227
-0.0068825 0.749735
-0.00685719 0.719244
-0.00683189 0.688753
-0.00680658 0.658261
-0.00678128 0.62777
-0.00675597 0.597278
-0.00673067 0.566787
-0.00670536 0.536296
-0.00668006 0.505804
-0.00665475 0.475313
-0.00662945 0.444821
-0.00660414 0.41433
-0.00657884 0.383839
-0.00655353 0.353347
-0.00652823 0.322856
-0.00650292 0.292364
-0.00647762 0.261873
-0.00645231 0.231382
-0.00642701 0.20089
-0.0064017 0.170399
-0.0063764 0.139907
-0.00635109 0.109416
-0.00632579 0.0789247
-0.00630048 0.0484333
-0.00627518 0.0179419
-0.00625 0
-0.006225 0
-0.0062 0
-0.006175 0
-0.00615 0
-0.006125 0
-0.0061 0
-0.006075 0
-0.00605 0
-0.006025 0
-0.006 0
-0.005975 0
-0.00595 0
-0.005925 0
-0.0059 0
-0.005875 0
-0.00585 0
-0.005825 0
-0.0058 0
-0.005775 0
-0.00575 0
-0.005725 0
-0.0057 0
-0.005675 0
-0.00565 0
-0.005625 0
-0.0056 0
-0.005575 0
-0.00555 0
-0.005525 0
-0.0055 0
-0.005475 0
-0.00545 0
-0.005425 0
-0.0054 0
-0.005375 0
-0.00535 0
-0.005325 0
-0.0053 0
-0.005275 0
-0.00525 0
-0.005225 0
-0.0052 0
-0.005175 0
-0.00515 0
-0.005125 0
-0.0051 0
-0.005075 0
-0.00505 0
-0.005025 0
-0.005 0
-0.004975 0
-0.00495 0
-0.004925 0
-0.0049 0
-0.004875 0
-0.00485 0
-0.004825 0
-0.0048 0
-0.004775 0
-0.00475 0
-0.004725 0
-0.0047 0
-0.004675 0
-0.00465 0
-0.004625 0
-0.0046 0
-0.004575 0
-0.00455 0
-0.004525 0
-0.0045 0
-0.004475 0
-0.00445 0
-0.004425 0
-0.0044 0
-0.004375 0
-0.00435 0
-0.004325 0
-0.0043 0
-0.004275 0
-0.00425 0
-0.004225 0
-0.0042 0
-0.004175 0
-0.00415 0
-0.004125 0
-0.0041 0
-0.004075 0
-0.00405 0
-0.004025 0
-0.004 0
-0.003975 0
-0.00395 0
-0.003925 0
-0.0039 0
-0.003875 0
-0.00385 0
-0.003825 0
-0.0038 0
-0.003775 0
-0.00375 0
-0.003725 0
-0.0037 0
-0.003675 0
-0.00365 0
-0.003625 0
-0.0036 0
-0.003575 0
-0.00355 0
-0.003525 0
-0.0035 0
-0.003475 0
-0.00345 0
-0.003425 0
-0.0034 0
-0.003375 0
-0.00335 0
-0.003325 0
-0.0033 0
-0.003275 0
-0.00325 0
-0.003225 0
-0.0032 0
-0.003175 0
-0.00315 0
-0.003125 0
-0.0031 0
-0.003075 0
-0.00305 0
-0.003025 0
-0.003 0
-0.002975 0
-0.00295 0
-0.002925 0
-0.0029 0
-0.002875 0
-0.00285 0
-0.002825 0
-0.0028 0
-0.002775 0
-0.00275 0
-0.002725 0
-0.0027 0
-0.002675 0
-0.00265 0
-0.002625 0
-0.0026 0
-0.002575 0
-0.00255 0
-0.002525 0
-0.0025 0
-0.002475 0
-0.00245 0
-0.002425 0
-0.0024 0
-0.002375 0
-0.00235 0
-0.002325 0
-0.0023 0
-0.002275 0
-0.00225 0
-0.002225 0
-0.0022 0
-0.002175 0
-0.00215 0
-0.002125 0
-0.0021 0
-0.002075 0
-0.00205 0
-0.002025 0
-0.002 0
-0.001975 0
-0.00195 0
-0.001925 0
-0.0019 0
-0.001875 0
-0.00185 0
-0.001825 0
-0.0018 0
-0.001775 0
-0.00175 0
-0.001725 0
-0.0017 0
-0.001675 0
-0.00165 0
-0.001625 0
-0.0016 0
-0.001575 0
-0.00155 0
-0.001525 0
-0.0015 0
-0.001475 0
-0.00145 0
-0.001425 0
-0.0014 0
-0.001375 0
-0.00135 0
-0.001325 0
-0.0013 0
-0.001275 0
-0.00125 0
-0.001225 0
-0.0012 0
-0.001175 0
-0.00115 0
-0.001125 0
-0.0011 0
-0.001075 0
-0.00105 0
-0.001025 0
-0.001 0
-0.000975 0
-0.00095 0
-0.000925 0
-0.0009 0
-0.000875 0
-0.00085 0
-0.000825 0
-0.0008 0
-0.000775 0
-0.00075 0
-0.000725 0
-0.0007 0
-0.000675 0
-0.00065 0
-0.000625 0
-0.0006 0
-0.000575 0
-0.00055 0
-0.000525 0
-0.0005 0
-0.000475 0
-0.00045 0
-0.000425 0
-0.0004 0
-0.000375 0
-0.00035 0
-0.000325 0
-0.0003 0
-0.000275 0
-0.00025 0
-0.000225 0
-0.0002 0
-0.000175 0
-0.00015 0
-0.000125 0
-0.0001 0
-7.5e-05 0
-5e-05 0
-2.5e-05 0
-9.28348e-19 0
2.5e-05 0
5e-05 0
7.5e-05 0
0.0001 0
0.000125 0
0.00015 0
0.000175 0
0.0002 0
0.000225 0
0.00025 0
0.000275 0
0.0003 0
0.000325 0
0.00035 0
0.000375 0
0.0004 0
0.000425 0
0.00045 0
0.000475 0
0.0005 0
0.000525 0
0.00055 0
0.000575 0
0.0006 0
0.000625 0
0.00065 0
0.000675 0
0.0007 0
0.000725 0
0.00075 0
0.000775 0
0.0008 0
0.000825 0
0.00085 0
0.000875 0
0.00085 0
0.000825 0
0.0008 0
0.000775 0
0.00075 0
0.000725 0
0.0007 0
0.000675 0
0.00065 0
0.000625 0
0.0006 0
0.000575 0
0.00055 0
0.000525 0
0.0005 0
0.000475 0
0.00045 0
0.000425 0
0.0004 0
0.000375 0
0.00035 0
0.000325 0
0.0003 0
0.000275 0
0.00025 0
0.000225 0
0.0002 0
0.000175 0
0.00015 0
0.000125 0
0.0001 0
7.5e-05 0
5e-05 0
2.5e-05 0
-9.14796e-19 0
