-2.75567e-05 0.255672
-5.50987e-05 0.509866
-8.26258e-05 0.76258
-0.000110138 1.01381
-0.000137636 1.26355
-0.000165118 1.5118
-0.000192586 1.75857
-0.000220038 2.00383
-0.000247476 2.2476
-0.000274899 2.48986
-0.000302306 2.73062
-0.000329699 2.96987
-0.000357076 3.20761
-0.000384438 3.44384
-0.000411786 3.67855
-0.000439117 3.91174
-0.000466434 4.14341
-0.000493736 4.37355
-0.000521022 4.60216
-0.000548292 4.82925
-0.000575548 5.05479
-0.000602788 5.2788
-0.000630013 5.50126
-0.000657222 5.72219
-0.000684416 5.94156
-0.000711594 6.15938
-0.000738757 6.37565
-0.000765904 6.59036
-0.000793035 6.80351
-0.000820151 7.0151
-0.000847251 7.22512
-0.000874336 7.43357
-0.000901404 7.64045
-0.000928457 7.84575
-0.000955495 8.04947
-0.000982516 8.2516
-0.00100952 8.45216
-0.00103651 8.65112
-0.00106348 8.84848
-0.00109044 9.04426
-0.00111738 9.23843
-0.00114431 9.431
-0.00117122 9.62196
-0.00119811 9.81132
-0.00122499 9.99906
-0.00125185 10.1852
-0.0012787 10.3697
-0.00130553 10.5526
-0.00133234 10.7338
-0.00135913 10.9134
-0.00133157 10.657
-0.00130401 10.4006
-0.00127644 10.1442
-0.00124888 9.8878
-0.00122131 9.63139
-0.00119375 9.37498
-0.00116619 9.11857
-0.00113862 8.86216
-0.00111106 8.60575
-0.00108349 8.34934
-0.00105593 8.09293
-0.00102837 7.83652
-0.0010008 7.58011
-0.000973237 7.3237
-0.000945673 7.06729
-0.000918109 6.81088
-0.000890545 6.55447
-0.000862981 6.29806
-0.000835416 6.04165
-0.000807852 5.78524
-0.000780288 5.52883
-0.000752724 5.27242
-0.00072516 5.01601
-0.000697596 4.7596
-0.000670032 4.50319
-0.000642468 4.24678
-0.000614904 3.99037
-0.00058734 3.73396
-0.000559775 3.47755
-0.000532211 3.22114
-0.000504647 2.96473
-0.000477083 2.70832
-0.000449519 2.45191
-0.000421955 2.1955
-0.000394391 1.93909
-0.000366827 1.68268
-0.000339263 1.42626
-0.000312457 1.24575
-0.000286282 1.12818
-0.000260106 1.01061
-0.00023393 0.893041
-0.000207755 0.775472
-0.000181579 0.657904
-0.000155403 0.540336
-0.000129228 0.422768
-0.000103052 0.305199
-7.68763e-05 0.187631
-5.07006e-05 0.0700631
-2.39639e-05 -0.103606
3.60017e-06 -0.360017
3.11643e-05 -0.616427
5.87284e-05 -0.872837
8.62925e-05 -1.12925
0.000113857 -1.38566
0.000141421 -1.64207
0.000113857 -1.38566
8.62925e-05 -1.12925
5.87284e-05 -0.872837
3.11643e-05 -0.616427
3.60017e-06 -0.360017
-2.39639e-05 -0.103606
-5.13383e-05 0.133832
-7.85841e-05 0.358408
-0.00010583 0.582983
-0.000133076 0.807558
-0.000160321 1.03213
-0.000187567 1.25671
-0.000214813 1.48128
-0.000242059 1.70586
-0.000269304 1.93043
-0.00029655 2.15501
-0.000323796 2.37958
-0.000351042 2.60416
-0.000378287 2.82874
-0.000405533 3.05331
-0.000432779 3.27789
-0.000460025 3.50246
-0.00048727 3.72704
-0.000514516 3.95161
-0.000541762 4.17619
-0.000569008 4.40076
-0.000596253 4.62534
-0.000623499 4.84991
-0.000650745 5.07449
-0.000677991 5.29906
-0.000705236 5.52364
-0.000732482 5.74821
-0.000759728 5.97279
-0.000786974 6.19736
-0.000814219 6.42194
-0.000841465 6.64651
-0.000868711 6.87109
-0.000895957 7.09567
-0.000923202 7.32024
-0.000950448 7.54482
-0.000977694 7.76939
-0.00100494 7.99397
-0.00103219 8.21854
-0.00105943 8.44312
-0.00108668 8.66769
-0.00111392 8.89227
-0.00114117 9.11684
-0.00116841 9.34142
-0.00119566 9.56599
-0.00122291 9.79057
-0.00125015 10.0151
-0.0012774 10.2397
-0.00130464 10.4643
-0.00133189 10.6889
-0.00135913 10.9134
-0.00138591 11.0914
-0.00141268 11.2678
-0.00143943 11.4425
-0.00146616 11.6156
-0.00149287 11.787
-0.00151957 11.9568
-0.00154625 12.1249
-0.00157291 12.2913
-0.00159956 12.4561
-0.00162619 12.6193
-0.00165281 12.7807
-0.00167941 12.9405
-0.00170599 13.0986
-0.00173255 13.2551
-0.0017591 13.4098
-0.00178563 13.5629
-0.00181214 13.7143
-0.00183864 13.864
-0.00186512 14.0119
-0.00189158 14.1582
-0.00191803 14.3028
-0.00194446 14.4457
-0.00197087 14.5868
-0.00199726 14.7263
-0.00202364 14.864
-0.00205 15
-0.00207634 15.1343
-0.00210267 15.2668
-0.00212898 15.3976
-0.00215527 15.5267
-0.00218154 15.654
-0.0022078 15.7796
-0.00223403 15.9034
-0.00226025 16.0255
-0.00228646 16.1458
-0.00231264 16.2643
-0.00233881 16.3811
-0.00236496 16.4961
-0.00239109 16.6094
-0.00241721 16.7208
-0.00244331 16.8305
-0.00246938 16.9384
-0.00249545 17.0445
-0.00252149 17.1488
-0.00254751 17.2514
-0.00257352 17.3521
-0.00259951 17.451
-0.00262548 17.5481
-0.00265143 17.6434
-0.00267737 17.7368
-0.00270328 17.8285
-0.00272918 17.9183
-0.00275506 18.0063
-0.00278092 18.0924
-0.00280677 18.1767
-0.00283259 18.2592
-0.0028584 18.3398
-0.00288419 18.4186
-0.00290995 18.4955
-0.00293571 18.5705
-0.00296144 18.6437
-0.00298715 18.715
-0.00301284 18.7845
-0.00303852 18.8521
-0.00306418 18.9177
-0.00308982 18.9815
-0.00311543 19.0434
-0.00314103 19.1035
-0.00316662 19.1616
-0.00319218 19.2178
-0.00321772 19.2721
-0.00324324 19.3245
-0.00326875 19.3749
-0.00329423 19.4235
-0.0033197 19.4701
-0.00334515 19.5148
-0.00337058 19.5576
-0.00339598 19.5984
-0.00342137 19.6372
-0.00344674 19.6742
-0.00347209 19.7091
-0.00349742 19.7421
-0.00352273 19.7732
-0.00354802 19.8023
-0.00357329 19.8294
-0.00359854 19.8545
-0.00362378 19.8776
-0.00364899 19.8988
-0.00367418 19.9179
-0.00369935 19.9351
-0.0037245 19.9503
-0.00374963 19.9634
-0.00377475 19.9746
-0.00379984 19.9837
-0.00382491 19.9908
-0.00384996 19.9959
-0.00387499 19.999
-0.0039 20
-0.00392444 19.9442
-0.00394888 19.8885
-0.00392132 19.6321
-0.00389376 19.3757
-0.00386619 19.1192
-0.00383863 18.8628
-0.00381106 18.6064
-0.0037835 18.35
-0.00375594 18.0936
-0.00372837 17.8372
-0.00370081 17.5808
-0.00367324 17.3244
-0.00364568 17.068
-0.00361812 16.8116
-0.00359055 16.5551
-0.00356299 16.2987
-0.00353542 16.0423
-0.00350786 15.7859
-0.0034803 15.5295
-0.00345273 15.2731
-0.00342517 15.0167
-0.0033976 14.7603
-0.00337004 14.5039
-0.00334247 14.2475
-0.00331491 13.991
-0.00328735 13.7346
-0.00325978 13.4782
-0.00323222 13.2218
-0.00320465 12.9654
-0.00317709 12.709
-0.00314953 12.4526
-0.00312196 12.1962
-0.0030944 11.9398
-0.00306683 11.6833
-0.00303927 11.4269
-0.00301171 11.1705
-0.00298414 10.9141
-0.00295658 10.6577
-0.00292901 10.4013
-0.00290145 10.1449
-0.00287388 9.88848
-0.00284632 9.63207
-0.00281876 9.37566
-0.00279119 9.11925
-0.00276363 8.86283
-0.00273606 8.60642
-0.0027085 8.35001
-0.00268094 8.0936
-0.00265337 7.83719
-0.00262581 7.58078
-0.00259824 7.32437
-0.00257068 7.06796
-0.00254312 6.81155
-0.00251555 6.55514
-0.00248907 6.40709
-0.00246335 6.33494
-0.00243763 6.26279
-0.00241191 6.19063
-0.00238618 6.11848
-0.00236046 6.04632
-0.00233474 5.97417
-0.00230902 5.90202
-0.0022833 5.82986
-0.00225758 5.75771
-0.00223186 5.68555
-0.00220613 5.6134
-0.00218041 5.54125
-0.00215469 5.46909
-0.00212897 5.39694
-0.00210325 5.32479
-0.00207753 5.25263
-0.0020518 5.18048
-0.00202608 5.10832
-0.00200036 5.03617
-0.00197464 4.96402
-0.00194892 4.89186
-0.0019232 4.81971
-0.00189748 4.74756
-0.00187175 4.6754
-0.00184603 4.60325
-0.00182031 4.53109
-0.00179459 4.45894
-0.00176887 4.38679
-0.00174315 4.31463
-0.00171742 4.24248
-0.0016917 4.17033
-0.00166598 4.09817
-0.00164026 4.02602
-0.00161454 3.95386
-0.00158882 3.88171
-0.0015631 3.80956
-0.00153737 3.7374
-0.00151165 3.66525
-0.00148593 3.5931
-0.00146021 3.52094
-0.00143449 3.44879
-0.00140877 3.37663
-0.00138304 3.30448
-0.00135732 3.23233
-0.0013316 3.16017
-0.00130588 3.08802
-0.00128016 3.01586
-0.00125444 2.94371
-0.00122872 2.87156
-0.00120299 2.7994
-0.00117727 2.72725
-0.00115155 2.6551
-0.00112583 2.58294
-0.00110011 2.51079
-0.00107439 2.43863
-0.00104866 2.36648
-0.00102294 2.29433
-0.000997222 2.22217
-0.0009715 2.15002
-0.000945779 2.07787
-0.000920057 2.00571
-0.000894336 1.93356
-0.000868614 1.8614
-0.000842893 1.78925
-0.000817171 1.7171
-0.000791449 1.64494
-0.000765728 1.57279
-0.000740006 1.50064
-0.000714285 1.42848
-0.000688563 1.35633
-0.000662842 1.28417
-0.00063712 1.21202
-0.000611399 1.13987
-0.000585677 1.06771
-0.000559956 0.995559
-0.000534234 0.923405
-0.000508513 0.851251
-0.000482791 0.779097
-0.000457069 0.706943
-0.000431348 0.63479
-0.000405626 0.562636
-0.000379905 0.490482
-0.000354183 0.418328
-0.000328462 0.346175
-0.00030274 0.274021
-0.000277019 0.201867
-0.000251297 0.129713
-0.000225576 0.0575594
-0.000199481 -0.0518636
-0.000171917 -0.308274
-0.000144353 -0.564684
-0.000116789 -0.821094
-8.9225e-05 -1.0775
-6.16609e-05 -1.33391
-3.40967e-05 -1.59033
-6.53265e-06 -1.84674
2.10315e-05 -2.10315
4.85956e-05 -2.35956
7.61597e-05 -2.61597
0.000103724 -2.87238
0.000131288 -3.12879
0.000158852 -3.3852
0.000186416 -3.64161
0.00021398 -3.89802
0.000236236 -3.62358
0.000254986 -2.99858
0.000273736 -2.37358
0.000292486 -1.74858
0.000311236 -1.12358
0.000329986 -0.498583
0.00035 0
0.000375 0
0.00035 0
0.000325 0
0.0003 0
0.000275 0
0.00025 0
0.000225 0
0.0002 0
0.000175 0
0.00015 0
0.000125 0
0.0001 0
7.5e-05 0
5e-05 0
2.5e-05 0
-4.74338e-20 0
-2.5e-05 0
-5e-05 0
-7.5e-05 0
-0.0001 0
-0.000125 0
-0.00015 0
-0.000175 0
-0.0002 0
-0.000226119 0.111889
-0.000252521 0.252149
-0.000278924 0.392408
-0.000305327 0.532668
-0.000331729 0.672927
-0.000358132 0.813187
-0.000384534 0.953446
-0.000410937 1.09371
-0.00043734 1.23397
-0.000463742 1.37422
-0.000490145 1.51448
-0.000516547 1.65474
-0.00054295 1.795
-0.000569353 1.93526
-0.000595755 2.07552
-0.000622158 2.21578
-0.00064856 2.35604
-0.000674963 2.4963
-0.000701366 2.63656
-0.000727768 2.77682
-0.000754171 2.91708
-0.000780573 3.05734
-0.000806976 3.1976
-0.000833379 3.33786
-0.000859781 3.47812
-0.000886184 3.61838
-0.000912586 3.75864
-0.000938989 3.8989
-0.000965392 4.03915
-0.000991794 4.17941
-0.0010182 4.31967
-0.0010446 4.45993
-0.001071 4.60019
-0.0010974 4.74045
-0.00112381 4.88071
-0.00115021 5.02097
-0.00117661 5.16123
-0.00120301 5.30149
-0.00122942 5.44175
-0.00125582 5.58201
-0.00128222 5.72227
-0.00130863 5.86253
-0.00133503 6.00279
-0.00136143 6.14305
-0.00138783 6.28331
-0.00141424 6.42357
-0.00144064 6.56383
-0.00146704 6.70408
-0.00149344 6.84434
-0.00151985 6.9846
-0.00154625 7.12486
-0.00157265 7.26512
-0.00159905 7.40538
-0.00162546 7.54564
-0.00165186 7.6859
-0.00167826 7.82616
-0.00170466 7.96642
-0.00173107 8.10668
-0.00175747 8.24694
-0.00178387 8.3872
-0.00181027 8.52746
-0.00183668 8.66772
-0.00186308 8.80798
-0.00188948 8.94824
-0.00191588 9.0885
-0.00194229 9.22876
-0.00196869 9.36902
-0.00199509 9.50927
-0.0020215 9.64953
-0.0020479 9.78979
-0.0020743 9.93005
-0.0021007 10.0703
-0.00212711 10.2106
-0.00215351 10.3508
-0.00217991 10.4911
-0.00220631 10.6314
-0.00223272 10.7716
-0.00225912 10.9119
-0.00228552 11.0521
-0.00231192 11.1924
-0.00233833 11.3326
-0.00236473 11.4729
-0.00239113 11.6132
-0.00241753 11.7534
-0.00244394 11.8937
-0.00247034 12.0339
-0.00249674 12.1742
-0.00252314 12.3145
-0.00254955 12.4547
-0.00257595 12.595
-0.00260235 12.7352
-0.00262876 12.8755
-0.00265516 13.0158
-0.00268156 13.156
-0.00270796 13.2963
-0.00273437 13.4365
-0.00276077 13.5768
-0.00278717 13.7171
-0.00281357 13.8573
-0.00283998 13.9976
-0.00286638 14.1378
-0.00289278 14.2781
-0.00291918 14.4184
-0.00294559 14.5586
-0.00297199 14.6989
-0.00299839 14.8391
-0.00302479 14.9794
-0.0030512 15.1197
-0.0030776 15.2599
-0.003104 15.4002
-0.0031304 15.5404
-0.00315681 15.6807
-0.00318321 15.821
-0.00320961 15.9612
-0.00323601 16.1015
-0.00326242 16.2417
-0.00328882 16.382
-0.00331522 16.5222
-0.00334163 16.6625
-0.00336803 16.8028
-0.00339443 16.943
-0.00342083 17.0833
-0.00344724 17.2235
-0.00347364 17.3638
-0.00350004 17.5041
-0.00352644 17.6443
-0.00355285 17.7846
-0.00357925 17.9248
-0.00360565 18.0651
-0.00363205 18.2054
-0.00365846 18.3456
-0.00368486 18.4859
-0.00371126 18.6261
-0.00373766 18.7664
-0.00376407 18.9067
-0.00379047 19.0469
-0.00381687 19.1872
-0.00384327 19.3274
-0.00386968 19.4677
-0.00389608 19.608
-0.00392248 19.7482
-0.00394888 19.8885
-0.00397333 19.8327
-0.00399777 19.777
-0.00402221 19.7212
-0.00404665 19.6654
-0.0040711 19.6097
-0.00409554 19.5539
-0.00411998 19.4981
-0.00414442 19.4424
-0.00416887 19.3866
-0.00419331 19.3309
-0.00421775 19.2751
-0.00424219 19.2193
-0.00426664 19.1636
-0.00429108 19.1078
-0.00431552 19.052
-0.00433996 18.9963
-0.00436441 18.9405
-0.00438885 18.8848
-0.00441329 18.829
-0.00443773 18.7732
-0.00446217 18.7175
-0.00448662 18.6617
-0.00451106 18.6059
-0.0045355 18.5502
-0.00455994 18.4944
-0.00458439 18.4387
-0.00460883 18.3829
-0.00463327 18.3271
-0.00465771 18.2714
-0.00468216 18.2156
-0.0047066 18.1599
-0.00473104 18.1041
-0.00475548 18.0483
-0.00477993 17.9926
-0.00480437 17.9368
-0.00482881 17.881
-0.00485325 17.8253
-0.0048777 17.7695
-0.00490214 17.7138
-0.00492658 17.658
-0.00495102 17.6022
-0.00497546 17.5465
-0.00499991 17.4907
-0.00502435 17.4349
-0.00504879 17.3792
-0.00507323 17.3234
-0.00509768 17.2677
-0.00512212 17.2119
-0.00514656 17.1561
-0.005171 17.1004
-0.00514344 16.844
-0.00511588 16.5876
-0.00508831 16.3311
-0.00506075 16.0747
-0.00503318 15.8183
-0.00500562 15.5619
-0.00497805 15.3055
-0.00495049 15.0491
-0.00492293 14.7927
-0.00489536 14.5363
-0.0048678 14.2799
-0.00484023 14.0234
-0.00481267 13.767
-0.00478511 13.5106
-0.00475754 13.2542
-0.00472998 12.9978
-0.00470241 12.7414
-0.00467485 12.485
-0.00464729 12.2286
-0.00461972 11.9722
-0.00459216 11.7158
-0.00456459 11.4593
-0.00453703 11.2029
-0.00450947 10.9465
-0.0044819 10.6901
-0.00445434 10.4337
-0.00442677 10.1773
-0.00439921 9.92088
-0.00437164 9.66447
-0.00434408 9.40806
-0.00431652 9.15165
-0.00428895 8.89524
-0.00426139 8.63883
-0.00423382 8.38242
-0.00420626 8.12601
-0.0041787 7.8696
-0.00415113 7.61319
-0.00412357 7.35678
-0.004096 7.10037
-0.00406844 6.84396
-0.00404259 6.75855
-0.00401711 6.71087
-0.00399163 6.6632
-0.00396616 6.61552
-0.00394068 6.56785
-0.0039152 6.52017
-0.00388972 6.47249
-0.00386425 6.42482
-0.00383877 6.37714
-0.00381329 6.32947
-0.00378782 6.28179
-0.00376234 6.23412
-0.00373686 6.18644
-0.00371139 6.13877
-0.00368591 6.09109
-0.00366043 6.04342
-0.00363496 5.99574
-0.00360948 5.94807
-0.003584 5.90039
-0.00355853 5.85271
-0.00353305 5.80504
-0.00350757 5.75736
-0.0034821 5.70969
-0.00345662 5.66201
-0.00343114 5.61434
-0.00340567 5.56666
-0.00338019 5.51899
-0.00335471 5.47131
-0.00332924 5.42364
-0.00330376 5.37596
-0.00327828 5.32828
-0.00325281 5.28061
-0.00322733 5.23293
-0.00320185 5.18526
-0.00317638 5.13758
-0.0031509 5.08991
-0.00312542 5.04223
-0.00309995 4.99456
-0.00307447 4.94688
-0.00304899 4.89921
-0.00302352 4.85153
-0.00299804 4.80386
-0.00297256 4.75618
-0.00294709 4.7085
-0.00292161 4.66083
-0.00289613 4.61315
-0.00287065 4.56548
-0.00284518 4.5178
-0.0028197 4.47013
-0.00279422 4.42245
-0.00276875 4.37478
-0.00274327 4.3271
-0.00271779 4.27943
-0.00269232 4.23175
-0.00266684 4.18407
-0.00264136 4.1364
-0.00261589 4.08872
-0.00259041 4.04105
-0.00256493 3.99337
-0.00253946 3.9457
-0.00251398 3.89802
-0.0024885 3.85035
-0.00246303 3.80267
-0.00243755 3.755
-0.00241207 3.70732
-0.0023866 3.65965
-0.00236112 3.61197
-0.00233564 3.56429
-0.00231017 3.51662
-0.00228469 3.46894
-0.00225921 3.42127
-0.00223374 3.37359
-0.00220826 3.32592
-0.00218278 3.27824
-0.00215731 3.23057
-0.00213183 3.18289
-0.00210635 3.13522
-0.00208088 3.08754
-0.0020554 3.03986
-0.00202992 2.99219
-0.00200445 2.94451
-0.00197897 2.89684
-0.00195349 2.84916
-0.00192801 2.80149
-0.00190254 2.75381
-0.00187706 2.70614
-0.00185158 2.65846
-0.00182611 2.61079
-0.00180063 2.56311
-0.00177515 2.51544
-0.00174968 2.46776
-0.0017242 2.42008
-0.00169872 2.37241
-0.00167325 2.32473
-0.00164777 2.27706
-0.00162229 2.22938
-0.00159682 2.18171
-0.00157134 2.13403
-0.00154586 2.08636
-0.00152039 2.03868
-0.00149491 1.99101
-0.00146943 1.94333
-0.00144396 1.89565
-0.00141848 1.84798
-0.001393 1.8003
-0.00136753 1.75263
-0.00134205 1.70495
-0.00131657 1.65728
-0.0012911 1.6096
-0.00126562 1.56193
-0.00124014 1.51425
-0.00121467 1.46658
-0.00118919 1.4189
-0.00116371 1.37123
-0.00113824 1.32355
-0.00111276 1.27587
-0.00108728 1.2282
-0.00106181 1.18052
-0.00103633 1.13285
-0.00101085 1.08517
-0.000985375 1.0375
-0.000959898 0.989822
-0.000934421 0.942147
-0.000908945 0.894471
-0.000883468 0.846796
-0.000857991 0.79912
-0.000832514 0.751445
-0.000807038 0.70377
-0.000781561 0.656094
-0.000756084 0.608419
-0.000730607 0.560743
-0.000705131 0.513068
-0.000679654 0.465392
-0.000654177 0.417717
-0.0006287 0.370042
-0.000603224 0.322366
-0.000577747 0.274691
-0.00055227 0.227015
-0.000526793 0.17934
-0.000501317 0.131665
-0.00047584 0.0839892
-0.000450363 0.0363138
-0.000425 0
-0.0004 0
-0.000375 0
-0.00035 0
-0.000325 0
-0.0003 0
-0.000275 0
-0.00025 0
-0.000225 0
-0.0002 0
-0.000175 0
-0.00015 0
-0.000125 0
-0.0001 0
-7.5e-05 0
-5e-05 0
-2.5e-05 0
-6.09864e-20 0
2.5e-05 0
5e-05 0
7.5e-05 0
0.0001 0
0.000125 0
0.00015 0
0.000175 0
0.0002 0
0.000225 0
0.00025 0
0.000275 0
0.0003 0
0.000325 0
0.00035 0
0.000375 0
0.0004 0
0.000425 0
0.00045 0
0.000475 0
0.0005 0
0.000475 0
0.00045 0
0.000425 0
0.0004 0
0.000375 0
0.00035 0
0.000325 0
0.0003 0
0.000275 0
0.00025 0
0.000225 0
0.0002 0
0.000175 0
0.00015 0
0.000125 0
0.0001 0
7.5e-05 0
5e-05 0
2.5e-05 0
-4.74338e-20 0
-2.5e-05 0
-5e-05 0
-7.5e-05 0
-0.0001 0
-0.000125 0
-0.00015 0
-0.000175 0
-0.0002 0
-0.000225 0
-0.00025 0
-0.000275 0
-0.0003 0
-0.000325 0
-0.00035 0
-0.000375 0
-0.0004 0
-0.000425 0
-0.000450713 0.0712684
-0.000476648 0.164835
-0.000502584 0.258401
-0.00052852 0.351968
-0.000554455 0.445534
-0.000580391 0.539101
-0.000606327 0.632667
-0.000632262 0.726234
-0.000658198 0.8198
-0.000684134 0.913367
-0.000710069 1.00693
-0.000736005 1.1005
-0.000761941 1.19407
-0.000787876 1.28763
-0.000813812 1.3812
-0.000839748 1.47477
-0.000865683 1.56833
-0.000891619 1.6619
-0.000917555 1.75547
-0.00094349 1.84903
-0.000969426 1.9426
-0.000995362 2.03616
-0.0010213 2.12973
-0.00104723 2.2233
-0.00107317 2.31686
-0.0010991 2.41043
-0.00112504 2.504
-0.00115098 2.59756
-0.00117691 2.69113
-0.00120285 2.7847
-0.00122878 2.87826
-0.00125472 2.97183
-0.00128065 3.0654
-0.00130659 3.15896
-0.00133253 3.25253
-0.00135846 3.3461
-0.0013844 3.43966
-0.00141033 3.53323
-0.00143627 3.6268
-0.0014622 3.72036
-0.00148814 3.81393
-0.00151407 3.90749
-0.00154001 4.00106
-0.00156595 4.09463
-0.00159188 4.18819
-0.00161782 4.28176
-0.00164375 4.37533
-0.00166969 4.46889
-0.00169562 4.56246
-0.00172156 4.65603
-0.0017475 4.74959
-0.00177343 4.84316
-0.00179937 4.93673
-0.0018253 5.03029
-0.00185124 5.12386
-0.00187717 5.21743
-0.00190311 5.31099
-0.00192905 5.40456
-0.00195498 5.49813
-0.00198092 5.59169
-0.00200685 5.68526
-0.00203279 5.77883
-0.00205872 5.87239
-0.00208466 5.96596
-0.0021106 6.05952
-0.00213653 6.15309
-0.00216247 6.24666
-0.0021884 6.34022
-0.00221434 6.43379
-0.00224027 6.52736
-0.00226621 6.62092
-0.00229214 6.71449
-0.00231808 6.80806
-0.00234402 6.90162
-0.00236995 6.99519
-0.00239589 7.08876
-0.00242182 7.18232
-0.00244776 7.27589
-0.00247369 7.36946
-0.00249963 7.46302
-0.00252557 7.55659
-0.0025515 7.65016
-0.00257744 7.74372
-0.00260337 7.83729
-0.00262931 7.93085
-0.00265524 8.02442
-0.00268118 8.11799
-0.00270712 8.21155
-0.00273305 8.30512
-0.00275899 8.39869
-0.00278492 8.49225
-0.00281086 8.58582
-0.00283679 8.67939
-0.00286273 8.77295
-0.00288867 8.86652
-0.0029146 8.96009
-0.00294054 9.05365
-0.00296647 9.14722
-0.00299241 9.24079
-0.00301834 9.33435
-0.00304428 9.42792
-0.00307021 9.52149
-0.00309615 9.61505
-0.00312209 9.70862
-0.00314802 9.80218
-0.00317396 9.89575
-0.00319989 9.98932
-0.00322583 10.0829
-0.00325176 10.1765
-0.0032777 10.27
-0.00330364 10.3636
-0.00332957 10.4572
-0.00335551 10.5507
-0.00338144 10.6443
-0.00340738 10.7378
-0.00343331 10.8314
-0.00345925 10.925
-0.00348519 11.0185
-0.00351112 11.1121
-0.00353706 11.2057
-0.00356299 11.2992
-0.00358893 11.3928
-0.00361486 11.4864
-0.0036408 11.5799
-0.00366674 11.6735
-0.00369267 11.7671
-0.00371861 11.8606
-0.00374454 11.9542
-0.00377048 12.0478
-0.00379641 12.1413
-0.00382235 12.2349
-0.00384828 12.3285
-0.00387422 12.422
-0.00390016 12.5156
-0.00392609 12.6092
-0.00395203 12.7027
-0.00397796 12.7963
-0.0040039 12.8899
-0.00402983 12.9834
-0.00405577 13.077
-0.00408171 13.1706
-0.00410764 13.2641
-0.00413358 13.3577
-0.00415951 13.4513
-0.00418545 13.5448
-0.00421138 13.6384
-0.00423732 13.732
-0.00426326 13.8255
-0.00428919 13.9191
-0.00431513 14.0127
-0.00434106 14.1062
-0.004367 14.1998
-0.00439293 14.2934
-0.00441887 14.3869
-0.00444481 14.4805
-0.00447074 14.5741
-0.00449668 14.6676
-0.00452261 14.7612
-0.00454855 14.8548
-0.00457448 14.9483
-0.00460042 15.0419
-0.00462635 15.1355
-0.00465229 15.229
-0.00467823 15.3226
-0.00470416 15.4162
-0.0047301 15.5097
-0.00475603 15.6033
-0.00478197 15.6969
-0.0048079 15.7904
-0.00483384 15.884
-0.00485978 15.9776
-0.00488571 16.0711
-0.00491165 16.1647
-0.00493758 16.2583
-0.00496352 16.3518
-0.00498945 16.4454
-0.00501539 16.539
-0.00504133 16.6325
-0.00506726 16.7261
-0.0050932 16.8197
-0.00511913 16.9132
-0.00514507 17.0068
-0.005171 17.1004
-0.00519545 17.0446
-0.00521989 16.9888
-0.00524433 16.9331
-0.00526877 16.8773
-0.00529322 16.8216
-0.00531766 16.7658
-0.0053421 16.71
-0.00536654 16.6543
-0.00539099 16.5985
-0.00541543 16.5428
-0.00543987 16.487
-0.00546431 16.4312
-0.00548875 16.3755
-0.0055132 16.3197
-0.00553764 16.2639
-0.00556208 16.2082
-0.00558652 16.1524
-0.00561097 16.0967
-0.00563541 16.0409
-0.00565985 15.9851
-0.00568429 15.9294
-0.00570874 15.8736
-0.00573318 15.8178
-0.00575762 15.7621
-0.00578206 15.7063
-0.00580651 15.6506
-0.00583095 15.5948
-0.00585539 15.539
-0.00587983 15.4833
-0.00590428 15.4275
-0.00592872 15.3717
-0.00595316 15.316
-0.0059776 15.2602
-0.00600204 15.2045
-0.00602649 15.1487
-0.00605093 15.0929
-0.00607537 15.0372
-0.00609981 14.9814
-0.00612426 14.9257
-0.0061487 14.8699
-0.00617314 14.8141
-0.00619758 14.7584
-0.00622203 14.7026
-0.00624647 14.6468
-0.00627091 14.5911
-0.00629535 14.5353
-0.0063198 14.4796
-0.00634424 14.4238
-0.00636868 14.368
-0.00639312 14.3123
-0.00636556 14.0559
-0.00633799 13.7994
-0.00631043 13.543
-0.00628287 13.2866
-0.0062553 13.0302
-0.00622774 12.7738
-0.00620017 12.5174
-0.00617261 12.261
-0.00614505 12.0046
-0.00611748 11.7482
-0.00608992 11.4918
-0.00606235 11.2353
-0.00603479 10.9789
-0.00600723 10.7225
-0.00597966 10.4661
-0.0059521 10.2097
-0.00592453 9.95329
-0.00589697 9.69688
-0.0058694 9.44047
-0.00584184 9.18406
-0.00581428 8.92765
-0.00578671 8.67124
-0.00575915 8.41483
-0.00573158 8.15842
-0.00570402 7.90201
-0.00567646 7.6456
-0.00564889 7.38919
-0.00562133 7.13278
-0.00559376 6.87637
-0.0055662 6.61996
-0.00553864 6.36355
-0.00551199 6.1991
-0.00548666 6.16625
-0.00546133 6.13341
-0.00543601 6.10056
-0.00541068 6.06772
-0.00538535 6.03487
-0.00536002 6.00203
-0.00533469 5.96918
-0.00530936 5.93634
-0.00528403 5.90349
-0.00525871 5.87065
-0.00523338 5.8378
-0.00520805 5.80495
-0.00518272 5.77211
-0.00515739 5.73926
-0.00513206 5.70642
-0.00510674 5.67357
-0.00508141 5.64073
-0.00505608 5.60788
-0.00503075 5.57504
-0.00500542 5.54219
-0.00498009 5.50935
-0.00495477 5.4765
-0.00492944 5.44366
-0.00490411 5.41081
-0.00487878 5.37796
-0.00485345 5.34512
-0.00482812 5.31227
-0.00480279 5.27943
-0.00477747 5.24658
-0.00475214 5.21374
-0.00472681 5.18089
-0.00470148 5.14805
-0.00467615 5.1152
-0.00465082 5.08236
-0.0046255 5.04951
-0.00460017 5.01666
-0.00457484 4.98382
-0.00454951 4.95097
-0.00452418 4.91813
-0.00449885 4.88528
-0.00447352 4.85244
-0.0044482 4.81959
-0.00442287 4.78675
-0.00439754 4.7539
-0.00437221 4.72106
-0.00434688 4.68821
-0.00432155 4.65537
-0.00429623 4.62252
-0.0042709 4.58967
-0.00424557 4.55683
-0.00422024 4.52398
-0.00419491 4.49114
-0.00416958 4.45829
-0.00414425 4.42545
-0.00411893 4.3926
-0.0040936 4.35976
-0.00406827 4.32691
-0.00404294 4.29407
-0.00401761 4.26122
-0.00399228 4.22838
-0.00396696 4.19553
-0.00394163 4.16268
-0.0039163 4.12984
-0.00389097 4.09699
-0.00386564 4.06415
-0.00384031 4.0313
-0.00381498 3.99846
-0.00378966 3.96561
-0.00376433 3.93277
-0.003739 3.89992
-0.00371367 3.86708
-0.00368834 3.83423
-0.00366301 3.80138
-0.00363769 3.76854
-0.00361236 3.73569
-0.00358703 3.70285
-0.0035617 3.67
-0.00353637 3.63716
-0.00351104 3.60431
-0.00348571 3.57147
-0.00346039 3.53862
-0.00343506 3.50578
-0.00340973 3.47293
-0.0033844 3.44009
-0.00335907 3.40724
-0.00333374 3.37439
-0.00330842 3.34155
-0.00328309 3.3087
-0.00325776 3.27586
-0.00323243 3.24301
-0.0032071 3.21017
-0.00318177 3.17732
-0.00315644 3.14448
-0.00313112 3.11163
-0.00310579 3.07879
-0.00308046 3.04594
-0.00305513 3.0131
-0.0030298 2.98025
-0.00300447 2.9474
-0.00297915 2.91456
-0.00295382 2.88171
-0.00292849 2.84887
-0.00290316 2.81602
-0.00287783 2.78318
-0.0028525 2.75033
-0.00282717 2.71749
-0.00280185 2.68464
-0.00277652 2.6518
-0.00275119 2.61895
-0.00272586 2.5861
-0.00270053 2.55326
-0.0026752 2.52041
-0.00264988 2.48757
-0.00262455 2.45472
-0.00259922 2.42188
-0.00257389 2.38903
-0.00254856 2.35619
-0.00252323 2.32334
-0.0024979 2.2905
-0.00247258 2.25765
-0.00244725 2.22481
-0.00242192 2.19196
-0.00239659 2.15911
-0.00237126 2.12627
-0.00234593 2.09342
-0.00232061 2.06058
-0.00229528 2.02773
-0.00226995 1.99489
-0.00224462 1.96204
-0.00221929 1.9292
-0.00219396 1.89635
-0.00216864 1.86351
-0.00214331 1.83066
-0.00211798 1.79782
-0.00209265 1.76497
-0.00206732 1.73212
-0.00204199 1.69928
-0.00201666 1.66643
-0.00199134 1.63359
-0.00196601 1.60074
-0.00194068 1.5679
-0.00191535 1.53505
-0.00189002 1.50221
-0.00186469 1.46936
-0.00183937 1.43652
-0.00181404 1.40367
-0.00178871 1.37082
-0.00176338 1.33798
-0.00173805 1.30513
-0.00171272 1.27229
-0.00168739 1.23944
-0.00166207 1.2066
-0.00163674 1.17375
-0.00161141 1.14091
-0.00158608 1.10806
-0.00156075 1.07522
-0.00153542 1.04237
-0.0015101 1.00953
-0.00148477 0.97668
-0.00145944 0.943835
-0.00143411 0.910989
-0.00140878 0.878144
-0.00138345 0.845298
-0.00135812 0.812453
-0.0013328 0.779608
-0.00130747 0.746762
-0.00128214 0.713917
-0.00125681 0.681071
-0.00123148 0.648226
-0.00120615 0.615381
-0.00118083 0.582535
-0.0011555 0.54969
-0.00113017 0.516844
-0.00110484 0.483999
-0.00107951 0.451154
-0.00105418 0.418308
-0.00102885 0.385463
-0.00100353 0.352617
-0.000978198 0.319772
-0.000952869 0.286927
-0.000927541 0.254081
-0.000902212 0.221236
-0.000876884 0.18839
-0.000851555 0.155545
-0.000826227 0.1227
-0.000800899 0.0898542
-0.00077557 0.0570088
-0.000750242 0.0241634
-0.000725 0
-0.0007 0
-0.000675 0
-0.00065 0
-0.000625 0
-0.0006 0
-0.000575 0
-0.00055 0
-0.000525 0
-0.0005 0
-0.000475 0
-0.00045 0
-0.000425 0
-0.0004 0
-0.000375 0
-0.00035 0
-0.000325 0
-0.0003 0
-0.000275 0
-0.00025 0
-0.000225 0
-0.0002 0
-0.000175 0
-0.00015 0
-0.000125 0
-0.0001 0
-7.5e-05 0
-5e-05 0
-2.5e-05 0
-6.09864e-20 0
2.5e-05 0
5e-05 0
7.5e-05 0
0.0001 0
0.000125 0
0.00015 0
0.000175 0
0.0002 0
0.000225 0
0.00025 0
0.000275 0
0.0003 0
0.000325 0
0.00035 0
0.000375 0
0.0004 0
0.000425 0
0.00045 0
0.000475 0
0.0005 0
0.000525 0
0.00055 0
0.000575 0
0.0006 0
0.000625 0
0.0006 0
0.000575 0
0.00055 0
0.000525 0
0.0005 0
0.000475 0
0.00045 0
0.000425 0
0.0004 0
0.000375 0
0.00035 0
0.000325 0
0.0003 0
0.000275 0
0.00025 0
0.000225 0
0.0002 0
0.000175 0
0.00015 0
0.000125 0
0.0001 0
7.5e-05 0
5e-05 0
2.5e-05 0
-4.74338e-20 0
-2.5e-05 0
-5e-05 0
-7.5e-05 0
-0.0001 0
-0.000125 0
-0.00015 0
-0.000175 0
-0.0002 0
-0.000225 0
-0.00025 0
-0.000275 0
-0.0003 0
-0.000325 0
-0.00035 0
-0.000375 0
-0.0004 0
-0.000425 0
-0.00045 0
-0.000475 0
-0.0005 0
-0.000525 0
-0.00055 0
-0.000575 0
-0.0006 0
-0.000625 0
-0.00065 0
-0.000675 0
-0.0007 0
-0.000725 0
-0.000750477 0.0477001
-0.000776125 0.112539
-0.000801774 0.177378
-0.000827422 0.242217
-0.000853071 0.307056
-0.000878719 0.371895
-0.000904367 0.436734
-0.000930016 0.501573
-0.000955664 0.566412
-0.000981313 0.631251
-0.00100696 0.69609
-0.00103261 0.760928
-0.00105826 0.825767
-0.00108391 0.890606
-0.00110955 0.955445
-0.0011352 1.02028
-0.00116085 1.08512
-0.0011865 1.14996
-0.00121215 1.2148
-0.0012378 1.27964
-0.00126344 1.34448
-0.00128909 1.40932
-0.00131474 1.47416
-0.00134039 1.539
-0.00136604 1.60383
-0.00139169 1.66867
-0.00141734 1.73351
-0.00144298 1.79835
-0.00146863 1.86319
-0.00149428 1.92803
-0.00151993 1.99287
-0.00154558 2.05771
-0.00157123 2.12255
-0.00159687 2.18739
-0.00162252 2.25222
-0.00164817 2.31706
-0.00167382 2.3819
-0.00169947 2.44674
-0.00172512 2.51158
-0.00175076 2.57642
-0.00177641 2.64126
-0.00180206 2.7061
-0.00182771 2.77094
-0.00185336 2.83577
-0.00187901 2.90061
-0.00190465 2.96545
-0.0019303 3.03029
-0.00195595 3.09513
-0.0019816 3.15997
-0.00200725 3.22481
-0.0020329 3.28965
-0.00205854 3.35449
-0.00208419 3.41933
-0.00210984 3.48416
-0.00213549 3.549
-0.00216114 3.61384
-0.00218679 3.67868
-0.00221244 3.74352
-0.00223808 3.80836
-0.00226373 3.8732
-0.00228938 3.93804
-0.00231503 4.00288
-0.00234068 4.06771
-0.00236633 4.13255
-0.00239197 4.19739
-0.00241762 4.26223
-0.00244327 4.32707
-0.00246892 4.39191
-0.00249457 4.45675
-0.00252022 4.52159
-0.00254586 4.58643
-0.00257151 4.65127
-0.00259716 4.7161
-0.00262281 4.78094
-0.00264846 4.84578
-0.00267411 4.91062
-0.00269975 4.97546
-0.0027254 5.0403
-0.00275105 5.10514
-0.0027767 5.16998
-0.00280235 5.23482
-0.002828 5.29965
-0.00285364 5.36449
-0.00287929 5.42933
-0.00290494 5.49417
-0.00293059 5.55901
-0.00295624 5.62385
-0.00298189 5.68869
-0.00300754 5.75353
-0.00303318 5.81837
-0.00305883 5.8832
-0.00308448 5.94804
-0.00311013 6.01288
-0.00313578 6.07772
-0.00316143 6.14256
-0.00318707 6.2074
-0.00321272 6.27224
-0.00323837 6.33708
-0.00326402 6.40192
-0.00328967 6.46676
-0.00331532 6.53159
-0.00334096 6.59643
-0.00336661 6.66127
-0.00339226 6.72611
-0.00341791 6.79095
-0.00344356 6.85579
-0.00346921 6.92063
-0.00349485 6.98547
-0.0035205 7.05031
-0.00354615 7.11514
-0.0035718 7.17998
-0.00359745 7.24482
-0.0036231 7.30966
-0.00364875 7.3745
-0.00367439 7.43934
-0.00370004 7.50418
-0.00372569 7.56902
-0.00375134 7.63386
-0.00377699 7.6987
-0.00380264 7.76353
-0.00382828 7.82837
-0.00385393 7.89321
-0.00387958 7.95805
-0.00390523 8.02289
-0.00393088 8.08773
-0.00395653 8.15257
-0.00398217 8.21741
-0.00400782 8.28225
-0.00403347 8.34708
-0.00405912 8.41192
-0.00408477 8.47676
-0.00411042 8.5416
-0.00413606 8.60644
-0.00416171 8.67128
-0.00418736 8.73612
-0.00421301 8.80096
-0.00423866 8.8658
-0.00426431 8.93064
-0.00428995 8.99547
-0.0043156 9.06031
-0.00434125 9.12515
-0.0043669 9.18999
-0.00439255 9.25483
-0.0044182 9.31967
-0.00444385 9.38451
-0.00446949 9.44935
-0.00449514 9.51419
-0.00452079 9.57902
-0.00454644 9.64386
-0.00457209 9.7087
-0.00459774 9.77354
-0.00462338 9.83838
-0.00464903 9.90322
-0.00467468 9.96806
-0.00470033 10.0329
-0.00472598 10.0977
-0.00475163 10.1626
-0.00477727 10.2274
-0.00480292 10.2923
-0.00482857 10.3571
-0.00485422 10.4219
-0.00487987 10.4868
-0.00490552 10.5516
-0.00493116 10.6164
-0.00495681 10.6813
-0.00498246 10.7461
-0.00500811 10.811
-0.00503376 10.8758
-0.00505941 10.9406
-0.00508505 11.0055
-0.0051107 11.0703
-0.00513635 11.1352
-0.005162 11.2
-0.00518765 11.2648
-0.0052133 11.3297
-0.00523895 11.3945
-0.00526459 11.4594
-0.00529024 11.5242
-0.00531589 11.589
-0.00534154 11.6539
-0.00536719 11.7187
-0.00539284 11.7835
-0.00541848 11.8484
-0.00544413 11.9132
-0.00546978 11.9781
-0.00549543 12.0429
-0.00552108 12.1077
-0.00554673 12.1726
-0.00557237 12.2374
-0.00559802 12.3023
-0.00562367 12.3671
-0.00564932 12.4319
-0.00567497 12.4968
-0.00570062 12.5616
-0.00572626 12.6265
-0.00575191 12.6913
-0.00577756 12.7561
-0.00580321 12.821
-0.00582886 12.8858
-0.00585451 12.9506
-0.00588015 13.0155
-0.0059058 13.0803
-0.00593145 13.1452
-0.0059571 13.21
-0.00598275 13.2748
-0.0060084 13.3397
-0.00603405 13.4045
-0.00605969 13.4694
-0.00608534 13.5342
-0.00611099 13.599
-0.00613664 13.6639
-0.00616229 13.7287
-0.00618794 13.7936
-0.00621358 13.8584
-0.00623923 13.9232
-0.00626488 13.9881
-0.00629053 14.0529
-0.00631618 14.1178
-0.00634183 14.1826
-0.00636747 14.2474
-0.00639312 14.3123
-0.00641757 14.2565
-0.00644201 14.2007
-0.00646645 14.145
-0.00649089 14.0892
-0.00651533 14.0335
-0.00653978 13.9777
-0.00656422 13.9219
-0.00658866 13.8662
-0.0066131 13.8104
-0.00663755 13.7546
-0.00666199 13.6989
-0.00668643 13.6431
-0.00671087 13.5874
-0.00673532 13.5316
-0.00675976 13.4758
-0.0067842 13.4201
-0.00680864 13.3643
-0.00683309 13.3086
-0.00685753 13.2528
-0.00688197 13.197
-0.00690641 13.1413
-0.00693086 13.0855
-0.0069553 13.0297
-0.00697974 12.974
-0.00700418 12.9182
-0.00702862 12.8625
-0.00705307 12.8067
-0.00707751 12.7509
-0.00710195 12.6952
-0.00712639 12.6394
-0.00715084 12.5836
-0.00717528 12.5279
-0.00719972 12.4721
-0.00722416 12.4164
-0.00724861 12.3606
-0.00727305 12.3048
-0.00729749 12.2491
-0.00732193 12.1933
-0.00734638 12.1375
-0.00737082 12.0818
-0.00739526 12.026
-0.0074197 11.9703
-0.00744414 11.9145
-0.00746859 11.8587
-0.00749303 11.803
-0.00751747 11.7472
-0.00754191 11.6914
-0.00756636 11.6357
-0.0075908 11.5799
-0.00761524 11.5242
-0.00758768 11.2678
-0.00756011 11.0113
-0.00753255 10.7549
-0.00750499 10.4985
-0.00747742 10.2421
-0.00744986 9.9857
-0.00742229 9.72929
-0.00739473 9.47288
-0.00736716 9.21647
-0.0073396 8.96006
-0.00731204 8.70365
-0.00728447 8.44724
-0.00725691 8.19083
-0.00722934 7.93442
-0.00720178 7.67801
-0.00717422 7.4216
-0.00714665 7.16519
-0.00711909 6.90878
-0.00709152 6.65237
-0.00706396 6.39596
-0.0070364 6.13955
-0.00700883 5.88314
-0.00698127 5.62673
-0.0069537 5.37032
-0.00692742 5.2424
-0.00690219 5.2195
-0.00687697 5.1966
-0.00685174 5.1737
-0.00682651 5.1508
-0.00680128 5.12791
-0.00677605 5.10501
-0.00675082 5.08211
-0.00672559 5.05921
-0.00670036 5.03631
-0.00667513 5.01341
-0.00664991 4.99052
-0.00662468 4.96762
-0.00659945 4.94472
-0.00657422 4.92182
-0.00654899 4.89892
-0.00652376 4.87602
-0.00649853 4.85312
-0.0064733 4.83023
-0.00644807 4.80733
-0.00642284 4.78443
-0.00639762 4.76153
-0.00637239 4.73863
-0.00634716 4.71573
-0.00632193 4.69284
-0.0062967 4.66994
-0.00627147 4.64704
-0.00624624 4.62414
-0.00622101 4.60124
-0.00619578 4.57834
-0.00617055 4.55545
-0.00614533 4.53255
-0.0061201 4.50965
-0.00609487 4.48675
-0.00606964 4.46385
-0.00604441 4.44095
-0.00601918 4.41805
-0.00599395 4.39516
-0.00596872 4.37226
-0.00594349 4.34936
-0.00591826 4.32646
-0.00589304 4.30356
-0.00586781 4.28066
-0.00584258 4.25777
-0.00581735 4.23487
-0.00579212 4.21197
-0.00576689 4.18907
-0.00574166 4.16617
-0.00571643 4.14327
-0.0056912 4.12038
-0.00566597 4.09748
-0.00564075 4.07458
-0.00561552 4.05168
-0.00559029 4.02878
-0.00556506 4.00588
-0.00553983 3.98298
-0.0055146 3.96009
-0.00548937 3.93719
-0.00546414 3.91429
-0.00543891 3.89139
-0.00541368 3.86849
-0.00538846 3.84559
-0.00536323 3.8227
-0.005338 3.7998
-0.00531277 3.7769
-0.00528754 3.754
-0.00526231 3.7311
-0.00523708 3.7082
-0.00521185 3.68531
-0.00518662 3.66241
-0.0051614 3.63951
-0.00513617 3.61661
-0.00511094 3.59371
-0.00508571 3.57081
-0.00506048 3.54791
-0.00503525 3.52502
-0.00501002 3.50212
-0.00498479 3.47922
-0.00495956 3.45632
-0.00493433 3.43342
-0.00490911 3.41052
-0.00488388 3.38763
-0.00485865 3.36473
-0.00483342 3.34183
-0.00480819 3.31893
-0.00478296 3.29603
-0.00475773 3.27313
-0.0047325 3.25024
-0.00470727 3.22734
-0.00468204 3.20444
-0.00465682 3.18154
-0.00463159 3.15864
-0.00460636 3.13574
-0.00458113 3.11284
-0.0045559 3.08995
-0.00453067 3.06705
-0.00450544 3.04415
-0.00448021 3.02125
-0.00445498 2.99835
-0.00442975 2.97545
-0.00440453 2.95256
-0.0043793 2.92966
-0.00435407 2.90676
-0.00432884 2.88386
-0.00430361 2.86096
-0.00427838 2.83806
-0.00425315 2.81517
-0.00422792 2.79227
-0.00420269 2.76937
-0.00417746 2.74647
-0.00415224 2.72357
-0.00412701 2.70067
-0.00410178 2.67777
-0.00407655 2.65488
-0.00405132 2.63198
-0.00402609 2.60908
-0.00400086 2.58618
-0.00397563 2.56328
-0.0039504 2.54038
-0.00392517 2.51749
-0.00389995 2.49459
-0.00387472 2.47169
-0.00384949 2.44879
-0.00382426 2.42589
-0.00379903 2.40299
-0.0037738 2.3801
-0.00374857 2.3572
-0.00372334 2.3343
-0.00369811 2.3114
-0.00367289 2.2885
-0.00364766 2.2656
-0.00362243 2.2427
-0.0035972 2.21981
-0.00357197 2.19691
-0.00354674 2.17401
-0.00352151 2.15111
-0.00349628 2.12821
-0.00347105 2.10531
-0.00344582 2.08242
-0.0034206 2.05952
-0.00339537 2.03662
-0.00337014 2.01372
-0.00334491 1.99082
-0.00331968 1.96792
-0.00329445 1.94502
-0.00326922 1.92213
-0.00324399 1.89923
-0.00321876 1.87633
-0.00319353 1.85343
-0.00316831 1.83053
-0.00314308 1.80763
-0.00311785 1.78474
-0.00309262 1.76184
-0.00306739 1.73894
-0.00304216 1.71604
-0.00301693 1.69314
-0.0029917 1.67024
-0.00296647 1.64735
-0.00294124 1.62445
-0.00291602 1.60155
-0.00289079 1.57865
-0.00286556 1.55575
-0.00284033 1.53285
-0.0028151 1.50995
-0.00278987 1.48706
-0.00276464 1.46416
-0.00273941 1.44126
-0.00271418 1.41836
-0.00268895 1.39546
-0.00266373 1.37256
-0.0026385 1.34967
-0.00261327 1.32677
-0.00258804 1.30387
-0.00256281 1.28097
-0.00253758 1.25807
-0.00251235 1.23517
-0.00248712 1.21228
-0.00246189 1.18938
-0.00243666 1.16648
-0.00241144 1.14358
-0.00238621 1.12068
-0.00236098 1.09778
-0.00233575 1.07488
-0.00231052 1.05199
-0.00228529 1.02909
-0.00226006 1.00619
-0.00223483 0.983291
-0.0022096 0.960393
-0.00218437 0.937494
-0.00215915 0.914596
-0.00213392 0.891697
-0.00210869 0.868799
-0.00208346 0.845901
-0.00205823 0.823002
-0.002033 0.800104
-0.00200777 0.777205
-0.00198254 0.754307
-0.00195731 0.731408
-0.00193209 0.70851
-0.00190686 0.685612
-0.00188163 0.662713
-0.0018564 0.639815
-0.00183117 0.616916
-0.00180594 0.594018
-0.00178071 0.571119
-0.00175548 0.548221
-0.00173025 0.525323
-0.00170502 0.502424
-0.0016798 0.479526
-0.00165457 0.456627
-0.00162934 0.433729
-0.00160411 0.41083
-0.00157888 0.387932
-0.00155365 0.365034
-0.00152842 0.342135
-0.00150319 0.319237
-0.00147796 0.296338
-0.00145273 0.27344
-0.00142751 0.250541
-0.00140228 0.227643
-0.00137705 0.204745
-0.00135182 0.181846
-0.00132659 0.158948
-0.00130136 0.136049
-0.00127613 0.113151
-0.0012509 0.0902525
-0.00122567 0.0673541
-0.00120044 0.0444556
-0.00117522 0.0215572
-0.00115 0
-0.001125 0
-0.0011 0
-0.001075 0
-0.00105 0
-0.001025 0
-0.001 0
-0.000975 0
-0.00095 0
-0.000925 0
-0.0009 0
-0.000875 0
-0.00085 0
-0.000825 0
-0.0008 0
-0.000775 0
-0.00075 0
-0.000725 0
-0.0007 0
-0.000675 0
-0.00065 0
-0.000625 0
-0.0006 0
-0.000575 0
-0.00055 0
-0.000525 0
-0.0005 0
-0.000475 0
-0.00045 0
-0.000425 0
-0.0004 0
-0.000375 0
-0.00035 0
-0.000325 0
-0.0003 0
-0.000275 0
-0.00025 0
-0.000225 0
-0.0002 0
-0.000175 0
-0.00015 0
-0.000125 0
-0.0001 0
-7.5e-05 0
-5e-05 0
-2.5e-05 0
-6.09864e-20 0
2.5e-05 0
5e-05 0
7.5e-05 0
0.0001 0
0.000125 0
0.00015 0
0.000175 0
0.0002 0
0.000225 0
0.00025 0
0.000275 0
0.0003 0
0.000325 0
0.00035 0
0.000375 0
0.0004 0
0.000425 0
0.00045 0
0.000475 0
0.0005 0
0.000525 0
0.00055 0
0.000575 0
0.0006 0
0.000625 0
0.00065 0
0.000675 0
0.0007 0
0.000725 0
0.00075 0
0.000725 0
0.0007 0
0.000675 0
0.00065 0
0.000625 0
0.0006 0
0.000575 0
0.00055 0
0.000525 0
0.0005 0
0.000475 0
0.00045 0
0.000425 0
0.0004 0
0.000375 0
0.00035 0
0.000325 0
0.0003 0
0.000275 0
0.00025 0
0.000225 0
0.0002 0
0.000175 0
0.00015 0
0.000125 0
0.0001 0
7.5e-05 0
5e-05 0
2.5e-05 0
-4.74338e-20 0
-2.5e-05 0
-5e-05 0
-7.5e-05 0
-0.0001 0
-0.000125 0
-0.00015 0
-0.000175 0
-0.0002 0
-0.000225 0
-0.00025 0
-0.000275 0
-0.0003 0
-0.000325 0
-0.00035 0
-0.000375 0
-0.0004 0
-0.000425 0
-0.00045 0
-0.000475 0
-0.0005 0
-0.000525 0
-0.00055 0
-0.000575 0
-0.0006 0
-0.000625 0
-0.00065 0
-0.000675 0
-0.0007 0
-0.000725 0
-0.00075 0
-0.000775 0
-0.0008 0
-0.000825 0
-0.00085 0
-0.000875 0
-0.0009 0
-0.000925 0
-0.00095 0
-0.000975 0
-0.001 0
-0.001025 0
-0.00105 0
-0.001075 0
-0.0011 0
-0.001125 0
-0.00115 0
-0.00117543 0.0427231
-0.00120088 0.0881043
-0.00122633 0.133486
-0.00125179 0.178867
-0.00127724 0.224248
-0.0013027 0.269629
-0.00132815 0.31501
-0.0013536 0.360391
-0.00137906 0.405773
-0.00140451 0.451154
-0.00142997 0.496535
-0.00145542 0.541916
-0.00148087 0.587297
-0.00150633 0.632679
-0.00153178 0.67806
-0.00155723 0.723441
-0.00158269 0.768822
-0.00160814 0.814203
-0.0016336 0.859585
-0.00165905 0.904966
-0.0016845 0.950347
-0.00170996 0.995728
-0.00173541 1.04111
-0.00176086 1.08649
-0.00178632 1.13187
-0.00181177 1.17725
-0.00183723 1.22263
-0.00186268 1.26802
-0.00188813 1.3134
-0.00191359 1.35878
-0.00193904 1.40416
-0.0019645 1.44954
-0.00198995 1.49492
-0.0020154 1.5403
-0.00204086 1.58568
-0.00206631 1.63106
-0.00209176 1.67645
-0.00211722 1.72183
-0.00214267 1.76721
-0.00216813 1.81259
-0.00219358 1.85797
-0.00221903 1.90335
-0.00224449 1.94873
-0.00226994 1.99411
-0.00229539 2.0395
-0.00232085 2.08488
-0.0023463 2.13026
-0.00237176 2.17564
-0.00239721 2.22102
-0.00242266 2.2664
-0.00244812 2.31178
-0.00247357 2.35716
-0.00249903 2.40254
-0.00252448 2.44793
-0.00254993 2.49331
-0.00257539 2.53869
-0.00260084 2.58407
-0.00262629 2.62945
-0.00265175 2.67483
-0.0026772 2.72021
-0.00270266 2.76559
-0.00272811 2.81098
-0.00275356 2.85636
-0.00277902 2.90174
-0.00280447 2.94712
-0.00282993 2.9925
-0.00285538 3.03788
-0.00288083 3.08326
-0.00290629 3.12864
-0.00293174 3.17403
-0.00295719 3.21941
-0.00298265 3.26479
-0.0030081 3.31017
-0.00303356 3.35555
-0.00305901 3.40093
-0.00308446 3.44631
-0.00310992 3.49169
-0.00313537 3.53707
-0.00316082 3.58246
-0.00318628 3.62784
-0.00321173 3.67322
-0.00323719 3.7186
-0.00326264 3.76398
-0.00328809 3.80936
-0.00331355 3.85474
-0.003339 3.90012
-0.00336446 3.94551
-0.00338991 3.99089
-0.00341536 4.03627
-0.00344082 4.08165
-0.00346627 4.12703
-0.00349172 4.17241
-0.00351718 4.21779
-0.00354263 4.26317
-0.00356809 4.30855
-0.00359354 4.35394
-0.00361899 4.39932
-0.00364445 4.4447
-0.0036699 4.49008
-0.00369535 4.53546
-0.00372081 4.58084
-0.00374626 4.62622
-0.00377172 4.6716
-0.00379717 4.71699
-0.00382262 4.76237
-0.00384808 4.80775
-0.00387353 4.85313
-0.00389899 4.89851
-0.00392444 4.94389
-0.00394989 4.98927
-0.00397535 5.03465
-0.0040008 5.08003
-0.00402625 5.12542
-0.00405171 5.1708
-0.00407716 5.21618
-0.00410262 5.26156
-0.00412807 5.30694
-0.00415352 5.35232
-0.00417898 5.3977
-0.00420443 5.44308
-0.00422988 5.48847
-0.00425534 5.53385
-0.00428079 5.57923
-0.00430625 5.62461
-0.0043317 5.66999
-0.00435715 5.71537
-0.00438261 5.76075
-0.00440806 5.80613
-0.00443352 5.85152
-0.00445897 5.8969
-0.00448442 5.94228
-0.00450988 5.98766
-0.00453533 6.03304
-0.00456078 6.07842
-0.00458624 6.1238
-0.00461169 6.16918
-0.00463715 6.21456
-0.0046626 6.25995
-0.00468805 6.30533
-0.00471351 6.35071
-0.00473896 6.39609
-0.00476441 6.44147
-0.00478987 6.48685
-0.00481532 6.53223
-0.00484078 6.57761
-0.00486623 6.623
-0.00489168 6.66838
-0.00491714 6.71376
-0.00494259 6.75914
-0.00496805 6.80452
-0.0049935 6.8499
-0.00501895 6.89528
-0.00504441 6.94066
-0.00506986 6.98604
-0.00509531 7.03143
-0.00512077 7.07681
-0.00514622 7.12219
-0.00517168 7.16757
-0.00519713 7.21295
-0.00522258 7.25833
-0.00524804 7.30371
-0.00527349 7.34909
-0.00529894 7.39448
-0.0053244 7.43986
-0.00534985 7.48524
-0.00537531 7.53062
-0.00540076 7.576
-0.00542621 7.62138
-0.00545167 7.66676
-0.00547712 7.71214
-0.00550258 7.75753
-0.00552803 7.80291
-0.00555348 7.84829
-0.00557894 7.89367
-0.00560439 7.93905
-0.00562984 7.98443
-0.0056553 8.02981
-0.00568075 8.07519
-0.00570621 8.12057
-0.00573166 8.16596
-0.00575711 8.21134
-0.00578257 8.25672
-0.00580802 8.3021
-0.00583347 8.34748
-0.00585893 8.39286
-0.00588438 8.43824
-0.00590984 8.48362
-0.00593529 8.52901
-0.00596074 8.57439
-0.0059862 8.61977
-0.00601165 8.66515
-0.00603711 8.71053
-0.00606256 8.75591
-0.00608801 8.80129
-0.00611347 8.84667
-0.00613892 8.89205
-0.00616437 8.93744
-0.00618983 8.98282
-0.00621528 9.0282
-0.00624074 9.07358
-0.00626619 9.11896
-0.00629164 9.16434
-0.0063171 9.20972
-0.00634255 9.2551
-0.006368 9.30049
-0.00639346 9.34587
-0.00641891 9.39125
-0.00644437 9.43663
-0.00646982 9.48201
-0.00649527 9.52739
-0.00652073 9.57277
-0.00654618 9.61815
-0.00657164 9.66353
-0.00659709 9.70892
-0.00662254 9.7543
-0.006648 9.79968
-0.00667345 9.84506
-0.0066989 9.89044
-0.00672436 9.93582
-0.00674981 9.9812
-0.00677527 10.0266
-0.00680072 10.072
-0.00682617 10.1173
-0.00685163 10.1627
-0.00687708 10.2081
-0.00690253 10.2535
-0.00692799 10.2989
-0.00695344 10.3443
-0.0069789 10.3896
-0.00700435 10.435
-0.0070298 10.4804
-0.00705526 10.5258
-0.00708071 10.5712
-0.00710617 10.6165
-0.00713162 10.6619
-0.00715707 10.7073
-0.00718253 10.7527
-0.00720798 10.7981
-0.00723343 10.8434
-0.00725889 10.8888
-0.00728434 10.9342
-0.0073098 10.9796
-0.00733525 11.025
-0.0073607 11.0704
-0.00738616 11.1157
-0.00741161 11.1611
-0.00743706 11.2065
-0.00746252 11.2519
-0.00748797 11.2973
-0.00751343 11.3426
-0.00753888 11.388
-0.00756433 11.4334
-0.00758979 11.4788
-0.00761524 11.5242
-0.00763968 11.4684
-0.00766413 11.4126
-0.00768857 11.3569
-0.00771301 11.3011
-0.00773745 11.2454
-0.0077619 11.1896
-0.00778634 11.1338
-0.00781078 11.0781
-0.00783522 11.0223
-0.00785967 10.9665
-0.00788411 10.9108
-0.00790855 10.855
-0.00793299 10.7993
-0.00795743 10.7435
-0.00798188 10.6877
-0.00800632 10.632
-0.00803076 10.5762
-0.0080552 10.5204
-0.00807965 10.4647
-0.00810409 10.4089
-0.00812853 10.3532
-0.00815297 10.2974
-0.00817742 10.2416
-0.00820186 10.1859
-0.0082263 10.1301
-0.00825074 10.0743
-0.00827519 10.0186
-0.00829963 9.96283
-0.00832407 9.90706
-0.00834851 9.8513
-0.00837296 9.79554
-0.0083974 9.73978
-0.00842184 9.68401
-0.00844628 9.62825
-0.00847072 9.57249
-0.00849517 9.51673
-0.00851961 9.46097
-0.00854405 9.4052
-0.00856849 9.34944
-0.00859294 9.29368
-0.00861738 9.23792
-0.00864182 9.18216
-0.00866626 9.12639
-0.00869071 9.07063
-0.00871515 9.01487
-0.00873959 8.95911
-0.00876403 8.90335
-0.00878848 8.84758
-0.00881292 8.79182
-0.00883736 8.73606
-0.0088098 8.47965
-0.00878223 8.22324
-0.00875467 7.96683
-0.0087271 7.71042
-0.00869954 7.45401
-0.00867198 7.1976
-0.00864441 6.94119
-0.00861685 6.68478
-0.00858928 6.42837
-0.00856172 6.17196
-0.00853416 5.91555
-0.00850659 5.65914
-0.00847903 5.40273
-0.00845146 5.14632
-0.0084239 4.88991
-0.00839633 4.6335
-0.00836877 4.37709
-0.00834121 4.12067
-0.00831596 4.09606
-0.0082908 4.0803
-0.00826565 4.06454
-0.00824049 4.04877
-0.00821533 4.03301
-0.00819017 4.01724
-0.00816501 4.00148
-0.00813986 3.98572
-0.0081147 3.96995
-0.00808954 3.95419
-0.00806438 3.93843
-0.00803923 3.92266
-0.00801407 3.9069
-0.00798891 3.89113
-0.00796375 3.87537
-0.0079386 3.85961
-0.00791344 3.84384
-0.00788828 3.82808
-0.00786312 3.81232
-0.00783797 3.79655
-0.00781281 3.78079
-0.00778765 3.76503
-0.00776249 3.74926
-0.00773733 3.7335
-0.00771218 3.71773
-0.00768702 3.70197
-0.00766186 3.68621
-0.0076367 3.67044
-0.00761155 3.65468
-0.00758639 3.63892
-0.00756123 3.62315
-0.00753607 3.60739
-0.00751092 3.59162
-0.00748576 3.57586
-0.0074606 3.5601
-0.00743544 3.54433
-0.00741029 3.52857
-0.00738513 3.51281
-0.00735997 3.49704
-0.00733481 3.48128
-0.00730966 3.46552
-0.0072845 3.44975
-0.00725934 3.43399
-0.00723418 3.41822
-0.00720902 3.40246
-0.00718387 3.3867
-0.00715871 3.37093
-0.00713355 3.35517
-0.00710839 3.33941
-0.00708324 3.32364
-0.00705808 3.30788
-0.00703292 3.29212
-0.00700776 3.27635
-0.00698261 3.26059
-0.00695745 3.24482
-0.00693229 3.22906
-0.00690713 3.2133
-0.00688198 3.19753
-0.00685682 3.18177
-0.00683166 3.16601
-0.0068065 3.15024
-0.00678134 3.13448
-0.00675619 3.11871
-0.00673103 3.10295
-0.00670587 3.08719
-0.00668071 3.07142
-0.00665556 3.05566
-0.0066304 3.0399
-0.00660524 3.02413
-0.00658008 3.00837
-0.00655493 2.99261
-0.00652977 2.97684
-0.00650461 2.96108
-0.00647945 2.94531
-0.0064543 2.92955
-0.00642914 2.91379
-0.00640398 2.89802
-0.00637882 2.88226
-0.00635366 2.8665
-0.00632851 2.85073
-0.00630335 2.83497
-0.00627819 2.81921
-0.00625303 2.80344
-0.00622788 2.78768
-0.00620272 2.77191
-0.00617756 2.75615
-0.0061524 2.74039
-0.00612725 2.72462
-0.00610209 2.70886
-0.00607693 2.6931
-0.00605177 2.67733
-0.00602662 2.66157
-0.00600146 2.6458
-0.0059763 2.63004
-0.00595114 2.61428
-0.00592599 2.59851
-0.00590083 2.58275
-0.00587567 2.56699
-0.00585051 2.55122
-0.00582535 2.53546
-0.0058002 2.5197
-0.00577504 2.50393
-0.00574988 2.48817
-0.00572472 2.4724
-0.00569957 2.45664
-0.00567441 2.44088
-0.00564925 2.42511
-0.00562409 2.40935
-0.00559894 2.39359
-0.00557378 2.37782
-0.00554862 2.36206
-0.00552346 2.34629
-0.00549831 2.33053
-0.00547315 2.31477
-0.00544799 2.299
-0.00542283 2.28324
-0.00539767 2.26748
-0.00537252 2.25171
-0.00534736 2.23595
-0.0053222 2.22019
-0.00529704 2.20442
-0.00527189 2.18866
-0.00524673 2.17289
-0.00522157 2.15713
-0.00519641 2.14137
-0.00517126 2.1256
-0.0051461 2.10984
-0.00512094 2.09408
-0.00509578 2.07831
-0.00507063 2.06255
-0.00504547 2.04679
-0.00502031 2.03102
-0.00499515 2.01526
-0.00496999 1.99949
-0.00494484 1.98373
-0.00491968 1.96797
-0.00489452 1.9522
-0.00486936 1.93644
-0.00484421 1.92068
-0.00481905 1.90491
-0.00479389 1.88915
-0.00476873 1.87338
-0.00474358 1.85762
-0.00471842 1.84186
-0.00469326 1.82609
-0.0046681 1.81033
-0.00464295 1.79457
-0.00461779 1.7788
-0.00459263 1.76304
-0.00456747 1.74728
-0.00454232 1.73151
-0.00451716 1.71575
-0.004492 1.69998
-0.00446684 1.68422
-0.00444168 1.66846
-0.00441653 1.65269
-0.00439137 1.63693
-0.00436621 1.62117
-0.00434105 1.6054
-0.0043159 1.58964
-0.00429074 1.57388
-0.00426558 1.55811
-0.00424042 1.54235
-0.00421527 1.52658
-0.00419011 1.51082
-0.00416495 1.49506
-0.00413979 1.47929
-0.00411464 1.46353
-0.00408948 1.44777
-0.00406432 1.432
-0.00403916 1.41624
-0.004014 1.40047
-0.00398885 1.38471
-0.00396369 1.36895
-0.00393853 1.35318
-0.00391337 1.33742
-0.00388822 1.32166
-0.00386306 1.30589
-0.0038379 1.29013
-0.00381274 1.27437
-0.00378759 1.2586
-0.00376243 1.24284
-0.00373727 1.22707
-0.00371211 1.21131
-0.00368696 1.19555
-0.0036618 1.17978
-0.00363664 1.16402
-0.00361148 1.14826
-0.00358632 1.13249
-0.00356117 1.11673
-0.00353601 1.10096
-0.00351085 1.0852
-0.00348569 1.06944
-0.00346054 1.05367
-0.00343538 1.03791
-0.00341022 1.02215
-0.00338506 1.00638
-0.00335991 0.990619
-0.00333475 0.974856
-0.00330959 0.959092
-0.00328443 0.943328
-0.00325928 0.927564
-0.00323412 0.911801
-0.00320896 0.896037
-0.0031838 0.880273
-0.00315865 0.86451
-0.00313349 0.848746
-0.00310833 0.832982
-0.00308317 0.817219
-0.00305801 0.801455
-0.00303286 0.785691
-0.0030077 0.769928
-0.00298254 0.754164
-0.00295738 0.7384
-0.00293223 0.722637
-0.00290707 0.706873
-0.00288191 0.691109
-0.00285675 0.675346
-0.0028316 0.659582
-0.00280644 0.643818
-0.00278128 0.628055
-0.00275612 0.612291
-0.00273097 0.596527
-0.00270581 0.580764
-0.00268065 0.565
-0.00265549 0.549236
-0.00263033 0.533473
-0.00260518 0.517709
-0.00258002 0.501945
-0.00255486 0.486182
-0.0025297 0.470418
-0.00250455 0.454654
-0.00247939 0.438891
-0.00245423 0.423127
-0.00242907 0.407363
-0.00240392 0.3916
-0.00237876 0.375836
-0.0023536 0.360072
-0.00232844 0.344309
-0.00230329 0.328545
-0.00227813 0.312781
-0.00225297 0.297018
-0.00222781 0.281254
-0.00220265 0.26549
-0.0021775 0.249727
-0.00215234 0.233963
-0.00212718 0.218199
-0.00210202 0.202436
-0.00207687 0.186672
-0.00205171 0.170908
-0.00202655 0.155145
-0.00200139 0.139381
-0.00197624 0.123617
-0.00195108 0.107854
-0.00192592 0.0920899
-0.00190076 0.0763262
-0.00187561 0.0605626
-0.00185045 0.0447989
-0.00182529 0.0290352
-0.00180013 0.0132715
-0.001775 0
-0.00175 0
-0.001725 0
-0.0017 0
-0.001675 0
-0.00165 0
-0.001625 0
-0.0016 0
-0.001575 0
-0.00155 0
-0.001525 0
-0.0015 0
-0.001475 0
-0.00145 0
-0.001425 0
-0.0014 0
-0.001375 0
-0.00135 0
-0.001325 0
-0.0013 0
-0.001275 0
-0.00125 0
-0.001225 0
-0.0012 0
-0.001175 0
-0.00115 0
-0.001125 0
-0.0011 0
-0.001075 0
-0.00105 0
-0.001025 0
-0.001 0
-0.000975 0
-0.00095 0
-0.000925 0
-0.0009 0
-0.000875 0
-0.00085 0
-0.000825 0
-0.0008 0
-0.000775 0
-0.00075 0
-0.000725 0
-0.0007 0
-0.000675 0
-0.00065 0
-0.000625 0
-0.0006 0
-0.000575 0
-0.00055 0
-0.000525 0
-0.0005 0
-0.000475 0
-0.00045 0
-0.000425 0
-0.0004 0
-0.000375 0
-0.00035 0
-0.000325 0
-0.0003 0
-0.000275 0
-0.00025 0
-0.000225 0
-0.0002 0
-0.000175 0
-0.00015 0
-0.000125 0
-0.0001 0
-7.5e-05 0
-5e-05 0
-2.5e-05 0
-9.28348e-19 0
2.5e-05 0
5e-05 0
7.5e-05 0
0.0001 0
0.000125 0
0.00015 0
0.000175 0
0.0002 0
0.000225 0
0.00025 0
0.000275 0
0.0003 0
0.000325 0
0.00035 0
0.000375 0
0.0004 0
0.000425 0
0.00045 0
0.000475 0
0.0005 0
0.000525 0
0.00055 0
0.000575 0
0.0006 0
0.000625 0
0.00065 0
0.000675 0
0.0007 0
0.000725 0
0.00075 0
0.000775 0
0.0008 0
0.000825 0
0.00085 0
0.000875 0
0.00085 0
0.000825 0
0.0008 0
0.000775 0
0.00075 0
0.000725 0
0.0007 0
0.000675 0
0.00065 0
0.000625 0
0.0006 0
0.000575 0
0.00055 0
0.000525 0
0.0005 0
0.000475 0
0.00045 0
0.000425 0
0.0004 0
0.000375 0
0.00035 0
0.000325 0
0.0003 0
0.000275 0
0.00025 0
0.000225 0
0.0002 0
0.000175 0
0.00015 0
0.000125 0
0.0001 0
7.5e-05 0
5e-05 0
2.5e-05 0
-9.14796e-19 0
