-3.212e-05 0.712002
-6.41941e-05 1.41941
-9.6222e-05 2.1222
-0.000128203 2.82032
-0.000160137 3.51375
-0.000192024 4.20244
-0.000223864 4.88635
-0.000255655 5.56546
-0.000287397 6.23972
-0.000319091 6.90908
-0.000350735 7.57353
-0.00038233 8.233
-0.000413875 8.88746
-0.000445369 9.53688
-0.000476812 10.1812
-0.000508204 10.8204
-0.000539544 11.4544
-0.000570832 12.0832
-0.000602067 12.7067
-0.00063325 13.325
-0.000664378 13.9378
-0.000695453 14.5453
-0.000726473 15.1473
-0.000757439 15.7439
-0.000788348 16.3348
-0.000819202 16.9202
-0.00085 17.5
-0.000880741 18.0741
-0.000911424 18.6424
-0.000942049 19.2049
-0.000972616 19.7616
-0.00100312 20.3124
-0.00103357 20.8573
-0.00106396 21.3961
-0.00109429 21.9289
-0.00112456 22.4555
-0.00115476 22.976
-0.0011849 23.4903
-0.00121498 23.9982
-0.001245 24.4998
-0.00127495 24.995
-0.00130484 25.4837
-0.00133466 25.9658
-0.00136441 26.4414
-0.0013941 26.9103
-0.00142372 27.3724
-0.00145328 27.8278
-0.00148276 28.2763
-0.00151218 28.7178
-0.00154152 29.1523
-0.00150938 28.438
-0.00147724 27.7237
-0.00144509 27.0094
-0.00141295 26.2952
-0.00138081 25.5809
-0.00134867 24.8666
-0.00131652 24.1523
-0.00128438 23.438
-0.00125224 22.7237
-0.00122009 22.0094
-0.00118795 21.2952
-0.00115581 20.5809
-0.00112367 19.8666
-0.00109152 19.1523
-0.00105938 18.438
-0.00102724 17.7237
-0.000995094 17.0094
-0.000962952 16.2952
-0.000930809 15.5809
-0.000898666 14.8666
-0.000866523 14.1523
-0.00083438 13.438
-0.000802237 12.7237
-0.000770094 12.0094
-0.000737952 11.2952
-0.000705809 10.5809
-0.000673666 9.86658
-0.000641523 9.1523
-0.00060938 8.43801
-0.000577237 7.72373
-0.000545094 7.00944
-0.000512952 6.29516
-0.000480809 5.58087
-0.000448666 4.86658
-0.000416523 4.1523
-0.000385767 3.57665
-0.000357121 3.21206
-0.000328475 2.84747
-0.000299829 2.48289
-0.000271183 2.1183
-0.000242537 1.75371
-0.000213891 1.38912
-0.000185245 1.02453
-0.000156599 0.659938
-0.000127953 0.295349
-9.86435e-05 -0.135653
-6.65006e-05 -0.849939
-3.43578e-05 -1.56422
-2.2149e-06 -2.27851
2.9928e-05 -2.9928
6.20708e-05 -3.70708
8.6313e-05 -3.6313
0.000105063 -3.0063
0.000123813 -2.3813
0.000142563 -1.7563
0.000115652 -1.56519
8.87408e-05 -1.37408
6.18297e-05 -1.18297
3.49186e-05 -0.991855
8.00743e-06 -0.800743
-1.89037e-05 -0.609631
-4.58148e-05 -0.418519
-7.27259e-05 -0.227407
-9.96371e-05 -0.036295
-0.000130155 0.515516
-0.000161519 1.15189
-0.000192883 1.78826
-0.000224246 2.42464
-0.00025561 3.06101
-0.000286974 3.69738
-0.000318338 4.33375
-0.000349701 4.97013
-0.000381065 5.6065
-0.000412429 6.24287
-0.000443792 6.87925
-0.000475156 7.51562
-0.00050652 8.15199
-0.000537884 8.78836
-0.000569247 9.42474
-0.000600611 10.0611
-0.000631975 10.6975
-0.000663339 11.3339
-0.000694702 11.9702
-0.000726066 12.6066
-0.00075743 13.243
-0.000788793 13.8793
-0.000820157 14.5157
-0.000851521 15.1521
-0.000882885 15.7885
-0.000914248 16.4248
-0.000945612 17.0612
-0.000976976 17.6976
-0.00100834 18.334
-0.0010397 18.9703
-0.00107107 19.6067
-0.00110243 20.2431
-0.00113379 20.8795
-0.00116516 21.5158
-0.00119652 22.1522
-0.00122789 22.7886
-0.00125925 23.4249
-0.00129061 24.0613
-0.00132198 24.6977
-0.00135334 25.3341
-0.0013847 25.9704
-0.00141607 26.6068
-0.00144743 27.2432
-0.0014788 27.8796
-0.00151016 28.5159
-0.00154152 29.1523
-0.0015708 29.5797
-0.0016 30
-0.00162913 30.413
-0.00165819 30.8188
-0.00168717 31.2171
-0.00171608 31.608
-0.00174491 31.9913
-0.00177367 32.367
-0.00180235 32.735
-0.00183095 33.0952
-0.00185948 33.4475
-0.00188792 33.7918
-0.00191628 34.1281
-0.00194456 34.4563
-0.00197276 34.7762
-0.00200088 35.0877
-0.00202891 35.3908
-0.00205685 35.6854
-0.00208471 35.9714
-0.00211249 36.2486
-0.00214017 36.517
-0.00216776 36.7764
-0.00219527 37.0268
-0.00222268 37.2681
-0.00225 37.5
-0.00227723 37.7226
-0.00230436 37.9356
-0.00233139 38.139
-0.00235833 38.3327
-0.00238516 38.5165
-0.0024119 38.6903
-0.00243854 38.8539
-0.00246507 39.0073
-0.0024915 39.1503
-0.00251783 39.2827
-0.00254404 39.4044
-0.00257015 39.5153
-0.00259615 39.6152
-0.00262204 39.704
-0.00264782 39.7815
-0.00267348 39.8475
-0.00269902 39.902
-0.00272445 39.9446
-0.00274975 39.9752
-0.00277494 39.9938
-0.0028 40
-0.00282238 39.7376
-0.00284475 39.4751
-0.00286713 39.2127
-0.0028895 38.9503
-0.00291188 38.6878
-0.00293425 38.4254
-0.00295663 38.163
-0.00297901 37.9006
-0.00300138 37.6381
-0.00302376 37.3757
-0.00304613 37.1133
-0.00306851 36.8508
-0.00309088 36.5884
-0.00311326 36.326
-0.00313564 36.0635
-0.00315801 35.8011
-0.00318039 35.5387
-0.00320276 35.2762
-0.00322514 35.0138
-0.00324751 34.7514
-0.00326989 34.489
-0.00329227 34.2265
-0.00331464 33.9641
-0.00333702 33.7017
-0.00335939 33.4392
-0.00338177 33.1768
-0.00340414 32.9144
-0.00342652 32.6519
-0.0034489 32.3895
-0.00347127 32.1271
-0.00349365 31.8646
-0.00351602 31.6022
-0.0035384 31.3398
-0.00356077 31.0773
-0.00358315 30.8149
-0.00360552 30.5525
-0.0036279 30.2901
-0.00365028 30.0276
-0.00367265 29.7652
-0.00369503 29.5028
-0.0037174 29.2403
-0.00373978 28.9779
-0.00376215 28.7155
-0.00378453 28.453
-0.00380691 28.1906
-0.00382928 27.9282
-0.00385166 27.6657
-0.00387403 27.4033
-0.00389641 27.1409
-0.00391878 26.8785
-0.00394116 26.616
-0.00396354 26.3536
-0.00398591 26.0912
-0.00400829 25.8287
-0.00397614 25.1144
-0.003944 24.4002
-0.00391186 23.6859
-0.00387972 22.9716
-0.00384757 22.2573
-0.00381543 21.543
-0.00378329 20.8287
-0.00375114 20.1144
-0.003719 19.4002
-0.00368686 18.6859
-0.00365472 17.9716
-0.00362257 17.2573
-0.00359043 16.543
-0.00355829 15.8287
-0.00352614 15.1144
-0.003494 14.4002
-0.00346186 13.6859
-0.00342972 12.9716
-0.00339757 12.2573
-0.00336543 11.543
-0.00333329 10.8287
-0.00330485 10.4848
-0.0032784 10.3405
-0.00325196 10.1961
-0.00322552 10.0518
-0.00319907 9.90748
-0.00317263 9.76315
-0.00314619 9.61883
-0.00311975 9.47451
-0.0030933 9.33018
-0.00306686 9.18586
-0.00304042 9.04153
-0.00301397 8.89721
-0.00298753 8.75289
-0.00296109 8.60856
-0.00293464 8.46424
-0.0029082 8.31991
-0.00288176 8.17559
-0.00285531 8.03127
-0.00282887 7.88694
-0.00280243 7.74262
-0.00277598 7.59829
-0.00274954 7.45397
-0.0027231 7.30964
-0.00269665 7.16532
-0.00267021 7.021
-0.00264377 6.87667
-0.00261732 6.73235
-0.00259088 6.58802
-0.00256444 6.4437
-0.00253799 6.29938
-0.00251155 6.15505
-0.00248511 6.01073
-0.00245866 5.8664
-0.00243222 5.72208
-0.00240578 5.57775
-0.00237933 5.43343
-0.00235289 5.28911
-0.00232645 5.14478
-0.0023 5.00046
-0.00227356 4.85613
-0.00224712 4.71181
-0.00222067 4.56749
-0.00219423 4.42316
-0.00216779 4.27884
-0.00214135 4.13451
-0.0021149 3.99019
-0.00208846 3.84587
-0.00206202 3.70154
-0.00203557 3.55722
-0.00200913 3.41289
-0.00198269 3.26857
-0.00195624 3.12424
-0.0019298 2.97992
-0.00190336 2.8356
-0.00187691 2.69127
-0.00185047 2.54695
-0.00182403 2.40262
-0.00179758 2.2583
-0.00177114 2.11398
-0.0017447 1.96965
-0.00171825 1.82533
-0.00169181 1.681
-0.00166537 1.53668
-0.00163892 1.39235
-0.00161248 1.24803
-0.00158604 1.10371
-0.00155959 0.959382
-0.00153315 0.815058
-0.00150671 0.670734
-0.00148026 0.52641
-0.00145382 0.382086
-0.00142738 0.237762
-0.00140093 0.0934375
-0.00137433 -0.0673834
-0.00134742 -0.258495
-0.0013205 -0.449607
-0.00129359 -0.640719
-0.00126668 -0.831832
-0.00123977 -1.02294
-0.00121286 -1.21406
-0.00118595 -1.40517
-0.00115904 -1.59628
-0.00113345 -1.65463
-0.0011147 -1.02963
-0.00109595 -0.404634
-0.001075 0
-0.00105 0
-0.001025 0
-0.001 0
-0.000975 0
-0.00095 0
-0.000925 0
-0.0009 0
-0.000875 0
-0.00085 0
-0.000825 0
-0.0008 0
-0.000775 0
-0.00075 0
-0.000725 0
-0.0007 0
-0.000675 0
-0.00065 0
-0.000625 0
-0.0006 0
-0.000575 0
-0.00055 0
-0.000525 0
-0.0005 0
-0.000475 0
-0.00045 0
-0.000425 0
-0.0004 0
-0.000375 0
-0.00035 0
-0.000325 0
-0.0003 0
-0.000275 0
-0.00025 0
-0.000225 0
-0.0002 0
-0.000175 0
-0.00015 0
-0.000125 0
-0.0001 0
-7.5e-05 0
-5e-05 0
-2.5e-05 0
-6.09864e-20 0
2.5e-05 0
5e-05 0
7.5e-05 0
0.0001 0
0.000125 0
0.00015 0
0.000175 0
0.0002 0
0.000225 0
0.00025 0
0.000275 0
0.0003 0
0.000325 0
0.00035 0
0.000375 0
0.00035 0
0.000325 0
0.0003 0
0.000275 0
0.00025 0
0.000225 0
0.0002 0
0.000175 0
0.00015 0
0.000125 0
0.0001 0
7.5e-05 0
5e-05 0
2.5e-05 0
-4.74338e-20 0
-2.5e-05 0
-5e-05 0
-7.5e-05 0
-0.0001 0
-0.000125 0
-0.00015 0
-0.000175 0
-0.0002 0
-0.000225 0
-0.00025 0
-0.000275 0
-0.0003 0
-0.000325 0
-0.00035 0
-0.000375 0
-0.0004 0
-0.000425 0
-0.00045 0
-0.000475 0
-0.0005 0
-0.000525 0
-0.00055 0
-0.000575 0
-0.0006 0
-0.000625 0
-0.00065 0
-0.000675 0
-0.0007 0
-0.000725 0
-0.00075 0
-0.000775 0
-0.0008 0
-0.000825 0
-0.00085 0
-0.000875 0
-0.0009 0
-0.000925 0
-0.00095 0
-0.000975 0
-0.001 0
-0.001025 0
-0.00105 0
-0.001075 0
-0.0011 0
-0.001125 0
-0.00115 0
-0.001175 0
-0.0012 0
-0.001225 0
-0.00125 0
-0.001275 0
-0.0013 0
-0.001325 0
-0.00135 0
-0.001375 0
-0.00140177 0.176676
-0.0014295 0.44957
-0.00145722 0.722464
-0.00148495 0.995358
-0.00151268 1.26825
-0.00154041 1.54115
-0.00156814 1.81404
-0.00159587 2.08693
-0.0016236 2.35983
-0.00165133 2.63272
-0.00167906 2.90562
-0.00170679 3.17851
-0.00173451 3.45141
-0.00176224 3.7243
-0.00178997 3.99719
-0.0018177 4.27009
-0.00184543 4.54298
-0.00187316 4.81588
-0.00190089 5.08877
-0.00192862 5.36167
-0.00195635 5.63456
-0.00198407 5.90745
-0.0020118 6.18035
-0.00203953 6.45324
-0.00206726 6.72614
-0.00209499 6.99903
-0.00212272 7.27192
-0.00215045 7.54482
-0.00217818 7.81771
-0.00220591 8.09061
-0.00223364 8.3635
-0.00226136 8.6364
-0.00228909 8.90929
-0.00231682 9.18218
-0.00234455 9.45508
-0.00237228 9.72797
-0.00240001 10.0009
-0.00242774 10.2738
-0.00245547 10.5467
-0.0024832 10.8195
-0.00251092 11.0924
-0.00253865 11.3653
-0.00256638 11.6382
-0.00259411 11.9111
-0.00262184 12.184
-0.00264957 12.4569
-0.0026773 12.7298
-0.00270503 13.0027
-0.00273276 13.2756
-0.00276048 13.5485
-0.00278821 13.8214
-0.00281594 14.0943
-0.00284367 14.3672
-0.0028714 14.6401
-0.00289913 14.913
-0.00292686 15.1859
-0.00295459 15.4588
-0.00298232 15.7316
-0.00301005 16.0045
-0.00303777 16.2774
-0.0030655 16.5503
-0.00309323 16.8232
-0.00312096 17.0961
-0.00314869 17.369
-0.00317642 17.6419
-0.00320415 17.9148
-0.00323188 18.1877
-0.00325961 18.4606
-0.00328733 18.7335
-0.00331506 19.0064
-0.00334279 19.2793
-0.00337052 19.5522
-0.00339825 19.8251
-0.00342598 20.098
-0.00345371 20.3708
-0.00348144 20.6437
-0.00350917 20.9166
-0.0035369 21.1895
-0.00356462 21.4624
-0.00359235 21.7353
-0.00362008 22.0082
-0.00364781 22.2811
-0.00367554 22.554
-0.00370327 22.8269
-0.003731 23.0998
-0.00375873 23.3727
-0.00378646 23.6456
-0.00381418 23.9185
-0.00384191 24.1914
-0.00386964 24.4643
-0.00389737 24.7372
-0.0039251 25.01
-0.00395283 25.2829
-0.00398056 25.5558
-0.00400829 25.8287
-0.00403066 25.5663
-0.00405304 25.3039
-0.00407541 25.0414
-0.00409779 24.779
-0.00412017 24.5166
-0.00414254 24.2541
-0.00416492 23.9917
-0.00418729 23.7293
-0.00420967 23.4669
-0.00423204 23.2044
-0.00425442 22.942
-0.0042768 22.6796
-0.00429917 22.4171
-0.00432155 22.1547
-0.00434392 21.8923
-0.0043663 21.6298
-0.00438867 21.3674
-0.00441105 21.105
-0.00443343 20.8425
-0.0044558 20.5801
-0.00447818 20.3177
-0.00450055 20.0552
-0.00452293 19.7928
-0.0045453 19.5304
-0.00456768 19.268
-0.00459006 19.0055
-0.00461243 18.7431
-0.00463481 18.4807
-0.00465718 18.2182
-0.00467956 17.9558
-0.00470193 17.6934
-0.00472431 17.4309
-0.00474669 17.1685
-0.00476906 16.9061
-0.00479144 16.6436
-0.00481381 16.3812
-0.00483619 16.1188
-0.00485856 15.8564
-0.00488094 15.5939
-0.00490331 15.3315
-0.00492569 15.0691
-0.00494807 14.8066
-0.00497044 14.5442
-0.00499282 14.2818
-0.00501519 14.0193
-0.00503757 13.7569
-0.00505994 13.4945
-0.00508232 13.232
-0.0051047 12.9696
-0.00512707 12.7072
-0.00509493 11.9929
-0.00506279 11.2786
-0.00503064 10.5643
-0.0049985 9.85004
-0.00496636 9.13575
-0.00493421 8.42147
-0.00490207 7.70718
-0.00486993 6.9929
-0.00483779 6.27861
-0.00480743 5.74268
-0.00478161 5.66078
-0.00475579 5.57887
-0.00472997 5.49696
-0.00470415 5.41506
-0.00467833 5.33315
-0.00465251 5.25124
-0.00462669 5.16934
-0.00460087 5.08743
-0.00457506 5.00552
-0.00454924 4.92361
-0.00452342 4.84171
-0.0044976 4.7598
-0.00447178 4.67789
-0.00444596 4.59599
-0.00442014 4.51408
-0.00439432 4.43217
-0.0043685 4.35027
-0.00434268 4.26836
-0.00431686 4.18645
-0.00429105 4.10455
-0.00426523 4.02264
-0.00423941 3.94073
-0.00421359 3.85883
-0.00418777 3.77692
-0.00416195 3.69501
-0.00413613 3.61311
-0.00411031 3.5312
-0.00408449 3.44929
-0.00405867 3.36738
-0.00403285 3.28548
-0.00400704 3.20357
-0.00398122 3.12166
-0.0039554 3.03976
-0.00392958 2.95785
-0.00390376 2.87594
-0.00387794 2.79404
-0.00385212 2.71213
-0.0038263 2.63022
-0.00380048 2.54832
-0.00377466 2.46641
-0.00374885 2.3845
-0.00372303 2.3026
-0.00369721 2.22069
-0.00367139 2.13878
-0.00364557 2.05687
-0.00361975 1.97497
-0.00359393 1.89306
-0.00356811 1.81115
-0.00354229 1.72925
-0.00351647 1.64734
-0.00349065 1.56543
-0.00346484 1.48353
-0.00343902 1.40162
-0.0034132 1.31971
-0.00338738 1.23781
-0.00336156 1.1559
-0.00333574 1.07399
-0.00330992 0.992085
-0.0032841 0.910179
-0.00325828 0.828272
-0.00323246 0.746365
-0.00320664 0.664458
-0.00318083 0.582551
-0.00315501 0.500644
-0.00312919 0.418737
-0.00310337 0.33683
-0.00307755 0.254924
-0.00305173 0.173017
-0.00302591 0.0911099
-0.00300009 0.00920302
-0.002975 0
-0.00295 0
-0.002925 0
-0.0029 0
-0.002875 0
-0.00285 0
-0.002825 0
-0.0028 0
-0.002775 0
-0.00275 0
-0.002725 0
-0.0027 0
-0.002675 0
-0.00265 0
-0.002625 0
-0.0026 0
-0.002575 0
-0.00255 0
-0.002525 0
-0.0025 0
-0.002475 0
-0.00245 0
-0.002425 0
-0.0024 0
-0.002375 0
-0.00235 0
-0.002325 0
-0.0023 0
-0.002275 0
-0.00225 0
-0.002225 0
-0.0022 0
-0.002175 0
-0.00215 0
-0.002125 0
-0.0021 0
-0.002075 0
-0.00205 0
-0.002025 0
-0.002 0
-0.001975 0
-0.00195 0
-0.001925 0
-0.0019 0
-0.001875 0
-0.00185 0
-0.001825 0
-0.0018 0
-0.001775 0
-0.00175 0
-0.001725 0
-0.0017 0
-0.001675 0
-0.00165 0
-0.001625 0
-0.0016 0
-0.001575 0
-0.00155 0
-0.001525 0
-0.0015 0
-0.001475 0
-0.00145 0
-0.001425 0
-0.0014 0
-0.001375 0
-0.00135 0
-0.001325 0
-0.0013 0
-0.001275 0
-0.00125 0
-0.001225 0
-0.0012 0
-0.001175 0
-0.00115 0
-0.001125 0
-0.0011 0
-0.001075 0
-0.00105 0
-0.001025 0
-0.001 0
-0.000975 0
-0.00095 0
-0.000925 0
-0.0009 0
-0.000875 0
-0.00085 0
-0.000825 0
-0.0008 0
-0.000775 0
-0.00075 0
-0.000725 0
-0.0007 0
-0.000675 0
-0.00065 0
-0.000625 0
-0.0006 0
-0.000575 0
-0.00055 0
-0.000525 0
-0.0005 0
-0.000475 0
-0.00045 0
-0.000425 0
-0.0004 0
-0.000375 0
-0.00035 0
-0.000325 0
-0.0003 0
-0.000275 0
-0.00025 0
-0.000225 0
-0.0002 0
-0.000175 0
-0.00015 0
-0.000125 0
-0.0001 0
-7.5e-05 0
-5e-05 0
-2.5e-05 0
-6.09864e-20 0
2.5e-05 0
5e-05 0
7.5e-05 0
0.0001 0
0.000125 0
0.00015 0
0.000175 0
0.0002 0
0.000225 0
0.00025 0
0.000275 0
0.0003 0
0.000325 0
0.00035 0
0.000375 0
0.0004 0
0.000425 0
0.00045 0
0.000475 0
0.0005 0
0.000475 0
0.00045 0
0.000425 0
0.0004 0
0.000375 0
0.00035 0
0.000325 0
0.0003 0
0.000275 0
0.00025 0
0.000225 0
0.0002 0
0.000175 0
0.00015 0
0.000125 0
0.0001 0
7.5e-05 0
5e-05 0
2.5e-05 0
-4.74338e-20 0
-2.5e-05 0
-5e-05 0
-7.5e-05 0
-0.0001 0
-0.000125 0
-0.00015 0
-0.000175 0
-0.0002 0
-0.000225 0
-0.00025 0
-0.000275 0
-0.0003 0
-0.000325 0
-0.00035 0
-0.000375 0
-0.0004 0
-0.000425 0
-0.00045 0
-0.000475 0
-0.0005 0
-0.000525 0
-0.00055 0
-0.000575 0
-0.0006 0
-0.000625 0
-0.00065 0
-0.000675 0
-0.0007 0
-0.000725 0
-0.00075 0
-0.000775 0
-0.0008 0
-0.000825 0
-0.00085 0
-0.000875 0
-0.0009 0
-0.000925 0
-0.00095 0
-0.000975 0
-0.001 0
-0.001025 0
-0.00105 0
-0.001075 0
-0.0011 0
-0.001125 0
-0.00115 0
-0.001175 0
-0.0012 0
-0.001225 0
-0.00125 0
-0.001275 0
-0.0013 0
-0.001325 0
-0.00135 0
-0.001375 0
-0.0014 0
-0.001425 0
-0.00145 0
-0.001475 0
-0.0015 0
-0.001525 0
-0.00155 0
-0.001575 0
-0.0016 0
-0.001625 0
-0.00165 0
-0.001675 0
-0.0017 0
-0.001725 0
-0.00175 0
-0.001775 0
-0.0018 0
-0.001825 0
-0.00185 0
-0.001875 0
-0.0019 0
-0.001925 0
-0.00195 0
-0.001975 0
-0.002 0
-0.002025 0
-0.00205 0
-0.002075 0
-0.0021 0
-0.002125 0
-0.00215 0
-0.002175 0
-0.0022 0
-0.002225 0
-0.00225 0
-0.002275 0
-0.0023 0
-0.002325 0
-0.00235 0
-0.002375 0
-0.0024 0
-0.002425 0
-0.00245 0
-0.002475 0
-0.0025 0
-0.002525 0
-0.00255 0
-0.002575 0
-0.0026 0
-0.002625 0
-0.00265 0
-0.002675 0
-0.0027 0
-0.002725 0
-0.00275 0
-0.002775 0
-0.0028 0
-0.002825 0
-0.00285 0
-0.002875 0
-0.0029 0
-0.002925 0
-0.00295 0
-0.002975 0
-0.00300018 0.0178221
-0.00302676 0.176439
-0.00305335 0.335056
-0.00307994 0.493673
-0.00310652 0.65229
-0.00313311 0.810907
-0.0031597 0.969524
-0.00318628 1.12814
-0.00321287 1.28676
-0.00323945 1.44538
-0.00326604 1.60399
-0.00329263 1.76261
-0.00331921 1.92123
-0.0033458 2.07984
-0.00337238 2.23846
-0.00339897 2.39708
-0.00342556 2.55569
-0.00345214 2.71431
-0.00347873 2.87293
-0.00350532 3.03155
-0.0035319 3.19016
-0.00355849 3.34878
-0.00358507 3.5074
-0.00361166 3.66601
-0.00363825 3.82463
-0.00366483 3.98325
-0.00369142 4.14186
-0.003718 4.30048
-0.00374459 4.4591
-0.00377118 4.61772
-0.00379776 4.77633
-0.00382435 4.93495
-0.00385094 5.09357
-0.00387752 5.25218
-0.00390411 5.4108
-0.00393069 5.56942
-0.00395728 5.72803
-0.00398387 5.88665
-0.00401045 6.04527
-0.00403704 6.20389
-0.00406363 6.3625
-0.00409021 6.52112
-0.0041168 6.67974
-0.00414338 6.83835
-0.00416997 6.99697
-0.00419656 7.15559
-0.00422314 7.3142
-0.00424973 7.47282
-0.00427631 7.63144
-0.0043029 7.79006
-0.00432949 7.94867
-0.00435607 8.10729
-0.00438266 8.26591
-0.00440925 8.42452
-0.00443583 8.58314
-0.00446242 8.74176
-0.004489 8.90037
-0.00451559 9.05899
-0.00454218 9.21761
-0.00456876 9.37623
-0.00459535 9.53484
-0.00462193 9.69346
-0.00464852 9.85208
-0.00467511 10.0107
-0.00470169 10.1693
-0.00472828 10.3279
-0.00475487 10.4865
-0.00478145 10.6452
-0.00480804 10.8038
-0.00483462 10.9624
-0.00486121 11.121
-0.0048878 11.2796
-0.00491438 11.4382
-0.00494097 11.5969
-0.00496755 11.7555
-0.00499414 11.9141
-0.00502073 12.0727
-0.00504731 12.2313
-0.0050739 12.3899
-0.00510049 12.5486
-0.00512707 12.7072
-0.00514945 12.4448
-0.00517182 12.1823
-0.0051942 11.9199
-0.00521657 11.6575
-0.00523895 11.395
-0.00526133 11.1326
-0.0052837 10.8702
-0.00530608 10.6077
-0.00532845 10.3453
-0.00535083 10.0829
-0.0053732 9.82044
-0.00539558 9.55801
-0.00541796 9.29558
-0.00544033 9.03315
-0.00546271 8.77072
-0.00548508 8.50829
-0.00550746 8.24586
-0.00552983 7.98343
-0.00555221 7.72099
-0.00557459 7.45856
-0.00559696 7.19613
-0.00561934 6.9337
-0.00564171 6.67127
-0.00566409 6.40884
-0.00568646 6.14641
-0.00570884 5.88398
-0.00573122 5.62155
-0.00575359 5.35912
-0.00577597 5.09669
-0.00579834 4.83425
-0.00582072 4.57182
-0.00584309 4.30939
-0.00586547 4.04696
-0.00588785 3.78453
-0.00591022 3.5221
-0.0059326 3.25967
-0.00595497 2.99724
-0.00597735 2.73481
-0.00599972 2.47238
-0.0060221 2.20994
-0.006045 2
-0.00607 2
-0.006095 2
-0.00612 2
-0.006145 2
-0.00617 2
-0.006195 2
-0.00622 2
-0.006245 2
-0.00627 2
-0.00623786 1.28571
-0.00620924 0.924156
-0.00618377 0.876753
-0.00615829 0.82935
-0.00613282 0.781947
-0.00610735 0.734544
-0.00608187 0.687141
-0.0060564 0.639739
-0.00603092 0.592336
-0.00600545 0.544933
-0.00597998 0.49753
-0.0059545 0.450127
-0.00592903 0.402725
-0.00590355 0.355322
-0.00587808 0.307919
-0.00585261 0.260516
-0.00582713 0.213113
-0.00580166 0.165711
-0.00577618 0.118308
-0.00575071 0.070905
-0.00572524 0.0235022
-0.0057 0
-0.005675 0
-0.00565 0
-0.005625 0
-0.0056 0
-0.005575 0
-0.00555 0
-0.005525 0
-0.0055 0
-0.005475 0
-0.00545 0
-0.005425 0
-0.0054 0
-0.005375 0
-0.00535 0
-0.005325 0
-0.0053 0
-0.005275 0
-0.00525 0
-0.005225 0
-0.0052 0
-0.005175 0
-0.00515 0
-0.005125 0
-0.0051 0
-0.005075 0
-0.00505 0
-0.005025 0
-0.005 0
-0.004975 0
-0.00495 0
-0.004925 0
-0.0049 0
-0.004875 0
-0.00485 0
-0.004825 0
-0.0048 0
-0.004775 0
-0.00475 0
-0.004725 0
-0.0047 0
-0.004675 0
-0.00465 0
-0.004625 0
-0.0046 0
-0.004575 0
-0.00455 0
-0.004525 0
-0.0045 0
-0.004475 0
-0.00445 0
-0.004425 0
-0.0044 0
-0.004375 0
-0.00435 0
-0.004325 0
-0.0043 0
-0.004275 0
-0.00425 0
-0.004225 0
-0.0042 0
-0.004175 0
-0.00415 0
-0.004125 0
-0.0041 0
-0.004075 0
-0.00405 0
-0.004025 0
-0.004 0
-0.003975 0
-0.00395 0
-0.003925 0
-0.0039 0
-0.003875 0
-0.00385 0
-0.003825 0
-0.0038 0
-0.003775 0
-0.00375 0
-0.003725 0
-0.0037 0
-0.003675 0
-0.00365 0
-0.003625 0
-0.0036 0
-0.003575 0
-0.00355 0
-0.003525 0
-0.0035 0
-0.003475 0
-0.00345 0
-0.003425 0
-0.0034 0
-0.003375 0
-0.00335 0
-0.003325 0
-0.0033 0
-0.003275 0
-0.00325 0
-0.003225 0
-0.0032 0
-0.003175 0
-0.00315 0
-0.003125 0
-0.0031 0
-0.003075 0
-0.00305 0
-0.003025 0
-0.003 0
-0.002975 0
-0.00295 0
-0.002925 0
-0.0029 0
-0.002875 0
-0.00285 0
-0.002825 0
-0.0028 0
-0.002775 0
-0.00275 0
-0.002725 0
-0.0027 0
-0.002675 0
-0.00265 0
-0.002625 0
-0.0026 0
-0.002575 0
-0.00255 0
-0.002525 0
-0.0025 0
-0.002475 0
-0.00245 0
-0.002425 0
-0.0024 0
-0.002375 0
-0.00235 0
-0.002325 0
-0.0023 0
-0.002275 0
-0.00225 0
-0.002225 0
-0.0022 0
-0.002175 0
-0.00215 0
-0.002125 0
-0.0021 0
-0.002075 0
-0.00205 0
-0.002025 0
-0.002 0
-0.001975 0
-0.00195 0
-0.001925 0
-0.0019 0
-0.001875 0
-0.00185 0
-0.001825 0
-0.0018 0
-0.001775 0
-0.00175 0
-0.001725 0
-0.0017 0
-0.001675 0
-0.00165 0
-0.001625 0
-0.0016 0
-0.001575 0
-0.00155 0
-0.001525 0
-0.0015 0
-0.001475 0
-0.00145 0
-0.001425 0
-0.0014 0
-0.001375 0
-0.00135 0
-0.001325 0
-0.0013 0
-0.001275 0
-0.00125 0
-0.001225 0
-0.0012 0
-0.001175 0
-0.00115 0
-0.001125 0
-0.0011 0
-0.001075 0
-0.00105 0
-0.001025 0
-0.001 0
-0.000975 0
-0.00095 0
-0.000925 0
-0.0009 0
-0.000875 0
-0.00085 0
-0.000825 0
-0.0008 0
-0.000775 0
-0.00075 0
-0.000725 0
-0.0007 0
-0.000675 0
-0.00065 0
-0.000625 0
-0.0006 0
-0.000575 0
-0.00055 0
-0.000525 0
-0.0005 0
-0.000475 0
-0.00045 0
-0.000425 0
-0.0004 0
-0.000375 0
-0.00035 0
-0.000325 0
-0.0003 0
-0.000275 0
-0.00025 0
-0.000225 0
-0.0002 0
-0.000175 0
-0.00015 0
-0.000125 0
-0.0001 0
-7.5e-05 0
-5e-05 0
-2.5e-05 0
-6.09864e-20 0
2.5e-05 0
5e-05 0
7.5e-05 0
0.0001 0
0.000125 0
0.00015 0
0.000175 0
0.0002 0
0.000225 0
0.00025 0
0.000275 0
0.0003 0
0.000325 0
0.00035 0
0.000375 0
0.0004 0
0.000425 0
0.00045 0
0.000475 0
0.0005 0
0.000525 0
0.00055 0
0.000575 0
0.0006 0
0.000625 0
0.0006 0
0.000575 0
0.00055 0
0.000525 0
0.0005 0
0.000475 0
0.00045 0
0.000425 0
0.0004 0
0.000375 0
0.00035 0
0.000325 0
0.0003 0
0.000275 0
0.00025 0
0.000225 0
0.0002 0
0.000175 0
0.00015 0
0.000125 0
0.0001 0
7.5e-05 0
5e-05 0
2.5e-05 0
-4.74338e-20 0
-2.5e-05 0
-5e-05 0
-7.5e-05 0
-0.0001 0
-0.000125 0
-0.00015 0
-0.000175 0
-0.0002 0
-0.000225 0
-0.00025 0
-0.000275 0
-0.0003 0
-0.000325 0
-0.00035 0
-0.000375 0
-0.0004 0
-0.000425 0
-0.00045 0
-0.000475 0
-0.0005 0
-0.000525 0
-0.00055 0
-0.000575 0
-0.0006 0
-0.000625 0
-0.00065 0
-0.000675 0
-0.0007 0
-0.000725 0
-0.00075 0
-0.000775 0
-0.0008 0
-0.000825 0
-0.00085 0
-0.000875 0
-0.0009 0
-0.000925 0
-0.00095 0
-0.000975 0
-0.001 0
-0.001025 0
-0.00105 0
-0.001075 0
-0.0011 0
-0.001125 0
-0.00115 0
-0.001175 0
-0.0012 0
-0.001225 0
-0.00125 0
-0.001275 0
-0.0013 0
-0.001325 0
-0.00135 0
-0.001375 0
-0.0014 0
-0.001425 0
-0.00145 0
-0.001475 0
-0.0015 0
-0.001525 0
-0.00155 0
-0.001575 0
-0.0016 0
-0.001625 0
-0.00165 0
-0.001675 0
-0.0017 0
-0.001725 0
-0.00175 0
-0.001775 0
-0.0018 0
-0.001825 0
-0.00185 0
-0.001875 0
-0.0019 0
-0.001925 0
-0.00195 0
-0.001975 0
-0.002 0
-0.002025 0
-0.00205 0
-0.002075 0
-0.0021 0
-0.002125 0
-0.00215 0
-0.002175 0
-0.0022 0
-0.002225 0
-0.00225 0
-0.002275 0
-0.0023 0
-0.002325 0
-0.00235 0
-0.002375 0
-0.0024 0
-0.002425 0
-0.00245 0
-0.002475 0
-0.0025 0
-0.002525 0
-0.00255 0
-0.002575 0
-0.0026 0
-0.002625 0
-0.00265 0
-0.002675 0
-0.0027 0
-0.002725 0
-0.00275 0
-0.002775 0
-0.0028 0
-0.002825 0
-0.00285 0
-0.002875 0
-0.0029 0
-0.002925 0
-0.00295 0
-0.002975 0
-0.003 0
-0.003025 0
-0.00305 0
-0.003075 0
-0.0031 0
-0.003125 0
-0.00315 0
-0.003175 0
-0.0032 0
-0.003225 0
-0.00325 0
-0.003275 0
-0.0033 0
-0.003325 0
-0.00335 0
-0.003375 0
-0.0034 0
-0.003425 0
-0.00345 0
-0.003475 0
-0.0035 0
-0.003525 0
-0.00355 0
-0.003575 0
-0.0036 0
-0.003625 0
-0.00365 0
-0.003675 0
-0.0037 0
-0.003725 0
-0.00375 0
-0.003775 0
-0.0038 0
-0.003825 0
-0.00385 0
-0.003875 0
-0.0039 0
-0.003925 0
-0.00395 0
-0.003975 0
-0.004 0
-0.004025 0
-0.00405 0
-0.004075 0
-0.0041 0
-0.004125 0
-0.00415 0
-0.004175 0
-0.0042 0
-0.004225 0
-0.00425 0
-0.004275 0
-0.0043 0
-0.004325 0
-0.00435 0
-0.004375 0
-0.0044 0
-0.004425 0
-0.00445 0
-0.004475 0
-0.0045 0
-0.004525 0
-0.00455 0
-0.004575 0
-0.0046 0
-0.004625 0
-0.00465 0
-0.004675 0
-0.0047 0
-0.004725 0
-0.00475 0
-0.004775 0
-0.0048 0
-0.004825 0
-0.00485 0
-0.004875 0
-0.0049 0
-0.004925 0
-0.00495 0
-0.004975 0
-0.005 0
-0.005025 0
-0.00505 0
-0.005075 0
-0.0051 0
-0.005125 0
-0.00515 0
-0.005175 0
-0.0052 0
-0.005225 0
-0.00525 0
-0.005275 0
-0.0053 0
-0.005325 0
-0.00535 0
-0.005375 0
-0.0054 0
-0.005425 0
-0.00545 0
-0.005475 0
-0.0055 0
-0.005525 0
-0.00555 0
-0.005575 0
-0.0056 0
-0.005625 0
-0.00565 0
-0.005675 0
-0.0057 0
-0.00572546 0.0461298
-0.00575139 0.139171
-0.00577732 0.232213
-0.00580325 0.325254
-0.00582918 0.418296
-0.00585511 0.511337
-0.00588104 0.604378
-0.00590697 0.69742
-0.0059329 0.790461
-0.00595884 0.883503
-0.00598477 0.976544
-0.0060107 1.06959
-0.00603663 1.16263
-0.00606256 1.25567
-0.00608849 1.34871
-0.00611442 1.44175
-0.00614035 1.53479
-0.00616628 1.62783
-0.00619221 1.72088
-0.00621814 1.81392
-0.00624407 1.90696
-0.00627 2
-0.006295 2
-0.00632 2
-0.006345 2
-0.00637 2
-0.006395 2
-0.00642 2
-0.006445 2
-0.00647 2
-0.006495 2
-0.00652 2
-0.006545 2
-0.00657 2
-0.006595 2
-0.00662 2
-0.006645 2
-0.00667 2
-0.006695 2
-0.00672 2
-0.006745 2
-0.00677 2
-0.006795 2
-0.00682 2
-0.006845 2
-0.00687 2
-0.006895 2
-0.00692 2
-0.006945 2
-0.00697 2
-0.006995 2
-0.00702 2
-0.007045 2
-0.00707 2
-0.007095 2
-0.00712 2
-0.007145 2
-0.00717 2
-0.007195 2
-0.00722 2
-0.007245 2
-0.00727 2
-0.007295 2
-0.00732 2
-0.007345 2
-0.00737 2
-0.007395 2
-0.00742 2
-0.007445 2
-0.00747 2
-0.007495 2
-0.00752 2
-0.00748786 1.28571
-0.00745936 0.935684
-0.00743395 0.895487
-0.00740855 0.85529
-0.00738315 0.815093
-0.00735775 0.774895
-0.00733235 0.734698
-0.00730695 0.694501
-0.00728154 0.654303
-0.00725614 0.614106
-0.00723074 0.573909
-0.00720534 0.533712
-0.00717994 0.493514
-0.00715453 0.453317
-0.00712913 0.41312
-0.00710373 0.372923
-0.00707833 0.332725
-0.00705293 0.292528
-0.00702752 0.252331
-0.00700212 0.212133
-0.00697672 0.171936
-0.00695132 0.131739
-0.00692592 0.0915417
-0.00690051 0.0513444
-0.00687511 0.0111471
-0.00685 0
-0.006825 0
-0.0068 0
-0.006775 0
-0.00675 0
-0.006725 0
-0.0067 0
-0.006675 0
-0.00665 0
-0.006625 0
-0.0066 0
-0.006575 0
-0.00655 0
-0.006525 0
-0.0065 0
-0.006475 0
-0.00645 0
-0.006425 0
-0.0064 0
-0.006375 0
-0.00635 0
-0.006325 0
-0.0063 0
-0.006275 0
-0.00625 0
-0.006225 0
-0.0062 0
-0.006175 0
-0.00615 0
-0.006125 0
-0.0061 0
-0.006075 0
-0.00605 0
-0.006025 0
-0.006 0
-0.005975 0
-0.00595 0
-0.005925 0
-0.0059 0
-0.005875 0
-0.00585 0
-0.005825 0
-0.0058 0
-0.005775 0
-0.00575 0
-0.005725 0
-0.0057 0
-0.005675 0
-0.00565 0
-0.005625 0
-0.0056 0
-0.005575 0
-0.00555 0
-0.005525 0
-0.0055 0
-0.005475 0
-0.00545 0
-0.005425 0
-0.0054 0
-0.005375 0
-0.00535 0
-0.005325 0
-0.0053 0
-0.005275 0
-0.00525 0
-0.005225 0
-0.0052 0
-0.005175 0
-0.00515 0
-0.005125 0
-0.0051 0
-0.005075 0
-0.00505 0
-0.005025 0
-0.005 0
-0.004975 0
-0.00495 0
-0.004925 0
-0.0049 0
-0.004875 0
-0.00485 0
-0.004825 0
-0.0048 0
-0.004775 0
-0.00475 0
-0.004725 0
-0.0047 0
-0.004675 0
-0.00465 0
-0.004625 0
-0.0046 0
-0.004575 0
-0.00455 0
-0.004525 0
-0.0045 0
-0.004475 0
-0.00445 0
-0.004425 0
-0.0044 0
-0.004375 0
-0.00435 0
-0.004325 0
-0.0043 0
-0.004275 0
-0.00425 0
-0.004225 0
-0.0042 0
-0.004175 0
-0.00415 0
-0.004125 0
-0.0041 0
-0.004075 0
-0.00405 0
-0.004025 0
-0.004 0
-0.003975 0
-0.00395 0
-0.003925 0
-0.0039 0
-0.003875 0
-0.00385 0
-0.003825 0
-0.0038 0
-0.003775 0
-0.00375 0
-0.003725 0
-0.0037 0
-0.003675 0
-0.00365 0
-0.003625 0
-0.0036 0
-0.003575 0
-0.00355 0
-0.003525 0
-0.0035 0
-0.003475 0
-0.00345 0
-0.003425 0
-0.0034 0
-0.003375 0
-0.00335 0
-0.003325 0
-0.0033 0
-0.003275 0
-0.00325 0
-0.003225 0
-0.0032 0
-0.003175 0
-0.00315 0
-0.003125 0
-0.0031 0
-0.003075 0
-0.00305 0
-0.003025 0
-0.003 0
-0.002975 0
-0.00295 0
-0.002925 0
-0.0029 0
-0.002875 0
-0.00285 0
-0.002825 0
-0.0028 0
-0.002775 0
-0.00275 0
-0.002725 0
-0.0027 0
-0.002675 0
-0.00265 0
-0.002625 0
-0.0026 0
-0.002575 0
-0.00255 0
-0.002525 0
-0.0025 0
-0.002475 0
-0.00245 0
-0.002425 0
-0.0024 0
-0.002375 0
-0.00235 0
-0.002325 0
-0.0023 0
-0.002275 0
-0.00225 0
-0.002225 0
-0.0022 0
-0.002175 0
-0.00215 0
-0.002125 0
-0.0021 0
-0.002075 0
-0.00205 0
-0.002025 0
-0.002 0
-0.001975 0
-0.00195 0
-0.001925 0
-0.0019 0
-0.001875 0
-0.00185 0
-0.001825 0
-0.0018 0
-0.001775 0
-0.00175 0
-0.001725 0
-0.0017 0
-0.001675 0
-0.00165 0
-0.001625 0
-0.0016 0
-0.001575 0
-0.00155 0
-0.001525 0
-0.0015 0
-0.001475 0
-0.00145 0
-0.001425 0
-0.0014 0
-0.001375 0
-0.00135 0
-0.001325 0
-0.0013 0
-0.001275 0
-0.00125 0
-0.001225 0
-0.0012 0
-0.001175 0
-0.00115 0
-0.001125 0
-0.0011 0
-0.001075 0
-0.00105 0
-0.001025 0
-0.001 0
-0.000975 0
-0.00095 0
-0.000925 0
-0.0009 0
-0.000875 0
-0.00085 0
-0.000825 0
-0.0008 0
-0.000775 0
-0.00075 0
-0.000725 0
-0.0007 0
-0.000675 0
-0.00065 0
-0.000625 0
-0.0006 0
-0.000575 0
-0.00055 0
-0.000525 0
-0.0005 0
-0.000475 0
-0.00045 0
-0.000425 0
-0.0004 0
-0.000375 0
-0.00035 0
-0.000325 0
-0.0003 0
-0.000275 0
-0.00025 0
-0.000225 0
-0.0002 0
-0.000175 0
-0.00015 0
-0.000125 0
-0.0001 0
-7.5e-05 0
-5e-05 0
-2.5e-05 0
-6.09864e-20 0
2.5e-05 0
5e-05 0
7.5e-05 0
0.0001 0
0.000125 0
0.00015 0
0.000175 0
0.0002 0
0.000225 0
0.00025 0
0.000275 0
0.0003 0
0.000325 0
0.00035 0
0.000375 0
0.0004 0
0.000425 0
0.00045 0
0.000475 0
0.0005 0
0.000525 0
0.00055 0
0.000575 0
0.0006 0
0.000625 0
0.00065 0
0.000675 0
0.0007 0
0.000725 0
0.00075 0
0.000725 0
0.0007 0
0.000675 0
0.00065 0
0.000625 0
0.0006 0
0.000575 0
0.00055 0
0.000525 0
0.0005 0
0.000475 0
0.00045 0
0.000425 0
0.0004 0
0.000375 0
0.00035 0
0.000325 0
0.0003 0
0.000275 0
0.00025 0
0.000225 0
0.0002 0
0.000175 0
0.00015 0
0.000125 0
0.0001 0
7.5e-05 0
5e-05 0
2.5e-05 0
-4.74338e-20 0
-2.5e-05 0
-5e-05 0
-7.5e-05 0
-0.0001 0
-0.000125 0
-0.00015 0
-0.000175 0
-0.0002 0
-0.000225 0
-0.00025 0
-0.000275 0
-0.0003 0
-0.000325 0
-0.00035 0
-0.000375 0
-0.0004 0
-0.000425 0
-0.00045 0
-0.000475 0
-0.0005 0
-0.000525 0
-0.00055 0
-0.000575 0
-0.0006 0
-0.000625 0
-0.00065 0
-0.000675 0
-0.0007 0
-0.000725 0
-0.00075 0
-0.000775 0
-0.0008 0
-0.000825 0
-0.00085 0
-0.000875 0
-0.0009 0
-0.000925 0
-0.00095 0
-0.000975 0
-0.001 0
-0.001025 0
-0.00105 0
-0.001075 0
-0.0011 0
-0.001125 0
-0.00115 0
-0.001175 0
-0.0012 0
-0.001225 0
-0.00125 0
-0.001275 0
-0.0013 0
-0.001325 0
-0.00135 0
-0.001375 0
-0.0014 0
-0.001425 0
-0.00145 0
-0.001475 0
-0.0015 0
-0.001525 0
-0.00155 0
-0.001575 0
-0.0016 0
-0.001625 0
-0.00165 0
-0.001675 0
-0.0017 0
-0.001725 0
-0.00175 0
-0.001775 0
-0.0018 0
-0.001825 0
-0.00185 0
-0.001875 0
-0.0019 0
-0.001925 0
-0.00195 0
-0.001975 0
-0.002 0
-0.002025 0
-0.00205 0
-0.002075 0
-0.0021 0
-0.002125 0
-0.00215 0
-0.002175 0
-0.0022 0
-0.002225 0
-0.00225 0
-0.002275 0
-0.0023 0
-0.002325 0
-0.00235 0
-0.002375 0
-0.0024 0
-0.002425 0
-0.00245 0
-0.002475 0
-0.0025 0
-0.002525 0
-0.00255 0
-0.002575 0
-0.0026 0
-0.002625 0
-0.00265 0
-0.002675 0
-0.0027 0
-0.002725 0
-0.00275 0
-0.002775 0
-0.0028 0
-0.002825 0
-0.00285 0
-0.002875 0
-0.0029 0
-0.002925 0
-0.00295 0
-0.002975 0
-0.003 0
-0.003025 0
-0.00305 0
-0.003075 0
-0.0031 0
-0.003125 0
-0.00315 0
-0.003175 0
-0.0032 0
-0.003225 0
-0.00325 0
-0.003275 0
-0.0033 0
-0.003325 0
-0.00335 0
-0.003375 0
-0.0034 0
-0.003425 0
-0.00345 0
-0.003475 0
-0.0035 0
-0.003525 0
-0.00355 0
-0.003575 0
-0.0036 0
-0.003625 0
-0.00365 0
-0.003675 0
-0.0037 0
-0.003725 0
-0.00375 0
-0.003775 0
-0.0038 0
-0.003825 0
-0.00385 0
-0.003875 0
-0.0039 0
-0.003925 0
-0.00395 0
-0.003975 0
-0.004 0
-0.004025 0
-0.00405 0
-0.004075 0
-0.0041 0
-0.004125 0
-0.00415 0
-0.004175 0
-0.0042 0
-0.004225 0
-0.00425 0
-0.004275 0
-0.0043 0
-0.004325 0
-0.00435 0
-0.004375 0
-0.0044 0
-0.004425 0
-0.00445 0
-0.004475 0
-0.0045 0
-0.004525 0
-0.00455 0
-0.004575 0
-0.0046 0
-0.004625 0
-0.00465 0
-0.004675 0
-0.0047 0
-0.004725 0
-0.00475 0
-0.004775 0
-0.0048 0
-0.004825 0
-0.00485 0
-0.004875 0
-0.0049 0
-0.004925 0
-0.00495 0
-0.004975 0
-0.005 0
-0.005025 0
-0.00505 0
-0.005075 0
-0.0051 0
-0.005125 0
-0.00515 0
-0.005175 0
-0.0052 0
-0.005225 0
-0.00525 0
-0.005275 0
-0.0053 0
-0.005325 0
-0.00535 0
-0.005375 0
-0.0054 0
-0.005425 0
-0.00545 0
-0.005475 0
-0.0055 0
-0.005525 0
-0.00555 0
-0.005575 0
-0.0056 0
-0.005625 0
-0.00565 0
-0.005675 0
-0.0057 0
-0.005725 0
-0.00575 0
-0.005775 0
-0.0058 0
-0.005825 0
-0.00585 0
-0.005875 0
-0.0059 0
-0.005925 0
-0.00595 0
-0.005975 0
-0.006 0
-0.006025 0
-0.00605 0
-0.006075 0
-0.0061 0
-0.006125 0
-0.00615 0
-0.006175 0
-0.0062 0
-0.006225 0
-0.00625 0
-0.006275 0
-0.0063 0
-0.006325 0
-0.00635 0
-0.006375 0
-0.0064 0
-0.006425 0
-0.00645 0
-0.006475 0
-0.0065 0
-0.006525 0
-0.00655 0
-0.006575 0
-0.0066 0
-0.006625 0
-0.00665 0
-0.006675 0
-0.0067 0
-0.006725 0
-0.00675 0
-0.006775 0
-0.0068 0
-0.006825 0
-0.00685 0
-0.00687522 0.0219415
-0.00690101 0.101064
-0.0069268 0.180186
-0.00695259 0.259309
-0.00697838 0.338431
-0.00700418 0.417553
-0.00702997 0.496676
-0.00705576 0.575798
-0.00708155 0.65492
-0.00710734 0.734043
-0.00713313 0.813165
-0.00715892 0.892287
-0.00718471 0.97141
-0.00721051 1.05053
-0.0072363 1.12965
-0.00726209 1.20878
-0.00728788 1.2879
-0.00731367 1.36702
-0.00733946 1.44614
-0.00736525 1.52527
-0.00739104 1.60439
-0.00741684 1.68351
-0.00744263 1.76263
-0.00746842 1.84176
-0.00749421 1.92088
-0.00752 2
-0.007545 2
-0.00757 2
-0.007595 2
-0.00762 2
-0.007645 2
-0.00767 2
-0.007695 2
-0.00772 2
-0.007745 2
-0.00777 2
-0.007795 2
-0.00782 2
-0.007845 2
-0.00787 2
-0.007895 2
-0.00792 2
-0.007945 2
-0.00797 2
-0.007995 2
-0.00802 2
-0.008045 2
-0.00807 2
-0.008095 2
-0.00812 2
-0.008145 2
-0.00817 2
-0.008195 2
-0.00822 2
-0.008245 2
-0.00827 2
-0.008295 2
-0.00832 2
-0.008345 2
-0.00837 2
-0.008395 2
-0.00842 2
-0.008445 2
-0.00847 2
-0.008495 2
-0.00852 2
-0.008545 2
-0.00857 2
-0.008595 2
-0.00862 2
-0.008645 2
-0.00867 2
-0.008695 2
-0.00872 2
-0.008745 2
-0.00877 2
-0.00873786 1.28571
-0.00870944 0.944171
-0.00868409 0.909278
-0.00865874 0.874384
-0.00863339 0.839491
-0.00860805 0.804598
-0.0085827 0.769704
-0.00855735 0.734811
-0.008532 0.699918
-0.00850665 0.665025
-0.0084813 0.630131
-0.00845595 0.595238
-0.0084306 0.560345
-0.00840525 0.525452
-0.00837991 0.490558
-0.00835456 0.455665
-0.00832921 0.420772
-0.00830386 0.385878
-0.00827851 0.350985
-0.00825316 0.316092
-0.00822781 0.281199
-0.00820246 0.246305
-0.00817711 0.211412
-0.00815177 0.176519
-0.00812642 0.141626
-0.00810107 0.106732
-0.00807572 0.0718391
-0.00805037 0.0369458
-0.00802502 0.00205255
-0.008 0
-0.007975 0
-0.00795 0
-0.007925 0
-0.0079 0
-0.007875 0
-0.00785 0
-0.007825 0
-0.0078 0
-0.007775 0
-0.00775 0
-0.007725 0
-0.0077 0
-0.007675 0
-0.00765 0
-0.007625 0
-0.0076 0
-0.007575 0
-0.00755 0
-0.007525 0
-0.0075 0
-0.007475 0
-0.00745 0
-0.007425 0
-0.0074 0
-0.007375 0
-0.00735 0
-0.007325 0
-0.0073 0
-0.007275 0
-0.00725 0
-0.007225 0
-0.0072 0
-0.007175 0
-0.00715 0
-0.007125 0
-0.0071 0
-0.007075 0
-0.00705 0
-0.007025 0
-0.007 0
-0.006975 0
-0.00695 0
-0.006925 0
-0.0069 0
-0.006875 0
-0.00685 0
-0.006825 0
-0.0068 0
-0.006775 0
-0.00675 0
-0.006725 0
-0.0067 0
-0.006675 0
-0.00665 0
-0.006625 0
-0.0066 0
-0.006575 0
-0.00655 0
-0.006525 0
-0.0065 0
-0.006475 0
-0.00645 0
-0.006425 0
-0.0064 0
-0.006375 0
-0.00635 0
-0.006325 0
-0.0063 0
-0.006275 0
-0.00625 0
-0.006225 0
-0.0062 0
-0.006175 0
-0.00615 0
-0.006125 0
-0.0061 0
-0.006075 0
-0.00605 0
-0.006025 0
-0.006 0
-0.005975 0
-0.00595 0
-0.005925 0
-0.0059 0
-0.005875 0
-0.00585 0
-0.005825 0
-0.0058 0
-0.005775 0
-0.00575 0
-0.005725 0
-0.0057 0
-0.005675 0
-0.00565 0
-0.005625 0
-0.0056 0
-0.005575 0
-0.00555 0
-0.005525 0
-0.0055 0
-0.005475 0
-0.00545 0
-0.005425 0
-0.0054 0
-0.005375 0
-0.00535 0
-0.005325 0
-0.0053 0
-0.005275 0
-0.00525 0
-0.005225 0
-0.0052 0
-0.005175 0
-0.00515 0
-0.005125 0
-0.0051 0
-0.005075 0
-0.00505 0
-0.005025 0
-0.005 0
-0.004975 0
-0.00495 0
-0.004925 0
-0.0049 0
-0.004875 0
-0.00485 0
-0.004825 0
-0.0048 0
-0.004775 0
-0.00475 0
-0.004725 0
-0.0047 0
-0.004675 0
-0.00465 0
-0.004625 0
-0.0046 0
-0.004575 0
-0.00455 0
-0.004525 0
-0.0045 0
-0.004475 0
-0.00445 0
-0.004425 0
-0.0044 0
-0.004375 0
-0.00435 0
-0.004325 0
-0.0043 0
-0.004275 0
-0.00425 0
-0.004225 0
-0.0042 0
-0.004175 0
-0.00415 0
-0.004125 0
-0.0041 0
-0.004075 0
-0.00405 0
-0.004025 0
-0.004 0
-0.003975 0
-0.00395 0
-0.003925 0
-0.0039 0
-0.003875 0
-0.00385 0
-0.003825 0
-0.0038 0
-0.003775 0
-0.00375 0
-0.003725 0
-0.0037 0
-0.003675 0
-0.00365 0
-0.003625 0
-0.0036 0
-0.003575 0
-0.00355 0
-0.003525 0
-0.0035 0
-0.003475 0
-0.00345 0
-0.003425 0
-0.0034 0
-0.003375 0
-0.00335 0
-0.003325 0
-0.0033 0
-0.003275 0
-0.00325 0
-0.003225 0
-0.0032 0
-0.003175 0
-0.00315 0
-0.003125 0
-0.0031 0
-0.003075 0
-0.00305 0
-0.003025 0
-0.003 0
-0.002975 0
-0.00295 0
-0.002925 0
-0.0029 0
-0.002875 0
-0.00285 0
-0.002825 0
-0.0028 0
-0.002775 0
-0.00275 0
-0.002725 0
-0.0027 0
-0.002675 0
-0.00265 0
-0.002625 0
-0.0026 0
-0.002575 0
-0.00255 0
-0.002525 0
-0.0025 0
-0.002475 0
-0.00245 0
-0.002425 0
-0.0024 0
-0.002375 0
-0.00235 0
-0.002325 0
-0.0023 0
-0.002275 0
-0.00225 0
-0.002225 0
-0.0022 0
-0.002175 0
-0.00215 0
-0.002125 0
-0.0021 0
-0.002075 0
-0.00205 0
-0.002025 0
-0.002 0
-0.001975 0
-0.00195 0
-0.001925 0
-0.0019 0
-0.001875 0
-0.00185 0
-0.001825 0
-0.0018 0
-0.001775 0
-0.00175 0
-0.001725 0
-0.0017 0
-0.001675 0
-0.00165 0
-0.001625 0
-0.0016 0
-0.001575 0
-0.00155 0
-0.001525 0
-0.0015 0
-0.001475 0
-0.00145 0
-0.001425 0
-0.0014 0
-0.001375 0
-0.00135 0
-0.001325 0
-0.0013 0
-0.001275 0
-0.00125 0
-0.001225 0
-0.0012 0
-0.001175 0
-0.00115 0
-0.001125 0
-0.0011 0
-0.001075 0
-0.00105 0
-0.001025 0
-0.001 0
-0.000975 0
-0.00095 0
-0.000925 0
-0.0009 0
-0.000875 0
-0.00085 0
-0.000825 0
-0.0008 0
-0.000775 0
-0.00075 0
-0.000725 0
-0.0007 0
-0.000675 0
-0.00065 0
-0.000625 0
-0.0006 0
-0.000575 0
-0.00055 0
-0.000525 0
-0.0005 0
-0.000475 0
-0.00045 0
-0.000425 0
-0.0004 0
-0.000375 0
-0.00035 0
-0.000325 0
-0.0003 0
-0.000275 0
-0.00025 0
-0.000225 0
-0.0002 0
-0.000175 0
-0.00015 0
-0.000125 0
-0.0001 0
-7.5e-05 0
-5e-05 0
-2.5e-05 0
-9.28348e-19 0
2.5e-05 0
5e-05 0
7.5e-05 0
0.0001 0
0.000125 0
0.00015 0
0.000175 0
0.0002 0
0.000225 0
0.00025 0
0.000275 0
0.0003 0
0.000325 0
0.00035 0
0.000375 0
0.0004 0
0.000425 0
0.00045 0
0.000475 0
0.0005 0
0.000525 0
0.00055 0
0.000575 0
0.0006 0
0.000625 0
0.00065 0
0.000675 0
0.0007 0
0.000725 0
0.00075 0
0.000775 0
0.0008 0
0.000825 0
0.00085 0
0.000875 0
0.00085 0
0.000825 0
0.0008 0
0.000775 0
0.00075 0
0.000725 0
0.0007 0
0.000675 0
0.00065 0
0.000625 0
0.0006 0
0.000575 0
0.00055 0
0.000525 0
0.0005 0
0.000475 0
0.00045 0
0.000425 0
0.0004 0
0.000375 0
0.00035 0
0.000325 0
0.0003 0
0.000275 0
0.00025 0
0.000225 0
0.0002 0
0.000175 0
0.00015 0
0.000125 0
0.0001 0
7.5e-05 0
5e-05 0
2.5e-05 0
-9.14796e-19 0
