-2.84354e-05 -2.5e-05
-5.68452e-05 -5e-05
-8.52291e-05 -7.5e-05
-0.000113587 -0.0001
-0.000141919 -0.000125
-0.000170225 -0.00015
-0.000198505 -0.000175
-0.000226758 -0.0002
-0.000254985 -0.000225
-0.000283186 -0.00025
-0.00031136 -0.000275
-0.000339507 -0.0003
-0.000367628 -0.000325
-0.000395722 -0.00035
-0.000423789 -0.000375
-0.000451828 -0.0004
-0.000479841 -0.000425
-0.000507826 -0.00045
-0.000535784 -0.000475
-0.000563715 -0.0005
-0.000591618 -0.000525
-0.000619493 -0.00055
-0.00064734 -0.000575
-0.00067516 -0.0006
-0.000702951 -0.000625
-0.000730715 -0.00065
-0.00075845 -0.000675
-0.000786157 -0.0007
-0.000813836 -0.000725
-0.000841486 -0.00075
-0.000869107 -0.000775
-0.0008967 -0.0008
-0.000924264 -0.000825
-0.000951798 -0.00085
-0.000979304 -0.000875
-0.00100678 -0.0009
-0.00103423 -0.000925
-0.00106165 -0.00095
-0.00108903 -0.000975
-0.00111639 -0.001
-0.00114372 -0.001025
-0.00117102 -0.00105
-0.00119829 -0.001075
-0.00122553 -0.0011
-0.00125274 -0.001125
-0.00127992 -0.00115
-0.00130706 -0.001175
-0.00133418 -0.0012
-0.00136127 -0.001225
-0.00138832 -0.00125
-0.00135987 -0.001225
-0.00133143 -0.0012
-0.00130298 -0.001175
-0.00127453 -0.00115
-0.00124608 -0.001125
-0.00121763 -0.0011
-0.00118918 -0.001075
-0.00116074 -0.00105
-0.00113229 -0.001025
-0.00110384 -0.001
-0.00107539 -0.000975
-0.00104694 -0.00095
-0.00101849 -0.000925
-0.000990046 -0.0009
-0.000961598 -0.000875
-0.00093315 -0.00085
-0.000904701 -0.000825
-0.000876253 -0.0008
-0.000847805 -0.000775
-0.000819356 -0.00075
-0.000790908 -0.000725
-0.00076246 -0.0007
-0.000734012 -0.000675
-0.000705563 -0.00065
-0.000677115 -0.000625
-0.000648667 -0.0006
-0.000620219 -0.000575
-0.00059177 -0.00055
-0.000563322 -0.000525
-0.000534874 -0.0005
-0.000506425 -0.000475
-0.000477977 -0.00045
-0.000449529 -0.000425
-0.000421081 -0.0004
-0.000393043 -0.000375
-0.000366457 -0.00035
-0.000339871 -0.000325
-0.000313285 -0.0003
-0.000286699 -0.000275
-0.000260113 -0.00025
-0.000233528 -0.000225
-0.000206942 -0.0002
-0.000180356 -0.000175
-0.00015377 -0.00015
-0.000127184 -0.000125
-0.000100598 -0.0001
-7.28525e-05 -7.5e-05
-4.44042e-05 -5e-05
-1.5956e-05 -2.5e-05
1.24923e-05 -6.09864e-20
4.09406e-05 2.5e-05
6.93889e-05 5e-05
9.78371e-05 7.5e-05
0.000126285 0.0001
0.000154734 0.000125
0.000126285 0.0001
9.78371e-05 7.5e-05
6.93889e-05 5e-05
4.09406e-05 2.5e-05
1.24923e-05 -4.74338e-20
-1.5956e-05 -2.5e-05
-4.44042e-05 -5e-05
-7.28525e-05 -7.5e-05
-0.000101125 -0.0001
-0.000129108 -0.000125
-0.00015709 -0.00015
-0.000185073 -0.000175
-0.000213055 -0.0002
-0.000241038 -0.000225
-0.00026902 -0.00025
-0.000297003 -0.000275
-0.000324985 -0.0003
-0.000352968 -0.000325
-0.000380951 -0.00035
-0.000408933 -0.000375
-0.000436916 -0.0004
-0.000464898 -0.000425
-0.000492881 -0.00045
-0.000520863 -0.000475
-0.000548846 -0.0005
-0.000576828 -0.000525
-0.000604811 -0.00055
-0.000632793 -0.000575
-0.000660776 -0.0006
-0.000688758 -0.000625
-0.000716741 -0.00065
-0.000744724 -0.000675
-0.000772706 -0.0007
-0.000800689 -0.000725
-0.000828671 -0.00075
-0.000856654 -0.000775
-0.000884636 -0.0008
-0.000912619 -0.000825
-0.000940601 -0.00085
-0.000968584 -0.000875
-0.000996566 -0.0009
-0.00102455 -0.000925
-0.00105253 -0.00095
-0.00108051 -0.000975
-0.0011085 -0.001
-0.00113648 -0.001025
-0.00116446 -0.00105
-0.00119244 -0.001075
-0.00122043 -0.0011
-0.00124841 -0.001125
-0.00127639 -0.00115
-0.00130437 -0.001175
-0.00133236 -0.0012
-0.00136034 -0.001225
-0.00138832 -0.00125
-0.00141535 -0.001275
-0.00144234 -0.0013
-0.0014693 -0.001325
-0.00149623 -0.00135
-0.00152313 -0.001375
-0.00155 -0.0014
-0.00157684 -0.001425
-0.00160364 -0.00145
-0.00163041 -0.001475
-0.00165715 -0.0015
-0.00168386 -0.001525
-0.00171053 -0.00155
-0.00173718 -0.001575
-0.00176379 -0.0016
-0.00179036 -0.001625
-0.00181691 -0.00165
-0.00184342 -0.001675
-0.0018699 -0.0017
-0.00189634 -0.001725
-0.00192275 -0.00175
-0.00194913 -0.001775
-0.00197547 -0.0018
-0.00200178 -0.001825
-0.00202806 -0.00185
-0.0020543 -0.001875
-0.00208051 -0.0019
-0.00210668 -0.001925
-0.00213282 -0.00195
-0.00215892 -0.001975
-0.00218499 -0.002
-0.00221102 -0.002025
-0.00223701 -0.00205
-0.00226298 -0.002075
-0.0022889 -0.0021
-0.00231479 -0.002125
-0.00234065 -0.00215
-0.00236646 -0.002175
-0.00239225 -0.0022
-0.00241799 -0.002225
-0.0024437 -0.00225
-0.00246937 -0.002275
-0.00249501 -0.0023
-0.0025206 -0.002325
-0.00254617 -0.00235
-0.00257169 -0.002375
-0.00259717 -0.0024
-0.00262262 -0.002425
-0.00264803 -0.00245
-0.0026734 -0.002475
-0.00269874 -0.0025
-0.00272403 -0.002525
-0.00274929 -0.00255
-0.0027745 -0.002575
-0.00279968 -0.0026
-0.00282482 -0.002625
-0.00284992 -0.00265
-0.00287498 -0.002675
-0.0029 -0.0027
-0.00292408 -0.002725
-0.00294816 -0.00275
-0.00297224 -0.002775
-0.00299631 -0.0028
-0.00302039 -0.002825
-0.00304447 -0.00285
-0.00306855 -0.002875
-0.00309263 -0.0029
-0.00311671 -0.002925
-0.00314078 -0.00295
-0.00316486 -0.002975
-0.00318894 -0.003
-0.00321302 -0.003025
-0.0032371 -0.00305
-0.00326118 -0.003075
-0.00328525 -0.0031
-0.00330933 -0.003125
-0.00333341 -0.00315
-0.00335749 -0.003175
-0.00338157 -0.0032
-0.00340565 -0.003225
-0.00342972 -0.00325
-0.0034538 -0.003275
-0.00347788 -0.0033
-0.00350196 -0.003325
-0.00352604 -0.00335
-0.00355012 -0.003375
-0.00357419 -0.0034
-0.00359827 -0.003425
-0.00362235 -0.00345
-0.00364643 -0.003475
-0.00367051 -0.0035
-0.00369459 -0.003525
-0.00371866 -0.00355
-0.00374274 -0.003575
-0.00376682 -0.0036
-0.0037909 -0.003625
-0.00381498 -0.00365
-0.00383906 -0.003675
-0.00386313 -0.0037
-0.00388721 -0.003725
-0.00391129 -0.00375
-0.00388284 -0.003725
-0.00385439 -0.0037
-0.00382595 -0.003675
-0.0037975 -0.00365
-0.00376905 -0.003625
-0.0037406 -0.0036
-0.00371215 -0.003575
-0.0036837 -0.00355
-0.00365526 -0.003525
-0.00362681 -0.0035
-0.00359836 -0.003475
-0.00356991 -0.00345
-0.00354146 -0.003425
-0.00351301 -0.0034
-0.00348457 -0.003375
-0.00345612 -0.00335
-0.00342767 -0.003325
-0.00339922 -0.0033
-0.00337077 -0.003275
-0.00334232 -0.00325
-0.00331388 -0.003225
-0.00328543 -0.0032
-0.00325698 -0.003175
-0.00322853 -0.00315
-0.00320008 -0.003125
-0.00317164 -0.0031
-0.00314319 -0.003075
-0.00311474 -0.00305
-0.00308718 -0.003025
-0.00306146 -0.003
-0.00303574 -0.002975
-0.00301003 -0.00295
-0.00298431 -0.002925
-0.00295859 -0.0029
-0.00293288 -0.002875
-0.00290716 -0.00285
-0.00288144 -0.002825
-0.00285573 -0.0028
-0.00283001 -0.002775
-0.0028043 -0.00275
-0.00277858 -0.002725
-0.00275286 -0.0027
-0.00272715 -0.002675
-0.00270143 -0.00265
-0.00267571 -0.002625
-0.00265 -0.0026
-0.00262428 -0.002575
-0.00259856 -0.00255
-0.00257285 -0.002525
-0.00254713 -0.0025
-0.00252141 -0.002475
-0.0024957 -0.00245
-0.00246998 -0.002425
-0.00244426 -0.0024
-0.00241855 -0.002375
-0.00239283 -0.00235
-0.00236711 -0.002325
-0.0023414 -0.0023
-0.00231568 -0.002275
-0.00228996 -0.00225
-0.00226425 -0.002225
-0.00223853 -0.0022
-0.00221282 -0.002175
-0.0021871 -0.00215
-0.00216138 -0.002125
-0.00213567 -0.0021
-0.00210995 -0.002075
-0.00208423 -0.00205
-0.00205852 -0.002025
-0.0020328 -0.002
-0.00200708 -0.001975
-0.00198137 -0.00195
-0.00195565 -0.001925
-0.00192993 -0.0019
-0.00190422 -0.001875
-0.0018785 -0.00185
-0.00185278 -0.001825
-0.00182707 -0.0018
-0.00180135 -0.001775
-0.00177563 -0.00175
-0.00174992 -0.001725
-0.0017242 -0.0017
-0.00169848 -0.001675
-0.00167277 -0.00165
-0.00164705 -0.001625
-0.00162133 -0.0016
-0.00159562 -0.001575
-0.0015699 -0.00155
-0.00154419 -0.001525
-0.00151847 -0.0015
-0.00149275 -0.001475
-0.00146704 -0.00145
-0.00144132 -0.001425
-0.0014156 -0.0014
-0.00138989 -0.001375
-0.00136417 -0.00135
-0.00133845 -0.001325
-0.00131274 -0.0013
-0.00128702 -0.001275
-0.0012613 -0.00125
-0.00123559 -0.001225
-0.00120987 -0.0012
-0.00118415 -0.001175
-0.00115844 -0.00115
-0.00113272 -0.001125
-0.001107 -0.0011
-0.00108129 -0.001075
-0.00105557 -0.00105
-0.00102985 -0.001025
-0.00100414 -0.001
-0.000978422 -0.000975
-0.000952705 -0.00095
-0.000926989 -0.000925
-0.000901272 -0.0009
-0.000875556 -0.000875
-0.000849226 -0.00085
-0.000820777 -0.000825
-0.000792329 -0.0008
-0.000763881 -0.000775
-0.000735432 -0.00075
-0.000706984 -0.000725
-0.000678536 -0.0007
-0.000650088 -0.000675
-0.000621639 -0.00065
-0.000593191 -0.000625
-0.000564743 -0.0006
-0.000536294 -0.000575
-0.000513904 -0.00055
-0.000495154 -0.000525
-0.000476404 -0.0005
-0.000457654 -0.000475
-0.000438904 -0.00045
-0.000420154 -0.000425
-0.0004 -0.0004
-0.000375 -0.000375
-0.00035 -0.00035
-0.000325 -0.000325
-0.0003 -0.0003
-0.000275 -0.000275
-0.00025 -0.00025
-0.000225 -0.000225
-0.0002 -0.0002
-0.000175 -0.000175
-0.00015 -0.00015
-0.000125 -0.000125
-0.0001 -0.0001
-7.5e-05 -7.5e-05
-5e-05 -5e-05
-2.5e-05 -2.5e-05
-6.09864e-20 -6.09864e-20
2.5e-05 2.5e-05
5e-05 5e-05
7.5e-05 7.5e-05
0.0001 0.0001
0.000125 0.000125
0.00015 0.00015
0.000175 0.000175
0.0002 0.0002
0.000225 0.000225
0.00025 0.00025
0.000275 0.000275
0.0003 0.0003
0.000325 0.000325
0.00035 0.00035
0.000375 0.000375
0.00035 0.00035
0.000325 0.000325
0.0003 0.0003
0.000275 0.000275
0.00025 0.00025
0.000225 0.000225
0.0002 0.0002
0.000175 0.000175
0.00015 0.00015
0.000125 0.000125
0.0001 0.0001
7.5e-05 7.5e-05
5e-05 5e-05
2.5e-05 2.5e-05
-4.74338e-20 -4.74338e-20
-2.5e-05 -2.5e-05
-5e-05 -5e-05
-7.5e-05 -7.5e-05
-0.0001 -0.0001
-0.000125 -0.000125
-0.00015 -0.00015
-0.000175 -0.000175
-0.0002 -0.0002
-0.000225 -0.000225
-0.00025 -0.00025
-0.000275 -0.000275
-0.0003 -0.0003
-0.000325 -0.000325
-0.00035 -0.00035
-0.000375 -0.000375
-0.0004 -0.0004
-0.000425 -0.000425
-0.00045 -0.00045
-0.000475 -0.000475
-0.0005 -0.0005
-0.000525 -0.000525
-0.00055 -0.00055
-0.000575 -0.000575
-0.0006 -0.0006
-0.000625 -0.000625
-0.00065 -0.00065
-0.000675 -0.000675
-0.0007 -0.0007
-0.000725 -0.000725
-0.00075 -0.00075
-0.000775 -0.000775
-0.0008 -0.0008
-0.000825 -0.000825
-0.00085 -0.00085
-0.00087608 -0.000875
-0.000902473 -0.0009
-0.000928866 -0.000925
-0.00095526 -0.00095
-0.000981653 -0.000975
-0.00100805 -0.001
-0.00103444 -0.001025
-0.00106083 -0.00105
-0.00108723 -0.001075
-0.00111362 -0.0011
-0.00114001 -0.001125
-0.0011664 -0.00115
-0.0011928 -0.001175
-0.00121919 -0.0012
-0.00124558 -0.001225
-0.00127198 -0.00125
-0.00129837 -0.001275
-0.00132476 -0.0013
-0.00135116 -0.001325
-0.00137755 -0.00135
-0.00140394 -0.001375
-0.00143034 -0.0014
-0.00145673 -0.001425
-0.00148312 -0.00145
-0.00150952 -0.001475
-0.00153591 -0.0015
-0.0015623 -0.001525
-0.00158869 -0.00155
-0.00161509 -0.001575
-0.00164148 -0.0016
-0.00166787 -0.001625
-0.00169427 -0.00165
-0.00172066 -0.001675
-0.00174705 -0.0017
-0.00177345 -0.001725
-0.00179984 -0.00175
-0.00182623 -0.001775
-0.00185263 -0.0018
-0.00187902 -0.001825
-0.00190541 -0.00185
-0.00193181 -0.001875
-0.0019582 -0.0019
-0.00198459 -0.001925
-0.00201098 -0.00195
-0.00203738 -0.001975
-0.00206377 -0.002
-0.00209016 -0.002025
-0.00211656 -0.00205
-0.00214295 -0.002075
-0.00216934 -0.0021
-0.00219574 -0.002125
-0.00222213 -0.00215
-0.00224852 -0.002175
-0.00227492 -0.0022
-0.00230131 -0.002225
-0.0023277 -0.00225
-0.0023541 -0.002275
-0.00238049 -0.0023
-0.00240688 -0.002325
-0.00243327 -0.00235
-0.00245967 -0.002375
-0.00248606 -0.0024
-0.00251245 -0.002425
-0.00253885 -0.00245
-0.00256524 -0.002475
-0.00259163 -0.0025
-0.00261803 -0.002525
-0.00264442 -0.00255
-0.00267081 -0.002575
-0.00269721 -0.0026
-0.0027236 -0.002625
-0.00274999 -0.00265
-0.00277639 -0.002675
-0.00280278 -0.0027
-0.00282917 -0.002725
-0.00285557 -0.00275
-0.00288196 -0.002775
-0.00290835 -0.0028
-0.00293474 -0.002825
-0.00296114 -0.00285
-0.00298753 -0.002875
-0.00301392 -0.0029
-0.00304032 -0.002925
-0.00306671 -0.00295
-0.0030931 -0.002975
-0.0031195 -0.003
-0.00314589 -0.003025
-0.00317228 -0.00305
-0.00319868 -0.003075
-0.00322507 -0.0031
-0.00325146 -0.003125
-0.00327786 -0.00315
-0.00330425 -0.003175
-0.00333064 -0.0032
-0.00335703 -0.003225
-0.00338343 -0.00325
-0.00340982 -0.003275
-0.00343621 -0.0033
-0.00346261 -0.003325
-0.003489 -0.00335
-0.00351539 -0.003375
-0.00354179 -0.0034
-0.00356818 -0.003425
-0.00359457 -0.00345
-0.00362097 -0.003475
-0.00364736 -0.0035
-0.00367375 -0.003525
-0.00370015 -0.00355
-0.00372654 -0.003575
-0.00375293 -0.0036
-0.00377932 -0.003625
-0.00380572 -0.00365
-0.00383211 -0.003675
-0.0038585 -0.0037
-0.0038849 -0.003725
-0.00391129 -0.00375
-0.00393537 -0.003775
-0.00395945 -0.0038
-0.00398353 -0.003825
-0.0040076 -0.00385
-0.00403168 -0.003875
-0.00405576 -0.0039
-0.00407984 -0.003925
-0.00410392 -0.00395
-0.004128 -0.003975
-0.00415207 -0.004
-0.00417615 -0.004025
-0.00420023 -0.00405
-0.00422431 -0.004075
-0.00424839 -0.0041
-0.00427247 -0.004125
-0.00429654 -0.00415
-0.00432062 -0.004175
-0.0043447 -0.0042
-0.00436878 -0.004225
-0.00439286 -0.00425
-0.00441694 -0.004275
-0.00444101 -0.0043
-0.00446509 -0.004325
-0.00448917 -0.00435
-0.00451325 -0.004375
-0.00453733 -0.0044
-0.00456141 -0.004425
-0.00458548 -0.00445
-0.00460956 -0.004475
-0.00463364 -0.0045
-0.00465772 -0.004525
-0.0046818 -0.00455
-0.00470588 -0.004575
-0.00472995 -0.0046
-0.00475403 -0.004625
-0.00477811 -0.00465
-0.00480219 -0.004675
-0.00482627 -0.0047
-0.00485035 -0.004725
-0.00487442 -0.00475
-0.0048985 -0.004775
-0.00492258 -0.0048
-0.00494666 -0.004825
-0.00497074 -0.00485
-0.00499482 -0.004875
-0.00501889 -0.0049
-0.00504297 -0.004925
-0.00506705 -0.00495
-0.00509113 -0.004975
-0.00511521 -0.005
-0.00508676 -0.004975
-0.00505831 -0.00495
-0.00502986 -0.004925
-0.00500141 -0.0049
-0.00497297 -0.004875
-0.00494452 -0.00485
-0.00491607 -0.004825
-0.00488762 -0.0048
-0.00485917 -0.004775
-0.00483072 -0.00475
-0.00480228 -0.004725
-0.00477383 -0.0047
-0.00474538 -0.004675
-0.00471693 -0.00465
-0.00468848 -0.004625
-0.00466003 -0.0046
-0.00463159 -0.004575
-0.00460314 -0.00455
-0.00457517 -0.004525
-0.00454973 -0.0045
-0.00452428 -0.004475
-0.00449884 -0.00445
-0.00447339 -0.004425
-0.00444795 -0.0044
-0.0044225 -0.004375
-0.00439706 -0.00435
-0.00437161 -0.004325
-0.00434617 -0.0043
-0.00432072 -0.004275
-0.00429528 -0.00425
-0.00426983 -0.004225
-0.00424439 -0.0042
-0.00421894 -0.004175
-0.0041935 -0.00415
-0.00416805 -0.004125
-0.00414261 -0.0041
-0.00411716 -0.004075
-0.00409172 -0.00405
-0.00406627 -0.004025
-0.00404083 -0.004
-0.00401538 -0.003975
-0.00398994 -0.00395
-0.00396449 -0.003925
-0.00393905 -0.0039
-0.0039136 -0.003875
-0.00388816 -0.00385
-0.00386271 -0.003825
-0.00383727 -0.0038
-0.00381182 -0.003775
-0.00378638 -0.00375
-0.00376093 -0.003725
-0.00373549 -0.0037
-0.00371004 -0.003675
-0.0036846 -0.00365
-0.00365915 -0.003625
-0.0036337 -0.0036
-0.00360826 -0.003575
-0.00358281 -0.00355
-0.00355737 -0.003525
-0.00353192 -0.0035
-0.00350648 -0.003475
-0.00348103 -0.00345
-0.00345559 -0.003425
-0.00343014 -0.0034
-0.0034047 -0.003375
-0.00337925 -0.00335
-0.00335381 -0.003325
-0.00332836 -0.0033
-0.00330292 -0.003275
-0.00327747 -0.00325
-0.00325203 -0.003225
-0.00322658 -0.0032
-0.00320114 -0.003175
-0.00317569 -0.00315
-0.00315025 -0.003125
-0.0031248 -0.0031
-0.00309936 -0.003075
-0.00307391 -0.00305
-0.00304847 -0.003025
-0.00302302 -0.003
-0.00299758 -0.002975
-0.00297213 -0.00295
-0.00294669 -0.002925
-0.00292124 -0.0029
-0.0028958 -0.002875
-0.00287035 -0.00285
-0.00284491 -0.002825
-0.00281946 -0.0028
-0.00279402 -0.002775
-0.00276857 -0.00275
-0.00274313 -0.002725
-0.00271768 -0.0027
-0.00269224 -0.002675
-0.00266679 -0.00265
-0.00264135 -0.002625
-0.0026159 -0.0026
-0.00259046 -0.002575
-0.00256501 -0.00255
-0.00253957 -0.002525
-0.00251412 -0.0025
-0.00248868 -0.002475
-0.00246323 -0.00245
-0.00243779 -0.002425
-0.00241234 -0.0024
-0.0023869 -0.002375
-0.00236145 -0.00235
-0.00233601 -0.002325
-0.00231056 -0.0023
-0.00228512 -0.002275
-0.00225967 -0.00225
-0.00223423 -0.002225
-0.00220878 -0.0022
-0.00218334 -0.002175
-0.00215789 -0.00215
-0.00213245 -0.002125
-0.002107 -0.0021
-0.00208156 -0.002075
-0.00205611 -0.00205
-0.00203066 -0.002025
-0.00200522 -0.002
-0.00197977 -0.001975
-0.00195433 -0.00195
-0.00192888 -0.001925
-0.00190344 -0.0019
-0.00187799 -0.001875
-0.00185255 -0.00185
-0.0018271 -0.001825
-0.00180166 -0.0018
-0.00177621 -0.001775
-0.00175077 -0.00175
-0.00172532 -0.001725
-0.0017 -0.0017
-0.001675 -0.001675
-0.00165 -0.00165
-0.001625 -0.001625
-0.0016 -0.0016
-0.001575 -0.001575
-0.00155 -0.00155
-0.001525 -0.001525
-0.0015 -0.0015
-0.001475 -0.001475
-0.00145 -0.00145
-0.001425 -0.001425
-0.0014 -0.0014
-0.001375 -0.001375
-0.00135 -0.00135
-0.001325 -0.001325
-0.0013 -0.0013
-0.001275 -0.001275
-0.00125 -0.00125
-0.001225 -0.001225
-0.0012 -0.0012
-0.001175 -0.001175
-0.00115 -0.00115
-0.001125 -0.001125
-0.0011 -0.0011
-0.001075 -0.001075
-0.00105 -0.00105
-0.001025 -0.001025
-0.001 -0.001
-0.000975 -0.000975
-0.00095 -0.00095
-0.000925 -0.000925
-0.0009 -0.0009
-0.000875 -0.000875
-0.00085 -0.00085
-0.000825 -0.000825
-0.0008 -0.0008
-0.000775 -0.000775
-0.00075 -0.00075
-0.000725 -0.000725
-0.0007 -0.0007
-0.000675 -0.000675
-0.00065 -0.00065
-0.000625 -0.000625
-0.0006 -0.0006
-0.000575 -0.000575
-0.00055 -0.00055
-0.000525 -0.000525
-0.0005 -0.0005
-0.000475 -0.000475
-0.00045 -0.00045
-0.000425 -0.000425
-0.0004 -0.0004
-0.000375 -0.000375
-0.00035 -0.00035
-0.000325 -0.000325
-0.0003 -0.0003
-0.000275 -0.000275
-0.00025 -0.00025
-0.000225 -0.000225
-0.0002 -0.0002
-0.000175 -0.000175
-0.00015 -0.00015
-0.000125 -0.000125
-0.0001 -0.0001
-7.5e-05 -7.5e-05
-5e-05 -5e-05
-2.5e-05 -2.5e-05
-6.09864e-20 -6.09864e-20
2.5e-05 2.5e-05
5e-05 5e-05
7.5e-05 7.5e-05
0.0001 0.0001
0.000125 0.000125
0.00015 0.00015
0.000175 0.000175
0.0002 0.0002
0.000225 0.000225
0.00025 0.00025
0.000275 0.000275
0.0003 0.0003
0.000325 0.000325
0.00035 0.00035
0.000375 0.000375
0.0004 0.0004
0.000425 0.000425
0.00045 0.00045
0.000475 0.000475
0.0005 0.0005
0.000475 0.000475
0.00045 0.00045
0.000425 0.000425
0.0004 0.0004
0.000375 0.000375
0.00035 0.00035
0.000325 0.000325
0.0003 0.0003
0.000275 0.000275
0.00025 0.00025
0.000225 0.000225
0.0002 0.0002
0.000175 0.000175
0.00015 0.00015
0.000125 0.000125
0.0001 0.0001
7.5e-05 7.5e-05
5e-05 5e-05
2.5e-05 2.5e-05
-4.74338e-20 -4.74338e-20
-2.5e-05 -2.5e-05
-5e-05 -5e-05
-7.5e-05 -7.5e-05
-0.0001 -0.0001
-0.000125 -0.000125
-0.00015 -0.00015
-0.000175 -0.000175
-0.0002 -0.0002
-0.000225 -0.000225
-0.00025 -0.00025
-0.000275 -0.000275
-0.0003 -0.0003
-0.000325 -0.000325
-0.00035 -0.00035
-0.000375 -0.000375
-0.0004 -0.0004
-0.000425 -0.000425
-0.00045 -0.00045
-0.000475 -0.000475
-0.0005 -0.0005
-0.000525 -0.000525
-0.00055 -0.00055
-0.000575 -0.000575
-0.0006 -0.0006
-0.000625 -0.000625
-0.00065 -0.00065
-0.000675 -0.000675
-0.0007 -0.0007
-0.000725 -0.000725
-0.00075 -0.00075
-0.000775 -0.000775
-0.0008 -0.0008
-0.000825 -0.000825
-0.00085 -0.00085
-0.000875 -0.000875
-0.0009 -0.0009
-0.000925 -0.000925
-0.00095 -0.00095
-0.000975 -0.000975
-0.001 -0.001
-0.001025 -0.001025
-0.00105 -0.00105
-0.001075 -0.001075
-0.0011 -0.0011
-0.001125 -0.001125
-0.00115 -0.00115
-0.001175 -0.001175
-0.0012 -0.0012
-0.001225 -0.001225
-0.00125 -0.00125
-0.001275 -0.001275
-0.0013 -0.0013
-0.001325 -0.001325
-0.00135 -0.00135
-0.001375 -0.001375
-0.0014 -0.0014
-0.001425 -0.001425
-0.00145 -0.00145
-0.001475 -0.001475
-0.0015 -0.0015
-0.001525 -0.001525
-0.00155 -0.00155
-0.001575 -0.001575
-0.0016 -0.0016
-0.001625 -0.001625
-0.00165 -0.00165
-0.001675 -0.001675
-0.0017 -0.0017
-0.00172564 -0.001725
-0.00175151 -0.00175
-0.00177739 -0.001775
-0.00180326 -0.0018
-0.00182914 -0.001825
-0.00185501 -0.00185
-0.00188088 -0.001875
-0.00190676 -0.0019
-0.00193263 -0.001925
-0.00195851 -0.00195
-0.00198438 -0.001975
-0.00201026 -0.002
-0.00203613 -0.002025
-0.00206201 -0.00205
-0.00208788 -0.002075
-0.00211376 -0.0021
-0.00213963 -0.002125
-0.0021655 -0.00215
-0.00219138 -0.002175
-0.00221725 -0.0022
-0.00224313 -0.002225
-0.002269 -0.00225
-0.00229488 -0.002275
-0.00232075 -0.0023
-0.00234663 -0.002325
-0.0023725 -0.00235
-0.00239838 -0.002375
-0.00242425 -0.0024
-0.00245013 -0.002425
-0.002476 -0.00245
-0.00250187 -0.002475
-0.00252775 -0.0025
-0.00255362 -0.002525
-0.0025795 -0.00255
-0.00260537 -0.002575
-0.00263125 -0.0026
-0.00265712 -0.002625
-0.002683 -0.00265
-0.00270887 -0.002675
-0.00273475 -0.0027
-0.00276062 -0.002725
-0.00278649 -0.00275
-0.00281237 -0.002775
-0.00283824 -0.0028
-0.00286412 -0.002825
-0.00288999 -0.00285
-0.00291587 -0.002875
-0.00294174 -0.0029
-0.00296762 -0.002925
-0.00299349 -0.00295
-0.00301937 -0.002975
-0.00304524 -0.003
-0.00307112 -0.003025
-0.00309699 -0.00305
-0.00312286 -0.003075
-0.00314874 -0.0031
-0.00317461 -0.003125
-0.00320049 -0.00315
-0.00322636 -0.003175
-0.00325224 -0.0032
-0.00327811 -0.003225
-0.00330399 -0.00325
-0.00332986 -0.003275
-0.00335574 -0.0033
-0.00338161 -0.003325
-0.00340748 -0.00335
-0.00343336 -0.003375
-0.00345923 -0.0034
-0.00348511 -0.003425
-0.00351098 -0.00345
-0.00353686 -0.003475
-0.00356273 -0.0035
-0.00358861 -0.003525
-0.00361448 -0.00355
-0.00364036 -0.003575
-0.00366623 -0.0036
-0.00369211 -0.003625
-0.00371798 -0.00365
-0.00374385 -0.003675
-0.00376973 -0.0037
-0.0037956 -0.003725
-0.00382148 -0.00375
-0.00384735 -0.003775
-0.00387323 -0.0038
-0.0038991 -0.003825
-0.00392498 -0.00385
-0.00395085 -0.003875
-0.00397673 -0.0039
-0.0040026 -0.003925
-0.00402847 -0.00395
-0.00405435 -0.003975
-0.00408022 -0.004
-0.0041061 -0.004025
-0.00413197 -0.00405
-0.00415785 -0.004075
-0.00418372 -0.0041
-0.0042096 -0.004125
-0.00423547 -0.00415
-0.00426135 -0.004175
-0.00428722 -0.0042
-0.0043131 -0.004225
-0.00433897 -0.00425
-0.00436484 -0.004275
-0.00439072 -0.0043
-0.00441659 -0.004325
-0.00444247 -0.00435
-0.00446834 -0.004375
-0.00449422 -0.0044
-0.00452009 -0.004425
-0.00454597 -0.00445
-0.00457184 -0.004475
-0.00459772 -0.0045
-0.00462359 -0.004525
-0.00464946 -0.00455
-0.00467534 -0.004575
-0.00470121 -0.0046
-0.00472709 -0.004625
-0.00475296 -0.00465
-0.00477884 -0.004675
-0.00480471 -0.0047
-0.00483059 -0.004725
-0.00485646 -0.00475
-0.00488234 -0.004775
-0.00490821 -0.0048
-0.00493409 -0.004825
-0.00495996 -0.00485
-0.00498583 -0.004875
-0.00501171 -0.0049
-0.00503758 -0.004925
-0.00506346 -0.00495
-0.00508933 -0.004975
-0.00511521 -0.005
-0.00513929 -0.005025
-0.00516336 -0.00505
-0.00518744 -0.005075
-0.00521152 -0.0051
-0.0052356 -0.005125
-0.00525968 -0.00515
-0.00528376 -0.005175
-0.00530783 -0.0052
-0.00533191 -0.005225
-0.00535599 -0.00525
-0.00538007 -0.005275
-0.00540415 -0.0053
-0.00542823 -0.005325
-0.0054523 -0.00535
-0.00547638 -0.005375
-0.00550046 -0.0054
-0.00552454 -0.005425
-0.00554862 -0.00545
-0.0055727 -0.005475
-0.00559677 -0.0055
-0.00562085 -0.005525
-0.00564493 -0.00555
-0.00566901 -0.005575
-0.00569309 -0.0056
-0.00571717 -0.005625
-0.00574124 -0.00565
-0.00576532 -0.005675
-0.0057894 -0.0057
-0.00581348 -0.005725
-0.00583756 -0.00575
-0.00586164 -0.005775
-0.00588571 -0.0058
-0.00590979 -0.005825
-0.00593387 -0.00585
-0.00595795 -0.005875
-0.00598203 -0.0059
-0.00600611 -0.005925
-0.00603018 -0.00595
-0.00605426 -0.005975
-0.00607834 -0.006
-0.00610242 -0.006025
-0.0061265 -0.00605
-0.00615058 -0.006075
-0.00617465 -0.0061
-0.00619873 -0.006125
-0.00622281 -0.00615
-0.00624689 -0.006175
-0.00627097 -0.0062
-0.00629505 -0.006225
-0.00631912 -0.00625
-0.00629068 -0.006225
-0.00626223 -0.0062
-0.00623378 -0.006175
-0.00620533 -0.00615
-0.00617688 -0.006125
-0.00614843 -0.0061
-0.00611999 -0.006075
-0.00609154 -0.00605
-0.00606309 -0.006025
-0.00603464 -0.006
-0.00600691 -0.005975
-0.00598163 -0.00595
-0.00595636 -0.005925
-0.00593108 -0.0059
-0.0059058 -0.005875
-0.00588053 -0.00585
-0.00585525 -0.005825
-0.00582998 -0.0058
-0.0058047 -0.005775
-0.00577943 -0.00575
-0.00575415 -0.005725
-0.00572887 -0.0057
-0.0057036 -0.005675
-0.00567832 -0.00565
-0.00565305 -0.005625
-0.00562777 -0.0056
-0.00560249 -0.005575
-0.00557722 -0.00555
-0.00555194 -0.005525
-0.00552667 -0.0055
-0.00550139 -0.005475
-0.00547611 -0.00545
-0.00545084 -0.005425
-0.00542556 -0.0054
-0.00540029 -0.005375
-0.00537501 -0.00535
-0.00534973 -0.005325
-0.00532446 -0.0053
-0.00529918 -0.005275
-0.00527391 -0.00525
-0.00524863 -0.005225
-0.00522335 -0.0052
-0.00519808 -0.005175
-0.0051728 -0.00515
-0.00514753 -0.005125
-0.00512225 -0.0051
-0.00509697 -0.005075
-0.0050717 -0.00505
-0.00504642 -0.005025
-0.00502115 -0.005
-0.00499587 -0.004975
-0.0049706 -0.00495
-0.00494532 -0.004925
-0.00492004 -0.0049
-0.00489477 -0.004875
-0.00486949 -0.00485
-0.00484422 -0.004825
-0.00481894 -0.0048
-0.00479366 -0.004775
-0.00476839 -0.00475
-0.00474311 -0.004725
-0.00471784 -0.0047
-0.00469256 -0.004675
-0.00466728 -0.00465
-0.00464201 -0.004625
-0.00461673 -0.0046
-0.00459146 -0.004575
-0.00456618 -0.00455
-0.0045409 -0.004525
-0.00451563 -0.0045
-0.00449035 -0.004475
-0.00446508 -0.00445
-0.0044398 -0.004425
-0.00441452 -0.0044
-0.00438925 -0.004375
-0.00436397 -0.00435
-0.0043387 -0.004325
-0.00431342 -0.0043
-0.00428814 -0.004275
-0.00426287 -0.00425
-0.00423759 -0.004225
-0.00421232 -0.0042
-0.00418704 -0.004175
-0.00416177 -0.00415
-0.00413649 -0.004125
-0.00411121 -0.0041
-0.00408594 -0.004075
-0.00406066 -0.00405
-0.00403539 -0.004025
-0.00401011 -0.004
-0.00398483 -0.003975
-0.00395956 -0.00395
-0.00393428 -0.003925
-0.00390901 -0.0039
-0.00388373 -0.003875
-0.00385845 -0.00385
-0.00383318 -0.003825
-0.0038079 -0.0038
-0.00378263 -0.003775
-0.00375735 -0.00375
-0.00373207 -0.003725
-0.0037068 -0.0037
-0.00368152 -0.003675
-0.00365625 -0.00365
-0.00363097 -0.003625
-0.00360569 -0.0036
-0.00358042 -0.003575
-0.00355514 -0.00355
-0.00352987 -0.003525
-0.00350459 -0.0035
-0.00347932 -0.003475
-0.00345404 -0.00345
-0.00342876 -0.003425
-0.00340349 -0.0034
-0.00337821 -0.003375
-0.00335294 -0.00335
-0.00332766 -0.003325
-0.00330238 -0.0033
-0.00327711 -0.003275
-0.00325183 -0.00325
-0.00322656 -0.003225
-0.00320128 -0.0032
-0.003176 -0.003175
-0.00315073 -0.00315
-0.00312545 -0.003125
-0.00310018 -0.0031
-0.003075 -0.003075
-0.00305 -0.00305
-0.003025 -0.003025
-0.003 -0.003
-0.002975 -0.002975
-0.00295 -0.00295
-0.002925 -0.002925
-0.0029 -0.0029
-0.002875 -0.002875
-0.00285 -0.00285
-0.002825 -0.002825
-0.0028 -0.0028
-0.002775 -0.002775
-0.00275 -0.00275
-0.002725 -0.002725
-0.0027 -0.0027
-0.002675 -0.002675
-0.00265 -0.00265
-0.002625 -0.002625
-0.0026 -0.0026
-0.002575 -0.002575
-0.00255 -0.00255
-0.002525 -0.002525
-0.0025 -0.0025
-0.002475 -0.002475
-0.00245 -0.00245
-0.002425 -0.002425
-0.0024 -0.0024
-0.002375 -0.002375
-0.00235 -0.00235
-0.002325 -0.002325
-0.0023 -0.0023
-0.002275 -0.002275
-0.00225 -0.00225
-0.002225 -0.002225
-0.0022 -0.0022
-0.002175 -0.002175
-0.00215 -0.00215
-0.002125 -0.002125
-0.0021 -0.0021
-0.002075 -0.002075
-0.00205 -0.00205
-0.002025 -0.002025
-0.002 -0.002
-0.001975 -0.001975
-0.00195 -0.00195
-0.001925 -0.001925
-0.0019 -0.0019
-0.001875 -0.001875
-0.00185 -0.00185
-0.001825 -0.001825
-0.0018 -0.0018
-0.001775 -0.001775
-0.00175 -0.00175
-0.001725 -0.001725
-0.0017 -0.0017
-0.001675 -0.001675
-0.00165 -0.00165
-0.001625 -0.001625
-0.0016 -0.0016
-0.001575 -0.001575
-0.00155 -0.00155
-0.001525 -0.001525
-0.0015 -0.0015
-0.001475 -0.001475
-0.00145 -0.00145
-0.001425 -0.001425
-0.0014 -0.0014
-0.001375 -0.001375
-0.00135 -0.00135
-0.001325 -0.001325
-0.0013 -0.0013
-0.001275 -0.001275
-0.00125 -0.00125
-0.001225 -0.001225
-0.0012 -0.0012
-0.001175 -0.001175
-0.00115 -0.00115
-0.001125 -0.001125
-0.0011 -0.0011
-0.001075 -0.001075
-0.00105 -0.00105
-0.001025 -0.001025
-0.001 -0.001
-0.000975 -0.000975
-0.00095 -0.00095
-0.000925 -0.000925
-0.0009 -0.0009
-0.000875 -0.000875
-0.00085 -0.00085
-0.000825 -0.000825
-0.0008 -0.0008
-0.000775 -0.000775
-0.00075 -0.00075
-0.000725 -0.000725
-0.0007 -0.0007
-0.000675 -0.000675
-0.00065 -0.00065
-0.000625 -0.000625
-0.0006 -0.0006
-0.000575 -0.000575
-0.00055 -0.00055
-0.000525 -0.000525
-0.0005 -0.0005
-0.000475 -0.000475
-0.00045 -0.00045
-0.000425 -0.000425
-0.0004 -0.0004
-0.000375 -0.000375
-0.00035 -0.00035
-0.000325 -0.000325
-0.0003 -0.0003
-0.000275 -0.000275
-0.00025 -0.00025
-0.000225 -0.000225
-0.0002 -0.0002
-0.000175 -0.000175
-0.00015 -0.00015
-0.000125 -0.000125
-0.0001 -0.0001
-7.5e-05 -7.5e-05
-5e-05 -5e-05
-2.5e-05 -2.5e-05
-6.09864e-20 -6.09864e-20
2.5e-05 2.5e-05
5e-05 5e-05
7.5e-05 7.5e-05
0.0001 0.0001
0.000125 0.000125
0.00015 0.00015
0.000175 0.000175
0.0002 0.0002
0.000225 0.000225
0.00025 0.00025
0.000275 0.000275
0.0003 0.0003
0.000325 0.000325
0.00035 0.00035
0.000375 0.000375
0.0004 0.0004
0.000425 0.000425
0.00045 0.00045
0.000475 0.000475
0.0005 0.0005
0.000525 0.000525
0.00055 0.00055
0.000575 0.000575
0.0006 0.0006
0.000625 0.000625
0.0006 0.0006
0.000575 0.000575
0.00055 0.00055
0.000525 0.000525
0.0005 0.0005
0.000475 0.000475
0.00045 0.00045
0.000425 0.000425
0.0004 0.0004
0.000375 0.000375
0.00035 0.00035
0.000325 0.000325
0.0003 0.0003
0.000275 0.000275
0.00025 0.00025
0.000225 0.000225
0.0002 0.0002
0.000175 0.000175
0.00015 0.00015
0.000125 0.000125
0.0001 0.0001
7.5e-05 7.5e-05
5e-05 5e-05
2.5e-05 2.5e-05
-4.74338e-20 -4.74338e-20
-2.5e-05 -2.5e-05
-5e-05 -5e-05
-7.5e-05 -7.5e-05
-0.0001 -0.0001
-0.000125 -0.000125
-0.00015 -0.00015
-0.000175 -0.000175
-0.0002 -0.0002
-0.000225 -0.000225
-0.00025 -0.00025
-0.000275 -0.000275
-0.0003 -0.0003
-0.000325 -0.000325
-0.00035 -0.00035
-0.000375 -0.000375
-0.0004 -0.0004
-0.000425 -0.000425
-0.00045 -0.00045
-0.000475 -0.000475
-0.0005 -0.0005
-0.000525 -0.000525
-0.00055 -0.00055
-0.000575 -0.000575
-0.0006 -0.0006
-0.000625 -0.000625
-0.00065 -0.00065
-0.000675 -0.000675
-0.0007 -0.0007
-0.000725 -0.000725
-0.00075 -0.00075
-0.000775 -0.000775
-0.0008 -0.0008
-0.000825 -0.000825
-0.00085 -0.00085
-0.000875 -0.000875
-0.0009 -0.0009
-0.000925 -0.000925
-0.00095 -0.00095
-0.000975 -0.000975
-0.001 -0.001
-0.001025 -0.001025
-0.00105 -0.00105
-0.001075 -0.001075
-0.0011 -0.0011
-0.001125 -0.001125
-0.00115 -0.00115
-0.001175 -0.001175
-0.0012 -0.0012
-0.001225 -0.001225
-0.00125 -0.00125
-0.001275 -0.001275
-0.0013 -0.0013
-0.001325 -0.001325
-0.00135 -0.00135
-0.001375 -0.001375
-0.0014 -0.0014
-0.001425 -0.001425
-0.00145 -0.00145
-0.001475 -0.001475
-0.0015 -0.0015
-0.001525 -0.001525
-0.00155 -0.00155
-0.001575 -0.001575
-0.0016 -0.0016
-0.001625 -0.001625
-0.00165 -0.00165
-0.001675 -0.001675
-0.0017 -0.0017
-0.001725 -0.001725
-0.00175 -0.00175
-0.001775 -0.001775
-0.0018 -0.0018
-0.001825 -0.001825
-0.00185 -0.00185
-0.001875 -0.001875
-0.0019 -0.0019
-0.001925 -0.001925
-0.00195 -0.00195
-0.001975 -0.001975
-0.002 -0.002
-0.002025 -0.002025
-0.00205 -0.00205
-0.002075 -0.002075
-0.0021 -0.0021
-0.002125 -0.002125
-0.00215 -0.00215
-0.002175 -0.002175
-0.0022 -0.0022
-0.002225 -0.002225
-0.00225 -0.00225
-0.002275 -0.002275
-0.0023 -0.0023
-0.002325 -0.002325
-0.00235 -0.00235
-0.002375 -0.002375
-0.0024 -0.0024
-0.002425 -0.002425
-0.00245 -0.00245
-0.002475 -0.002475
-0.0025 -0.0025
-0.002525 -0.002525
-0.00255 -0.00255
-0.002575 -0.002575
-0.0026 -0.0026
-0.002625 -0.002625
-0.00265 -0.00265
-0.002675 -0.002675
-0.0027 -0.0027
-0.002725 -0.002725
-0.00275 -0.00275
-0.002775 -0.002775
-0.0028 -0.0028
-0.002825 -0.002825
-0.00285 -0.00285
-0.002875 -0.002875
-0.0029 -0.0029
-0.002925 -0.002925
-0.00295 -0.00295
-0.002975 -0.002975
-0.003 -0.003
-0.003025 -0.003025
-0.00305 -0.00305
-0.003075 -0.003075
-0.00310035 -0.0031
-0.00312589 -0.003125
-0.00315144 -0.00315
-0.00317699 -0.003175
-0.00320253 -0.0032
-0.00322808 -0.003225
-0.00325362 -0.00325
-0.00327917 -0.003275
-0.00330471 -0.0033
-0.00333026 -0.003325
-0.00335581 -0.00335
-0.00338135 -0.003375
-0.0034069 -0.0034
-0.00343244 -0.003425
-0.00345799 -0.00345
-0.00348354 -0.003475
-0.00350908 -0.0035
-0.00353463 -0.003525
-0.00356017 -0.00355
-0.00358572 -0.003575
-0.00361127 -0.0036
-0.00363681 -0.003625
-0.00366236 -0.00365
-0.0036879 -0.003675
-0.00371345 -0.0037
-0.00373899 -0.003725
-0.00376454 -0.00375
-0.00379009 -0.003775
-0.00381563 -0.0038
-0.00384118 -0.003825
-0.00386672 -0.00385
-0.00389227 -0.003875
-0.00391782 -0.0039
-0.00394336 -0.003925
-0.00396891 -0.00395
-0.00399445 -0.003975
-0.00402 -0.004
-0.00404554 -0.004025
-0.00407109 -0.00405
-0.00409664 -0.004075
-0.00412218 -0.0041
-0.00414773 -0.004125
-0.00417327 -0.00415
-0.00419882 -0.004175
-0.00422437 -0.0042
-0.00424991 -0.004225
-0.00427546 -0.00425
-0.004301 -0.004275
-0.00432655 -0.0043
-0.00435209 -0.004325
-0.00437764 -0.00435
-0.00440319 -0.004375
-0.00442873 -0.0044
-0.00445428 -0.004425
-0.00447982 -0.00445
-0.00450537 -0.004475
-0.00453092 -0.0045
-0.00455646 -0.004525
-0.00458201 -0.00455
-0.00460755 -0.004575
-0.0046331 -0.0046
-0.00465864 -0.004625
-0.00468419 -0.00465
-0.00470974 -0.004675
-0.00473528 -0.0047
-0.00476083 -0.004725
-0.00478637 -0.00475
-0.00481192 -0.004775
-0.00483747 -0.0048
-0.00486301 -0.004825
-0.00488856 -0.00485
-0.0049141 -0.004875
-0.00493965 -0.0049
-0.00496519 -0.004925
-0.00499074 -0.00495
-0.00501629 -0.004975
-0.00504183 -0.005
-0.00506738 -0.005025
-0.00509292 -0.00505
-0.00511847 -0.005075
-0.00514402 -0.0051
-0.00516956 -0.005125
-0.00519511 -0.00515
-0.00522065 -0.005175
-0.0052462 -0.0052
-0.00527174 -0.005225
-0.00529729 -0.00525
-0.00532284 -0.005275
-0.00534838 -0.0053
-0.00537393 -0.005325
-0.00539947 -0.00535
-0.00542502 -0.005375
-0.00545057 -0.0054
-0.00547611 -0.005425
-0.00550166 -0.00545
-0.0055272 -0.005475
-0.00555275 -0.0055
-0.00557829 -0.005525
-0.00560384 -0.00555
-0.00562939 -0.005575
-0.00565493 -0.0056
-0.00568048 -0.005625
-0.00570602 -0.00565
-0.00573157 -0.005675
-0.00575712 -0.0057
-0.00578266 -0.005725
-0.00580821 -0.00575
-0.00583375 -0.005775
-0.0058593 -0.0058
-0.00588485 -0.005825
-0.00591039 -0.00585
-0.00593594 -0.005875
-0.00596148 -0.0059
-0.00598703 -0.005925
-0.00601257 -0.00595
-0.00603812 -0.005975
-0.00606367 -0.006
-0.00608921 -0.006025
-0.00611476 -0.00605
-0.0061403 -0.006075
-0.00616585 -0.0061
-0.0061914 -0.006125
-0.00621694 -0.00615
-0.00624249 -0.006175
-0.00626803 -0.0062
-0.00629358 -0.006225
-0.00631912 -0.00625
-0.0063432 -0.006275
-0.00636728 -0.0063
-0.00639136 -0.006325
-0.00641544 -0.00635
-0.00643952 -0.006375
-0.00646359 -0.0064
-0.00648767 -0.006425
-0.00651175 -0.00645
-0.00653583 -0.006475
-0.00655991 -0.0065
-0.00658399 -0.006525
-0.00660806 -0.00655
-0.00663214 -0.006575
-0.00665622 -0.0066
-0.0066803 -0.006625
-0.00670438 -0.00665
-0.00672846 -0.006675
-0.00675253 -0.0067
-0.00677661 -0.006725
-0.00680069 -0.00675
-0.00682477 -0.006775
-0.00684885 -0.0068
-0.00687293 -0.006825
-0.006897 -0.00685
-0.00692108 -0.006875
-0.00694516 -0.0069
-0.00696924 -0.006925
-0.00699332 -0.00695
-0.0070174 -0.006975
-0.00704147 -0.007
-0.00706555 -0.007025
-0.00709 -0.00705
-0.007115 -0.007075
-0.00714 -0.0071
-0.007165 -0.007125
-0.00719 -0.00715
-0.007215 -0.007175
-0.00724 -0.0072
-0.007265 -0.007225
-0.00729 -0.00725
-0.007315 -0.007275
-0.00734 -0.0073
-0.007365 -0.007325
-0.00739 -0.00735
-0.007415 -0.007375
-0.00744 -0.0074
-0.007465 -0.007425
-0.00749 -0.00745
-0.007515 -0.007475
-0.00754 -0.0075
-0.00751155 -0.007475
-0.0074831 -0.00745
-0.00745466 -0.007425
-0.00742621 -0.0074
-0.00739776 -0.007375
-0.00736931 -0.00735
-0.00734384 -0.007325
-0.00731865 -0.0073
-0.00729347 -0.007275
-0.00726828 -0.00725
-0.00724309 -0.007225
-0.00721791 -0.0072
-0.00719272 -0.007175
-0.00716753 -0.00715
-0.00714234 -0.007125
-0.00711716 -0.0071
-0.00709197 -0.007075
-0.00706678 -0.00705
-0.0070416 -0.007025
-0.00701641 -0.007
-0.00699122 -0.006975
-0.00696603 -0.00695
-0.00694085 -0.006925
-0.00691566 -0.0069
-0.00689047 -0.006875
-0.00686529 -0.00685
-0.0068401 -0.006825
-0.00681491 -0.0068
-0.00678973 -0.006775
-0.00676454 -0.00675
-0.00673935 -0.006725
-0.00671416 -0.0067
-0.00668898 -0.006675
-0.00666379 -0.00665
-0.0066386 -0.006625
-0.00661342 -0.0066
-0.00658823 -0.006575
-0.00656304 -0.00655
-0.00653786 -0.006525
-0.00651267 -0.0065
-0.00648748 -0.006475
-0.00646229 -0.00645
-0.00643711 -0.006425
-0.00641192 -0.0064
-0.00638673 -0.006375
-0.00636155 -0.00635
-0.00633636 -0.006325
-0.00631117 -0.0063
-0.00628599 -0.006275
-0.0062608 -0.00625
-0.00623561 -0.006225
-0.00621042 -0.0062
-0.00618524 -0.006175
-0.00616005 -0.00615
-0.00613486 -0.006125
-0.00610968 -0.0061
-0.00608449 -0.006075
-0.0060593 -0.00605
-0.00603411 -0.006025
-0.00600893 -0.006
-0.00598374 -0.005975
-0.00595855 -0.00595
-0.00593337 -0.005925
-0.00590818 -0.0059
-0.00588299 -0.005875
-0.00585781 -0.00585
-0.00583262 -0.005825
-0.00580743 -0.0058
-0.00578224 -0.005775
-0.00575706 -0.00575
-0.00573187 -0.005725
-0.00570668 -0.0057
-0.0056815 -0.005675
-0.00565631 -0.00565
-0.00563112 -0.005625
-0.00560594 -0.0056
-0.00558075 -0.005575
-0.00555556 -0.00555
-0.00553037 -0.005525
-0.00550519 -0.0055
-0.00548 -0.005475
-0.00545481 -0.00545
-0.00542963 -0.005425
-0.00540444 -0.0054
-0.00537925 -0.005375
-0.00535406 -0.00535
-0.00532888 -0.005325
-0.00530369 -0.0053
-0.0052785 -0.005275
-0.00525332 -0.00525
-0.00522813 -0.005225
-0.00520294 -0.0052
-0.00517776 -0.005175
-0.00515257 -0.00515
-0.00512738 -0.005125
-0.00510219 -0.0051
-0.00507701 -0.005075
-0.00505182 -0.00505
-0.00502663 -0.005025
-0.00500145 -0.005
-0.00497626 -0.004975
-0.00495107 -0.00495
-0.00492589 -0.004925
-0.0049007 -0.0049
-0.00487551 -0.004875
-0.00485032 -0.00485
-0.00482514 -0.004825
-0.0048 -0.0048
-0.004775 -0.004775
-0.00475 -0.00475
-0.004725 -0.004725
-0.0047 -0.0047
-0.004675 -0.004675
-0.00465 -0.00465
-0.004625 -0.004625
-0.0046 -0.0046
-0.004575 -0.004575
-0.00455 -0.00455
-0.004525 -0.004525
-0.0045 -0.0045
-0.004475 -0.004475
-0.00445 -0.00445
-0.004425 -0.004425
-0.0044 -0.0044
-0.004375 -0.004375
-0.00435 -0.00435
-0.004325 -0.004325
-0.0043 -0.0043
-0.004275 -0.004275
-0.00425 -0.00425
-0.004225 -0.004225
-0.0042 -0.0042
-0.004175 -0.004175
-0.00415 -0.00415
-0.004125 -0.004125
-0.0041 -0.0041
-0.004075 -0.004075
-0.00405 -0.00405
-0.004025 -0.004025
-0.004 -0.004
-0.003975 -0.003975
-0.00395 -0.00395
-0.003925 -0.003925
-0.0039 -0.0039
-0.003875 -0.003875
-0.00385 -0.00385
-0.003825 -0.003825
-0.0038 -0.0038
-0.003775 -0.003775
-0.00375 -0.00375
-0.003725 -0.003725
-0.0037 -0.0037
-0.003675 -0.003675
-0.00365 -0.00365
-0.003625 -0.003625
-0.0036 -0.0036
-0.003575 -0.003575
-0.00355 -0.00355
-0.003525 -0.003525
-0.0035 -0.0035
-0.003475 -0.003475
-0.00345 -0.00345
-0.003425 -0.003425
-0.0034 -0.0034
-0.003375 -0.003375
-0.00335 -0.00335
-0.003325 -0.003325
-0.0033 -0.0033
-0.003275 -0.003275
-0.00325 -0.00325
-0.003225 -0.003225
-0.0032 -0.0032
-0.003175 -0.003175
-0.00315 -0.00315
-0.003125 -0.003125
-0.0031 -0.0031
-0.003075 -0.003075
-0.00305 -0.00305
-0.003025 -0.003025
-0.003 -0.003
-0.002975 -0.002975
-0.00295 -0.00295
-0.002925 -0.002925
-0.0029 -0.0029
-0.002875 -0.002875
-0.00285 -0.00285
-0.002825 -0.002825
-0.0028 -0.0028
-0.002775 -0.002775
-0.00275 -0.00275
-0.002725 -0.002725
-0.0027 -0.0027
-0.002675 -0.002675
-0.00265 -0.00265
-0.002625 -0.002625
-0.0026 -0.0026
-0.002575 -0.002575
-0.00255 -0.00255
-0.002525 -0.002525
-0.0025 -0.0025
-0.002475 -0.002475
-0.00245 -0.00245
-0.002425 -0.002425
-0.0024 -0.0024
-0.002375 -0.002375
-0.00235 -0.00235
-0.002325 -0.002325
-0.0023 -0.0023
-0.002275 -0.002275
-0.00225 -0.00225
-0.002225 -0.002225
-0.0022 -0.0022
-0.002175 -0.002175
-0.00215 -0.00215
-0.002125 -0.002125
-0.0021 -0.0021
-0.002075 -0.002075
-0.00205 -0.00205
-0.002025 -0.002025
-0.002 -0.002
-0.001975 -0.001975
-0.00195 -0.00195
-0.001925 -0.001925
-0.0019 -0.0019
-0.001875 -0.001875
-0.00185 -0.00185
-0.001825 -0.001825
-0.0018 -0.0018
-0.001775 -0.001775
-0.00175 -0.00175
-0.001725 -0.001725
-0.0017 -0.0017
-0.001675 -0.001675
-0.00165 -0.00165
-0.001625 -0.001625
-0.0016 -0.0016
-0.001575 -0.001575
-0.00155 -0.00155
-0.001525 -0.001525
-0.0015 -0.0015
-0.001475 -0.001475
-0.00145 -0.00145
-0.001425 -0.001425
-0.0014 -0.0014
-0.001375 -0.001375
-0.00135 -0.00135
-0.001325 -0.001325
-0.0013 -0.0013
-0.001275 -0.001275
-0.00125 -0.00125
-0.001225 -0.001225
-0.0012 -0.0012
-0.001175 -0.001175
-0.00115 -0.00115
-0.001125 -0.001125
-0.0011 -0.0011
-0.001075 -0.001075
-0.00105 -0.00105
-0.001025 -0.001025
-0.001 -0.001
-0.000975 -0.000975
-0.00095 -0.00095
-0.000925 -0.000925
-0.0009 -0.0009
-0.000875 -0.000875
-0.00085 -0.00085
-0.000825 -0.000825
-0.0008 -0.0008
-0.000775 -0.000775
-0.00075 -0.00075
-0.000725 -0.000725
-0.0007 -0.0007
-0.000675 -0.000675
-0.00065 -0.00065
-0.000625 -0.000625
-0.0006 -0.0006
-0.000575 -0.000575
-0.00055 -0.00055
-0.000525 -0.000525
-0.0005 -0.0005
-0.000475 -0.000475
-0.00045 -0.00045
-0.000425 -0.000425
-0.0004 -0.0004
-0.000375 -0.000375
-0.00035 -0.00035
-0.000325 -0.000325
-0.0003 -0.0003
-0.000275 -0.000275
-0.00025 -0.00025
-0.000225 -0.000225
-0.0002 -0.0002
-0.000175 -0.000175
-0.00015 -0.00015
-0.000125 -0.000125
-0.0001 -0.0001
-7.5e-05 -7.5e-05
-5e-05 -5e-05
-2.5e-05 -2.5e-05
-6.09864e-20 -6.09864e-20
2.5e-05 2.5e-05
5e-05 5e-05
7.5e-05 7.5e-05
0.0001 0.0001
0.000125 0.000125
0.00015 0.00015
0.000175 0.000175
0.0002 0.0002
0.000225 0.000225
0.00025 0.00025
0.000275 0.000275
0.0003 0.0003
0.000325 0.000325
0.00035 0.00035
0.000375 0.000375
0.0004 0.0004
0.000425 0.000425
0.00045 0.00045
0.000475 0.000475
0.0005 0.0005
0.000525 0.000525
0.00055 0.00055
0.000575 0.000575
0.0006 0.0006
0.000625 0.000625
0.00065 0.00065
0.000675 0.000675
0.0007 0.0007
0.000725 0.000725
0.00075 0.00075
0.000725 0.000725
0.0007 0.0007
0.000675 0.000675
0.00065 0.00065
0.000625 0.000625
0.0006 0.0006
0.000575 0.000575
0.00055 0.00055
0.000525 0.000525
0.0005 0.0005
0.000475 0.000475
0.00045 0.00045
0.000425 0.000425
0.0004 0.0004
0.000375 0.000375
0.00035 0.00035
0.000325 0.000325
0.0003 0.0003
0.000275 0.000275
0.00025 0.00025
0.000225 0.000225
0.0002 0.0002
0.000175 0.000175
0.00015 0.00015
0.000125 0.000125
0.0001 0.0001
7.5e-05 7.5e-05
5e-05 5e-05
2.5e-05 2.5e-05
-4.74338e-20 -4.74338e-20
-2.5e-05 -2.5e-05
-5e-05 -5e-05
-7.5e-05 -7.5e-05
-0.0001 -0.0001
-0.000125 -0.000125
-0.00015 -0.00015
-0.000175 -0.000175
-0.0002 -0.0002
-0.000225 -0.000225
-0.00025 -0.00025
-0.000275 -0.000275
-0.0003 -0.0003
-0.000325 -0.000325
-0.00035 -0.00035
-0.000375 -0.000375
-0.0004 -0.0004
-0.000425 -0.000425
-0.00045 -0.00045
-0.000475 -0.000475
-0.0005 -0.0005
-0.000525 -0.000525
-0.00055 -0.00055
-0.000575 -0.000575
-0.0006 -0.0006
-0.000625 -0.000625
-0.00065 -0.00065
-0.000675 -0.000675
-0.0007 -0.0007
-0.000725 -0.000725
-0.00075 -0.00075
-0.000775 -0.000775
-0.0008 -0.0008
-0.000825 -0.000825
-0.00085 -0.00085
-0.000875 -0.000875
-0.0009 -0.0009
-0.000925 -0.000925
-0.00095 -0.00095
-0.000975 -0.000975
-0.001 -0.001
-0.001025 -0.001025
-0.00105 -0.00105
-0.001075 -0.001075
-0.0011 -0.0011
-0.001125 -0.001125
-0.00115 -0.00115
-0.001175 -0.001175
-0.0012 -0.0012
-0.001225 -0.001225
-0.00125 -0.00125
-0.001275 -0.001275
-0.0013 -0.0013
-0.001325 -0.001325
-0.00135 -0.00135
-0.001375 -0.001375
-0.0014 -0.0014
-0.001425 -0.001425
-0.00145 -0.00145
-0.001475 -0.001475
-0.0015 -0.0015
-0.001525 -0.001525
-0.00155 -0.00155
-0.001575 -0.001575
-0.0016 -0.0016
-0.001625 -0.001625
-0.00165 -0.00165
-0.001675 -0.001675
-0.0017 -0.0017
-0.001725 -0.001725
-0.00175 -0.00175
-0.001775 -0.001775
-0.0018 -0.0018
-0.001825 -0.001825
-0.00185 -0.00185
-0.001875 -0.001875
-0.0019 -0.0019
-0.001925 -0.001925
-0.00195 -0.00195
-0.001975 -0.001975
-0.002 -0.002
-0.002025 -0.002025
-0.00205 -0.00205
-0.002075 -0.002075
-0.0021 -0.0021
-0.002125 -0.002125
-0.00215 -0.00215
-0.002175 -0.002175
-0.0022 -0.0022
-0.002225 -0.002225
-0.00225 -0.00225
-0.002275 -0.002275
-0.0023 -0.0023
-0.002325 -0.002325
-0.00235 -0.00235
-0.002375 -0.002375
-0.0024 -0.0024
-0.002425 -0.002425
-0.00245 -0.00245
-0.002475 -0.002475
-0.0025 -0.0025
-0.002525 -0.002525
-0.00255 -0.00255
-0.002575 -0.002575
-0.0026 -0.0026
-0.002625 -0.002625
-0.00265 -0.00265
-0.002675 -0.002675
-0.0027 -0.0027
-0.002725 -0.002725
-0.00275 -0.00275
-0.002775 -0.002775
-0.0028 -0.0028
-0.002825 -0.002825
-0.00285 -0.00285
-0.002875 -0.002875
-0.0029 -0.0029
-0.002925 -0.002925
-0.00295 -0.00295
-0.002975 -0.002975
-0.003 -0.003
-0.003025 -0.003025
-0.00305 -0.00305
-0.003075 -0.003075
-0.0031 -0.0031
-0.003125 -0.003125
-0.00315 -0.00315
-0.003175 -0.003175
-0.0032 -0.0032
-0.003225 -0.003225
-0.00325 -0.00325
-0.003275 -0.003275
-0.0033 -0.0033
-0.003325 -0.003325
-0.00335 -0.00335
-0.003375 -0.003375
-0.0034 -0.0034
-0.003425 -0.003425
-0.00345 -0.00345
-0.003475 -0.003475
-0.0035 -0.0035
-0.003525 -0.003525
-0.00355 -0.00355
-0.003575 -0.003575
-0.0036 -0.0036
-0.003625 -0.003625
-0.00365 -0.00365
-0.003675 -0.003675
-0.0037 -0.0037
-0.003725 -0.003725
-0.00375 -0.00375
-0.003775 -0.003775
-0.0038 -0.0038
-0.003825 -0.003825
-0.00385 -0.00385
-0.003875 -0.003875
-0.0039 -0.0039
-0.003925 -0.003925
-0.00395 -0.00395
-0.003975 -0.003975
-0.004 -0.004
-0.004025 -0.004025
-0.00405 -0.00405
-0.004075 -0.004075
-0.0041 -0.0041
-0.004125 -0.004125
-0.00415 -0.00415
-0.004175 -0.004175
-0.0042 -0.0042
-0.004225 -0.004225
-0.00425 -0.00425
-0.004275 -0.004275
-0.0043 -0.0043
-0.004325 -0.004325
-0.00435 -0.00435
-0.004375 -0.004375
-0.0044 -0.0044
-0.004425 -0.004425
-0.00445 -0.00445
-0.004475 -0.004475
-0.0045 -0.0045
-0.004525 -0.004525
-0.00455 -0.00455
-0.004575 -0.004575
-0.0046 -0.0046
-0.004625 -0.004625
-0.00465 -0.00465
-0.004675 -0.004675
-0.0047 -0.0047
-0.004725 -0.004725
-0.00475 -0.00475
-0.004775 -0.004775
-0.0048 -0.0048
-0.00482527 -0.004825
-0.00485064 -0.00485
-0.00487601 -0.004875
-0.00490139 -0.0049
-0.00492676 -0.004925
-0.00495213 -0.00495
-0.0049775 -0.004975
-0.00500287 -0.005
-0.00502824 -0.005025
-0.00505361 -0.00505
-0.00507899 -0.005075
-0.00510436 -0.0051
-0.00512973 -0.005125
-0.0051551 -0.00515
-0.00518047 -0.005175
-0.00520584 -0.0052
-0.00523121 -0.005225
-0.00525658 -0.00525
-0.00528196 -0.005275
-0.00530733 -0.0053
-0.0053327 -0.005325
-0.00535807 -0.00535
-0.00538344 -0.005375
-0.00540881 -0.0054
-0.00543418 -0.005425
-0.00545955 -0.00545
-0.00548493 -0.005475
-0.0055103 -0.0055
-0.00553567 -0.005525
-0.00556104 -0.00555
-0.00558641 -0.005575
-0.00561178 -0.0056
-0.00563715 -0.005625
-0.00566252 -0.00565
-0.0056879 -0.005675
-0.00571327 -0.0057
-0.00573864 -0.005725
-0.00576401 -0.00575
-0.00578938 -0.005775
-0.00581475 -0.0058
-0.00584012 -0.005825
-0.0058655 -0.00585
-0.00589087 -0.005875
-0.00591624 -0.0059
-0.00594161 -0.005925
-0.00596698 -0.00595
-0.00599235 -0.005975
-0.00601772 -0.006
-0.00604309 -0.006025
-0.00606847 -0.00605
-0.00609384 -0.006075
-0.00611921 -0.0061
-0.00614458 -0.006125
-0.00616995 -0.00615
-0.00619532 -0.006175
-0.00622069 -0.0062
-0.00624606 -0.006225
-0.00627144 -0.00625
-0.00629681 -0.006275
-0.00632218 -0.0063
-0.00634755 -0.006325
-0.00637292 -0.00635
-0.00639829 -0.006375
-0.00642366 -0.0064
-0.00644903 -0.006425
-0.00647441 -0.00645
-0.00649978 -0.006475
-0.00652515 -0.0065
-0.00655052 -0.006525
-0.00657589 -0.00655
-0.00660126 -0.006575
-0.00662663 -0.0066
-0.006652 -0.006625
-0.00667738 -0.00665
-0.00670275 -0.006675
-0.00672812 -0.0067
-0.00675349 -0.006725
-0.00677886 -0.00675
-0.00680423 -0.006775
-0.0068296 -0.0068
-0.00685498 -0.006825
-0.00688035 -0.00685
-0.00690572 -0.006875
-0.00693109 -0.0069
-0.00695646 -0.006925
-0.00698183 -0.00695
-0.0070072 -0.006975
-0.00703257 -0.007
-0.00705795 -0.007025
-0.00708332 -0.00705
-0.00710869 -0.007075
-0.00713406 -0.0071
-0.00715943 -0.007125
-0.0071848 -0.00715
-0.00721017 -0.007175
-0.00723554 -0.0072
-0.00726092 -0.007225
-0.00728629 -0.00725
-0.00731166 -0.007275
-0.00733703 -0.0073
-0.0073624 -0.007325
-0.00738777 -0.00735
-0.00741314 -0.007375
-0.00743851 -0.0074
-0.00746389 -0.007425
-0.00748926 -0.00745
-0.00751463 -0.007475
-0.00754 -0.0075
-0.007565 -0.007525
-0.00759 -0.00755
-0.007615 -0.007575
-0.00764 -0.0076
-0.007665 -0.007625
-0.00769 -0.00765
-0.007715 -0.007675
-0.00774 -0.0077
-0.007765 -0.007725
-0.00779 -0.00775
-0.007815 -0.007775
-0.00784 -0.0078
-0.007865 -0.007825
-0.00789 -0.00785
-0.007915 -0.007875
-0.00794 -0.0079
-0.007965 -0.007925
-0.00799 -0.00795
-0.008015 -0.007975
-0.00804 -0.008
-0.008065 -0.008025
-0.00809 -0.00805
-0.008115 -0.008075
-0.00814 -0.0081
-0.008165 -0.008125
-0.00819 -0.00815
-0.008215 -0.008175
-0.00824 -0.0082
-0.008265 -0.008225
-0.00829 -0.00825
-0.008315 -0.008275
-0.00834 -0.0083
-0.008365 -0.008325
-0.00839 -0.00835
-0.008415 -0.008375
-0.00844 -0.0084
-0.008465 -0.008425
-0.00849 -0.00845
-0.008515 -0.008475
-0.00854 -0.0085
-0.008565 -0.008525
-0.00859 -0.00855
-0.008615 -0.008575
-0.00864 -0.0086
-0.008665 -0.008625
-0.00869 -0.00865
-0.008715 -0.008675
-0.00874 -0.0087
-0.008765 -0.008725
-0.00879 -0.00875
-0.00876155 -0.008725
-0.0087331 -0.0087
-0.00870466 -0.008675
-0.00867621 -0.00865
-0.00864776 -0.008625
-0.00861931 -0.0086
-0.008594 -0.008575
-0.00856883 -0.00855
-0.00854367 -0.008525
-0.00851851 -0.0085
-0.00849335 -0.008475
-0.00846819 -0.00845
-0.00844303 -0.008425
-0.00841786 -0.0084
-0.0083927 -0.008375
-0.00836754 -0.00835
-0.00834238 -0.008325
-0.00831722 -0.0083
-0.00829206 -0.008275
-0.00826689 -0.00825
-0.00824173 -0.008225
-0.00821657 -0.0082
-0.00819141 -0.008175
-0.00816625 -0.00815
-0.00814108 -0.008125
-0.00811592 -0.0081
-0.00809076 -0.008075
-0.0080656 -0.00805
-0.00804044 -0.008025
-0.00801528 -0.008
-0.00799011 -0.007975
-0.00796495 -0.00795
-0.00793979 -0.007925
-0.00791463 -0.0079
-0.00788947 -0.007875
-0.0078643 -0.00785
-0.00783914 -0.007825
-0.00781398 -0.0078
-0.00778882 -0.007775
-0.00776366 -0.00775
-0.0077385 -0.007725
-0.00771333 -0.0077
-0.00768817 -0.007675
-0.00766301 -0.00765
-0.00763785 -0.007625
-0.00761269 -0.0076
-0.00758752 -0.007575
-0.00756236 -0.00755
-0.0075372 -0.007525
-0.00751204 -0.0075
-0.00748688 -0.007475
-0.00746172 -0.00745
-0.00743655 -0.007425
-0.00741139 -0.0074
-0.00738623 -0.007375
-0.00736107 -0.00735
-0.00733591 -0.007325
-0.00731074 -0.0073
-0.00728558 -0.007275
-0.00726042 -0.00725
-0.00723526 -0.007225
-0.0072101 -0.0072
-0.00718494 -0.007175
-0.00715977 -0.00715
-0.00713461 -0.007125
-0.00710945 -0.0071
-0.00708429 -0.007075
-0.00705913 -0.00705
-0.00703396 -0.007025
-0.0070088 -0.007
-0.00698364 -0.006975
-0.00695848 -0.00695
-0.00693332 -0.006925
-0.00690816 -0.0069
-0.00688299 -0.006875
-0.00685783 -0.00685
-0.00683267 -0.006825
-0.00680751 -0.0068
-0.00678235 -0.006775
-0.00675718 -0.00675
-0.00673202 -0.006725
-0.00670686 -0.0067
-0.0066817 -0.006675
-0.00665654 -0.00665
-0.00663138 -0.006625
-0.00660621 -0.0066
-0.00658105 -0.006575
-0.00655589 -0.00655
-0.00653073 -0.006525
-0.00650557 -0.0065
-0.0064804 -0.006475
-0.00645524 -0.00645
-0.00643008 -0.006425
-0.00640492 -0.0064
-0.00637976 -0.006375
-0.0063546 -0.00635
-0.00632943 -0.006325
-0.00630427 -0.0063
-0.00627911 -0.006275
-0.00625395 -0.00625
-0.00622879 -0.006225
-0.00620362 -0.0062
-0.00617846 -0.006175
-0.0061533 -0.00615
-0.00612814 -0.006125
-0.00610298 -0.0061
-0.00607782 -0.006075
-0.00605265 -0.00605
-0.00602749 -0.006025
-0.00600233 -0.006
-0.00597717 -0.005975
-0.00595201 -0.00595
-0.00592684 -0.005925
-0.00590168 -0.0059
-0.00587652 -0.005875
-0.00585136 -0.00585
-0.0058262 -0.005825
-0.00580104 -0.0058
-0.00577587 -0.005775
-0.00575071 -0.00575
-0.00572555 -0.005725
-0.00570039 -0.0057
-0.00567523 -0.005675
-0.00565006 -0.00565
-0.005625 -0.005625
-0.0056 -0.0056
-0.005575 -0.005575
-0.00555 -0.00555
-0.005525 -0.005525
-0.0055 -0.0055
-0.005475 -0.005475
-0.00545 -0.00545
-0.005425 -0.005425
-0.0054 -0.0054
-0.005375 -0.005375
-0.00535 -0.00535
-0.005325 -0.005325
-0.0053 -0.0053
-0.005275 -0.005275
-0.00525 -0.00525
-0.005225 -0.005225
-0.0052 -0.0052
-0.005175 -0.005175
-0.00515 -0.00515
-0.005125 -0.005125
-0.0051 -0.0051
-0.005075 -0.005075
-0.00505 -0.00505
-0.005025 -0.005025
-0.005 -0.005
-0.004975 -0.004975
-0.00495 -0.00495
-0.004925 -0.004925
-0.0049 -0.0049
-0.004875 -0.004875
-0.00485 -0.00485
-0.004825 -0.004825
-0.0048 -0.0048
-0.004775 -0.004775
-0.00475 -0.00475
-0.004725 -0.004725
-0.0047 -0.0047
-0.004675 -0.004675
-0.00465 -0.00465
-0.004625 -0.004625
-0.0046 -0.0046
-0.004575 -0.004575
-0.00455 -0.00455
-0.004525 -0.004525
-0.0045 -0.0045
-0.004475 -0.004475
-0.00445 -0.00445
-0.004425 -0.004425
-0.0044 -0.0044
-0.004375 -0.004375
-0.00435 -0.00435
-0.004325 -0.004325
-0.0043 -0.0043
-0.004275 -0.004275
-0.00425 -0.00425
-0.004225 -0.004225
-0.0042 -0.0042
-0.004175 -0.004175
-0.00415 -0.00415
-0.004125 -0.004125
-0.0041 -0.0041
-0.004075 -0.004075
-0.00405 -0.00405
-0.004025 -0.004025
-0.004 -0.004
-0.003975 -0.003975
-0.00395 -0.00395
-0.003925 -0.003925
-0.0039 -0.0039
-0.003875 -0.003875
-0.00385 -0.00385
-0.003825 -0.003825
-0.0038 -0.0038
-0.003775 -0.003775
-0.00375 -0.00375
-0.003725 -0.003725
-0.0037 -0.0037
-0.003675 -0.003675
-0.00365 -0.00365
-0.003625 -0.003625
-0.0036 -0.0036
-0.003575 -0.003575
-0.00355 -0.00355
-0.003525 -0.003525
-0.0035 -0.0035
-0.003475 -0.003475
-0.00345 -0.00345
-0.003425 -0.003425
-0.0034 -0.0034
-0.003375 -0.003375
-0.00335 -0.00335
-0.003325 -0.003325
-0.0033 -0.0033
-0.003275 -0.003275
-0.00325 -0.00325
-0.003225 -0.003225
-0.0032 -0.0032
-0.003175 -0.003175
-0.00315 -0.00315
-0.003125 -0.003125
-0.0031 -0.0031
-0.003075 -0.003075
-0.00305 -0.00305
-0.003025 -0.003025
-0.003 -0.003
-0.002975 -0.002975
-0.00295 -0.00295
-0.002925 -0.002925
-0.0029 -0.0029
-0.002875 -0.002875
-0.00285 -0.00285
-0.002825 -0.002825
-0.0028 -0.0028
-0.002775 -0.002775
-0.00275 -0.00275
-0.002725 -0.002725
-0.0027 -0.0027
-0.002675 -0.002675
-0.00265 -0.00265
-0.002625 -0.002625
-0.0026 -0.0026
-0.002575 -0.002575
-0.00255 -0.00255
-0.002525 -0.002525
-0.0025 -0.0025
-0.002475 -0.002475
-0.00245 -0.00245
-0.002425 -0.002425
-0.0024 -0.0024
-0.002375 -0.002375
-0.00235 -0.00235
-0.002325 -0.002325
-0.0023 -0.0023
-0.002275 -0.002275
-0.00225 -0.00225
-0.002225 -0.002225
-0.0022 -0.0022
-0.002175 -0.002175
-0.00215 -0.00215
-0.002125 -0.002125
-0.0021 -0.0021
-0.002075 -0.002075
-0.00205 -0.00205
-0.002025 -0.002025
-0.002 -0.002
-0.001975 -0.001975
-0.00195 -0.00195
-0.001925 -0.001925
-0.0019 -0.0019
-0.001875 -0.001875
-0.00185 -0.00185
-0.001825 -0.001825
-0.0018 -0.0018
-0.001775 -0.001775
-0.00175 -0.00175
-0.001725 -0.001725
-0.0017 -0.0017
-0.001675 -0.001675
-0.00165 -0.00165
-0.001625 -0.001625
-0.0016 -0.0016
-0.001575 -0.001575
-0.00155 -0.00155
-0.001525 -0.001525
-0.0015 -0.0015
-0.001475 -0.001475
-0.00145 -0.00145
-0.001425 -0.001425
-0.0014 -0.0014
-0.001375 -0.001375
-0.00135 -0.00135
-0.001325 -0.001325
-0.0013 -0.0013
-0.001275 -0.001275
-0.00125 -0.00125
-0.001225 -0.001225
-0.0012 -0.0012
-0.001175 -0.001175
-0.00115 -0.00115
-0.001125 -0.001125
-0.0011 -0.0011
-0.001075 -0.001075
-0.00105 -0.00105
-0.001025 -0.001025
-0.001 -0.001
-0.000975 -0.000975
-0.00095 -0.00095
-0.000925 -0.000925
-0.0009 -0.0009
-0.000875 -0.000875
-0.00085 -0.00085
-0.000825 -0.000825
-0.0008 -0.0008
-0.000775 -0.000775
-0.00075 -0.00075
-0.000725 -0.000725
-0.0007 -0.0007
-0.000675 -0.000675
-0.00065 -0.00065
-0.000625 -0.000625
-0.0006 -0.0006
-0.000575 -0.000575
-0.00055 -0.00055
-0.000525 -0.000525
-0.0005 -0.0005
-0.000475 -0.000475
-0.00045 -0.00045
-0.000425 -0.000425
-0.0004 -0.0004
-0.000375 -0.000375
-0.00035 -0.00035
-0.000325 -0.000325
-0.0003 -0.0003
-0.000275 -0.000275
-0.00025 -0.00025
-0.000225 -0.000225
-0.0002 -0.0002
-0.000175 -0.000175
-0.00015 -0.00015
-0.000125 -0.000125
-0.0001 -0.0001
-7.5e-05 -7.5e-05
-5e-05 -5e-05
-2.5e-05 -2.5e-05
-9.28348e-19 -9.28348e-19
2.5e-05 2.5e-05
5e-05 5e-05
7.5e-05 7.5e-05
0.0001 0.0001
0.000125 0.000125
0.00015 0.00015
0.000175 0.000175
0.0002 0.0002
0.000225 0.000225
0.00025 0.00025
0.000275 0.000275
0.0003 0.0003
0.000325 0.000325
0.00035 0.00035
0.000375 0.000375
0.0004 0.0004
0.000425 0.000425
0.00045 0.00045
0.000475 0.000475
0.0005 0.0005
0.000525 0.000525
0.00055 0.00055
0.000575 0.000575
0.0006 0.0006
0.000625 0.000625
0.00065 0.00065
0.000675 0.000675
0.0007 0.0007
0.000725 0.000725
0.00075 0.00075
0.000775 0.000775
0.0008 0.0008
0.000825 0.000825
0.00085 0.00085
0.000875 0.000875
0.00085 0.00085
0.000825 0.000825
0.0008 0.0008
0.000775 0.000775
0.00075 0.00075
0.000725 0.000725
0.0007 0.0007
0.000675 0.000675
0.00065 0.00065
0.000625 0.000625
0.0006 0.0006
0.000575 0.000575
0.00055 0.00055
0.000525 0.000525
0.0005 0.0005
0.000475 0.000475
0.00045 0.00045
0.000425 0.000425
0.0004 0.0004
0.000375 0.000375
0.00035 0.00035
0.000325 0.000325
0.0003 0.0003
0.000275 0.000275
0.00025 0.00025
0.000225 0.000225
0.0002 0.0002
0.000175 0.000175
0.00015 0.00015
0.000125 0.000125
0.0001 0.0001
7.5e-05 7.5e-05
5e-05 5e-05
2.5e-05 2.5e-05
-9.14796e-19 -9.14796e-19
