-3.10432e-05 0.604318
-6.20514e-05 1.20514
-9.30244e-05 1.80244
-0.000123962 2.39621
-0.000154864 2.98642
-0.000185731 3.57305
-0.000216561 4.15609
-0.000247355 4.73551
-0.000278113 5.3113
-0.000308834 5.88342
-0.000339519 6.45187
-0.000370166 7.01661
-0.000400776 7.57764
-0.000431349 8.13492
-0.000461884 8.68843
-0.000492382 9.23816
-0.000522841 9.78408
-0.000553262 10.3262
-0.000583644 10.8644
-0.000613988 11.3988
-0.000644292 11.9292
-0.000674558 12.4558
-0.000704783 12.9783
-0.00073497 13.497
-0.000765116 14.0116
-0.000795222 14.5222
-0.000825287 15.0287
-0.000855312 15.5312
-0.000885296 16.0296
-0.000915239 16.5239
-0.00094514 17.014
-0.000975 17.5
-0.00100482 17.9818
-0.00103459 18.4593
-0.00106433 18.9326
-0.00109402 19.4016
-0.00112366 19.8664
-0.00115327 20.3267
-0.00118283 20.7828
-0.00121234 21.2344
-0.00124182 21.6816
-0.00127124 22.1244
-0.00130063 22.5627
-0.00132997 22.9966
-0.00135926 23.4258
-0.00138851 23.8506
-0.00141771 24.2707
-0.00144686 24.6862
-0.00147597 25.097
-0.00150503 25.5032
-0.00147397 24.8972
-0.00144291 24.2911
-0.00141185 23.685
-0.00138079 23.079
-0.00134973 22.4729
-0.00131867 21.8669
-0.00128761 21.2608
-0.00125655 20.6547
-0.00122549 20.0487
-0.00119443 19.4426
-0.00116337 18.8366
-0.0011323 18.2305
-0.00110124 17.6244
-0.00107018 17.0184
-0.00103912 16.4123
-0.00100806 15.8063
-0.000977002 15.2002
-0.000945941 14.5941
-0.000914881 13.9881
-0.00088382 13.382
-0.000852759 12.7759
-0.000821699 12.1699
-0.000790638 11.5638
-0.000759578 10.9578
-0.000728517 10.3517
-0.000697456 9.74564
-0.000666396 9.13958
-0.000635335 8.53352
-0.000604275 7.92746
-0.000573214 7.3214
-0.000542153 6.71534
-0.000511093 6.10928
-0.000480032 5.50322
-0.000448972 4.89716
-0.000417911 4.2911
-0.00038685 3.68504
-0.00035579 3.07898
-0.000326123 2.61228
-0.000298041 2.30409
-0.000269959 1.99589
-0.000241877 1.6877
-0.000213795 1.37951
-0.000185713 1.07132
-0.000157631 0.763124
-0.000129549 0.454932
-0.000101467 0.14674
-7.1825e-05 -0.317497
-4.07644e-05 -0.923558
-9.70382e-06 -1.52962
2.13568e-05 -2.13568
5.24174e-05 -2.74174
8.3478e-05 -3.3478
0.000114539 -3.95386
0.000134226 -3.42258
0.000152976 -2.79758
0.000124694 -2.46938
9.64117e-05 -2.14117
6.81296e-05 -1.81296
3.98476e-05 -1.48476
1.15655e-05 -1.15655
-1.67165e-05 -0.828348
-4.49986e-05 -0.500143
-7.32806e-05 -0.171937
-0.000102613 0.26127
-0.0001331 0.810008
-0.000163587 1.35875
-0.000194075 1.90748
-0.000224562 2.45622
-0.00025505 3.00496
-0.000285537 3.5537
-0.000316024 4.10244
-0.000346512 4.65117
-0.000376999 5.19991
-0.000407487 5.74865
-0.000437974 6.29739
-0.000468461 6.84613
-0.000498949 7.39486
-0.000529436 7.9436
-0.000559923 8.49234
-0.000590411 9.04108
-0.000620898 9.58982
-0.000651386 10.1386
-0.000681873 10.6873
-0.00071236 11.236
-0.000742848 11.7848
-0.000773335 12.3335
-0.000803822 12.8822
-0.00083431 13.431
-0.000864797 13.9797
-0.000895285 14.5285
-0.000925772 15.0772
-0.000956259 15.6259
-0.000986747 16.1747
-0.00101723 16.7234
-0.00104772 17.2721
-0.00107821 17.8209
-0.0011087 18.3696
-0.00113918 18.9184
-0.00116967 19.4671
-0.00120016 20.0158
-0.00123065 20.5646
-0.00126113 21.1133
-0.00129162 21.6621
-0.00132211 22.2108
-0.0013526 22.7595
-0.00138308 23.3083
-0.00141357 23.857
-0.00144406 24.4057
-0.00147454 24.9545
-0.00150503 25.5032
-0.00153405 25.9047
-0.00156301 26.3014
-0.00159193 26.6933
-0.0016208 27.0804
-0.00164963 27.4627
-0.0016784 27.8401
-0.00170713 28.2125
-0.0017358 28.5801
-0.00176443 28.9426
-0.001793 29.3001
-0.00182153 29.6526
-0.00185 30
-0.00187842 30.3423
-0.00190679 30.6794
-0.00193511 31.0113
-0.00196338 31.3379
-0.00199159 31.6593
-0.00201975 31.9754
-0.00204786 32.2861
-0.00207591 32.5914
-0.00210391 32.8913
-0.00213186 33.1857
-0.00215975 33.4746
-0.00218758 33.758
-0.00221536 34.0357
-0.00224308 34.3079
-0.00227074 34.5743
-0.00229835 34.835
-0.0023259 35.0899
-0.00235339 35.339
-0.00238082 35.5823
-0.0024082 35.8196
-0.00243551 36.051
-0.00246276 36.2764
-0.00248996 36.4958
-0.00251709 36.709
-0.00254416 36.9161
-0.00257117 37.117
-0.00259812 37.3116
-0.002625 37.5
-0.00265182 37.682
-0.00267858 37.8576
-0.00270527 38.0267
-0.00273189 38.1894
-0.00275845 38.3454
-0.00278495 38.4949
-0.00281138 38.6376
-0.00283774 38.7737
-0.00286403 38.9029
-0.00289025 39.0253
-0.00291641 39.1408
-0.00294249 39.2493
-0.00296851 39.3507
-0.00299445 39.4451
-0.00302032 39.5323
-0.00304612 39.6123
-0.00307185 39.685
-0.0030975 39.7504
-0.00312308 39.8083
-0.00314859 39.8587
-0.00317402 39.9016
-0.00319937 39.9368
-0.00322464 39.9643
-0.00324984 39.9841
-0.00327496 39.996
-0.0033 40
-0.00332283 39.7826
-0.00334565 39.5652
-0.00336848 39.3478
-0.0033913 39.1304
-0.00341413 38.913
-0.00343696 38.6957
-0.00345978 38.4783
-0.00348261 38.2609
-0.00350543 38.0435
-0.00352826 37.8261
-0.00355109 37.6087
-0.00357391 37.3913
-0.00359674 37.1739
-0.00361957 36.9565
-0.00364239 36.7391
-0.00366522 36.5217
-0.00368804 36.3043
-0.00371087 36.087
-0.0037337 35.8696
-0.00375652 35.6522
-0.00377935 35.4348
-0.00380217 35.2174
-0.003825 35
-0.00384783 34.7826
-0.00387065 34.5652
-0.00389348 34.3478
-0.0039163 34.1304
-0.00393913 33.913
-0.00396196 33.6957
-0.00398478 33.4783
-0.00400761 33.2609
-0.00403043 33.0435
-0.00405326 32.8261
-0.00407609 32.6087
-0.00404503 32.0026
-0.00401397 31.3966
-0.00398291 30.7905
-0.00395184 30.1845
-0.00392078 29.5784
-0.00388972 28.9723
-0.00385866 28.3663
-0.0038276 27.7602
-0.00379654 27.1542
-0.00376548 26.5481
-0.00373442 25.942
-0.00370336 25.336
-0.0036723 24.7299
-0.00364124 24.1238
-0.00361018 23.5178
-0.00357912 22.9117
-0.00354806 22.3057
-0.003517 21.6996
-0.00348594 21.0935
-0.00345487 20.4875
-0.00342381 19.8814
-0.00339275 19.2754
-0.00336169 18.6693
-0.00333063 18.0632
-0.00329957 17.4572
-0.00326851 16.8511
-0.00323745 16.2451
-0.00320639 15.639
-0.00317533 15.0329
-0.00314427 14.4269
-0.00311321 13.8208
-0.00308215 13.2148
-0.00305109 12.6087
-0.00302094 12.094
-0.00299441 11.9408
-0.00296788 11.7876
-0.00294134 11.6343
-0.00291481 11.4811
-0.00288828 11.3279
-0.00286175 11.1747
-0.00283521 11.0214
-0.00280868 10.8682
-0.00278215 10.715
-0.00275562 10.5618
-0.00272909 10.4086
-0.00270255 10.2553
-0.00267602 10.1021
-0.00264949 9.94888
-0.00262296 9.79565
-0.00259642 9.64243
-0.00256989 9.48921
-0.00254336 9.33598
-0.00251683 9.18276
-0.0024903 9.02953
-0.00246376 8.87631
-0.00243723 8.72309
-0.0024107 8.56986
-0.00238417 8.41664
-0.00235763 8.26341
-0.0023311 8.11019
-0.00230457 7.95697
-0.00227804 7.80374
-0.00225151 7.65052
-0.00222497 7.49729
-0.00219844 7.34407
-0.00217191 7.19085
-0.00214538 7.03762
-0.00211884 6.8844
-0.00209231 6.73117
-0.00206578 6.57795
-0.00203925 6.42472
-0.00201272 6.2715
-0.00198618 6.11828
-0.00195965 5.96505
-0.00193312 5.81183
-0.00190659 5.6586
-0.00188005 5.50538
-0.00185352 5.35216
-0.00182699 5.19893
-0.00180046 5.04571
-0.00177392 4.89248
-0.00174739 4.73926
-0.00172086 4.58604
-0.00169433 4.43281
-0.0016678 4.27959
-0.00164126 4.12636
-0.00161473 3.97314
-0.0015882 3.81991
-0.00156167 3.66669
-0.00153513 3.51347
-0.0015086 3.36024
-0.00148207 3.20702
-0.00145554 3.05379
-0.00142901 2.90057
-0.00140247 2.74735
-0.00137594 2.59412
-0.00134941 2.4409
-0.00132288 2.28767
-0.00129634 2.13445
-0.00126981 1.98123
-0.00124328 1.828
-0.00121675 1.67478
-0.00119022 1.52155
-0.00116368 1.36833
-0.00113715 1.21511
-0.00111062 1.06188
-0.00108409 0.908657
-0.00105755 0.755433
-0.00103102 0.602209
-0.00100449 0.448985
-0.000977958 0.295761
-0.000951425 0.142537
-0.000924771 -0.0228925
-0.000896489 -0.351098
-0.000868207 -0.679303
-0.000839925 -1.00751
-0.000811643 -1.33571
-0.000783361 -1.66392
-0.000755079 -1.99213
-0.000726797 -2.32033
-0.000698515 -2.64854
-0.000675436 -2.45641
-0.000656686 -1.83141
-0.000637936 -1.20641
-0.000619186 -0.581406
-0.0006 0
-0.000575 0
-0.00055 0
-0.000525 0
-0.0005 0
-0.000475 0
-0.00045 0
-0.000425 0
-0.0004 0
-0.000375 0
-0.00035 0
-0.000325 0
-0.0003 0
-0.000275 0
-0.00025 0
-0.000225 0
-0.0002 0
-0.000175 0
-0.00015 0
-0.000125 0
-0.0001 0
-7.5e-05 0
-5e-05 0
-2.5e-05 0
-6.09864e-20 0
2.5e-05 0
5e-05 0
7.5e-05 0
0.0001 0
0.000125 0
0.00015 0
0.000175 0
0.0002 0
0.000225 0
0.00025 0
0.000275 0
0.0003 0
0.000325 0
0.00035 0
0.000375 0
0.00035 0
0.000325 0
0.0003 0
0.000275 0
0.00025 0
0.000225 0
0.0002 0
0.000175 0
0.00015 0
0.000125 0
0.0001 0
7.5e-05 0
5e-05 0
2.5e-05 0
-4.74338e-20 0
-2.5e-05 0
-5e-05 0
-7.5e-05 0
-0.0001 0
-0.000125 0
-0.00015 0
-0.000175 0
-0.0002 0
-0.000225 0
-0.00025 0
-0.000275 0
-0.0003 0
-0.000325 0
-0.00035 0
-0.000375 0
-0.0004 0
-0.000425 0
-0.00045 0
-0.000475 0
-0.0005 0
-0.000525 0
-0.00055 0
-0.000575 0
-0.0006 0
-0.000625 0
-0.00065 0
-0.000675 0
-0.0007 0
-0.000725 0
-0.00075 0
-0.000775 0
-0.0008 0
-0.000825 0
-0.00085 0
-0.000875 0
-0.0009 0
-0.000925 0
-0.000952686 0.26861
-0.000980574 0.557361
-0.00100846 0.846112
-0.00103635 1.13486
-0.00106424 1.42361
-0.00109212 1.71236
-0.00112001 2.00111
-0.0011479 2.28987
-0.00117579 2.57862
-0.00120367 2.86737
-0.00123156 3.15612
-0.00125945 3.44487
-0.00128734 3.73362
-0.00131522 4.02237
-0.00134311 4.31112
-0.001371 4.59987
-0.00139889 4.88862
-0.00142677 5.17737
-0.00145466 5.46612
-0.00148255 5.75487
-0.00151044 6.04363
-0.00153832 6.33238
-0.00156621 6.62113
-0.0015941 6.90988
-0.00162199 7.19863
-0.00164987 7.48738
-0.00167776 7.77613
-0.00170565 8.06488
-0.00173354 8.35363
-0.00176142 8.64238
-0.00178931 8.93113
-0.0018172 9.21988
-0.00184509 9.50863
-0.00187297 9.79739
-0.00190086 10.0861
-0.00192875 10.3749
-0.00195664 10.6636
-0.00198452 10.9524
-0.00201241 11.2411
-0.0020403 11.5299
-0.00206819 11.8186
-0.00209607 12.1074
-0.00212396 12.3961
-0.00215185 12.6849
-0.00217974 12.9736
-0.00220762 13.2624
-0.00223551 13.5511
-0.0022634 13.8399
-0.00229129 14.1286
-0.00231917 14.4174
-0.00234706 14.7061
-0.00237495 14.9949
-0.00240284 15.2836
-0.00243072 15.5724
-0.00245861 15.8612
-0.0024865 16.1499
-0.00251439 16.4387
-0.00254227 16.7274
-0.00257016 17.0162
-0.00259805 17.3049
-0.00262594 17.5937
-0.00265382 17.8824
-0.00268171 18.1712
-0.0027096 18.4599
-0.00273749 18.7487
-0.00276537 19.0374
-0.00279326 19.3262
-0.00282115 19.6149
-0.00284904 19.9037
-0.00287692 20.1924
-0.00290481 20.4812
-0.0029327 20.7699
-0.00296059 21.0587
-0.00298847 21.3474
-0.00301636 21.6362
-0.00304425 21.9249
-0.00307214 22.2137
-0.00310002 22.5024
-0.00312791 22.7912
-0.0031558 23.0799
-0.00318369 23.3687
-0.00321157 23.6574
-0.00323946 23.9462
-0.00326735 24.2349
-0.00329524 24.5237
-0.00332312 24.8124
-0.00335101 25.1012
-0.0033789 25.3899
-0.00340679 25.6787
-0.00343467 25.9674
-0.00346256 26.2562
-0.00349045 26.5449
-0.00351834 26.8337
-0.00354622 27.1224
-0.00357411 27.4112
-0.003602 27.6999
-0.00362989 27.9887
-0.00365777 28.2774
-0.00368566 28.5662
-0.00371355 28.8549
-0.00374144 29.1437
-0.00376932 29.4324
-0.00379721 29.7212
-0.0038251 30.0099
-0.00385299 30.2987
-0.00388087 30.5874
-0.00390876 30.8762
-0.00393665 31.1649
-0.00396454 31.4537
-0.00399242 31.7424
-0.00402031 32.0312
-0.0040482 32.3199
-0.00407609 32.6087
-0.00409891 32.3913
-0.00412174 32.1739
-0.00414457 31.9565
-0.00416739 31.7391
-0.00419022 31.5217
-0.00421304 31.3043
-0.00423587 31.087
-0.0042587 30.8696
-0.00428152 30.6522
-0.00430435 30.4348
-0.00432717 30.2174
-0.00435 30
-0.00437283 29.7826
-0.00439565 29.5652
-0.00441848 29.3478
-0.0044413 29.1304
-0.00446413 28.913
-0.00448696 28.6957
-0.00450978 28.4783
-0.00453261 28.2609
-0.00455543 28.0435
-0.00457826 27.8261
-0.00460109 27.6087
-0.00462391 27.3913
-0.00464674 27.1739
-0.00466957 26.9565
-0.00469239 26.7391
-0.00471522 26.5217
-0.00473804 26.3043
-0.00476087 26.087
-0.0047837 25.8696
-0.00480652 25.6522
-0.00482935 25.4348
-0.00485217 25.2174
-0.004875 25
-0.00489783 24.7826
-0.00492065 24.5652
-0.00494348 24.3478
-0.0049663 24.1304
-0.00498913 23.913
-0.00501196 23.6957
-0.00503478 23.4783
-0.00505761 23.2609
-0.00508043 23.0435
-0.00510326 22.8261
-0.00512609 22.6087
-0.00514891 22.3913
-0.00517174 22.1739
-0.00519457 21.9565
-0.00521739 21.7391
-0.00518633 21.1331
-0.00515527 20.527
-0.00512421 19.9209
-0.00509315 19.3149
-0.00506209 18.7088
-0.00503103 18.1028
-0.00499997 17.4967
-0.00496891 16.8906
-0.00493785 16.2846
-0.00490679 15.6785
-0.00487572 15.0725
-0.00484466 14.4664
-0.0048136 13.8603
-0.00478254 13.2543
-0.00475148 12.6482
-0.00472042 12.0422
-0.00468936 11.4361
-0.0046583 10.83
-0.00462724 10.224
-0.00459618 9.61792
-0.00456811 9.31062
-0.00454217 9.21701
-0.00451623 9.12339
-0.0044903 9.02977
-0.00446436 8.93615
-0.00443843 8.84254
-0.00441249 8.74892
-0.00438655 8.6553
-0.00436062 8.56168
-0.00433468 8.46806
-0.00430874 8.37445
-0.00428281 8.28083
-0.00425687 8.18721
-0.00423094 8.09359
-0.004205 7.99997
-0.00417906 7.90636
-0.00415313 7.81274
-0.00412719 7.71912
-0.00410126 7.6255
-0.00407532 7.53188
-0.00404938 7.43827
-0.00402345 7.34465
-0.00399751 7.25103
-0.00397157 7.15741
-0.00394564 7.0638
-0.0039197 6.97018
-0.00389377 6.87656
-0.00386783 6.78294
-0.00384189 6.68932
-0.00381596 6.59571
-0.00379002 6.50209
-0.00376408 6.40847
-0.00373815 6.31485
-0.00371221 6.22123
-0.00368628 6.12762
-0.00366034 6.034
-0.0036344 5.94038
-0.00360847 5.84676
-0.00358253 5.75315
-0.0035566 5.65953
-0.00353066 5.56591
-0.00350472 5.47229
-0.00347879 5.37867
-0.00345285 5.28506
-0.00342691 5.19144
-0.00340098 5.09782
-0.00337504 5.0042
-0.00334911 4.91058
-0.00332317 4.81697
-0.00329723 4.72335
-0.0032713 4.62973
-0.00324536 4.53611
-0.00321942 4.4425
-0.00319349 4.34888
-0.00316755 4.25526
-0.00314162 4.16164
-0.00311568 4.06802
-0.00308974 3.97441
-0.00306381 3.88079
-0.00303787 3.78717
-0.00301194 3.69355
-0.002986 3.59993
-0.00296006 3.50632
-0.00293413 3.4127
-0.00290819 3.31908
-0.00288225 3.22546
-0.00285632 3.13185
-0.00283038 3.03823
-0.00280445 2.94461
-0.00277851 2.85099
-0.00275257 2.75737
-0.00272664 2.66376
-0.0027007 2.57014
-0.00267477 2.47652
-0.00264883 2.3829
-0.00262289 2.28928
-0.00259696 2.19567
-0.00257102 2.10205
-0.00254508 2.00843
-0.00251915 1.91481
-0.00249321 1.8212
-0.00246728 1.72758
-0.00244134 1.63396
-0.0024154 1.54034
-0.00238947 1.44672
-0.00236353 1.35311
-0.00233759 1.25949
-0.00231166 1.16587
-0.00228572 1.07225
-0.00225979 0.978635
-0.00223385 0.885017
-0.00220791 0.791399
-0.00218198 0.697781
-0.00215604 0.604163
-0.00213011 0.510545
-0.00210417 0.416928
-0.00207823 0.32331
-0.0020523 0.229692
-0.00202636 0.136074
-0.00200042 0.0424561
-0.001975 0
-0.00195 0
-0.001925 0
-0.0019 0
-0.001875 0
-0.00185 0
-0.001825 0
-0.0018 0
-0.001775 0
-0.00175 0
-0.001725 0
-0.0017 0
-0.001675 0
-0.00165 0
-0.001625 0
-0.0016 0
-0.001575 0
-0.00155 0
-0.001525 0
-0.0015 0
-0.001475 0
-0.00145 0
-0.001425 0
-0.0014 0
-0.001375 0
-0.00135 0
-0.001325 0
-0.0013 0
-0.001275 0
-0.00125 0
-0.001225 0
-0.0012 0
-0.001175 0
-0.00115 0
-0.001125 0
-0.0011 0
-0.001075 0
-0.00105 0
-0.001025 0
-0.001 0
-0.000975 0
-0.00095 0
-0.000925 0
-0.0009 0
-0.000875 0
-0.00085 0
-0.000825 0
-0.0008 0
-0.000775 0
-0.00075 0
-0.000725 0
-0.0007 0
-0.000675 0
-0.00065 0
-0.000625 0
-0.0006 0
-0.000575 0
-0.00055 0
-0.000525 0
-0.0005 0
-0.000475 0
-0.00045 0
-0.000425 0
-0.0004 0
-0.000375 0
-0.00035 0
-0.000325 0
-0.0003 0
-0.000275 0
-0.00025 0
-0.000225 0
-0.0002 0
-0.000175 0
-0.00015 0
-0.000125 0
-0.0001 0
-7.5e-05 0
-5e-05 0
-2.5e-05 0
-6.09864e-20 0
2.5e-05 0
5e-05 0
7.5e-05 0
0.0001 0
0.000125 0
0.00015 0
0.000175 0
0.0002 0
0.000225 0
0.00025 0
0.000275 0
0.0003 0
0.000325 0
0.00035 0
0.000375 0
0.0004 0
0.000425 0
0.00045 0
0.000475 0
0.0005 0
0.000475 0
0.00045 0
0.000425 0
0.0004 0
0.000375 0
0.00035 0
0.000325 0
0.0003 0
0.000275 0
0.00025 0
0.000225 0
0.0002 0
0.000175 0
0.00015 0
0.000125 0
0.0001 0
7.5e-05 0
5e-05 0
2.5e-05 0
-4.74338e-20 0
-2.5e-05 0
-5e-05 0
-7.5e-05 0
-0.0001 0
-0.000125 0
-0.00015 0
-0.000175 0
-0.0002 0
-0.000225 0
-0.00025 0
-0.000275 0
-0.0003 0
-0.000325 0
-0.00035 0
-0.000375 0
-0.0004 0
-0.000425 0
-0.00045 0
-0.000475 0
-0.0005 0
-0.000525 0
-0.00055 0
-0.000575 0
-0.0006 0
-0.000625 0
-0.00065 0
-0.000675 0
-0.0007 0
-0.000725 0
-0.00075 0
-0.000775 0
-0.0008 0
-0.000825 0
-0.00085 0
-0.000875 0
-0.0009 0
-0.000925 0
-0.00095 0
-0.000975 0
-0.001 0
-0.001025 0
-0.00105 0
-0.001075 0
-0.0011 0
-0.001125 0
-0.00115 0
-0.001175 0
-0.0012 0
-0.001225 0
-0.00125 0
-0.001275 0
-0.0013 0
-0.001325 0
-0.00135 0
-0.001375 0
-0.0014 0
-0.001425 0
-0.00145 0
-0.001475 0
-0.0015 0
-0.001525 0
-0.00155 0
-0.001575 0
-0.0016 0
-0.001625 0
-0.00165 0
-0.001675 0
-0.0017 0
-0.001725 0
-0.00175 0
-0.001775 0
-0.0018 0
-0.001825 0
-0.00185 0
-0.001875 0
-0.0019 0
-0.001925 0
-0.00195 0
-0.001975 0
-0.00200082 0.0818473
-0.00202762 0.262325
-0.00205443 0.442802
-0.00208123 0.623279
-0.00210804 0.803757
-0.00213484 0.984234
-0.00216165 1.16471
-0.00218845 1.34519
-0.00221526 1.52567
-0.00224206 1.70614
-0.00226887 1.88662
-0.00229567 2.0671
-0.00232248 2.24758
-0.00234928 2.42805
-0.00237609 2.60853
-0.00240289 2.78901
-0.00242969 2.96949
-0.0024565 3.14996
-0.0024833 3.33044
-0.00251011 3.51092
-0.00253691 3.69139
-0.00256372 3.87187
-0.00259052 4.05235
-0.00261733 4.23283
-0.00264413 4.4133
-0.00267094 4.59378
-0.00269774 4.77426
-0.00272455 4.95474
-0.00275135 5.13521
-0.00277816 5.31569
-0.00280496 5.49617
-0.00283177 5.67665
-0.00285857 5.85712
-0.00288538 6.0376
-0.00291218 6.21808
-0.00293899 6.39855
-0.00296579 6.57903
-0.0029926 6.75951
-0.0030194 6.93999
-0.0030462 7.12046
-0.00307301 7.30094
-0.00309981 7.48142
-0.00312662 7.6619
-0.00315342 7.84237
-0.00318023 8.02285
-0.00320703 8.20333
-0.00323384 8.38381
-0.00326064 8.56428
-0.00328745 8.74476
-0.00331425 8.92524
-0.00334106 9.10572
-0.00336786 9.28619
-0.00339467 9.46667
-0.00342147 9.64715
-0.00344828 9.82762
-0.00347508 10.0081
-0.00350189 10.1886
-0.00352869 10.3691
-0.0035555 10.5495
-0.0035823 10.73
-0.0036091 10.9105
-0.00363591 11.091
-0.00366271 11.2714
-0.00368952 11.4519
-0.00371632 11.6324
-0.00374313 11.8129
-0.00376993 11.9934
-0.00379674 12.1738
-0.00382354 12.3543
-0.00385035 12.5348
-0.00387715 12.7153
-0.00390396 12.8957
-0.00393076 13.0762
-0.00395757 13.2567
-0.00398437 13.4372
-0.00401118 13.6176
-0.00403798 13.7981
-0.00406479 13.9786
-0.00409159 14.1591
-0.0041184 14.3396
-0.0041452 14.52
-0.00417201 14.7005
-0.00419881 14.881
-0.00422561 15.0615
-0.00425242 15.2419
-0.00427922 15.4224
-0.00430603 15.6029
-0.00433283 15.7834
-0.00435964 15.9639
-0.00438644 16.1443
-0.00441325 16.3248
-0.00444005 16.5053
-0.00446686 16.6858
-0.00449366 16.8662
-0.00452047 17.0467
-0.00454727 17.2272
-0.00457408 17.4077
-0.00460088 17.5882
-0.00462769 17.7686
-0.00465449 17.9491
-0.0046813 18.1296
-0.0047081 18.3101
-0.00473491 18.4905
-0.00476171 18.671
-0.00478851 18.8515
-0.00481532 19.032
-0.00484212 19.2124
-0.00486893 19.3929
-0.00489573 19.5734
-0.00492254 19.7539
-0.00494934 19.9344
-0.00497615 20.1148
-0.00500295 20.2953
-0.00502976 20.4758
-0.00505656 20.6563
-0.00508337 20.8367
-0.00511017 21.0172
-0.00513698 21.1977
-0.00516378 21.3782
-0.00519059 21.5587
-0.00521739 21.7391
-0.00524022 21.5217
-0.00526304 21.3043
-0.00528587 21.087
-0.0053087 20.8696
-0.00533152 20.6522
-0.00535435 20.4348
-0.00537717 20.2174
-0.0054 20
-0.00542283 19.7826
-0.00544565 19.5652
-0.00546848 19.3478
-0.0054913 19.1304
-0.00551413 18.913
-0.00553696 18.6957
-0.00555978 18.4783
-0.00558261 18.2609
-0.00560543 18.0435
-0.00562826 17.8261
-0.00565109 17.6087
-0.00567391 17.3913
-0.00569674 17.1739
-0.00571957 16.9565
-0.00574239 16.7391
-0.00576522 16.5217
-0.00578804 16.3043
-0.00581087 16.087
-0.0058337 15.8696
-0.00585652 15.6522
-0.00587935 15.4348
-0.00590217 15.2174
-0.005925 15
-0.00594783 14.7826
-0.00597065 14.5652
-0.00599348 14.3478
-0.0060163 14.1304
-0.00603913 13.913
-0.00606196 13.6957
-0.00608478 13.4783
-0.00610761 13.2609
-0.00613043 13.0435
-0.00615326 12.8261
-0.00617609 12.6087
-0.00619891 12.3913
-0.00622174 12.1739
-0.00624457 11.9565
-0.00626739 11.7391
-0.00629022 11.5217
-0.00631304 11.3043
-0.00633587 11.087
-0.0063587 10.8696
-0.00632764 10.2635
-0.00629657 9.65744
-0.00626551 9.05138
-0.00623445 8.44532
-0.00620339 7.83926
-0.00617233 7.2332
-0.00614127 6.62714
-0.00611021 6.02108
-0.00607915 5.41502
-0.00604993 4.99318
-0.00602437 4.93675
-0.0059988 4.88032
-0.00597324 4.82389
-0.00594767 4.76746
-0.00592211 4.71104
-0.00589655 4.65461
-0.00587098 4.59818
-0.00584542 4.54175
-0.00581985 4.48533
-0.00579429 4.4289
-0.00576872 4.37247
-0.00574316 4.31604
-0.0057176 4.25962
-0.00569203 4.20319
-0.00566647 4.14676
-0.0056409 4.09033
-0.00561534 4.03391
-0.00558977 3.97748
-0.00556421 3.92105
-0.00553865 3.86462
-0.00551308 3.80819
-0.00548752 3.75177
-0.00546195 3.69534
-0.00543639 3.63891
-0.00541082 3.58248
-0.00538526 3.52606
-0.0053597 3.46963
-0.00533413 3.4132
-0.00530857 3.35677
-0.005283 3.30035
-0.00525744 3.24392
-0.00523187 3.18749
-0.00520631 3.13106
-0.00518075 3.07464
-0.00515518 3.01821
-0.00512962 2.96178
-0.00510405 2.90535
-0.00507849 2.84893
-0.00505292 2.7925
-0.00502736 2.73607
-0.0050018 2.67964
-0.00497623 2.62321
-0.00495067 2.56679
-0.0049251 2.51036
-0.00489954 2.45393
-0.00487398 2.3975
-0.00484841 2.34108
-0.00482285 2.28465
-0.00479728 2.22822
-0.00477172 2.17179
-0.00474615 2.11537
-0.00472059 2.05894
-0.00469503 2.00251
-0.00466946 1.94608
-0.0046439 1.88966
-0.00461833 1.83323
-0.00459277 1.7768
-0.0045672 1.72037
-0.00454164 1.66394
-0.00451608 1.60752
-0.00449051 1.55109
-0.00446495 1.49466
-0.00443938 1.43823
-0.00441382 1.38181
-0.00438825 1.32538
-0.00436269 1.26895
-0.00433713 1.21252
-0.00431156 1.1561
-0.004286 1.09967
-0.00426043 1.04324
-0.00423487 0.986813
-0.0042093 0.930386
-0.00418374 0.873958
-0.00415818 0.81753
-0.00413261 0.761103
-0.00410705 0.704675
-0.00408148 0.648247
-0.00405592 0.59182
-0.00403035 0.535392
-0.00400479 0.478965
-0.00397923 0.422537
-0.00395366 0.366109
-0.0039281 0.309682
-0.00390253 0.253254
-0.00387697 0.196826
-0.0038514 0.140399
-0.00382584 0.0839711
-0.00380028 0.0275435
-0.003775 0
-0.00375 0
-0.003725 0
-0.0037 0
-0.003675 0
-0.00365 0
-0.003625 0
-0.0036 0
-0.003575 0
-0.00355 0
-0.003525 0
-0.0035 0
-0.003475 0
-0.00345 0
-0.003425 0
-0.0034 0
-0.003375 0
-0.00335 0
-0.003325 0
-0.0033 0
-0.003275 0
-0.00325 0
-0.003225 0
-0.0032 0
-0.003175 0
-0.00315 0
-0.003125 0
-0.0031 0
-0.003075 0
-0.00305 0
-0.003025 0
-0.003 0
-0.002975 0
-0.00295 0
-0.002925 0
-0.0029 0
-0.002875 0
-0.00285 0
-0.002825 0
-0.0028 0
-0.002775 0
-0.00275 0
-0.002725 0
-0.0027 0
-0.002675 0
-0.00265 0
-0.002625 0
-0.0026 0
-0.002575 0
-0.00255 0
-0.002525 0
-0.0025 0
-0.002475 0
-0.00245 0
-0.002425 0
-0.0024 0
-0.002375 0
-0.00235 0
-0.002325 0
-0.0023 0
-0.002275 0
-0.00225 0
-0.002225 0
-0.0022 0
-0.002175 0
-0.00215 0
-0.002125 0
-0.0021 0
-0.002075 0
-0.00205 0
-0.002025 0
-0.002 0
-0.001975 0
-0.00195 0
-0.001925 0
-0.0019 0
-0.001875 0
-0.00185 0
-0.001825 0
-0.0018 0
-0.001775 0
-0.00175 0
-0.001725 0
-0.0017 0
-0.001675 0
-0.00165 0
-0.001625 0
-0.0016 0
-0.001575 0
-0.00155 0
-0.001525 0
-0.0015 0
-0.001475 0
-0.00145 0
-0.001425 0
-0.0014 0
-0.001375 0
-0.00135 0
-0.001325 0
-0.0013 0
-0.001275 0
-0.00125 0
-0.001225 0
-0.0012 0
-0.001175 0
-0.00115 0
-0.001125 0
-0.0011 0
-0.001075 0
-0.00105 0
-0.001025 0
-0.001 0
-0.000975 0
-0.00095 0
-0.000925 0
-0.0009 0
-0.000875 0
-0.00085 0
-0.000825 0
-0.0008 0
-0.000775 0
-0.00075 0
-0.000725 0
-0.0007 0
-0.000675 0
-0.00065 0
-0.000625 0
-0.0006 0
-0.000575 0
-0.00055 0
-0.000525 0
-0.0005 0
-0.000475 0
-0.00045 0
-0.000425 0
-0.0004 0
-0.000375 0
-0.00035 0
-0.000325 0
-0.0003 0
-0.000275 0
-0.00025 0
-0.000225 0
-0.0002 0
-0.000175 0
-0.00015 0
-0.000125 0
-0.0001 0
-7.5e-05 0
-5e-05 0
-2.5e-05 0
-6.09864e-20 0
2.5e-05 0
5e-05 0
7.5e-05 0
0.0001 0
0.000125 0
0.00015 0
0.000175 0
0.0002 0
0.000225 0
0.00025 0
0.000275 0
0.0003 0
0.000325 0
0.00035 0
0.000375 0
0.0004 0
0.000425 0
0.00045 0
0.000475 0
0.0005 0
0.000525 0
0.00055 0
0.000575 0
0.0006 0
0.000625 0
0.0006 0
0.000575 0
0.00055 0
0.000525 0
0.0005 0
0.000475 0
0.00045 0
0.000425 0
0.0004 0
0.000375 0
0.00035 0
0.000325 0
0.0003 0
0.000275 0
0.00025 0
0.000225 0
0.0002 0
0.000175 0
0.00015 0
0.000125 0
0.0001 0
7.5e-05 0
5e-05 0
2.5e-05 0
-4.74338e-20 0
-2.5e-05 0
-5e-05 0
-7.5e-05 0
-0.0001 0
-0.000125 0
-0.00015 0
-0.000175 0
-0.0002 0
-0.000225 0
-0.00025 0
-0.000275 0
-0.0003 0
-0.000325 0
-0.00035 0
-0.000375 0
-0.0004 0
-0.000425 0
-0.00045 0
-0.000475 0
-0.0005 0
-0.000525 0
-0.00055 0
-0.000575 0
-0.0006 0
-0.000625 0
-0.00065 0
-0.000675 0
-0.0007 0
-0.000725 0
-0.00075 0
-0.000775 0
-0.0008 0
-0.000825 0
-0.00085 0
-0.000875 0
-0.0009 0
-0.000925 0
-0.00095 0
-0.000975 0
-0.001 0
-0.001025 0
-0.00105 0
-0.001075 0
-0.0011 0
-0.001125 0
-0.00115 0
-0.001175 0
-0.0012 0
-0.001225 0
-0.00125 0
-0.001275 0
-0.0013 0
-0.001325 0
-0.00135 0
-0.001375 0
-0.0014 0
-0.001425 0
-0.00145 0
-0.001475 0
-0.0015 0
-0.001525 0
-0.00155 0
-0.001575 0
-0.0016 0
-0.001625 0
-0.00165 0
-0.001675 0
-0.0017 0
-0.001725 0
-0.00175 0
-0.001775 0
-0.0018 0
-0.001825 0
-0.00185 0
-0.001875 0
-0.0019 0
-0.001925 0
-0.00195 0
-0.001975 0
-0.002 0
-0.002025 0
-0.00205 0
-0.002075 0
-0.0021 0
-0.002125 0
-0.00215 0
-0.002175 0
-0.0022 0
-0.002225 0
-0.00225 0
-0.002275 0
-0.0023 0
-0.002325 0
-0.00235 0
-0.002375 0
-0.0024 0
-0.002425 0
-0.00245 0
-0.002475 0
-0.0025 0
-0.002525 0
-0.00255 0
-0.002575 0
-0.0026 0
-0.002625 0
-0.00265 0
-0.002675 0
-0.0027 0
-0.002725 0
-0.00275 0
-0.002775 0
-0.0028 0
-0.002825 0
-0.00285 0
-0.002875 0
-0.0029 0
-0.002925 0
-0.00295 0
-0.002975 0
-0.003 0
-0.003025 0
-0.00305 0
-0.003075 0
-0.0031 0
-0.003125 0
-0.00315 0
-0.003175 0
-0.0032 0
-0.003225 0
-0.00325 0
-0.003275 0
-0.0033 0
-0.003325 0
-0.00335 0
-0.003375 0
-0.0034 0
-0.003425 0
-0.00345 0
-0.003475 0
-0.0035 0
-0.003525 0
-0.00355 0
-0.003575 0
-0.0036 0
-0.003625 0
-0.00365 0
-0.003675 0
-0.0037 0
-0.003725 0
-0.00375 0
-0.003775 0
-0.00380054 0.0538711
-0.00382664 0.164235
-0.00385275 0.2746
-0.00387885 0.384964
-0.00390495 0.495328
-0.00393106 0.605692
-0.00395716 0.716056
-0.00398326 0.826421
-0.00400937 0.936785
-0.00403547 1.04715
-0.00406158 1.15751
-0.00408768 1.26788
-0.00411378 1.37824
-0.00413989 1.48861
-0.00416599 1.59897
-0.00419209 1.70933
-0.0042182 1.8197
-0.0042443 1.93006
-0.0042704 2.04043
-0.00429651 2.15079
-0.00432261 2.26116
-0.00434872 2.37152
-0.00437482 2.48188
-0.00440092 2.59225
-0.00442703 2.70261
-0.00445313 2.81298
-0.00447923 2.92334
-0.00450534 3.03371
-0.00453144 3.14407
-0.00455754 3.25443
-0.00458365 3.3648
-0.00460975 3.47516
-0.00463586 3.58553
-0.00466196 3.69589
-0.00468806 3.80625
-0.00471417 3.91662
-0.00474027 4.02698
-0.00476637 4.13735
-0.00479248 4.24771
-0.00481858 4.35808
-0.00484468 4.46844
-0.00487079 4.5788
-0.00489689 4.68917
-0.004923 4.79953
-0.0049491 4.9099
-0.0049752 5.02026
-0.00500131 5.13063
-0.00502741 5.24099
-0.00505351 5.35135
-0.00507962 5.46172
-0.00510572 5.57208
-0.00513182 5.68245
-0.00515793 5.79281
-0.00518403 5.90318
-0.00521014 6.01354
-0.00523624 6.1239
-0.00526234 6.23427
-0.00528845 6.34463
-0.00531455 6.455
-0.00534065 6.56536
-0.00536676 6.67572
-0.00539286 6.78609
-0.00541896 6.89645
-0.00544507 7.00682
-0.00547117 7.11718
-0.00549728 7.22755
-0.00552338 7.33791
-0.00554948 7.44827
-0.00557559 7.55864
-0.00560169 7.669
-0.00562779 7.77937
-0.0056539 7.88973
-0.00568 8.0001
-0.0057061 8.11046
-0.00573221 8.22082
-0.00575831 8.33119
-0.00578442 8.44155
-0.00581052 8.55192
-0.00583662 8.66228
-0.00586273 8.77264
-0.00588883 8.88301
-0.00591493 8.99337
-0.00594104 9.10374
-0.00596714 9.2141
-0.00599324 9.32447
-0.00601935 9.43483
-0.00604545 9.54519
-0.00607156 9.65556
-0.00609766 9.76592
-0.00612376 9.87629
-0.00614987 9.98665
-0.00617597 10.097
-0.00620207 10.2074
-0.00622818 10.3177
-0.00625428 10.4281
-0.00628038 10.5385
-0.00630649 10.6488
-0.00633259 10.7592
-0.0063587 10.8696
-0.00638152 10.6522
-0.00640435 10.4348
-0.00642717 10.2174
-0.00645 10
-0.00647283 9.78261
-0.00649565 9.56522
-0.00651848 9.34783
-0.0065413 9.13043
-0.00656413 8.91304
-0.00658696 8.69565
-0.00660978 8.47826
-0.00663261 8.26087
-0.00665543 8.04348
-0.00667826 7.82609
-0.00670109 7.6087
-0.00672391 7.3913
-0.00674674 7.17391
-0.00676957 6.95652
-0.00679239 6.73913
-0.00681522 6.52174
-0.00683804 6.30435
-0.00686087 6.08696
-0.0068837 5.86957
-0.00690652 5.65217
-0.00692935 5.43478
-0.00695217 5.21739
-0.006975 5
-0.00699783 4.78261
-0.00702065 4.56522
-0.00704348 4.34783
-0.0070663 4.13043
-0.00709 4
-0.007115 4
-0.00714 4
-0.007165 4
-0.00719 4
-0.007215 4
-0.00724 4
-0.007265 4
-0.00729 4
-0.007315 4
-0.00734 4
-0.007365 4
-0.00739 4
-0.007415 4
-0.00744 4
-0.007465 4
-0.00749 4
-0.007515 4
-0.00754 4
-0.00750894 3.39394
-0.00747788 2.78788
-0.00744682 2.18182
-0.00741881 1.88107
-0.00739344 1.8439
-0.00736807 1.80673
-0.0073427 1.76956
-0.00731732 1.7324
-0.00729195 1.69523
-0.00726658 1.65806
-0.00724121 1.62089
-0.00721584 1.58373
-0.00719047 1.54656
-0.00716509 1.50939
-0.00713972 1.47223
-0.00711435 1.43506
-0.00708898 1.39789
-0.00706361 1.36072
-0.00703824 1.32356
-0.00701286 1.28639
-0.00698749 1.24922
-0.00696212 1.21206
-0.00693675 1.17489
-0.00691138 1.13772
-0.00688601 1.10055
-0.00686063 1.06339
-0.00683526 1.02622
-0.00680989 0.989053
-0.00678452 0.951885
-0.00675915 0.914718
-0.00673378 0.877551
-0.0067084 0.840384
-0.00668303 0.803217
-0.00665766 0.766049
-0.00663229 0.728882
-0.00660692 0.691715
-0.00658155 0.654548
-0.00655617 0.617381
-0.0065308 0.580214
-0.00650543 0.543046
-0.00648006 0.505879
-0.00645469 0.468712
-0.00642932 0.431545
-0.00640394 0.394378
-0.00637857 0.35721
-0.0063532 0.320043
-0.00632783 0.282876
-0.00630246 0.245709
-0.00627709 0.208542
-0.00625171 0.171375
-0.00622634 0.134207
-0.00620097 0.0970401
-0.0061756 0.059873
-0.00615023 0.0227058
-0.006125 0
-0.0061 0
-0.006075 0
-0.00605 0
-0.006025 0
-0.006 0
-0.005975 0
-0.00595 0
-0.005925 0
-0.0059 0
-0.005875 0
-0.00585 0
-0.005825 0
-0.0058 0
-0.005775 0
-0.00575 0
-0.005725 0
-0.0057 0
-0.005675 0
-0.00565 0
-0.005625 0
-0.0056 0
-0.005575 0
-0.00555 0
-0.005525 0
-0.0055 0
-0.005475 0
-0.00545 0
-0.005425 0
-0.0054 0
-0.005375 0
-0.00535 0
-0.005325 0
-0.0053 0
-0.005275 0
-0.00525 0
-0.005225 0
-0.0052 0
-0.005175 0
-0.00515 0
-0.005125 0
-0.0051 0
-0.005075 0
-0.00505 0
-0.005025 0
-0.005 0
-0.004975 0
-0.00495 0
-0.004925 0
-0.0049 0
-0.004875 0
-0.00485 0
-0.004825 0
-0.0048 0
-0.004775 0
-0.00475 0
-0.004725 0
-0.0047 0
-0.004675 0
-0.00465 0
-0.004625 0
-0.0046 0
-0.004575 0
-0.00455 0
-0.004525 0
-0.0045 0
-0.004475 0
-0.00445 0
-0.004425 0
-0.0044 0
-0.004375 0
-0.00435 0
-0.004325 0
-0.0043 0
-0.004275 0
-0.00425 0
-0.004225 0
-0.0042 0
-0.004175 0
-0.00415 0
-0.004125 0
-0.0041 0
-0.004075 0
-0.00405 0
-0.004025 0
-0.004 0
-0.003975 0
-0.00395 0
-0.003925 0
-0.0039 0
-0.003875 0
-0.00385 0
-0.003825 0
-0.0038 0
-0.003775 0
-0.00375 0
-0.003725 0
-0.0037 0
-0.003675 0
-0.00365 0
-0.003625 0
-0.0036 0
-0.003575 0
-0.00355 0
-0.003525 0
-0.0035 0
-0.003475 0
-0.00345 0
-0.003425 0
-0.0034 0
-0.003375 0
-0.00335 0
-0.003325 0
-0.0033 0
-0.003275 0
-0.00325 0
-0.003225 0
-0.0032 0
-0.003175 0
-0.00315 0
-0.003125 0
-0.0031 0
-0.003075 0
-0.00305 0
-0.003025 0
-0.003 0
-0.002975 0
-0.00295 0
-0.002925 0
-0.0029 0
-0.002875 0
-0.00285 0
-0.002825 0
-0.0028 0
-0.002775 0
-0.00275 0
-0.002725 0
-0.0027 0
-0.002675 0
-0.00265 0
-0.002625 0
-0.0026 0
-0.002575 0
-0.00255 0
-0.002525 0
-0.0025 0
-0.002475 0
-0.00245 0
-0.002425 0
-0.0024 0
-0.002375 0
-0.00235 0
-0.002325 0
-0.0023 0
-0.002275 0
-0.00225 0
-0.002225 0
-0.0022 0
-0.002175 0
-0.00215 0
-0.002125 0
-0.0021 0
-0.002075 0
-0.00205 0
-0.002025 0
-0.002 0
-0.001975 0
-0.00195 0
-0.001925 0
-0.0019 0
-0.001875 0
-0.00185 0
-0.001825 0
-0.0018 0
-0.001775 0
-0.00175 0
-0.001725 0
-0.0017 0
-0.001675 0
-0.00165 0
-0.001625 0
-0.0016 0
-0.001575 0
-0.00155 0
-0.001525 0
-0.0015 0
-0.001475 0
-0.00145 0
-0.001425 0
-0.0014 0
-0.001375 0
-0.00135 0
-0.001325 0
-0.0013 0
-0.001275 0
-0.00125 0
-0.001225 0
-0.0012 0
-0.001175 0
-0.00115 0
-0.001125 0
-0.0011 0
-0.001075 0
-0.00105 0
-0.001025 0
-0.001 0
-0.000975 0
-0.00095 0
-0.000925 0
-0.0009 0
-0.000875 0
-0.00085 0
-0.000825 0
-0.0008 0
-0.000775 0
-0.00075 0
-0.000725 0
-0.0007 0
-0.000675 0
-0.00065 0
-0.000625 0
-0.0006 0
-0.000575 0
-0.00055 0
-0.000525 0
-0.0005 0
-0.000475 0
-0.00045 0
-0.000425 0
-0.0004 0
-0.000375 0
-0.00035 0
-0.000325 0
-0.0003 0
-0.000275 0
-0.00025 0
-0.000225 0
-0.0002 0
-0.000175 0
-0.00015 0
-0.000125 0
-0.0001 0
-7.5e-05 0
-5e-05 0
-2.5e-05 0
-6.09864e-20 0
2.5e-05 0
5e-05 0
7.5e-05 0
0.0001 0
0.000125 0
0.00015 0
0.000175 0
0.0002 0
0.000225 0
0.00025 0
0.000275 0
0.0003 0
0.000325 0
0.00035 0
0.000375 0
0.0004 0
0.000425 0
0.00045 0
0.000475 0
0.0005 0
0.000525 0
0.00055 0
0.000575 0
0.0006 0
0.000625 0
0.00065 0
0.000675 0
0.0007 0
0.000725 0
0.00075 0
0.000725 0
0.0007 0
0.000675 0
0.00065 0
0.000625 0
0.0006 0
0.000575 0
0.00055 0
0.000525 0
0.0005 0
0.000475 0
0.00045 0
0.000425 0
0.0004 0
0.000375 0
0.00035 0
0.000325 0
0.0003 0
0.000275 0
0.00025 0
0.000225 0
0.0002 0
0.000175 0
0.00015 0
0.000125 0
0.0001 0
7.5e-05 0
5e-05 0
2.5e-05 0
-4.74338e-20 0
-2.5e-05 0
-5e-05 0
-7.5e-05 0
-0.0001 0
-0.000125 0
-0.00015 0
-0.000175 0
-0.0002 0
-0.000225 0
-0.00025 0
-0.000275 0
-0.0003 0
-0.000325 0
-0.00035 0
-0.000375 0
-0.0004 0
-0.000425 0
-0.00045 0
-0.000475 0
-0.0005 0
-0.000525 0
-0.00055 0
-0.000575 0
-0.0006 0
-0.000625 0
-0.00065 0
-0.000675 0
-0.0007 0
-0.000725 0
-0.00075 0
-0.000775 0
-0.0008 0
-0.000825 0
-0.00085 0
-0.000875 0
-0.0009 0
-0.000925 0
-0.00095 0
-0.000975 0
-0.001 0
-0.001025 0
-0.00105 0
-0.001075 0
-0.0011 0
-0.001125 0
-0.00115 0
-0.001175 0
-0.0012 0
-0.001225 0
-0.00125 0
-0.001275 0
-0.0013 0
-0.001325 0
-0.00135 0
-0.001375 0
-0.0014 0
-0.001425 0
-0.00145 0
-0.001475 0
-0.0015 0
-0.001525 0
-0.00155 0
-0.001575 0
-0.0016 0
-0.001625 0
-0.00165 0
-0.001675 0
-0.0017 0
-0.001725 0
-0.00175 0
-0.001775 0
-0.0018 0
-0.001825 0
-0.00185 0
-0.001875 0
-0.0019 0
-0.001925 0
-0.00195 0
-0.001975 0
-0.002 0
-0.002025 0
-0.00205 0
-0.002075 0
-0.0021 0
-0.002125 0
-0.00215 0
-0.002175 0
-0.0022 0
-0.002225 0
-0.00225 0
-0.002275 0
-0.0023 0
-0.002325 0
-0.00235 0
-0.002375 0
-0.0024 0
-0.002425 0
-0.00245 0
-0.002475 0
-0.0025 0
-0.002525 0
-0.00255 0
-0.002575 0
-0.0026 0
-0.002625 0
-0.00265 0
-0.002675 0
-0.0027 0
-0.002725 0
-0.00275 0
-0.002775 0
-0.0028 0
-0.002825 0
-0.00285 0
-0.002875 0
-0.0029 0
-0.002925 0
-0.00295 0
-0.002975 0
-0.003 0
-0.003025 0
-0.00305 0
-0.003075 0
-0.0031 0
-0.003125 0
-0.00315 0
-0.003175 0
-0.0032 0
-0.003225 0
-0.00325 0
-0.003275 0
-0.0033 0
-0.003325 0
-0.00335 0
-0.003375 0
-0.0034 0
-0.003425 0
-0.00345 0
-0.003475 0
-0.0035 0
-0.003525 0
-0.00355 0
-0.003575 0
-0.0036 0
-0.003625 0
-0.00365 0
-0.003675 0
-0.0037 0
-0.003725 0
-0.00375 0
-0.003775 0
-0.0038 0
-0.003825 0
-0.00385 0
-0.003875 0
-0.0039 0
-0.003925 0
-0.00395 0
-0.003975 0
-0.004 0
-0.004025 0
-0.00405 0
-0.004075 0
-0.0041 0
-0.004125 0
-0.00415 0
-0.004175 0
-0.0042 0
-0.004225 0
-0.00425 0
-0.004275 0
-0.0043 0
-0.004325 0
-0.00435 0
-0.004375 0
-0.0044 0
-0.004425 0
-0.00445 0
-0.004475 0
-0.0045 0
-0.004525 0
-0.00455 0
-0.004575 0
-0.0046 0
-0.004625 0
-0.00465 0
-0.004675 0
-0.0047 0
-0.004725 0
-0.00475 0
-0.004775 0
-0.0048 0
-0.004825 0
-0.00485 0
-0.004875 0
-0.0049 0
-0.004925 0
-0.00495 0
-0.004975 0
-0.005 0
-0.005025 0
-0.00505 0
-0.005075 0
-0.0051 0
-0.005125 0
-0.00515 0
-0.005175 0
-0.0052 0
-0.005225 0
-0.00525 0
-0.005275 0
-0.0053 0
-0.005325 0
-0.00535 0
-0.005375 0
-0.0054 0
-0.005425 0
-0.00545 0
-0.005475 0
-0.0055 0
-0.005525 0
-0.00555 0
-0.005575 0
-0.0056 0
-0.005625 0
-0.00565 0
-0.005675 0
-0.0057 0
-0.005725 0
-0.00575 0
-0.005775 0
-0.0058 0
-0.005825 0
-0.00585 0
-0.005875 0
-0.0059 0
-0.005925 0
-0.00595 0
-0.005975 0
-0.006 0
-0.006025 0
-0.00605 0
-0.006075 0
-0.0061 0
-0.006125 0
-0.00615045 0.0447463
-0.00617618 0.117992
-0.00620191 0.191237
-0.00622764 0.264483
-0.00625338 0.337728
-0.00627911 0.410973
-0.00630484 0.484219
-0.00633057 0.557464
-0.00635631 0.63071
-0.00638204 0.703955
-0.00640777 0.777201
-0.0064335 0.850446
-0.00645924 0.923692
-0.00648497 0.996937
-0.0065107 1.07018
-0.00653643 1.14343
-0.00656217 1.21667
-0.0065879 1.28992
-0.00661363 1.36316
-0.00663936 1.43641
-0.0066651 1.50966
-0.00669083 1.5829
-0.00671656 1.65615
-0.00674229 1.72939
-0.00676803 1.80264
-0.00679376 1.87588
-0.00681949 1.94913
-0.00684522 2.02237
-0.00687096 2.09562
-0.00689669 2.16886
-0.00692242 2.24211
-0.00694815 2.31535
-0.00697389 2.3886
-0.00699962 2.46185
-0.00702535 2.53509
-0.00705108 2.60834
-0.00707682 2.68158
-0.00710255 2.75483
-0.00712828 2.82807
-0.00715401 2.90132
-0.00717975 2.97456
-0.00720548 3.04781
-0.00723121 3.12105
-0.00725694 3.1943
-0.00728268 3.26755
-0.00730841 3.34079
-0.00733414 3.41404
-0.00735987 3.48728
-0.00738561 3.56053
-0.00741134 3.63377
-0.00743707 3.70702
-0.0074628 3.78026
-0.00748854 3.85351
-0.00751427 3.92675
-0.00754 4
-0.007565 4
-0.00759 4
-0.007615 4
-0.00764 4
-0.007665 4
-0.00769 4
-0.007715 4
-0.00774 4
-0.007765 4
-0.00779 4
-0.007815 4
-0.00784 4
-0.007865 4
-0.00789 4
-0.007915 4
-0.00794 4
-0.007965 4
-0.00799 4
-0.008015 4
-0.00804 4
-0.008065 4
-0.00809 4
-0.008115 4
-0.00814 4
-0.008165 4
-0.00819 4
-0.008215 4
-0.00824 4
-0.008265 4
-0.00829 4
-0.008315 4
-0.00834 4
-0.008365 4
-0.00839 4
-0.008415 4
-0.00844 4
-0.008465 4
-0.00849 4
-0.008515 4
-0.00854 4
-0.008565 4
-0.00859 4
-0.008615 4
-0.00864 4
-0.008665 4
-0.00869 4
-0.008715 4
-0.00874 4
-0.008765 4
-0.00879 4
-0.00875894 3.39394
-0.00872788 2.78788
-0.00869682 2.18182
-0.00866897 1.89676
-0.00864365 1.8645
-0.00861832 1.83224
-0.008593 1.79998
-0.00856768 1.76771
-0.00854235 1.73545
-0.00851703 1.70319
-0.00849171 1.67093
-0.00846639 1.63867
-0.00844106 1.60641
-0.00841574 1.57414
-0.00839042 1.54188
-0.0083651 1.50962
-0.00833977 1.47736
-0.00831445 1.4451
-0.00828913 1.41283
-0.00826381 1.38057
-0.00823848 1.34831
-0.00821316 1.31605
-0.00818784 1.28379
-0.00816252 1.25153
-0.00813719 1.21926
-0.00811187 1.187
-0.00808655 1.15474
-0.00806122 1.12248
-0.0080359 1.09022
-0.00801058 1.05795
-0.00798526 1.02569
-0.00795993 0.99343
-0.00793461 0.961168
-0.00790929 0.928907
-0.00788397 0.896645
-0.00785864 0.864383
-0.00783332 0.832121
-0.007808 0.799859
-0.00778268 0.767597
-0.00775735 0.735336
-0.00773203 0.703074
-0.00770671 0.670812
-0.00768139 0.63855
-0.00765606 0.606288
-0.00763074 0.574026
-0.00760542 0.541764
-0.0075801 0.509503
-0.00755477 0.477241
-0.00752945 0.444979
-0.00750413 0.412717
-0.0074788 0.380455
-0.00745348 0.348193
-0.00742816 0.315931
-0.00740284 0.28367
-0.00737751 0.251408
-0.00735219 0.219146
-0.00732687 0.186884
-0.00730155 0.154622
-0.00727622 0.12236
-0.0072509 0.0900985
-0.00722558 0.0578367
-0.00720026 0.0255748
-0.007175 0
-0.00715 0
-0.007125 0
-0.0071 0
-0.007075 0
-0.00705 0
-0.007025 0
-0.007 0
-0.006975 0
-0.00695 0
-0.006925 0
-0.0069 0
-0.006875 0
-0.00685 0
-0.006825 0
-0.0068 0
-0.006775 0
-0.00675 0
-0.006725 0
-0.0067 0
-0.006675 0
-0.00665 0
-0.006625 0
-0.0066 0
-0.006575 0
-0.00655 0
-0.006525 0
-0.0065 0
-0.006475 0
-0.00645 0
-0.006425 0
-0.0064 0
-0.006375 0
-0.00635 0
-0.006325 0
-0.0063 0
-0.006275 0
-0.00625 0
-0.006225 0
-0.0062 0
-0.006175 0
-0.00615 0
-0.006125 0
-0.0061 0
-0.006075 0
-0.00605 0
-0.006025 0
-0.006 0
-0.005975 0
-0.00595 0
-0.005925 0
-0.0059 0
-0.005875 0
-0.00585 0
-0.005825 0
-0.0058 0
-0.005775 0
-0.00575 0
-0.005725 0
-0.0057 0
-0.005675 0
-0.00565 0
-0.005625 0
-0.0056 0
-0.005575 0
-0.00555 0
-0.005525 0
-0.0055 0
-0.005475 0
-0.00545 0
-0.005425 0
-0.0054 0
-0.005375 0
-0.00535 0
-0.005325 0
-0.0053 0
-0.005275 0
-0.00525 0
-0.005225 0
-0.0052 0
-0.005175 0
-0.00515 0
-0.005125 0
-0.0051 0
-0.005075 0
-0.00505 0
-0.005025 0
-0.005 0
-0.004975 0
-0.00495 0
-0.004925 0
-0.0049 0
-0.004875 0
-0.00485 0
-0.004825 0
-0.0048 0
-0.004775 0
-0.00475 0
-0.004725 0
-0.0047 0
-0.004675 0
-0.00465 0
-0.004625 0
-0.0046 0
-0.004575 0
-0.00455 0
-0.004525 0
-0.0045 0
-0.004475 0
-0.00445 0
-0.004425 0
-0.0044 0
-0.004375 0
-0.00435 0
-0.004325 0
-0.0043 0
-0.004275 0
-0.00425 0
-0.004225 0
-0.0042 0
-0.004175 0
-0.00415 0
-0.004125 0
-0.0041 0
-0.004075 0
-0.00405 0
-0.004025 0
-0.004 0
-0.003975 0
-0.00395 0
-0.003925 0
-0.0039 0
-0.003875 0
-0.00385 0
-0.003825 0
-0.0038 0
-0.003775 0
-0.00375 0
-0.003725 0
-0.0037 0
-0.003675 0
-0.00365 0
-0.003625 0
-0.0036 0
-0.003575 0
-0.00355 0
-0.003525 0
-0.0035 0
-0.003475 0
-0.00345 0
-0.003425 0
-0.0034 0
-0.003375 0
-0.00335 0
-0.003325 0
-0.0033 0
-0.003275 0
-0.00325 0
-0.003225 0
-0.0032 0
-0.003175 0
-0.00315 0
-0.003125 0
-0.0031 0
-0.003075 0
-0.00305 0
-0.003025 0
-0.003 0
-0.002975 0
-0.00295 0
-0.002925 0
-0.0029 0
-0.002875 0
-0.00285 0
-0.002825 0
-0.0028 0
-0.002775 0
-0.00275 0
-0.002725 0
-0.0027 0
-0.002675 0
-0.00265 0
-0.002625 0
-0.0026 0
-0.002575 0
-0.00255 0
-0.002525 0
-0.0025 0
-0.002475 0
-0.00245 0
-0.002425 0
-0.0024 0
-0.002375 0
-0.00235 0
-0.002325 0
-0.0023 0
-0.002275 0
-0.00225 0
-0.002225 0
-0.0022 0
-0.002175 0
-0.00215 0
-0.002125 0
-0.0021 0
-0.002075 0
-0.00205 0
-0.002025 0
-0.002 0
-0.001975 0
-0.00195 0
-0.001925 0
-0.0019 0
-0.001875 0
-0.00185 0
-0.001825 0
-0.0018 0
-0.001775 0
-0.00175 0
-0.001725 0
-0.0017 0
-0.001675 0
-0.00165 0
-0.001625 0
-0.0016 0
-0.001575 0
-0.00155 0
-0.001525 0
-0.0015 0
-0.001475 0
-0.00145 0
-0.001425 0
-0.0014 0
-0.001375 0
-0.00135 0
-0.001325 0
-0.0013 0
-0.001275 0
-0.00125 0
-0.001225 0
-0.0012 0
-0.001175 0
-0.00115 0
-0.001125 0
-0.0011 0
-0.001075 0
-0.00105 0
-0.001025 0
-0.001 0
-0.000975 0
-0.00095 0
-0.000925 0
-0.0009 0
-0.000875 0
-0.00085 0
-0.000825 0
-0.0008 0
-0.000775 0
-0.00075 0
-0.000725 0
-0.0007 0
-0.000675 0
-0.00065 0
-0.000625 0
-0.0006 0
-0.000575 0
-0.00055 0
-0.000525 0
-0.0005 0
-0.000475 0
-0.00045 0
-0.000425 0
-0.0004 0
-0.000375 0
-0.00035 0
-0.000325 0
-0.0003 0
-0.000275 0
-0.00025 0
-0.000225 0
-0.0002 0
-0.000175 0
-0.00015 0
-0.000125 0
-0.0001 0
-7.5e-05 0
-5e-05 0
-2.5e-05 0
-9.28348e-19 0
2.5e-05 0
5e-05 0
7.5e-05 0
0.0001 0
0.000125 0
0.00015 0
0.000175 0
0.0002 0
0.000225 0
0.00025 0
0.000275 0
0.0003 0
0.000325 0
0.00035 0
0.000375 0
0.0004 0
0.000425 0
0.00045 0
0.000475 0
0.0005 0
0.000525 0
0.00055 0
0.000575 0
0.0006 0
0.000625 0
0.00065 0
0.000675 0
0.0007 0
0.000725 0
0.00075 0
0.000775 0
0.0008 0
0.000825 0
0.00085 0
0.000875 0
0.00085 0
0.000825 0
0.0008 0
0.000775 0
0.00075 0
0.000725 0
0.0007 0
0.000675 0
0.00065 0
0.000625 0
0.0006 0
0.000575 0
0.00055 0
0.000525 0
0.0005 0
0.000475 0
0.00045 0
0.000425 0
0.0004 0
0.000375 0
0.00035 0
0.000325 0
0.0003 0
0.000275 0
0.00025 0
0.000225 0
0.0002 0
0.000175 0
0.00015 0
0.000125 0
0.0001 0
7.5e-05 0
5e-05 0
2.5e-05 0
-9.14796e-19 0
