-2.75567e-05 -2.5e-05
-5.50987e-05 -5e-05
-8.26258e-05 -7.5e-05
-0.000110138 -0.0001
-0.000137636 -0.000125
-0.000165118 -0.00015
-0.000192586 -0.000175
-0.000220038 -0.0002
-0.000247476 -0.000225
-0.000274899 -0.00025
-0.000302306 -0.000275
-0.000329699 -0.0003
-0.000357076 -0.000325
-0.000384438 -0.00035
-0.000411786 -0.000375
-0.000439117 -0.0004
-0.000466434 -0.000425
-0.000493736 -0.00045
-0.000521022 -0.000475
-0.000548292 -0.0005
-0.000575548 -0.000525
-0.000602788 -0.00055
-0.000630013 -0.000575
-0.000657222 -0.0006
-0.000684416 -0.000625
-0.000711594 -0.00065
-0.000738757 -0.000675
-0.000765904 -0.0007
-0.000793035 -0.000725
-0.000820151 -0.00075
-0.000847251 -0.000775
-0.000874336 -0.0008
-0.000901404 -0.000825
-0.000928457 -0.00085
-0.000955495 -0.000875
-0.000982516 -0.0009
-0.00100952 -0.000925
-0.00103651 -0.00095
-0.00106348 -0.000975
-0.00109044 -0.001
-0.00111738 -0.001025
-0.00114431 -0.00105
-0.00117122 -0.001075
-0.00119811 -0.0011
-0.00122499 -0.001125
-0.00125185 -0.00115
-0.0012787 -0.001175
-0.00130553 -0.0012
-0.00133234 -0.001225
-0.00135913 -0.00125
-0.00133157 -0.001225
-0.00130401 -0.0012
-0.00127644 -0.001175
-0.00124888 -0.00115
-0.00122131 -0.001125
-0.00119375 -0.0011
-0.00116619 -0.001075
-0.00113862 -0.00105
-0.00111106 -0.001025
-0.00108349 -0.001
-0.00105593 -0.000975
-0.00102837 -0.00095
-0.0010008 -0.000925
-0.000973237 -0.0009
-0.000945673 -0.000875
-0.000918109 -0.00085
-0.000890545 -0.000825
-0.000862981 -0.0008
-0.000835416 -0.000775
-0.000807852 -0.00075
-0.000780288 -0.000725
-0.000752724 -0.0007
-0.00072516 -0.000675
-0.000697596 -0.00065
-0.000670032 -0.000625
-0.000642468 -0.0006
-0.000614904 -0.000575
-0.00058734 -0.00055
-0.000559775 -0.000525
-0.000532211 -0.0005
-0.000504647 -0.000475
-0.000477083 -0.00045
-0.000449519 -0.000425
-0.000421955 -0.0004
-0.000394391 -0.000375
-0.000366827 -0.00035
-0.000339263 -0.000325
-0.000312457 -0.0003
-0.000286282 -0.000275
-0.000260106 -0.00025
-0.00023393 -0.000225
-0.000207755 -0.0002
-0.000181579 -0.000175
-0.000155403 -0.00015
-0.000129228 -0.000125
-0.000103052 -0.0001
-7.68763e-05 -7.5e-05
-5.07006e-05 -5e-05
-2.39639e-05 -2.5e-05
3.60017e-06 -6.09864e-20
3.11643e-05 2.5e-05
5.87284e-05 5e-05
8.62925e-05 7.5e-05
0.000113857 0.0001
0.000141421 0.000125
0.000113857 0.0001
8.62925e-05 7.5e-05
5.87284e-05 5e-05
3.11643e-05 2.5e-05
3.60017e-06 -4.74338e-20
-2.39639e-05 -2.5e-05
-5.13383e-05 -5e-05
-7.85841e-05 -7.5e-05
-0.00010583 -0.0001
-0.000133076 -0.000125
-0.000160321 -0.00015
-0.000187567 -0.000175
-0.000214813 -0.0002
-0.000242059 -0.000225
-0.000269304 -0.00025
-0.00029655 -0.000275
-0.000323796 -0.0003
-0.000351042 -0.000325
-0.000378287 -0.00035
-0.000405533 -0.000375
-0.000432779 -0.0004
-0.000460025 -0.000425
-0.00048727 -0.00045
-0.000514516 -0.000475
-0.000541762 -0.0005
-0.000569008 -0.000525
-0.000596253 -0.00055
-0.000623499 -0.000575
-0.000650745 -0.0006
-0.000677991 -0.000625
-0.000705236 -0.00065
-0.000732482 -0.000675
-0.000759728 -0.0007
-0.000786974 -0.000725
-0.000814219 -0.00075
-0.000841465 -0.000775
-0.000868711 -0.0008
-0.000895957 -0.000825
-0.000923202 -0.00085
-0.000950448 -0.000875
-0.000977694 -0.0009
-0.00100494 -0.000925
-0.00103219 -0.00095
-0.00105943 -0.000975
-0.00108668 -0.001
-0.00111392 -0.001025
-0.00114117 -0.00105
-0.00116841 -0.001075
-0.00119566 -0.0011
-0.00122291 -0.001125
-0.00125015 -0.00115
-0.0012774 -0.001175
-0.00130464 -0.0012
-0.00133189 -0.001225
-0.00135913 -0.00125
-0.00138591 -0.001275
-0.00141268 -0.0013
-0.00143943 -0.001325
-0.00146616 -0.00135
-0.00149287 -0.001375
-0.00151957 -0.0014
-0.00154625 -0.001425
-0.00157291 -0.00145
-0.00159956 -0.001475
-0.00162619 -0.0015
-0.00165281 -0.001525
-0.00167941 -0.00155
-0.00170599 -0.001575
-0.00173255 -0.0016
-0.0017591 -0.001625
-0.00178563 -0.00165
-0.00181214 -0.001675
-0.00183864 -0.0017
-0.00186512 -0.001725
-0.00189158 -0.00175
-0.00191803 -0.001775
-0.00194446 -0.0018
-0.00197087 -0.001825
-0.00199726 -0.00185
-0.00202364 -0.001875
-0.00205 -0.0019
-0.00207634 -0.001925
-0.00210267 -0.00195
-0.00212898 -0.001975
-0.00215527 -0.002
-0.00218154 -0.002025
-0.0022078 -0.00205
-0.00223403 -0.002075
-0.00226025 -0.0021
-0.00228646 -0.002125
-0.00231264 -0.00215
-0.00233881 -0.002175
-0.00236496 -0.0022
-0.00239109 -0.002225
-0.00241721 -0.00225
-0.00244331 -0.002275
-0.00246938 -0.0023
-0.00249545 -0.002325
-0.00252149 -0.00235
-0.00254751 -0.002375
-0.00257352 -0.0024
-0.00259951 -0.002425
-0.00262548 -0.00245
-0.00265143 -0.002475
-0.00267737 -0.0025
-0.00270328 -0.002525
-0.00272918 -0.00255
-0.00275506 -0.002575
-0.00278092 -0.0026
-0.00280677 -0.002625
-0.00283259 -0.00265
-0.0028584 -0.002675
-0.00288419 -0.0027
-0.00290995 -0.002725
-0.00293571 -0.00275
-0.00296144 -0.002775
-0.00298715 -0.0028
-0.00301284 -0.002825
-0.00303852 -0.00285
-0.00306418 -0.002875
-0.00308982 -0.0029
-0.00311543 -0.002925
-0.00314103 -0.00295
-0.00316662 -0.002975
-0.00319218 -0.003
-0.00321772 -0.003025
-0.00324324 -0.00305
-0.00326875 -0.003075
-0.00329423 -0.0031
-0.0033197 -0.003125
-0.00334515 -0.00315
-0.00337058 -0.003175
-0.00339598 -0.0032
-0.00342137 -0.003225
-0.00344674 -0.00325
-0.00347209 -0.003275
-0.00349742 -0.0033
-0.00352273 -0.003325
-0.00354802 -0.00335
-0.00357329 -0.003375
-0.00359854 -0.0034
-0.00362378 -0.003425
-0.00364899 -0.00345
-0.00367418 -0.003475
-0.00369935 -0.0035
-0.0037245 -0.003525
-0.00374963 -0.00355
-0.00377475 -0.003575
-0.00379984 -0.0036
-0.00382491 -0.003625
-0.00384996 -0.00365
-0.00387499 -0.003675
-0.0039 -0.0037
-0.00392444 -0.003725
-0.00394888 -0.00375
-0.00392132 -0.003725
-0.00389376 -0.0037
-0.00386619 -0.003675
-0.00383863 -0.00365
-0.00381106 -0.003625
-0.0037835 -0.0036
-0.00375594 -0.003575
-0.00372837 -0.00355
-0.00370081 -0.003525
-0.00367324 -0.0035
-0.00364568 -0.003475
-0.00361812 -0.00345
-0.00359055 -0.003425
-0.00356299 -0.0034
-0.00353542 -0.003375
-0.00350786 -0.00335
-0.0034803 -0.003325
-0.00345273 -0.0033
-0.00342517 -0.003275
-0.0033976 -0.00325
-0.00337004 -0.003225
-0.00334247 -0.0032
-0.00331491 -0.003175
-0.00328735 -0.00315
-0.00325978 -0.003125
-0.00323222 -0.0031
-0.00320465 -0.003075
-0.00317709 -0.00305
-0.00314953 -0.003025
-0.00312196 -0.003
-0.0030944 -0.002975
-0.00306683 -0.00295
-0.00303927 -0.002925
-0.00301171 -0.0029
-0.00298414 -0.002875
-0.00295658 -0.00285
-0.00292901 -0.002825
-0.00290145 -0.0028
-0.00287388 -0.002775
-0.00284632 -0.00275
-0.00281876 -0.002725
-0.00279119 -0.0027
-0.00276363 -0.002675
-0.00273606 -0.00265
-0.0027085 -0.002625
-0.00268094 -0.0026
-0.00265337 -0.002575
-0.00262581 -0.00255
-0.00259824 -0.002525
-0.00257068 -0.0025
-0.00254312 -0.002475
-0.00251555 -0.00245
-0.00248907 -0.002425
-0.00246335 -0.0024
-0.00243763 -0.002375
-0.00241191 -0.00235
-0.00238618 -0.002325
-0.00236046 -0.0023
-0.00233474 -0.002275
-0.00230902 -0.00225
-0.0022833 -0.002225
-0.00225758 -0.0022
-0.00223186 -0.002175
-0.00220613 -0.00215
-0.00218041 -0.002125
-0.00215469 -0.0021
-0.00212897 -0.002075
-0.00210325 -0.00205
-0.00207753 -0.002025
-0.0020518 -0.002
-0.00202608 -0.001975
-0.00200036 -0.00195
-0.00197464 -0.001925
-0.00194892 -0.0019
-0.0019232 -0.001875
-0.00189748 -0.00185
-0.00187175 -0.001825
-0.00184603 -0.0018
-0.00182031 -0.001775
-0.00179459 -0.00175
-0.00176887 -0.001725
-0.00174315 -0.0017
-0.00171742 -0.001675
-0.0016917 -0.00165
-0.00166598 -0.001625
-0.00164026 -0.0016
-0.00161454 -0.001575
-0.00158882 -0.00155
-0.0015631 -0.001525
-0.00153737 -0.0015
-0.00151165 -0.001475
-0.00148593 -0.00145
-0.00146021 -0.001425
-0.00143449 -0.0014
-0.00140877 -0.001375
-0.00138304 -0.00135
-0.00135732 -0.001325
-0.0013316 -0.0013
-0.00130588 -0.001275
-0.00128016 -0.00125
-0.00125444 -0.001225
-0.00122872 -0.0012
-0.00120299 -0.001175
-0.00117727 -0.00115
-0.00115155 -0.001125
-0.00112583 -0.0011
-0.00110011 -0.001075
-0.00107439 -0.00105
-0.00104866 -0.001025
-0.00102294 -0.001
-0.000997222 -0.000975
-0.0009715 -0.00095
-0.000945779 -0.000925
-0.000920057 -0.0009
-0.000894336 -0.000875
-0.000868614 -0.00085
-0.000842893 -0.000825
-0.000817171 -0.0008
-0.000791449 -0.000775
-0.000765728 -0.00075
-0.000740006 -0.000725
-0.000714285 -0.0007
-0.000688563 -0.000675
-0.000662842 -0.00065
-0.00063712 -0.000625
-0.000611399 -0.0006
-0.000585677 -0.000575
-0.000559956 -0.00055
-0.000534234 -0.000525
-0.000508513 -0.0005
-0.000482791 -0.000475
-0.000457069 -0.00045
-0.000431348 -0.000425
-0.000405626 -0.0004
-0.000379905 -0.000375
-0.000354183 -0.00035
-0.000328462 -0.000325
-0.00030274 -0.0003
-0.000277019 -0.000275
-0.000251297 -0.00025
-0.000225576 -0.000225
-0.000199481 -0.0002
-0.000171917 -0.000175
-0.000144353 -0.00015
-0.000116789 -0.000125
-8.9225e-05 -0.0001
-6.16609e-05 -7.5e-05
-3.40967e-05 -5e-05
-6.53265e-06 -2.5e-05
2.10315e-05 -6.09864e-20
4.85956e-05 2.5e-05
7.61597e-05 5e-05
0.000103724 7.5e-05
0.000131288 0.0001
0.000158852 0.000125
0.000186416 0.00015
0.00021398 0.000175
0.000236236 0.0002
0.000254986 0.000225
0.000273736 0.00025
0.000292486 0.000275
0.000311236 0.0003
0.000329986 0.000325
0.00035 0.00035
0.000375 0.000375
0.00035 0.00035
0.000325 0.000325
0.0003 0.0003
0.000275 0.000275
0.00025 0.00025
0.000225 0.000225
0.0002 0.0002
0.000175 0.000175
0.00015 0.00015
0.000125 0.000125
0.0001 0.0001
7.5e-05 7.5e-05
5e-05 5e-05
2.5e-05 2.5e-05
-4.74338e-20 -4.74338e-20
-2.5e-05 -2.5e-05
-5e-05 -5e-05
-7.5e-05 -7.5e-05
-0.0001 -0.0001
-0.000125 -0.000125
-0.00015 -0.00015
-0.000175 -0.000175
-0.0002 -0.0002
-0.000226119 -0.000225
-0.000252521 -0.00025
-0.000278924 -0.000275
-0.000305327 -0.0003
-0.000331729 -0.000325
-0.000358132 -0.00035
-0.000384534 -0.000375
-0.000410937 -0.0004
-0.00043734 -0.000425
-0.000463742 -0.00045
-0.000490145 -0.000475
-0.000516547 -0.0005
-0.00054295 -0.000525
-0.000569353 -0.00055
-0.000595755 -0.000575
-0.000622158 -0.0006
-0.00064856 -0.000625
-0.000674963 -0.00065
-0.000701366 -0.000675
-0.000727768 -0.0007
-0.000754171 -0.000725
-0.000780573 -0.00075
-0.000806976 -0.000775
-0.000833379 -0.0008
-0.000859781 -0.000825
-0.000886184 -0.00085
-0.000912586 -0.000875
-0.000938989 -0.0009
-0.000965392 -0.000925
-0.000991794 -0.00095
-0.0010182 -0.000975
-0.0010446 -0.001
-0.001071 -0.001025
-0.0010974 -0.00105
-0.00112381 -0.001075
-0.00115021 -0.0011
-0.00117661 -0.001125
-0.00120301 -0.00115
-0.00122942 -0.001175
-0.00125582 -0.0012
-0.00128222 -0.001225
-0.00130863 -0.00125
-0.00133503 -0.001275
-0.00136143 -0.0013
-0.00138783 -0.001325
-0.00141424 -0.00135
-0.00144064 -0.001375
-0.00146704 -0.0014
-0.00149344 -0.001425
-0.00151985 -0.00145
-0.00154625 -0.001475
-0.00157265 -0.0015
-0.00159905 -0.001525
-0.00162546 -0.00155
-0.00165186 -0.001575
-0.00167826 -0.0016
-0.00170466 -0.001625
-0.00173107 -0.00165
-0.00175747 -0.001675
-0.00178387 -0.0017
-0.00181027 -0.001725
-0.00183668 -0.00175
-0.00186308 -0.001775
-0.00188948 -0.0018
-0.00191588 -0.001825
-0.00194229 -0.00185
-0.00196869 -0.001875
-0.00199509 -0.0019
-0.0020215 -0.001925
-0.0020479 -0.00195
-0.0020743 -0.001975
-0.0021007 -0.002
-0.00212711 -0.002025
-0.00215351 -0.00205
-0.00217991 -0.002075
-0.00220631 -0.0021
-0.00223272 -0.002125
-0.00225912 -0.00215
-0.00228552 -0.002175
-0.00231192 -0.0022
-0.00233833 -0.002225
-0.00236473 -0.00225
-0.00239113 -0.002275
-0.00241753 -0.0023
-0.00244394 -0.002325
-0.00247034 -0.00235
-0.00249674 -0.002375
-0.00252314 -0.0024
-0.00254955 -0.002425
-0.00257595 -0.00245
-0.00260235 -0.002475
-0.00262876 -0.0025
-0.00265516 -0.002525
-0.00268156 -0.00255
-0.00270796 -0.002575
-0.00273437 -0.0026
-0.00276077 -0.002625
-0.00278717 -0.00265
-0.00281357 -0.002675
-0.00283998 -0.0027
-0.00286638 -0.002725
-0.00289278 -0.00275
-0.00291918 -0.002775
-0.00294559 -0.0028
-0.00297199 -0.002825
-0.00299839 -0.00285
-0.00302479 -0.002875
-0.0030512 -0.0029
-0.0030776 -0.002925
-0.003104 -0.00295
-0.0031304 -0.002975
-0.00315681 -0.003
-0.00318321 -0.003025
-0.00320961 -0.00305
-0.00323601 -0.003075
-0.00326242 -0.0031
-0.00328882 -0.003125
-0.00331522 -0.00315
-0.00334163 -0.003175
-0.00336803 -0.0032
-0.00339443 -0.003225
-0.00342083 -0.00325
-0.00344724 -0.003275
-0.00347364 -0.0033
-0.00350004 -0.003325
-0.00352644 -0.00335
-0.00355285 -0.003375
-0.00357925 -0.0034
-0.00360565 -0.003425
-0.00363205 -0.00345
-0.00365846 -0.003475
-0.00368486 -0.0035
-0.00371126 -0.003525
-0.00373766 -0.00355
-0.00376407 -0.003575
-0.00379047 -0.0036
-0.00381687 -0.003625
-0.00384327 -0.00365
-0.00386968 -0.003675
-0.00389608 -0.0037
-0.00392248 -0.003725
-0.00394888 -0.00375
-0.00397333 -0.003775
-0.00399777 -0.0038
-0.00402221 -0.003825
-0.00404665 -0.00385
-0.0040711 -0.003875
-0.00409554 -0.0039
-0.00411998 -0.003925
-0.00414442 -0.00395
-0.00416887 -0.003975
-0.00419331 -0.004
-0.00421775 -0.004025
-0.00424219 -0.00405
-0.00426664 -0.004075
-0.00429108 -0.0041
-0.00431552 -0.004125
-0.00433996 -0.00415
-0.00436441 -0.004175
-0.00438885 -0.0042
-0.00441329 -0.004225
-0.00443773 -0.00425
-0.00446217 -0.004275
-0.00448662 -0.0043
-0.00451106 -0.004325
-0.0045355 -0.00435
-0.00455994 -0.004375
-0.00458439 -0.0044
-0.00460883 -0.004425
-0.00463327 -0.00445
-0.00465771 -0.004475
-0.00468216 -0.0045
-0.0047066 -0.004525
-0.00473104 -0.00455
-0.00475548 -0.004575
-0.00477993 -0.0046
-0.00480437 -0.004625
-0.00482881 -0.00465
-0.00485325 -0.004675
-0.0048777 -0.0047
-0.00490214 -0.004725
-0.00492658 -0.00475
-0.00495102 -0.004775
-0.00497546 -0.0048
-0.00499991 -0.004825
-0.00502435 -0.00485
-0.00504879 -0.004875
-0.00507323 -0.0049
-0.00509768 -0.004925
-0.00512212 -0.00495
-0.00514656 -0.004975
-0.005171 -0.005
-0.00514344 -0.004975
-0.00511588 -0.00495
-0.00508831 -0.004925
-0.00506075 -0.0049
-0.00503318 -0.004875
-0.00500562 -0.00485
-0.00497805 -0.004825
-0.00495049 -0.0048
-0.00492293 -0.004775
-0.00489536 -0.00475
-0.0048678 -0.004725
-0.00484023 -0.0047
-0.00481267 -0.004675
-0.00478511 -0.00465
-0.00475754 -0.004625
-0.00472998 -0.0046
-0.00470241 -0.004575
-0.00467485 -0.00455
-0.00464729 -0.004525
-0.00461972 -0.0045
-0.00459216 -0.004475
-0.00456459 -0.00445
-0.00453703 -0.004425
-0.00450947 -0.0044
-0.0044819 -0.004375
-0.00445434 -0.00435
-0.00442677 -0.004325
-0.00439921 -0.0043
-0.00437164 -0.004275
-0.00434408 -0.00425
-0.00431652 -0.004225
-0.00428895 -0.0042
-0.00426139 -0.004175
-0.00423382 -0.00415
-0.00420626 -0.004125
-0.0041787 -0.0041
-0.00415113 -0.004075
-0.00412357 -0.00405
-0.004096 -0.004025
-0.00406844 -0.004
-0.00404259 -0.003975
-0.00401711 -0.00395
-0.00399163 -0.003925
-0.00396616 -0.0039
-0.00394068 -0.003875
-0.0039152 -0.00385
-0.00388972 -0.003825
-0.00386425 -0.0038
-0.00383877 -0.003775
-0.00381329 -0.00375
-0.00378782 -0.003725
-0.00376234 -0.0037
-0.00373686 -0.003675
-0.00371139 -0.00365
-0.00368591 -0.003625
-0.00366043 -0.0036
-0.00363496 -0.003575
-0.00360948 -0.00355
-0.003584 -0.003525
-0.00355853 -0.0035
-0.00353305 -0.003475
-0.00350757 -0.00345
-0.0034821 -0.003425
-0.00345662 -0.0034
-0.00343114 -0.003375
-0.00340567 -0.00335
-0.00338019 -0.003325
-0.00335471 -0.0033
-0.00332924 -0.003275
-0.00330376 -0.00325
-0.00327828 -0.003225
-0.00325281 -0.0032
-0.00322733 -0.003175
-0.00320185 -0.00315
-0.00317638 -0.003125
-0.0031509 -0.0031
-0.00312542 -0.003075
-0.00309995 -0.00305
-0.00307447 -0.003025
-0.00304899 -0.003
-0.00302352 -0.002975
-0.00299804 -0.00295
-0.00297256 -0.002925
-0.00294709 -0.0029
-0.00292161 -0.002875
-0.00289613 -0.00285
-0.00287065 -0.002825
-0.00284518 -0.0028
-0.0028197 -0.002775
-0.00279422 -0.00275
-0.00276875 -0.002725
-0.00274327 -0.0027
-0.00271779 -0.002675
-0.00269232 -0.00265
-0.00266684 -0.002625
-0.00264136 -0.0026
-0.00261589 -0.002575
-0.00259041 -0.00255
-0.00256493 -0.002525
-0.00253946 -0.0025
-0.00251398 -0.002475
-0.0024885 -0.00245
-0.00246303 -0.002425
-0.00243755 -0.0024
-0.00241207 -0.002375
-0.0023866 -0.00235
-0.00236112 -0.002325
-0.00233564 -0.0023
-0.00231017 -0.002275
-0.00228469 -0.00225
-0.00225921 -0.002225
-0.00223374 -0.0022
-0.00220826 -0.002175
-0.00218278 -0.00215
-0.00215731 -0.002125
-0.00213183 -0.0021
-0.00210635 -0.002075
-0.00208088 -0.00205
-0.0020554 -0.002025
-0.00202992 -0.002
-0.00200445 -0.001975
-0.00197897 -0.00195
-0.00195349 -0.001925
-0.00192801 -0.0019
-0.00190254 -0.001875
-0.00187706 -0.00185
-0.00185158 -0.001825
-0.00182611 -0.0018
-0.00180063 -0.001775
-0.00177515 -0.00175
-0.00174968 -0.001725
-0.0017242 -0.0017
-0.00169872 -0.001675
-0.00167325 -0.00165
-0.00164777 -0.001625
-0.00162229 -0.0016
-0.00159682 -0.001575
-0.00157134 -0.00155
-0.00154586 -0.001525
-0.00152039 -0.0015
-0.00149491 -0.001475
-0.00146943 -0.00145
-0.00144396 -0.001425
-0.00141848 -0.0014
-0.001393 -0.001375
-0.00136753 -0.00135
-0.00134205 -0.001325
-0.00131657 -0.0013
-0.0012911 -0.001275
-0.00126562 -0.00125
-0.00124014 -0.001225
-0.00121467 -0.0012
-0.00118919 -0.001175
-0.00116371 -0.00115
-0.00113824 -0.001125
-0.00111276 -0.0011
-0.00108728 -0.001075
-0.00106181 -0.00105
-0.00103633 -0.001025
-0.00101085 -0.001
-0.000985375 -0.000975
-0.000959898 -0.00095
-0.000934421 -0.000925
-0.000908945 -0.0009
-0.000883468 -0.000875
-0.000857991 -0.00085
-0.000832514 -0.000825
-0.000807038 -0.0008
-0.000781561 -0.000775
-0.000756084 -0.00075
-0.000730607 -0.000725
-0.000705131 -0.0007
-0.000679654 -0.000675
-0.000654177 -0.00065
-0.0006287 -0.000625
-0.000603224 -0.0006
-0.000577747 -0.000575
-0.00055227 -0.00055
-0.000526793 -0.000525
-0.000501317 -0.0005
-0.00047584 -0.000475
-0.000450363 -0.00045
-0.000425 -0.000425
-0.0004 -0.0004
-0.000375 -0.000375
-0.00035 -0.00035
-0.000325 -0.000325
-0.0003 -0.0003
-0.000275 -0.000275
-0.00025 -0.00025
-0.000225 -0.000225
-0.0002 -0.0002
-0.000175 -0.000175
-0.00015 -0.00015
-0.000125 -0.000125
-0.0001 -0.0001
-7.5e-05 -7.5e-05
-5e-05 -5e-05
-2.5e-05 -2.5e-05
-6.09864e-20 -6.09864e-20
2.5e-05 2.5e-05
5e-05 5e-05
7.5e-05 7.5e-05
0.0001 0.0001
0.000125 0.000125
0.00015 0.00015
0.000175 0.000175
0.0002 0.0002
0.000225 0.000225
0.00025 0.00025
0.000275 0.000275
0.0003 0.0003
0.000325 0.000325
0.00035 0.00035
0.000375 0.000375
0.0004 0.0004
0.000425 0.000425
0.00045 0.00045
0.000475 0.000475
0.0005 0.0005
0.000475 0.000475
0.00045 0.00045
0.000425 0.000425
0.0004 0.0004
0.000375 0.000375
0.00035 0.00035
0.000325 0.000325
0.0003 0.0003
0.000275 0.000275
0.00025 0.00025
0.000225 0.000225
0.0002 0.0002
0.000175 0.000175
0.00015 0.00015
0.000125 0.000125
0.0001 0.0001
7.5e-05 7.5e-05
5e-05 5e-05
2.5e-05 2.5e-05
-4.74338e-20 -4.74338e-20
-2.5e-05 -2.5e-05
-5e-05 -5e-05
-7.5e-05 -7.5e-05
-0.0001 -0.0001
-0.000125 -0.000125
-0.00015 -0.00015
-0.000175 -0.000175
-0.0002 -0.0002
-0.000225 -0.000225
-0.00025 -0.00025
-0.000275 -0.000275
-0.0003 -0.0003
-0.000325 -0.000325
-0.00035 -0.00035
-0.000375 -0.000375
-0.0004 -0.0004
-0.000425 -0.000425
-0.000450713 -0.00045
-0.000476648 -0.000475
-0.000502584 -0.0005
-0.00052852 -0.000525
-0.000554455 -0.00055
-0.000580391 -0.000575
-0.000606327 -0.0006
-0.000632262 -0.000625
-0.000658198 -0.00065
-0.000684134 -0.000675
-0.000710069 -0.0007
-0.000736005 -0.000725
-0.000761941 -0.00075
-0.000787876 -0.000775
-0.000813812 -0.0008
-0.000839748 -0.000825
-0.000865683 -0.00085
-0.000891619 -0.000875
-0.000917555 -0.0009
-0.00094349 -0.000925
-0.000969426 -0.00095
-0.000995362 -0.000975
-0.0010213 -0.001
-0.00104723 -0.001025
-0.00107317 -0.00105
-0.0010991 -0.001075
-0.00112504 -0.0011
-0.00115098 -0.001125
-0.00117691 -0.00115
-0.00120285 -0.001175
-0.00122878 -0.0012
-0.00125472 -0.001225
-0.00128065 -0.00125
-0.00130659 -0.001275
-0.00133253 -0.0013
-0.00135846 -0.001325
-0.0013844 -0.00135
-0.00141033 -0.001375
-0.00143627 -0.0014
-0.0014622 -0.001425
-0.00148814 -0.00145
-0.00151407 -0.001475
-0.00154001 -0.0015
-0.00156595 -0.001525
-0.00159188 -0.00155
-0.00161782 -0.001575
-0.00164375 -0.0016
-0.00166969 -0.001625
-0.00169562 -0.00165
-0.00172156 -0.001675
-0.0017475 -0.0017
-0.00177343 -0.001725
-0.00179937 -0.00175
-0.0018253 -0.001775
-0.00185124 -0.0018
-0.00187717 -0.001825
-0.00190311 -0.00185
-0.00192905 -0.001875
-0.00195498 -0.0019
-0.00198092 -0.001925
-0.00200685 -0.00195
-0.00203279 -0.001975
-0.00205872 -0.002
-0.00208466 -0.002025
-0.0021106 -0.00205
-0.00213653 -0.002075
-0.00216247 -0.0021
-0.0021884 -0.002125
-0.00221434 -0.00215
-0.00224027 -0.002175
-0.00226621 -0.0022
-0.00229214 -0.002225
-0.00231808 -0.00225
-0.00234402 -0.002275
-0.00236995 -0.0023
-0.00239589 -0.002325
-0.00242182 -0.00235
-0.00244776 -0.002375
-0.00247369 -0.0024
-0.00249963 -0.002425
-0.00252557 -0.00245
-0.0025515 -0.002475
-0.00257744 -0.0025
-0.00260337 -0.002525
-0.00262931 -0.00255
-0.00265524 -0.002575
-0.00268118 -0.0026
-0.00270712 -0.002625
-0.00273305 -0.00265
-0.00275899 -0.002675
-0.00278492 -0.0027
-0.00281086 -0.002725
-0.00283679 -0.00275
-0.00286273 -0.002775
-0.00288867 -0.0028
-0.0029146 -0.002825
-0.00294054 -0.00285
-0.00296647 -0.002875
-0.00299241 -0.0029
-0.00301834 -0.002925
-0.00304428 -0.00295
-0.00307021 -0.002975
-0.00309615 -0.003
-0.00312209 -0.003025
-0.00314802 -0.00305
-0.00317396 -0.003075
-0.00319989 -0.0031
-0.00322583 -0.003125
-0.00325176 -0.00315
-0.0032777 -0.003175
-0.00330364 -0.0032
-0.00332957 -0.003225
-0.00335551 -0.00325
-0.00338144 -0.003275
-0.00340738 -0.0033
-0.00343331 -0.003325
-0.00345925 -0.00335
-0.00348519 -0.003375
-0.00351112 -0.0034
-0.00353706 -0.003425
-0.00356299 -0.00345
-0.00358893 -0.003475
-0.00361486 -0.0035
-0.0036408 -0.003525
-0.00366674 -0.00355
-0.00369267 -0.003575
-0.00371861 -0.0036
-0.00374454 -0.003625
-0.00377048 -0.00365
-0.00379641 -0.003675
-0.00382235 -0.0037
-0.00384828 -0.003725
-0.00387422 -0.00375
-0.00390016 -0.003775
-0.00392609 -0.0038
-0.00395203 -0.003825
-0.00397796 -0.00385
-0.0040039 -0.003875
-0.00402983 -0.0039
-0.00405577 -0.003925
-0.00408171 -0.00395
-0.00410764 -0.003975
-0.00413358 -0.004
-0.00415951 -0.004025
-0.00418545 -0.00405
-0.00421138 -0.004075
-0.00423732 -0.0041
-0.00426326 -0.004125
-0.00428919 -0.00415
-0.00431513 -0.004175
-0.00434106 -0.0042
-0.004367 -0.004225
-0.00439293 -0.00425
-0.00441887 -0.004275
-0.00444481 -0.0043
-0.00447074 -0.004325
-0.00449668 -0.00435
-0.00452261 -0.004375
-0.00454855 -0.0044
-0.00457448 -0.004425
-0.00460042 -0.00445
-0.00462635 -0.004475
-0.00465229 -0.0045
-0.00467823 -0.004525
-0.00470416 -0.00455
-0.0047301 -0.004575
-0.00475603 -0.0046
-0.00478197 -0.004625
-0.0048079 -0.00465
-0.00483384 -0.004675
-0.00485978 -0.0047
-0.00488571 -0.004725
-0.00491165 -0.00475
-0.00493758 -0.004775
-0.00496352 -0.0048
-0.00498945 -0.004825
-0.00501539 -0.00485
-0.00504133 -0.004875
-0.00506726 -0.0049
-0.0050932 -0.004925
-0.00511913 -0.00495
-0.00514507 -0.004975
-0.005171 -0.005
-0.00519545 -0.005025
-0.00521989 -0.00505
-0.00524433 -0.005075
-0.00526877 -0.0051
-0.00529322 -0.005125
-0.00531766 -0.00515
-0.0053421 -0.005175
-0.00536654 -0.0052
-0.00539099 -0.005225
-0.00541543 -0.00525
-0.00543987 -0.005275
-0.00546431 -0.0053
-0.00548875 -0.005325
-0.0055132 -0.00535
-0.00553764 -0.005375
-0.00556208 -0.0054
-0.00558652 -0.005425
-0.00561097 -0.00545
-0.00563541 -0.005475
-0.00565985 -0.0055
-0.00568429 -0.005525
-0.00570874 -0.00555
-0.00573318 -0.005575
-0.00575762 -0.0056
-0.00578206 -0.005625
-0.00580651 -0.00565
-0.00583095 -0.005675
-0.00585539 -0.0057
-0.00587983 -0.005725
-0.00590428 -0.00575
-0.00592872 -0.005775
-0.00595316 -0.0058
-0.0059776 -0.005825
-0.00600204 -0.00585
-0.00602649 -0.005875
-0.00605093 -0.0059
-0.00607537 -0.005925
-0.00609981 -0.00595
-0.00612426 -0.005975
-0.0061487 -0.006
-0.00617314 -0.006025
-0.00619758 -0.00605
-0.00622203 -0.006075
-0.00624647 -0.0061
-0.00627091 -0.006125
-0.00629535 -0.00615
-0.0063198 -0.006175
-0.00634424 -0.0062
-0.00636868 -0.006225
-0.00639312 -0.00625
-0.00636556 -0.006225
-0.00633799 -0.0062
-0.00631043 -0.006175
-0.00628287 -0.00615
-0.0062553 -0.006125
-0.00622774 -0.0061
-0.00620017 -0.006075
-0.00617261 -0.00605
-0.00614505 -0.006025
-0.00611748 -0.006
-0.00608992 -0.005975
-0.00606235 -0.00595
-0.00603479 -0.005925
-0.00600723 -0.0059
-0.00597966 -0.005875
-0.0059521 -0.00585
-0.00592453 -0.005825
-0.00589697 -0.0058
-0.0058694 -0.005775
-0.00584184 -0.00575
-0.00581428 -0.005725
-0.00578671 -0.0057
-0.00575915 -0.005675
-0.00573158 -0.00565
-0.00570402 -0.005625
-0.00567646 -0.0056
-0.00564889 -0.005575
-0.00562133 -0.00555
-0.00559376 -0.005525
-0.0055662 -0.0055
-0.00553864 -0.005475
-0.00551199 -0.00545
-0.00548666 -0.005425
-0.00546133 -0.0054
-0.00543601 -0.005375
-0.00541068 -0.00535
-0.00538535 -0.005325
-0.00536002 -0.0053
-0.00533469 -0.005275
-0.00530936 -0.00525
-0.00528403 -0.005225
-0.00525871 -0.0052
-0.00523338 -0.005175
-0.00520805 -0.00515
-0.00518272 -0.005125
-0.00515739 -0.0051
-0.00513206 -0.005075
-0.00510674 -0.00505
-0.00508141 -0.005025
-0.00505608 -0.005
-0.00503075 -0.004975
-0.00500542 -0.00495
-0.00498009 -0.004925
-0.00495477 -0.0049
-0.00492944 -0.004875
-0.00490411 -0.00485
-0.00487878 -0.004825
-0.00485345 -0.0048
-0.00482812 -0.004775
-0.00480279 -0.00475
-0.00477747 -0.004725
-0.00475214 -0.0047
-0.00472681 -0.004675
-0.00470148 -0.00465
-0.00467615 -0.004625
-0.00465082 -0.0046
-0.0046255 -0.004575
-0.00460017 -0.00455
-0.00457484 -0.004525
-0.00454951 -0.0045
-0.00452418 -0.004475
-0.00449885 -0.00445
-0.00447352 -0.004425
-0.0044482 -0.0044
-0.00442287 -0.004375
-0.00439754 -0.00435
-0.00437221 -0.004325
-0.00434688 -0.0043
-0.00432155 -0.004275
-0.00429623 -0.00425
-0.0042709 -0.004225
-0.00424557 -0.0042
-0.00422024 -0.004175
-0.00419491 -0.00415
-0.00416958 -0.004125
-0.00414425 -0.0041
-0.00411893 -0.004075
-0.0040936 -0.00405
-0.00406827 -0.004025
-0.00404294 -0.004
-0.00401761 -0.003975
-0.00399228 -0.00395
-0.00396696 -0.003925
-0.00394163 -0.0039
-0.0039163 -0.003875
-0.00389097 -0.00385
-0.00386564 -0.003825
-0.00384031 -0.0038
-0.00381498 -0.003775
-0.00378966 -0.00375
-0.00376433 -0.003725
-0.003739 -0.0037
-0.00371367 -0.003675
-0.00368834 -0.00365
-0.00366301 -0.003625
-0.00363769 -0.0036
-0.00361236 -0.003575
-0.00358703 -0.00355
-0.0035617 -0.003525
-0.00353637 -0.0035
-0.00351104 -0.003475
-0.00348571 -0.00345
-0.00346039 -0.003425
-0.00343506 -0.0034
-0.00340973 -0.003375
-0.0033844 -0.00335
-0.00335907 -0.003325
-0.00333374 -0.0033
-0.00330842 -0.003275
-0.00328309 -0.00325
-0.00325776 -0.003225
-0.00323243 -0.0032
-0.0032071 -0.003175
-0.00318177 -0.00315
-0.00315644 -0.003125
-0.00313112 -0.0031
-0.00310579 -0.003075
-0.00308046 -0.00305
-0.00305513 -0.003025
-0.0030298 -0.003
-0.00300447 -0.002975
-0.00297915 -0.00295
-0.00295382 -0.002925
-0.00292849 -0.0029
-0.00290316 -0.002875
-0.00287783 -0.00285
-0.0028525 -0.002825
-0.00282717 -0.0028
-0.00280185 -0.002775
-0.00277652 -0.00275
-0.00275119 -0.002725
-0.00272586 -0.0027
-0.00270053 -0.002675
-0.0026752 -0.00265
-0.00264988 -0.002625
-0.00262455 -0.0026
-0.00259922 -0.002575
-0.00257389 -0.00255
-0.00254856 -0.002525
-0.00252323 -0.0025
-0.0024979 -0.002475
-0.00247258 -0.00245
-0.00244725 -0.002425
-0.00242192 -0.0024
-0.00239659 -0.002375
-0.00237126 -0.00235
-0.00234593 -0.002325
-0.00232061 -0.0023
-0.00229528 -0.002275
-0.00226995 -0.00225
-0.00224462 -0.002225
-0.00221929 -0.0022
-0.00219396 -0.002175
-0.00216864 -0.00215
-0.00214331 -0.002125
-0.00211798 -0.0021
-0.00209265 -0.002075
-0.00206732 -0.00205
-0.00204199 -0.002025
-0.00201666 -0.002
-0.00199134 -0.001975
-0.00196601 -0.00195
-0.00194068 -0.001925
-0.00191535 -0.0019
-0.00189002 -0.001875
-0.00186469 -0.00185
-0.00183937 -0.001825
-0.00181404 -0.0018
-0.00178871 -0.001775
-0.00176338 -0.00175
-0.00173805 -0.001725
-0.00171272 -0.0017
-0.00168739 -0.001675
-0.00166207 -0.00165
-0.00163674 -0.001625
-0.00161141 -0.0016
-0.00158608 -0.001575
-0.00156075 -0.00155
-0.00153542 -0.001525
-0.0015101 -0.0015
-0.00148477 -0.001475
-0.00145944 -0.00145
-0.00143411 -0.001425
-0.00140878 -0.0014
-0.00138345 -0.001375
-0.00135812 -0.00135
-0.0013328 -0.001325
-0.00130747 -0.0013
-0.00128214 -0.001275
-0.00125681 -0.00125
-0.00123148 -0.001225
-0.00120615 -0.0012
-0.00118083 -0.001175
-0.0011555 -0.00115
-0.00113017 -0.001125
-0.00110484 -0.0011
-0.00107951 -0.001075
-0.00105418 -0.00105
-0.00102885 -0.001025
-0.00100353 -0.001
-0.000978198 -0.000975
-0.000952869 -0.00095
-0.000927541 -0.000925
-0.000902212 -0.0009
-0.000876884 -0.000875
-0.000851555 -0.00085
-0.000826227 -0.000825
-0.000800899 -0.0008
-0.00077557 -0.000775
-0.000750242 -0.00075
-0.000725 -0.000725
-0.0007 -0.0007
-0.000675 -0.000675
-0.00065 -0.00065
-0.000625 -0.000625
-0.0006 -0.0006
-0.000575 -0.000575
-0.00055 -0.00055
-0.000525 -0.000525
-0.0005 -0.0005
-0.000475 -0.000475
-0.00045 -0.00045
-0.000425 -0.000425
-0.0004 -0.0004
-0.000375 -0.000375
-0.00035 -0.00035
-0.000325 -0.000325
-0.0003 -0.0003
-0.000275 -0.000275
-0.00025 -0.00025
-0.000225 -0.000225
-0.0002 -0.0002
-0.000175 -0.000175
-0.00015 -0.00015
-0.000125 -0.000125
-0.0001 -0.0001
-7.5e-05 -7.5e-05
-5e-05 -5e-05
-2.5e-05 -2.5e-05
-6.09864e-20 -6.09864e-20
2.5e-05 2.5e-05
5e-05 5e-05
7.5e-05 7.5e-05
0.0001 0.0001
0.000125 0.000125
0.00015 0.00015
0.000175 0.000175
0.0002 0.0002
0.000225 0.000225
0.00025 0.00025
0.000275 0.000275
0.0003 0.0003
0.000325 0.000325
0.00035 0.00035
0.000375 0.000375
0.0004 0.0004
0.000425 0.000425
0.00045 0.00045
0.000475 0.000475
0.0005 0.0005
0.000525 0.000525
0.00055 0.00055
0.000575 0.000575
0.0006 0.0006
0.000625 0.000625
0.0006 0.0006
0.000575 0.000575
0.00055 0.00055
0.000525 0.000525
0.0005 0.0005
0.000475 0.000475
0.00045 0.00045
0.000425 0.000425
0.0004 0.0004
0.000375 0.000375
0.00035 0.00035
0.000325 0.000325
0.0003 0.0003
0.000275 0.000275
0.00025 0.00025
0.000225 0.000225
0.0002 0.0002
0.000175 0.000175
0.00015 0.00015
0.000125 0.000125
0.0001 0.0001
7.5e-05 7.5e-05
5e-05 5e-05
2.5e-05 2.5e-05
-4.74338e-20 -4.74338e-20
-2.5e-05 -2.5e-05
-5e-05 -5e-05
-7.5e-05 -7.5e-05
-0.0001 -0.0001
-0.000125 -0.000125
-0.00015 -0.00015
-0.000175 -0.000175
-0.0002 -0.0002
-0.000225 -0.000225
-0.00025 -0.00025
-0.000275 -0.000275
-0.0003 -0.0003
-0.000325 -0.000325
-0.00035 -0.00035
-0.000375 -0.000375
-0.0004 -0.0004
-0.000425 -0.000425
-0.00045 -0.00045
-0.000475 -0.000475
-0.0005 -0.0005
-0.000525 -0.000525
-0.00055 -0.00055
-0.000575 -0.000575
-0.0006 -0.0006
-0.000625 -0.000625
-0.00065 -0.00065
-0.000675 -0.000675
-0.0007 -0.0007
-0.000725 -0.000725
-0.000750477 -0.00075
-0.000776125 -0.000775
-0.000801774 -0.0008
-0.000827422 -0.000825
-0.000853071 -0.00085
-0.000878719 -0.000875
-0.000904367 -0.0009
-0.000930016 -0.000925
-0.000955664 -0.00095
-0.000981313 -0.000975
-0.00100696 -0.001
-0.00103261 -0.001025
-0.00105826 -0.00105
-0.00108391 -0.001075
-0.00110955 -0.0011
-0.0011352 -0.001125
-0.00116085 -0.00115
-0.0011865 -0.001175
-0.00121215 -0.0012
-0.0012378 -0.001225
-0.00126344 -0.00125
-0.00128909 -0.001275
-0.00131474 -0.0013
-0.00134039 -0.001325
-0.00136604 -0.00135
-0.00139169 -0.001375
-0.00141734 -0.0014
-0.00144298 -0.001425
-0.00146863 -0.00145
-0.00149428 -0.001475
-0.00151993 -0.0015
-0.00154558 -0.001525
-0.00157123 -0.00155
-0.00159687 -0.001575
-0.00162252 -0.0016
-0.00164817 -0.001625
-0.00167382 -0.00165
-0.00169947 -0.001675
-0.00172512 -0.0017
-0.00175076 -0.001725
-0.00177641 -0.00175
-0.00180206 -0.001775
-0.00182771 -0.0018
-0.00185336 -0.001825
-0.00187901 -0.00185
-0.00190465 -0.001875
-0.0019303 -0.0019
-0.00195595 -0.001925
-0.0019816 -0.00195
-0.00200725 -0.001975
-0.0020329 -0.002
-0.00205854 -0.002025
-0.00208419 -0.00205
-0.00210984 -0.002075
-0.00213549 -0.0021
-0.00216114 -0.002125
-0.00218679 -0.00215
-0.00221244 -0.002175
-0.00223808 -0.0022
-0.00226373 -0.002225
-0.00228938 -0.00225
-0.00231503 -0.002275
-0.00234068 -0.0023
-0.00236633 -0.002325
-0.00239197 -0.00235
-0.00241762 -0.002375
-0.00244327 -0.0024
-0.00246892 -0.002425
-0.00249457 -0.00245
-0.00252022 -0.002475
-0.00254586 -0.0025
-0.00257151 -0.002525
-0.00259716 -0.00255
-0.00262281 -0.002575
-0.00264846 -0.0026
-0.00267411 -0.002625
-0.00269975 -0.00265
-0.0027254 -0.002675
-0.00275105 -0.0027
-0.0027767 -0.002725
-0.00280235 -0.00275
-0.002828 -0.002775
-0.00285364 -0.0028
-0.00287929 -0.002825
-0.00290494 -0.00285
-0.00293059 -0.002875
-0.00295624 -0.0029
-0.00298189 -0.002925
-0.00300754 -0.00295
-0.00303318 -0.002975
-0.00305883 -0.003
-0.00308448 -0.003025
-0.00311013 -0.00305
-0.00313578 -0.003075
-0.00316143 -0.0031
-0.00318707 -0.003125
-0.00321272 -0.00315
-0.00323837 -0.003175
-0.00326402 -0.0032
-0.00328967 -0.003225
-0.00331532 -0.00325
-0.00334096 -0.003275
-0.00336661 -0.0033
-0.00339226 -0.003325
-0.00341791 -0.00335
-0.00344356 -0.003375
-0.00346921 -0.0034
-0.00349485 -0.003425
-0.0035205 -0.00345
-0.00354615 -0.003475
-0.0035718 -0.0035
-0.00359745 -0.003525
-0.0036231 -0.00355
-0.00364875 -0.003575
-0.00367439 -0.0036
-0.00370004 -0.003625
-0.00372569 -0.00365
-0.00375134 -0.003675
-0.00377699 -0.0037
-0.00380264 -0.003725
-0.00382828 -0.00375
-0.00385393 -0.003775
-0.00387958 -0.0038
-0.00390523 -0.003825
-0.00393088 -0.00385
-0.00395653 -0.003875
-0.00398217 -0.0039
-0.00400782 -0.003925
-0.00403347 -0.00395
-0.00405912 -0.003975
-0.00408477 -0.004
-0.00411042 -0.004025
-0.00413606 -0.00405
-0.00416171 -0.004075
-0.00418736 -0.0041
-0.00421301 -0.004125
-0.00423866 -0.00415
-0.00426431 -0.004175
-0.00428995 -0.0042
-0.0043156 -0.004225
-0.00434125 -0.00425
-0.0043669 -0.004275
-0.00439255 -0.0043
-0.0044182 -0.004325
-0.00444385 -0.00435
-0.00446949 -0.004375
-0.00449514 -0.0044
-0.00452079 -0.004425
-0.00454644 -0.00445
-0.00457209 -0.004475
-0.00459774 -0.0045
-0.00462338 -0.004525
-0.00464903 -0.00455
-0.00467468 -0.004575
-0.00470033 -0.0046
-0.00472598 -0.004625
-0.00475163 -0.00465
-0.00477727 -0.004675
-0.00480292 -0.0047
-0.00482857 -0.004725
-0.00485422 -0.00475
-0.00487987 -0.004775
-0.00490552 -0.0048
-0.00493116 -0.004825
-0.00495681 -0.00485
-0.00498246 -0.004875
-0.00500811 -0.0049
-0.00503376 -0.004925
-0.00505941 -0.00495
-0.00508505 -0.004975
-0.0051107 -0.005
-0.00513635 -0.005025
-0.005162 -0.00505
-0.00518765 -0.005075
-0.0052133 -0.0051
-0.00523895 -0.005125
-0.00526459 -0.00515
-0.00529024 -0.005175
-0.00531589 -0.0052
-0.00534154 -0.005225
-0.00536719 -0.00525
-0.00539284 -0.005275
-0.00541848 -0.0053
-0.00544413 -0.005325
-0.00546978 -0.00535
-0.00549543 -0.005375
-0.00552108 -0.0054
-0.00554673 -0.005425
-0.00557237 -0.00545
-0.00559802 -0.005475
-0.00562367 -0.0055
-0.00564932 -0.005525
-0.00567497 -0.00555
-0.00570062 -0.005575
-0.00572626 -0.0056
-0.00575191 -0.005625
-0.00577756 -0.00565
-0.00580321 -0.005675
-0.00582886 -0.0057
-0.00585451 -0.005725
-0.00588015 -0.00575
-0.0059058 -0.005775
-0.00593145 -0.0058
-0.0059571 -0.005825
-0.00598275 -0.00585
-0.0060084 -0.005875
-0.00603405 -0.0059
-0.00605969 -0.005925
-0.00608534 -0.00595
-0.00611099 -0.005975
-0.00613664 -0.006
-0.00616229 -0.006025
-0.00618794 -0.00605
-0.00621358 -0.006075
-0.00623923 -0.0061
-0.00626488 -0.006125
-0.00629053 -0.00615
-0.00631618 -0.006175
-0.00634183 -0.0062
-0.00636747 -0.006225
-0.00639312 -0.00625
-0.00641757 -0.006275
-0.00644201 -0.0063
-0.00646645 -0.006325
-0.00649089 -0.00635
-0.00651533 -0.006375
-0.00653978 -0.0064
-0.00656422 -0.006425
-0.00658866 -0.00645
-0.0066131 -0.006475
-0.00663755 -0.0065
-0.00666199 -0.006525
-0.00668643 -0.00655
-0.00671087 -0.006575
-0.00673532 -0.0066
-0.00675976 -0.006625
-0.0067842 -0.00665
-0.00680864 -0.006675
-0.00683309 -0.0067
-0.00685753 -0.006725
-0.00688197 -0.00675
-0.00690641 -0.006775
-0.00693086 -0.0068
-0.0069553 -0.006825
-0.00697974 -0.00685
-0.00700418 -0.006875
-0.00702862 -0.0069
-0.00705307 -0.006925
-0.00707751 -0.00695
-0.00710195 -0.006975
-0.00712639 -0.007
-0.00715084 -0.007025
-0.00717528 -0.00705
-0.00719972 -0.007075
-0.00722416 -0.0071
-0.00724861 -0.007125
-0.00727305 -0.00715
-0.00729749 -0.007175
-0.00732193 -0.0072
-0.00734638 -0.007225
-0.00737082 -0.00725
-0.00739526 -0.007275
-0.0074197 -0.0073
-0.00744414 -0.007325
-0.00746859 -0.00735
-0.00749303 -0.007375
-0.00751747 -0.0074
-0.00754191 -0.007425
-0.00756636 -0.00745
-0.0075908 -0.007475
-0.00761524 -0.0075
-0.00758768 -0.007475
-0.00756011 -0.00745
-0.00753255 -0.007425
-0.00750499 -0.0074
-0.00747742 -0.007375
-0.00744986 -0.00735
-0.00742229 -0.007325
-0.00739473 -0.0073
-0.00736716 -0.007275
-0.0073396 -0.00725
-0.00731204 -0.007225
-0.00728447 -0.0072
-0.00725691 -0.007175
-0.00722934 -0.00715
-0.00720178 -0.007125
-0.00717422 -0.0071
-0.00714665 -0.007075
-0.00711909 -0.00705
-0.00709152 -0.007025
-0.00706396 -0.007
-0.0070364 -0.006975
-0.00700883 -0.00695
-0.00698127 -0.006925
-0.0069537 -0.0069
-0.00692742 -0.006875
-0.00690219 -0.00685
-0.00687697 -0.006825
-0.00685174 -0.0068
-0.00682651 -0.006775
-0.00680128 -0.00675
-0.00677605 -0.006725
-0.00675082 -0.0067
-0.00672559 -0.006675
-0.00670036 -0.00665
-0.00667513 -0.006625
-0.00664991 -0.0066
-0.00662468 -0.006575
-0.00659945 -0.00655
-0.00657422 -0.006525
-0.00654899 -0.0065
-0.00652376 -0.006475
-0.00649853 -0.00645
-0.0064733 -0.006425
-0.00644807 -0.0064
-0.00642284 -0.006375
-0.00639762 -0.00635
-0.00637239 -0.006325
-0.00634716 -0.0063
-0.00632193 -0.006275
-0.0062967 -0.00625
-0.00627147 -0.006225
-0.00624624 -0.0062
-0.00622101 -0.006175
-0.00619578 -0.00615
-0.00617055 -0.006125
-0.00614533 -0.0061
-0.0061201 -0.006075
-0.00609487 -0.00605
-0.00606964 -0.006025
-0.00604441 -0.006
-0.00601918 -0.005975
-0.00599395 -0.00595
-0.00596872 -0.005925
-0.00594349 -0.0059
-0.00591826 -0.005875
-0.00589304 -0.00585
-0.00586781 -0.005825
-0.00584258 -0.0058
-0.00581735 -0.005775
-0.00579212 -0.00575
-0.00576689 -0.005725
-0.00574166 -0.0057
-0.00571643 -0.005675
-0.0056912 -0.00565
-0.00566597 -0.005625
-0.00564075 -0.0056
-0.00561552 -0.005575
-0.00559029 -0.00555
-0.00556506 -0.005525
-0.00553983 -0.0055
-0.0055146 -0.005475
-0.00548937 -0.00545
-0.00546414 -0.005425
-0.00543891 -0.0054
-0.00541368 -0.005375
-0.00538846 -0.00535
-0.00536323 -0.005325
-0.005338 -0.0053
-0.00531277 -0.005275
-0.00528754 -0.00525
-0.00526231 -0.005225
-0.00523708 -0.0052
-0.00521185 -0.005175
-0.00518662 -0.00515
-0.0051614 -0.005125
-0.00513617 -0.0051
-0.00511094 -0.005075
-0.00508571 -0.00505
-0.00506048 -0.005025
-0.00503525 -0.005
-0.00501002 -0.004975
-0.00498479 -0.00495
-0.00495956 -0.004925
-0.00493433 -0.0049
-0.00490911 -0.004875
-0.00488388 -0.00485
-0.00485865 -0.004825
-0.00483342 -0.0048
-0.00480819 -0.004775
-0.00478296 -0.00475
-0.00475773 -0.004725
-0.0047325 -0.0047
-0.00470727 -0.004675
-0.00468204 -0.00465
-0.00465682 -0.004625
-0.00463159 -0.0046
-0.00460636 -0.004575
-0.00458113 -0.00455
-0.0045559 -0.004525
-0.00453067 -0.0045
-0.00450544 -0.004475
-0.00448021 -0.00445
-0.00445498 -0.004425
-0.00442975 -0.0044
-0.00440453 -0.004375
-0.0043793 -0.00435
-0.00435407 -0.004325
-0.00432884 -0.0043
-0.00430361 -0.004275
-0.00427838 -0.00425
-0.00425315 -0.004225
-0.00422792 -0.0042
-0.00420269 -0.004175
-0.00417746 -0.00415
-0.00415224 -0.004125
-0.00412701 -0.0041
-0.00410178 -0.004075
-0.00407655 -0.00405
-0.00405132 -0.004025
-0.00402609 -0.004
-0.00400086 -0.003975
-0.00397563 -0.00395
-0.0039504 -0.003925
-0.00392517 -0.0039
-0.00389995 -0.003875
-0.00387472 -0.00385
-0.00384949 -0.003825
-0.00382426 -0.0038
-0.00379903 -0.003775
-0.0037738 -0.00375
-0.00374857 -0.003725
-0.00372334 -0.0037
-0.00369811 -0.003675
-0.00367289 -0.00365
-0.00364766 -0.003625
-0.00362243 -0.0036
-0.0035972 -0.003575
-0.00357197 -0.00355
-0.00354674 -0.003525
-0.00352151 -0.0035
-0.00349628 -0.003475
-0.00347105 -0.00345
-0.00344582 -0.003425
-0.0034206 -0.0034
-0.00339537 -0.003375
-0.00337014 -0.00335
-0.00334491 -0.003325
-0.00331968 -0.0033
-0.00329445 -0.003275
-0.00326922 -0.00325
-0.00324399 -0.003225
-0.00321876 -0.0032
-0.00319353 -0.003175
-0.00316831 -0.00315
-0.00314308 -0.003125
-0.00311785 -0.0031
-0.00309262 -0.003075
-0.00306739 -0.00305
-0.00304216 -0.003025
-0.00301693 -0.003
-0.0029917 -0.002975
-0.00296647 -0.00295
-0.00294124 -0.002925
-0.00291602 -0.0029
-0.00289079 -0.002875
-0.00286556 -0.00285
-0.00284033 -0.002825
-0.0028151 -0.0028
-0.00278987 -0.002775
-0.00276464 -0.00275
-0.00273941 -0.002725
-0.00271418 -0.0027
-0.00268895 -0.002675
-0.00266373 -0.00265
-0.0026385 -0.002625
-0.00261327 -0.0026
-0.00258804 -0.002575
-0.00256281 -0.00255
-0.00253758 -0.002525
-0.00251235 -0.0025
-0.00248712 -0.002475
-0.00246189 -0.00245
-0.00243666 -0.002425
-0.00241144 -0.0024
-0.00238621 -0.002375
-0.00236098 -0.00235
-0.00233575 -0.002325
-0.00231052 -0.0023
-0.00228529 -0.002275
-0.00226006 -0.00225
-0.00223483 -0.002225
-0.0022096 -0.0022
-0.00218437 -0.002175
-0.00215915 -0.00215
-0.00213392 -0.002125
-0.00210869 -0.0021
-0.00208346 -0.002075
-0.00205823 -0.00205
-0.002033 -0.002025
-0.00200777 -0.002
-0.00198254 -0.001975
-0.00195731 -0.00195
-0.00193209 -0.001925
-0.00190686 -0.0019
-0.00188163 -0.001875
-0.0018564 -0.00185
-0.00183117 -0.001825
-0.00180594 -0.0018
-0.00178071 -0.001775
-0.00175548 -0.00175
-0.00173025 -0.001725
-0.00170502 -0.0017
-0.0016798 -0.001675
-0.00165457 -0.00165
-0.00162934 -0.001625
-0.00160411 -0.0016
-0.00157888 -0.001575
-0.00155365 -0.00155
-0.00152842 -0.001525
-0.00150319 -0.0015
-0.00147796 -0.001475
-0.00145273 -0.00145
-0.00142751 -0.001425
-0.00140228 -0.0014
-0.00137705 -0.001375
-0.00135182 -0.00135
-0.00132659 -0.001325
-0.00130136 -0.0013
-0.00127613 -0.001275
-0.0012509 -0.00125
-0.00122567 -0.001225
-0.00120044 -0.0012
-0.00117522 -0.001175
-0.00115 -0.00115
-0.001125 -0.001125
-0.0011 -0.0011
-0.001075 -0.001075
-0.00105 -0.00105
-0.001025 -0.001025
-0.001 -0.001
-0.000975 -0.000975
-0.00095 -0.00095
-0.000925 -0.000925
-0.0009 -0.0009
-0.000875 -0.000875
-0.00085 -0.00085
-0.000825 -0.000825
-0.0008 -0.0008
-0.000775 -0.000775
-0.00075 -0.00075
-0.000725 -0.000725
-0.0007 -0.0007
-0.000675 -0.000675
-0.00065 -0.00065
-0.000625 -0.000625
-0.0006 -0.0006
-0.000575 -0.000575
-0.00055 -0.00055
-0.000525 -0.000525
-0.0005 -0.0005
-0.000475 -0.000475
-0.00045 -0.00045
-0.000425 -0.000425
-0.0004 -0.0004
-0.000375 -0.000375
-0.00035 -0.00035
-0.000325 -0.000325
-0.0003 -0.0003
-0.000275 -0.000275
-0.00025 -0.00025
-0.000225 -0.000225
-0.0002 -0.0002
-0.000175 -0.000175
-0.00015 -0.00015
-0.000125 -0.000125
-0.0001 -0.0001
-7.5e-05 -7.5e-05
-5e-05 -5e-05
-2.5e-05 -2.5e-05
-6.09864e-20 -6.09864e-20
2.5e-05 2.5e-05
5e-05 5e-05
7.5e-05 7.5e-05
0.0001 0.0001
0.000125 0.000125
0.00015 0.00015
0.000175 0.000175
0.0002 0.0002
0.000225 0.000225
0.00025 0.00025
0.000275 0.000275
0.0003 0.0003
0.000325 0.000325
0.00035 0.00035
0.000375 0.000375
0.0004 0.0004
0.000425 0.000425
0.00045 0.00045
0.000475 0.000475
0.0005 0.0005
0.000525 0.000525
0.00055 0.00055
0.000575 0.000575
0.0006 0.0006
0.000625 0.000625
0.00065 0.00065
0.000675 0.000675
0.0007 0.0007
0.000725 0.000725
0.00075 0.00075
0.000725 0.000725
0.0007 0.0007
0.000675 0.000675
0.00065 0.00065
0.000625 0.000625
0.0006 0.0006
0.000575 0.000575
0.00055 0.00055
0.000525 0.000525
0.0005 0.0005
0.000475 0.000475
0.00045 0.00045
0.000425 0.000425
0.0004 0.0004
0.000375 0.000375
0.00035 0.00035
0.000325 0.000325
0.0003 0.0003
0.000275 0.000275
0.00025 0.00025
0.000225 0.000225
0.0002 0.0002
0.000175 0.000175
0.00015 0.00015
0.000125 0.000125
0.0001 0.0001
7.5e-05 7.5e-05
5e-05 5e-05
2.5e-05 2.5e-05
-4.74338e-20 -4.74338e-20
-2.5e-05 -2.5e-05
-5e-05 -5e-05
-7.5e-05 -7.5e-05
-0.0001 -0.0001
-0.000125 -0.000125
-0.00015 -0.00015
-0.000175 -0.000175
-0.0002 -0.0002
-0.000225 -0.000225
-0.00025 -0.00025
-0.000275 -0.000275
-0.0003 -0.0003
-0.000325 -0.000325
-0.00035 -0.00035
-0.000375 -0.000375
-0.0004 -0.0004
-0.000425 -0.000425
-0.00045 -0.00045
-0.000475 -0.000475
-0.0005 -0.0005
-0.000525 -0.000525
-0.00055 -0.00055
-0.000575 -0.000575
-0.0006 -0.0006
-0.000625 -0.000625
-0.00065 -0.00065
-0.000675 -0.000675
-0.0007 -0.0007
-0.000725 -0.000725
-0.00075 -0.00075
-0.000775 -0.000775
-0.0008 -0.0008
-0.000825 -0.000825
-0.00085 -0.00085
-0.000875 -0.000875
-0.0009 -0.0009
-0.000925 -0.000925
-0.00095 -0.00095
-0.000975 -0.000975
-0.001 -0.001
-0.001025 -0.001025
-0.00105 -0.00105
-0.001075 -0.001075
-0.0011 -0.0011
-0.001125 -0.001125
-0.00115 -0.00115
-0.00117543 -0.001175
-0.00120088 -0.0012
-0.00122633 -0.001225
-0.00125179 -0.00125
-0.00127724 -0.001275
-0.0013027 -0.0013
-0.00132815 -0.001325
-0.0013536 -0.00135
-0.00137906 -0.001375
-0.00140451 -0.0014
-0.00142997 -0.001425
-0.00145542 -0.00145
-0.00148087 -0.001475
-0.00150633 -0.0015
-0.00153178 -0.001525
-0.00155723 -0.00155
-0.00158269 -0.001575
-0.00160814 -0.0016
-0.0016336 -0.001625
-0.00165905 -0.00165
-0.0016845 -0.001675
-0.00170996 -0.0017
-0.00173541 -0.001725
-0.00176086 -0.00175
-0.00178632 -0.001775
-0.00181177 -0.0018
-0.00183723 -0.001825
-0.00186268 -0.00185
-0.00188813 -0.001875
-0.00191359 -0.0019
-0.00193904 -0.001925
-0.0019645 -0.00195
-0.00198995 -0.001975
-0.0020154 -0.002
-0.00204086 -0.002025
-0.00206631 -0.00205
-0.00209176 -0.002075
-0.00211722 -0.0021
-0.00214267 -0.002125
-0.00216813 -0.00215
-0.00219358 -0.002175
-0.00221903 -0.0022
-0.00224449 -0.002225
-0.00226994 -0.00225
-0.00229539 -0.002275
-0.00232085 -0.0023
-0.0023463 -0.002325
-0.00237176 -0.00235
-0.00239721 -0.002375
-0.00242266 -0.0024
-0.00244812 -0.002425
-0.00247357 -0.00245
-0.00249903 -0.002475
-0.00252448 -0.0025
-0.00254993 -0.002525
-0.00257539 -0.00255
-0.00260084 -0.002575
-0.00262629 -0.0026
-0.00265175 -0.002625
-0.0026772 -0.00265
-0.00270266 -0.002675
-0.00272811 -0.0027
-0.00275356 -0.002725
-0.00277902 -0.00275
-0.00280447 -0.002775
-0.00282993 -0.0028
-0.00285538 -0.002825
-0.00288083 -0.00285
-0.00290629 -0.002875
-0.00293174 -0.0029
-0.00295719 -0.002925
-0.00298265 -0.00295
-0.0030081 -0.002975
-0.00303356 -0.003
-0.00305901 -0.003025
-0.00308446 -0.00305
-0.00310992 -0.003075
-0.00313537 -0.0031
-0.00316082 -0.003125
-0.00318628 -0.00315
-0.00321173 -0.003175
-0.00323719 -0.0032
-0.00326264 -0.003225
-0.00328809 -0.00325
-0.00331355 -0.003275
-0.003339 -0.0033
-0.00336446 -0.003325
-0.00338991 -0.00335
-0.00341536 -0.003375
-0.00344082 -0.0034
-0.00346627 -0.003425
-0.00349172 -0.00345
-0.00351718 -0.003475
-0.00354263 -0.0035
-0.00356809 -0.003525
-0.00359354 -0.00355
-0.00361899 -0.003575
-0.00364445 -0.0036
-0.0036699 -0.003625
-0.00369535 -0.00365
-0.00372081 -0.003675
-0.00374626 -0.0037
-0.00377172 -0.003725
-0.00379717 -0.00375
-0.00382262 -0.003775
-0.00384808 -0.0038
-0.00387353 -0.003825
-0.00389899 -0.00385
-0.00392444 -0.003875
-0.00394989 -0.0039
-0.00397535 -0.003925
-0.0040008 -0.00395
-0.00402625 -0.003975
-0.00405171 -0.004
-0.00407716 -0.004025
-0.00410262 -0.00405
-0.00412807 -0.004075
-0.00415352 -0.0041
-0.00417898 -0.004125
-0.00420443 -0.00415
-0.00422988 -0.004175
-0.00425534 -0.0042
-0.00428079 -0.004225
-0.00430625 -0.00425
-0.0043317 -0.004275
-0.00435715 -0.0043
-0.00438261 -0.004325
-0.00440806 -0.00435
-0.00443352 -0.004375
-0.00445897 -0.0044
-0.00448442 -0.004425
-0.00450988 -0.00445
-0.00453533 -0.004475
-0.00456078 -0.0045
-0.00458624 -0.004525
-0.00461169 -0.00455
-0.00463715 -0.004575
-0.0046626 -0.0046
-0.00468805 -0.004625
-0.00471351 -0.00465
-0.00473896 -0.004675
-0.00476441 -0.0047
-0.00478987 -0.004725
-0.00481532 -0.00475
-0.00484078 -0.004775
-0.00486623 -0.0048
-0.00489168 -0.004825
-0.00491714 -0.00485
-0.00494259 -0.004875
-0.00496805 -0.0049
-0.0049935 -0.004925
-0.00501895 -0.00495
-0.00504441 -0.004975
-0.00506986 -0.005
-0.00509531 -0.005025
-0.00512077 -0.00505
-0.00514622 -0.005075
-0.00517168 -0.0051
-0.00519713 -0.005125
-0.00522258 -0.00515
-0.00524804 -0.005175
-0.00527349 -0.0052
-0.00529894 -0.005225
-0.0053244 -0.00525
-0.00534985 -0.005275
-0.00537531 -0.0053
-0.00540076 -0.005325
-0.00542621 -0.00535
-0.00545167 -0.005375
-0.00547712 -0.0054
-0.00550258 -0.005425
-0.00552803 -0.00545
-0.00555348 -0.005475
-0.00557894 -0.0055
-0.00560439 -0.005525
-0.00562984 -0.00555
-0.0056553 -0.005575
-0.00568075 -0.0056
-0.00570621 -0.005625
-0.00573166 -0.00565
-0.00575711 -0.005675
-0.00578257 -0.0057
-0.00580802 -0.005725
-0.00583347 -0.00575
-0.00585893 -0.005775
-0.00588438 -0.0058
-0.00590984 -0.005825
-0.00593529 -0.00585
-0.00596074 -0.005875
-0.0059862 -0.0059
-0.00601165 -0.005925
-0.00603711 -0.00595
-0.00606256 -0.005975
-0.00608801 -0.006
-0.00611347 -0.006025
-0.00613892 -0.00605
-0.00616437 -0.006075
-0.00618983 -0.0061
-0.00621528 -0.006125
-0.00624074 -0.00615
-0.00626619 -0.006175
-0.00629164 -0.0062
-0.0063171 -0.006225
-0.00634255 -0.00625
-0.006368 -0.006275
-0.00639346 -0.0063
-0.00641891 -0.006325
-0.00644437 -0.00635
-0.00646982 -0.006375
-0.00649527 -0.0064
-0.00652073 -0.006425
-0.00654618 -0.00645
-0.00657164 -0.006475
-0.00659709 -0.0065
-0.00662254 -0.006525
-0.006648 -0.00655
-0.00667345 -0.006575
-0.0066989 -0.0066
-0.00672436 -0.006625
-0.00674981 -0.00665
-0.00677527 -0.006675
-0.00680072 -0.0067
-0.00682617 -0.006725
-0.00685163 -0.00675
-0.00687708 -0.006775
-0.00690253 -0.0068
-0.00692799 -0.006825
-0.00695344 -0.00685
-0.0069789 -0.006875
-0.00700435 -0.0069
-0.0070298 -0.006925
-0.00705526 -0.00695
-0.00708071 -0.006975
-0.00710617 -0.007
-0.00713162 -0.007025
-0.00715707 -0.00705
-0.00718253 -0.007075
-0.00720798 -0.0071
-0.00723343 -0.007125
-0.00725889 -0.00715
-0.00728434 -0.007175
-0.0073098 -0.0072
-0.00733525 -0.007225
-0.0073607 -0.00725
-0.00738616 -0.007275
-0.00741161 -0.0073
-0.00743706 -0.007325
-0.00746252 -0.00735
-0.00748797 -0.007375
-0.00751343 -0.0074
-0.00753888 -0.007425
-0.00756433 -0.00745
-0.00758979 -0.007475
-0.00761524 -0.0075
-0.00763968 -0.007525
-0.00766413 -0.00755
-0.00768857 -0.007575
-0.00771301 -0.0076
-0.00773745 -0.007625
-0.0077619 -0.00765
-0.00778634 -0.007675
-0.00781078 -0.0077
-0.00783522 -0.007725
-0.00785967 -0.00775
-0.00788411 -0.007775
-0.00790855 -0.0078
-0.00793299 -0.007825
-0.00795743 -0.00785
-0.00798188 -0.007875
-0.00800632 -0.0079
-0.00803076 -0.007925
-0.0080552 -0.00795
-0.00807965 -0.007975
-0.00810409 -0.008
-0.00812853 -0.008025
-0.00815297 -0.00805
-0.00817742 -0.008075
-0.00820186 -0.0081
-0.0082263 -0.008125
-0.00825074 -0.00815
-0.00827519 -0.008175
-0.00829963 -0.0082
-0.00832407 -0.008225
-0.00834851 -0.00825
-0.00837296 -0.008275
-0.0083974 -0.0083
-0.00842184 -0.008325
-0.00844628 -0.00835
-0.00847072 -0.008375
-0.00849517 -0.0084
-0.00851961 -0.008425
-0.00854405 -0.00845
-0.00856849 -0.008475
-0.00859294 -0.0085
-0.00861738 -0.008525
-0.00864182 -0.00855
-0.00866626 -0.008575
-0.00869071 -0.0086
-0.00871515 -0.008625
-0.00873959 -0.00865
-0.00876403 -0.008675
-0.00878848 -0.0087
-0.00881292 -0.008725
-0.00883736 -0.00875
-0.0088098 -0.008725
-0.00878223 -0.0087
-0.00875467 -0.008675
-0.0087271 -0.00865
-0.00869954 -0.008625
-0.00867198 -0.0086
-0.00864441 -0.008575
-0.00861685 -0.00855
-0.00858928 -0.008525
-0.00856172 -0.0085
-0.00853416 -0.008475
-0.00850659 -0.00845
-0.00847903 -0.008425
-0.00845146 -0.0084
-0.0084239 -0.008375
-0.00839633 -0.00835
-0.00836877 -0.008325
-0.00834121 -0.0083
-0.00831596 -0.008275
-0.0082908 -0.00825
-0.00826565 -0.008225
-0.00824049 -0.0082
-0.00821533 -0.008175
-0.00819017 -0.00815
-0.00816501 -0.008125
-0.00813986 -0.0081
-0.0081147 -0.008075
-0.00808954 -0.00805
-0.00806438 -0.008025
-0.00803923 -0.008
-0.00801407 -0.007975
-0.00798891 -0.00795
-0.00796375 -0.007925
-0.0079386 -0.0079
-0.00791344 -0.007875
-0.00788828 -0.00785
-0.00786312 -0.007825
-0.00783797 -0.0078
-0.00781281 -0.007775
-0.00778765 -0.00775
-0.00776249 -0.007725
-0.00773733 -0.0077
-0.00771218 -0.007675
-0.00768702 -0.00765
-0.00766186 -0.007625
-0.0076367 -0.0076
-0.00761155 -0.007575
-0.00758639 -0.00755
-0.00756123 -0.007525
-0.00753607 -0.0075
-0.00751092 -0.007475
-0.00748576 -0.00745
-0.0074606 -0.007425
-0.00743544 -0.0074
-0.00741029 -0.007375
-0.00738513 -0.00735
-0.00735997 -0.007325
-0.00733481 -0.0073
-0.00730966 -0.007275
-0.0072845 -0.00725
-0.00725934 -0.007225
-0.00723418 -0.0072
-0.00720902 -0.007175
-0.00718387 -0.00715
-0.00715871 -0.007125
-0.00713355 -0.0071
-0.00710839 -0.007075
-0.00708324 -0.00705
-0.00705808 -0.007025
-0.00703292 -0.007
-0.00700776 -0.006975
-0.00698261 -0.00695
-0.00695745 -0.006925
-0.00693229 -0.0069
-0.00690713 -0.006875
-0.00688198 -0.00685
-0.00685682 -0.006825
-0.00683166 -0.0068
-0.0068065 -0.006775
-0.00678134 -0.00675
-0.00675619 -0.006725
-0.00673103 -0.0067
-0.00670587 -0.006675
-0.00668071 -0.00665
-0.00665556 -0.006625
-0.0066304 -0.0066
-0.00660524 -0.006575
-0.00658008 -0.00655
-0.00655493 -0.006525
-0.00652977 -0.0065
-0.00650461 -0.006475
-0.00647945 -0.00645
-0.0064543 -0.006425
-0.00642914 -0.0064
-0.00640398 -0.006375
-0.00637882 -0.00635
-0.00635366 -0.006325
-0.00632851 -0.0063
-0.00630335 -0.006275
-0.00627819 -0.00625
-0.00625303 -0.006225
-0.00622788 -0.0062
-0.00620272 -0.006175
-0.00617756 -0.00615
-0.0061524 -0.006125
-0.00612725 -0.0061
-0.00610209 -0.006075
-0.00607693 -0.00605
-0.00605177 -0.006025
-0.00602662 -0.006
-0.00600146 -0.005975
-0.0059763 -0.00595
-0.00595114 -0.005925
-0.00592599 -0.0059
-0.00590083 -0.005875
-0.00587567 -0.00585
-0.00585051 -0.005825
-0.00582535 -0.0058
-0.0058002 -0.005775
-0.00577504 -0.00575
-0.00574988 -0.005725
-0.00572472 -0.0057
-0.00569957 -0.005675
-0.00567441 -0.00565
-0.00564925 -0.005625
-0.00562409 -0.0056
-0.00559894 -0.005575
-0.00557378 -0.00555
-0.00554862 -0.005525
-0.00552346 -0.0055
-0.00549831 -0.005475
-0.00547315 -0.00545
-0.00544799 -0.005425
-0.00542283 -0.0054
-0.00539767 -0.005375
-0.00537252 -0.00535
-0.00534736 -0.005325
-0.0053222 -0.0053
-0.00529704 -0.005275
-0.00527189 -0.00525
-0.00524673 -0.005225
-0.00522157 -0.0052
-0.00519641 -0.005175
-0.00517126 -0.00515
-0.0051461 -0.005125
-0.00512094 -0.0051
-0.00509578 -0.005075
-0.00507063 -0.00505
-0.00504547 -0.005025
-0.00502031 -0.005
-0.00499515 -0.004975
-0.00496999 -0.00495
-0.00494484 -0.004925
-0.00491968 -0.0049
-0.00489452 -0.004875
-0.00486936 -0.00485
-0.00484421 -0.004825
-0.00481905 -0.0048
-0.00479389 -0.004775
-0.00476873 -0.00475
-0.00474358 -0.004725
-0.00471842 -0.0047
-0.00469326 -0.004675
-0.0046681 -0.00465
-0.00464295 -0.004625
-0.00461779 -0.0046
-0.00459263 -0.004575
-0.00456747 -0.00455
-0.00454232 -0.004525
-0.00451716 -0.0045
-0.004492 -0.004475
-0.00446684 -0.00445
-0.00444168 -0.004425
-0.00441653 -0.0044
-0.00439137 -0.004375
-0.00436621 -0.00435
-0.00434105 -0.004325
-0.0043159 -0.0043
-0.00429074 -0.004275
-0.00426558 -0.00425
-0.00424042 -0.004225
-0.00421527 -0.0042
-0.00419011 -0.004175
-0.00416495 -0.00415
-0.00413979 -0.004125
-0.00411464 -0.0041
-0.00408948 -0.004075
-0.00406432 -0.00405
-0.00403916 -0.004025
-0.004014 -0.004
-0.00398885 -0.003975
-0.00396369 -0.00395
-0.00393853 -0.003925
-0.00391337 -0.0039
-0.00388822 -0.003875
-0.00386306 -0.00385
-0.0038379 -0.003825
-0.00381274 -0.0038
-0.00378759 -0.003775
-0.00376243 -0.00375
-0.00373727 -0.003725
-0.00371211 -0.0037
-0.00368696 -0.003675
-0.0036618 -0.00365
-0.00363664 -0.003625
-0.00361148 -0.0036
-0.00358632 -0.003575
-0.00356117 -0.00355
-0.00353601 -0.003525
-0.00351085 -0.0035
-0.00348569 -0.003475
-0.00346054 -0.00345
-0.00343538 -0.003425
-0.00341022 -0.0034
-0.00338506 -0.003375
-0.00335991 -0.00335
-0.00333475 -0.003325
-0.00330959 -0.0033
-0.00328443 -0.003275
-0.00325928 -0.00325
-0.00323412 -0.003225
-0.00320896 -0.0032
-0.0031838 -0.003175
-0.00315865 -0.00315
-0.00313349 -0.003125
-0.00310833 -0.0031
-0.00308317 -0.003075
-0.00305801 -0.00305
-0.00303286 -0.003025
-0.0030077 -0.003
-0.00298254 -0.002975
-0.00295738 -0.00295
-0.00293223 -0.002925
-0.00290707 -0.0029
-0.00288191 -0.002875
-0.00285675 -0.00285
-0.0028316 -0.002825
-0.00280644 -0.0028
-0.00278128 -0.002775
-0.00275612 -0.00275
-0.00273097 -0.002725
-0.00270581 -0.0027
-0.00268065 -0.002675
-0.00265549 -0.00265
-0.00263033 -0.002625
-0.00260518 -0.0026
-0.00258002 -0.002575
-0.00255486 -0.00255
-0.0025297 -0.002525
-0.00250455 -0.0025
-0.00247939 -0.002475
-0.00245423 -0.00245
-0.00242907 -0.002425
-0.00240392 -0.0024
-0.00237876 -0.002375
-0.0023536 -0.00235
-0.00232844 -0.002325
-0.00230329 -0.0023
-0.00227813 -0.002275
-0.00225297 -0.00225
-0.00222781 -0.002225
-0.00220265 -0.0022
-0.0021775 -0.002175
-0.00215234 -0.00215
-0.00212718 -0.002125
-0.00210202 -0.0021
-0.00207687 -0.002075
-0.00205171 -0.00205
-0.00202655 -0.002025
-0.00200139 -0.002
-0.00197624 -0.001975
-0.00195108 -0.00195
-0.00192592 -0.001925
-0.00190076 -0.0019
-0.00187561 -0.001875
-0.00185045 -0.00185
-0.00182529 -0.001825
-0.00180013 -0.0018
-0.001775 -0.001775
-0.00175 -0.00175
-0.001725 -0.001725
-0.0017 -0.0017
-0.001675 -0.001675
-0.00165 -0.00165
-0.001625 -0.001625
-0.0016 -0.0016
-0.001575 -0.001575
-0.00155 -0.00155
-0.001525 -0.001525
-0.0015 -0.0015
-0.001475 -0.001475
-0.00145 -0.00145
-0.001425 -0.001425
-0.0014 -0.0014
-0.001375 -0.001375
-0.00135 -0.00135
-0.001325 -0.001325
-0.0013 -0.0013
-0.001275 -0.001275
-0.00125 -0.00125
-0.001225 -0.001225
-0.0012 -0.0012
-0.001175 -0.001175
-0.00115 -0.00115
-0.001125 -0.001125
-0.0011 -0.0011
-0.001075 -0.001075
-0.00105 -0.00105
-0.001025 -0.001025
-0.001 -0.001
-0.000975 -0.000975
-0.00095 -0.00095
-0.000925 -0.000925
-0.0009 -0.0009
-0.000875 -0.000875
-0.00085 -0.00085
-0.000825 -0.000825
-0.0008 -0.0008
-0.000775 -0.000775
-0.00075 -0.00075
-0.000725 -0.000725
-0.0007 -0.0007
-0.000675 -0.000675
-0.00065 -0.00065
-0.000625 -0.000625
-0.0006 -0.0006
-0.000575 -0.000575
-0.00055 -0.00055
-0.000525 -0.000525
-0.0005 -0.0005
-0.000475 -0.000475
-0.00045 -0.00045
-0.000425 -0.000425
-0.0004 -0.0004
-0.000375 -0.000375
-0.00035 -0.00035
-0.000325 -0.000325
-0.0003 -0.0003
-0.000275 -0.000275
-0.00025 -0.00025
-0.000225 -0.000225
-0.0002 -0.0002
-0.000175 -0.000175
-0.00015 -0.00015
-0.000125 -0.000125
-0.0001 -0.0001
-7.5e-05 -7.5e-05
-5e-05 -5e-05
-2.5e-05 -2.5e-05
-9.28348e-19 -9.28348e-19
2.5e-05 2.5e-05
5e-05 5e-05
7.5e-05 7.5e-05
0.0001 0.0001
0.000125 0.000125
0.00015 0.00015
0.000175 0.000175
0.0002 0.0002
0.000225 0.000225
0.00025 0.00025
0.000275 0.000275
0.0003 0.0003
0.000325 0.000325
0.00035 0.00035
0.000375 0.000375
0.0004 0.0004
0.000425 0.000425
0.00045 0.00045
0.000475 0.000475
0.0005 0.0005
0.000525 0.000525
0.00055 0.00055
0.000575 0.000575
0.0006 0.0006
0.000625 0.000625
0.00065 0.00065
0.000675 0.000675
0.0007 0.0007
0.000725 0.000725
0.00075 0.00075
0.000775 0.000775
0.0008 0.0008
0.000825 0.000825
0.00085 0.00085
0.000875 0.000875
0.00085 0.00085
0.000825 0.000825
0.0008 0.0008
0.000775 0.000775
0.00075 0.00075
0.000725 0.000725
0.0007 0.0007
0.000675 0.000675
0.00065 0.00065
0.000625 0.000625
0.0006 0.0006
0.000575 0.000575
0.00055 0.00055
0.000525 0.000525
0.0005 0.0005
0.000475 0.000475
0.00045 0.00045
0.000425 0.000425
0.0004 0.0004
0.000375 0.000375
0.00035 0.00035
0.000325 0.000325
0.0003 0.0003
0.000275 0.000275
0.00025 0.00025
0.000225 0.000225
0.0002 0.0002
0.000175 0.000175
0.00015 0.00015
0.000125 0.000125
0.0001 0.0001
7.5e-05 7.5e-05
5e-05 5e-05
2.5e-05 2.5e-05
-9.14796e-19 -9.14796e-19
