-3.212e-05 -2.5e-05
-6.41941e-05 -5e-05
-9.6222e-05 -7.5e-05
-0.000128203 -0.0001
-0.000160137 -0.000125
-0.000192024 -0.00015
-0.000223864 -0.000175
-0.000255655 -0.0002
-0.000287397 -0.000225
-0.000319091 -0.00025
-0.000350735 -0.000275
-0.00038233 -0.0003
-0.000413875 -0.000325
-0.000445369 -0.00035
-0.000476812 -0.000375
-0.000508204 -0.0004
-0.000539544 -0.000425
-0.000570832 -0.00045
-0.000602067 -0.000475
-0.00063325 -0.0005
-0.000664378 -0.000525
-0.000695453 -0.00055
-0.000726473 -0.000575
-0.000757439 -0.0006
-0.000788348 -0.000625
-0.000819202 -0.00065
-0.00085 -0.000675
-0.000880741 -0.0007
-0.000911424 -0.000725
-0.000942049 -0.00075
-0.000972616 -0.000775
-0.00100312 -0.0008
-0.00103357 -0.000825
-0.00106396 -0.00085
-0.00109429 -0.000875
-0.00112456 -0.0009
-0.00115476 -0.000925
-0.0011849 -0.00095
-0.00121498 -0.000975
-0.001245 -0.001
-0.00127495 -0.001025
-0.00130484 -0.00105
-0.00133466 -0.001075
-0.00136441 -0.0011
-0.0013941 -0.001125
-0.00142372 -0.00115
-0.00145328 -0.001175
-0.00148276 -0.0012
-0.00151218 -0.001225
-0.00154152 -0.00125
-0.00150938 -0.001225
-0.00147724 -0.0012
-0.00144509 -0.001175
-0.00141295 -0.00115
-0.00138081 -0.001125
-0.00134867 -0.0011
-0.00131652 -0.001075
-0.00128438 -0.00105
-0.00125224 -0.001025
-0.00122009 -0.001
-0.00118795 -0.000975
-0.00115581 -0.00095
-0.00112367 -0.000925
-0.00109152 -0.0009
-0.00105938 -0.000875
-0.00102724 -0.00085
-0.000995094 -0.000825
-0.000962952 -0.0008
-0.000930809 -0.000775
-0.000898666 -0.00075
-0.000866523 -0.000725
-0.00083438 -0.0007
-0.000802237 -0.000675
-0.000770094 -0.00065
-0.000737952 -0.000625
-0.000705809 -0.0006
-0.000673666 -0.000575
-0.000641523 -0.00055
-0.00060938 -0.000525
-0.000577237 -0.0005
-0.000545094 -0.000475
-0.000512952 -0.00045
-0.000480809 -0.000425
-0.000448666 -0.0004
-0.000416523 -0.000375
-0.000385767 -0.00035
-0.000357121 -0.000325
-0.000328475 -0.0003
-0.000299829 -0.000275
-0.000271183 -0.00025
-0.000242537 -0.000225
-0.000213891 -0.0002
-0.000185245 -0.000175
-0.000156599 -0.00015
-0.000127953 -0.000125
-9.86435e-05 -0.0001
-6.65006e-05 -7.5e-05
-3.43578e-05 -5e-05
-2.2149e-06 -2.5e-05
2.9928e-05 -6.09864e-20
6.20708e-05 2.5e-05
8.6313e-05 5e-05
0.000105063 7.5e-05
0.000123813 0.0001
0.000142563 0.000125
0.000115652 0.0001
8.87408e-05 7.5e-05
6.18297e-05 5e-05
3.49186e-05 2.5e-05
8.00743e-06 -4.74338e-20
-1.89037e-05 -2.5e-05
-4.58148e-05 -5e-05
-7.27259e-05 -7.5e-05
-9.96371e-05 -0.0001
-0.000130155 -0.000125
-0.000161519 -0.00015
-0.000192883 -0.000175
-0.000224246 -0.0002
-0.00025561 -0.000225
-0.000286974 -0.00025
-0.000318338 -0.000275
-0.000349701 -0.0003
-0.000381065 -0.000325
-0.000412429 -0.00035
-0.000443792 -0.000375
-0.000475156 -0.0004
-0.00050652 -0.000425
-0.000537884 -0.00045
-0.000569247 -0.000475
-0.000600611 -0.0005
-0.000631975 -0.000525
-0.000663339 -0.00055
-0.000694702 -0.000575
-0.000726066 -0.0006
-0.00075743 -0.000625
-0.000788793 -0.00065
-0.000820157 -0.000675
-0.000851521 -0.0007
-0.000882885 -0.000725
-0.000914248 -0.00075
-0.000945612 -0.000775
-0.000976976 -0.0008
-0.00100834 -0.000825
-0.0010397 -0.00085
-0.00107107 -0.000875
-0.00110243 -0.0009
-0.00113379 -0.000925
-0.00116516 -0.00095
-0.00119652 -0.000975
-0.00122789 -0.001
-0.00125925 -0.001025
-0.00129061 -0.00105
-0.00132198 -0.001075
-0.00135334 -0.0011
-0.0013847 -0.001125
-0.00141607 -0.00115
-0.00144743 -0.001175
-0.0014788 -0.0012
-0.00151016 -0.001225
-0.00154152 -0.00125
-0.0015708 -0.001275
-0.0016 -0.0013
-0.00162913 -0.001325
-0.00165819 -0.00135
-0.00168717 -0.001375
-0.00171608 -0.0014
-0.00174491 -0.001425
-0.00177367 -0.00145
-0.00180235 -0.001475
-0.00183095 -0.0015
-0.00185948 -0.001525
-0.00188792 -0.00155
-0.00191628 -0.001575
-0.00194456 -0.0016
-0.00197276 -0.001625
-0.00200088 -0.00165
-0.00202891 -0.001675
-0.00205685 -0.0017
-0.00208471 -0.001725
-0.00211249 -0.00175
-0.00214017 -0.001775
-0.00216776 -0.0018
-0.00219527 -0.001825
-0.00222268 -0.00185
-0.00225 -0.001875
-0.00227723 -0.0019
-0.00230436 -0.001925
-0.00233139 -0.00195
-0.00235833 -0.001975
-0.00238516 -0.002
-0.0024119 -0.002025
-0.00243854 -0.00205
-0.00246507 -0.002075
-0.0024915 -0.0021
-0.00251783 -0.002125
-0.00254404 -0.00215
-0.00257015 -0.002175
-0.00259615 -0.0022
-0.00262204 -0.002225
-0.00264782 -0.00225
-0.00267348 -0.002275
-0.00269902 -0.0023
-0.00272445 -0.002325
-0.00274975 -0.00235
-0.00277494 -0.002375
-0.0028 -0.0024
-0.00282238 -0.002425
-0.00284475 -0.00245
-0.00286713 -0.002475
-0.0028895 -0.0025
-0.00291188 -0.002525
-0.00293425 -0.00255
-0.00295663 -0.002575
-0.00297901 -0.0026
-0.00300138 -0.002625
-0.00302376 -0.00265
-0.00304613 -0.002675
-0.00306851 -0.0027
-0.00309088 -0.002725
-0.00311326 -0.00275
-0.00313564 -0.002775
-0.00315801 -0.0028
-0.00318039 -0.002825
-0.00320276 -0.00285
-0.00322514 -0.002875
-0.00324751 -0.0029
-0.00326989 -0.002925
-0.00329227 -0.00295
-0.00331464 -0.002975
-0.00333702 -0.003
-0.00335939 -0.003025
-0.00338177 -0.00305
-0.00340414 -0.003075
-0.00342652 -0.0031
-0.0034489 -0.003125
-0.00347127 -0.00315
-0.00349365 -0.003175
-0.00351602 -0.0032
-0.0035384 -0.003225
-0.00356077 -0.00325
-0.00358315 -0.003275
-0.00360552 -0.0033
-0.0036279 -0.003325
-0.00365028 -0.00335
-0.00367265 -0.003375
-0.00369503 -0.0034
-0.0037174 -0.003425
-0.00373978 -0.00345
-0.00376215 -0.003475
-0.00378453 -0.0035
-0.00380691 -0.003525
-0.00382928 -0.00355
-0.00385166 -0.003575
-0.00387403 -0.0036
-0.00389641 -0.003625
-0.00391878 -0.00365
-0.00394116 -0.003675
-0.00396354 -0.0037
-0.00398591 -0.003725
-0.00400829 -0.00375
-0.00397614 -0.003725
-0.003944 -0.0037
-0.00391186 -0.003675
-0.00387972 -0.00365
-0.00384757 -0.003625
-0.00381543 -0.0036
-0.00378329 -0.003575
-0.00375114 -0.00355
-0.003719 -0.003525
-0.00368686 -0.0035
-0.00365472 -0.003475
-0.00362257 -0.00345
-0.00359043 -0.003425
-0.00355829 -0.0034
-0.00352614 -0.003375
-0.003494 -0.00335
-0.00346186 -0.003325
-0.00342972 -0.0033
-0.00339757 -0.003275
-0.00336543 -0.00325
-0.00333329 -0.003225
-0.00330485 -0.0032
-0.0032784 -0.003175
-0.00325196 -0.00315
-0.00322552 -0.003125
-0.00319907 -0.0031
-0.00317263 -0.003075
-0.00314619 -0.00305
-0.00311975 -0.003025
-0.0030933 -0.003
-0.00306686 -0.002975
-0.00304042 -0.00295
-0.00301397 -0.002925
-0.00298753 -0.0029
-0.00296109 -0.002875
-0.00293464 -0.00285
-0.0029082 -0.002825
-0.00288176 -0.0028
-0.00285531 -0.002775
-0.00282887 -0.00275
-0.00280243 -0.002725
-0.00277598 -0.0027
-0.00274954 -0.002675
-0.0027231 -0.00265
-0.00269665 -0.002625
-0.00267021 -0.0026
-0.00264377 -0.002575
-0.00261732 -0.00255
-0.00259088 -0.002525
-0.00256444 -0.0025
-0.00253799 -0.002475
-0.00251155 -0.00245
-0.00248511 -0.002425
-0.00245866 -0.0024
-0.00243222 -0.002375
-0.00240578 -0.00235
-0.00237933 -0.002325
-0.00235289 -0.0023
-0.00232645 -0.002275
-0.0023 -0.00225
-0.00227356 -0.002225
-0.00224712 -0.0022
-0.00222067 -0.002175
-0.00219423 -0.00215
-0.00216779 -0.002125
-0.00214135 -0.0021
-0.0021149 -0.002075
-0.00208846 -0.00205
-0.00206202 -0.002025
-0.00203557 -0.002
-0.00200913 -0.001975
-0.00198269 -0.00195
-0.00195624 -0.001925
-0.0019298 -0.0019
-0.00190336 -0.001875
-0.00187691 -0.00185
-0.00185047 -0.001825
-0.00182403 -0.0018
-0.00179758 -0.001775
-0.00177114 -0.00175
-0.0017447 -0.001725
-0.00171825 -0.0017
-0.00169181 -0.001675
-0.00166537 -0.00165
-0.00163892 -0.001625
-0.00161248 -0.0016
-0.00158604 -0.001575
-0.00155959 -0.00155
-0.00153315 -0.001525
-0.00150671 -0.0015
-0.00148026 -0.001475
-0.00145382 -0.00145
-0.00142738 -0.001425
-0.00140093 -0.0014
-0.00137433 -0.001375
-0.00134742 -0.00135
-0.0013205 -0.001325
-0.00129359 -0.0013
-0.00126668 -0.001275
-0.00123977 -0.00125
-0.00121286 -0.001225
-0.00118595 -0.0012
-0.00115904 -0.001175
-0.00113345 -0.00115
-0.0011147 -0.001125
-0.00109595 -0.0011
-0.001075 -0.001075
-0.00105 -0.00105
-0.001025 -0.001025
-0.001 -0.001
-0.000975 -0.000975
-0.00095 -0.00095
-0.000925 -0.000925
-0.0009 -0.0009
-0.000875 -0.000875
-0.00085 -0.00085
-0.000825 -0.000825
-0.0008 -0.0008
-0.000775 -0.000775
-0.00075 -0.00075
-0.000725 -0.000725
-0.0007 -0.0007
-0.000675 -0.000675
-0.00065 -0.00065
-0.000625 -0.000625
-0.0006 -0.0006
-0.000575 -0.000575
-0.00055 -0.00055
-0.000525 -0.000525
-0.0005 -0.0005
-0.000475 -0.000475
-0.00045 -0.00045
-0.000425 -0.000425
-0.0004 -0.0004
-0.000375 -0.000375
-0.00035 -0.00035
-0.000325 -0.000325
-0.0003 -0.0003
-0.000275 -0.000275
-0.00025 -0.00025
-0.000225 -0.000225
-0.0002 -0.0002
-0.000175 -0.000175
-0.00015 -0.00015
-0.000125 -0.000125
-0.0001 -0.0001
-7.5e-05 -7.5e-05
-5e-05 -5e-05
-2.5e-05 -2.5e-05
-6.09864e-20 -6.09864e-20
2.5e-05 2.5e-05
5e-05 5e-05
7.5e-05 7.5e-05
0.0001 0.0001
0.000125 0.000125
0.00015 0.00015
0.000175 0.000175
0.0002 0.0002
0.000225 0.000225
0.00025 0.00025
0.000275 0.000275
0.0003 0.0003
0.000325 0.000325
0.00035 0.00035
0.000375 0.000375
0.00035 0.00035
0.000325 0.000325
0.0003 0.0003
0.000275 0.000275
0.00025 0.00025
0.000225 0.000225
0.0002 0.0002
0.000175 0.000175
0.00015 0.00015
0.000125 0.000125
0.0001 0.0001
7.5e-05 7.5e-05
5e-05 5e-05
2.5e-05 2.5e-05
-4.74338e-20 -4.74338e-20
-2.5e-05 -2.5e-05
-5e-05 -5e-05
-7.5e-05 -7.5e-05
-0.0001 -0.0001
-0.000125 -0.000125
-0.00015 -0.00015
-0.000175 -0.000175
-0.0002 -0.0002
-0.000225 -0.000225
-0.00025 -0.00025
-0.000275 -0.000275
-0.0003 -0.0003
-0.000325 -0.000325
-0.00035 -0.00035
-0.000375 -0.000375
-0.0004 -0.0004
-0.000425 -0.000425
-0.00045 -0.00045
-0.000475 -0.000475
-0.0005 -0.0005
-0.000525 -0.000525
-0.00055 -0.00055
-0.000575 -0.000575
-0.0006 -0.0006
-0.000625 -0.000625
-0.00065 -0.00065
-0.000675 -0.000675
-0.0007 -0.0007
-0.000725 -0.000725
-0.00075 -0.00075
-0.000775 -0.000775
-0.0008 -0.0008
-0.000825 -0.000825
-0.00085 -0.00085
-0.000875 -0.000875
-0.0009 -0.0009
-0.000925 -0.000925
-0.00095 -0.00095
-0.000975 -0.000975
-0.001 -0.001
-0.001025 -0.001025
-0.00105 -0.00105
-0.001075 -0.001075
-0.0011 -0.0011
-0.001125 -0.001125
-0.00115 -0.00115
-0.001175 -0.001175
-0.0012 -0.0012
-0.001225 -0.001225
-0.00125 -0.00125
-0.001275 -0.001275
-0.0013 -0.0013
-0.001325 -0.001325
-0.00135 -0.00135
-0.001375 -0.001375
-0.00140177 -0.0014
-0.0014295 -0.001425
-0.00145722 -0.00145
-0.00148495 -0.001475
-0.00151268 -0.0015
-0.00154041 -0.001525
-0.00156814 -0.00155
-0.00159587 -0.001575
-0.0016236 -0.0016
-0.00165133 -0.001625
-0.00167906 -0.00165
-0.00170679 -0.001675
-0.00173451 -0.0017
-0.00176224 -0.001725
-0.00178997 -0.00175
-0.0018177 -0.001775
-0.00184543 -0.0018
-0.00187316 -0.001825
-0.00190089 -0.00185
-0.00192862 -0.001875
-0.00195635 -0.0019
-0.00198407 -0.001925
-0.0020118 -0.00195
-0.00203953 -0.001975
-0.00206726 -0.002
-0.00209499 -0.002025
-0.00212272 -0.00205
-0.00215045 -0.002075
-0.00217818 -0.0021
-0.00220591 -0.002125
-0.00223364 -0.00215
-0.00226136 -0.002175
-0.00228909 -0.0022
-0.00231682 -0.002225
-0.00234455 -0.00225
-0.00237228 -0.002275
-0.00240001 -0.0023
-0.00242774 -0.002325
-0.00245547 -0.00235
-0.0024832 -0.002375
-0.00251092 -0.0024
-0.00253865 -0.002425
-0.00256638 -0.00245
-0.00259411 -0.002475
-0.00262184 -0.0025
-0.00264957 -0.002525
-0.0026773 -0.00255
-0.00270503 -0.002575
-0.00273276 -0.0026
-0.00276048 -0.002625
-0.00278821 -0.00265
-0.00281594 -0.002675
-0.00284367 -0.0027
-0.0028714 -0.002725
-0.00289913 -0.00275
-0.00292686 -0.002775
-0.00295459 -0.0028
-0.00298232 -0.002825
-0.00301005 -0.00285
-0.00303777 -0.002875
-0.0030655 -0.0029
-0.00309323 -0.002925
-0.00312096 -0.00295
-0.00314869 -0.002975
-0.00317642 -0.003
-0.00320415 -0.003025
-0.00323188 -0.00305
-0.00325961 -0.003075
-0.00328733 -0.0031
-0.00331506 -0.003125
-0.00334279 -0.00315
-0.00337052 -0.003175
-0.00339825 -0.0032
-0.00342598 -0.003225
-0.00345371 -0.00325
-0.00348144 -0.003275
-0.00350917 -0.0033
-0.0035369 -0.003325
-0.00356462 -0.00335
-0.00359235 -0.003375
-0.00362008 -0.0034
-0.00364781 -0.003425
-0.00367554 -0.00345
-0.00370327 -0.003475
-0.003731 -0.0035
-0.00375873 -0.003525
-0.00378646 -0.00355
-0.00381418 -0.003575
-0.00384191 -0.0036
-0.00386964 -0.003625
-0.00389737 -0.00365
-0.0039251 -0.003675
-0.00395283 -0.0037
-0.00398056 -0.003725
-0.00400829 -0.00375
-0.00403066 -0.003775
-0.00405304 -0.0038
-0.00407541 -0.003825
-0.00409779 -0.00385
-0.00412017 -0.003875
-0.00414254 -0.0039
-0.00416492 -0.003925
-0.00418729 -0.00395
-0.00420967 -0.003975
-0.00423204 -0.004
-0.00425442 -0.004025
-0.0042768 -0.00405
-0.00429917 -0.004075
-0.00432155 -0.0041
-0.00434392 -0.004125
-0.0043663 -0.00415
-0.00438867 -0.004175
-0.00441105 -0.0042
-0.00443343 -0.004225
-0.0044558 -0.00425
-0.00447818 -0.004275
-0.00450055 -0.0043
-0.00452293 -0.004325
-0.0045453 -0.00435
-0.00456768 -0.004375
-0.00459006 -0.0044
-0.00461243 -0.004425
-0.00463481 -0.00445
-0.00465718 -0.004475
-0.00467956 -0.0045
-0.00470193 -0.004525
-0.00472431 -0.00455
-0.00474669 -0.004575
-0.00476906 -0.0046
-0.00479144 -0.004625
-0.00481381 -0.00465
-0.00483619 -0.004675
-0.00485856 -0.0047
-0.00488094 -0.004725
-0.00490331 -0.00475
-0.00492569 -0.004775
-0.00494807 -0.0048
-0.00497044 -0.004825
-0.00499282 -0.00485
-0.00501519 -0.004875
-0.00503757 -0.0049
-0.00505994 -0.004925
-0.00508232 -0.00495
-0.0051047 -0.004975
-0.00512707 -0.005
-0.00509493 -0.004975
-0.00506279 -0.00495
-0.00503064 -0.004925
-0.0049985 -0.0049
-0.00496636 -0.004875
-0.00493421 -0.00485
-0.00490207 -0.004825
-0.00486993 -0.0048
-0.00483779 -0.004775
-0.00480743 -0.00475
-0.00478161 -0.004725
-0.00475579 -0.0047
-0.00472997 -0.004675
-0.00470415 -0.00465
-0.00467833 -0.004625
-0.00465251 -0.0046
-0.00462669 -0.004575
-0.00460087 -0.00455
-0.00457506 -0.004525
-0.00454924 -0.0045
-0.00452342 -0.004475
-0.0044976 -0.00445
-0.00447178 -0.004425
-0.00444596 -0.0044
-0.00442014 -0.004375
-0.00439432 -0.00435
-0.0043685 -0.004325
-0.00434268 -0.0043
-0.00431686 -0.004275
-0.00429105 -0.00425
-0.00426523 -0.004225
-0.00423941 -0.0042
-0.00421359 -0.004175
-0.00418777 -0.00415
-0.00416195 -0.004125
-0.00413613 -0.0041
-0.00411031 -0.004075
-0.00408449 -0.00405
-0.00405867 -0.004025
-0.00403285 -0.004
-0.00400704 -0.003975
-0.00398122 -0.00395
-0.0039554 -0.003925
-0.00392958 -0.0039
-0.00390376 -0.003875
-0.00387794 -0.00385
-0.00385212 -0.003825
-0.0038263 -0.0038
-0.00380048 -0.003775
-0.00377466 -0.00375
-0.00374885 -0.003725
-0.00372303 -0.0037
-0.00369721 -0.003675
-0.00367139 -0.00365
-0.00364557 -0.003625
-0.00361975 -0.0036
-0.00359393 -0.003575
-0.00356811 -0.00355
-0.00354229 -0.003525
-0.00351647 -0.0035
-0.00349065 -0.003475
-0.00346484 -0.00345
-0.00343902 -0.003425
-0.0034132 -0.0034
-0.00338738 -0.003375
-0.00336156 -0.00335
-0.00333574 -0.003325
-0.00330992 -0.0033
-0.0032841 -0.003275
-0.00325828 -0.00325
-0.00323246 -0.003225
-0.00320664 -0.0032
-0.00318083 -0.003175
-0.00315501 -0.00315
-0.00312919 -0.003125
-0.00310337 -0.0031
-0.00307755 -0.003075
-0.00305173 -0.00305
-0.00302591 -0.003025
-0.00300009 -0.003
-0.002975 -0.002975
-0.00295 -0.00295
-0.002925 -0.002925
-0.0029 -0.0029
-0.002875 -0.002875
-0.00285 -0.00285
-0.002825 -0.002825
-0.0028 -0.0028
-0.002775 -0.002775
-0.00275 -0.00275
-0.002725 -0.002725
-0.0027 -0.0027
-0.002675 -0.002675
-0.00265 -0.00265
-0.002625 -0.002625
-0.0026 -0.0026
-0.002575 -0.002575
-0.00255 -0.00255
-0.002525 -0.002525
-0.0025 -0.0025
-0.002475 -0.002475
-0.00245 -0.00245
-0.002425 -0.002425
-0.0024 -0.0024
-0.002375 -0.002375
-0.00235 -0.00235
-0.002325 -0.002325
-0.0023 -0.0023
-0.002275 -0.002275
-0.00225 -0.00225
-0.002225 -0.002225
-0.0022 -0.0022
-0.002175 -0.002175
-0.00215 -0.00215
-0.002125 -0.002125
-0.0021 -0.0021
-0.002075 -0.002075
-0.00205 -0.00205
-0.002025 -0.002025
-0.002 -0.002
-0.001975 -0.001975
-0.00195 -0.00195
-0.001925 -0.001925
-0.0019 -0.0019
-0.001875 -0.001875
-0.00185 -0.00185
-0.001825 -0.001825
-0.0018 -0.0018
-0.001775 -0.001775
-0.00175 -0.00175
-0.001725 -0.001725
-0.0017 -0.0017
-0.001675 -0.001675
-0.00165 -0.00165
-0.001625 -0.001625
-0.0016 -0.0016
-0.001575 -0.001575
-0.00155 -0.00155
-0.001525 -0.001525
-0.0015 -0.0015
-0.001475 -0.001475
-0.00145 -0.00145
-0.001425 -0.001425
-0.0014 -0.0014
-0.001375 -0.001375
-0.00135 -0.00135
-0.001325 -0.001325
-0.0013 -0.0013
-0.001275 -0.001275
-0.00125 -0.00125
-0.001225 -0.001225
-0.0012 -0.0012
-0.001175 -0.001175
-0.00115 -0.00115
-0.001125 -0.001125
-0.0011 -0.0011
-0.001075 -0.001075
-0.00105 -0.00105
-0.001025 -0.001025
-0.001 -0.001
-0.000975 -0.000975
-0.00095 -0.00095
-0.000925 -0.000925
-0.0009 -0.0009
-0.000875 -0.000875
-0.00085 -0.00085
-0.000825 -0.000825
-0.0008 -0.0008
-0.000775 -0.000775
-0.00075 -0.00075
-0.000725 -0.000725
-0.0007 -0.0007
-0.000675 -0.000675
-0.00065 -0.00065
-0.000625 -0.000625
-0.0006 -0.0006
-0.000575 -0.000575
-0.00055 -0.00055
-0.000525 -0.000525
-0.0005 -0.0005
-0.000475 -0.000475
-0.00045 -0.00045
-0.000425 -0.000425
-0.0004 -0.0004
-0.000375 -0.000375
-0.00035 -0.00035
-0.000325 -0.000325
-0.0003 -0.0003
-0.000275 -0.000275
-0.00025 -0.00025
-0.000225 -0.000225
-0.0002 -0.0002
-0.000175 -0.000175
-0.00015 -0.00015
-0.000125 -0.000125
-0.0001 -0.0001
-7.5e-05 -7.5e-05
-5e-05 -5e-05
-2.5e-05 -2.5e-05
-6.09864e-20 -6.09864e-20
2.5e-05 2.5e-05
5e-05 5e-05
7.5e-05 7.5e-05
0.0001 0.0001
0.000125 0.000125
0.00015 0.00015
0.000175 0.000175
0.0002 0.0002
0.000225 0.000225
0.00025 0.00025
0.000275 0.000275
0.0003 0.0003
0.000325 0.000325
0.00035 0.00035
0.000375 0.000375
0.0004 0.0004
0.000425 0.000425
0.00045 0.00045
0.000475 0.000475
0.0005 0.0005
0.000475 0.000475
0.00045 0.00045
0.000425 0.000425
0.0004 0.0004
0.000375 0.000375
0.00035 0.00035
0.000325 0.000325
0.0003 0.0003
0.000275 0.000275
0.00025 0.00025
0.000225 0.000225
0.0002 0.0002
0.000175 0.000175
0.00015 0.00015
0.000125 0.000125
0.0001 0.0001
7.5e-05 7.5e-05
5e-05 5e-05
2.5e-05 2.5e-05
-4.74338e-20 -4.74338e-20
-2.5e-05 -2.5e-05
-5e-05 -5e-05
-7.5e-05 -7.5e-05
-0.0001 -0.0001
-0.000125 -0.000125
-0.00015 -0.00015
-0.000175 -0.000175
-0.0002 -0.0002
-0.000225 -0.000225
-0.00025 -0.00025
-0.000275 -0.000275
-0.0003 -0.0003
-0.000325 -0.000325
-0.00035 -0.00035
-0.000375 -0.000375
-0.0004 -0.0004
-0.000425 -0.000425
-0.00045 -0.00045
-0.000475 -0.000475
-0.0005 -0.0005
-0.000525 -0.000525
-0.00055 -0.00055
-0.000575 -0.000575
-0.0006 -0.0006
-0.000625 -0.000625
-0.00065 -0.00065
-0.000675 -0.000675
-0.0007 -0.0007
-0.000725 -0.000725
-0.00075 -0.00075
-0.000775 -0.000775
-0.0008 -0.0008
-0.000825 -0.000825
-0.00085 -0.00085
-0.000875 -0.000875
-0.0009 -0.0009
-0.000925 -0.000925
-0.00095 -0.00095
-0.000975 -0.000975
-0.001 -0.001
-0.001025 -0.001025
-0.00105 -0.00105
-0.001075 -0.001075
-0.0011 -0.0011
-0.001125 -0.001125
-0.00115 -0.00115
-0.001175 -0.001175
-0.0012 -0.0012
-0.001225 -0.001225
-0.00125 -0.00125
-0.001275 -0.001275
-0.0013 -0.0013
-0.001325 -0.001325
-0.00135 -0.00135
-0.001375 -0.001375
-0.0014 -0.0014
-0.001425 -0.001425
-0.00145 -0.00145
-0.001475 -0.001475
-0.0015 -0.0015
-0.001525 -0.001525
-0.00155 -0.00155
-0.001575 -0.001575
-0.0016 -0.0016
-0.001625 -0.001625
-0.00165 -0.00165
-0.001675 -0.001675
-0.0017 -0.0017
-0.001725 -0.001725
-0.00175 -0.00175
-0.001775 -0.001775
-0.0018 -0.0018
-0.001825 -0.001825
-0.00185 -0.00185
-0.001875 -0.001875
-0.0019 -0.0019
-0.001925 -0.001925
-0.00195 -0.00195
-0.001975 -0.001975
-0.002 -0.002
-0.002025 -0.002025
-0.00205 -0.00205
-0.002075 -0.002075
-0.0021 -0.0021
-0.002125 -0.002125
-0.00215 -0.00215
-0.002175 -0.002175
-0.0022 -0.0022
-0.002225 -0.002225
-0.00225 -0.00225
-0.002275 -0.002275
-0.0023 -0.0023
-0.002325 -0.002325
-0.00235 -0.00235
-0.002375 -0.002375
-0.0024 -0.0024
-0.002425 -0.002425
-0.00245 -0.00245
-0.002475 -0.002475
-0.0025 -0.0025
-0.002525 -0.002525
-0.00255 -0.00255
-0.002575 -0.002575
-0.0026 -0.0026
-0.002625 -0.002625
-0.00265 -0.00265
-0.002675 -0.002675
-0.0027 -0.0027
-0.002725 -0.002725
-0.00275 -0.00275
-0.002775 -0.002775
-0.0028 -0.0028
-0.002825 -0.002825
-0.00285 -0.00285
-0.002875 -0.002875
-0.0029 -0.0029
-0.002925 -0.002925
-0.00295 -0.00295
-0.002975 -0.002975
-0.00300018 -0.003
-0.00302676 -0.003025
-0.00305335 -0.00305
-0.00307994 -0.003075
-0.00310652 -0.0031
-0.00313311 -0.003125
-0.0031597 -0.00315
-0.00318628 -0.003175
-0.00321287 -0.0032
-0.00323945 -0.003225
-0.00326604 -0.00325
-0.00329263 -0.003275
-0.00331921 -0.0033
-0.0033458 -0.003325
-0.00337238 -0.00335
-0.00339897 -0.003375
-0.00342556 -0.0034
-0.00345214 -0.003425
-0.00347873 -0.00345
-0.00350532 -0.003475
-0.0035319 -0.0035
-0.00355849 -0.003525
-0.00358507 -0.00355
-0.00361166 -0.003575
-0.00363825 -0.0036
-0.00366483 -0.003625
-0.00369142 -0.00365
-0.003718 -0.003675
-0.00374459 -0.0037
-0.00377118 -0.003725
-0.00379776 -0.00375
-0.00382435 -0.003775
-0.00385094 -0.0038
-0.00387752 -0.003825
-0.00390411 -0.00385
-0.00393069 -0.003875
-0.00395728 -0.0039
-0.00398387 -0.003925
-0.00401045 -0.00395
-0.00403704 -0.003975
-0.00406363 -0.004
-0.00409021 -0.004025
-0.0041168 -0.00405
-0.00414338 -0.004075
-0.00416997 -0.0041
-0.00419656 -0.004125
-0.00422314 -0.00415
-0.00424973 -0.004175
-0.00427631 -0.0042
-0.0043029 -0.004225
-0.00432949 -0.00425
-0.00435607 -0.004275
-0.00438266 -0.0043
-0.00440925 -0.004325
-0.00443583 -0.00435
-0.00446242 -0.004375
-0.004489 -0.0044
-0.00451559 -0.004425
-0.00454218 -0.00445
-0.00456876 -0.004475
-0.00459535 -0.0045
-0.00462193 -0.004525
-0.00464852 -0.00455
-0.00467511 -0.004575
-0.00470169 -0.0046
-0.00472828 -0.004625
-0.00475487 -0.00465
-0.00478145 -0.004675
-0.00480804 -0.0047
-0.00483462 -0.004725
-0.00486121 -0.00475
-0.0048878 -0.004775
-0.00491438 -0.0048
-0.00494097 -0.004825
-0.00496755 -0.00485
-0.00499414 -0.004875
-0.00502073 -0.0049
-0.00504731 -0.004925
-0.0050739 -0.00495
-0.00510049 -0.004975
-0.00512707 -0.005
-0.00514945 -0.005025
-0.00517182 -0.00505
-0.0051942 -0.005075
-0.00521657 -0.0051
-0.00523895 -0.005125
-0.00526133 -0.00515
-0.0052837 -0.005175
-0.00530608 -0.0052
-0.00532845 -0.005225
-0.00535083 -0.00525
-0.0053732 -0.005275
-0.00539558 -0.0053
-0.00541796 -0.005325
-0.00544033 -0.00535
-0.00546271 -0.005375
-0.00548508 -0.0054
-0.00550746 -0.005425
-0.00552983 -0.00545
-0.00555221 -0.005475
-0.00557459 -0.0055
-0.00559696 -0.005525
-0.00561934 -0.00555
-0.00564171 -0.005575
-0.00566409 -0.0056
-0.00568646 -0.005625
-0.00570884 -0.00565
-0.00573122 -0.005675
-0.00575359 -0.0057
-0.00577597 -0.005725
-0.00579834 -0.00575
-0.00582072 -0.005775
-0.00584309 -0.0058
-0.00586547 -0.005825
-0.00588785 -0.00585
-0.00591022 -0.005875
-0.0059326 -0.0059
-0.00595497 -0.005925
-0.00597735 -0.00595
-0.00599972 -0.005975
-0.0060221 -0.006
-0.006045 -0.006025
-0.00607 -0.00605
-0.006095 -0.006075
-0.00612 -0.0061
-0.006145 -0.006125
-0.00617 -0.00615
-0.006195 -0.006175
-0.00622 -0.0062
-0.006245 -0.006225
-0.00627 -0.00625
-0.00623786 -0.006225
-0.00620924 -0.0062
-0.00618377 -0.006175
-0.00615829 -0.00615
-0.00613282 -0.006125
-0.00610735 -0.0061
-0.00608187 -0.006075
-0.0060564 -0.00605
-0.00603092 -0.006025
-0.00600545 -0.006
-0.00597998 -0.005975
-0.0059545 -0.00595
-0.00592903 -0.005925
-0.00590355 -0.0059
-0.00587808 -0.005875
-0.00585261 -0.00585
-0.00582713 -0.005825
-0.00580166 -0.0058
-0.00577618 -0.005775
-0.00575071 -0.00575
-0.00572524 -0.005725
-0.0057 -0.0057
-0.005675 -0.005675
-0.00565 -0.00565
-0.005625 -0.005625
-0.0056 -0.0056
-0.005575 -0.005575
-0.00555 -0.00555
-0.005525 -0.005525
-0.0055 -0.0055
-0.005475 -0.005475
-0.00545 -0.00545
-0.005425 -0.005425
-0.0054 -0.0054
-0.005375 -0.005375
-0.00535 -0.00535
-0.005325 -0.005325
-0.0053 -0.0053
-0.005275 -0.005275
-0.00525 -0.00525
-0.005225 -0.005225
-0.0052 -0.0052
-0.005175 -0.005175
-0.00515 -0.00515
-0.005125 -0.005125
-0.0051 -0.0051
-0.005075 -0.005075
-0.00505 -0.00505
-0.005025 -0.005025
-0.005 -0.005
-0.004975 -0.004975
-0.00495 -0.00495
-0.004925 -0.004925
-0.0049 -0.0049
-0.004875 -0.004875
-0.00485 -0.00485
-0.004825 -0.004825
-0.0048 -0.0048
-0.004775 -0.004775
-0.00475 -0.00475
-0.004725 -0.004725
-0.0047 -0.0047
-0.004675 -0.004675
-0.00465 -0.00465
-0.004625 -0.004625
-0.0046 -0.0046
-0.004575 -0.004575
-0.00455 -0.00455
-0.004525 -0.004525
-0.0045 -0.0045
-0.004475 -0.004475
-0.00445 -0.00445
-0.004425 -0.004425
-0.0044 -0.0044
-0.004375 -0.004375
-0.00435 -0.00435
-0.004325 -0.004325
-0.0043 -0.0043
-0.004275 -0.004275
-0.00425 -0.00425
-0.004225 -0.004225
-0.0042 -0.0042
-0.004175 -0.004175
-0.00415 -0.00415
-0.004125 -0.004125
-0.0041 -0.0041
-0.004075 -0.004075
-0.00405 -0.00405
-0.004025 -0.004025
-0.004 -0.004
-0.003975 -0.003975
-0.00395 -0.00395
-0.003925 -0.003925
-0.0039 -0.0039
-0.003875 -0.003875
-0.00385 -0.00385
-0.003825 -0.003825
-0.0038 -0.0038
-0.003775 -0.003775
-0.00375 -0.00375
-0.003725 -0.003725
-0.0037 -0.0037
-0.003675 -0.003675
-0.00365 -0.00365
-0.003625 -0.003625
-0.0036 -0.0036
-0.003575 -0.003575
-0.00355 -0.00355
-0.003525 -0.003525
-0.0035 -0.0035
-0.003475 -0.003475
-0.00345 -0.00345
-0.003425 -0.003425
-0.0034 -0.0034
-0.003375 -0.003375
-0.00335 -0.00335
-0.003325 -0.003325
-0.0033 -0.0033
-0.003275 -0.003275
-0.00325 -0.00325
-0.003225 -0.003225
-0.0032 -0.0032
-0.003175 -0.003175
-0.00315 -0.00315
-0.003125 -0.003125
-0.0031 -0.0031
-0.003075 -0.003075
-0.00305 -0.00305
-0.003025 -0.003025
-0.003 -0.003
-0.002975 -0.002975
-0.00295 -0.00295
-0.002925 -0.002925
-0.0029 -0.0029
-0.002875 -0.002875
-0.00285 -0.00285
-0.002825 -0.002825
-0.0028 -0.0028
-0.002775 -0.002775
-0.00275 -0.00275
-0.002725 -0.002725
-0.0027 -0.0027
-0.002675 -0.002675
-0.00265 -0.00265
-0.002625 -0.002625
-0.0026 -0.0026
-0.002575 -0.002575
-0.00255 -0.00255
-0.002525 -0.002525
-0.0025 -0.0025
-0.002475 -0.002475
-0.00245 -0.00245
-0.002425 -0.002425
-0.0024 -0.0024
-0.002375 -0.002375
-0.00235 -0.00235
-0.002325 -0.002325
-0.0023 -0.0023
-0.002275 -0.002275
-0.00225 -0.00225
-0.002225 -0.002225
-0.0022 -0.0022
-0.002175 -0.002175
-0.00215 -0.00215
-0.002125 -0.002125
-0.0021 -0.0021
-0.002075 -0.002075
-0.00205 -0.00205
-0.002025 -0.002025
-0.002 -0.002
-0.001975 -0.001975
-0.00195 -0.00195
-0.001925 -0.001925
-0.0019 -0.0019
-0.001875 -0.001875
-0.00185 -0.00185
-0.001825 -0.001825
-0.0018 -0.0018
-0.001775 -0.001775
-0.00175 -0.00175
-0.001725 -0.001725
-0.0017 -0.0017
-0.001675 -0.001675
-0.00165 -0.00165
-0.001625 -0.001625
-0.0016 -0.0016
-0.001575 -0.001575
-0.00155 -0.00155
-0.001525 -0.001525
-0.0015 -0.0015
-0.001475 -0.001475
-0.00145 -0.00145
-0.001425 -0.001425
-0.0014 -0.0014
-0.001375 -0.001375
-0.00135 -0.00135
-0.001325 -0.001325
-0.0013 -0.0013
-0.001275 -0.001275
-0.00125 -0.00125
-0.001225 -0.001225
-0.0012 -0.0012
-0.001175 -0.001175
-0.00115 -0.00115
-0.001125 -0.001125
-0.0011 -0.0011
-0.001075 -0.001075
-0.00105 -0.00105
-0.001025 -0.001025
-0.001 -0.001
-0.000975 -0.000975
-0.00095 -0.00095
-0.000925 -0.000925
-0.0009 -0.0009
-0.000875 -0.000875
-0.00085 -0.00085
-0.000825 -0.000825
-0.0008 -0.0008
-0.000775 -0.000775
-0.00075 -0.00075
-0.000725 -0.000725
-0.0007 -0.0007
-0.000675 -0.000675
-0.00065 -0.00065
-0.000625 -0.000625
-0.0006 -0.0006
-0.000575 -0.000575
-0.00055 -0.00055
-0.000525 -0.000525
-0.0005 -0.0005
-0.000475 -0.000475
-0.00045 -0.00045
-0.000425 -0.000425
-0.0004 -0.0004
-0.000375 -0.000375
-0.00035 -0.00035
-0.000325 -0.000325
-0.0003 -0.0003
-0.000275 -0.000275
-0.00025 -0.00025
-0.000225 -0.000225
-0.0002 -0.0002
-0.000175 -0.000175
-0.00015 -0.00015
-0.000125 -0.000125
-0.0001 -0.0001
-7.5e-05 -7.5e-05
-5e-05 -5e-05
-2.5e-05 -2.5e-05
-6.09864e-20 -6.09864e-20
2.5e-05 2.5e-05
5e-05 5e-05
7.5e-05 7.5e-05
0.0001 0.0001
0.000125 0.000125
0.00015 0.00015
0.000175 0.000175
0.0002 0.0002
0.000225 0.000225
0.00025 0.00025
0.000275 0.000275
0.0003 0.0003
0.000325 0.000325
0.00035 0.00035
0.000375 0.000375
0.0004 0.0004
0.000425 0.000425
0.00045 0.00045
0.000475 0.000475
0.0005 0.0005
0.000525 0.000525
0.00055 0.00055
0.000575 0.000575
0.0006 0.0006
0.000625 0.000625
0.0006 0.0006
0.000575 0.000575
0.00055 0.00055
0.000525 0.000525
0.0005 0.0005
0.000475 0.000475
0.00045 0.00045
0.000425 0.000425
0.0004 0.0004
0.000375 0.000375
0.00035 0.00035
0.000325 0.000325
0.0003 0.0003
0.000275 0.000275
0.00025 0.00025
0.000225 0.000225
0.0002 0.0002
0.000175 0.000175
0.00015 0.00015
0.000125 0.000125
0.0001 0.0001
7.5e-05 7.5e-05
5e-05 5e-05
2.5e-05 2.5e-05
-4.74338e-20 -4.74338e-20
-2.5e-05 -2.5e-05
-5e-05 -5e-05
-7.5e-05 -7.5e-05
-0.0001 -0.0001
-0.000125 -0.000125
-0.00015 -0.00015
-0.000175 -0.000175
-0.0002 -0.0002
-0.000225 -0.000225
-0.00025 -0.00025
-0.000275 -0.000275
-0.0003 -0.0003
-0.000325 -0.000325
-0.00035 -0.00035
-0.000375 -0.000375
-0.0004 -0.0004
-0.000425 -0.000425
-0.00045 -0.00045
-0.000475 -0.000475
-0.0005 -0.0005
-0.000525 -0.000525
-0.00055 -0.00055
-0.000575 -0.000575
-0.0006 -0.0006
-0.000625 -0.000625
-0.00065 -0.00065
-0.000675 -0.000675
-0.0007 -0.0007
-0.000725 -0.000725
-0.00075 -0.00075
-0.000775 -0.000775
-0.0008 -0.0008
-0.000825 -0.000825
-0.00085 -0.00085
-0.000875 -0.000875
-0.0009 -0.0009
-0.000925 -0.000925
-0.00095 -0.00095
-0.000975 -0.000975
-0.001 -0.001
-0.001025 -0.001025
-0.00105 -0.00105
-0.001075 -0.001075
-0.0011 -0.0011
-0.001125 -0.001125
-0.00115 -0.00115
-0.001175 -0.001175
-0.0012 -0.0012
-0.001225 -0.001225
-0.00125 -0.00125
-0.001275 -0.001275
-0.0013 -0.0013
-0.001325 -0.001325
-0.00135 -0.00135
-0.001375 -0.001375
-0.0014 -0.0014
-0.001425 -0.001425
-0.00145 -0.00145
-0.001475 -0.001475
-0.0015 -0.0015
-0.001525 -0.001525
-0.00155 -0.00155
-0.001575 -0.001575
-0.0016 -0.0016
-0.001625 -0.001625
-0.00165 -0.00165
-0.001675 -0.001675
-0.0017 -0.0017
-0.001725 -0.001725
-0.00175 -0.00175
-0.001775 -0.001775
-0.0018 -0.0018
-0.001825 -0.001825
-0.00185 -0.00185
-0.001875 -0.001875
-0.0019 -0.0019
-0.001925 -0.001925
-0.00195 -0.00195
-0.001975 -0.001975
-0.002 -0.002
-0.002025 -0.002025
-0.00205 -0.00205
-0.002075 -0.002075
-0.0021 -0.0021
-0.002125 -0.002125
-0.00215 -0.00215
-0.002175 -0.002175
-0.0022 -0.0022
-0.002225 -0.002225
-0.00225 -0.00225
-0.002275 -0.002275
-0.0023 -0.0023
-0.002325 -0.002325
-0.00235 -0.00235
-0.002375 -0.002375
-0.0024 -0.0024
-0.002425 -0.002425
-0.00245 -0.00245
-0.002475 -0.002475
-0.0025 -0.0025
-0.002525 -0.002525
-0.00255 -0.00255
-0.002575 -0.002575
-0.0026 -0.0026
-0.002625 -0.002625
-0.00265 -0.00265
-0.002675 -0.002675
-0.0027 -0.0027
-0.002725 -0.002725
-0.00275 -0.00275
-0.002775 -0.002775
-0.0028 -0.0028
-0.002825 -0.002825
-0.00285 -0.00285
-0.002875 -0.002875
-0.0029 -0.0029
-0.002925 -0.002925
-0.00295 -0.00295
-0.002975 -0.002975
-0.003 -0.003
-0.003025 -0.003025
-0.00305 -0.00305
-0.003075 -0.003075
-0.0031 -0.0031
-0.003125 -0.003125
-0.00315 -0.00315
-0.003175 -0.003175
-0.0032 -0.0032
-0.003225 -0.003225
-0.00325 -0.00325
-0.003275 -0.003275
-0.0033 -0.0033
-0.003325 -0.003325
-0.00335 -0.00335
-0.003375 -0.003375
-0.0034 -0.0034
-0.003425 -0.003425
-0.00345 -0.00345
-0.003475 -0.003475
-0.0035 -0.0035
-0.003525 -0.003525
-0.00355 -0.00355
-0.003575 -0.003575
-0.0036 -0.0036
-0.003625 -0.003625
-0.00365 -0.00365
-0.003675 -0.003675
-0.0037 -0.0037
-0.003725 -0.003725
-0.00375 -0.00375
-0.003775 -0.003775
-0.0038 -0.0038
-0.003825 -0.003825
-0.00385 -0.00385
-0.003875 -0.003875
-0.0039 -0.0039
-0.003925 -0.003925
-0.00395 -0.00395
-0.003975 -0.003975
-0.004 -0.004
-0.004025 -0.004025
-0.00405 -0.00405
-0.004075 -0.004075
-0.0041 -0.0041
-0.004125 -0.004125
-0.00415 -0.00415
-0.004175 -0.004175
-0.0042 -0.0042
-0.004225 -0.004225
-0.00425 -0.00425
-0.004275 -0.004275
-0.0043 -0.0043
-0.004325 -0.004325
-0.00435 -0.00435
-0.004375 -0.004375
-0.0044 -0.0044
-0.004425 -0.004425
-0.00445 -0.00445
-0.004475 -0.004475
-0.0045 -0.0045
-0.004525 -0.004525
-0.00455 -0.00455
-0.004575 -0.004575
-0.0046 -0.0046
-0.004625 -0.004625
-0.00465 -0.00465
-0.004675 -0.004675
-0.0047 -0.0047
-0.004725 -0.004725
-0.00475 -0.00475
-0.004775 -0.004775
-0.0048 -0.0048
-0.004825 -0.004825
-0.00485 -0.00485
-0.004875 -0.004875
-0.0049 -0.0049
-0.004925 -0.004925
-0.00495 -0.00495
-0.004975 -0.004975
-0.005 -0.005
-0.005025 -0.005025
-0.00505 -0.00505
-0.005075 -0.005075
-0.0051 -0.0051
-0.005125 -0.005125
-0.00515 -0.00515
-0.005175 -0.005175
-0.0052 -0.0052
-0.005225 -0.005225
-0.00525 -0.00525
-0.005275 -0.005275
-0.0053 -0.0053
-0.005325 -0.005325
-0.00535 -0.00535
-0.005375 -0.005375
-0.0054 -0.0054
-0.005425 -0.005425
-0.00545 -0.00545
-0.005475 -0.005475
-0.0055 -0.0055
-0.005525 -0.005525
-0.00555 -0.00555
-0.005575 -0.005575
-0.0056 -0.0056
-0.005625 -0.005625
-0.00565 -0.00565
-0.005675 -0.005675
-0.0057 -0.0057
-0.00572546 -0.005725
-0.00575139 -0.00575
-0.00577732 -0.005775
-0.00580325 -0.0058
-0.00582918 -0.005825
-0.00585511 -0.00585
-0.00588104 -0.005875
-0.00590697 -0.0059
-0.0059329 -0.005925
-0.00595884 -0.00595
-0.00598477 -0.005975
-0.0060107 -0.006
-0.00603663 -0.006025
-0.00606256 -0.00605
-0.00608849 -0.006075
-0.00611442 -0.0061
-0.00614035 -0.006125
-0.00616628 -0.00615
-0.00619221 -0.006175
-0.00621814 -0.0062
-0.00624407 -0.006225
-0.00627 -0.00625
-0.006295 -0.006275
-0.00632 -0.0063
-0.006345 -0.006325
-0.00637 -0.00635
-0.006395 -0.006375
-0.00642 -0.0064
-0.006445 -0.006425
-0.00647 -0.00645
-0.006495 -0.006475
-0.00652 -0.0065
-0.006545 -0.006525
-0.00657 -0.00655
-0.006595 -0.006575
-0.00662 -0.0066
-0.006645 -0.006625
-0.00667 -0.00665
-0.006695 -0.006675
-0.00672 -0.0067
-0.006745 -0.006725
-0.00677 -0.00675
-0.006795 -0.006775
-0.00682 -0.0068
-0.006845 -0.006825
-0.00687 -0.00685
-0.006895 -0.006875
-0.00692 -0.0069
-0.006945 -0.006925
-0.00697 -0.00695
-0.006995 -0.006975
-0.00702 -0.007
-0.007045 -0.007025
-0.00707 -0.00705
-0.007095 -0.007075
-0.00712 -0.0071
-0.007145 -0.007125
-0.00717 -0.00715
-0.007195 -0.007175
-0.00722 -0.0072
-0.007245 -0.007225
-0.00727 -0.00725
-0.007295 -0.007275
-0.00732 -0.0073
-0.007345 -0.007325
-0.00737 -0.00735
-0.007395 -0.007375
-0.00742 -0.0074
-0.007445 -0.007425
-0.00747 -0.00745
-0.007495 -0.007475
-0.00752 -0.0075
-0.00748786 -0.007475
-0.00745936 -0.00745
-0.00743395 -0.007425
-0.00740855 -0.0074
-0.00738315 -0.007375
-0.00735775 -0.00735
-0.00733235 -0.007325
-0.00730695 -0.0073
-0.00728154 -0.007275
-0.00725614 -0.00725
-0.00723074 -0.007225
-0.00720534 -0.0072
-0.00717994 -0.007175
-0.00715453 -0.00715
-0.00712913 -0.007125
-0.00710373 -0.0071
-0.00707833 -0.007075
-0.00705293 -0.00705
-0.00702752 -0.007025
-0.00700212 -0.007
-0.00697672 -0.006975
-0.00695132 -0.00695
-0.00692592 -0.006925
-0.00690051 -0.0069
-0.00687511 -0.006875
-0.00685 -0.00685
-0.006825 -0.006825
-0.0068 -0.0068
-0.006775 -0.006775
-0.00675 -0.00675
-0.006725 -0.006725
-0.0067 -0.0067
-0.006675 -0.006675
-0.00665 -0.00665
-0.006625 -0.006625
-0.0066 -0.0066
-0.006575 -0.006575
-0.00655 -0.00655
-0.006525 -0.006525
-0.0065 -0.0065
-0.006475 -0.006475
-0.00645 -0.00645
-0.006425 -0.006425
-0.0064 -0.0064
-0.006375 -0.006375
-0.00635 -0.00635
-0.006325 -0.006325
-0.0063 -0.0063
-0.006275 -0.006275
-0.00625 -0.00625
-0.006225 -0.006225
-0.0062 -0.0062
-0.006175 -0.006175
-0.00615 -0.00615
-0.006125 -0.006125
-0.0061 -0.0061
-0.006075 -0.006075
-0.00605 -0.00605
-0.006025 -0.006025
-0.006 -0.006
-0.005975 -0.005975
-0.00595 -0.00595
-0.005925 -0.005925
-0.0059 -0.0059
-0.005875 -0.005875
-0.00585 -0.00585
-0.005825 -0.005825
-0.0058 -0.0058
-0.005775 -0.005775
-0.00575 -0.00575
-0.005725 -0.005725
-0.0057 -0.0057
-0.005675 -0.005675
-0.00565 -0.00565
-0.005625 -0.005625
-0.0056 -0.0056
-0.005575 -0.005575
-0.00555 -0.00555
-0.005525 -0.005525
-0.0055 -0.0055
-0.005475 -0.005475
-0.00545 -0.00545
-0.005425 -0.005425
-0.0054 -0.0054
-0.005375 -0.005375
-0.00535 -0.00535
-0.005325 -0.005325
-0.0053 -0.0053
-0.005275 -0.005275
-0.00525 -0.00525
-0.005225 -0.005225
-0.0052 -0.0052
-0.005175 -0.005175
-0.00515 -0.00515
-0.005125 -0.005125
-0.0051 -0.0051
-0.005075 -0.005075
-0.00505 -0.00505
-0.005025 -0.005025
-0.005 -0.005
-0.004975 -0.004975
-0.00495 -0.00495
-0.004925 -0.004925
-0.0049 -0.0049
-0.004875 -0.004875
-0.00485 -0.00485
-0.004825 -0.004825
-0.0048 -0.0048
-0.004775 -0.004775
-0.00475 -0.00475
-0.004725 -0.004725
-0.0047 -0.0047
-0.004675 -0.004675
-0.00465 -0.00465
-0.004625 -0.004625
-0.0046 -0.0046
-0.004575 -0.004575
-0.00455 -0.00455
-0.004525 -0.004525
-0.0045 -0.0045
-0.004475 -0.004475
-0.00445 -0.00445
-0.004425 -0.004425
-0.0044 -0.0044
-0.004375 -0.004375
-0.00435 -0.00435
-0.004325 -0.004325
-0.0043 -0.0043
-0.004275 -0.004275
-0.00425 -0.00425
-0.004225 -0.004225
-0.0042 -0.0042
-0.004175 -0.004175
-0.00415 -0.00415
-0.004125 -0.004125
-0.0041 -0.0041
-0.004075 -0.004075
-0.00405 -0.00405
-0.004025 -0.004025
-0.004 -0.004
-0.003975 -0.003975
-0.00395 -0.00395
-0.003925 -0.003925
-0.0039 -0.0039
-0.003875 -0.003875
-0.00385 -0.00385
-0.003825 -0.003825
-0.0038 -0.0038
-0.003775 -0.003775
-0.00375 -0.00375
-0.003725 -0.003725
-0.0037 -0.0037
-0.003675 -0.003675
-0.00365 -0.00365
-0.003625 -0.003625
-0.0036 -0.0036
-0.003575 -0.003575
-0.00355 -0.00355
-0.003525 -0.003525
-0.0035 -0.0035
-0.003475 -0.003475
-0.00345 -0.00345
-0.003425 -0.003425
-0.0034 -0.0034
-0.003375 -0.003375
-0.00335 -0.00335
-0.003325 -0.003325
-0.0033 -0.0033
-0.003275 -0.003275
-0.00325 -0.00325
-0.003225 -0.003225
-0.0032 -0.0032
-0.003175 -0.003175
-0.00315 -0.00315
-0.003125 -0.003125
-0.0031 -0.0031
-0.003075 -0.003075
-0.00305 -0.00305
-0.003025 -0.003025
-0.003 -0.003
-0.002975 -0.002975
-0.00295 -0.00295
-0.002925 -0.002925
-0.0029 -0.0029
-0.002875 -0.002875
-0.00285 -0.00285
-0.002825 -0.002825
-0.0028 -0.0028
-0.002775 -0.002775
-0.00275 -0.00275
-0.002725 -0.002725
-0.0027 -0.0027
-0.002675 -0.002675
-0.00265 -0.00265
-0.002625 -0.002625
-0.0026 -0.0026
-0.002575 -0.002575
-0.00255 -0.00255
-0.002525 -0.002525
-0.0025 -0.0025
-0.002475 -0.002475
-0.00245 -0.00245
-0.002425 -0.002425
-0.0024 -0.0024
-0.002375 -0.002375
-0.00235 -0.00235
-0.002325 -0.002325
-0.0023 -0.0023
-0.002275 -0.002275
-0.00225 -0.00225
-0.002225 -0.002225
-0.0022 -0.0022
-0.002175 -0.002175
-0.00215 -0.00215
-0.002125 -0.002125
-0.0021 -0.0021
-0.002075 -0.002075
-0.00205 -0.00205
-0.002025 -0.002025
-0.002 -0.002
-0.001975 -0.001975
-0.00195 -0.00195
-0.001925 -0.001925
-0.0019 -0.0019
-0.001875 -0.001875
-0.00185 -0.00185
-0.001825 -0.001825
-0.0018 -0.0018
-0.001775 -0.001775
-0.00175 -0.00175
-0.001725 -0.001725
-0.0017 -0.0017
-0.001675 -0.001675
-0.00165 -0.00165
-0.001625 -0.001625
-0.0016 -0.0016
-0.001575 -0.001575
-0.00155 -0.00155
-0.001525 -0.001525
-0.0015 -0.0015
-0.001475 -0.001475
-0.00145 -0.00145
-0.001425 -0.001425
-0.0014 -0.0014
-0.001375 -0.001375
-0.00135 -0.00135
-0.001325 -0.001325
-0.0013 -0.0013
-0.001275 -0.001275
-0.00125 -0.00125
-0.001225 -0.001225
-0.0012 -0.0012
-0.001175 -0.001175
-0.00115 -0.00115
-0.001125 -0.001125
-0.0011 -0.0011
-0.001075 -0.001075
-0.00105 -0.00105
-0.001025 -0.001025
-0.001 -0.001
-0.000975 -0.000975
-0.00095 -0.00095
-0.000925 -0.000925
-0.0009 -0.0009
-0.000875 -0.000875
-0.00085 -0.00085
-0.000825 -0.000825
-0.0008 -0.0008
-0.000775 -0.000775
-0.00075 -0.00075
-0.000725 -0.000725
-0.0007 -0.0007
-0.000675 -0.000675
-0.00065 -0.00065
-0.000625 -0.000625
-0.0006 -0.0006
-0.000575 -0.000575
-0.00055 -0.00055
-0.000525 -0.000525
-0.0005 -0.0005
-0.000475 -0.000475
-0.00045 -0.00045
-0.000425 -0.000425
-0.0004 -0.0004
-0.000375 -0.000375
-0.00035 -0.00035
-0.000325 -0.000325
-0.0003 -0.0003
-0.000275 -0.000275
-0.00025 -0.00025
-0.000225 -0.000225
-0.0002 -0.0002
-0.000175 -0.000175
-0.00015 -0.00015
-0.000125 -0.000125
-0.0001 -0.0001
-7.5e-05 -7.5e-05
-5e-05 -5e-05
-2.5e-05 -2.5e-05
-6.09864e-20 -6.09864e-20
2.5e-05 2.5e-05
5e-05 5e-05
7.5e-05 7.5e-05
0.0001 0.0001
0.000125 0.000125
0.00015 0.00015
0.000175 0.000175
0.0002 0.0002
0.000225 0.000225
0.00025 0.00025
0.000275 0.000275
0.0003 0.0003
0.000325 0.000325
0.00035 0.00035
0.000375 0.000375
0.0004 0.0004
0.000425 0.000425
0.00045 0.00045
0.000475 0.000475
0.0005 0.0005
0.000525 0.000525
0.00055 0.00055
0.000575 0.000575
0.0006 0.0006
0.000625 0.000625
0.00065 0.00065
0.000675 0.000675
0.0007 0.0007
0.000725 0.000725
0.00075 0.00075
0.000725 0.000725
0.0007 0.0007
0.000675 0.000675
0.00065 0.00065
0.000625 0.000625
0.0006 0.0006
0.000575 0.000575
0.00055 0.00055
0.000525 0.000525
0.0005 0.0005
0.000475 0.000475
0.00045 0.00045
0.000425 0.000425
0.0004 0.0004
0.000375 0.000375
0.00035 0.00035
0.000325 0.000325
0.0003 0.0003
0.000275 0.000275
0.00025 0.00025
0.000225 0.000225
0.0002 0.0002
0.000175 0.000175
0.00015 0.00015
0.000125 0.000125
0.0001 0.0001
7.5e-05 7.5e-05
5e-05 5e-05
2.5e-05 2.5e-05
-4.74338e-20 -4.74338e-20
-2.5e-05 -2.5e-05
-5e-05 -5e-05
-7.5e-05 -7.5e-05
-0.0001 -0.0001
-0.000125 -0.000125
-0.00015 -0.00015
-0.000175 -0.000175
-0.0002 -0.0002
-0.000225 -0.000225
-0.00025 -0.00025
-0.000275 -0.000275
-0.0003 -0.0003
-0.000325 -0.000325
-0.00035 -0.00035
-0.000375 -0.000375
-0.0004 -0.0004
-0.000425 -0.000425
-0.00045 -0.00045
-0.000475 -0.000475
-0.0005 -0.0005
-0.000525 -0.000525
-0.00055 -0.00055
-0.000575 -0.000575
-0.0006 -0.0006
-0.000625 -0.000625
-0.00065 -0.00065
-0.000675 -0.000675
-0.0007 -0.0007
-0.000725 -0.000725
-0.00075 -0.00075
-0.000775 -0.000775
-0.0008 -0.0008
-0.000825 -0.000825
-0.00085 -0.00085
-0.000875 -0.000875
-0.0009 -0.0009
-0.000925 -0.000925
-0.00095 -0.00095
-0.000975 -0.000975
-0.001 -0.001
-0.001025 -0.001025
-0.00105 -0.00105
-0.001075 -0.001075
-0.0011 -0.0011
-0.001125 -0.001125
-0.00115 -0.00115
-0.001175 -0.001175
-0.0012 -0.0012
-0.001225 -0.001225
-0.00125 -0.00125
-0.001275 -0.001275
-0.0013 -0.0013
-0.001325 -0.001325
-0.00135 -0.00135
-0.001375 -0.001375
-0.0014 -0.0014
-0.001425 -0.001425
-0.00145 -0.00145
-0.001475 -0.001475
-0.0015 -0.0015
-0.001525 -0.001525
-0.00155 -0.00155
-0.001575 -0.001575
-0.0016 -0.0016
-0.001625 -0.001625
-0.00165 -0.00165
-0.001675 -0.001675
-0.0017 -0.0017
-0.001725 -0.001725
-0.00175 -0.00175
-0.001775 -0.001775
-0.0018 -0.0018
-0.001825 -0.001825
-0.00185 -0.00185
-0.001875 -0.001875
-0.0019 -0.0019
-0.001925 -0.001925
-0.00195 -0.00195
-0.001975 -0.001975
-0.002 -0.002
-0.002025 -0.002025
-0.00205 -0.00205
-0.002075 -0.002075
-0.0021 -0.0021
-0.002125 -0.002125
-0.00215 -0.00215
-0.002175 -0.002175
-0.0022 -0.0022
-0.002225 -0.002225
-0.00225 -0.00225
-0.002275 -0.002275
-0.0023 -0.0023
-0.002325 -0.002325
-0.00235 -0.00235
-0.002375 -0.002375
-0.0024 -0.0024
-0.002425 -0.002425
-0.00245 -0.00245
-0.002475 -0.002475
-0.0025 -0.0025
-0.002525 -0.002525
-0.00255 -0.00255
-0.002575 -0.002575
-0.0026 -0.0026
-0.002625 -0.002625
-0.00265 -0.00265
-0.002675 -0.002675
-0.0027 -0.0027
-0.002725 -0.002725
-0.00275 -0.00275
-0.002775 -0.002775
-0.0028 -0.0028
-0.002825 -0.002825
-0.00285 -0.00285
-0.002875 -0.002875
-0.0029 -0.0029
-0.002925 -0.002925
-0.00295 -0.00295
-0.002975 -0.002975
-0.003 -0.003
-0.003025 -0.003025
-0.00305 -0.00305
-0.003075 -0.003075
-0.0031 -0.0031
-0.003125 -0.003125
-0.00315 -0.00315
-0.003175 -0.003175
-0.0032 -0.0032
-0.003225 -0.003225
-0.00325 -0.00325
-0.003275 -0.003275
-0.0033 -0.0033
-0.003325 -0.003325
-0.00335 -0.00335
-0.003375 -0.003375
-0.0034 -0.0034
-0.003425 -0.003425
-0.00345 -0.00345
-0.003475 -0.003475
-0.0035 -0.0035
-0.003525 -0.003525
-0.00355 -0.00355
-0.003575 -0.003575
-0.0036 -0.0036
-0.003625 -0.003625
-0.00365 -0.00365
-0.003675 -0.003675
-0.0037 -0.0037
-0.003725 -0.003725
-0.00375 -0.00375
-0.003775 -0.003775
-0.0038 -0.0038
-0.003825 -0.003825
-0.00385 -0.00385
-0.003875 -0.003875
-0.0039 -0.0039
-0.003925 -0.003925
-0.00395 -0.00395
-0.003975 -0.003975
-0.004 -0.004
-0.004025 -0.004025
-0.00405 -0.00405
-0.004075 -0.004075
-0.0041 -0.0041
-0.004125 -0.004125
-0.00415 -0.00415
-0.004175 -0.004175
-0.0042 -0.0042
-0.004225 -0.004225
-0.00425 -0.00425
-0.004275 -0.004275
-0.0043 -0.0043
-0.004325 -0.004325
-0.00435 -0.00435
-0.004375 -0.004375
-0.0044 -0.0044
-0.004425 -0.004425
-0.00445 -0.00445
-0.004475 -0.004475
-0.0045 -0.0045
-0.004525 -0.004525
-0.00455 -0.00455
-0.004575 -0.004575
-0.0046 -0.0046
-0.004625 -0.004625
-0.00465 -0.00465
-0.004675 -0.004675
-0.0047 -0.0047
-0.004725 -0.004725
-0.00475 -0.00475
-0.004775 -0.004775
-0.0048 -0.0048
-0.004825 -0.004825
-0.00485 -0.00485
-0.004875 -0.004875
-0.0049 -0.0049
-0.004925 -0.004925
-0.00495 -0.00495
-0.004975 -0.004975
-0.005 -0.005
-0.005025 -0.005025
-0.00505 -0.00505
-0.005075 -0.005075
-0.0051 -0.0051
-0.005125 -0.005125
-0.00515 -0.00515
-0.005175 -0.005175
-0.0052 -0.0052
-0.005225 -0.005225
-0.00525 -0.00525
-0.005275 -0.005275
-0.0053 -0.0053
-0.005325 -0.005325
-0.00535 -0.00535
-0.005375 -0.005375
-0.0054 -0.0054
-0.005425 -0.005425
-0.00545 -0.00545
-0.005475 -0.005475
-0.0055 -0.0055
-0.005525 -0.005525
-0.00555 -0.00555
-0.005575 -0.005575
-0.0056 -0.0056
-0.005625 -0.005625
-0.00565 -0.00565
-0.005675 -0.005675
-0.0057 -0.0057
-0.005725 -0.005725
-0.00575 -0.00575
-0.005775 -0.005775
-0.0058 -0.0058
-0.005825 -0.005825
-0.00585 -0.00585
-0.005875 -0.005875
-0.0059 -0.0059
-0.005925 -0.005925
-0.00595 -0.00595
-0.005975 -0.005975
-0.006 -0.006
-0.006025 -0.006025
-0.00605 -0.00605
-0.006075 -0.006075
-0.0061 -0.0061
-0.006125 -0.006125
-0.00615 -0.00615
-0.006175 -0.006175
-0.0062 -0.0062
-0.006225 -0.006225
-0.00625 -0.00625
-0.006275 -0.006275
-0.0063 -0.0063
-0.006325 -0.006325
-0.00635 -0.00635
-0.006375 -0.006375
-0.0064 -0.0064
-0.006425 -0.006425
-0.00645 -0.00645
-0.006475 -0.006475
-0.0065 -0.0065
-0.006525 -0.006525
-0.00655 -0.00655
-0.006575 -0.006575
-0.0066 -0.0066
-0.006625 -0.006625
-0.00665 -0.00665
-0.006675 -0.006675
-0.0067 -0.0067
-0.006725 -0.006725
-0.00675 -0.00675
-0.006775 -0.006775
-0.0068 -0.0068
-0.006825 -0.006825
-0.00685 -0.00685
-0.00687522 -0.006875
-0.00690101 -0.0069
-0.0069268 -0.006925
-0.00695259 -0.00695
-0.00697838 -0.006975
-0.00700418 -0.007
-0.00702997 -0.007025
-0.00705576 -0.00705
-0.00708155 -0.007075
-0.00710734 -0.0071
-0.00713313 -0.007125
-0.00715892 -0.00715
-0.00718471 -0.007175
-0.00721051 -0.0072
-0.0072363 -0.007225
-0.00726209 -0.00725
-0.00728788 -0.007275
-0.00731367 -0.0073
-0.00733946 -0.007325
-0.00736525 -0.00735
-0.00739104 -0.007375
-0.00741684 -0.0074
-0.00744263 -0.007425
-0.00746842 -0.00745
-0.00749421 -0.007475
-0.00752 -0.0075
-0.007545 -0.007525
-0.00757 -0.00755
-0.007595 -0.007575
-0.00762 -0.0076
-0.007645 -0.007625
-0.00767 -0.00765
-0.007695 -0.007675
-0.00772 -0.0077
-0.007745 -0.007725
-0.00777 -0.00775
-0.007795 -0.007775
-0.00782 -0.0078
-0.007845 -0.007825
-0.00787 -0.00785
-0.007895 -0.007875
-0.00792 -0.0079
-0.007945 -0.007925
-0.00797 -0.00795
-0.007995 -0.007975
-0.00802 -0.008
-0.008045 -0.008025
-0.00807 -0.00805
-0.008095 -0.008075
-0.00812 -0.0081
-0.008145 -0.008125
-0.00817 -0.00815
-0.008195 -0.008175
-0.00822 -0.0082
-0.008245 -0.008225
-0.00827 -0.00825
-0.008295 -0.008275
-0.00832 -0.0083
-0.008345 -0.008325
-0.00837 -0.00835
-0.008395 -0.008375
-0.00842 -0.0084
-0.008445 -0.008425
-0.00847 -0.00845
-0.008495 -0.008475
-0.00852 -0.0085
-0.008545 -0.008525
-0.00857 -0.00855
-0.008595 -0.008575
-0.00862 -0.0086
-0.008645 -0.008625
-0.00867 -0.00865
-0.008695 -0.008675
-0.00872 -0.0087
-0.008745 -0.008725
-0.00877 -0.00875
-0.00873786 -0.008725
-0.00870944 -0.0087
-0.00868409 -0.008675
-0.00865874 -0.00865
-0.00863339 -0.008625
-0.00860805 -0.0086
-0.0085827 -0.008575
-0.00855735 -0.00855
-0.008532 -0.008525
-0.00850665 -0.0085
-0.0084813 -0.008475
-0.00845595 -0.00845
-0.0084306 -0.008425
-0.00840525 -0.0084
-0.00837991 -0.008375
-0.00835456 -0.00835
-0.00832921 -0.008325
-0.00830386 -0.0083
-0.00827851 -0.008275
-0.00825316 -0.00825
-0.00822781 -0.008225
-0.00820246 -0.0082
-0.00817711 -0.008175
-0.00815177 -0.00815
-0.00812642 -0.008125
-0.00810107 -0.0081
-0.00807572 -0.008075
-0.00805037 -0.00805
-0.00802502 -0.008025
-0.008 -0.008
-0.007975 -0.007975
-0.00795 -0.00795
-0.007925 -0.007925
-0.0079 -0.0079
-0.007875 -0.007875
-0.00785 -0.00785
-0.007825 -0.007825
-0.0078 -0.0078
-0.007775 -0.007775
-0.00775 -0.00775
-0.007725 -0.007725
-0.0077 -0.0077
-0.007675 -0.007675
-0.00765 -0.00765
-0.007625 -0.007625
-0.0076 -0.0076
-0.007575 -0.007575
-0.00755 -0.00755
-0.007525 -0.007525
-0.0075 -0.0075
-0.007475 -0.007475
-0.00745 -0.00745
-0.007425 -0.007425
-0.0074 -0.0074
-0.007375 -0.007375
-0.00735 -0.00735
-0.007325 -0.007325
-0.0073 -0.0073
-0.007275 -0.007275
-0.00725 -0.00725
-0.007225 -0.007225
-0.0072 -0.0072
-0.007175 -0.007175
-0.00715 -0.00715
-0.007125 -0.007125
-0.0071 -0.0071
-0.007075 -0.007075
-0.00705 -0.00705
-0.007025 -0.007025
-0.007 -0.007
-0.006975 -0.006975
-0.00695 -0.00695
-0.006925 -0.006925
-0.0069 -0.0069
-0.006875 -0.006875
-0.00685 -0.00685
-0.006825 -0.006825
-0.0068 -0.0068
-0.006775 -0.006775
-0.00675 -0.00675
-0.006725 -0.006725
-0.0067 -0.0067
-0.006675 -0.006675
-0.00665 -0.00665
-0.006625 -0.006625
-0.0066 -0.0066
-0.006575 -0.006575
-0.00655 -0.00655
-0.006525 -0.006525
-0.0065 -0.0065
-0.006475 -0.006475
-0.00645 -0.00645
-0.006425 -0.006425
-0.0064 -0.0064
-0.006375 -0.006375
-0.00635 -0.00635
-0.006325 -0.006325
-0.0063 -0.0063
-0.006275 -0.006275
-0.00625 -0.00625
-0.006225 -0.006225
-0.0062 -0.0062
-0.006175 -0.006175
-0.00615 -0.00615
-0.006125 -0.006125
-0.0061 -0.0061
-0.006075 -0.006075
-0.00605 -0.00605
-0.006025 -0.006025
-0.006 -0.006
-0.005975 -0.005975
-0.00595 -0.00595
-0.005925 -0.005925
-0.0059 -0.0059
-0.005875 -0.005875
-0.00585 -0.00585
-0.005825 -0.005825
-0.0058 -0.0058
-0.005775 -0.005775
-0.00575 -0.00575
-0.005725 -0.005725
-0.0057 -0.0057
-0.005675 -0.005675
-0.00565 -0.00565
-0.005625 -0.005625
-0.0056 -0.0056
-0.005575 -0.005575
-0.00555 -0.00555
-0.005525 -0.005525
-0.0055 -0.0055
-0.005475 -0.005475
-0.00545 -0.00545
-0.005425 -0.005425
-0.0054 -0.0054
-0.005375 -0.005375
-0.00535 -0.00535
-0.005325 -0.005325
-0.0053 -0.0053
-0.005275 -0.005275
-0.00525 -0.00525
-0.005225 -0.005225
-0.0052 -0.0052
-0.005175 -0.005175
-0.00515 -0.00515
-0.005125 -0.005125
-0.0051 -0.0051
-0.005075 -0.005075
-0.00505 -0.00505
-0.005025 -0.005025
-0.005 -0.005
-0.004975 -0.004975
-0.00495 -0.00495
-0.004925 -0.004925
-0.0049 -0.0049
-0.004875 -0.004875
-0.00485 -0.00485
-0.004825 -0.004825
-0.0048 -0.0048
-0.004775 -0.004775
-0.00475 -0.00475
-0.004725 -0.004725
-0.0047 -0.0047
-0.004675 -0.004675
-0.00465 -0.00465
-0.004625 -0.004625
-0.0046 -0.0046
-0.004575 -0.004575
-0.00455 -0.00455
-0.004525 -0.004525
-0.0045 -0.0045
-0.004475 -0.004475
-0.00445 -0.00445
-0.004425 -0.004425
-0.0044 -0.0044
-0.004375 -0.004375
-0.00435 -0.00435
-0.004325 -0.004325
-0.0043 -0.0043
-0.004275 -0.004275
-0.00425 -0.00425
-0.004225 -0.004225
-0.0042 -0.0042
-0.004175 -0.004175
-0.00415 -0.00415
-0.004125 -0.004125
-0.0041 -0.0041
-0.004075 -0.004075
-0.00405 -0.00405
-0.004025 -0.004025
-0.004 -0.004
-0.003975 -0.003975
-0.00395 -0.00395
-0.003925 -0.003925
-0.0039 -0.0039
-0.003875 -0.003875
-0.00385 -0.00385
-0.003825 -0.003825
-0.0038 -0.0038
-0.003775 -0.003775
-0.00375 -0.00375
-0.003725 -0.003725
-0.0037 -0.0037
-0.003675 -0.003675
-0.00365 -0.00365
-0.003625 -0.003625
-0.0036 -0.0036
-0.003575 -0.003575
-0.00355 -0.00355
-0.003525 -0.003525
-0.0035 -0.0035
-0.003475 -0.003475
-0.00345 -0.00345
-0.003425 -0.003425
-0.0034 -0.0034
-0.003375 -0.003375
-0.00335 -0.00335
-0.003325 -0.003325
-0.0033 -0.0033
-0.003275 -0.003275
-0.00325 -0.00325
-0.003225 -0.003225
-0.0032 -0.0032
-0.003175 -0.003175
-0.00315 -0.00315
-0.003125 -0.003125
-0.0031 -0.0031
-0.003075 -0.003075
-0.00305 -0.00305
-0.003025 -0.003025
-0.003 -0.003
-0.002975 -0.002975
-0.00295 -0.00295
-0.002925 -0.002925
-0.0029 -0.0029
-0.002875 -0.002875
-0.00285 -0.00285
-0.002825 -0.002825
-0.0028 -0.0028
-0.002775 -0.002775
-0.00275 -0.00275
-0.002725 -0.002725
-0.0027 -0.0027
-0.002675 -0.002675
-0.00265 -0.00265
-0.002625 -0.002625
-0.0026 -0.0026
-0.002575 -0.002575
-0.00255 -0.00255
-0.002525 -0.002525
-0.0025 -0.0025
-0.002475 -0.002475
-0.00245 -0.00245
-0.002425 -0.002425
-0.0024 -0.0024
-0.002375 -0.002375
-0.00235 -0.00235
-0.002325 -0.002325
-0.0023 -0.0023
-0.002275 -0.002275
-0.00225 -0.00225
-0.002225 -0.002225
-0.0022 -0.0022
-0.002175 -0.002175
-0.00215 -0.00215
-0.002125 -0.002125
-0.0021 -0.0021
-0.002075 -0.002075
-0.00205 -0.00205
-0.002025 -0.002025
-0.002 -0.002
-0.001975 -0.001975
-0.00195 -0.00195
-0.001925 -0.001925
-0.0019 -0.0019
-0.001875 -0.001875
-0.00185 -0.00185
-0.001825 -0.001825
-0.0018 -0.0018
-0.001775 -0.001775
-0.00175 -0.00175
-0.001725 -0.001725
-0.0017 -0.0017
-0.001675 -0.001675
-0.00165 -0.00165
-0.001625 -0.001625
-0.0016 -0.0016
-0.001575 -0.001575
-0.00155 -0.00155
-0.001525 -0.001525
-0.0015 -0.0015
-0.001475 -0.001475
-0.00145 -0.00145
-0.001425 -0.001425
-0.0014 -0.0014
-0.001375 -0.001375
-0.00135 -0.00135
-0.001325 -0.001325
-0.0013 -0.0013
-0.001275 -0.001275
-0.00125 -0.00125
-0.001225 -0.001225
-0.0012 -0.0012
-0.001175 -0.001175
-0.00115 -0.00115
-0.001125 -0.001125
-0.0011 -0.0011
-0.001075 -0.001075
-0.00105 -0.00105
-0.001025 -0.001025
-0.001 -0.001
-0.000975 -0.000975
-0.00095 -0.00095
-0.000925 -0.000925
-0.0009 -0.0009
-0.000875 -0.000875
-0.00085 -0.00085
-0.000825 -0.000825
-0.0008 -0.0008
-0.000775 -0.000775
-0.00075 -0.00075
-0.000725 -0.000725
-0.0007 -0.0007
-0.000675 -0.000675
-0.00065 -0.00065
-0.000625 -0.000625
-0.0006 -0.0006
-0.000575 -0.000575
-0.00055 -0.00055
-0.000525 -0.000525
-0.0005 -0.0005
-0.000475 -0.000475
-0.00045 -0.00045
-0.000425 -0.000425
-0.0004 -0.0004
-0.000375 -0.000375
-0.00035 -0.00035
-0.000325 -0.000325
-0.0003 -0.0003
-0.000275 -0.000275
-0.00025 -0.00025
-0.000225 -0.000225
-0.0002 -0.0002
-0.000175 -0.000175
-0.00015 -0.00015
-0.000125 -0.000125
-0.0001 -0.0001
-7.5e-05 -7.5e-05
-5e-05 -5e-05
-2.5e-05 -2.5e-05
-9.28348e-19 -9.28348e-19
2.5e-05 2.5e-05
5e-05 5e-05
7.5e-05 7.5e-05
0.0001 0.0001
0.000125 0.000125
0.00015 0.00015
0.000175 0.000175
0.0002 0.0002
0.000225 0.000225
0.00025 0.00025
0.000275 0.000275
0.0003 0.0003
0.000325 0.000325
0.00035 0.00035
0.000375 0.000375
0.0004 0.0004
0.000425 0.000425
0.00045 0.00045
0.000475 0.000475
0.0005 0.0005
0.000525 0.000525
0.00055 0.00055
0.000575 0.000575
0.0006 0.0006
0.000625 0.000625
0.00065 0.00065
0.000675 0.000675
0.0007 0.0007
0.000725 0.000725
0.00075 0.00075
0.000775 0.000775
0.0008 0.0008
0.000825 0.000825
0.00085 0.00085
0.000875 0.000875
0.00085 0.00085
0.000825 0.000825
0.0008 0.0008
0.000775 0.000775
0.00075 0.00075
0.000725 0.000725
0.0007 0.0007
0.000675 0.000675
0.00065 0.00065
0.000625 0.000625
0.0006 0.0006
0.000575 0.000575
0.00055 0.00055
0.000525 0.000525
0.0005 0.0005
0.000475 0.000475
0.00045 0.00045
0.000425 0.000425
0.0004 0.0004
0.000375 0.000375
0.00035 0.00035
0.000325 0.000325
0.0003 0.0003
0.000275 0.000275
0.00025 0.00025
0.000225 0.000225
0.0002 0.0002
0.000175 0.000175
0.00015 0.00015
0.000125 0.000125
0.0001 0.0001
7.5e-05 7.5e-05
5e-05 5e-05
2.5e-05 2.5e-05
-9.14796e-19 -9.14796e-19
