-2.96401e-05 0.464015
-5.92582e-05 0.925821
-8.88541e-05 1.38541
-0.000118428 1.84278
-0.000147979 2.29792
-0.000177508 2.75082
-0.000207015 3.20148
-0.000236499 3.64988
-0.00026596 4.09602
-0.000295399 4.5399
-0.000324815 4.98151
-0.000354208 5.42083
-0.000383579 5.85786
-0.000412926 6.29259
-0.00044225 6.72502
-0.000471551 7.15514
-0.000500829 7.58294
-0.000530084 8.0084
-0.000559315 8.43154
-0.000588523 8.85232
-0.000617708 9.27076
-0.000646868 9.68684
-0.000676005 10.1005
-0.000705119 10.5119
-0.000734208 10.9208
-0.000763274 11.3274
-0.000792315 11.7315
-0.000821333 12.1333
-0.000850326 12.5326
-0.000879295 12.9295
-0.00090824 13.324
-0.00093716 13.716
-0.000966056 14.1056
-0.000994927 14.4927
-0.00102377 14.8773
-0.00105259 15.2595
-0.00108139 15.6392
-0.00111016 16.0164
-0.00113891 16.3911
-0.00116763 16.7632
-0.00119633 17.1329
-0.001225 17.5
-0.00125365 17.8646
-0.00128227 18.2266
-0.00131086 18.5861
-0.00133943 18.943
-0.00136797 19.2973
-0.00139649 19.6491
-0.00142498 19.9982
-0.00145345 20.3448
-0.0014238 19.8797
-0.00139415 19.4146
-0.00136449 18.9494
-0.00133484 18.4843
-0.00130519 18.0192
-0.00127554 17.5541
-0.00124589 17.089
-0.00121624 16.6239
-0.00118659 16.1587
-0.00115694 15.6936
-0.00112729 15.2285
-0.00109763 14.7634
-0.00106798 14.2983
-0.00103833 13.8332
-0.00100868 13.368
-0.000979029 12.9029
-0.000949378 12.4378
-0.000919727 11.9727
-0.000890076 11.5076
-0.000860425 11.0425
-0.000830774 10.5774
-0.000801122 10.1122
-0.000771471 9.64712
-0.00074182 9.182
-0.000712169 8.71689
-0.000682518 8.25177
-0.000652867 7.78665
-0.000623215 7.32154
-0.000593564 6.85642
-0.000563913 6.39131
-0.000534262 5.92619
-0.000504611 5.46107
-0.00047496 4.99596
-0.000445308 4.53084
-0.000415657 4.06572
-0.000386006 3.60061
-0.000356355 3.13549
-0.000326704 2.67038
-0.000297053 2.20526
-0.000267474 1.74737
-0.000240129 1.51289
-0.000212784 1.27842
-0.000185439 1.04394
-0.000158095 0.809462
-0.00013075 0.574984
-0.000103405 0.340507
-7.60603e-05 0.106029
-4.74521e-05 -0.254794
-1.78009e-05 -0.71991
1.18503e-05 -1.18503
4.15014e-05 -1.65014
7.11526e-05 -2.11526
0.000100804 -2.58038
0.000130455 -3.04549
0.000160106 -3.51061
0.000130455 -3.04549
0.000100804 -2.58038
7.11526e-05 -2.11526
4.15014e-05 -1.65014
1.18503e-05 -1.18503
-1.78009e-05 -0.71991
-4.74521e-05 -0.254794
-7.69387e-05 0.193875
-0.000106226 0.622618
-0.000135514 1.05136
-0.000164801 1.4801
-0.000194088 1.90885
-0.000223376 2.33759
-0.000252663 2.76633
-0.000281951 3.19508
-0.000311238 3.62382
-0.000340526 4.05256
-0.000369813 4.4813
-0.0003991 4.91005
-0.000428388 5.33879
-0.000457675 5.76753
-0.000486963 6.19628
-0.00051625 6.62502
-0.000545538 7.05376
-0.000574825 7.48251
-0.000604112 7.91125
-0.0006334 8.33999
-0.000662687 8.76873
-0.000691975 9.19748
-0.000721262 9.62622
-0.00075055 10.055
-0.000779837 10.4837
-0.000809124 10.9124
-0.000838412 11.3412
-0.000867699 11.7699
-0.000896987 12.1987
-0.000926274 12.6274
-0.000955562 13.0562
-0.000984849 13.4849
-0.00101414 13.9136
-0.00104342 14.3424
-0.00107271 14.7711
-0.001102 15.1999
-0.00113129 15.6286
-0.00116057 16.0574
-0.00118986 16.4861
-0.00121915 16.9149
-0.00124844 17.3436
-0.00127772 17.7723
-0.00130701 18.2011
-0.0013363 18.6298
-0.00136559 19.0586
-0.00139487 19.4873
-0.00142416 19.9161
-0.00145345 20.3448
-0.00148189 20.6887
-0.0015103 21.03
-0.00153869 21.3687
-0.00156705 21.7048
-0.00159538 22.0382
-0.00162369 22.3689
-0.00165197 22.6969
-0.00168022 23.0223
-0.00170845 23.345
-0.00173665 23.665
-0.00176482 23.9822
-0.00179297 24.2968
-0.00182109 24.6086
-0.00184918 24.9177
-0.00187724 25.224
-0.00190528 25.5276
-0.00193328 25.8283
-0.00196126 26.1263
-0.00198922 26.4216
-0.00201714 26.714
-0.00204504 27.0035
-0.0020729 27.2903
-0.00210074 27.5742
-0.00212855 27.8553
-0.00215634 28.1335
-0.00218409 28.4089
-0.00221181 28.6813
-0.00223951 28.9509
-0.00226718 29.2175
-0.00229481 29.4813
-0.00232242 29.7421
-0.00235 30
-0.00237755 30.2549
-0.00240507 30.5069
-0.00243256 30.7559
-0.00246002 31.0019
-0.00248745 31.2449
-0.00251485 31.4849
-0.00254222 31.7219
-0.00256956 31.9559
-0.00259687 32.1868
-0.00262415 32.4146
-0.00265139 32.6394
-0.00267861 32.8611
-0.0027058 33.0797
-0.00273295 33.2952
-0.00276008 33.5075
-0.00278717 33.7168
-0.00281423 33.9229
-0.00284126 34.1258
-0.00286826 34.3256
-0.00289522 34.5221
-0.00292215 34.7155
-0.00294906 34.9057
-0.00297593 35.0926
-0.00300276 35.2763
-0.00302957 35.4567
-0.00305634 35.6339
-0.00308308 35.8078
-0.00310978 35.9784
-0.00313646 36.1457
-0.0031631 36.3096
-0.0031897 36.4703
-0.00321628 36.6275
-0.00324281 36.7815
-0.00326932 36.932
-0.00329579 37.0791
-0.00332223 37.2228
-0.00334863 37.3631
-0.003375 37.5
-0.00340133 37.6334
-0.00342763 37.7633
-0.0034539 37.8898
-0.00348013 38.0127
-0.00350632 38.1322
-0.00353248 38.2481
-0.0035586 38.3604
-0.00358469 38.4692
-0.00361074 38.5744
-0.00363676 38.676
-0.00366274 38.774
-0.00368868 38.8684
-0.00371459 38.9591
-0.00374046 39.0462
-0.0037663 39.1296
-0.00379209 39.2093
-0.00381785 39.2853
-0.00384358 39.3575
-0.00386926 39.426
-0.00389491 39.4908
-0.00392052 39.5517
-0.00394609 39.6089
-0.00397162 39.6622
-0.00399712 39.7117
-0.00402257 39.7574
-0.00404799 39.7992
-0.00407337 39.8371
-0.00409871 39.8711
-0.00412401 39.9011
-0.00414927 39.9272
-0.00411962 39.4621
-0.00408997 38.997
-0.00406032 38.5319
-0.00403067 38.0668
-0.00400102 37.6017
-0.00397137 37.1365
-0.00394171 36.6714
-0.00391206 36.2063
-0.00388241 35.7412
-0.00385276 35.2761
-0.00382311 34.811
-0.00379346 34.3458
-0.00376381 33.8807
-0.00373416 33.4156
-0.0037045 32.9505
-0.00367485 32.4854
-0.0036452 32.0203
-0.00361555 31.5551
-0.0035859 31.09
-0.00355625 30.6249
-0.0035266 30.1598
-0.00349695 29.6947
-0.0034673 29.2296
-0.00343764 28.7645
-0.00340799 28.2993
-0.00337834 27.8342
-0.00334869 27.3691
-0.00331904 26.904
-0.00328939 26.4389
-0.00325974 25.9738
-0.00323009 25.5086
-0.00320044 25.0435
-0.00317078 24.5784
-0.00314113 24.1133
-0.00311148 23.6482
-0.00308183 23.1831
-0.00305218 22.7179
-0.00302253 22.2528
-0.00299288 21.7877
-0.00296323 21.3226
-0.00293357 20.8575
-0.00290392 20.3924
-0.00287427 19.9272
-0.00284462 19.4621
-0.00281497 18.997
-0.00278532 18.5319
-0.00275567 18.0668
-0.00272602 17.6017
-0.00269637 17.1365
-0.00266671 16.6714
-0.00263706 16.2063
-0.00260741 15.7412
-0.00257776 15.2761
-0.00254811 14.811
-0.00251846 14.3458
-0.00248881 13.8807
-0.00245916 13.4156
-0.0024295 12.9505
-0.00239985 12.4854
-0.0023702 12.0203
-0.00234055 11.5551
-0.00231364 11.3636
-0.00228704 11.2044
-0.00226045 11.0452
-0.00223386 10.886
-0.00220727 10.7268
-0.00218068 10.5676
-0.00215408 10.4083
-0.00212749 10.2491
-0.0021009 10.0899
-0.00207431 9.93069
-0.00204771 9.77147
-0.00202112 9.61226
-0.00199453 9.45304
-0.00196794 9.29382
-0.00194135 9.13461
-0.00191475 8.97539
-0.00188816 8.81618
-0.00186157 8.65696
-0.00183498 8.49774
-0.00180839 8.33853
-0.00178179 8.17931
-0.0017552 8.0201
-0.00172861 7.86088
-0.00170202 7.70166
-0.00167542 7.54245
-0.00164883 7.38323
-0.00162224 7.22402
-0.00159565 7.0648
-0.00156906 6.90558
-0.00154246 6.74637
-0.00151587 6.58715
-0.00148928 6.42793
-0.00146269 6.26872
-0.0014361 6.1095
-0.0014095 5.95029
-0.00138291 5.79107
-0.00135632 5.63185
-0.00132973 5.47264
-0.00130313 5.31342
-0.00127654 5.15421
-0.00124995 4.99499
-0.00122336 4.83577
-0.00119677 4.67656
-0.00117017 4.51734
-0.00114358 4.35813
-0.00111699 4.19891
-0.0010904 4.03969
-0.0010638 3.88048
-0.00103721 3.72126
-0.00101062 3.56204
-0.000984028 3.40283
-0.000957436 3.24361
-0.000930844 3.0844
-0.000904252 2.92518
-0.00087766 2.76596
-0.000851067 2.60675
-0.000824475 2.44753
-0.000797883 2.28832
-0.000771291 2.1291
-0.000744699 1.96988
-0.000718107 1.81067
-0.000691515 1.65145
-0.000664922 1.49224
-0.00063833 1.33302
-0.000611738 1.1738
-0.000585146 1.01459
-0.000558554 0.855371
-0.000531962 0.696155
-0.000505369 0.536939
-0.000478777 0.377723
-0.000452185 0.218506
-0.000425593 0.0592904
-0.000397081 -0.291912
-0.00036743 -0.757028
-0.000337779 -1.22214
-0.000308127 -1.68726
-0.000278476 -2.15238
-0.000248825 -2.61749
-0.000219174 -3.08261
-0.000189523 -3.54773
-0.000160173 -3.98274
-0.000141423 -3.35774
-0.000122673 -2.73274
-0.000103923 -2.10774
-8.51726e-05 -1.48274
-6.64226e-05 -0.857743
-4.76726e-05 -0.232743
-2.5e-05 0
-2.37169e-20 0
2.5e-05 0
5e-05 0
7.5e-05 0
0.0001 0
0.000125 0
0.00015 0
0.000175 0
0.0002 0
0.000225 0
0.00025 0
0.000275 0
0.0003 0
0.000325 0
0.00035 0
0.000375 0
0.00035 0
0.000325 0
0.0003 0
0.000275 0
0.00025 0
0.000225 0
0.0002 0
0.000175 0
0.00015 0
0.000125 0
0.0001 0
7.5e-05 0
5e-05 0
2.5e-05 0
-4.74338e-20 0
-2.5e-05 0
-5e-05 0
-7.5e-05 0
-0.0001 0
-0.000125 0
-0.00015 0
-0.000175 0
-0.0002 0
-0.000225 0
-0.00025 0
-0.000275 0
-0.0003 0
-0.000325 0
-0.00035 0
-0.000375 0
-0.0004 0
-0.000426115 0.111481
-0.000454108 0.410848
-0.000482102 0.710214
-0.000510096 1.00958
-0.000538089 1.30895
-0.000566083 1.60831
-0.000594077 1.90768
-0.00062207 2.20705
-0.000650064 2.50641
-0.000678058 2.80578
-0.000706051 3.10515
-0.000734045 3.40451
-0.000762039 3.70388
-0.000790032 4.00325
-0.000818026 4.30261
-0.00084602 4.60198
-0.000874013 4.90135
-0.000902007 5.20071
-0.000930001 5.50008
-0.000957994 5.79945
-0.000985988 6.09881
-0.00101398 6.39818
-0.00104198 6.69755
-0.00106997 6.99691
-0.00109796 7.29628
-0.00112596 7.59565
-0.00115395 7.89501
-0.00118194 8.19438
-0.00120994 8.49375
-0.00123793 8.79311
-0.00126592 9.09248
-0.00129392 9.39185
-0.00132191 9.69121
-0.00134991 9.99058
-0.0013779 10.2899
-0.00140589 10.5893
-0.00143389 10.8887
-0.00146188 11.188
-0.00148987 11.4874
-0.00151787 11.7868
-0.00154586 12.0861
-0.00157386 12.3855
-0.00160185 12.6849
-0.00162984 12.9842
-0.00165784 13.2836
-0.00168583 13.583
-0.00171382 13.8823
-0.00174182 14.1817
-0.00176981 14.4811
-0.0017978 14.7804
-0.0018258 15.0798
-0.00185379 15.3792
-0.00188179 15.6785
-0.00190978 15.9779
-0.00193777 16.2773
-0.00196577 16.5766
-0.00199376 16.876
-0.00202175 17.1754
-0.00204975 17.4747
-0.00207774 17.7741
-0.00210573 18.0735
-0.00213373 18.3728
-0.00216172 18.6722
-0.00218972 18.9716
-0.00221771 19.2709
-0.0022457 19.5703
-0.0022737 19.8697
-0.00230169 20.169
-0.00232968 20.4684
-0.00235768 20.7678
-0.00238567 21.0671
-0.00241367 21.3665
-0.00244166 21.6659
-0.00246965 21.9652
-0.00249765 22.2646
-0.00252564 22.564
-0.00255363 22.8633
-0.00258163 23.1627
-0.00260962 23.4621
-0.00263761 23.7614
-0.00266561 24.0608
-0.0026936 24.3602
-0.0027216 24.6595
-0.00274959 24.9589
-0.00277758 25.2583
-0.00280558 25.5576
-0.00283357 25.857
-0.00286156 26.1564
-0.00288956 26.4557
-0.00291755 26.7551
-0.00294554 27.0545
-0.00297354 27.3538
-0.00300153 27.6532
-0.00302953 27.9526
-0.00305752 28.2519
-0.00308551 28.5513
-0.00311351 28.8507
-0.0031415 29.15
-0.00316949 29.4494
-0.00319749 29.7488
-0.00322548 30.0481
-0.00325348 30.3475
-0.00328147 30.6469
-0.00330946 30.9462
-0.00333746 31.2456
-0.00336545 31.545
-0.00339344 31.8443
-0.00342144 32.1437
-0.00344943 32.4431
-0.00347742 32.7424
-0.00350542 33.0418
-0.00353341 33.3412
-0.00356141 33.6405
-0.0035894 33.9399
-0.00361739 34.2393
-0.00364539 34.5386
-0.00367338 34.838
-0.00370137 35.1374
-0.00372937 35.4367
-0.00375736 35.7361
-0.00378535 36.0355
-0.00381335 36.3348
-0.00384134 36.6342
-0.00386934 36.9336
-0.00389733 37.2329
-0.00392532 37.5323
-0.00395332 37.8317
-0.00398131 38.131
-0.0040093 38.4304
-0.0040373 38.7298
-0.00406529 39.0291
-0.00409329 39.3285
-0.00412128 39.6279
-0.00414927 39.9272
-0.00417449 39.9494
-0.00419968 39.9676
-0.00422482 39.9817
-0.00424992 39.9919
-0.00427498 39.998
-0.0043 40
-0.00432346 39.8456
-0.00434691 39.6911
-0.00437037 39.5367
-0.00439382 39.3822
-0.00441728 39.2278
-0.00444073 39.0734
-0.00446419 38.9189
-0.00448764 38.7645
-0.0045111 38.61
-0.00453456 38.4556
-0.00455801 38.3012
-0.00458147 38.1467
-0.00460492 37.9923
-0.00462838 37.8378
-0.00465183 37.6834
-0.00467529 37.529
-0.00469875 37.3745
-0.0047222 37.2201
-0.00474566 37.0656
-0.00476911 36.9112
-0.00479257 36.7568
-0.00481602 36.6023
-0.00483948 36.4479
-0.00486293 36.2934
-0.00488639 36.139
-0.00490985 35.9846
-0.0049333 35.8301
-0.00495676 35.6757
-0.00498021 35.5212
-0.00500367 35.3668
-0.00502712 35.2124
-0.00505058 35.0579
-0.00507403 34.9035
-0.00509749 34.749
-0.00512095 34.5946
-0.0051444 34.4402
-0.00516786 34.2857
-0.00519131 34.1313
-0.00521477 33.9768
-0.00523822 33.8224
-0.00526168 33.668
-0.00528514 33.5135
-0.00530859 33.3591
-0.00533205 33.2046
-0.0053024 32.7395
-0.00527274 32.2744
-0.00524309 31.8093
-0.00521344 31.3442
-0.00518379 30.8791
-0.00515414 30.4139
-0.00512449 29.9488
-0.00509484 29.4837
-0.00506519 29.0186
-0.00503553 28.5535
-0.00500588 28.0884
-0.00497623 27.6232
-0.00494658 27.1581
-0.00491693 26.693
-0.00488728 26.2279
-0.00485763 25.7628
-0.00482798 25.2977
-0.00479833 24.8325
-0.00476867 24.3674
-0.00473902 23.9023
-0.00470937 23.4372
-0.00467972 22.9721
-0.00465007 22.507
-0.00462042 22.0418
-0.00459077 21.5767
-0.00456112 21.1116
-0.00453146 20.6465
-0.00450181 20.1814
-0.00447216 19.7163
-0.00444251 19.2511
-0.00441286 18.786
-0.00438321 18.3209
-0.00435356 17.8558
-0.00432391 17.3907
-0.00429426 16.9256
-0.0042646 16.4604
-0.00423495 15.9953
-0.0042053 15.5302
-0.00417565 15.0651
-0.004146 14.6
-0.00411635 14.1349
-0.0040867 13.6697
-0.00405705 13.2046
-0.0040274 12.7395
-0.00400001 12.5009
-0.00397394 12.394
-0.00394787 12.2871
-0.0039218 12.1802
-0.00389573 12.0732
-0.00386966 11.9663
-0.00384359 11.8594
-0.00381752 11.7525
-0.00379146 11.6456
-0.00376539 11.5386
-0.00373932 11.4317
-0.00371325 11.3248
-0.00368718 11.2179
-0.00366111 11.111
-0.00363504 11.004
-0.00360897 10.8971
-0.0035829 10.7902
-0.00355683 10.6833
-0.00353076 10.5764
-0.00350469 10.4694
-0.00347863 10.3625
-0.00345256 10.2556
-0.00342649 10.1487
-0.00340042 10.0418
-0.00337435 9.93483
-0.00334828 9.82791
-0.00332221 9.72099
-0.00329614 9.61407
-0.00327007 9.50715
-0.003244 9.40023
-0.00321793 9.2933
-0.00319186 9.18638
-0.00316579 9.07946
-0.00313973 8.97254
-0.00311366 8.86562
-0.00308759 8.7587
-0.00306152 8.65178
-0.00303545 8.54486
-0.00300938 8.43794
-0.00298331 8.33102
-0.00295724 8.2241
-0.00293117 8.11717
-0.0029051 8.01025
-0.00287903 7.90333
-0.00285296 7.79641
-0.00282689 7.68949
-0.00280083 7.58257
-0.00277476 7.47565
-0.00274869 7.36873
-0.00272262 7.26181
-0.00269655 7.15489
-0.00267048 7.04797
-0.00264441 6.94104
-0.00261834 6.83412
-0.00259227 6.7272
-0.0025662 6.62028
-0.00254013 6.51336
-0.00251406 6.40644
-0.002488 6.29952
-0.00246193 6.1926
-0.00243586 6.08568
-0.00240979 5.97876
-0.00238372 5.87184
-0.00235765 5.76492
-0.00233158 5.65799
-0.00230551 5.55107
-0.00227944 5.44415
-0.00225337 5.33723
-0.0022273 5.23031
-0.00220123 5.12339
-0.00217516 5.01647
-0.0021491 4.90955
-0.00212303 4.80263
-0.00209696 4.69571
-0.00207089 4.58879
-0.00204482 4.48186
-0.00201875 4.37494
-0.00199268 4.26802
-0.00196661 4.1611
-0.00194054 4.05418
-0.00191447 3.94726
-0.0018884 3.84034
-0.00186233 3.73342
-0.00183626 3.6265
-0.0018102 3.51958
-0.00178413 3.41266
-0.00175806 3.30573
-0.00173199 3.19881
-0.00170592 3.09189
-0.00167985 2.98497
-0.00165378 2.87805
-0.00162771 2.77113
-0.00160164 2.66421
-0.00157557 2.55729
-0.0015495 2.45037
-0.00152343 2.34345
-0.00149737 2.23653
-0.0014713 2.12961
-0.00144523 2.02268
-0.00141916 1.91576
-0.00139309 1.80884
-0.00136702 1.70192
-0.00134095 1.595
-0.00131488 1.48808
-0.00128881 1.38116
-0.00126274 1.27424
-0.00123667 1.16732
-0.0012106 1.0604
-0.00118453 0.953476
-0.00115847 0.846555
-0.0011324 0.739634
-0.00110633 0.632713
-0.00108026 0.525792
-0.00105419 0.418871
-0.00102812 0.31195
-0.00100205 0.205029
-0.000975981 0.0981085
-0.00095 0
-0.000925 0
-0.0009 0
-0.000875 0
-0.00085 0
-0.000825 0
-0.0008 0
-0.000775 0
-0.00075 0
-0.000725 0
-0.0007 0
-0.000675 0
-0.00065 0
-0.000625 0
-0.0006 0
-0.000575 0
-0.00055 0
-0.000525 0
-0.0005 0
-0.000475 0
-0.00045 0
-0.000425 0
-0.0004 0
-0.000375 0
-0.00035 0
-0.000325 0
-0.0003 0
-0.000275 0
-0.00025 0
-0.000225 0
-0.0002 0
-0.000175 0
-0.00015 0
-0.000125 0
-0.0001 0
-7.5e-05 0
-5e-05 0
-2.5e-05 0
-6.09864e-20 0
2.5e-05 0
5e-05 0
7.5e-05 0
0.0001 0
0.000125 0
0.00015 0
0.000175 0
0.0002 0
0.000225 0
0.00025 0
0.000275 0
0.0003 0
0.000325 0
0.00035 0
0.000375 0
0.0004 0
0.000425 0
0.00045 0
0.000475 0
0.0005 0
0.000475 0
0.00045 0
0.000425 0
0.0004 0
0.000375 0
0.00035 0
0.000325 0
0.0003 0
0.000275 0
0.00025 0
0.000225 0
0.0002 0
0.000175 0
0.00015 0
0.000125 0
0.0001 0
7.5e-05 0
5e-05 0
2.5e-05 0
-4.74338e-20 0
-2.5e-05 0
-5e-05 0
-7.5e-05 0
-0.0001 0
-0.000125 0
-0.00015 0
-0.000175 0
-0.0002 0
-0.000225 0
-0.00025 0
-0.000275 0
-0.0003 0
-0.000325 0
-0.00035 0
-0.000375 0
-0.0004 0
-0.000425 0
-0.00045 0
-0.000475 0
-0.0005 0
-0.000525 0
-0.00055 0
-0.000575 0
-0.0006 0
-0.000625 0
-0.00065 0
-0.000675 0
-0.0007 0
-0.000725 0
-0.00075 0
-0.000775 0
-0.0008 0
-0.000825 0
-0.00085 0
-0.000875 0
-0.0009 0
-0.000925 0
-0.00095 0
-0.000976882 0.188169
-0.00100393 0.393241
-0.00103098 0.598312
-0.00105803 0.803383
-0.00108508 1.00845
-0.00111214 1.21353
-0.00113919 1.4186
-0.00116624 1.62367
-0.00119329 1.82874
-0.00122034 2.03381
-0.00124739 2.23888
-0.00127444 2.44395
-0.00130149 2.64902
-0.00132854 2.85409
-0.00135559 3.05917
-0.00138264 3.26424
-0.00140969 3.46931
-0.00143674 3.67438
-0.00146379 3.87945
-0.00149085 4.08452
-0.0015179 4.28959
-0.00154495 4.49466
-0.001572 4.69974
-0.00159905 4.90481
-0.0016261 5.10988
-0.00165315 5.31495
-0.0016802 5.52002
-0.00170725 5.72509
-0.0017343 5.93016
-0.00176135 6.13523
-0.0017884 6.34031
-0.00181545 6.54538
-0.0018425 6.75045
-0.00186956 6.95552
-0.00189661 7.16059
-0.00192366 7.36566
-0.00195071 7.57073
-0.00197776 7.7758
-0.00200481 7.98088
-0.00203186 8.18595
-0.00205891 8.39102
-0.00208596 8.59609
-0.00211301 8.80116
-0.00214006 9.00623
-0.00216711 9.2113
-0.00219416 9.41637
-0.00222121 9.62144
-0.00224827 9.82652
-0.00227532 10.0316
-0.00230237 10.2367
-0.00232942 10.4417
-0.00235647 10.6468
-0.00238352 10.8519
-0.00241057 11.0569
-0.00243762 11.262
-0.00246467 11.4671
-0.00249172 11.6722
-0.00251877 11.8772
-0.00254582 12.0823
-0.00257287 12.2874
-0.00259992 12.4924
-0.00262698 12.6975
-0.00265403 12.9026
-0.00268108 13.1077
-0.00270813 13.3127
-0.00273518 13.5178
-0.00276223 13.7229
-0.00278928 13.9279
-0.00281633 14.133
-0.00284338 14.3381
-0.00287043 14.5432
-0.00289748 14.7482
-0.00292453 14.9533
-0.00295158 15.1584
-0.00297863 15.3634
-0.00300569 15.5685
-0.00303274 15.7736
-0.00305979 15.9787
-0.00308684 16.1837
-0.00311389 16.3888
-0.00314094 16.5939
-0.00316799 16.7989
-0.00319504 17.004
-0.00322209 17.2091
-0.00324914 17.4142
-0.00327619 17.6192
-0.00330324 17.8243
-0.00333029 18.0294
-0.00335734 18.2344
-0.0033844 18.4395
-0.00341145 18.6446
-0.0034385 18.8496
-0.00346555 19.0547
-0.0034926 19.2598
-0.00351965 19.4649
-0.0035467 19.6699
-0.00357375 19.875
-0.0036008 20.0801
-0.00362785 20.2851
-0.0036549 20.4902
-0.00368195 20.6953
-0.003709 20.9004
-0.00373605 21.1054
-0.00376311 21.3105
-0.00379016 21.5156
-0.00381721 21.7206
-0.00384426 21.9257
-0.00387131 22.1308
-0.00389836 22.3359
-0.00392541 22.5409
-0.00395246 22.746
-0.00397951 22.9511
-0.00400656 23.1561
-0.00403361 23.3612
-0.00406066 23.5663
-0.00408771 23.7714
-0.00411476 23.9764
-0.00414182 24.1815
-0.00416887 24.3866
-0.00419592 24.5916
-0.00422297 24.7967
-0.00425002 25.0018
-0.00427707 25.2069
-0.00430412 25.4119
-0.00433117 25.617
-0.00435822 25.8221
-0.00438527 26.0271
-0.00441232 26.2322
-0.00443937 26.4373
-0.00446642 26.6424
-0.00449347 26.8474
-0.00452052 27.0525
-0.00454758 27.2576
-0.00457463 27.4626
-0.00460168 27.6677
-0.00462873 27.8728
-0.00465578 28.0779
-0.00468283 28.2829
-0.00470988 28.488
-0.00473693 28.6931
-0.00476398 28.8981
-0.00479103 29.1032
-0.00481808 29.3083
-0.00484513 29.5134
-0.00487218 29.7184
-0.00489923 29.9235
-0.00492629 30.1286
-0.00495334 30.3336
-0.00498039 30.5387
-0.00500744 30.7438
-0.00503449 30.9488
-0.00506154 31.1539
-0.00508859 31.359
-0.00511564 31.5641
-0.00514269 31.7691
-0.00516974 31.9742
-0.00519679 32.1793
-0.00522384 32.3843
-0.00525089 32.5894
-0.00527794 32.7945
-0.005305 32.9996
-0.00533205 33.2046
-0.0053555 33.0502
-0.00537896 32.8958
-0.00540241 32.7413
-0.00542587 32.5869
-0.00544932 32.4324
-0.00547278 32.278
-0.00549624 32.1236
-0.00551969 31.9691
-0.00554315 31.8147
-0.0055666 31.6602
-0.00559006 31.5058
-0.00561351 31.3514
-0.00563697 31.1969
-0.00566042 31.0425
-0.00568388 30.888
-0.00570734 30.7336
-0.00573079 30.5792
-0.00575425 30.4247
-0.0057777 30.2703
-0.00580116 30.1158
-0.00582461 29.9614
-0.00584807 29.8069
-0.00587153 29.6525
-0.00589498 29.4981
-0.00591844 29.3436
-0.00594189 29.1892
-0.00596535 29.0347
-0.0059888 28.8803
-0.00601226 28.7259
-0.00603571 28.5714
-0.00605917 28.417
-0.00608263 28.2625
-0.00610608 28.1081
-0.00612954 27.9537
-0.00615299 27.7992
-0.00617645 27.6448
-0.0061999 27.4903
-0.00622336 27.3359
-0.00624681 27.1815
-0.00627027 27.027
-0.00629373 26.8726
-0.00631718 26.7181
-0.00634064 26.5637
-0.00636409 26.4093
-0.00638755 26.2548
-0.006411 26.1004
-0.00643446 25.9459
-0.00645792 25.7915
-0.00648137 25.6371
-0.00650483 25.4826
-0.00647518 25.0175
-0.00644552 24.5524
-0.00641587 24.0873
-0.00638622 23.6222
-0.00635657 23.157
-0.00632692 22.6919
-0.00629727 22.2268
-0.00626762 21.7617
-0.00623797 21.2966
-0.00620831 20.8315
-0.00617866 20.3663
-0.00614901 19.9012
-0.00611936 19.4361
-0.00608971 18.971
-0.00606006 18.5059
-0.00603041 18.0408
-0.00600076 17.5756
-0.00597111 17.1105
-0.00594145 16.6454
-0.0059118 16.1803
-0.00588215 15.7152
-0.0058525 15.2501
-0.00582285 14.785
-0.0057932 14.3198
-0.00576355 13.8547
-0.0057339 13.3896
-0.00570424 12.9245
-0.00567459 12.4594
-0.00564494 11.9943
-0.00561529 11.5291
-0.00558564 11.064
-0.00555791 10.7913
-0.00553219 10.7188
-0.00550646 10.6463
-0.00548074 10.5738
-0.00545501 10.5014
-0.00542929 10.4289
-0.00540356 10.3564
-0.00537784 10.2839
-0.00535211 10.2114
-0.00532639 10.1389
-0.00530066 10.0665
-0.00527494 9.99398
-0.00524922 9.9215
-0.00522349 9.84902
-0.00519777 9.77654
-0.00517204 9.70405
-0.00514632 9.63157
-0.00512059 9.55909
-0.00509487 9.48661
-0.00506914 9.41412
-0.00504342 9.34164
-0.00501769 9.26916
-0.00499197 9.19668
-0.00496624 9.1242
-0.00494052 9.05171
-0.00491479 8.97923
-0.00488907 8.90675
-0.00486334 8.83427
-0.00483762 8.76178
-0.00481189 8.6893
-0.00478617 8.61682
-0.00476044 8.54434
-0.00473472 8.47185
-0.00470899 8.39937
-0.00468327 8.32689
-0.00465754 8.25441
-0.00463182 8.18193
-0.00460609 8.10944
-0.00458037 8.03696
-0.00455464 7.96448
-0.00452892 7.892
-0.0045032 7.81951
-0.00447747 7.74703
-0.00445175 7.67455
-0.00442602 7.60207
-0.0044003 7.52959
-0.00437457 7.4571
-0.00434885 7.38462
-0.00432312 7.31214
-0.0042974 7.23966
-0.00427167 7.16717
-0.00424595 7.09469
-0.00422022 7.02221
-0.0041945 6.94973
-0.00416877 6.87724
-0.00414305 6.80476
-0.00411732 6.73228
-0.0040916 6.6598
-0.00406587 6.58732
-0.00404015 6.51483
-0.00401442 6.44235
-0.0039887 6.36987
-0.00396297 6.29739
-0.00393725 6.2249
-0.00391152 6.15242
-0.0038858 6.07994
-0.00386007 6.00746
-0.00383435 5.93498
-0.00380862 5.86249
-0.0037829 5.79001
-0.00375718 5.71753
-0.00373145 5.64505
-0.00370573 5.57256
-0.00368 5.50008
-0.00365428 5.4276
-0.00362855 5.35512
-0.00360283 5.28263
-0.0035771 5.21015
-0.00355138 5.13767
-0.00352565 5.06519
-0.00349993 4.99271
-0.0034742 4.92022
-0.00344848 4.84774
-0.00342275 4.77526
-0.00339703 4.70278
-0.0033713 4.63029
-0.00334558 4.55781
-0.00331985 4.48533
-0.00329413 4.41285
-0.0032684 4.34037
-0.00324268 4.26788
-0.00321695 4.1954
-0.00319123 4.12292
-0.0031655 4.05044
-0.00313978 3.97795
-0.00311405 3.90547
-0.00308833 3.83299
-0.00306261 3.76051
-0.00303688 3.68802
-0.00301116 3.61554
-0.00298543 3.54306
-0.00295971 3.47058
-0.00293398 3.3981
-0.00290826 3.32561
-0.00288253 3.25313
-0.00285681 3.18065
-0.00283108 3.10817
-0.00280536 3.03568
-0.00277963 2.9632
-0.00275391 2.89072
-0.00272818 2.81824
-0.00270246 2.74576
-0.00267673 2.67327
-0.00265101 2.60079
-0.00262528 2.52831
-0.00259956 2.45583
-0.00257383 2.38334
-0.00254811 2.31086
-0.00252238 2.23838
-0.00249666 2.1659
-0.00247093 2.09341
-0.00244521 2.02093
-0.00241948 1.94845
-0.00239376 1.87597
-0.00236803 1.80349
-0.00234231 1.731
-0.00231659 1.65852
-0.00229086 1.58604
-0.00226514 1.51356
-0.00223941 1.44107
-0.00221369 1.36859
-0.00218796 1.29611
-0.00216224 1.22363
-0.00213651 1.15115
-0.00211079 1.07866
-0.00208506 1.00618
-0.00205934 0.933699
-0.00203361 0.861216
-0.00200789 0.788734
-0.00198216 0.716252
-0.00195644 0.643769
-0.00193071 0.571287
-0.00190499 0.498805
-0.00187926 0.426323
-0.00185354 0.35384
-0.00182781 0.281358
-0.00180209 0.208876
-0.00177636 0.136394
-0.00175064 0.0639112
-0.001725 0
-0.0017 0
-0.001675 0
-0.00165 0
-0.001625 0
-0.0016 0
-0.001575 0
-0.00155 0
-0.001525 0
-0.0015 0
-0.001475 0
-0.00145 0
-0.001425 0
-0.0014 0
-0.001375 0
-0.00135 0
-0.001325 0
-0.0013 0
-0.001275 0
-0.00125 0
-0.001225 0
-0.0012 0
-0.001175 0
-0.00115 0
-0.001125 0
-0.0011 0
-0.001075 0
-0.00105 0
-0.001025 0
-0.001 0
-0.000975 0
-0.00095 0
-0.000925 0
-0.0009 0
-0.000875 0
-0.00085 0
-0.000825 0
-0.0008 0
-0.000775 0
-0.00075 0
-0.000725 0
-0.0007 0
-0.000675 0
-0.00065 0
-0.000625 0
-0.0006 0
-0.000575 0
-0.00055 0
-0.000525 0
-0.0005 0
-0.000475 0
-0.00045 0
-0.000425 0
-0.0004 0
-0.000375 0
-0.00035 0
-0.000325 0
-0.0003 0
-0.000275 0
-0.00025 0
-0.000225 0
-0.0002 0
-0.000175 0
-0.00015 0
-0.000125 0
-0.0001 0
-7.5e-05 0
-5e-05 0
-2.5e-05 0
-6.09864e-20 0
2.5e-05 0
5e-05 0
7.5e-05 0
0.0001 0
0.000125 0
0.00015 0
0.000175 0
0.0002 0
0.000225 0
0.00025 0
0.000275 0
0.0003 0
0.000325 0
0.00035 0
0.000375 0
0.0004 0
0.000425 0
0.00045 0
0.000475 0
0.0005 0
0.000525 0
0.00055 0
0.000575 0
0.0006 0
0.000625 0
0.0006 0
0.000575 0
0.00055 0
0.000525 0
0.0005 0
0.000475 0
0.00045 0
0.000425 0
0.0004 0
0.000375 0
0.00035 0
0.000325 0
0.0003 0
0.000275 0
0.00025 0
0.000225 0
0.0002 0
0.000175 0
0.00015 0
0.000125 0
0.0001 0
7.5e-05 0
5e-05 0
2.5e-05 0
-4.74338e-20 0
-2.5e-05 0
-5e-05 0
-7.5e-05 0
-0.0001 0
-0.000125 0
-0.00015 0
-0.000175 0
-0.0002 0
-0.000225 0
-0.00025 0
-0.000275 0
-0.0003 0
-0.000325 0
-0.00035 0
-0.000375 0
-0.0004 0
-0.000425 0
-0.00045 0
-0.000475 0
-0.0005 0
-0.000525 0
-0.00055 0
-0.000575 0
-0.0006 0
-0.000625 0
-0.00065 0
-0.000675 0
-0.0007 0
-0.000725 0
-0.00075 0
-0.000775 0
-0.0008 0
-0.000825 0
-0.00085 0
-0.000875 0
-0.0009 0
-0.000925 0
-0.00095 0
-0.000975 0
-0.001 0
-0.001025 0
-0.00105 0
-0.001075 0
-0.0011 0
-0.001125 0
-0.00115 0
-0.001175 0
-0.0012 0
-0.001225 0
-0.00125 0
-0.001275 0
-0.0013 0
-0.001325 0
-0.00135 0
-0.001375 0
-0.0014 0
-0.001425 0
-0.00145 0
-0.001475 0
-0.0015 0
-0.001525 0
-0.00155 0
-0.001575 0
-0.0016 0
-0.001625 0
-0.00165 0
-0.001675 0
-0.0017 0
-0.001725 0
-0.00175124 0.124221
-0.00177765 0.265101
-0.00180406 0.405981
-0.00183047 0.546861
-0.00185688 0.687741
-0.00188329 0.828621
-0.0019097 0.969501
-0.0019361 1.11038
-0.00196251 1.25126
-0.00198892 1.39214
-0.00201533 1.53302
-0.00204174 1.6739
-0.00206815 1.81478
-0.00209456 1.95566
-0.00212097 2.09654
-0.00214737 2.23742
-0.00217378 2.3783
-0.00220019 2.51918
-0.0022266 2.66006
-0.00225301 2.80094
-0.00227942 2.94182
-0.00230583 3.0827
-0.00233224 3.22358
-0.00235864 3.36446
-0.00238505 3.50534
-0.00241146 3.64622
-0.00243787 3.7871
-0.00246428 3.92798
-0.00249069 4.06886
-0.0025171 4.20974
-0.00254351 4.35062
-0.00256992 4.4915
-0.00259632 4.63238
-0.00262273 4.77326
-0.00264914 4.91414
-0.00267555 5.05502
-0.00270196 5.1959
-0.00272837 5.33678
-0.00275478 5.47766
-0.00278119 5.61854
-0.00280759 5.75942
-0.002834 5.9003
-0.00286041 6.04118
-0.00288682 6.18206
-0.00291323 6.32294
-0.00293964 6.46382
-0.00296605 6.6047
-0.00299246 6.74558
-0.00301886 6.88646
-0.00304527 7.02734
-0.00307168 7.16822
-0.00309809 7.3091
-0.0031245 7.44998
-0.00315091 7.59086
-0.00317732 7.73174
-0.00320373 7.87262
-0.00323014 8.0135
-0.00325654 8.15438
-0.00328295 8.29526
-0.00330936 8.43614
-0.00333577 8.57702
-0.00336218 8.7179
-0.00338859 8.85878
-0.003415 8.99966
-0.00344141 9.14054
-0.00346781 9.28142
-0.00349422 9.4223
-0.00352063 9.56318
-0.00354704 9.70406
-0.00357345 9.84494
-0.00359986 9.98582
-0.00362627 10.1267
-0.00365268 10.2676
-0.00367908 10.4085
-0.00370549 10.5493
-0.0037319 10.6902
-0.00375831 10.8311
-0.00378472 10.972
-0.00381113 11.1129
-0.00383754 11.2537
-0.00386395 11.3946
-0.00389036 11.5355
-0.00391676 11.6764
-0.00394317 11.8173
-0.00396958 11.9581
-0.00399599 12.099
-0.0040224 12.2399
-0.00404881 12.3808
-0.00407522 12.5217
-0.00410163 12.6625
-0.00412803 12.8034
-0.00415444 12.9443
-0.00418085 13.0852
-0.00420726 13.2261
-0.00423367 13.3669
-0.00426008 13.5078
-0.00428649 13.6487
-0.0043129 13.7896
-0.0043393 13.9305
-0.00436571 14.0713
-0.00439212 14.2122
-0.00441853 14.3531
-0.00444494 14.494
-0.00447135 14.6349
-0.00449776 14.7757
-0.00452417 14.9166
-0.00455058 15.0575
-0.00457698 15.1984
-0.00460339 15.3393
-0.0046298 15.4801
-0.00465621 15.621
-0.00468262 15.7619
-0.00470903 15.9028
-0.00473544 16.0437
-0.00476185 16.1845
-0.00478825 16.3254
-0.00481466 16.4663
-0.00484107 16.6072
-0.00486748 16.7481
-0.00489389 16.8889
-0.0049203 17.0298
-0.00494671 17.1707
-0.00497312 17.3116
-0.00499952 17.4525
-0.00502593 17.5933
-0.00505234 17.7342
-0.00507875 17.8751
-0.00510516 18.016
-0.00513157 18.1569
-0.00515798 18.2977
-0.00518439 18.4386
-0.0052108 18.5795
-0.0052372 18.7204
-0.00526361 18.8613
-0.00529002 19.0021
-0.00531643 19.143
-0.00534284 19.2839
-0.00536925 19.4248
-0.00539566 19.5657
-0.00542207 19.7065
-0.00544847 19.8474
-0.00547488 19.9883
-0.00550129 20.1292
-0.0055277 20.2701
-0.00555411 20.4109
-0.00558052 20.5518
-0.00560693 20.6927
-0.00563334 20.8336
-0.00565974 20.9745
-0.00568615 21.1153
-0.00571256 21.2562
-0.00573897 21.3971
-0.00576538 21.538
-0.00579179 21.6789
-0.0058182 21.8197
-0.00584461 21.9606
-0.00587102 22.1015
-0.00589742 22.2424
-0.00592383 22.3833
-0.00595024 22.5241
-0.00597665 22.665
-0.00600306 22.8059
-0.00602947 22.9468
-0.00605588 23.0877
-0.00608229 23.2285
-0.00610869 23.3694
-0.0061351 23.5103
-0.00616151 23.6512
-0.00618792 23.7921
-0.00621433 23.9329
-0.00624074 24.0738
-0.00626715 24.2147
-0.00629356 24.3556
-0.00631996 24.4965
-0.00634637 24.6373
-0.00637278 24.7782
-0.00639919 24.9191
-0.0064256 25.06
-0.00645201 25.2009
-0.00647842 25.3417
-0.00650483 25.4826
-0.00652828 25.3282
-0.00655174 25.1737
-0.00657519 25.0193
-0.00659865 24.8649
-0.0066221 24.7104
-0.00664556 24.556
-0.00666902 24.4015
-0.00669247 24.2471
-0.00671593 24.0927
-0.00673938 23.9382
-0.00676284 23.7838
-0.00678629 23.6293
-0.00680975 23.4749
-0.0068332 23.3205
-0.00685666 23.166
-0.00688012 23.0116
-0.00690357 22.8571
-0.00692703 22.7027
-0.00695048 22.5483
-0.00697394 22.3938
-0.00699739 22.2394
-0.00702085 22.0849
-0.00704431 21.9305
-0.00706776 21.7761
-0.00709122 21.6216
-0.00711467 21.4672
-0.00713813 21.3127
-0.00716158 21.1583
-0.00718504 21.0039
-0.00720849 20.8494
-0.00723195 20.695
-0.00725541 20.5405
-0.00727886 20.3861
-0.00730232 20.2317
-0.00732577 20.0772
-0.00734923 19.9228
-0.00737268 19.7683
-0.00739614 19.6139
-0.00741959 19.4595
-0.00744305 19.305
-0.00746651 19.1506
-0.00748996 18.9961
-0.00751342 18.8417
-0.00753687 18.6873
-0.00756033 18.5328
-0.00758378 18.3784
-0.00760724 18.2239
-0.00763069 18.0695
-0.00765415 17.9151
-0.00767761 17.7606
-0.00764796 17.2955
-0.0076183 16.8304
-0.00758865 16.3653
-0.007559 15.9002
-0.00752935 15.435
-0.0074997 14.9699
-0.00747005 14.5048
-0.0074404 14.0397
-0.00741075 13.5746
-0.00738109 13.1095
-0.00735144 12.6443
-0.00732179 12.1792
-0.00729214 11.7141
-0.00726249 11.249
-0.00723284 10.7839
-0.00720319 10.3188
-0.00717354 9.85364
-0.00714389 9.38852
-0.00711423 8.92341
-0.00708458 8.45829
-0.00705525 8.02516
-0.00702976 7.97615
-0.00700427 7.92713
-0.00697878 7.87812
-0.00695329 7.82911
-0.0069278 7.7801
-0.00690231 7.73109
-0.00687682 7.68207
-0.00685133 7.63306
-0.00682584 7.58405
-0.00680035 7.53504
-0.00677486 7.48603
-0.00674937 7.43702
-0.00672388 7.388
-0.00669839 7.33899
-0.0066729 7.28998
-0.00664741 7.24097
-0.00662192 7.19196
-0.00659643 7.14294
-0.00657094 7.09393
-0.00654545 7.04492
-0.00651996 6.99591
-0.00649447 6.9469
-0.00646898 6.89789
-0.00644349 6.84887
-0.006418 6.79986
-0.00639251 6.75085
-0.00636702 6.70184
-0.00634153 6.65283
-0.00631604 6.60381
-0.00629055 6.5548
-0.00626506 6.50579
-0.00623957 6.45678
-0.00621408 6.40777
-0.00618859 6.35876
-0.0061631 6.30974
-0.00613761 6.26073
-0.00611212 6.21172
-0.00608663 6.16271
-0.00606114 6.1137
-0.00603565 6.06468
-0.00601016 6.01567
-0.00598467 5.96666
-0.00595918 5.91765
-0.00593369 5.86864
-0.0059082 5.81963
-0.00588271 5.77061
-0.00585722 5.7216
-0.00583173 5.67259
-0.00580624 5.62358
-0.00578075 5.57457
-0.00575526 5.52555
-0.00572977 5.47654
-0.00570428 5.42753
-0.00567879 5.37852
-0.0056533 5.32951
-0.0056278 5.2805
-0.00560231 5.23148
-0.00557682 5.18247
-0.00555133 5.13346
-0.00552584 5.08445
-0.00550035 5.03544
-0.00547486 4.98642
-0.00544937 4.93741
-0.00542388 4.8884
-0.00539839 4.83939
-0.0053729 4.79038
-0.00534741 4.74137
-0.00532192 4.69235
-0.00529643 4.64334
-0.00527094 4.59433
-0.00524545 4.54532
-0.00521996 4.49631
-0.00519447 4.44729
-0.00516898 4.39828
-0.00514349 4.34927
-0.005118 4.30026
-0.00509251 4.25125
-0.00506702 4.20224
-0.00504153 4.15322
-0.00501604 4.10421
-0.00499055 4.0552
-0.00496506 4.00619
-0.00493957 3.95718
-0.00491408 3.90816
-0.00488859 3.85915
-0.0048631 3.81014
-0.00483761 3.76113
-0.00481212 3.71212
-0.00478663 3.66311
-0.00476114 3.61409
-0.00473565 3.56508
-0.00471016 3.51607
-0.00468467 3.46706
-0.00465918 3.41805
-0.00463369 3.36903
-0.0046082 3.32002
-0.00458271 3.27101
-0.00455722 3.222
-0.00453173 3.17299
-0.00450624 3.12398
-0.00448075 3.07496
-0.00445526 3.02595
-0.00442977 2.97694
-0.00440428 2.92793
-0.00437879 2.87892
-0.0043533 2.8299
-0.00432781 2.78089
-0.00430232 2.73188
-0.00427683 2.68287
-0.00425134 2.63386
-0.00422585 2.58485
-0.00420036 2.53583
-0.00417487 2.48682
-0.00414938 2.43781
-0.00412389 2.3888
-0.0040984 2.33979
-0.00407291 2.29077
-0.00404742 2.24176
-0.00402193 2.19275
-0.00399644 2.14374
-0.00397095 2.09473
-0.00394546 2.04572
-0.00391997 1.9967
-0.00389448 1.94769
-0.00386899 1.89868
-0.0038435 1.84967
-0.00381801 1.80066
-0.00379252 1.75164
-0.00376703 1.70263
-0.00374154 1.65362
-0.00371605 1.60461
-0.00369056 1.5556
-0.00366507 1.50659
-0.00363958 1.45757
-0.00361409 1.40856
-0.0035886 1.35955
-0.00356311 1.31054
-0.00353762 1.26153
-0.00351213 1.21252
-0.00348664 1.1635
-0.00346114 1.11449
-0.00343565 1.06548
-0.00341016 1.01647
-0.00338467 0.967456
-0.00335918 0.918444
-0.00333369 0.869432
-0.0033082 0.820421
-0.00328271 0.771409
-0.00325722 0.722397
-0.00323173 0.673385
-0.00320624 0.624373
-0.00318075 0.575361
-0.00315526 0.52635
-0.00312977 0.477338
-0.00310428 0.428326
-0.00307879 0.379314
-0.0030533 0.330302
-0.00302781 0.281291
-0.00300232 0.232279
-0.00297683 0.183267
-0.00295134 0.134255
-0.00292585 0.0852434
-0.00290036 0.0362316
-0.002875 0
-0.00285 0
-0.002825 0
-0.0028 0
-0.002775 0
-0.00275 0
-0.002725 0
-0.0027 0
-0.002675 0
-0.00265 0
-0.002625 0
-0.0026 0
-0.002575 0
-0.00255 0
-0.002525 0
-0.0025 0
-0.002475 0
-0.00245 0
-0.002425 0
-0.0024 0
-0.002375 0
-0.00235 0
-0.002325 0
-0.0023 0
-0.002275 0
-0.00225 0
-0.002225 0
-0.0022 0
-0.002175 0
-0.00215 0
-0.002125 0
-0.0021 0
-0.002075 0
-0.00205 0
-0.002025 0
-0.002 0
-0.001975 0
-0.00195 0
-0.001925 0
-0.0019 0
-0.001875 0
-0.00185 0
-0.001825 0
-0.0018 0
-0.001775 0
-0.00175 0
-0.001725 0
-0.0017 0
-0.001675 0
-0.00165 0
-0.001625 0
-0.0016 0
-0.001575 0
-0.00155 0
-0.001525 0
-0.0015 0
-0.001475 0
-0.00145 0
-0.001425 0
-0.0014 0
-0.001375 0
-0.00135 0
-0.001325 0
-0.0013 0
-0.001275 0
-0.00125 0
-0.001225 0
-0.0012 0
-0.001175 0
-0.00115 0
-0.001125 0
-0.0011 0
-0.001075 0
-0.00105 0
-0.001025 0
-0.001 0
-0.000975 0
-0.00095 0
-0.000925 0
-0.0009 0
-0.000875 0
-0.00085 0
-0.000825 0
-0.0008 0
-0.000775 0
-0.00075 0
-0.000725 0
-0.0007 0
-0.000675 0
-0.00065 0
-0.000625 0
-0.0006 0
-0.000575 0
-0.00055 0
-0.000525 0
-0.0005 0
-0.000475 0
-0.00045 0
-0.000425 0
-0.0004 0
-0.000375 0
-0.00035 0
-0.000325 0
-0.0003 0
-0.000275 0
-0.00025 0
-0.000225 0
-0.0002 0
-0.000175 0
-0.00015 0
-0.000125 0
-0.0001 0
-7.5e-05 0
-5e-05 0
-2.5e-05 0
-6.09864e-20 0
2.5e-05 0
5e-05 0
7.5e-05 0
0.0001 0
0.000125 0
0.00015 0
0.000175 0
0.0002 0
0.000225 0
0.00025 0
0.000275 0
0.0003 0
0.000325 0
0.00035 0
0.000375 0
0.0004 0
0.000425 0
0.00045 0
0.000475 0
0.0005 0
0.000525 0
0.00055 0
0.000575 0
0.0006 0
0.000625 0
0.00065 0
0.000675 0
0.0007 0
0.000725 0
0.00075 0
0.000725 0
0.0007 0
0.000675 0
0.00065 0
0.000625 0
0.0006 0
0.000575 0
0.00055 0
0.000525 0
0.0005 0
0.000475 0
0.00045 0
0.000425 0
0.0004 0
0.000375 0
0.00035 0
0.000325 0
0.0003 0
0.000275 0
0.00025 0
0.000225 0
0.0002 0
0.000175 0
0.00015 0
0.000125 0
0.0001 0
7.5e-05 0
5e-05 0
2.5e-05 0
-4.74338e-20 0
-2.5e-05 0
-5e-05 0
-7.5e-05 0
-0.0001 0
-0.000125 0
-0.00015 0
-0.000175 0
-0.0002 0
-0.000225 0
-0.00025 0
-0.000275 0
-0.0003 0
-0.000325 0
-0.00035 0
-0.000375 0
-0.0004 0
-0.000425 0
-0.00045 0
-0.000475 0
-0.0005 0
-0.000525 0
-0.00055 0
-0.000575 0
-0.0006 0
-0.000625 0
-0.00065 0
-0.000675 0
-0.0007 0
-0.000725 0
-0.00075 0
-0.000775 0
-0.0008 0
-0.000825 0
-0.00085 0
-0.000875 0
-0.0009 0
-0.000925 0
-0.00095 0
-0.000975 0
-0.001 0
-0.001025 0
-0.00105 0
-0.001075 0
-0.0011 0
-0.001125 0
-0.00115 0
-0.001175 0
-0.0012 0
-0.001225 0
-0.00125 0
-0.001275 0
-0.0013 0
-0.001325 0
-0.00135 0
-0.001375 0
-0.0014 0
-0.001425 0
-0.00145 0
-0.001475 0
-0.0015 0
-0.001525 0
-0.00155 0
-0.001575 0
-0.0016 0
-0.001625 0
-0.00165 0
-0.001675 0
-0.0017 0
-0.001725 0
-0.00175 0
-0.001775 0
-0.0018 0
-0.001825 0
-0.00185 0
-0.001875 0
-0.0019 0
-0.001925 0
-0.00195 0
-0.001975 0
-0.002 0
-0.002025 0
-0.00205 0
-0.002075 0
-0.0021 0
-0.002125 0
-0.00215 0
-0.002175 0
-0.0022 0
-0.002225 0
-0.00225 0
-0.002275 0
-0.0023 0
-0.002325 0
-0.00235 0
-0.002375 0
-0.0024 0
-0.002425 0
-0.00245 0
-0.002475 0
-0.0025 0
-0.002525 0
-0.00255 0
-0.002575 0
-0.0026 0
-0.002625 0
-0.00265 0
-0.002675 0
-0.0027 0
-0.002725 0
-0.00275 0
-0.002775 0
-0.0028 0
-0.002825 0
-0.00285 0
-0.002875 0
-0.00290071 0.0710698
-0.00292667 0.167209
-0.00295263 0.263348
-0.00297859 0.359486
-0.00300456 0.455625
-0.00303052 0.551764
-0.00305648 0.647903
-0.00308244 0.744042
-0.0031084 0.840181
-0.00313436 0.936319
-0.00316032 1.03246
-0.00318629 1.1286
-0.00321225 1.22474
-0.00323821 1.32087
-0.00326417 1.41701
-0.00329013 1.51315
-0.00331609 1.60929
-0.00334205 1.70543
-0.00336802 1.80157
-0.00339398 1.89771
-0.00341994 1.99385
-0.0034459 2.08999
-0.00347186 2.18612
-0.00349782 2.28226
-0.00352378 2.3784
-0.00354975 2.47454
-0.00357571 2.57068
-0.00360167 2.66682
-0.00362763 2.76296
-0.00365359 2.8591
-0.00367955 2.95524
-0.00370551 3.05137
-0.00373148 3.14751
-0.00375744 3.24365
-0.0037834 3.33979
-0.00380936 3.43593
-0.00383532 3.53207
-0.00386128 3.62821
-0.00388724 3.72435
-0.0039132 3.82048
-0.00393917 3.91662
-0.00396513 4.01276
-0.00399109 4.1089
-0.00401705 4.20504
-0.00404301 4.30118
-0.00406897 4.39732
-0.00409493 4.49346
-0.0041209 4.5896
-0.00414686 4.68573
-0.00417282 4.78187
-0.00419878 4.87801
-0.00422474 4.97415
-0.0042507 5.07029
-0.00427666 5.16643
-0.00430263 5.26257
-0.00432859 5.35871
-0.00435455 5.45485
-0.00438051 5.55098
-0.00440647 5.64712
-0.00443243 5.74326
-0.00445839 5.8394
-0.00448436 5.93554
-0.00451032 6.03168
-0.00453628 6.12782
-0.00456224 6.22396
-0.0045882 6.32009
-0.00461416 6.41623
-0.00464012 6.51237
-0.00466609 6.60851
-0.00469205 6.70465
-0.00471801 6.80079
-0.00474397 6.89693
-0.00476993 6.99307
-0.00479589 7.08921
-0.00482185 7.18534
-0.00484781 7.28148
-0.00487378 7.37762
-0.00489974 7.47376
-0.0049257 7.5699
-0.00495166 7.66604
-0.00497762 7.76218
-0.00500358 7.85832
-0.00502954 7.95446
-0.00505551 8.05059
-0.00508147 8.14673
-0.00510743 8.24287
-0.00513339 8.33901
-0.00515935 8.43515
-0.00518531 8.53129
-0.00521127 8.62743
-0.00523724 8.72357
-0.0052632 8.8197
-0.00528916 8.91584
-0.00531512 9.01198
-0.00534108 9.10812
-0.00536704 9.20426
-0.005393 9.3004
-0.00541897 9.39654
-0.00544493 9.49268
-0.00547089 9.58882
-0.00549685 9.68495
-0.00552281 9.78109
-0.00554877 9.87723
-0.00557473 9.97337
-0.0056007 10.0695
-0.00562666 10.1656
-0.00565262 10.2618
-0.00567858 10.3579
-0.00570454 10.4541
-0.0057305 10.5502
-0.00575646 10.6463
-0.00578242 10.7425
-0.00580839 10.8386
-0.00583435 10.9348
-0.00586031 11.0309
-0.00588627 11.127
-0.00591223 11.2232
-0.00593819 11.3193
-0.00596415 11.4155
-0.00599012 11.5116
-0.00601608 11.6077
-0.00604204 11.7039
-0.006068 11.8
-0.00609396 11.8961
-0.00611992 11.9923
-0.00614588 12.0884
-0.00617185 12.1846
-0.00619781 12.2807
-0.00622377 12.3768
-0.00624973 12.473
-0.00627569 12.5691
-0.00630165 12.6653
-0.00632761 12.7614
-0.00635358 12.8575
-0.00637954 12.9537
-0.0064055 13.0498
-0.00643146 13.146
-0.00645742 13.2421
-0.00648338 13.3382
-0.00650934 13.4344
-0.00653531 13.5305
-0.00656127 13.6266
-0.00658723 13.7228
-0.00661319 13.8189
-0.00663915 13.9151
-0.00666511 14.0112
-0.00669107 14.1073
-0.00671703 14.2035
-0.006743 14.2996
-0.00676896 14.3958
-0.00679492 14.4919
-0.00682088 14.588
-0.00684684 14.6842
-0.0068728 14.7803
-0.00689876 14.8765
-0.00692473 14.9726
-0.00695069 15.0687
-0.00697665 15.1649
-0.00700261 15.261
-0.00702857 15.3571
-0.00705453 15.4533
-0.00708049 15.5494
-0.00710646 15.6456
-0.00713242 15.7417
-0.00715838 15.8378
-0.00718434 15.934
-0.0072103 16.0301
-0.00723626 16.1263
-0.00726222 16.2224
-0.00728819 16.3185
-0.00731415 16.4147
-0.00734011 16.5108
-0.00736607 16.607
-0.00739203 16.7031
-0.00741799 16.7992
-0.00744395 16.8954
-0.00746992 16.9915
-0.00749588 17.0876
-0.00752184 17.1838
-0.0075478 17.2799
-0.00757376 17.3761
-0.00759972 17.4722
-0.00762568 17.5683
-0.00765164 17.6645
-0.00767761 17.7606
-0.00770106 17.6062
-0.00772452 17.4517
-0.00774797 17.2973
-0.00777143 17.1429
-0.00779488 16.9884
-0.00781834 16.834
-0.0078418 16.6795
-0.00786525 16.5251
-0.00788871 16.3707
-0.00791216 16.2162
-0.00793562 16.0618
-0.00795907 15.9073
-0.00798253 15.7529
-0.00800598 15.5985
-0.00802944 15.444
-0.0080529 15.2896
-0.00807635 15.1351
-0.00809981 14.9807
-0.00812326 14.8263
-0.00814672 14.6718
-0.00817017 14.5174
-0.00819363 14.3629
-0.00821708 14.2085
-0.00824054 14.0541
-0.008264 13.8996
-0.00828745 13.7452
-0.00831091 13.5907
-0.00833436 13.4363
-0.00835782 13.2819
-0.00838127 13.1274
-0.00840473 12.973
-0.00842819 12.8185
-0.00845164 12.6641
-0.0084751 12.5097
-0.00849855 12.3552
-0.00852201 12.2008
-0.00854546 12.0463
-0.00856892 11.8919
-0.00859237 11.7375
-0.00861583 11.583
-0.00863929 11.4286
-0.00866274 11.2741
-0.0086862 11.1197
-0.00870965 10.9653
-0.00873311 10.8108
-0.00875656 10.6564
-0.00878002 10.5019
-0.00880347 10.3475
-0.00882693 10.1931
-0.00885039 10.0386
-0.00882073 9.57349
-0.00879108 9.10838
-0.00876143 8.64326
-0.00873178 8.17814
-0.00870213 7.71303
-0.00867248 7.24791
-0.00864283 6.7828
-0.00861318 6.31768
-0.00858353 5.85256
-0.00855387 5.38745
-0.00852422 4.92233
-0.008497 4.69966
-0.00847168 4.66767
-0.00844636 4.63568
-0.00842104 4.60369
-0.00839572 4.5717
-0.0083704 4.53971
-0.00834508 4.50772
-0.00831976 4.47573
-0.00829444 4.44374
-0.00826912 4.41175
-0.0082438 4.37976
-0.00821848 4.34777
-0.00819316 4.31578
-0.00816784 4.28379
-0.00814252 4.2518
-0.0081172 4.21981
-0.00809188 4.18783
-0.00806656 4.15584
-0.00804124 4.12385
-0.00801592 4.09186
-0.0079906 4.05987
-0.00796528 4.02788
-0.00793996 3.99589
-0.00791464 3.9639
-0.00788932 3.93191
-0.007864 3.89992
-0.00783868 3.86793
-0.00781336 3.83594
-0.00778804 3.80395
-0.00776272 3.77196
-0.0077374 3.73997
-0.00771208 3.70798
-0.00768676 3.67599
-0.00766144 3.644
-0.00763612 3.61201
-0.0076108 3.58002
-0.00758548 3.54804
-0.00756016 3.51605
-0.00753484 3.48406
-0.00750952 3.45207
-0.0074842 3.42008
-0.00745888 3.38809
-0.00743356 3.3561
-0.00740824 3.32411
-0.00738292 3.29212
-0.0073576 3.26013
-0.00733228 3.22814
-0.00730696 3.19615
-0.00728164 3.16416
-0.00725632 3.13217
-0.007231 3.10018
-0.00720568 3.06819
-0.00718036 3.0362
-0.00715504 3.00421
-0.00712972 2.97222
-0.0071044 2.94023
-0.00707908 2.90825
-0.00705376 2.87626
-0.00702844 2.84427
-0.00700312 2.81228
-0.0069778 2.78029
-0.00695248 2.7483
-0.00692716 2.71631
-0.00690184 2.68432
-0.00687652 2.65233
-0.0068512 2.62034
-0.00682588 2.58835
-0.00680056 2.55636
-0.00677524 2.52437
-0.00674992 2.49238
-0.0067246 2.46039
-0.00669928 2.4284
-0.00667396 2.39641
-0.00664864 2.36442
-0.00662332 2.33243
-0.006598 2.30044
-0.00657268 2.26846
-0.00654736 2.23647
-0.00652204 2.20448
-0.00649672 2.17249
-0.0064714 2.1405
-0.00644609 2.10851
-0.00642077 2.07652
-0.00639545 2.04453
-0.00637013 2.01254
-0.00634481 1.98055
-0.00631949 1.94856
-0.00629417 1.91657
-0.00626885 1.88458
-0.00624353 1.85259
-0.00621821 1.8206
-0.00619289 1.78861
-0.00616757 1.75662
-0.00614225 1.72463
-0.00611693 1.69264
-0.00609161 1.66065
-0.00606629 1.62867
-0.00604097 1.59668
-0.00601565 1.56469
-0.00599033 1.5327
-0.00596501 1.50071
-0.00593969 1.46872
-0.00591437 1.43673
-0.00588905 1.40474
-0.00586373 1.37275
-0.00583841 1.34076
-0.00581309 1.30877
-0.00578777 1.27678
-0.00576245 1.24479
-0.00573713 1.2128
-0.00571181 1.18081
-0.00568649 1.14882
-0.00566117 1.11683
-0.00563585 1.08484
-0.00561053 1.05285
-0.00558521 1.02086
-0.00555989 0.988875
-0.00553457 0.956886
-0.00550925 0.924896
-0.00548393 0.892907
-0.00545861 0.860917
-0.00543329 0.828928
-0.00540797 0.796938
-0.00538265 0.764949
-0.00535733 0.732959
-0.00533201 0.70097
-0.00530669 0.66898
-0.00528137 0.636991
-0.00525605 0.605001
-0.00523073 0.573012
-0.00520541 0.541022
-0.00518009 0.509033
-0.00515477 0.477043
-0.00512945 0.445054
-0.00510413 0.413064
-0.00507881 0.381075
-0.00505349 0.349085
-0.00502817 0.317096
-0.00500285 0.285106
-0.00497753 0.253117
-0.00495221 0.221127
-0.00492689 0.189138
-0.00490157 0.157148
-0.00487625 0.125159
-0.00485093 0.0931691
-0.00482561 0.0611796
-0.00480029 0.0291901
-0.004775 0
-0.00475 0
-0.004725 0
-0.0047 0
-0.004675 0
-0.00465 0
-0.004625 0
-0.0046 0
-0.004575 0
-0.00455 0
-0.004525 0
-0.0045 0
-0.004475 0
-0.00445 0
-0.004425 0
-0.0044 0
-0.004375 0
-0.00435 0
-0.004325 0
-0.0043 0
-0.004275 0
-0.00425 0
-0.004225 0
-0.0042 0
-0.004175 0
-0.00415 0
-0.004125 0
-0.0041 0
-0.004075 0
-0.00405 0
-0.004025 0
-0.004 0
-0.003975 0
-0.00395 0
-0.003925 0
-0.0039 0
-0.003875 0
-0.00385 0
-0.003825 0
-0.0038 0
-0.003775 0
-0.00375 0
-0.003725 0
-0.0037 0
-0.003675 0
-0.00365 0
-0.003625 0
-0.0036 0
-0.003575 0
-0.00355 0
-0.003525 0
-0.0035 0
-0.003475 0
-0.00345 0
-0.003425 0
-0.0034 0
-0.003375 0
-0.00335 0
-0.003325 0
-0.0033 0
-0.003275 0
-0.00325 0
-0.003225 0
-0.0032 0
-0.003175 0
-0.00315 0
-0.003125 0
-0.0031 0
-0.003075 0
-0.00305 0
-0.003025 0
-0.003 0
-0.002975 0
-0.00295 0
-0.002925 0
-0.0029 0
-0.002875 0
-0.00285 0
-0.002825 0
-0.0028 0
-0.002775 0
-0.00275 0
-0.002725 0
-0.0027 0
-0.002675 0
-0.00265 0
-0.002625 0
-0.0026 0
-0.002575 0
-0.00255 0
-0.002525 0
-0.0025 0
-0.002475 0
-0.00245 0
-0.002425 0
-0.0024 0
-0.002375 0
-0.00235 0
-0.002325 0
-0.0023 0
-0.002275 0
-0.00225 0
-0.002225 0
-0.0022 0
-0.002175 0
-0.00215 0
-0.002125 0
-0.0021 0
-0.002075 0
-0.00205 0
-0.002025 0
-0.002 0
-0.001975 0
-0.00195 0
-0.001925 0
-0.0019 0
-0.001875 0
-0.00185 0
-0.001825 0
-0.0018 0
-0.001775 0
-0.00175 0
-0.001725 0
-0.0017 0
-0.001675 0
-0.00165 0
-0.001625 0
-0.0016 0
-0.001575 0
-0.00155 0
-0.001525 0
-0.0015 0
-0.001475 0
-0.00145 0
-0.001425 0
-0.0014 0
-0.001375 0
-0.00135 0
-0.001325 0
-0.0013 0
-0.001275 0
-0.00125 0
-0.001225 0
-0.0012 0
-0.001175 0
-0.00115 0
-0.001125 0
-0.0011 0
-0.001075 0
-0.00105 0
-0.001025 0
-0.001 0
-0.000975 0
-0.00095 0
-0.000925 0
-0.0009 0
-0.000875 0
-0.00085 0
-0.000825 0
-0.0008 0
-0.000775 0
-0.00075 0
-0.000725 0
-0.0007 0
-0.000675 0
-0.00065 0
-0.000625 0
-0.0006 0
-0.000575 0
-0.00055 0
-0.000525 0
-0.0005 0
-0.000475 0
-0.00045 0
-0.000425 0
-0.0004 0
-0.000375 0
-0.00035 0
-0.000325 0
-0.0003 0
-0.000275 0
-0.00025 0
-0.000225 0
-0.0002 0
-0.000175 0
-0.00015 0
-0.000125 0
-0.0001 0
-7.5e-05 0
-5e-05 0
-2.5e-05 0
-9.28348e-19 0
2.5e-05 0
5e-05 0
7.5e-05 0
0.0001 0
0.000125 0
0.00015 0
0.000175 0
0.0002 0
0.000225 0
0.00025 0
0.000275 0
0.0003 0
0.000325 0
0.00035 0
0.000375 0
0.0004 0
0.000425 0
0.00045 0
0.000475 0
0.0005 0
0.000525 0
0.00055 0
0.000575 0
0.0006 0
0.000625 0
0.00065 0
0.000675 0
0.0007 0
0.000725 0
0.00075 0
0.000775 0
0.0008 0
0.000825 0
0.00085 0
0.000875 0
0.00085 0
0.000825 0
0.0008 0
0.000775 0
0.00075 0
0.000725 0
0.0007 0
0.000675 0
0.00065 0
0.000625 0
0.0006 0
0.000575 0
0.00055 0
0.000525 0
0.0005 0
0.000475 0
0.00045 0
0.000425 0
0.0004 0
0.000375 0
0.00035 0
0.000325 0
0.0003 0
0.000275 0
0.00025 0
0.000225 0
0.0002 0
0.000175 0
0.00015 0
0.000125 0
0.0001 0
7.5e-05 0
5e-05 0
2.5e-05 0
-9.14796e-19 0
