-2.84354e-05 0.343545
-5.68452e-05 0.684518
-8.52291e-05 1.02291
-0.000113587 1.35871
-0.000141919 1.69191
-0.000170225 2.02251
-0.000198505 2.35048
-0.000226758 2.67583
-0.000254985 2.99854
-0.000283186 3.3186
-0.00031136 3.636
-0.000339507 3.95074
-0.000367628 4.2628
-0.000395722 4.57218
-0.000423789 4.87886
-0.000451828 5.18283
-0.000479841 5.48409
-0.000507826 5.78262
-0.000535784 6.07841
-0.000563715 6.37146
-0.000591618 6.66175
-0.000619493 6.94928
-0.00064734 7.23402
-0.00067516 7.51598
-0.000702951 7.79514
-0.000730715 8.07149
-0.00075845 8.34502
-0.000786157 8.61572
-0.000813836 8.88357
-0.000841486 9.14858
-0.000869107 9.41072
-0.0008967 9.66998
-0.000924264 9.92636
-0.000951798 10.1798
-0.000979304 10.4304
-0.00100678 10.6781
-0.00103423 10.9228
-0.00106165 11.1646
-0.00108903 11.4034
-0.00111639 11.6393
-0.00114372 11.8722
-0.00117102 12.1021
-0.00119829 12.329
-0.00122553 12.5528
-0.00125274 12.7737
-0.00127992 12.9915
-0.00130706 13.2063
-0.00133418 13.418
-0.00136127 13.6266
-0.00138832 13.8322
-0.00135987 13.4874
-0.00133143 13.1425
-0.00130298 12.7977
-0.00127453 12.4529
-0.00124608 12.1081
-0.00121763 11.7632
-0.00118918 11.4184
-0.00116074 11.0736
-0.00113229 10.7288
-0.00110384 10.3839
-0.00107539 10.0391
-0.00104694 9.69427
-0.00101849 9.34944
-0.000990046 9.00461
-0.000961598 8.65978
-0.00093315 8.31496
-0.000904701 7.97013
-0.000876253 7.6253
-0.000847805 7.28047
-0.000819356 6.93565
-0.000790908 6.59082
-0.00076246 6.24599
-0.000734012 5.90116
-0.000705563 5.55634
-0.000677115 5.21151
-0.000648667 4.86668
-0.000620219 4.52185
-0.00059177 4.17703
-0.000563322 3.8322
-0.000534874 3.48737
-0.000506425 3.14254
-0.000477977 2.79772
-0.000449529 2.45289
-0.000421081 2.10806
-0.000393043 1.80428
-0.000366457 1.64569
-0.000339871 1.48711
-0.000313285 1.32852
-0.000286699 1.16993
-0.000260113 1.01135
-0.000233528 0.852758
-0.000206942 0.694172
-0.000180356 0.535585
-0.00015377 0.376998
-0.000127184 0.218411
-0.000100598 0.059824
-7.28525e-05 -0.214748
-4.44042e-05 -0.559575
-1.5956e-05 -0.904403
1.24923e-05 -1.24923
4.09406e-05 -1.59406
6.93889e-05 -1.93889
9.78371e-05 -2.28371
0.000126285 -2.62854
0.000154734 -2.97337
0.000126285 -2.62854
9.78371e-05 -2.28371
6.93889e-05 -1.93889
4.09406e-05 -1.59406
1.24923e-05 -1.24923
-1.5956e-05 -0.904403
-4.44042e-05 -0.559575
-7.28525e-05 -0.214748
-0.000101125 0.112511
-0.000129108 0.410765
-0.00015709 0.709019
-0.000185073 1.00727
-0.000213055 1.30553
-0.000241038 1.60378
-0.00026902 1.90204
-0.000297003 2.20029
-0.000324985 2.49854
-0.000352968 2.7968
-0.000380951 3.09505
-0.000408933 3.39331
-0.000436916 3.69156
-0.000464898 3.98981
-0.000492881 4.28807
-0.000520863 4.58632
-0.000548846 4.88458
-0.000576828 5.18283
-0.000604811 5.48108
-0.000632793 5.77934
-0.000660776 6.07759
-0.000688758 6.37585
-0.000716741 6.6741
-0.000744724 6.97235
-0.000772706 7.27061
-0.000800689 7.56886
-0.000828671 7.86712
-0.000856654 8.16537
-0.000884636 8.46363
-0.000912619 8.76188
-0.000940601 9.06013
-0.000968584 9.35839
-0.000996566 9.65664
-0.00102455 9.9549
-0.00105253 10.2531
-0.00108051 10.5514
-0.0011085 10.8497
-0.00113648 11.1479
-0.00116446 11.4462
-0.00119244 11.7444
-0.00122043 12.0427
-0.00124841 12.3409
-0.00127639 12.6392
-0.00130437 12.9374
-0.00133236 13.2357
-0.00136034 13.5339
-0.00138832 13.8322
-0.00141535 14.0347
-0.00144234 14.234
-0.0014693 14.4302
-0.00149623 14.6233
-0.00152313 14.8132
-0.00155 15
-0.00157684 15.1836
-0.00160364 15.364
-0.00163041 15.5412
-0.00165715 15.7152
-0.00168386 15.886
-0.00171053 16.0535
-0.00173718 16.2177
-0.00176379 16.3787
-0.00179036 16.5365
-0.00181691 16.6909
-0.00184342 16.842
-0.0018699 16.9898
-0.00189634 17.1342
-0.00192275 17.2753
-0.00194913 17.413
-0.00197547 17.5473
-0.00200178 17.6783
-0.00202806 17.8058
-0.0020543 17.9299
-0.00208051 18.0506
-0.00210668 18.1678
-0.00213282 18.2815
-0.00215892 18.3918
-0.00218499 18.4985
-0.00221102 18.6018
-0.00223701 18.7015
-0.00226298 18.7976
-0.0022889 18.8902
-0.00231479 18.9792
-0.00234065 19.0646
-0.00236646 19.1464
-0.00239225 19.2246
-0.00241799 19.2991
-0.0024437 19.37
-0.00246937 19.4372
-0.00249501 19.5007
-0.0025206 19.5605
-0.00254617 19.6165
-0.00257169 19.6689
-0.00259717 19.7174
-0.00262262 19.7622
-0.00264803 19.8031
-0.0026734 19.8403
-0.00269874 19.8736
-0.00272403 19.9031
-0.00274929 19.9287
-0.0027745 19.9504
-0.00279968 19.9682
-0.00282482 19.9821
-0.00284992 19.992
-0.00287498 19.998
-0.0029 20
-0.00292408 19.9078
-0.00294816 19.8157
-0.00297224 19.7235
-0.00299631 19.6313
-0.00302039 19.5392
-0.00304447 19.447
-0.00306855 19.3548
-0.00309263 19.2627
-0.00311671 19.1705
-0.00314078 19.0783
-0.00316486 18.9862
-0.00318894 18.894
-0.00321302 18.8018
-0.0032371 18.7097
-0.00326118 18.6175
-0.00328525 18.5253
-0.00330933 18.4332
-0.00333341 18.341
-0.00335749 18.2488
-0.00338157 18.1567
-0.00340565 18.0645
-0.00342972 17.9724
-0.0034538 17.8802
-0.00347788 17.788
-0.00350196 17.6959
-0.00352604 17.6037
-0.00355012 17.5115
-0.00357419 17.4194
-0.00359827 17.3272
-0.00362235 17.235
-0.00364643 17.1429
-0.00367051 17.0507
-0.00369459 16.9585
-0.00371866 16.8664
-0.00374274 16.7742
-0.00376682 16.682
-0.0037909 16.5899
-0.00381498 16.4977
-0.00383906 16.4055
-0.00386313 16.3134
-0.00388721 16.2212
-0.00391129 16.129
-0.00388284 15.7842
-0.00385439 15.4394
-0.00382595 15.0945
-0.0037975 14.7497
-0.00376905 14.4049
-0.0037406 14.0601
-0.00371215 13.7152
-0.0036837 13.3704
-0.00365526 13.0256
-0.00362681 12.6808
-0.00359836 12.3359
-0.00356991 11.9911
-0.00354146 11.6463
-0.00351301 11.3014
-0.00348457 10.9566
-0.00345612 10.6118
-0.00342767 10.267
-0.00339922 9.92214
-0.00337077 9.57731
-0.00334232 9.23248
-0.00331388 8.88765
-0.00328543 8.54283
-0.00325698 8.198
-0.00322853 7.85317
-0.00320008 7.50834
-0.00317164 7.16352
-0.00314319 6.81869
-0.00311474 6.47386
-0.00308718 6.21772
-0.00306146 6.14606
-0.00303574 6.07441
-0.00301003 6.00276
-0.00298431 5.93111
-0.00295859 5.85945
-0.00293288 5.7878
-0.00290716 5.71615
-0.00288144 5.64449
-0.00285573 5.57284
-0.00283001 5.50119
-0.0028043 5.42953
-0.00277858 5.35788
-0.00275286 5.28623
-0.00272715 5.21458
-0.00270143 5.14292
-0.00267571 5.07127
-0.00265 4.99962
-0.00262428 4.92796
-0.00259856 4.85631
-0.00257285 4.78466
-0.00254713 4.713
-0.00252141 4.64135
-0.0024957 4.5697
-0.00246998 4.49805
-0.00244426 4.42639
-0.00241855 4.35474
-0.00239283 4.28309
-0.00236711 4.21143
-0.0023414 4.13978
-0.00231568 4.06813
-0.00228996 3.99647
-0.00226425 3.92482
-0.00223853 3.85317
-0.00221282 3.78152
-0.0021871 3.70986
-0.00216138 3.63821
-0.00213567 3.56656
-0.00210995 3.4949
-0.00208423 3.42325
-0.00205852 3.3516
-0.0020328 3.27994
-0.00200708 3.20829
-0.00198137 3.13664
-0.00195565 3.06499
-0.00192993 2.99333
-0.00190422 2.92168
-0.0018785 2.85003
-0.00185278 2.77837
-0.00182707 2.70672
-0.00180135 2.63507
-0.00177563 2.56341
-0.00174992 2.49176
-0.0017242 2.42011
-0.00169848 2.34846
-0.00167277 2.2768
-0.00164705 2.20515
-0.00162133 2.1335
-0.00159562 2.06184
-0.0015699 1.99019
-0.00154419 1.91854
-0.00151847 1.84688
-0.00149275 1.77523
-0.00146704 1.70358
-0.00144132 1.63193
-0.0014156 1.56027
-0.00138989 1.48862
-0.00136417 1.41697
-0.00133845 1.34531
-0.00131274 1.27366
-0.00128702 1.20201
-0.0012613 1.13035
-0.00123559 1.0587
-0.00120987 0.987049
-0.00118415 0.915396
-0.00115844 0.843743
-0.00113272 0.77209
-0.001107 0.700437
-0.00108129 0.628784
-0.00105557 0.557131
-0.00102985 0.485478
-0.00100414 0.413825
-0.000978422 0.342172
-0.000952705 0.270519
-0.000926989 0.198866
-0.000901272 0.127213
-0.000875556 0.0555598
-0.000849226 -0.0774479
-0.000820777 -0.422275
-0.000792329 -0.767103
-0.000763881 -1.11193
-0.000735432 -1.45676
-0.000706984 -1.80159
-0.000678536 -2.14641
-0.000650088 -2.49124
-0.000621639 -2.83607
-0.000593191 -3.1809
-0.000564743 -3.52572
-0.000536294 -3.87055
-0.000513904 -3.60963
-0.000495154 -2.98463
-0.000476404 -2.35963
-0.000457654 -1.73463
-0.000438904 -1.10963
-0.000420154 -0.484626
-0.0004 0
-0.000375 0
-0.00035 0
-0.000325 0
-0.0003 0
-0.000275 0
-0.00025 0
-0.000225 0
-0.0002 0
-0.000175 0
-0.00015 0
-0.000125 0
-0.0001 0
-7.5e-05 0
-5e-05 0
-2.5e-05 0
-6.09864e-20 0
2.5e-05 0
5e-05 0
7.5e-05 0
0.0001 0
0.000125 0
0.00015 0
0.000175 0
0.0002 0
0.000225 0
0.00025 0
0.000275 0
0.0003 0
0.000325 0
0.00035 0
0.000375 0
0.00035 0
0.000325 0
0.0003 0
0.000275 0
0.00025 0
0.000225 0
0.0002 0
0.000175 0
0.00015 0
0.000125 0
0.0001 0
7.5e-05 0
5e-05 0
2.5e-05 0
-4.74338e-20 0
-2.5e-05 0
-5e-05 0
-7.5e-05 0
-0.0001 0
-0.000125 0
-0.00015 0
-0.000175 0
-0.0002 0
-0.000225 0
-0.00025 0
-0.000275 0
-0.0003 0
-0.000325 0
-0.00035 0
-0.000375 0
-0.0004 0
-0.000425 0
-0.00045 0
-0.000475 0
-0.0005 0
-0.000525 0
-0.00055 0
-0.000575 0
-0.0006 0
-0.000625 0
-0.00065 0
-0.000675 0
-0.0007 0
-0.000725 0
-0.00075 0
-0.000775 0
-0.0008 0
-0.000825 0
-0.00085 0
-0.00087608 0.108024
-0.000902473 0.247337
-0.000928866 0.38665
-0.00095526 0.525963
-0.000981653 0.665276
-0.00100805 0.804589
-0.00103444 0.943902
-0.00106083 1.08322
-0.00108723 1.22253
-0.00111362 1.36184
-0.00114001 1.50115
-0.0011664 1.64047
-0.0011928 1.77978
-0.00121919 1.91909
-0.00124558 2.05841
-0.00127198 2.19772
-0.00129837 2.33703
-0.00132476 2.47635
-0.00135116 2.61566
-0.00137755 2.75497
-0.00140394 2.89429
-0.00143034 3.0336
-0.00145673 3.17291
-0.00148312 3.31223
-0.00150952 3.45154
-0.00153591 3.59085
-0.0015623 3.73016
-0.00158869 3.86948
-0.00161509 4.00879
-0.00164148 4.1481
-0.00166787 4.28742
-0.00169427 4.42673
-0.00172066 4.56604
-0.00174705 4.70536
-0.00177345 4.84467
-0.00179984 4.98398
-0.00182623 5.1233
-0.00185263 5.26261
-0.00187902 5.40192
-0.00190541 5.54124
-0.00193181 5.68055
-0.0019582 5.81986
-0.00198459 5.95917
-0.00201098 6.09849
-0.00203738 6.2378
-0.00206377 6.37711
-0.00209016 6.51643
-0.00211656 6.65574
-0.00214295 6.79505
-0.00216934 6.93437
-0.00219574 7.07368
-0.00222213 7.21299
-0.00224852 7.35231
-0.00227492 7.49162
-0.00230131 7.63093
-0.0023277 7.77025
-0.0023541 7.90956
-0.00238049 8.04887
-0.00240688 8.18818
-0.00243327 8.3275
-0.00245967 8.46681
-0.00248606 8.60612
-0.00251245 8.74544
-0.00253885 8.88475
-0.00256524 9.02406
-0.00259163 9.16338
-0.00261803 9.30269
-0.00264442 9.442
-0.00267081 9.58132
-0.00269721 9.72063
-0.0027236 9.85994
-0.00274999 9.99926
-0.00277639 10.1386
-0.00280278 10.2779
-0.00282917 10.4172
-0.00285557 10.5565
-0.00288196 10.6958
-0.00290835 10.8351
-0.00293474 10.9744
-0.00296114 11.1138
-0.00298753 11.2531
-0.00301392 11.3924
-0.00304032 11.5317
-0.00306671 11.671
-0.0030931 11.8103
-0.0031195 11.9496
-0.00314589 12.089
-0.00317228 12.2283
-0.00319868 12.3676
-0.00322507 12.5069
-0.00325146 12.6462
-0.00327786 12.7855
-0.00330425 12.9248
-0.00333064 13.0641
-0.00335703 13.2035
-0.00338343 13.3428
-0.00340982 13.4821
-0.00343621 13.6214
-0.00346261 13.7607
-0.003489 13.9
-0.00351539 14.0393
-0.00354179 14.1786
-0.00356818 14.318
-0.00359457 14.4573
-0.00362097 14.5966
-0.00364736 14.7359
-0.00367375 14.8752
-0.00370015 15.0145
-0.00372654 15.1538
-0.00375293 15.2932
-0.00377932 15.4325
-0.00380572 15.5718
-0.00383211 15.7111
-0.0038585 15.8504
-0.0038849 15.9897
-0.00391129 16.129
-0.00393537 16.0369
-0.00395945 15.9447
-0.00398353 15.8525
-0.0040076 15.7604
-0.00403168 15.6682
-0.00405576 15.576
-0.00407984 15.4839
-0.00410392 15.3917
-0.004128 15.2995
-0.00415207 15.2074
-0.00417615 15.1152
-0.00420023 15.023
-0.00422431 14.9309
-0.00424839 14.8387
-0.00427247 14.7465
-0.00429654 14.6544
-0.00432062 14.5622
-0.0043447 14.47
-0.00436878 14.3779
-0.00439286 14.2857
-0.00441694 14.1935
-0.00444101 14.1014
-0.00446509 14.0092
-0.00448917 13.9171
-0.00451325 13.8249
-0.00453733 13.7327
-0.00456141 13.6406
-0.00458548 13.5484
-0.00460956 13.4562
-0.00463364 13.3641
-0.00465772 13.2719
-0.0046818 13.1797
-0.00470588 13.0876
-0.00472995 12.9954
-0.00475403 12.9032
-0.00477811 12.8111
-0.00480219 12.7189
-0.00482627 12.6267
-0.00485035 12.5346
-0.00487442 12.4424
-0.0048985 12.3502
-0.00492258 12.2581
-0.00494666 12.1659
-0.00497074 12.0737
-0.00499482 11.9816
-0.00501889 11.8894
-0.00504297 11.7972
-0.00506705 11.7051
-0.00509113 11.6129
-0.00511521 11.5207
-0.00508676 11.1759
-0.00505831 10.8311
-0.00502986 10.4863
-0.00500141 10.1414
-0.00497297 9.7966
-0.00494452 9.45177
-0.00491607 9.10694
-0.00488762 8.76212
-0.00485917 8.41729
-0.00483072 8.07246
-0.00480228 7.72763
-0.00477383 7.38281
-0.00474538 7.03798
-0.00471693 6.69315
-0.00468848 6.34832
-0.00466003 6.0035
-0.00463159 5.65867
-0.00460314 5.31384
-0.00457517 5.01727
-0.00454973 4.97277
-0.00452428 4.92826
-0.00449884 4.88375
-0.00447339 4.83924
-0.00444795 4.79473
-0.0044225 4.75023
-0.00439706 4.70572
-0.00437161 4.66121
-0.00434617 4.6167
-0.00432072 4.5722
-0.00429528 4.52769
-0.00426983 4.48318
-0.00424439 4.43867
-0.00421894 4.39416
-0.0041935 4.34966
-0.00416805 4.30515
-0.00414261 4.26064
-0.00411716 4.21613
-0.00409172 4.17163
-0.00406627 4.12712
-0.00404083 4.08261
-0.00401538 4.0381
-0.00398994 3.99359
-0.00396449 3.94909
-0.00393905 3.90458
-0.0039136 3.86007
-0.00388816 3.81556
-0.00386271 3.77106
-0.00383727 3.72655
-0.00381182 3.68204
-0.00378638 3.63753
-0.00376093 3.59303
-0.00373549 3.54852
-0.00371004 3.50401
-0.0036846 3.4595
-0.00365915 3.41499
-0.0036337 3.37049
-0.00360826 3.32598
-0.00358281 3.28147
-0.00355737 3.23696
-0.00353192 3.19246
-0.00350648 3.14795
-0.00348103 3.10344
-0.00345559 3.05893
-0.00343014 3.01442
-0.0034047 2.96992
-0.00337925 2.92541
-0.00335381 2.8809
-0.00332836 2.83639
-0.00330292 2.79189
-0.00327747 2.74738
-0.00325203 2.70287
-0.00322658 2.65836
-0.00320114 2.61385
-0.00317569 2.56935
-0.00315025 2.52484
-0.0031248 2.48033
-0.00309936 2.43582
-0.00307391 2.39132
-0.00304847 2.34681
-0.00302302 2.3023
-0.00299758 2.25779
-0.00297213 2.21328
-0.00294669 2.16878
-0.00292124 2.12427
-0.0028958 2.07976
-0.00287035 2.03525
-0.00284491 1.99075
-0.00281946 1.94624
-0.00279402 1.90173
-0.00276857 1.85722
-0.00274313 1.81271
-0.00271768 1.76821
-0.00269224 1.7237
-0.00266679 1.67919
-0.00264135 1.63468
-0.0026159 1.59018
-0.00259046 1.54567
-0.00256501 1.50116
-0.00253957 1.45665
-0.00251412 1.41214
-0.00248868 1.36764
-0.00246323 1.32313
-0.00243779 1.27862
-0.00241234 1.23411
-0.0023869 1.18961
-0.00236145 1.1451
-0.00233601 1.10059
-0.00231056 1.05608
-0.00228512 1.01157
-0.00225967 0.967067
-0.00223423 0.922559
-0.00220878 0.878051
-0.00218334 0.833543
-0.00215789 0.789036
-0.00213245 0.744528
-0.002107 0.70002
-0.00208156 0.655512
-0.00205611 0.611005
-0.00203066 0.566497
-0.00200522 0.521989
-0.00197977 0.477481
-0.00195433 0.432974
-0.00192888 0.388466
-0.00190344 0.343958
-0.00187799 0.29945
-0.00185255 0.254943
-0.0018271 0.210435
-0.00180166 0.165927
-0.00177621 0.121419
-0.00175077 0.0769114
-0.00172532 0.0324037
-0.0017 0
-0.001675 0
-0.00165 0
-0.001625 0
-0.0016 0
-0.001575 0
-0.00155 0
-0.001525 0
-0.0015 0
-0.001475 0
-0.00145 0
-0.001425 0
-0.0014 0
-0.001375 0
-0.00135 0
-0.001325 0
-0.0013 0
-0.001275 0
-0.00125 0
-0.001225 0
-0.0012 0
-0.001175 0
-0.00115 0
-0.001125 0
-0.0011 0
-0.001075 0
-0.00105 0
-0.001025 0
-0.001 0
-0.000975 0
-0.00095 0
-0.000925 0
-0.0009 0
-0.000875 0
-0.00085 0
-0.000825 0
-0.0008 0
-0.000775 0
-0.00075 0
-0.000725 0
-0.0007 0
-0.000675 0
-0.00065 0
-0.000625 0
-0.0006 0
-0.000575 0
-0.00055 0
-0.000525 0
-0.0005 0
-0.000475 0
-0.00045 0
-0.000425 0
-0.0004 0
-0.000375 0
-0.00035 0
-0.000325 0
-0.0003 0
-0.000275 0
-0.00025 0
-0.000225 0
-0.0002 0
-0.000175 0
-0.00015 0
-0.000125 0
-0.0001 0
-7.5e-05 0
-5e-05 0
-2.5e-05 0
-6.09864e-20 0
2.5e-05 0
5e-05 0
7.5e-05 0
0.0001 0
0.000125 0
0.00015 0
0.000175 0
0.0002 0
0.000225 0
0.00025 0
0.000275 0
0.0003 0
0.000325 0
0.00035 0
0.000375 0
0.0004 0
0.000425 0
0.00045 0
0.000475 0
0.0005 0
0.000475 0
0.00045 0
0.000425 0
0.0004 0
0.000375 0
0.00035 0
0.000325 0
0.0003 0
0.000275 0
0.00025 0
0.000225 0
0.0002 0
0.000175 0
0.00015 0
0.000125 0
0.0001 0
7.5e-05 0
5e-05 0
2.5e-05 0
-4.74338e-20 0
-2.5e-05 0
-5e-05 0
-7.5e-05 0
-0.0001 0
-0.000125 0
-0.00015 0
-0.000175 0
-0.0002 0
-0.000225 0
-0.00025 0
-0.000275 0
-0.0003 0
-0.000325 0
-0.00035 0
-0.000375 0
-0.0004 0
-0.000425 0
-0.00045 0
-0.000475 0
-0.0005 0
-0.000525 0
-0.00055 0
-0.000575 0
-0.0006 0
-0.000625 0
-0.00065 0
-0.000675 0
-0.0007 0
-0.000725 0
-0.00075 0
-0.000775 0
-0.0008 0
-0.000825 0
-0.00085 0
-0.000875 0
-0.0009 0
-0.000925 0
-0.00095 0
-0.000975 0
-0.001 0
-0.001025 0
-0.00105 0
-0.001075 0
-0.0011 0
-0.001125 0
-0.00115 0
-0.001175 0
-0.0012 0
-0.001225 0
-0.00125 0
-0.001275 0
-0.0013 0
-0.001325 0
-0.00135 0
-0.001375 0
-0.0014 0
-0.001425 0
-0.00145 0
-0.001475 0
-0.0015 0
-0.001525 0
-0.00155 0
-0.001575 0
-0.0016 0
-0.001625 0
-0.00165 0
-0.001675 0
-0.0017 0
-0.00172564 0.0636738
-0.00175151 0.151132
-0.00177739 0.238591
-0.00180326 0.326049
-0.00182914 0.413508
-0.00185501 0.500966
-0.00188088 0.588425
-0.00190676 0.675883
-0.00193263 0.763342
-0.00195851 0.8508
-0.00198438 0.938259
-0.00201026 1.02572
-0.00203613 1.11318
-0.00206201 1.20063
-0.00208788 1.28809
-0.00211376 1.37555
-0.00213963 1.46301
-0.0021655 1.55047
-0.00219138 1.63793
-0.00221725 1.72539
-0.00224313 1.81284
-0.002269 1.9003
-0.00229488 1.98776
-0.00232075 2.07522
-0.00234663 2.16268
-0.0023725 2.25014
-0.00239838 2.33759
-0.00242425 2.42505
-0.00245013 2.51251
-0.002476 2.59997
-0.00250187 2.68743
-0.00252775 2.77489
-0.00255362 2.86235
-0.0025795 2.9498
-0.00260537 3.03726
-0.00263125 3.12472
-0.00265712 3.21218
-0.002683 3.29964
-0.00270887 3.3871
-0.00273475 3.47456
-0.00276062 3.56201
-0.00278649 3.64947
-0.00281237 3.73693
-0.00283824 3.82439
-0.00286412 3.91185
-0.00288999 3.99931
-0.00291587 4.08676
-0.00294174 4.17422
-0.00296762 4.26168
-0.00299349 4.34914
-0.00301937 4.4366
-0.00304524 4.52406
-0.00307112 4.61152
-0.00309699 4.69897
-0.00312286 4.78643
-0.00314874 4.87389
-0.00317461 4.96135
-0.00320049 5.04881
-0.00322636 5.13627
-0.00325224 5.22373
-0.00327811 5.31118
-0.00330399 5.39864
-0.00332986 5.4861
-0.00335574 5.57356
-0.00338161 5.66102
-0.00340748 5.74848
-0.00343336 5.83593
-0.00345923 5.92339
-0.00348511 6.01085
-0.00351098 6.09831
-0.00353686 6.18577
-0.00356273 6.27323
-0.00358861 6.36069
-0.00361448 6.44814
-0.00364036 6.5356
-0.00366623 6.62306
-0.00369211 6.71052
-0.00371798 6.79798
-0.00374385 6.88544
-0.00376973 6.9729
-0.0037956 7.06035
-0.00382148 7.14781
-0.00384735 7.23527
-0.00387323 7.32273
-0.0038991 7.41019
-0.00392498 7.49765
-0.00395085 7.5851
-0.00397673 7.67256
-0.0040026 7.76002
-0.00402847 7.84748
-0.00405435 7.93494
-0.00408022 8.0224
-0.0041061 8.10986
-0.00413197 8.19731
-0.00415785 8.28477
-0.00418372 8.37223
-0.0042096 8.45969
-0.00423547 8.54715
-0.00426135 8.63461
-0.00428722 8.72207
-0.0043131 8.80952
-0.00433897 8.89698
-0.00436484 8.98444
-0.00439072 9.0719
-0.00441659 9.15936
-0.00444247 9.24682
-0.00446834 9.33427
-0.00449422 9.42173
-0.00452009 9.50919
-0.00454597 9.59665
-0.00457184 9.68411
-0.00459772 9.77157
-0.00462359 9.85903
-0.00464946 9.94648
-0.00467534 10.0339
-0.00470121 10.1214
-0.00472709 10.2089
-0.00475296 10.2963
-0.00477884 10.3838
-0.00480471 10.4712
-0.00483059 10.5587
-0.00485646 10.6462
-0.00488234 10.7336
-0.00490821 10.8211
-0.00493409 10.9085
-0.00495996 10.996
-0.00498583 11.0834
-0.00501171 11.1709
-0.00503758 11.2584
-0.00506346 11.3458
-0.00508933 11.4333
-0.00511521 11.5207
-0.00513929 11.4286
-0.00516336 11.3364
-0.00518744 11.2442
-0.00521152 11.1521
-0.0052356 11.0599
-0.00525968 10.9677
-0.00528376 10.8756
-0.00530783 10.7834
-0.00533191 10.6912
-0.00535599 10.5991
-0.00538007 10.5069
-0.00540415 10.4147
-0.00542823 10.3226
-0.0054523 10.2304
-0.00547638 10.1382
-0.00550046 10.0461
-0.00552454 9.95392
-0.00554862 9.86175
-0.0055727 9.76959
-0.00559677 9.67742
-0.00562085 9.58525
-0.00564493 9.49309
-0.00566901 9.40092
-0.00569309 9.30876
-0.00571717 9.21659
-0.00574124 9.12442
-0.00576532 9.03226
-0.0057894 8.94009
-0.00581348 8.84793
-0.00583756 8.75576
-0.00586164 8.66359
-0.00588571 8.57143
-0.00590979 8.47926
-0.00593387 8.3871
-0.00595795 8.29493
-0.00598203 8.20276
-0.00600611 8.1106
-0.00603018 8.01843
-0.00605426 7.92627
-0.00607834 7.8341
-0.00610242 7.74194
-0.0061265 7.64977
-0.00615058 7.5576
-0.00617465 7.46544
-0.00619873 7.37327
-0.00622281 7.28111
-0.00624689 7.18894
-0.00627097 7.09677
-0.00629505 7.00461
-0.00631912 6.91244
-0.00629068 6.56761
-0.00626223 6.22279
-0.00623378 5.87796
-0.00620533 5.53313
-0.00617688 5.1883
-0.00614843 4.84348
-0.00611999 4.49865
-0.00609154 4.15382
-0.00606309 3.80899
-0.00603464 3.46417
-0.00600691 3.19084
-0.00598163 3.16325
-0.00595636 3.13565
-0.00593108 3.10806
-0.0059058 3.08047
-0.00588053 3.05287
-0.00585525 3.02528
-0.00582998 2.99769
-0.0058047 2.97009
-0.00577943 2.9425
-0.00575415 2.91491
-0.00572887 2.88731
-0.0057036 2.85972
-0.00567832 2.83213
-0.00565305 2.80453
-0.00562777 2.77694
-0.00560249 2.74935
-0.00557722 2.72175
-0.00555194 2.69416
-0.00552667 2.66657
-0.00550139 2.63897
-0.00547611 2.61138
-0.00545084 2.58379
-0.00542556 2.55619
-0.00540029 2.5286
-0.00537501 2.50101
-0.00534973 2.47341
-0.00532446 2.44582
-0.00529918 2.41823
-0.00527391 2.39063
-0.00524863 2.36304
-0.00522335 2.33545
-0.00519808 2.30785
-0.0051728 2.28026
-0.00514753 2.25267
-0.00512225 2.22507
-0.00509697 2.19748
-0.0050717 2.16989
-0.00504642 2.14229
-0.00502115 2.1147
-0.00499587 2.08711
-0.0049706 2.05951
-0.00494532 2.03192
-0.00492004 2.00432
-0.00489477 1.97673
-0.00486949 1.94914
-0.00484422 1.92154
-0.00481894 1.89395
-0.00479366 1.86636
-0.00476839 1.83876
-0.00474311 1.81117
-0.00471784 1.78358
-0.00469256 1.75598
-0.00466728 1.72839
-0.00464201 1.7008
-0.00461673 1.6732
-0.00459146 1.64561
-0.00456618 1.61802
-0.0045409 1.59042
-0.00451563 1.56283
-0.00449035 1.53524
-0.00446508 1.50764
-0.0044398 1.48005
-0.00441452 1.45246
-0.00438925 1.42486
-0.00436397 1.39727
-0.0043387 1.36968
-0.00431342 1.34208
-0.00428814 1.31449
-0.00426287 1.2869
-0.00423759 1.2593
-0.00421232 1.23171
-0.00418704 1.20412
-0.00416177 1.17652
-0.00413649 1.14893
-0.00411121 1.12134
-0.00408594 1.09374
-0.00406066 1.06615
-0.00403539 1.03856
-0.00401011 1.01096
-0.00398483 0.983369
-0.00395956 0.955776
-0.00393428 0.928182
-0.00390901 0.900589
-0.00388373 0.872995
-0.00385845 0.845402
-0.00383318 0.817808
-0.0038079 0.790215
-0.00378263 0.762622
-0.00375735 0.735028
-0.00373207 0.707435
-0.0037068 0.679841
-0.00368152 0.652248
-0.00365625 0.624655
-0.00363097 0.597061
-0.00360569 0.569468
-0.00358042 0.541874
-0.00355514 0.514281
-0.00352987 0.486688
-0.00350459 0.459094
-0.00347932 0.431501
-0.00345404 0.403907
-0.00342876 0.376314
-0.00340349 0.348721
-0.00337821 0.321127
-0.00335294 0.293534
-0.00332766 0.26594
-0.00330238 0.238347
-0.00327711 0.210754
-0.00325183 0.18316
-0.00322656 0.155567
-0.00320128 0.127973
-0.003176 0.10038
-0.00315073 0.0727866
-0.00312545 0.0451932
-0.00310018 0.0175997
-0.003075 0
-0.00305 0
-0.003025 0
-0.003 0
-0.002975 0
-0.00295 0
-0.002925 0
-0.0029 0
-0.002875 0
-0.00285 0
-0.002825 0
-0.0028 0
-0.002775 0
-0.00275 0
-0.002725 0
-0.0027 0
-0.002675 0
-0.00265 0
-0.002625 0
-0.0026 0
-0.002575 0
-0.00255 0
-0.002525 0
-0.0025 0
-0.002475 0
-0.00245 0
-0.002425 0
-0.0024 0
-0.002375 0
-0.00235 0
-0.002325 0
-0.0023 0
-0.002275 0
-0.00225 0
-0.002225 0
-0.0022 0
-0.002175 0
-0.00215 0
-0.002125 0
-0.0021 0
-0.002075 0
-0.00205 0
-0.002025 0
-0.002 0
-0.001975 0
-0.00195 0
-0.001925 0
-0.0019 0
-0.001875 0
-0.00185 0
-0.001825 0
-0.0018 0
-0.001775 0
-0.00175 0
-0.001725 0
-0.0017 0
-0.001675 0
-0.00165 0
-0.001625 0
-0.0016 0
-0.001575 0
-0.00155 0
-0.001525 0
-0.0015 0
-0.001475 0
-0.00145 0
-0.001425 0
-0.0014 0
-0.001375 0
-0.00135 0
-0.001325 0
-0.0013 0
-0.001275 0
-0.00125 0
-0.001225 0
-0.0012 0
-0.001175 0
-0.00115 0
-0.001125 0
-0.0011 0
-0.001075 0
-0.00105 0
-0.001025 0
-0.001 0
-0.000975 0
-0.00095 0
-0.000925 0
-0.0009 0
-0.000875 0
-0.00085 0
-0.000825 0
-0.0008 0
-0.000775 0
-0.00075 0
-0.000725 0
-0.0007 0
-0.000675 0
-0.00065 0
-0.000625 0
-0.0006 0
-0.000575 0
-0.00055 0
-0.000525 0
-0.0005 0
-0.000475 0
-0.00045 0
-0.000425 0
-0.0004 0
-0.000375 0
-0.00035 0
-0.000325 0
-0.0003 0
-0.000275 0
-0.00025 0
-0.000225 0
-0.0002 0
-0.000175 0
-0.00015 0
-0.000125 0
-0.0001 0
-7.5e-05 0
-5e-05 0
-2.5e-05 0
-6.09864e-20 0
2.5e-05 0
5e-05 0
7.5e-05 0
0.0001 0
0.000125 0
0.00015 0
0.000175 0
0.0002 0
0.000225 0
0.00025 0
0.000275 0
0.0003 0
0.000325 0
0.00035 0
0.000375 0
0.0004 0
0.000425 0
0.00045 0
0.000475 0
0.0005 0
0.000525 0
0.00055 0
0.000575 0
0.0006 0
0.000625 0
0.0006 0
0.000575 0
0.00055 0
0.000525 0
0.0005 0
0.000475 0
0.00045 0
0.000425 0
0.0004 0
0.000375 0
0.00035 0
0.000325 0
0.0003 0
0.000275 0
0.00025 0
0.000225 0
0.0002 0
0.000175 0
0.00015 0
0.000125 0
0.0001 0
7.5e-05 0
5e-05 0
2.5e-05 0
-4.74338e-20 0
-2.5e-05 0
-5e-05 0
-7.5e-05 0
-0.0001 0
-0.000125 0
-0.00015 0
-0.000175 0
-0.0002 0
-0.000225 0
-0.00025 0
-0.000275 0
-0.0003 0
-0.000325 0
-0.00035 0
-0.000375 0
-0.0004 0
-0.000425 0
-0.00045 0
-0.000475 0
-0.0005 0
-0.000525 0
-0.00055 0
-0.000575 0
-0.0006 0
-0.000625 0
-0.00065 0
-0.000675 0
-0.0007 0
-0.000725 0
-0.00075 0
-0.000775 0
-0.0008 0
-0.000825 0
-0.00085 0
-0.000875 0
-0.0009 0
-0.000925 0
-0.00095 0
-0.000975 0
-0.001 0
-0.001025 0
-0.00105 0
-0.001075 0
-0.0011 0
-0.001125 0
-0.00115 0
-0.001175 0
-0.0012 0
-0.001225 0
-0.00125 0
-0.001275 0
-0.0013 0
-0.001325 0
-0.00135 0
-0.001375 0
-0.0014 0
-0.001425 0
-0.00145 0
-0.001475 0
-0.0015 0
-0.001525 0
-0.00155 0
-0.001575 0
-0.0016 0
-0.001625 0
-0.00165 0
-0.001675 0
-0.0017 0
-0.001725 0
-0.00175 0
-0.001775 0
-0.0018 0
-0.001825 0
-0.00185 0
-0.001875 0
-0.0019 0
-0.001925 0
-0.00195 0
-0.001975 0
-0.002 0
-0.002025 0
-0.00205 0
-0.002075 0
-0.0021 0
-0.002125 0
-0.00215 0
-0.002175 0
-0.0022 0
-0.002225 0
-0.00225 0
-0.002275 0
-0.0023 0
-0.002325 0
-0.00235 0
-0.002375 0
-0.0024 0
-0.002425 0
-0.00245 0
-0.002475 0
-0.0025 0
-0.002525 0
-0.00255 0
-0.002575 0
-0.0026 0
-0.002625 0
-0.00265 0
-0.002675 0
-0.0027 0
-0.002725 0
-0.00275 0
-0.002775 0
-0.0028 0
-0.002825 0
-0.00285 0
-0.002875 0
-0.0029 0
-0.002925 0
-0.00295 0
-0.002975 0
-0.003 0
-0.003025 0
-0.00305 0
-0.003075 0
-0.00310035 0.0348152
-0.00312589 0.0893996
-0.00315144 0.143984
-0.00317699 0.198568
-0.00320253 0.253153
-0.00322808 0.307737
-0.00325362 0.362321
-0.00327917 0.416906
-0.00330471 0.47149
-0.00333026 0.526074
-0.00335581 0.580659
-0.00338135 0.635243
-0.0034069 0.689827
-0.00343244 0.744412
-0.00345799 0.798996
-0.00348354 0.85358
-0.00350908 0.908165
-0.00353463 0.962749
-0.00356017 1.01733
-0.00358572 1.07192
-0.00361127 1.1265
-0.00363681 1.18109
-0.00366236 1.23567
-0.0036879 1.29026
-0.00371345 1.34484
-0.00373899 1.39942
-0.00376454 1.45401
-0.00379009 1.50859
-0.00381563 1.56318
-0.00384118 1.61776
-0.00386672 1.67235
-0.00389227 1.72693
-0.00391782 1.78151
-0.00394336 1.8361
-0.00396891 1.89068
-0.00399445 1.94527
-0.00402 1.99985
-0.00404554 2.05444
-0.00407109 2.10902
-0.00409664 2.1636
-0.00412218 2.21819
-0.00414773 2.27277
-0.00417327 2.32736
-0.00419882 2.38194
-0.00422437 2.43653
-0.00424991 2.49111
-0.00427546 2.54569
-0.004301 2.60028
-0.00432655 2.65486
-0.00435209 2.70945
-0.00437764 2.76403
-0.00440319 2.81862
-0.00442873 2.8732
-0.00445428 2.92779
-0.00447982 2.98237
-0.00450537 3.03695
-0.00453092 3.09154
-0.00455646 3.14612
-0.00458201 3.20071
-0.00460755 3.25529
-0.0046331 3.30988
-0.00465864 3.36446
-0.00468419 3.41904
-0.00470974 3.47363
-0.00473528 3.52821
-0.00476083 3.5828
-0.00478637 3.63738
-0.00481192 3.69197
-0.00483747 3.74655
-0.00486301 3.80113
-0.00488856 3.85572
-0.0049141 3.9103
-0.00493965 3.96489
-0.00496519 4.01947
-0.00499074 4.07406
-0.00501629 4.12864
-0.00504183 4.18323
-0.00506738 4.23781
-0.00509292 4.29239
-0.00511847 4.34698
-0.00514402 4.40156
-0.00516956 4.45615
-0.00519511 4.51073
-0.00522065 4.56532
-0.0052462 4.6199
-0.00527174 4.67448
-0.00529729 4.72907
-0.00532284 4.78365
-0.00534838 4.83824
-0.00537393 4.89282
-0.00539947 4.94741
-0.00542502 5.00199
-0.00545057 5.05657
-0.00547611 5.11116
-0.00550166 5.16574
-0.0055272 5.22033
-0.00555275 5.27491
-0.00557829 5.3295
-0.00560384 5.38408
-0.00562939 5.43867
-0.00565493 5.49325
-0.00568048 5.54783
-0.00570602 5.60242
-0.00573157 5.657
-0.00575712 5.71159
-0.00578266 5.76617
-0.00580821 5.82076
-0.00583375 5.87534
-0.0058593 5.92992
-0.00588485 5.98451
-0.00591039 6.03909
-0.00593594 6.09368
-0.00596148 6.14826
-0.00598703 6.20285
-0.00601257 6.25743
-0.00603812 6.31201
-0.00606367 6.3666
-0.00608921 6.42118
-0.00611476 6.47577
-0.0061403 6.53035
-0.00616585 6.58494
-0.0061914 6.63952
-0.00621694 6.69411
-0.00624249 6.74869
-0.00626803 6.80327
-0.00629358 6.85786
-0.00631912 6.91244
-0.0063432 6.82028
-0.00636728 6.72811
-0.00639136 6.63594
-0.00641544 6.54378
-0.00643952 6.45161
-0.00646359 6.35945
-0.00648767 6.26728
-0.00651175 6.17512
-0.00653583 6.08295
-0.00655991 5.99078
-0.00658399 5.89862
-0.00660806 5.80645
-0.00663214 5.71429
-0.00665622 5.62212
-0.0066803 5.52995
-0.00670438 5.43779
-0.00672846 5.34562
-0.00675253 5.25346
-0.00677661 5.16129
-0.00680069 5.06912
-0.00682477 4.97696
-0.00684885 4.88479
-0.00687293 4.79263
-0.006897 4.70046
-0.00692108 4.60829
-0.00694516 4.51613
-0.00696924 4.42396
-0.00699332 4.3318
-0.0070174 4.23963
-0.00704147 4.14747
-0.00706555 4.0553
-0.00709 4
-0.007115 4
-0.00714 4
-0.007165 4
-0.00719 4
-0.007215 4
-0.00724 4
-0.007265 4
-0.00729 4
-0.007315 4
-0.00734 4
-0.007365 4
-0.00739 4
-0.007415 4
-0.00744 4
-0.007465 4
-0.00749 4
-0.007515 4
-0.00754 4
-0.00751155 3.65517
-0.0074831 3.31034
-0.00745466 2.96552
-0.00742621 2.62069
-0.00739776 2.27586
-0.00736931 1.93103
-0.00734384 1.88404
-0.00731865 1.86534
-0.00729347 1.84663
-0.00726828 1.82793
-0.00724309 1.80923
-0.00721791 1.79052
-0.00719272 1.77182
-0.00716753 1.75312
-0.00714234 1.73441
-0.00711716 1.71571
-0.00709197 1.69701
-0.00706678 1.6783
-0.0070416 1.6596
-0.00701641 1.6409
-0.00699122 1.62219
-0.00696603 1.60349
-0.00694085 1.58479
-0.00691566 1.56608
-0.00689047 1.54738
-0.00686529 1.52868
-0.0068401 1.50998
-0.00681491 1.49127
-0.00678973 1.47257
-0.00676454 1.45387
-0.00673935 1.43516
-0.00671416 1.41646
-0.00668898 1.39776
-0.00666379 1.37905
-0.0066386 1.36035
-0.00661342 1.34165
-0.00658823 1.32294
-0.00656304 1.30424
-0.00653786 1.28554
-0.00651267 1.26683
-0.00648748 1.24813
-0.00646229 1.22943
-0.00643711 1.21072
-0.00641192 1.19202
-0.00638673 1.17332
-0.00636155 1.15461
-0.00633636 1.13591
-0.00631117 1.11721
-0.00628599 1.0985
-0.0062608 1.0798
-0.00623561 1.0611
-0.00621042 1.04239
-0.00618524 1.02369
-0.00616005 1.00499
-0.00613486 0.986284
-0.00610968 0.967581
-0.00608449 0.948878
-0.0060593 0.930175
-0.00603411 0.911471
-0.00600893 0.892768
-0.00598374 0.874065
-0.00595855 0.855362
-0.00593337 0.836658
-0.00590818 0.817955
-0.00588299 0.799252
-0.00585781 0.780549
-0.00583262 0.761845
-0.00580743 0.743142
-0.00578224 0.724439
-0.00575706 0.705736
-0.00573187 0.687032
-0.00570668 0.668329
-0.0056815 0.649626
-0.00565631 0.630923
-0.00563112 0.612219
-0.00560594 0.593516
-0.00558075 0.574813
-0.00555556 0.55611
-0.00553037 0.537406
-0.00550519 0.518703
-0.00548 0.5
-0.00545481 0.481297
-0.00542963 0.462594
-0.00540444 0.44389
-0.00537925 0.425187
-0.00535406 0.406484
-0.00532888 0.387781
-0.00530369 0.369077
-0.0052785 0.350374
-0.00525332 0.331671
-0.00522813 0.312968
-0.00520294 0.294264
-0.00517776 0.275561
-0.00515257 0.256858
-0.00512738 0.238155
-0.00510219 0.219451
-0.00507701 0.200748
-0.00505182 0.182045
-0.00502663 0.163342
-0.00500145 0.144638
-0.00497626 0.125935
-0.00495107 0.107232
-0.00492589 0.0885287
-0.0049007 0.0698254
-0.00487551 0.0511222
-0.00485032 0.032419
-0.00482514 0.0137157
-0.0048 0
-0.004775 0
-0.00475 0
-0.004725 0
-0.0047 0
-0.004675 0
-0.00465 0
-0.004625 0
-0.0046 0
-0.004575 0
-0.00455 0
-0.004525 0
-0.0045 0
-0.004475 0
-0.00445 0
-0.004425 0
-0.0044 0
-0.004375 0
-0.00435 0
-0.004325 0
-0.0043 0
-0.004275 0
-0.00425 0
-0.004225 0
-0.0042 0
-0.004175 0
-0.00415 0
-0.004125 0
-0.0041 0
-0.004075 0
-0.00405 0
-0.004025 0
-0.004 0
-0.003975 0
-0.00395 0
-0.003925 0
-0.0039 0
-0.003875 0
-0.00385 0
-0.003825 0
-0.0038 0
-0.003775 0
-0.00375 0
-0.003725 0
-0.0037 0
-0.003675 0
-0.00365 0
-0.003625 0
-0.0036 0
-0.003575 0
-0.00355 0
-0.003525 0
-0.0035 0
-0.003475 0
-0.00345 0
-0.003425 0
-0.0034 0
-0.003375 0
-0.00335 0
-0.003325 0
-0.0033 0
-0.003275 0
-0.00325 0
-0.003225 0
-0.0032 0
-0.003175 0
-0.00315 0
-0.003125 0
-0.0031 0
-0.003075 0
-0.00305 0
-0.003025 0
-0.003 0
-0.002975 0
-0.00295 0
-0.002925 0
-0.0029 0
-0.002875 0
-0.00285 0
-0.002825 0
-0.0028 0
-0.002775 0
-0.00275 0
-0.002725 0
-0.0027 0
-0.002675 0
-0.00265 0
-0.002625 0
-0.0026 0
-0.002575 0
-0.00255 0
-0.002525 0
-0.0025 0
-0.002475 0
-0.00245 0
-0.002425 0
-0.0024 0
-0.002375 0
-0.00235 0
-0.002325 0
-0.0023 0
-0.002275 0
-0.00225 0
-0.002225 0
-0.0022 0
-0.002175 0
-0.00215 0
-0.002125 0
-0.0021 0
-0.002075 0
-0.00205 0
-0.002025 0
-0.002 0
-0.001975 0
-0.00195 0
-0.001925 0
-0.0019 0
-0.001875 0
-0.00185 0
-0.001825 0
-0.0018 0
-0.001775 0
-0.00175 0
-0.001725 0
-0.0017 0
-0.001675 0
-0.00165 0
-0.001625 0
-0.0016 0
-0.001575 0
-0.00155 0
-0.001525 0
-0.0015 0
-0.001475 0
-0.00145 0
-0.001425 0
-0.0014 0
-0.001375 0
-0.00135 0
-0.001325 0
-0.0013 0
-0.001275 0
-0.00125 0
-0.001225 0
-0.0012 0
-0.001175 0
-0.00115 0
-0.001125 0
-0.0011 0
-0.001075 0
-0.00105 0
-0.001025 0
-0.001 0
-0.000975 0
-0.00095 0
-0.000925 0
-0.0009 0
-0.000875 0
-0.00085 0
-0.000825 0
-0.0008 0
-0.000775 0
-0.00075 0
-0.000725 0
-0.0007 0
-0.000675 0
-0.00065 0
-0.000625 0
-0.0006 0
-0.000575 0
-0.00055 0
-0.000525 0
-0.0005 0
-0.000475 0
-0.00045 0
-0.000425 0
-0.0004 0
-0.000375 0
-0.00035 0
-0.000325 0
-0.0003 0
-0.000275 0
-0.00025 0
-0.000225 0
-0.0002 0
-0.000175 0
-0.00015 0
-0.000125 0
-0.0001 0
-7.5e-05 0
-5e-05 0
-2.5e-05 0
-6.09864e-20 0
2.5e-05 0
5e-05 0
7.5e-05 0
0.0001 0
0.000125 0
0.00015 0
0.000175 0
0.0002 0
0.000225 0
0.00025 0
0.000275 0
0.0003 0
0.000325 0
0.00035 0
0.000375 0
0.0004 0
0.000425 0
0.00045 0
0.000475 0
0.0005 0
0.000525 0
0.00055 0
0.000575 0
0.0006 0
0.000625 0
0.00065 0
0.000675 0
0.0007 0
0.000725 0
0.00075 0
0.000725 0
0.0007 0
0.000675 0
0.00065 0
0.000625 0
0.0006 0
0.000575 0
0.00055 0
0.000525 0
0.0005 0
0.000475 0
0.00045 0
0.000425 0
0.0004 0
0.000375 0
0.00035 0
0.000325 0
0.0003 0
0.000275 0
0.00025 0
0.000225 0
0.0002 0
0.000175 0
0.00015 0
0.000125 0
0.0001 0
7.5e-05 0
5e-05 0
2.5e-05 0
-4.74338e-20 0
-2.5e-05 0
-5e-05 0
-7.5e-05 0
-0.0001 0
-0.000125 0
-0.00015 0
-0.000175 0
-0.0002 0
-0.000225 0
-0.00025 0
-0.000275 0
-0.0003 0
-0.000325 0
-0.00035 0
-0.000375 0
-0.0004 0
-0.000425 0
-0.00045 0
-0.000475 0
-0.0005 0
-0.000525 0
-0.00055 0
-0.000575 0
-0.0006 0
-0.000625 0
-0.00065 0
-0.000675 0
-0.0007 0
-0.000725 0
-0.00075 0
-0.000775 0
-0.0008 0
-0.000825 0
-0.00085 0
-0.000875 0
-0.0009 0
-0.000925 0
-0.00095 0
-0.000975 0
-0.001 0
-0.001025 0
-0.00105 0
-0.001075 0
-0.0011 0
-0.001125 0
-0.00115 0
-0.001175 0
-0.0012 0
-0.001225 0
-0.00125 0
-0.001275 0
-0.0013 0
-0.001325 0
-0.00135 0
-0.001375 0
-0.0014 0
-0.001425 0
-0.00145 0
-0.001475 0
-0.0015 0
-0.001525 0
-0.00155 0
-0.001575 0
-0.0016 0
-0.001625 0
-0.00165 0
-0.001675 0
-0.0017 0
-0.001725 0
-0.00175 0
-0.001775 0
-0.0018 0
-0.001825 0
-0.00185 0
-0.001875 0
-0.0019 0
-0.001925 0
-0.00195 0
-0.001975 0
-0.002 0
-0.002025 0
-0.00205 0
-0.002075 0
-0.0021 0
-0.002125 0
-0.00215 0
-0.002175 0
-0.0022 0
-0.002225 0
-0.00225 0
-0.002275 0
-0.0023 0
-0.002325 0
-0.00235 0
-0.002375 0
-0.0024 0
-0.002425 0
-0.00245 0
-0.002475 0
-0.0025 0
-0.002525 0
-0.00255 0
-0.002575 0
-0.0026 0
-0.002625 0
-0.00265 0
-0.002675 0
-0.0027 0
-0.002725 0
-0.00275 0
-0.002775 0
-0.0028 0
-0.002825 0
-0.00285 0
-0.002875 0
-0.0029 0
-0.002925 0
-0.00295 0
-0.002975 0
-0.003 0
-0.003025 0
-0.00305 0
-0.003075 0
-0.0031 0
-0.003125 0
-0.00315 0
-0.003175 0
-0.0032 0
-0.003225 0
-0.00325 0
-0.003275 0
-0.0033 0
-0.003325 0
-0.00335 0
-0.003375 0
-0.0034 0
-0.003425 0
-0.00345 0
-0.003475 0
-0.0035 0
-0.003525 0
-0.00355 0
-0.003575 0
-0.0036 0
-0.003625 0
-0.00365 0
-0.003675 0
-0.0037 0
-0.003725 0
-0.00375 0
-0.003775 0
-0.0038 0
-0.003825 0
-0.00385 0
-0.003875 0
-0.0039 0
-0.003925 0
-0.00395 0
-0.003975 0
-0.004 0
-0.004025 0
-0.00405 0
-0.004075 0
-0.0041 0
-0.004125 0
-0.00415 0
-0.004175 0
-0.0042 0
-0.004225 0
-0.00425 0
-0.004275 0
-0.0043 0
-0.004325 0
-0.00435 0
-0.004375 0
-0.0044 0
-0.004425 0
-0.00445 0
-0.004475 0
-0.0045 0
-0.004525 0
-0.00455 0
-0.004575 0
-0.0046 0
-0.004625 0
-0.00465 0
-0.004675 0
-0.0047 0
-0.004725 0
-0.00475 0
-0.004775 0
-0.0048 0
-0.00482527 0.0272277
-0.00485064 0.0643564
-0.00487601 0.101485
-0.00490139 0.138614
-0.00492676 0.175743
-0.00495213 0.212871
-0.0049775 0.25
-0.00500287 0.287129
-0.00502824 0.324257
-0.00505361 0.361386
-0.00507899 0.398515
-0.00510436 0.435644
-0.00512973 0.472772
-0.0051551 0.509901
-0.00518047 0.54703
-0.00520584 0.584158
-0.00523121 0.621287
-0.00525658 0.658416
-0.00528196 0.695545
-0.00530733 0.732673
-0.0053327 0.769802
-0.00535807 0.806931
-0.00538344 0.844059
-0.00540881 0.881188
-0.00543418 0.918317
-0.00545955 0.955446
-0.00548493 0.992574
-0.0055103 1.0297
-0.00553567 1.06683
-0.00556104 1.10396
-0.00558641 1.14109
-0.00561178 1.17822
-0.00563715 1.21535
-0.00566252 1.25248
-0.0056879 1.2896
-0.00571327 1.32673
-0.00573864 1.36386
-0.00576401 1.40099
-0.00578938 1.43812
-0.00581475 1.47525
-0.00584012 1.51238
-0.0058655 1.5495
-0.00589087 1.58663
-0.00591624 1.62376
-0.00594161 1.66089
-0.00596698 1.69802
-0.00599235 1.73515
-0.00601772 1.77228
-0.00604309 1.80941
-0.00606847 1.84653
-0.00609384 1.88366
-0.00611921 1.92079
-0.00614458 1.95792
-0.00616995 1.99505
-0.00619532 2.03218
-0.00622069 2.06931
-0.00624606 2.10644
-0.00627144 2.14356
-0.00629681 2.18069
-0.00632218 2.21782
-0.00634755 2.25495
-0.00637292 2.29208
-0.00639829 2.32921
-0.00642366 2.36634
-0.00644903 2.40347
-0.00647441 2.44059
-0.00649978 2.47772
-0.00652515 2.51485
-0.00655052 2.55198
-0.00657589 2.58911
-0.00660126 2.62624
-0.00662663 2.66337
-0.006652 2.7005
-0.00667738 2.73762
-0.00670275 2.77475
-0.00672812 2.81188
-0.00675349 2.84901
-0.00677886 2.88614
-0.00680423 2.92327
-0.0068296 2.9604
-0.00685498 2.99752
-0.00688035 3.03465
-0.00690572 3.07178
-0.00693109 3.10891
-0.00695646 3.14604
-0.00698183 3.18317
-0.0070072 3.2203
-0.00703257 3.25743
-0.00705795 3.29455
-0.00708332 3.33168
-0.00710869 3.36881
-0.00713406 3.40594
-0.00715943 3.44307
-0.0071848 3.4802
-0.00721017 3.51733
-0.00723554 3.55446
-0.00726092 3.59158
-0.00728629 3.62871
-0.00731166 3.66584
-0.00733703 3.70297
-0.0073624 3.7401
-0.00738777 3.77723
-0.00741314 3.81436
-0.00743851 3.85149
-0.00746389 3.88861
-0.00748926 3.92574
-0.00751463 3.96287
-0.00754 4
-0.007565 4
-0.00759 4
-0.007615 4
-0.00764 4
-0.007665 4
-0.00769 4
-0.007715 4
-0.00774 4
-0.007765 4
-0.00779 4
-0.007815 4
-0.00784 4
-0.007865 4
-0.00789 4
-0.007915 4
-0.00794 4
-0.007965 4
-0.00799 4
-0.008015 4
-0.00804 4
-0.008065 4
-0.00809 4
-0.008115 4
-0.00814 4
-0.008165 4
-0.00819 4
-0.008215 4
-0.00824 4
-0.008265 4
-0.00829 4
-0.008315 4
-0.00834 4
-0.008365 4
-0.00839 4
-0.008415 4
-0.00844 4
-0.008465 4
-0.00849 4
-0.008515 4
-0.00854 4
-0.008565 4
-0.00859 4
-0.008615 4
-0.00864 4
-0.008665 4
-0.00869 4
-0.008715 4
-0.00874 4
-0.008765 4
-0.00879 4
-0.00876155 3.65517
-0.0087331 3.31034
-0.00870466 2.96552
-0.00867621 2.62069
-0.00864776 2.27586
-0.00861931 1.93103
-0.008594 1.89968
-0.00856883 1.8835
-0.00854367 1.86731
-0.00851851 1.85113
-0.00849335 1.83495
-0.00846819 1.81877
-0.00844303 1.80259
-0.00841786 1.78641
-0.0083927 1.77023
-0.00836754 1.75405
-0.00834238 1.73786
-0.00831722 1.72168
-0.00829206 1.7055
-0.00826689 1.68932
-0.00824173 1.67314
-0.00821657 1.65696
-0.00819141 1.64078
-0.00816625 1.6246
-0.00814108 1.60841
-0.00811592 1.59223
-0.00809076 1.57605
-0.0080656 1.55987
-0.00804044 1.54369
-0.00801528 1.52751
-0.00799011 1.51133
-0.00796495 1.49515
-0.00793979 1.47896
-0.00791463 1.46278
-0.00788947 1.4466
-0.0078643 1.43042
-0.00783914 1.41424
-0.00781398 1.39806
-0.00778882 1.38188
-0.00776366 1.3657
-0.0077385 1.34951
-0.00771333 1.33333
-0.00768817 1.31715
-0.00766301 1.30097
-0.00763785 1.28479
-0.00761269 1.26861
-0.00758752 1.25243
-0.00756236 1.23625
-0.0075372 1.22006
-0.00751204 1.20388
-0.00748688 1.1877
-0.00746172 1.17152
-0.00743655 1.15534
-0.00741139 1.13916
-0.00738623 1.12298
-0.00736107 1.1068
-0.00733591 1.09061
-0.00731074 1.07443
-0.00728558 1.05825
-0.00726042 1.04207
-0.00723526 1.02589
-0.0072101 1.00971
-0.00718494 0.993528
-0.00715977 0.977346
-0.00713461 0.961165
-0.00710945 0.944984
-0.00708429 0.928803
-0.00705913 0.912621
-0.00703396 0.89644
-0.0070088 0.880259
-0.00698364 0.864078
-0.00695848 0.847896
-0.00693332 0.831715
-0.00690816 0.815534
-0.00688299 0.799353
-0.00685783 0.783172
-0.00683267 0.76699
-0.00680751 0.750809
-0.00678235 0.734628
-0.00675718 0.718447
-0.00673202 0.702265
-0.00670686 0.686084
-0.0066817 0.669903
-0.00665654 0.653722
-0.00663138 0.63754
-0.00660621 0.621359
-0.00658105 0.605178
-0.00655589 0.588997
-0.00653073 0.572816
-0.00650557 0.556634
-0.0064804 0.540453
-0.00645524 0.524272
-0.00643008 0.508091
-0.00640492 0.491909
-0.00637976 0.475728
-0.0063546 0.459547
-0.00632943 0.443366
-0.00630427 0.427184
-0.00627911 0.411003
-0.00625395 0.394822
-0.00622879 0.378641
-0.00620362 0.36246
-0.00617846 0.346278
-0.0061533 0.330097
-0.00612814 0.313916
-0.00610298 0.297735
-0.00607782 0.281553
-0.00605265 0.265372
-0.00602749 0.249191
-0.00600233 0.23301
-0.00597717 0.216828
-0.00595201 0.200647
-0.00592684 0.184466
-0.00590168 0.168285
-0.00587652 0.152104
-0.00585136 0.135922
-0.0058262 0.119741
-0.00580104 0.10356
-0.00577587 0.0873786
-0.00575071 0.0711974
-0.00572555 0.0550162
-0.00570039 0.038835
-0.00567523 0.0226537
-0.00565006 0.00647249
-0.005625 0
-0.0056 0
-0.005575 0
-0.00555 0
-0.005525 0
-0.0055 0
-0.005475 0
-0.00545 0
-0.005425 0
-0.0054 0
-0.005375 0
-0.00535 0
-0.005325 0
-0.0053 0
-0.005275 0
-0.00525 0
-0.005225 0
-0.0052 0
-0.005175 0
-0.00515 0
-0.005125 0
-0.0051 0
-0.005075 0
-0.00505 0
-0.005025 0
-0.005 0
-0.004975 0
-0.00495 0
-0.004925 0
-0.0049 0
-0.004875 0
-0.00485 0
-0.004825 0
-0.0048 0
-0.004775 0
-0.00475 0
-0.004725 0
-0.0047 0
-0.004675 0
-0.00465 0
-0.004625 0
-0.0046 0
-0.004575 0
-0.00455 0
-0.004525 0
-0.0045 0
-0.004475 0
-0.00445 0
-0.004425 0
-0.0044 0
-0.004375 0
-0.00435 0
-0.004325 0
-0.0043 0
-0.004275 0
-0.00425 0
-0.004225 0
-0.0042 0
-0.004175 0
-0.00415 0
-0.004125 0
-0.0041 0
-0.004075 0
-0.00405 0
-0.004025 0
-0.004 0
-0.003975 0
-0.00395 0
-0.003925 0
-0.0039 0
-0.003875 0
-0.00385 0
-0.003825 0
-0.0038 0
-0.003775 0
-0.00375 0
-0.003725 0
-0.0037 0
-0.003675 0
-0.00365 0
-0.003625 0
-0.0036 0
-0.003575 0
-0.00355 0
-0.003525 0
-0.0035 0
-0.003475 0
-0.00345 0
-0.003425 0
-0.0034 0
-0.003375 0
-0.00335 0
-0.003325 0
-0.0033 0
-0.003275 0
-0.00325 0
-0.003225 0
-0.0032 0
-0.003175 0
-0.00315 0
-0.003125 0
-0.0031 0
-0.003075 0
-0.00305 0
-0.003025 0
-0.003 0
-0.002975 0
-0.00295 0
-0.002925 0
-0.0029 0
-0.002875 0
-0.00285 0
-0.002825 0
-0.0028 0
-0.002775 0
-0.00275 0
-0.002725 0
-0.0027 0
-0.002675 0
-0.00265 0
-0.002625 0
-0.0026 0
-0.002575 0
-0.00255 0
-0.002525 0
-0.0025 0
-0.002475 0
-0.00245 0
-0.002425 0
-0.0024 0
-0.002375 0
-0.00235 0
-0.002325 0
-0.0023 0
-0.002275 0
-0.00225 0
-0.002225 0
-0.0022 0
-0.002175 0
-0.00215 0
-0.002125 0
-0.0021 0
-0.002075 0
-0.00205 0
-0.002025 0
-0.002 0
-0.001975 0
-0.00195 0
-0.001925 0
-0.0019 0
-0.001875 0
-0.00185 0
-0.001825 0
-0.0018 0
-0.001775 0
-0.00175 0
-0.001725 0
-0.0017 0
-0.001675 0
-0.00165 0
-0.001625 0
-0.0016 0
-0.001575 0
-0.00155 0
-0.001525 0
-0.0015 0
-0.001475 0
-0.00145 0
-0.001425 0
-0.0014 0
-0.001375 0
-0.00135 0
-0.001325 0
-0.0013 0
-0.001275 0
-0.00125 0
-0.001225 0
-0.0012 0
-0.001175 0
-0.00115 0
-0.001125 0
-0.0011 0
-0.001075 0
-0.00105 0
-0.001025 0
-0.001 0
-0.000975 0
-0.00095 0
-0.000925 0
-0.0009 0
-0.000875 0
-0.00085 0
-0.000825 0
-0.0008 0
-0.000775 0
-0.00075 0
-0.000725 0
-0.0007 0
-0.000675 0
-0.00065 0
-0.000625 0
-0.0006 0
-0.000575 0
-0.00055 0
-0.000525 0
-0.0005 0
-0.000475 0
-0.00045 0
-0.000425 0
-0.0004 0
-0.000375 0
-0.00035 0
-0.000325 0
-0.0003 0
-0.000275 0
-0.00025 0
-0.000225 0
-0.0002 0
-0.000175 0
-0.00015 0
-0.000125 0
-0.0001 0
-7.5e-05 0
-5e-05 0
-2.5e-05 0
-9.28348e-19 0
2.5e-05 0
5e-05 0
7.5e-05 0
0.0001 0
0.000125 0
0.00015 0
0.000175 0
0.0002 0
0.000225 0
0.00025 0
0.000275 0
0.0003 0
0.000325 0
0.00035 0
0.000375 0
0.0004 0
0.000425 0
0.00045 0
0.000475 0
0.0005 0
0.000525 0
0.00055 0
0.000575 0
0.0006 0
0.000625 0
0.00065 0
0.000675 0
0.0007 0
0.000725 0
0.00075 0
0.000775 0
0.0008 0
0.000825 0
0.00085 0
0.000875 0
0.00085 0
0.000825 0
0.0008 0
0.000775 0
0.00075 0
0.000725 0
0.0007 0
0.000675 0
0.00065 0
0.000625 0
0.0006 0
0.000575 0
0.00055 0
0.000525 0
0.0005 0
0.000475 0
0.00045 0
0.000425 0
0.0004 0
0.000375 0
0.00035 0
0.000325 0
0.0003 0
0.000275 0
0.00025 0
0.000225 0
0.0002 0
0.000175 0
0.00015 0
0.000125 0
0.0001 0
7.5e-05 0
5e-05 0
2.5e-05 0
-9.14796e-19 0
