-2.91546e-05 0.41546
-5.8285e-05 0.8285
-8.73911e-05 1.23911
-0.000116473 1.64729
-0.00014553 2.05302
-0.000174563 2.45629
-0.000203571 2.85711
-0.000232555 3.25545
-0.000261513 3.65131
-0.000290447 4.04469
-0.000319356 4.43556
-0.000348239 4.82393
-0.000377098 5.20979
-0.000405931 5.59312
-0.000434739 5.97392
-0.000463522 6.35217
-0.000492279 6.72788
-0.00052101 7.10102
-0.000549716 7.47159
-0.000578396 7.83958
-0.00060705 8.20499
-0.000635678 8.56779
-0.00066428 8.92799
-0.000692856 9.28557
-0.000721405 9.64052
-0.000749928 9.99284
-0.000778425 10.3425
-0.000806895 10.6895
-0.000835339 11.0339
-0.000863755 11.3755
-0.000892145 11.7145
-0.000920508 12.0508
-0.000948844 12.3844
-0.000977153 12.7153
-0.00100543 13.0434
-0.00103369 13.3688
-0.00106191 13.6914
-0.00109011 14.0113
-0.00111828 14.3285
-0.00114643 14.6428
-0.00117454 14.9544
-0.00120263 15.2631
-0.00123069 15.5691
-0.00125872 15.8722
-0.00128673 16.1725
-0.0013147 16.47
-0.00134265 16.7645
-0.00137056 17.0563
-0.00139845 17.3451
-0.00142631 17.6311
-0.00139714 17.2144
-0.00136798 16.7978
-0.00133881 16.3811
-0.00130964 15.9644
-0.00128048 15.5478
-0.00125131 15.1311
-0.00122214 14.7144
-0.00119298 14.2978
-0.00116381 13.8811
-0.00113464 13.4644
-0.00110548 13.0478
-0.00107631 12.6311
-0.00104714 12.2144
-0.00101798 11.7978
-0.000988811 11.3811
-0.000959644 10.9644
-0.000930478 10.5478
-0.000901311 10.1311
-0.000872144 9.71442
-0.000842978 9.29775
-0.000813811 8.88109
-0.000784644 8.46442
-0.000755478 8.04775
-0.000726311 7.63109
-0.000697144 7.21442
-0.000667978 6.79775
-0.000638811 6.38109
-0.000609644 5.96442
-0.000580478 5.54775
-0.000551311 5.13109
-0.000522144 4.71442
-0.000492978 4.29775
-0.000463811 3.88109
-0.000434644 3.46442
-0.000405478 3.04775
-0.000376311 2.63109
-0.000347144 2.21442
-0.000318297 1.82966
-0.00029127 1.62702
-0.000264244 1.42438
-0.000237217 1.22174
-0.000210191 1.01909
-0.000183164 0.816449
-0.000156138 0.613805
-0.000129112 0.411162
-0.000102085 0.208519
-7.50588e-05 0.0058757
-4.59541e-05 -0.404585
-1.67875e-05 -0.821252
1.23792e-05 -1.23792
4.15459e-05 -1.65459
7.07125e-05 -2.07125
9.98792e-05 -2.48792
0.000129046 -2.90459
0.000158213 -3.32125
0.000129046 -2.90459
9.98792e-05 -2.48792
7.07125e-05 -2.07125
4.15459e-05 -1.65459
1.23792e-05 -1.23792
-1.67875e-05 -0.821252
-4.59541e-05 -0.404585
-7.51087e-05 0.0108703
-0.000103858 0.385769
-0.000132607 0.760667
-0.000161356 1.13557
-0.000190105 1.51046
-0.000218854 1.88536
-0.000247603 2.26026
-0.000276352 2.63516
-0.000305101 3.01006
-0.00033385 3.38495
-0.000362599 3.75985
-0.000391348 4.13475
-0.000420096 4.50965
-0.000448845 4.88455
-0.000477594 5.25945
-0.000506343 5.63434
-0.000535092 6.00924
-0.000563841 6.38414
-0.00059259 6.75904
-0.000621339 7.13394
-0.000650088 7.50884
-0.000678837 7.88373
-0.000707586 8.25863
-0.000736335 8.63353
-0.000765084 9.00843
-0.000793833 9.38333
-0.000822582 9.75822
-0.000851331 10.1331
-0.00088008 10.508
-0.000908829 10.8829
-0.000937578 11.2578
-0.000966327 11.6327
-0.000995076 12.0076
-0.00102383 12.3825
-0.00105257 12.7574
-0.00108132 13.1323
-0.00111007 13.5072
-0.00113882 13.8821
-0.00116757 14.257
-0.00119632 14.6319
-0.00122507 15.0068
-0.00125382 15.3817
-0.00128257 15.7566
-0.00131131 16.1315
-0.00134006 16.5064
-0.00136881 16.8813
-0.00139756 17.2562
-0.00142631 17.6311
-0.00145414 17.9142
-0.00148194 18.1943
-0.00150972 18.4715
-0.00153746 18.7458
-0.00156517 19.0172
-0.00159286 19.2856
-0.00162051 19.551
-0.00164813 19.8134
-0.00167573 20.0729
-0.00170329 20.3293
-0.00173083 20.5827
-0.00175833 20.8331
-0.0017858 21.0805
-0.00181325 21.3248
-0.00184066 21.566
-0.00186804 21.8042
-0.00189539 22.0392
-0.00192271 22.2712
-0.00195 22.5
-0.00197726 22.7257
-0.00200448 22.9483
-0.00203168 23.1677
-0.00205884 23.3839
-0.00208597 23.597
-0.00211307 23.8068
-0.00214013 24.0135
-0.00216717 24.2169
-0.00219417 24.4171
-0.00222114 24.614
-0.00224808 24.8077
-0.00227498 24.9981
-0.00230185 25.1852
-0.00232869 25.369
-0.00235549 25.5494
-0.00238227 25.7266
-0.002409 25.9004
-0.00243571 26.0708
-0.00246238 26.2378
-0.00248901 26.4015
-0.00251562 26.5617
-0.00254219 26.7186
-0.00256872 26.8719
-0.00259522 27.0219
-0.00262168 27.1683
-0.00264811 27.3113
-0.00267451 27.4508
-0.00270087 27.5867
-0.00272719 27.7192
-0.00275348 27.8481
-0.00277973 27.9734
-0.00280595 28.0951
-0.00283213 28.2133
-0.00285828 28.3278
-0.00288439 28.4387
-0.00291046 28.546
-0.0029365 28.6496
-0.00296249 28.7495
-0.00298846 28.8457
-0.00301438 28.9382
-0.00304027 29.027
-0.00306612 29.1121
-0.00309193 29.1933
-0.00311771 29.2708
-0.00314345 29.3445
-0.00316914 29.4144
-0.0031948 29.4804
-0.00322043 29.5426
-0.00324601 29.6009
-0.00327155 29.6553
-0.00329706 29.7059
-0.00332252 29.7524
-0.00334795 29.7951
-0.00337334 29.8337
-0.00339868 29.8684
-0.00342399 29.8991
-0.00344926 29.9257
-0.00347448 29.9483
-0.00349967 29.9669
-0.00352481 29.9813
-0.00354992 29.9917
-0.00357498 29.9979
-0.0036 30
-0.00362374 29.8739
-0.00364748 29.7479
-0.00367122 29.6218
-0.00369496 29.4958
-0.0037187 29.3697
-0.00374244 29.2437
-0.00376618 29.1176
-0.00378992 28.9916
-0.00381366 28.8655
-0.00383739 28.7395
-0.00386113 28.6134
-0.00388487 28.4874
-0.00390861 28.3613
-0.00393235 28.2353
-0.00395609 28.1092
-0.00397983 27.9832
-0.00400357 27.8571
-0.00402731 27.7311
-0.00399814 27.3144
-0.00396898 26.8978
-0.00393981 26.4811
-0.00391064 26.0644
-0.00388148 25.6478
-0.00385231 25.2311
-0.00382314 24.8144
-0.00379398 24.3978
-0.00376481 23.9811
-0.00373564 23.5644
-0.00370648 23.1478
-0.00367731 22.7311
-0.00364814 22.3144
-0.00361898 21.8978
-0.00358981 21.4811
-0.00356064 21.0644
-0.00353148 20.6478
-0.00350231 20.2311
-0.00347314 19.8144
-0.00344398 19.3978
-0.00341481 18.9811
-0.00338564 18.5644
-0.00335648 18.1478
-0.00332731 17.7311
-0.00329814 17.3144
-0.00326898 16.8978
-0.00323981 16.4811
-0.00321064 16.0644
-0.00318148 15.6478
-0.00315231 15.2311
-0.00312314 14.8144
-0.00309398 14.3978
-0.00306481 13.9811
-0.00303564 13.5644
-0.00300648 13.1478
-0.00297731 12.7311
-0.00294814 12.3144
-0.00291898 11.8978
-0.00288981 11.4811
-0.00286064 11.0644
-0.00283148 10.6478
-0.00280231 10.2311
-0.00277314 9.81443
-0.00274444 9.44386
-0.00271829 9.32887
-0.00269214 9.21389
-0.00266599 9.0989
-0.00263984 8.98391
-0.00261369 8.86893
-0.00258754 8.75394
-0.00256139 8.63895
-0.00253524 8.52396
-0.00250909 8.40898
-0.00248294 8.29399
-0.00245679 8.179
-0.00243064 8.06402
-0.00240449 7.94903
-0.00237834 7.83404
-0.00235219 7.71906
-0.00232604 7.60407
-0.00229989 7.48908
-0.00227374 7.37409
-0.00224759 7.25911
-0.00222144 7.14412
-0.00219529 7.02913
-0.00216914 6.91415
-0.00214299 6.79916
-0.00211684 6.68417
-0.00209069 6.56919
-0.00206454 6.4542
-0.00203839 6.33921
-0.00201224 6.22422
-0.00198609 6.10924
-0.00195994 5.99425
-0.00193379 5.87926
-0.00190764 5.76428
-0.00188149 5.64929
-0.00185534 5.5343
-0.00182919 5.41932
-0.00180304 5.30433
-0.00177689 5.18934
-0.00175074 5.07435
-0.00172459 4.95937
-0.00169844 4.84438
-0.00167229 4.72939
-0.00164614 4.61441
-0.00161999 4.49942
-0.00159384 4.38443
-0.00156769 4.26945
-0.00154154 4.15446
-0.00151539 4.03947
-0.00148924 3.92448
-0.00146309 3.8095
-0.00143695 3.69451
-0.0014108 3.57952
-0.00138465 3.46454
-0.0013585 3.34955
-0.00133235 3.23456
-0.0013062 3.11958
-0.00128005 3.00459
-0.0012539 2.8896
-0.00122775 2.77461
-0.0012016 2.65963
-0.00117545 2.54464
-0.0011493 2.42965
-0.00112315 2.31467
-0.001097 2.19968
-0.00107085 2.08469
-0.0010447 1.96971
-0.00101855 1.85472
-0.000992397 1.73973
-0.000966247 1.62474
-0.000940098 1.50976
-0.000913948 1.39477
-0.000887798 1.27978
-0.000861648 1.1648
-0.000835498 1.04981
-0.000809348 0.934822
-0.000783198 0.819835
-0.000757048 0.704848
-0.000730899 0.589861
-0.000704749 0.474874
-0.000678599 0.359887
-0.000652449 0.2449
-0.000626299 0.129913
-0.000600149 0.0149262
-0.000571374 -0.36258
-0.000542208 -0.779247
-0.000513041 -1.19591
-0.000483874 -1.61258
-0.000454708 -2.02925
-0.000425541 -2.44591
-0.000396374 -2.86258
-0.000367208 -3.27925
-0.000338041 -3.69591
-0.000311689 -3.83113
-0.000292939 -3.20613
-0.000274189 -2.58113
-0.000255439 -1.95613
-0.000236689 -1.33113
-0.000217939 -0.70613
-0.000199189 -0.0811298
-0.000175 0
-0.00015 0
-0.000125 0
-0.0001 0
-7.5e-05 0
-5e-05 0
-2.5e-05 0
-6.09864e-20 0
2.5e-05 0
5e-05 0
7.5e-05 0
0.0001 0
0.000125 0
0.00015 0
0.000175 0
0.0002 0
0.000225 0
0.00025 0
0.000275 0
0.0003 0
0.000325 0
0.00035 0
0.000375 0
0.00035 0
0.000325 0
0.0003 0
0.000275 0
0.00025 0
0.000225 0
0.0002 0
0.000175 0
0.00015 0
0.000125 0
0.0001 0
7.5e-05 0
5e-05 0
2.5e-05 0
-4.74338e-20 0
-2.5e-05 0
-5e-05 0
-7.5e-05 0
-0.0001 0
-0.000125 0
-0.00015 0
-0.000175 0
-0.0002 0
-0.000225 0
-0.00025 0
-0.000275 0
-0.0003 0
-0.000325 0
-0.00035 0
-0.000375 0
-0.0004 0
-0.000425 0
-0.00045 0
-0.000475 0
-0.0005 0
-0.000525 0
-0.00055 0
-0.000575 0
-0.000600285 0.0285397
-0.000627484 0.248401
-0.000654683 0.468263
-0.000681881 0.688124
-0.00070908 0.907986
-0.000736278 1.12785
-0.000763477 1.34771
-0.000790676 1.56757
-0.000817874 1.78743
-0.000845073 2.00729
-0.000872272 2.22716
-0.00089947 2.44702
-0.000926669 2.66688
-0.000953867 2.88674
-0.000981066 3.1066
-0.00100826 3.32646
-0.00103546 3.54632
-0.00106266 3.76619
-0.00108986 3.98605
-0.00111706 4.20591
-0.00114426 4.42577
-0.00117146 4.64563
-0.00119865 4.86549
-0.00122585 5.08535
-0.00125305 5.30522
-0.00128025 5.52508
-0.00130745 5.74494
-0.00133465 5.9648
-0.00136185 6.18466
-0.00138905 6.40452
-0.00141624 6.62439
-0.00144344 6.84425
-0.00147064 7.06411
-0.00149784 7.28397
-0.00152504 7.50383
-0.00155224 7.72369
-0.00157944 7.94355
-0.00160663 8.16342
-0.00163383 8.38328
-0.00166103 8.60314
-0.00168823 8.823
-0.00171543 9.04286
-0.00174263 9.26272
-0.00176983 9.48259
-0.00179702 9.70245
-0.00182422 9.92231
-0.00185142 10.1422
-0.00187862 10.362
-0.00190582 10.5819
-0.00193302 10.8018
-0.00196022 11.0216
-0.00198741 11.2415
-0.00201461 11.4613
-0.00204181 11.6812
-0.00206901 11.9011
-0.00209621 12.1209
-0.00212341 12.3408
-0.00215061 12.5606
-0.00217781 12.7805
-0.002205 13.0004
-0.0022322 13.2202
-0.0022594 13.4401
-0.0022866 13.66
-0.0023138 13.8798
-0.002341 14.0997
-0.0023682 14.3195
-0.00239539 14.5394
-0.00242259 14.7593
-0.00244979 14.9791
-0.00247699 15.199
-0.00250419 15.4188
-0.00253139 15.6387
-0.00255859 15.8586
-0.00258578 16.0784
-0.00261298 16.2983
-0.00264018 16.5182
-0.00266738 16.738
-0.00269458 16.9579
-0.00272178 17.1777
-0.00274898 17.3976
-0.00277617 17.6175
-0.00280337 17.8373
-0.00283057 18.0572
-0.00285777 18.277
-0.00288497 18.4969
-0.00291217 18.7168
-0.00293937 18.9366
-0.00296656 19.1565
-0.00299376 19.3764
-0.00302096 19.5962
-0.00304816 19.8161
-0.00307536 20.0359
-0.00310256 20.2558
-0.00312976 20.4757
-0.00315696 20.6955
-0.00318415 20.9154
-0.00321135 21.1352
-0.00323855 21.3551
-0.00326575 21.575
-0.00329295 21.7948
-0.00332015 22.0147
-0.00334735 22.2346
-0.00337454 22.4544
-0.00340174 22.6743
-0.00342894 22.8941
-0.00345614 23.114
-0.00348334 23.3339
-0.00351054 23.5537
-0.00353774 23.7736
-0.00356493 23.9934
-0.00359213 24.2133
-0.00361933 24.4332
-0.00364653 24.653
-0.00367373 24.8729
-0.00370093 25.0928
-0.00372813 25.3126
-0.00375532 25.5325
-0.00378252 25.7523
-0.00380972 25.9722
-0.00383692 26.1921
-0.00386412 26.4119
-0.00389132 26.6318
-0.00391852 26.8516
-0.00394572 27.0715
-0.00397291 27.2914
-0.00400011 27.5112
-0.00402731 27.7311
-0.00405105 27.605
-0.00407479 27.479
-0.00409853 27.3529
-0.00412227 27.2269
-0.00414601 27.1008
-0.00416975 26.9748
-0.00419349 26.8487
-0.00421723 26.7227
-0.00424097 26.5966
-0.00426471 26.4706
-0.00428845 26.3445
-0.00431218 26.2185
-0.00433592 26.0924
-0.00435966 25.9664
-0.0043834 25.8403
-0.00440714 25.7143
-0.00443088 25.5882
-0.00445462 25.4622
-0.00447836 25.3361
-0.0045021 25.2101
-0.00452584 25.084
-0.00454958 24.958
-0.00457332 24.8319
-0.00459706 24.7059
-0.0046208 24.5798
-0.00464454 24.4538
-0.00466828 24.3277
-0.00469202 24.2017
-0.00471576 24.0756
-0.0047395 23.9496
-0.00476324 23.8235
-0.00478697 23.6975
-0.00481071 23.5714
-0.00483445 23.4454
-0.00485819 23.3193
-0.00488193 23.1933
-0.00490567 23.0672
-0.00492941 22.9412
-0.00495315 22.8151
-0.00497689 22.6891
-0.00500063 22.563
-0.00502437 22.437
-0.00504811 22.3109
-0.00507185 22.1849
-0.00509559 22.0588
-0.00511933 21.9328
-0.00514307 21.8067
-0.00516681 21.6807
-0.00519055 21.5546
-0.00521429 21.4286
-0.00518512 21.0119
-0.00515595 20.5952
-0.00512679 20.1786
-0.00509762 19.7619
-0.00506845 19.3452
-0.00503929 18.9286
-0.00501012 18.5119
-0.00498095 18.0952
-0.00495179 17.6786
-0.00492262 17.2619
-0.00489345 16.8452
-0.00486429 16.4286
-0.00483512 16.0119
-0.00480595 15.5952
-0.00477679 15.1786
-0.00474762 14.7619
-0.00471845 14.3452
-0.00468929 13.9286
-0.00466012 13.5119
-0.00463095 13.0952
-0.00460179 12.6786
-0.00457262 12.2619
-0.00454345 11.8452
-0.00451429 11.4286
-0.00448512 11.0119
-0.00445595 10.5952
-0.00442679 10.1786
-0.00439762 9.7619
-0.00436845 9.34524
-0.00433929 8.92857
-0.0043124 8.74009
-0.00428666 8.66619
-0.00426092 8.59229
-0.00423518 8.51839
-0.00420944 8.44448
-0.00418371 8.37058
-0.00415797 8.29668
-0.00413223 8.22278
-0.00410649 8.14888
-0.00408075 8.07498
-0.00405501 8.00108
-0.00402927 7.92718
-0.00400353 7.85328
-0.00397779 7.77938
-0.00395205 7.70548
-0.00392632 7.63158
-0.00390058 7.55768
-0.00387484 7.48378
-0.0038491 7.40988
-0.00382336 7.33598
-0.00379762 7.26208
-0.00377188 7.18818
-0.00374614 7.11428
-0.0037204 7.04037
-0.00369466 6.96647
-0.00366893 6.89257
-0.00364319 6.81867
-0.00361745 6.74477
-0.00359171 6.67087
-0.00356597 6.59697
-0.00354023 6.52307
-0.00351449 6.44917
-0.00348875 6.37527
-0.00346301 6.30137
-0.00343727 6.22747
-0.00341154 6.15357
-0.0033858 6.07967
-0.00336006 6.00577
-0.00333432 5.93187
-0.00330858 5.85797
-0.00328284 5.78407
-0.0032571 5.71017
-0.00323136 5.63627
-0.00320562 5.56236
-0.00317988 5.48846
-0.00315415 5.41456
-0.00312841 5.34066
-0.00310267 5.26676
-0.00307693 5.19286
-0.00305119 5.11896
-0.00302545 5.04506
-0.00299971 4.97116
-0.00297397 4.89726
-0.00294823 4.82336
-0.00292249 4.74946
-0.00289676 4.67556
-0.00287102 4.60166
-0.00284528 4.52776
-0.00281954 4.45386
-0.0027938 4.37996
-0.00276806 4.30606
-0.00274232 4.23216
-0.00271658 4.15826
-0.00269084 4.08435
-0.0026651 4.01045
-0.00263937 3.93655
-0.00261363 3.86265
-0.00258789 3.78875
-0.00256215 3.71485
-0.00253641 3.64095
-0.00251067 3.56705
-0.00248493 3.49315
-0.00245919 3.41925
-0.00243345 3.34535
-0.00240771 3.27145
-0.00238198 3.19755
-0.00235624 3.12365
-0.0023305 3.04975
-0.00230476 2.97585
-0.00227902 2.90195
-0.00225328 2.82805
-0.00222754 2.75415
-0.0022018 2.68025
-0.00217606 2.60634
-0.00215032 2.53244
-0.00212459 2.45854
-0.00209885 2.38464
-0.00207311 2.31074
-0.00204737 2.23684
-0.00202163 2.16294
-0.00199589 2.08904
-0.00197015 2.01514
-0.00194441 1.94124
-0.00191867 1.86734
-0.00189293 1.79344
-0.0018672 1.71954
-0.00184146 1.64564
-0.00181572 1.57174
-0.00178998 1.49784
-0.00176424 1.42394
-0.0017385 1.35004
-0.00171276 1.27614
-0.00168702 1.20224
-0.00166128 1.12833
-0.00163554 1.05443
-0.00160981 0.980534
-0.00158407 0.906633
-0.00155833 0.832733
-0.00153259 0.758832
-0.00150685 0.684932
-0.00148111 0.611031
-0.00145537 0.53713
-0.00142963 0.46323
-0.00140389 0.389329
-0.00137815 0.315429
-0.00135242 0.241528
-0.00132668 0.167628
-0.00130094 0.0937275
-0.0012752 0.019827
-0.00125 0
-0.001225 0
-0.0012 0
-0.001175 0
-0.00115 0
-0.001125 0
-0.0011 0
-0.001075 0
-0.00105 0
-0.001025 0
-0.001 0
-0.000975 0
-0.00095 0
-0.000925 0
-0.0009 0
-0.000875 0
-0.00085 0
-0.000825 0
-0.0008 0
-0.000775 0
-0.00075 0
-0.000725 0
-0.0007 0
-0.000675 0
-0.00065 0
-0.000625 0
-0.0006 0
-0.000575 0
-0.00055 0
-0.000525 0
-0.0005 0
-0.000475 0
-0.00045 0
-0.000425 0
-0.0004 0
-0.000375 0
-0.00035 0
-0.000325 0
-0.0003 0
-0.000275 0
-0.00025 0
-0.000225 0
-0.0002 0
-0.000175 0
-0.00015 0
-0.000125 0
-0.0001 0
-7.5e-05 0
-5e-05 0
-2.5e-05 0
-6.09864e-20 0
2.5e-05 0
5e-05 0
7.5e-05 0
0.0001 0
0.000125 0
0.00015 0
0.000175 0
0.0002 0
0.000225 0
0.00025 0
0.000275 0
0.0003 0
0.000325 0
0.00035 0
0.000375 0
0.0004 0
0.000425 0
0.00045 0
0.000475 0
0.0005 0
0.000475 0
0.00045 0
0.000425 0
0.0004 0
0.000375 0
0.00035 0
0.000325 0
0.0003 0
0.000275 0
0.00025 0
0.000225 0
0.0002 0
0.000175 0
0.00015 0
0.000125 0
0.0001 0
7.5e-05 0
5e-05 0
2.5e-05 0
-4.74338e-20 0
-2.5e-05 0
-5e-05 0
-7.5e-05 0
-0.0001 0
-0.000125 0
-0.00015 0
-0.000175 0
-0.0002 0
-0.000225 0
-0.00025 0
-0.000275 0
-0.0003 0
-0.000325 0
-0.00035 0
-0.000375 0
-0.0004 0
-0.000425 0
-0.00045 0
-0.000475 0
-0.0005 0
-0.000525 0
-0.00055 0
-0.000575 0
-0.0006 0
-0.000625 0
-0.00065 0
-0.000675 0
-0.0007 0
-0.000725 0
-0.00075 0
-0.000775 0
-0.0008 0
-0.000825 0
-0.00085 0
-0.000875 0
-0.0009 0
-0.000925 0
-0.00095 0
-0.000975 0
-0.001 0
-0.001025 0
-0.00105 0
-0.001075 0
-0.0011 0
-0.001125 0
-0.00115 0
-0.001175 0
-0.0012 0
-0.001225 0
-0.00125 0
-0.00127539 0.0385154
-0.00130182 0.182073
-0.00132826 0.32563
-0.00135469 0.469188
-0.00138113 0.612745
-0.00140756 0.756303
-0.001434 0.89986
-0.00146043 1.04342
-0.00148687 1.18697
-0.00151331 1.33053
-0.00153974 1.47409
-0.00156618 1.61765
-0.00159261 1.7612
-0.00161905 1.90476
-0.00164548 2.04832
-0.00167192 2.19188
-0.00169835 2.33543
-0.00172479 2.47899
-0.00175123 2.62255
-0.00177766 2.76611
-0.0018041 2.90966
-0.00183053 3.05322
-0.00185697 3.19678
-0.0018834 3.34034
-0.00190984 3.48389
-0.00193627 3.62745
-0.00196271 3.77101
-0.00198915 3.91457
-0.00201558 4.05812
-0.00204202 4.20168
-0.00206845 4.34524
-0.00209489 4.4888
-0.00212132 4.63235
-0.00214776 4.77591
-0.00217419 4.91947
-0.00220063 5.06303
-0.00222707 5.20658
-0.0022535 5.35014
-0.00227994 5.4937
-0.00230637 5.63725
-0.00233281 5.78081
-0.00235924 5.92437
-0.00238568 6.06793
-0.00241211 6.21148
-0.00243855 6.35504
-0.00246499 6.4986
-0.00249142 6.64216
-0.00251786 6.78571
-0.00254429 6.92927
-0.00257073 7.07283
-0.00259716 7.21639
-0.0026236 7.35994
-0.00265004 7.5035
-0.00267647 7.64706
-0.00270291 7.79062
-0.00272934 7.93417
-0.00275578 8.07773
-0.00278221 8.22129
-0.00280865 8.36485
-0.00283508 8.5084
-0.00286152 8.65196
-0.00288796 8.79552
-0.00291439 8.93908
-0.00294083 9.08263
-0.00296726 9.22619
-0.0029937 9.36975
-0.00302013 9.51331
-0.00304657 9.65686
-0.003073 9.80042
-0.00309944 9.94398
-0.00312588 10.0875
-0.00315231 10.2311
-0.00317875 10.3746
-0.00320518 10.5182
-0.00323162 10.6618
-0.00325805 10.8053
-0.00328449 10.9489
-0.00331092 11.0924
-0.00333736 11.236
-0.0033638 11.3796
-0.00339023 11.5231
-0.00341667 11.6667
-0.0034431 11.8102
-0.00346954 11.9538
-0.00349597 12.0973
-0.00352241 12.2409
-0.00354884 12.3845
-0.00357528 12.528
-0.00360172 12.6716
-0.00362815 12.8151
-0.00365459 12.9587
-0.00368102 13.1022
-0.00370746 13.2458
-0.00373389 13.3894
-0.00376033 13.5329
-0.00378676 13.6765
-0.0038132 13.82
-0.00383964 13.9636
-0.00386607 14.1071
-0.00389251 14.2507
-0.00391894 14.3943
-0.00394538 14.5378
-0.00397181 14.6814
-0.00399825 14.8249
-0.00402468 14.9685
-0.00405112 15.112
-0.00407756 15.2556
-0.00410399 15.3992
-0.00413043 15.5427
-0.00415686 15.6863
-0.0041833 15.8298
-0.00420973 15.9734
-0.00423617 16.1169
-0.00426261 16.2605
-0.00428904 16.4041
-0.00431548 16.5476
-0.00434191 16.6912
-0.00436835 16.8347
-0.00439478 16.9783
-0.00442122 17.1218
-0.00444765 17.2654
-0.00447409 17.409
-0.00450053 17.5525
-0.00452696 17.6961
-0.0045534 17.8396
-0.00457983 17.9832
-0.00460627 18.1268
-0.0046327 18.2703
-0.00465914 18.4139
-0.00468557 18.5574
-0.00471201 18.701
-0.00473845 18.8445
-0.00476488 18.9881
-0.00479132 19.1317
-0.00481775 19.2752
-0.00484419 19.4188
-0.00487062 19.5623
-0.00489706 19.7059
-0.00492349 19.8494
-0.00494993 19.993
-0.00497637 20.1366
-0.0050028 20.2801
-0.00502924 20.4237
-0.00505567 20.5672
-0.00508211 20.7108
-0.00510854 20.8543
-0.00513498 20.9979
-0.00516141 21.1415
-0.00518785 21.285
-0.00521429 21.4286
-0.00523803 21.3025
-0.00526176 21.1765
-0.0052855 21.0504
-0.00530924 20.9244
-0.00533298 20.7983
-0.00535672 20.6723
-0.00538046 20.5462
-0.0054042 20.4202
-0.00542794 20.2941
-0.00545168 20.1681
-0.00547542 20.042
-0.00549916 19.916
-0.0055229 19.7899
-0.00554664 19.6639
-0.00557038 19.5378
-0.00559412 19.4118
-0.00561786 19.2857
-0.0056416 19.1597
-0.00566534 19.0336
-0.00568908 18.9076
-0.00571282 18.7815
-0.00573655 18.6555
-0.00576029 18.5294
-0.00578403 18.4034
-0.00580777 18.2773
-0.00583151 18.1513
-0.00585525 18.0252
-0.00587899 17.8992
-0.00590273 17.7731
-0.00592647 17.6471
-0.00595021 17.521
-0.00597395 17.395
-0.00599769 17.2689
-0.00602143 17.1429
-0.00604517 17.0168
-0.00606891 16.8908
-0.00609265 16.7647
-0.00611639 16.6387
-0.00614013 16.5126
-0.00616387 16.3866
-0.00618761 16.2605
-0.00621134 16.1345
-0.00623508 16.0084
-0.00625882 15.8824
-0.00628256 15.7563
-0.0063063 15.6303
-0.00633004 15.5042
-0.00635378 15.3782
-0.00637752 15.2521
-0.00640126 15.1261
-0.00637209 14.7094
-0.00634293 14.2927
-0.00631376 13.8761
-0.00628459 13.4594
-0.00625543 13.0427
-0.00622626 12.6261
-0.00619709 12.2094
-0.00616793 11.7927
-0.00613876 11.3761
-0.00610959 10.9594
-0.00608043 10.5427
-0.00605126 10.1261
-0.00602209 9.70938
-0.00599293 9.29272
-0.00596376 8.87605
-0.00593459 8.45938
-0.00590543 8.04272
-0.00587626 7.62605
-0.00584709 7.20938
-0.00581793 6.79272
-0.00579194 6.69424
-0.00576646 6.64591
-0.00574098 6.59758
-0.00571549 6.54924
-0.00569001 6.50091
-0.00566453 6.45258
-0.00563904 6.40425
-0.00561356 6.35591
-0.00558808 6.30758
-0.00556259 6.25925
-0.00553711 6.21091
-0.00551163 6.16258
-0.00548614 6.11425
-0.00546066 6.06591
-0.00543518 6.01758
-0.00540969 5.96925
-0.00538421 5.92091
-0.00535873 5.87258
-0.00533324 5.82425
-0.00530776 5.77591
-0.00528228 5.72758
-0.00525679 5.67925
-0.00523131 5.63091
-0.00520583 5.58258
-0.00518034 5.53425
-0.00515486 5.48591
-0.00512938 5.43758
-0.00510389 5.38925
-0.00507841 5.34091
-0.00505293 5.29258
-0.00502744 5.24425
-0.00500196 5.19591
-0.00497648 5.14758
-0.00495099 5.09925
-0.00492551 5.05091
-0.00490003 5.00258
-0.00487454 4.95425
-0.00484906 4.90591
-0.00482358 4.85758
-0.00479809 4.80925
-0.00477261 4.76091
-0.00474713 4.71258
-0.00472164 4.66425
-0.00469616 4.61591
-0.00467068 4.56758
-0.00464519 4.51925
-0.00461971 4.47091
-0.00459423 4.42258
-0.00456874 4.37425
-0.00454326 4.32591
-0.00451778 4.27758
-0.00449229 4.22925
-0.00446681 4.18091
-0.00444133 4.13258
-0.00441584 4.08425
-0.00439036 4.03591
-0.00436488 3.98758
-0.00433939 3.93925
-0.00431391 3.89091
-0.00428843 3.84258
-0.00426294 3.79425
-0.00423746 3.74591
-0.00421198 3.69758
-0.00418649 3.64925
-0.00416101 3.60092
-0.00413553 3.55258
-0.00411004 3.50425
-0.00408456 3.45592
-0.00405908 3.40758
-0.00403359 3.35925
-0.00400811 3.31092
-0.00398263 3.26258
-0.00395714 3.21425
-0.00393166 3.16592
-0.00390618 3.11758
-0.00388069 3.06925
-0.00385521 3.02092
-0.00382973 2.97258
-0.00380424 2.92425
-0.00377876 2.87592
-0.00375328 2.82758
-0.00372779 2.77925
-0.00370231 2.73092
-0.00367683 2.68258
-0.00365134 2.63425
-0.00362586 2.58592
-0.00360038 2.53758
-0.00357489 2.48925
-0.00354941 2.44092
-0.00352393 2.39258
-0.00349844 2.34425
-0.00347296 2.29592
-0.00344748 2.24758
-0.00342199 2.19925
-0.00339651 2.15092
-0.00337103 2.10258
-0.00334554 2.05425
-0.00332006 2.00592
-0.00329458 1.95758
-0.00326909 1.90925
-0.00324361 1.86092
-0.00321813 1.81258
-0.00319264 1.76425
-0.00316716 1.71592
-0.00314168 1.66758
-0.00311619 1.61925
-0.00309071 1.57092
-0.00306523 1.52258
-0.00303974 1.47425
-0.00301426 1.42592
-0.00298878 1.37758
-0.00296329 1.32925
-0.00293781 1.28092
-0.00291233 1.23258
-0.00288684 1.18425
-0.00286136 1.13592
-0.00283588 1.08758
-0.00281039 1.03925
-0.00278491 0.990918
-0.00275943 0.942585
-0.00273394 0.894252
-0.00270846 0.845918
-0.00268298 0.797585
-0.00265749 0.749252
-0.00263201 0.700919
-0.00260653 0.652585
-0.00258104 0.604252
-0.00255556 0.555919
-0.00253008 0.507585
-0.00250459 0.459252
-0.00247911 0.410919
-0.00245363 0.362586
-0.00242814 0.314252
-0.00240266 0.265919
-0.00237718 0.217586
-0.00235169 0.169252
-0.00232621 0.120919
-0.00230073 0.0725859
-0.00227524 0.0242526
-0.00225 0
-0.002225 0
-0.0022 0
-0.002175 0
-0.00215 0
-0.002125 0
-0.0021 0
-0.002075 0
-0.00205 0
-0.002025 0
-0.002 0
-0.001975 0
-0.00195 0
-0.001925 0
-0.0019 0
-0.001875 0
-0.00185 0
-0.001825 0
-0.0018 0
-0.001775 0
-0.00175 0
-0.001725 0
-0.0017 0
-0.001675 0
-0.00165 0
-0.001625 0
-0.0016 0
-0.001575 0
-0.00155 0
-0.001525 0
-0.0015 0
-0.001475 0
-0.00145 0
-0.001425 0
-0.0014 0
-0.001375 0
-0.00135 0
-0.001325 0
-0.0013 0
-0.001275 0
-0.00125 0
-0.001225 0
-0.0012 0
-0.001175 0
-0.00115 0
-0.001125 0
-0.0011 0
-0.001075 0
-0.00105 0
-0.001025 0
-0.001 0
-0.000975 0
-0.00095 0
-0.000925 0
-0.0009 0
-0.000875 0
-0.00085 0
-0.000825 0
-0.0008 0
-0.000775 0
-0.00075 0
-0.000725 0
-0.0007 0
-0.000675 0
-0.00065 0
-0.000625 0
-0.0006 0
-0.000575 0
-0.00055 0
-0.000525 0
-0.0005 0
-0.000475 0
-0.00045 0
-0.000425 0
-0.0004 0
-0.000375 0
-0.00035 0
-0.000325 0
-0.0003 0
-0.000275 0
-0.00025 0
-0.000225 0
-0.0002 0
-0.000175 0
-0.00015 0
-0.000125 0
-0.0001 0
-7.5e-05 0
-5e-05 0
-2.5e-05 0
-6.09864e-20 0
2.5e-05 0
5e-05 0
7.5e-05 0
0.0001 0
0.000125 0
0.00015 0
0.000175 0
0.0002 0
0.000225 0
0.00025 0
0.000275 0
0.0003 0
0.000325 0
0.00035 0
0.000375 0
0.0004 0
0.000425 0
0.00045 0
0.000475 0
0.0005 0
0.000525 0
0.00055 0
0.000575 0
0.0006 0
0.000625 0
0.0006 0
0.000575 0
0.00055 0
0.000525 0
0.0005 0
0.000475 0
0.00045 0
0.000425 0
0.0004 0
0.000375 0
0.00035 0
0.000325 0
0.0003 0
0.000275 0
0.00025 0
0.000225 0
0.0002 0
0.000175 0
0.00015 0
0.000125 0
0.0001 0
7.5e-05 0
5e-05 0
2.5e-05 0
-4.74338e-20 0
-2.5e-05 0
-5e-05 0
-7.5e-05 0
-0.0001 0
-0.000125 0
-0.00015 0
-0.000175 0
-0.0002 0
-0.000225 0
-0.00025 0
-0.000275 0
-0.0003 0
-0.000325 0
-0.00035 0
-0.000375 0
-0.0004 0
-0.000425 0
-0.00045 0
-0.000475 0
-0.0005 0
-0.000525 0
-0.00055 0
-0.000575 0
-0.0006 0
-0.000625 0
-0.00065 0
-0.000675 0
-0.0007 0
-0.000725 0
-0.00075 0
-0.000775 0
-0.0008 0
-0.000825 0
-0.00085 0
-0.000875 0
-0.0009 0
-0.000925 0
-0.00095 0
-0.000975 0
-0.001 0
-0.001025 0
-0.00105 0
-0.001075 0
-0.0011 0
-0.001125 0
-0.00115 0
-0.001175 0
-0.0012 0
-0.001225 0
-0.00125 0
-0.001275 0
-0.0013 0
-0.001325 0
-0.00135 0
-0.001375 0
-0.0014 0
-0.001425 0
-0.00145 0
-0.001475 0
-0.0015 0
-0.001525 0
-0.00155 0
-0.001575 0
-0.0016 0
-0.001625 0
-0.00165 0
-0.001675 0
-0.0017 0
-0.001725 0
-0.00175 0
-0.001775 0
-0.0018 0
-0.001825 0
-0.00185 0
-0.001875 0
-0.0019 0
-0.001925 0
-0.00195 0
-0.001975 0
-0.002 0
-0.002025 0
-0.00205 0
-0.002075 0
-0.0021 0
-0.002125 0
-0.00215 0
-0.002175 0
-0.0022 0
-0.002225 0
-0.00225 0
-0.00227548 0.0475853
-0.00230142 0.142418
-0.00232737 0.237252
-0.00235332 0.332085
-0.00237927 0.426918
-0.00240522 0.521751
-0.00243117 0.616584
-0.00245711 0.711417
-0.00248306 0.80625
-0.00250901 0.901083
-0.00253496 0.995916
-0.00256091 1.09075
-0.00258686 1.18558
-0.0026128 1.28042
-0.00263875 1.37525
-0.0026647 1.47008
-0.00269065 1.56492
-0.0027166 1.65975
-0.00274255 1.75458
-0.00276849 1.84941
-0.00279444 1.94425
-0.00282039 2.03908
-0.00284634 2.13391
-0.00287229 2.22875
-0.00289824 2.32358
-0.00292418 2.41841
-0.00295013 2.51325
-0.00297608 2.60808
-0.00300203 2.70291
-0.00302798 2.79775
-0.00305393 2.89258
-0.00307987 2.98741
-0.00310582 3.08224
-0.00313177 3.17708
-0.00315772 3.27191
-0.00318367 3.36674
-0.00320962 3.46158
-0.00323556 3.55641
-0.00326151 3.65124
-0.00328746 3.74608
-0.00331341 3.84091
-0.00333936 3.93574
-0.00336531 4.03058
-0.00339125 4.12541
-0.0034172 4.22024
-0.00344315 4.31508
-0.0034691 4.40991
-0.00349505 4.50474
-0.003521 4.59957
-0.00354694 4.69441
-0.00357289 4.78924
-0.00359884 4.88407
-0.00362479 4.97891
-0.00365074 5.07374
-0.00367669 5.16857
-0.00370263 5.26341
-0.00372858 5.35824
-0.00375453 5.45307
-0.00378048 5.54791
-0.00380643 5.64274
-0.00383238 5.73757
-0.00385832 5.83241
-0.00388427 5.92724
-0.00391022 6.02207
-0.00393617 6.1169
-0.00396212 6.21174
-0.00398807 6.30657
-0.00401401 6.4014
-0.00403996 6.49624
-0.00406591 6.59107
-0.00409186 6.6859
-0.00411781 6.78074
-0.00414376 6.87557
-0.0041697 6.9704
-0.00419565 7.06524
-0.0042216 7.16007
-0.00424755 7.2549
-0.0042735 7.34974
-0.00429945 7.44457
-0.00432539 7.5394
-0.00435134 7.63423
-0.00437729 7.72907
-0.00440324 7.8239
-0.00442919 7.91873
-0.00445514 8.01357
-0.00448108 8.1084
-0.00450703 8.20323
-0.00453298 8.29807
-0.00455893 8.3929
-0.00458488 8.48773
-0.00461083 8.58257
-0.00463677 8.6774
-0.00466272 8.77223
-0.00468867 8.86706
-0.00471462 8.9619
-0.00474057 9.05673
-0.00476652 9.15156
-0.00479246 9.2464
-0.00481841 9.34123
-0.00484436 9.43606
-0.00487031 9.5309
-0.00489626 9.62573
-0.00492221 9.72056
-0.00494815 9.8154
-0.0049741 9.91023
-0.00500005 10.0051
-0.005026 10.0999
-0.00505195 10.1947
-0.0050779 10.2896
-0.00510384 10.3844
-0.00512979 10.4792
-0.00515574 10.5741
-0.00518169 10.6689
-0.00520764 10.7637
-0.00523359 10.8586
-0.00525953 10.9534
-0.00528548 11.0482
-0.00531143 11.1431
-0.00533738 11.2379
-0.00536333 11.3327
-0.00538928 11.4276
-0.00541522 11.5224
-0.00544117 11.6172
-0.00546712 11.7121
-0.00549307 11.8069
-0.00551902 11.9017
-0.00554497 11.9966
-0.00557091 12.0914
-0.00559686 12.1862
-0.00562281 12.2811
-0.00564876 12.3759
-0.00567471 12.4707
-0.00570066 12.5656
-0.0057266 12.6604
-0.00575255 12.7552
-0.0057785 12.8501
-0.00580445 12.9449
-0.0058304 13.0397
-0.00585635 13.1346
-0.00588229 13.2294
-0.00590824 13.3242
-0.00593419 13.4191
-0.00596014 13.5139
-0.00598609 13.6087
-0.00601204 13.7036
-0.00603798 13.7984
-0.00606393 13.8932
-0.00608988 13.9881
-0.00611583 14.0829
-0.00614178 14.1777
-0.00616773 14.2726
-0.00619367 14.3674
-0.00621962 14.4622
-0.00624557 14.5571
-0.00627152 14.6519
-0.00629747 14.7467
-0.00632342 14.8416
-0.00634936 14.9364
-0.00637531 15.0312
-0.00640126 15.1261
-0.006425 15
-0.00644874 14.8739
-0.00647248 14.7479
-0.00649622 14.6218
-0.00651996 14.4958
-0.0065437 14.3697
-0.00656744 14.2437
-0.00659118 14.1176
-0.00661492 13.9916
-0.00663866 13.8655
-0.00666239 13.7395
-0.00668613 13.6134
-0.00670987 13.4874
-0.00673361 13.3613
-0.00675735 13.2353
-0.00678109 13.1092
-0.00680483 12.9832
-0.00682857 12.8571
-0.00685231 12.7311
-0.00687605 12.605
-0.00689979 12.479
-0.00692353 12.3529
-0.00694727 12.2269
-0.00697101 12.1008
-0.00699475 11.9748
-0.00701849 11.8487
-0.00704223 11.7227
-0.00706597 11.5966
-0.00708971 11.4706
-0.00711345 11.3445
-0.00713718 11.2185
-0.00716092 11.0924
-0.00718466 10.9664
-0.0072084 10.8403
-0.00723214 10.7143
-0.00725588 10.5882
-0.00727962 10.4622
-0.00730336 10.3361
-0.0073271 10.2101
-0.00735084 10.084
-0.00737458 9.95798
-0.00739832 9.83193
-0.00742206 9.70588
-0.0074458 9.57983
-0.00746954 9.45378
-0.00749328 9.32773
-0.00751702 9.20168
-0.00754076 9.07563
-0.0075645 8.94958
-0.00758824 8.82353
-0.00755907 8.40686
-0.0075299 7.9902
-0.00750074 7.57353
-0.00747157 7.15686
-0.0074424 6.7402
-0.00741324 6.32353
-0.00738407 5.90686
-0.0073549 5.4902
-0.00732574 5.07353
-0.00729657 4.65686
-0.0072674 4.2402
-0.00724096 4.0956
-0.00721565 4.06472
-0.00719034 4.03383
-0.00716503 4.00294
-0.00713972 3.97205
-0.00711441 3.94116
-0.0070891 3.91027
-0.00706379 3.87938
-0.00703848 3.84849
-0.00701318 3.8176
-0.00698787 3.78671
-0.00696256 3.75582
-0.00693725 3.72493
-0.00691194 3.69404
-0.00688663 3.66316
-0.00686132 3.63227
-0.00683601 3.60138
-0.0068107 3.57049
-0.0067854 3.5396
-0.00676009 3.50871
-0.00673478 3.47782
-0.00670947 3.44693
-0.00668416 3.41604
-0.00665885 3.38515
-0.00663354 3.35426
-0.00660823 3.32337
-0.00658292 3.29249
-0.00655762 3.2616
-0.00653231 3.23071
-0.006507 3.19982
-0.00648169 3.16893
-0.00645638 3.13804
-0.00643107 3.10715
-0.00640576 3.07626
-0.00638045 3.04537
-0.00635514 3.01448
-0.00632984 2.98359
-0.00630453 2.9527
-0.00627922 2.92181
-0.00625391 2.89093
-0.0062286 2.86004
-0.00620329 2.82915
-0.00617798 2.79826
-0.00615267 2.76737
-0.00612736 2.73648
-0.00610206 2.70559
-0.00607675 2.6747
-0.00605144 2.64381
-0.00602613 2.61292
-0.00600082 2.58203
-0.00597551 2.55114
-0.0059502 2.52026
-0.00592489 2.48937
-0.00589958 2.45848
-0.00587428 2.42759
-0.00584897 2.3967
-0.00582366 2.36581
-0.00579835 2.33492
-0.00577304 2.30403
-0.00574773 2.27314
-0.00572242 2.24225
-0.00569711 2.21136
-0.0056718 2.18047
-0.0056465 2.14958
-0.00562119 2.1187
-0.00559588 2.08781
-0.00557057 2.05692
-0.00554526 2.02603
-0.00551995 1.99514
-0.00549464 1.96425
-0.00546933 1.93336
-0.00544402 1.90247
-0.00541872 1.87158
-0.00539341 1.84069
-0.0053681 1.8098
-0.00534279 1.77891
-0.00531748 1.74803
-0.00529217 1.71714
-0.00526686 1.68625
-0.00524155 1.65536
-0.00521624 1.62447
-0.00519094 1.59358
-0.00516563 1.56269
-0.00514032 1.5318
-0.00511501 1.50091
-0.0050897 1.47002
-0.00506439 1.43913
-0.00503908 1.40824
-0.00501377 1.37735
-0.00498846 1.34647
-0.00496316 1.31558
-0.00493785 1.28469
-0.00491254 1.2538
-0.00488723 1.22291
-0.00486192 1.19202
-0.00483661 1.16113
-0.0048113 1.13024
-0.00478599 1.09935
-0.00476068 1.06846
-0.00473538 1.03757
-0.00471007 1.00668
-0.00468476 0.975795
-0.00465945 0.944906
-0.00463414 0.914017
-0.00460883 0.883127
-0.00458352 0.852238
-0.00455821 0.821349
-0.0045329 0.79046
-0.0045076 0.759571
-0.00448229 0.728681
-0.00445698 0.697792
-0.00443167 0.666903
-0.00440636 0.636014
-0.00438105 0.605125
-0.00435574 0.574235
-0.00433043 0.543346
-0.00430512 0.512457
-0.00427982 0.481568
-0.00425451 0.450679
-0.0042292 0.419789
-0.00420389 0.3889
-0.00417858 0.358011
-0.00415327 0.327122
-0.00412796 0.296233
-0.00410265 0.265343
-0.00407734 0.234454
-0.00405204 0.203565
-0.00402673 0.172676
-0.00400142 0.141787
-0.00397611 0.110897
-0.0039508 0.0800081
-0.00392549 0.0491189
-0.00390018 0.0182297
-0.003875 0
-0.00385 0
-0.003825 0
-0.0038 0
-0.003775 0
-0.00375 0
-0.003725 0
-0.0037 0
-0.003675 0
-0.00365 0
-0.003625 0
-0.0036 0
-0.003575 0
-0.00355 0
-0.003525 0
-0.0035 0
-0.003475 0
-0.00345 0
-0.003425 0
-0.0034 0
-0.003375 0
-0.00335 0
-0.003325 0
-0.0033 0
-0.003275 0
-0.00325 0
-0.003225 0
-0.0032 0
-0.003175 0
-0.00315 0
-0.003125 0
-0.0031 0
-0.003075 0
-0.00305 0
-0.003025 0
-0.003 0
-0.002975 0
-0.00295 0
-0.002925 0
-0.0029 0
-0.002875 0
-0.00285 0
-0.002825 0
-0.0028 0
-0.002775 0
-0.00275 0
-0.002725 0
-0.0027 0
-0.002675 0
-0.00265 0
-0.002625 0
-0.0026 0
-0.002575 0
-0.00255 0
-0.002525 0
-0.0025 0
-0.002475 0
-0.00245 0
-0.002425 0
-0.0024 0
-0.002375 0
-0.00235 0
-0.002325 0
-0.0023 0
-0.002275 0
-0.00225 0
-0.002225 0
-0.0022 0
-0.002175 0
-0.00215 0
-0.002125 0
-0.0021 0
-0.002075 0
-0.00205 0
-0.002025 0
-0.002 0
-0.001975 0
-0.00195 0
-0.001925 0
-0.0019 0
-0.001875 0
-0.00185 0
-0.001825 0
-0.0018 0
-0.001775 0
-0.00175 0
-0.001725 0
-0.0017 0
-0.001675 0
-0.00165 0
-0.001625 0
-0.0016 0
-0.001575 0
-0.00155 0
-0.001525 0
-0.0015 0
-0.001475 0
-0.00145 0
-0.001425 0
-0.0014 0
-0.001375 0
-0.00135 0
-0.001325 0
-0.0013 0
-0.001275 0
-0.00125 0
-0.001225 0
-0.0012 0
-0.001175 0
-0.00115 0
-0.001125 0
-0.0011 0
-0.001075 0
-0.00105 0
-0.001025 0
-0.001 0
-0.000975 0
-0.00095 0
-0.000925 0
-0.0009 0
-0.000875 0
-0.00085 0
-0.000825 0
-0.0008 0
-0.000775 0
-0.00075 0
-0.000725 0
-0.0007 0
-0.000675 0
-0.00065 0
-0.000625 0
-0.0006 0
-0.000575 0
-0.00055 0
-0.000525 0
-0.0005 0
-0.000475 0
-0.00045 0
-0.000425 0
-0.0004 0
-0.000375 0
-0.00035 0
-0.000325 0
-0.0003 0
-0.000275 0
-0.00025 0
-0.000225 0
-0.0002 0
-0.000175 0
-0.00015 0
-0.000125 0
-0.0001 0
-7.5e-05 0
-5e-05 0
-2.5e-05 0
-6.09864e-20 0
2.5e-05 0
5e-05 0
7.5e-05 0
0.0001 0
0.000125 0
0.00015 0
0.000175 0
0.0002 0
0.000225 0
0.00025 0
0.000275 0
0.0003 0
0.000325 0
0.00035 0
0.000375 0
0.0004 0
0.000425 0
0.00045 0
0.000475 0
0.0005 0
0.000525 0
0.00055 0
0.000575 0
0.0006 0
0.000625 0
0.00065 0
0.000675 0
0.0007 0
0.000725 0
0.00075 0
0.000725 0
0.0007 0
0.000675 0
0.00065 0
0.000625 0
0.0006 0
0.000575 0
0.00055 0
0.000525 0
0.0005 0
0.000475 0
0.00045 0
0.000425 0
0.0004 0
0.000375 0
0.00035 0
0.000325 0
0.0003 0
0.000275 0
0.00025 0
0.000225 0
0.0002 0
0.000175 0
0.00015 0
0.000125 0
0.0001 0
7.5e-05 0
5e-05 0
2.5e-05 0
-4.74338e-20 0
-2.5e-05 0
-5e-05 0
-7.5e-05 0
-0.0001 0
-0.000125 0
-0.00015 0
-0.000175 0
-0.0002 0
-0.000225 0
-0.00025 0
-0.000275 0
-0.0003 0
-0.000325 0
-0.00035 0
-0.000375 0
-0.0004 0
-0.000425 0
-0.00045 0
-0.000475 0
-0.0005 0
-0.000525 0
-0.00055 0
-0.000575 0
-0.0006 0
-0.000625 0
-0.00065 0
-0.000675 0
-0.0007 0
-0.000725 0
-0.00075 0
-0.000775 0
-0.0008 0
-0.000825 0
-0.00085 0
-0.000875 0
-0.0009 0
-0.000925 0
-0.00095 0
-0.000975 0
-0.001 0
-0.001025 0
-0.00105 0
-0.001075 0
-0.0011 0
-0.001125 0
-0.00115 0
-0.001175 0
-0.0012 0
-0.001225 0
-0.00125 0
-0.001275 0
-0.0013 0
-0.001325 0
-0.00135 0
-0.001375 0
-0.0014 0
-0.001425 0
-0.00145 0
-0.001475 0
-0.0015 0
-0.001525 0
-0.00155 0
-0.001575 0
-0.0016 0
-0.001625 0
-0.00165 0
-0.001675 0
-0.0017 0
-0.001725 0
-0.00175 0
-0.001775 0
-0.0018 0
-0.001825 0
-0.00185 0
-0.001875 0
-0.0019 0
-0.001925 0
-0.00195 0
-0.001975 0
-0.002 0
-0.002025 0
-0.00205 0
-0.002075 0
-0.0021 0
-0.002125 0
-0.00215 0
-0.002175 0
-0.0022 0
-0.002225 0
-0.00225 0
-0.002275 0
-0.0023 0
-0.002325 0
-0.00235 0
-0.002375 0
-0.0024 0
-0.002425 0
-0.00245 0
-0.002475 0
-0.0025 0
-0.002525 0
-0.00255 0
-0.002575 0
-0.0026 0
-0.002625 0
-0.00265 0
-0.002675 0
-0.0027 0
-0.002725 0
-0.00275 0
-0.002775 0
-0.0028 0
-0.002825 0
-0.00285 0
-0.002875 0
-0.0029 0
-0.002925 0
-0.00295 0
-0.002975 0
-0.003 0
-0.003025 0
-0.00305 0
-0.003075 0
-0.0031 0
-0.003125 0
-0.00315 0
-0.003175 0
-0.0032 0
-0.003225 0
-0.00325 0
-0.003275 0
-0.0033 0
-0.003325 0
-0.00335 0
-0.003375 0
-0.0034 0
-0.003425 0
-0.00345 0
-0.003475 0
-0.0035 0
-0.003525 0
-0.00355 0
-0.003575 0
-0.0036 0
-0.003625 0
-0.00365 0
-0.003675 0
-0.0037 0
-0.003725 0
-0.00375 0
-0.003775 0
-0.0038 0
-0.003825 0
-0.00385 0
-0.003875 0
-0.00390036 0.0360144
-0.00392597 0.0970388
-0.00395158 0.158063
-0.00397719 0.219088
-0.0040028 0.280112
-0.00402841 0.341136
-0.00405402 0.402161
-0.00407963 0.463185
-0.00410524 0.52421
-0.00413085 0.585234
-0.00415646 0.646259
-0.00418207 0.707283
-0.00420768 0.768307
-0.00423329 0.829332
-0.0042589 0.890356
-0.00428451 0.951381
-0.00431012 1.0124
-0.00433573 1.07343
-0.00436134 1.13445
-0.00438695 1.19548
-0.00441257 1.2565
-0.00443818 1.31753
-0.00446379 1.37855
-0.0044894 1.43958
-0.00451501 1.5006
-0.00454062 1.56162
-0.00456623 1.62265
-0.00459184 1.68367
-0.00461745 1.7447
-0.00464306 1.80572
-0.00466867 1.86675
-0.00469428 1.92777
-0.00471989 1.9888
-0.0047455 2.04982
-0.00477111 2.11084
-0.00479672 2.17187
-0.00482233 2.23289
-0.00484794 2.29392
-0.00487355 2.35494
-0.00489916 2.41597
-0.00492477 2.47699
-0.00495038 2.53802
-0.00497599 2.59904
-0.0050016 2.66006
-0.00502721 2.72109
-0.00505282 2.78211
-0.00507843 2.84314
-0.00510404 2.90416
-0.00512965 2.96519
-0.00515526 3.02621
-0.00518087 3.08723
-0.00520648 3.14826
-0.00523209 3.20928
-0.0052577 3.27031
-0.00528331 3.33133
-0.00530892 3.39236
-0.00533453 3.45338
-0.00536014 3.51441
-0.00538575 3.57543
-0.00541136 3.63645
-0.00543697 3.69748
-0.00546259 3.7585
-0.0054882 3.81953
-0.00551381 3.88055
-0.00553942 3.94158
-0.00556503 4.0026
-0.00559064 4.06363
-0.00561625 4.12465
-0.00564186 4.18567
-0.00566747 4.2467
-0.00569308 4.30772
-0.00571869 4.36875
-0.0057443 4.42977
-0.00576991 4.4908
-0.00579552 4.55182
-0.00582113 4.61285
-0.00584674 4.67387
-0.00587235 4.73489
-0.00589796 4.79592
-0.00592357 4.85694
-0.00594918 4.91797
-0.00597479 4.97899
-0.0060004 5.04002
-0.00602601 5.10104
-0.00605162 5.16206
-0.00607723 5.22309
-0.00610284 5.28411
-0.00612845 5.34514
-0.00615406 5.40616
-0.00617967 5.46719
-0.00620528 5.52821
-0.00623089 5.58924
-0.0062565 5.65026
-0.00628211 5.71128
-0.00630772 5.77231
-0.00633333 5.83333
-0.00635894 5.89436
-0.00638455 5.95538
-0.00641016 6.01641
-0.00643577 6.07743
-0.00646138 6.13846
-0.00648699 6.19948
-0.00651261 6.2605
-0.00653822 6.32153
-0.00656383 6.38255
-0.00658944 6.44358
-0.00661505 6.5046
-0.00664066 6.56563
-0.00666627 6.62665
-0.00669188 6.68768
-0.00671749 6.7487
-0.0067431 6.80972
-0.00676871 6.87075
-0.00679432 6.93177
-0.00681993 6.9928
-0.00684554 7.05382
-0.00687115 7.11485
-0.00689676 7.17587
-0.00692237 7.23689
-0.00694798 7.29792
-0.00697359 7.35894
-0.0069992 7.41997
-0.00702481 7.48099
-0.00705042 7.54202
-0.00707603 7.60304
-0.00710164 7.66407
-0.00712725 7.72509
-0.00715286 7.78611
-0.00717847 7.84714
-0.00720408 7.90816
-0.00722969 7.96919
-0.0072553 8.03021
-0.00728091 8.09124
-0.00730652 8.15226
-0.00733213 8.21329
-0.00735774 8.27431
-0.00738335 8.33533
-0.00740896 8.39636
-0.00743457 8.45738
-0.00746018 8.51841
-0.00748579 8.57943
-0.0075114 8.64046
-0.00753701 8.70148
-0.00756263 8.76251
-0.00758824 8.82353
-0.00761197 8.69748
-0.00763571 8.57143
-0.00765945 8.44538
-0.00768319 8.31933
-0.00770693 8.19328
-0.00773067 8.06723
-0.00775441 7.94118
-0.00777815 7.81513
-0.00780189 7.68908
-0.00782563 7.56303
-0.00784937 7.43697
-0.00787311 7.31092
-0.00789685 7.18487
-0.00792059 7.05882
-0.00794433 6.93277
-0.00796807 6.80672
-0.00799181 6.68067
-0.00801555 6.55462
-0.00803929 6.42857
-0.00806303 6.30252
-0.00808676 6.17647
-0.0081105 6.05042
-0.008135 6
-0.00816 6
-0.008185 6
-0.00821 6
-0.008235 6
-0.00826 6
-0.008285 6
-0.00831 6
-0.008335 6
-0.00836 6
-0.008385 6
-0.00841 6
-0.008435 6
-0.00846 6
-0.008485 6
-0.00851 6
-0.008535 6
-0.00856 6
-0.008585 6
-0.00861 6
-0.008635 6
-0.00866 6
-0.008685 6
-0.00871 6
-0.008735 6
-0.00876 6
-0.008785 6
-0.00881 6
-0.00878083 5.58333
-0.00875167 5.16667
-0.0087225 4.75
-0.00869333 4.33333
-0.00866417 3.91667
-0.008635 3.5
-0.00860583 3.08333
-0.00857844 2.84413
-0.00855321 2.82121
-0.00852798 2.79829
-0.00850275 2.77536
-0.00847752 2.75244
-0.0084523 2.72952
-0.00842707 2.7066
-0.00840184 2.68367
-0.00837661 2.66075
-0.00835138 2.63783
-0.00832615 2.61491
-0.00830092 2.59199
-0.00827569 2.56906
-0.00825046 2.54614
-0.00822523 2.52322
-0.0082 2.5003
-0.00817477 2.47738
-0.00814954 2.45445
-0.00812432 2.43153
-0.00809909 2.40861
-0.00807386 2.38569
-0.00804863 2.36276
-0.0080234 2.33984
-0.00799817 2.31692
-0.00797294 2.294
-0.00794771 2.27108
-0.00792248 2.24815
-0.00789725 2.22523
-0.00787202 2.20231
-0.00784679 2.17939
-0.00782156 2.15647
-0.00779634 2.13354
-0.00777111 2.11062
-0.00774588 2.0877
-0.00772065 2.06478
-0.00769542 2.04186
-0.00767019 2.01893
-0.00764496 1.99601
-0.00761973 1.97309
-0.0075945 1.95017
-0.00756927 1.92724
-0.00754404 1.90432
-0.00751881 1.8814
-0.00749358 1.85848
-0.00746836 1.83556
-0.00744313 1.81263
-0.0074179 1.78971
-0.00739267 1.76679
-0.00736744 1.74387
-0.00734221 1.72095
-0.00731698 1.69802
-0.00729175 1.6751
-0.00726652 1.65218
-0.00724129 1.62926
-0.00721606 1.60633
-0.00719083 1.58341
-0.0071656 1.56049
-0.00714038 1.53757
-0.00711515 1.51465
-0.00708992 1.49172
-0.00706469 1.4688
-0.00703946 1.44588
-0.00701423 1.42296
-0.006989 1.40004
-0.00696377 1.37711
-0.00693854 1.35419
-0.00691331 1.33127
-0.00688808 1.30835
-0.00686285 1.28543
-0.00683763 1.2625
-0.0068124 1.23958
-0.00678717 1.21666
-0.00676194 1.19374
-0.00673671 1.17081
-0.00671148 1.14789
-0.00668625 1.12497
-0.00666102 1.10205
-0.00663579 1.07913
-0.00661056 1.0562
-0.00658533 1.03328
-0.0065601 1.01036
-0.00653487 0.987437
-0.00650965 0.964515
-0.00648442 0.941593
-0.00645919 0.918671
-0.00643396 0.895749
-0.00640873 0.872827
-0.0063835 0.849905
-0.00635827 0.826983
-0.00633304 0.80406
-0.00630781 0.781138
-0.00628258 0.758216
-0.00625735 0.735294
-0.00623212 0.712372
-0.00620689 0.68945
-0.00618167 0.666528
-0.00615644 0.643606
-0.00613121 0.620683
-0.00610598 0.597761
-0.00608075 0.574839
-0.00605552 0.551917
-0.00603029 0.528995
-0.00600506 0.506073
-0.00597983 0.483151
-0.0059546 0.460229
-0.00592937 0.437307
-0.00590414 0.414384
-0.00587891 0.391462
-0.00585369 0.36854
-0.00582846 0.345618
-0.00580323 0.322696
-0.005778 0.299774
-0.00575277 0.276852
-0.00572754 0.25393
-0.00570231 0.231007
-0.00567708 0.208085
-0.00565185 0.185163
-0.00562662 0.162241
-0.00560139 0.139319
-0.00557616 0.116397
-0.00555093 0.0934746
-0.00552571 0.0705525
-0.00550048 0.0476304
-0.00547525 0.0247083
-0.00545002 0.00178614
-0.005425 0
-0.0054 0
-0.005375 0
-0.00535 0
-0.005325 0
-0.0053 0
-0.005275 0
-0.00525 0
-0.005225 0
-0.0052 0
-0.005175 0
-0.00515 0
-0.005125 0
-0.0051 0
-0.005075 0
-0.00505 0
-0.005025 0
-0.005 0
-0.004975 0
-0.00495 0
-0.004925 0
-0.0049 0
-0.004875 0
-0.00485 0
-0.004825 0
-0.0048 0
-0.004775 0
-0.00475 0
-0.004725 0
-0.0047 0
-0.004675 0
-0.00465 0
-0.004625 0
-0.0046 0
-0.004575 0
-0.00455 0
-0.004525 0
-0.0045 0
-0.004475 0
-0.00445 0
-0.004425 0
-0.0044 0
-0.004375 0
-0.00435 0
-0.004325 0
-0.0043 0
-0.004275 0
-0.00425 0
-0.004225 0
-0.0042 0
-0.004175 0
-0.00415 0
-0.004125 0
-0.0041 0
-0.004075 0
-0.00405 0
-0.004025 0
-0.004 0
-0.003975 0
-0.00395 0
-0.003925 0
-0.0039 0
-0.003875 0
-0.00385 0
-0.003825 0
-0.0038 0
-0.003775 0
-0.00375 0
-0.003725 0
-0.0037 0
-0.003675 0
-0.00365 0
-0.003625 0
-0.0036 0
-0.003575 0
-0.00355 0
-0.003525 0
-0.0035 0
-0.003475 0
-0.00345 0
-0.003425 0
-0.0034 0
-0.003375 0
-0.00335 0
-0.003325 0
-0.0033 0
-0.003275 0
-0.00325 0
-0.003225 0
-0.0032 0
-0.003175 0
-0.00315 0
-0.003125 0
-0.0031 0
-0.003075 0
-0.00305 0
-0.003025 0
-0.003 0
-0.002975 0
-0.00295 0
-0.002925 0
-0.0029 0
-0.002875 0
-0.00285 0
-0.002825 0
-0.0028 0
-0.002775 0
-0.00275 0
-0.002725 0
-0.0027 0
-0.002675 0
-0.00265 0
-0.002625 0
-0.0026 0
-0.002575 0
-0.00255 0
-0.002525 0
-0.0025 0
-0.002475 0
-0.00245 0
-0.002425 0
-0.0024 0
-0.002375 0
-0.00235 0
-0.002325 0
-0.0023 0
-0.002275 0
-0.00225 0
-0.002225 0
-0.0022 0
-0.002175 0
-0.00215 0
-0.002125 0
-0.0021 0
-0.002075 0
-0.00205 0
-0.002025 0
-0.002 0
-0.001975 0
-0.00195 0
-0.001925 0
-0.0019 0
-0.001875 0
-0.00185 0
-0.001825 0
-0.0018 0
-0.001775 0
-0.00175 0
-0.001725 0
-0.0017 0
-0.001675 0
-0.00165 0
-0.001625 0
-0.0016 0
-0.001575 0
-0.00155 0
-0.001525 0
-0.0015 0
-0.001475 0
-0.00145 0
-0.001425 0
-0.0014 0
-0.001375 0
-0.00135 0
-0.001325 0
-0.0013 0
-0.001275 0
-0.00125 0
-0.001225 0
-0.0012 0
-0.001175 0
-0.00115 0
-0.001125 0
-0.0011 0
-0.001075 0
-0.00105 0
-0.001025 0
-0.001 0
-0.000975 0
-0.00095 0
-0.000925 0
-0.0009 0
-0.000875 0
-0.00085 0
-0.000825 0
-0.0008 0
-0.000775 0
-0.00075 0
-0.000725 0
-0.0007 0
-0.000675 0
-0.00065 0
-0.000625 0
-0.0006 0
-0.000575 0
-0.00055 0
-0.000525 0
-0.0005 0
-0.000475 0
-0.00045 0
-0.000425 0
-0.0004 0
-0.000375 0
-0.00035 0
-0.000325 0
-0.0003 0
-0.000275 0
-0.00025 0
-0.000225 0
-0.0002 0
-0.000175 0
-0.00015 0
-0.000125 0
-0.0001 0
-7.5e-05 0
-5e-05 0
-2.5e-05 0
-9.28348e-19 0
2.5e-05 0
5e-05 0
7.5e-05 0
0.0001 0
0.000125 0
0.00015 0
0.000175 0
0.0002 0
0.000225 0
0.00025 0
0.000275 0
0.0003 0
0.000325 0
0.00035 0
0.000375 0
0.0004 0
0.000425 0
0.00045 0
0.000475 0
0.0005 0
0.000525 0
0.00055 0
0.000575 0
0.0006 0
0.000625 0
0.00065 0
0.000675 0
0.0007 0
0.000725 0
0.00075 0
0.000775 0
0.0008 0
0.000825 0
0.00085 0
0.000875 0
0.00085 0
0.000825 0
0.0008 0
0.000775 0
0.00075 0
0.000725 0
0.0007 0
0.000675 0
0.00065 0
0.000625 0
0.0006 0
0.000575 0
0.00055 0
0.000525 0
0.0005 0
0.000475 0
0.00045 0
0.000425 0
0.0004 0
0.000375 0
0.00035 0
0.000325 0
0.0003 0
0.000275 0
0.00025 0
0.000225 0
0.0002 0
0.000175 0
0.00015 0
0.000125 0
0.0001 0
7.5e-05 0
5e-05 0
2.5e-05 0
-9.14796e-19 0
