-3.07478e-05 0.574785
-6.14527e-05 1.14527
-9.21144e-05 1.71144
-0.000122732 2.27325
-0.000153307 2.83068
-0.000183837 3.38369
-0.000214323 3.93226
-0.000244764 4.47636
-0.000275159 5.01595
-0.00030551 5.551
-0.000335815 6.08149
-0.000366074 6.60738
-0.000396286 7.12863
-0.000426452 7.64522
-0.000456571 8.15711
-0.000486643 8.66427
-0.000516667 9.16667
-0.000546643 9.66426
-0.00057657 10.157
-0.000606449 10.6449
-0.000636279 11.1279
-0.000666059 11.6059
-0.00069579 12.079
-0.00072547 12.547
-0.0007551 13.01
-0.00078468 13.468
-0.000814207 13.9207
-0.000843683 14.3683
-0.000873107 14.8107
-0.000902479 15.2479
-0.000931798 15.6798
-0.000961063 16.1063
-0.000990275 16.5275
-0.00101943 16.9432
-0.00104854 17.3535
-0.00107758 17.7584
-0.00110658 18.1576
-0.00113551 18.5513
-0.00116439 18.9394
-0.00119322 19.3217
-0.00122198 19.6984
-0.00125069 20.0693
-0.00127934 20.4344
-0.00130794 20.7936
-0.00133647 21.1469
-0.00136494 21.4942
-0.00139336 21.8356
-0.00142171 22.1708
-0.00145 22.5
-0.00147823 22.823
-0.00144746 22.2461
-0.00141669 21.6691
-0.00138592 21.0922
-0.00135515 20.5153
-0.00132438 19.9384
-0.00129361 19.3615
-0.00126285 18.7845
-0.00123208 18.2076
-0.00120131 17.6307
-0.00117054 17.0538
-0.00113977 16.4768
-0.001109 15.8999
-0.00107823 15.323
-0.00104746 14.7461
-0.00101669 14.1691
-0.000985922 13.5922
-0.000955153 13.0153
-0.000924384 12.4384
-0.000893615 11.8615
-0.000862845 11.2845
-0.000832076 10.7076
-0.000801307 10.1307
-0.000770538 9.55377
-0.000739768 8.97684
-0.000708999 8.39992
-0.00067823 7.823
-0.000647461 7.24607
-0.000616691 6.66915
-0.000585922 6.09223
-0.000555153 5.5153
-0.000524384 4.93838
-0.000493615 4.36146
-0.000462845 3.78453
-0.000432076 3.20761
-0.000404122 2.91224
-0.00037633 2.63299
-0.000348537 2.35373
-0.000320745 2.07448
-0.000292952 1.79522
-0.00026516 1.51597
-0.000237367 1.23671
-0.000209575 0.957455
-0.000181782 0.678199
-0.000153989 0.398944
-0.000126197 0.119688
-9.67034e-05 -0.329655
-6.59342e-05 -0.906579
-3.5165e-05 -1.4835
-4.39575e-06 -2.06042
2.63735e-05 -2.63735
5.71427e-05 -3.21427
8.79119e-05 -3.79119
0.000111012 -3.60121
0.000129762 -2.97621
0.000148512 -2.35121
0.000121056 -2.10556
9.35991e-05 -1.85991
6.61426e-05 -1.61426
3.86861e-05 -1.36861
1.12296e-05 -1.12296
-1.62269e-05 -0.877312
-4.36834e-05 -0.631663
-7.11399e-05 -0.386014
-9.85964e-05 -0.140365
-0.000127153 0.215324
-0.000157177 0.717717
-0.000187201 1.22011
-0.000217225 1.7225
-0.000247249 2.22489
-0.000277273 2.72729
-0.000307297 3.22968
-0.000337321 3.73207
-0.000367345 4.23447
-0.000397369 4.73686
-0.000427393 5.23925
-0.000457416 5.74164
-0.00048744 6.24404
-0.000517464 6.74643
-0.000547488 7.24882
-0.000577512 7.75121
-0.000607536 8.25361
-0.00063756 8.756
-0.000667584 9.25839
-0.000697608 9.76079
-0.000727632 10.2632
-0.000757656 10.7656
-0.00078768 11.268
-0.000817704 11.7704
-0.000847727 12.2727
-0.000877751 12.7751
-0.000907775 13.2775
-0.000937799 13.7799
-0.000967823 14.2823
-0.000997847 14.7847
-0.00102787 15.2871
-0.00105789 15.7895
-0.00108792 16.2919
-0.00111794 16.7943
-0.00114797 17.2967
-0.00117799 17.7991
-0.00120801 18.3015
-0.00123804 18.8039
-0.00126806 19.3062
-0.00129809 19.8086
-0.00132811 20.311
-0.00135813 20.8134
-0.00138816 21.3158
-0.00141818 21.8182
-0.00144821 22.3206
-0.00147823 22.823
-0.0015064 23.1398
-0.0015345 23.4503
-0.00156254 23.7545
-0.00159052 24.0523
-0.00161844 24.3436
-0.00164629 24.6285
-0.00167407 24.9068
-0.00170179 25.1786
-0.00172944 25.4436
-0.00175702 25.7019
-0.00178453 25.9534
-0.00181198 26.1981
-0.00183936 26.4359
-0.00186667 26.6667
-0.0018939 26.8904
-0.00192107 27.107
-0.00194816 27.3165
-0.00197519 27.5187
-0.00200214 27.7136
-0.00202901 27.9011
-0.00205581 28.0812
-0.00208254 28.2537
-0.00210919 28.4186
-0.00213576 28.5759
-0.00216225 28.7254
-0.00218867 28.867
-0.00221501 29.0008
-0.00224127 29.1265
-0.00226744 29.2442
-0.00229354 29.3538
-0.00231955 29.4551
-0.00234548 29.548
-0.00237133 29.6326
-0.00239709 29.7087
-0.00242276 29.7762
-0.00244835 29.8349
-0.00247385 29.885
-0.00249926 29.9261
-0.00252458 29.9583
-0.00254981 29.9814
-0.00257495 29.9953
-0.0026 30
-0.00262312 29.8118
-0.00264624 29.6237
-0.00266935 29.4355
-0.00269247 29.2473
-0.00271559 29.0591
-0.00273871 28.871
-0.00276183 28.6828
-0.00278495 28.4946
-0.00280806 28.3065
-0.00283118 28.1183
-0.0028543 27.9301
-0.00287742 27.7419
-0.00290054 27.5538
-0.00292366 27.3656
-0.00294677 27.1774
-0.00296989 26.9892
-0.00299301 26.8011
-0.00301613 26.6129
-0.00303925 26.4247
-0.00306237 26.2366
-0.00308548 26.0484
-0.0031086 25.8602
-0.00313172 25.672
-0.00315484 25.4839
-0.00317796 25.2957
-0.00320108 25.1075
-0.00322419 24.9194
-0.00324731 24.7312
-0.00327043 24.543
-0.00329355 24.3548
-0.00331667 24.1667
-0.00333978 23.9785
-0.0033629 23.7903
-0.00338602 23.6022
-0.00340914 23.414
-0.00343226 23.2258
-0.00345538 23.0376
-0.00347849 22.8495
-0.00350161 22.6613
-0.00352473 22.4731
-0.00354785 22.2849
-0.00357097 22.0968
-0.00359409 21.9086
-0.0036172 21.7204
-0.00364032 21.5323
-0.00366344 21.3441
-0.00368656 21.1559
-0.00370968 20.9677
-0.0037328 20.7796
-0.00375591 20.5914
-0.00377903 20.4032
-0.00380215 20.2151
-0.00382527 20.0269
-0.00384839 19.8387
-0.00387151 19.6505
-0.00389462 19.4624
-0.00391774 19.2742
-0.00394086 19.086
-0.00391009 18.5091
-0.00387932 17.9322
-0.00384855 17.3553
-0.00381778 16.7783
-0.00378701 16.2014
-0.00375624 15.6245
-0.00372548 15.0476
-0.00369471 14.4706
-0.00366394 13.8937
-0.00363317 13.3168
-0.0036024 12.7399
-0.00357163 12.1629
-0.00354086 11.586
-0.00351009 11.0091
-0.00347932 10.4322
-0.00344855 9.85525
-0.00341778 9.27833
-0.00338701 8.70141
-0.00335624 8.12448
-0.00332823 7.82325
-0.00330217 7.71697
-0.00327611 7.6107
-0.00325004 7.50443
-0.00322398 7.39816
-0.00319792 7.29189
-0.00317186 7.18562
-0.00314579 7.07935
-0.00311973 6.97308
-0.00309367 6.8668
-0.00306761 6.76053
-0.00304154 6.65426
-0.00301548 6.54799
-0.00298942 6.44172
-0.00296335 6.33545
-0.00293729 6.22918
-0.00291123 6.12291
-0.00288517 6.01663
-0.0028591 5.91036
-0.00283304 5.80409
-0.00280698 5.69782
-0.00278092 5.59155
-0.00275485 5.48528
-0.00272879 5.37901
-0.00270273 5.27274
-0.00267666 5.16646
-0.0026506 5.06019
-0.00262454 4.95392
-0.00259848 4.84765
-0.00257241 4.74138
-0.00254635 4.63511
-0.00252029 4.52884
-0.00249423 4.42257
-0.00246816 4.31629
-0.0024421 4.21002
-0.00241604 4.10375
-0.00238997 3.99748
-0.00236391 3.89121
-0.00233785 3.78494
-0.00231179 3.67867
-0.00228572 3.5724
-0.00225966 3.46613
-0.0022336 3.35985
-0.00220754 3.25358
-0.00218147 3.14731
-0.00215541 3.04104
-0.00212935 2.93477
-0.00210328 2.8285
-0.00207722 2.72223
-0.00205116 2.61596
-0.0020251 2.50968
-0.00199903 2.40341
-0.00197297 2.29714
-0.00194691 2.19087
-0.00192085 2.0846
-0.00189478 1.97833
-0.00186872 1.87206
-0.00184266 1.76579
-0.0018166 1.65951
-0.00179053 1.55324
-0.00176447 1.44697
-0.00173841 1.3407
-0.00171234 1.23443
-0.00168628 1.12816
-0.00166022 1.02189
-0.00163416 0.915616
-0.00160809 0.809344
-0.00158203 0.703073
-0.00155597 0.596802
-0.00152991 0.490531
-0.00150384 0.384259
-0.00147778 0.277988
-0.00145172 0.171717
-0.00142565 0.0654458
-0.00139906 -0.0943692
-0.0013716 -0.340018
-0.00134414 -0.585667
-0.00131669 -0.831317
-0.00128923 -1.07697
-0.00126177 -1.32261
-0.00123432 -1.56826
-0.00120686 -1.81391
-0.0011794 -2.05956
-0.00115195 -2.30521
-0.00113157 -1.84323
-0.00111282 -1.21823
-0.00109407 -0.593232
-0.001075 0
-0.00105 0
-0.001025 0
-0.001 0
-0.000975 0
-0.00095 0
-0.000925 0
-0.0009 0
-0.000875 0
-0.00085 0
-0.000825 0
-0.0008 0
-0.000775 0
-0.00075 0
-0.000725 0
-0.0007 0
-0.000675 0
-0.00065 0
-0.000625 0
-0.0006 0
-0.000575 0
-0.00055 0
-0.000525 0
-0.0005 0
-0.000475 0
-0.00045 0
-0.000425 0
-0.0004 0
-0.000375 0
-0.00035 0
-0.000325 0
-0.0003 0
-0.000275 0
-0.00025 0
-0.000225 0
-0.0002 0
-0.000175 0
-0.00015 0
-0.000125 0
-0.0001 0
-7.5e-05 0
-5e-05 0
-2.5e-05 0
-6.09864e-20 0
2.5e-05 0
5e-05 0
7.5e-05 0
0.0001 0
0.000125 0
0.00015 0
0.000175 0
0.0002 0
0.000225 0
0.00025 0
0.000275 0
0.0003 0
0.000325 0
0.00035 0
0.000375 0
0.00035 0
0.000325 0
0.0003 0
0.000275 0
0.00025 0
0.000225 0
0.0002 0
0.000175 0
0.00015 0
0.000125 0
0.0001 0
7.5e-05 0
5e-05 0
2.5e-05 0
-4.74338e-20 0
-2.5e-05 0
-5e-05 0
-7.5e-05 0
-0.0001 0
-0.000125 0
-0.00015 0
-0.000175 0
-0.0002 0
-0.000225 0
-0.00025 0
-0.000275 0
-0.0003 0
-0.000325 0
-0.00035 0
-0.000375 0
-0.0004 0
-0.000425 0
-0.00045 0
-0.000475 0
-0.0005 0
-0.000525 0
-0.00055 0
-0.000575 0
-0.0006 0
-0.000625 0
-0.00065 0
-0.000675 0
-0.0007 0
-0.000725 0
-0.00075 0
-0.000775 0
-0.0008 0
-0.000825 0
-0.00085 0
-0.000875 0
-0.0009 0
-0.000925 0
-0.00095 0
-0.000975 0
-0.001 0
-0.001025 0
-0.00105 0
-0.001075 0
-0.0011 0
-0.001125 0
-0.00115 0
-0.001175 0
-0.0012 0
-0.001225 0
-0.00125 0
-0.001275 0
-0.0013 0
-0.001325 0
-0.00135 0
-0.001375 0
-0.0014 0
-0.00142626 0.125554
-0.00145329 0.32943
-0.00148033 0.533306
-0.00150737 0.737182
-0.00153441 0.941058
-0.00156145 1.14493
-0.00158849 1.34881
-0.00161553 1.55269
-0.00164257 1.75656
-0.0016696 1.96044
-0.00169664 2.16431
-0.00172368 2.36819
-0.00175072 2.57207
-0.00177776 2.77594
-0.0018048 2.97982
-0.00183184 3.18369
-0.00185888 3.38757
-0.00188591 3.59145
-0.00191295 3.79532
-0.00193999 3.9992
-0.00196703 4.20307
-0.00199407 4.40695
-0.00202111 4.61083
-0.00204815 4.8147
-0.00207519 5.01858
-0.00210222 5.22245
-0.00212926 5.42633
-0.0021563 5.63021
-0.00218334 5.83408
-0.00221038 6.03796
-0.00223742 6.24183
-0.00226446 6.44571
-0.0022915 6.64959
-0.00231853 6.85346
-0.00234557 7.05734
-0.00237261 7.26121
-0.00239965 7.46509
-0.00242669 7.66897
-0.00245373 7.87284
-0.00248077 8.07672
-0.00250781 8.28059
-0.00253484 8.48447
-0.00256188 8.68835
-0.00258892 8.89222
-0.00261596 9.0961
-0.002643 9.29997
-0.00267004 9.50385
-0.00269708 9.70773
-0.00272412 9.9116
-0.00275115 10.1155
-0.00277819 10.3194
-0.00280523 10.5232
-0.00283227 10.7271
-0.00285931 10.931
-0.00288635 11.1349
-0.00291339 11.3387
-0.00294043 11.5426
-0.00296746 11.7465
-0.0029945 11.9504
-0.00302154 12.1542
-0.00304858 12.3581
-0.00307562 12.562
-0.00310266 12.7659
-0.0031297 12.9697
-0.00315674 13.1736
-0.00318377 13.3775
-0.00321081 13.5814
-0.00323785 13.7852
-0.00326489 13.9891
-0.00329193 14.193
-0.00331897 14.3969
-0.00334601 14.6007
-0.00337305 14.8046
-0.00340009 15.0085
-0.00342712 15.2124
-0.00345416 15.4163
-0.0034812 15.6201
-0.00350824 15.824
-0.00353528 16.0279
-0.00356232 16.2318
-0.00358936 16.4356
-0.0036164 16.6395
-0.00364343 16.8434
-0.00367047 17.0473
-0.00369751 17.2511
-0.00372455 17.455
-0.00375159 17.6589
-0.00377863 17.8628
-0.00380567 18.0666
-0.00383271 18.2705
-0.00385974 18.4744
-0.00388678 18.6783
-0.00391382 18.8821
-0.00394086 19.086
-0.00396398 18.8978
-0.0039871 18.7097
-0.00401022 18.5215
-0.00403333 18.3333
-0.00405645 18.1452
-0.00407957 17.957
-0.00410269 17.7688
-0.00412581 17.5806
-0.00414892 17.3925
-0.00417204 17.2043
-0.00419516 17.0161
-0.00421828 16.828
-0.0042414 16.6398
-0.00426452 16.4516
-0.00428763 16.2634
-0.00431075 16.0753
-0.00433387 15.8871
-0.00435699 15.6989
-0.00438011 15.5108
-0.00440323 15.3226
-0.00442634 15.1344
-0.00444946 14.9462
-0.00447258 14.7581
-0.0044957 14.5699
-0.00451882 14.3817
-0.00454194 14.1935
-0.00456505 14.0054
-0.00458817 13.8172
-0.00461129 13.629
-0.00463441 13.4409
-0.00465753 13.2527
-0.00468065 13.0645
-0.00470376 12.8763
-0.00472688 12.6882
-0.00475 12.5
-0.00477312 12.3118
-0.00479624 12.1237
-0.00481935 11.9355
-0.00484247 11.7473
-0.00486559 11.5591
-0.00488871 11.371
-0.00491183 11.1828
-0.00493495 10.9946
-0.00495806 10.8065
-0.00498118 10.6183
-0.0050043 10.4301
-0.00502742 10.2419
-0.00505054 10.0538
-0.00507366 9.86559
-0.00509677 9.67742
-0.005066 9.1005
-0.00503524 8.52357
-0.00500447 7.94665
-0.0049737 7.36973
-0.00494293 6.7928
-0.00491216 6.21588
-0.00488139 5.63896
-0.00485062 5.06203
-0.00481985 4.48511
-0.00479347 4.34739
-0.00476786 4.28646
-0.00474226 4.22554
-0.00471665 4.16462
-0.00469104 4.10369
-0.00466543 4.04277
-0.00463982 3.98184
-0.00461421 3.92092
-0.0045886 3.86
-0.00456299 3.79907
-0.00453738 3.73815
-0.00451177 3.67723
-0.00448616 3.6163
-0.00446055 3.55538
-0.00443494 3.49445
-0.00440934 3.43353
-0.00438373 3.37261
-0.00435812 3.31168
-0.00433251 3.25076
-0.0043069 3.18983
-0.00428129 3.12891
-0.00425568 3.06799
-0.00423007 3.00706
-0.00420446 2.94614
-0.00417885 2.88521
-0.00415324 2.82429
-0.00412763 2.76337
-0.00410202 2.70244
-0.00407642 2.64152
-0.00405081 2.5806
-0.0040252 2.51967
-0.00399959 2.45875
-0.00397398 2.39782
-0.00394837 2.3369
-0.00392276 2.27598
-0.00389715 2.21505
-0.00387154 2.15413
-0.00384593 2.0932
-0.00382032 2.03228
-0.00379471 1.97136
-0.0037691 1.91043
-0.0037435 1.84951
-0.00371789 1.78859
-0.00369228 1.72766
-0.00366667 1.66674
-0.00364106 1.60581
-0.00361545 1.54489
-0.00358984 1.48397
-0.00356423 1.42304
-0.00353862 1.36212
-0.00351301 1.30119
-0.0034874 1.24027
-0.00346179 1.17935
-0.00343618 1.11842
-0.00341057 1.0575
-0.00338497 0.996575
-0.00335936 0.935651
-0.00333375 0.874727
-0.00330814 0.813803
-0.00328253 0.752879
-0.00325692 0.691955
-0.00323131 0.631031
-0.0032057 0.570108
-0.00318009 0.509184
-0.00315448 0.44826
-0.00312887 0.387336
-0.00310326 0.326412
-0.00307765 0.265488
-0.00305205 0.204564
-0.00302644 0.14364
-0.00300083 0.0827165
-0.00297522 0.0217926
-0.00295 0
-0.002925 0
-0.0029 0
-0.002875 0
-0.00285 0
-0.002825 0
-0.0028 0
-0.002775 0
-0.00275 0
-0.002725 0
-0.0027 0
-0.002675 0
-0.00265 0
-0.002625 0
-0.0026 0
-0.002575 0
-0.00255 0
-0.002525 0
-0.0025 0
-0.002475 0
-0.00245 0
-0.002425 0
-0.0024 0
-0.002375 0
-0.00235 0
-0.002325 0
-0.0023 0
-0.002275 0
-0.00225 0
-0.002225 0
-0.0022 0
-0.002175 0
-0.00215 0
-0.002125 0
-0.0021 0
-0.002075 0
-0.00205 0
-0.002025 0
-0.002 0
-0.001975 0
-0.00195 0
-0.001925 0
-0.0019 0
-0.001875 0
-0.00185 0
-0.001825 0
-0.0018 0
-0.001775 0
-0.00175 0
-0.001725 0
-0.0017 0
-0.001675 0
-0.00165 0
-0.001625 0
-0.0016 0
-0.001575 0
-0.00155 0
-0.001525 0
-0.0015 0
-0.001475 0
-0.00145 0
-0.001425 0
-0.0014 0
-0.001375 0
-0.00135 0
-0.001325 0
-0.0013 0
-0.001275 0
-0.00125 0
-0.001225 0
-0.0012 0
-0.001175 0
-0.00115 0
-0.001125 0
-0.0011 0
-0.001075 0
-0.00105 0
-0.001025 0
-0.001 0
-0.000975 0
-0.00095 0
-0.000925 0
-0.0009 0
-0.000875 0
-0.00085 0
-0.000825 0
-0.0008 0
-0.000775 0
-0.00075 0
-0.000725 0
-0.0007 0
-0.000675 0
-0.00065 0
-0.000625 0
-0.0006 0
-0.000575 0
-0.00055 0
-0.000525 0
-0.0005 0
-0.000475 0
-0.00045 0
-0.000425 0
-0.0004 0
-0.000375 0
-0.00035 0
-0.000325 0
-0.0003 0
-0.000275 0
-0.00025 0
-0.000225 0
-0.0002 0
-0.000175 0
-0.00015 0
-0.000125 0
-0.0001 0
-7.5e-05 0
-5e-05 0
-2.5e-05 0
-6.09864e-20 0
2.5e-05 0
5e-05 0
7.5e-05 0
0.0001 0
0.000125 0
0.00015 0
0.000175 0
0.0002 0
0.000225 0
0.00025 0
0.000275 0
0.0003 0
0.000325 0
0.00035 0
0.000375 0
0.0004 0
0.000425 0
0.00045 0
0.000475 0
0.0005 0
0.000475 0
0.00045 0
0.000425 0
0.0004 0
0.000375 0
0.00035 0
0.000325 0
0.0003 0
0.000275 0
0.00025 0
0.000225 0
0.0002 0
0.000175 0
0.00015 0
0.000125 0
0.0001 0
7.5e-05 0
5e-05 0
2.5e-05 0
-4.74338e-20 0
-2.5e-05 0
-5e-05 0
-7.5e-05 0
-0.0001 0
-0.000125 0
-0.00015 0
-0.000175 0
-0.0002 0
-0.000225 0
-0.00025 0
-0.000275 0
-0.0003 0
-0.000325 0
-0.00035 0
-0.000375 0
-0.0004 0
-0.000425 0
-0.00045 0
-0.000475 0
-0.0005 0
-0.000525 0
-0.00055 0
-0.000575 0
-0.0006 0
-0.000625 0
-0.00065 0
-0.000675 0
-0.0007 0
-0.000725 0
-0.00075 0
-0.000775 0
-0.0008 0
-0.000825 0
-0.00085 0
-0.000875 0
-0.0009 0
-0.000925 0
-0.00095 0
-0.000975 0
-0.001 0
-0.001025 0
-0.00105 0
-0.001075 0
-0.0011 0
-0.001125 0
-0.00115 0
-0.001175 0
-0.0012 0
-0.001225 0
-0.00125 0
-0.001275 0
-0.0013 0
-0.001325 0
-0.00135 0
-0.001375 0
-0.0014 0
-0.001425 0
-0.00145 0
-0.001475 0
-0.0015 0
-0.001525 0
-0.00155 0
-0.001575 0
-0.0016 0
-0.001625 0
-0.00165 0
-0.001675 0
-0.0017 0
-0.001725 0
-0.00175 0
-0.001775 0
-0.0018 0
-0.001825 0
-0.00185 0
-0.001875 0
-0.0019 0
-0.001925 0
-0.00195 0
-0.001975 0
-0.002 0
-0.002025 0
-0.00205 0
-0.002075 0
-0.0021 0
-0.002125 0
-0.00215 0
-0.002175 0
-0.0022 0
-0.002225 0
-0.00225 0
-0.002275 0
-0.0023 0
-0.002325 0
-0.00235 0
-0.002375 0
-0.0024 0
-0.002425 0
-0.00245 0
-0.002475 0
-0.0025 0
-0.002525 0
-0.00255 0
-0.002575 0
-0.0026 0
-0.002625 0
-0.00265 0
-0.002675 0
-0.0027 0
-0.002725 0
-0.00275 0
-0.002775 0
-0.0028 0
-0.002825 0
-0.00285 0
-0.002875 0
-0.0029 0
-0.002925 0
-0.00295 0
-0.00297543 0.0425483
-0.00300161 0.161497
-0.0030278 0.280446
-0.00305399 0.399395
-0.00308018 0.518344
-0.00310637 0.637293
-0.00313256 0.756242
-0.00315875 0.875192
-0.00318494 0.994141
-0.00321113 1.11309
-0.00323732 1.23204
-0.00326351 1.35099
-0.0032897 1.46994
-0.00331589 1.58889
-0.00334208 1.70783
-0.00336827 1.82678
-0.00339446 1.94573
-0.00342065 2.06468
-0.00344684 2.18363
-0.00347303 2.30258
-0.00349922 2.42153
-0.0035254 2.54048
-0.00355159 2.65943
-0.00357778 2.77838
-0.00360397 2.89732
-0.00363016 3.01627
-0.00365635 3.13522
-0.00368254 3.25417
-0.00370873 3.37312
-0.00373492 3.49207
-0.00376111 3.61102
-0.0037873 3.72997
-0.00381349 3.84892
-0.00383968 3.96787
-0.00386587 4.08682
-0.00389206 4.20576
-0.00391825 4.32471
-0.00394444 4.44366
-0.00397063 4.56261
-0.00399682 4.68156
-0.00402301 4.80051
-0.00404919 4.91946
-0.00407538 5.03841
-0.00410157 5.15736
-0.00412776 5.27631
-0.00415395 5.39525
-0.00418014 5.5142
-0.00420633 5.63315
-0.00423252 5.7521
-0.00425871 5.87105
-0.0042849 5.99
-0.00431109 6.10895
-0.00433728 6.2279
-0.00436347 6.34685
-0.00438966 6.4658
-0.00441585 6.58474
-0.00444204 6.70369
-0.00446823 6.82264
-0.00449442 6.94159
-0.00452061 7.06054
-0.00454679 7.17949
-0.00457298 7.29844
-0.00459917 7.41739
-0.00462536 7.53634
-0.00465155 7.65529
-0.00467774 7.77423
-0.00470393 7.89318
-0.00473012 8.01213
-0.00475631 8.13108
-0.0047825 8.25003
-0.00480869 8.36898
-0.00483488 8.48793
-0.00486107 8.60688
-0.00488726 8.72583
-0.00491345 8.84478
-0.00493964 8.96373
-0.00496583 9.08267
-0.00499202 9.20162
-0.00501821 9.32057
-0.0050444 9.43952
-0.00507058 9.55847
-0.00509677 9.67742
-0.00511989 9.48925
-0.00514301 9.30108
-0.00516613 9.1129
-0.00518925 8.92473
-0.00521237 8.73656
-0.00523548 8.54839
-0.0052586 8.36022
-0.00528172 8.17204
-0.00530484 7.98387
-0.00532796 7.7957
-0.00535108 7.60753
-0.00537419 7.41935
-0.00539731 7.23118
-0.00542043 7.04301
-0.00544355 6.85484
-0.00546667 6.66667
-0.00548978 6.47849
-0.0055129 6.29032
-0.00553602 6.10215
-0.00555914 5.91398
-0.00558226 5.72581
-0.00560538 5.53763
-0.00562849 5.34946
-0.00565161 5.16129
-0.00567473 4.97312
-0.00569785 4.78495
-0.00572097 4.59677
-0.00574409 4.4086
-0.0057672 4.22043
-0.00579032 4.03226
-0.00581344 3.84409
-0.00583656 3.65591
-0.00585968 3.46774
-0.0058828 3.27957
-0.00590591 3.0914
-0.00592903 2.90323
-0.00595215 2.71505
-0.00597527 2.52688
-0.00599839 2.33871
-0.00602151 2.15054
-0.006045 2
-0.00607 2
-0.006095 2
-0.00612 2
-0.006145 2
-0.00617 2
-0.006195 2
-0.00622 2
-0.006245 2
-0.00627 2
-0.00623923 1.42308
-0.00620943 0.942851
-0.00618407 0.907133
-0.00615871 0.871415
-0.00613336 0.835697
-0.006108 0.799979
-0.00608264 0.76426
-0.00605729 0.728542
-0.00603193 0.692824
-0.00600657 0.657106
-0.00598121 0.621388
-0.00595586 0.58567
-0.0059305 0.549952
-0.00590514 0.514234
-0.00587979 0.478516
-0.00585443 0.442798
-0.00582907 0.407079
-0.00580371 0.371361
-0.00577836 0.335643
-0.005753 0.299925
-0.00572764 0.264207
-0.00570228 0.228489
-0.00567693 0.192771
-0.00565157 0.157053
-0.00562621 0.121335
-0.00560086 0.0856164
-0.0055755 0.0498983
-0.00555014 0.0141802
-0.005525 0
-0.0055 0
-0.005475 0
-0.00545 0
-0.005425 0
-0.0054 0
-0.005375 0
-0.00535 0
-0.005325 0
-0.0053 0
-0.005275 0
-0.00525 0
-0.005225 0
-0.0052 0
-0.005175 0
-0.00515 0
-0.005125 0
-0.0051 0
-0.005075 0
-0.00505 0
-0.005025 0
-0.005 0
-0.004975 0
-0.00495 0
-0.004925 0
-0.0049 0
-0.004875 0
-0.00485 0
-0.004825 0
-0.0048 0
-0.004775 0
-0.00475 0
-0.004725 0
-0.0047 0
-0.004675 0
-0.00465 0
-0.004625 0
-0.0046 0
-0.004575 0
-0.00455 0
-0.004525 0
-0.0045 0
-0.004475 0
-0.00445 0
-0.004425 0
-0.0044 0
-0.004375 0
-0.00435 0
-0.004325 0
-0.0043 0
-0.004275 0
-0.00425 0
-0.004225 0
-0.0042 0
-0.004175 0
-0.00415 0
-0.004125 0
-0.0041 0
-0.004075 0
-0.00405 0
-0.004025 0
-0.004 0
-0.003975 0
-0.00395 0
-0.003925 0
-0.0039 0
-0.003875 0
-0.00385 0
-0.003825 0
-0.0038 0
-0.003775 0
-0.00375 0
-0.003725 0
-0.0037 0
-0.003675 0
-0.00365 0
-0.003625 0
-0.0036 0
-0.003575 0
-0.00355 0
-0.003525 0
-0.0035 0
-0.003475 0
-0.00345 0
-0.003425 0
-0.0034 0
-0.003375 0
-0.00335 0
-0.003325 0
-0.0033 0
-0.003275 0
-0.00325 0
-0.003225 0
-0.0032 0
-0.003175 0
-0.00315 0
-0.003125 0
-0.0031 0
-0.003075 0
-0.00305 0
-0.003025 0
-0.003 0
-0.002975 0
-0.00295 0
-0.002925 0
-0.0029 0
-0.002875 0
-0.00285 0
-0.002825 0
-0.0028 0
-0.002775 0
-0.00275 0
-0.002725 0
-0.0027 0
-0.002675 0
-0.00265 0
-0.002625 0
-0.0026 0
-0.002575 0
-0.00255 0
-0.002525 0
-0.0025 0
-0.002475 0
-0.00245 0
-0.002425 0
-0.0024 0
-0.002375 0
-0.00235 0
-0.002325 0
-0.0023 0
-0.002275 0
-0.00225 0
-0.002225 0
-0.0022 0
-0.002175 0
-0.00215 0
-0.002125 0
-0.0021 0
-0.002075 0
-0.00205 0
-0.002025 0
-0.002 0
-0.001975 0
-0.00195 0
-0.001925 0
-0.0019 0
-0.001875 0
-0.00185 0
-0.001825 0
-0.0018 0
-0.001775 0
-0.00175 0
-0.001725 0
-0.0017 0
-0.001675 0
-0.00165 0
-0.001625 0
-0.0016 0
-0.001575 0
-0.00155 0
-0.001525 0
-0.0015 0
-0.001475 0
-0.00145 0
-0.001425 0
-0.0014 0
-0.001375 0
-0.00135 0
-0.001325 0
-0.0013 0
-0.001275 0
-0.00125 0
-0.001225 0
-0.0012 0
-0.001175 0
-0.00115 0
-0.001125 0
-0.0011 0
-0.001075 0
-0.00105 0
-0.001025 0
-0.001 0
-0.000975 0
-0.00095 0
-0.000925 0
-0.0009 0
-0.000875 0
-0.00085 0
-0.000825 0
-0.0008 0
-0.000775 0
-0.00075 0
-0.000725 0
-0.0007 0
-0.000675 0
-0.00065 0
-0.000625 0
-0.0006 0
-0.000575 0
-0.00055 0
-0.000525 0
-0.0005 0
-0.000475 0
-0.00045 0
-0.000425 0
-0.0004 0
-0.000375 0
-0.00035 0
-0.000325 0
-0.0003 0
-0.000275 0
-0.00025 0
-0.000225 0
-0.0002 0
-0.000175 0
-0.00015 0
-0.000125 0
-0.0001 0
-7.5e-05 0
-5e-05 0
-2.5e-05 0
-6.09864e-20 0
2.5e-05 0
5e-05 0
7.5e-05 0
0.0001 0
0.000125 0
0.00015 0
0.000175 0
0.0002 0
0.000225 0
0.00025 0
0.000275 0
0.0003 0
0.000325 0
0.00035 0
0.000375 0
0.0004 0
0.000425 0
0.00045 0
0.000475 0
0.0005 0
0.000525 0
0.00055 0
0.000575 0
0.0006 0
0.000625 0
0.0006 0
0.000575 0
0.00055 0
0.000525 0
0.0005 0
0.000475 0
0.00045 0
0.000425 0
0.0004 0
0.000375 0
0.00035 0
0.000325 0
0.0003 0
0.000275 0
0.00025 0
0.000225 0
0.0002 0
0.000175 0
0.00015 0
0.000125 0
0.0001 0
7.5e-05 0
5e-05 0
2.5e-05 0
-4.74338e-20 0
-2.5e-05 0
-5e-05 0
-7.5e-05 0
-0.0001 0
-0.000125 0
-0.00015 0
-0.000175 0
-0.0002 0
-0.000225 0
-0.00025 0
-0.000275 0
-0.0003 0
-0.000325 0
-0.00035 0
-0.000375 0
-0.0004 0
-0.000425 0
-0.00045 0
-0.000475 0
-0.0005 0
-0.000525 0
-0.00055 0
-0.000575 0
-0.0006 0
-0.000625 0
-0.00065 0
-0.000675 0
-0.0007 0
-0.000725 0
-0.00075 0
-0.000775 0
-0.0008 0
-0.000825 0
-0.00085 0
-0.000875 0
-0.0009 0
-0.000925 0
-0.00095 0
-0.000975 0
-0.001 0
-0.001025 0
-0.00105 0
-0.001075 0
-0.0011 0
-0.001125 0
-0.00115 0
-0.001175 0
-0.0012 0
-0.001225 0
-0.00125 0
-0.001275 0
-0.0013 0
-0.001325 0
-0.00135 0
-0.001375 0
-0.0014 0
-0.001425 0
-0.00145 0
-0.001475 0
-0.0015 0
-0.001525 0
-0.00155 0
-0.001575 0
-0.0016 0
-0.001625 0
-0.00165 0
-0.001675 0
-0.0017 0
-0.001725 0
-0.00175 0
-0.001775 0
-0.0018 0
-0.001825 0
-0.00185 0
-0.001875 0
-0.0019 0
-0.001925 0
-0.00195 0
-0.001975 0
-0.002 0
-0.002025 0
-0.00205 0
-0.002075 0
-0.0021 0
-0.002125 0
-0.00215 0
-0.002175 0
-0.0022 0
-0.002225 0
-0.00225 0
-0.002275 0
-0.0023 0
-0.002325 0
-0.00235 0
-0.002375 0
-0.0024 0
-0.002425 0
-0.00245 0
-0.002475 0
-0.0025 0
-0.002525 0
-0.00255 0
-0.002575 0
-0.0026 0
-0.002625 0
-0.00265 0
-0.002675 0
-0.0027 0
-0.002725 0
-0.00275 0
-0.002775 0
-0.0028 0
-0.002825 0
-0.00285 0
-0.002875 0
-0.0029 0
-0.002925 0
-0.00295 0
-0.002975 0
-0.003 0
-0.003025 0
-0.00305 0
-0.003075 0
-0.0031 0
-0.003125 0
-0.00315 0
-0.003175 0
-0.0032 0
-0.003225 0
-0.00325 0
-0.003275 0
-0.0033 0
-0.003325 0
-0.00335 0
-0.003375 0
-0.0034 0
-0.003425 0
-0.00345 0
-0.003475 0
-0.0035 0
-0.003525 0
-0.00355 0
-0.003575 0
-0.0036 0
-0.003625 0
-0.00365 0
-0.003675 0
-0.0037 0
-0.003725 0
-0.00375 0
-0.003775 0
-0.0038 0
-0.003825 0
-0.00385 0
-0.003875 0
-0.0039 0
-0.003925 0
-0.00395 0
-0.003975 0
-0.004 0
-0.004025 0
-0.00405 0
-0.004075 0
-0.0041 0
-0.004125 0
-0.00415 0
-0.004175 0
-0.0042 0
-0.004225 0
-0.00425 0
-0.004275 0
-0.0043 0
-0.004325 0
-0.00435 0
-0.004375 0
-0.0044 0
-0.004425 0
-0.00445 0
-0.004475 0
-0.0045 0
-0.004525 0
-0.00455 0
-0.004575 0
-0.0046 0
-0.004625 0
-0.00465 0
-0.004675 0
-0.0047 0
-0.004725 0
-0.00475 0
-0.004775 0
-0.0048 0
-0.004825 0
-0.00485 0
-0.004875 0
-0.0049 0
-0.004925 0
-0.00495 0
-0.004975 0
-0.005 0
-0.005025 0
-0.00505 0
-0.005075 0
-0.0051 0
-0.005125 0
-0.00515 0
-0.005175 0
-0.0052 0
-0.005225 0
-0.00525 0
-0.005275 0
-0.0053 0
-0.005325 0
-0.00535 0
-0.005375 0
-0.0054 0
-0.005425 0
-0.00545 0
-0.005475 0
-0.0055 0
-0.005525 0
-0.00555028 0.027961
-0.00557598 0.0983909
-0.00560169 0.168821
-0.00562739 0.239251
-0.0056531 0.309681
-0.0056788 0.380111
-0.00570451 0.450541
-0.00573021 0.520971
-0.00575591 0.591401
-0.00578162 0.661831
-0.00580732 0.732261
-0.00583303 0.802691
-0.00585873 0.873121
-0.00588444 0.943551
-0.00591014 1.01398
-0.00593584 1.08441
-0.00596155 1.15484
-0.00598725 1.22527
-0.00601296 1.2957
-0.00603866 1.36613
-0.00606437 1.43656
-0.00609007 1.50699
-0.00611577 1.57742
-0.00614148 1.64785
-0.00616718 1.71828
-0.00619289 1.78871
-0.00621859 1.85914
-0.0062443 1.92957
-0.00627 2
-0.006295 2
-0.00632 2
-0.006345 2
-0.00637 2
-0.006395 2
-0.00642 2
-0.006445 2
-0.00647 2
-0.006495 2
-0.00652 2
-0.006545 2
-0.00657 2
-0.006595 2
-0.00662 2
-0.006645 2
-0.00667 2
-0.006695 2
-0.00672 2
-0.006745 2
-0.00677 2
-0.006795 2
-0.00682 2
-0.006845 2
-0.00687 2
-0.006895 2
-0.00692 2
-0.006945 2
-0.00697 2
-0.006995 2
-0.00702 2
-0.007045 2
-0.00707 2
-0.007095 2
-0.00712 2
-0.007145 2
-0.00717 2
-0.007195 2
-0.00722 2
-0.007245 2
-0.00727 2
-0.007295 2
-0.00732 2
-0.007345 2
-0.00737 2
-0.007395 2
-0.00742 2
-0.007445 2
-0.00747 2
-0.007495 2
-0.00752 2
-0.00748923 1.42308
-0.00745952 0.951593
-0.00743421 0.921339
-0.00740891 0.891085
-0.00738361 0.86083
-0.00735831 0.830576
-0.007333 0.800322
-0.0073077 0.770068
-0.0072824 0.739813
-0.0072571 0.709559
-0.00723179 0.679305
-0.00720649 0.64905
-0.00718119 0.618796
-0.00715589 0.588542
-0.00713058 0.558288
-0.00710528 0.528033
-0.00707998 0.497779
-0.00705468 0.467525
-0.00702937 0.437271
-0.00700407 0.407016
-0.00697877 0.376762
-0.00695347 0.346508
-0.00692816 0.316253
-0.00690286 0.285999
-0.00687756 0.255745
-0.00685225 0.225491
-0.00682695 0.195236
-0.00680165 0.164982
-0.00677635 0.134728
-0.00675104 0.104474
-0.00672574 0.0742193
-0.00670044 0.043965
-0.00667514 0.0137107
-0.00665 0
-0.006625 0
-0.0066 0
-0.006575 0
-0.00655 0
-0.006525 0
-0.0065 0
-0.006475 0
-0.00645 0
-0.006425 0
-0.0064 0
-0.006375 0
-0.00635 0
-0.006325 0
-0.0063 0
-0.006275 0
-0.00625 0
-0.006225 0
-0.0062 0
-0.006175 0
-0.00615 0
-0.006125 0
-0.0061 0
-0.006075 0
-0.00605 0
-0.006025 0
-0.006 0
-0.005975 0
-0.00595 0
-0.005925 0
-0.0059 0
-0.005875 0
-0.00585 0
-0.005825 0
-0.0058 0
-0.005775 0
-0.00575 0
-0.005725 0
-0.0057 0
-0.005675 0
-0.00565 0
-0.005625 0
-0.0056 0
-0.005575 0
-0.00555 0
-0.005525 0
-0.0055 0
-0.005475 0
-0.00545 0
-0.005425 0
-0.0054 0
-0.005375 0
-0.00535 0
-0.005325 0
-0.0053 0
-0.005275 0
-0.00525 0
-0.005225 0
-0.0052 0
-0.005175 0
-0.00515 0
-0.005125 0
-0.0051 0
-0.005075 0
-0.00505 0
-0.005025 0
-0.005 0
-0.004975 0
-0.00495 0
-0.004925 0
-0.0049 0
-0.004875 0
-0.00485 0
-0.004825 0
-0.0048 0
-0.004775 0
-0.00475 0
-0.004725 0
-0.0047 0
-0.004675 0
-0.00465 0
-0.004625 0
-0.0046 0
-0.004575 0
-0.00455 0
-0.004525 0
-0.0045 0
-0.004475 0
-0.00445 0
-0.004425 0
-0.0044 0
-0.004375 0
-0.00435 0
-0.004325 0
-0.0043 0
-0.004275 0
-0.00425 0
-0.004225 0
-0.0042 0
-0.004175 0
-0.00415 0
-0.004125 0
-0.0041 0
-0.004075 0
-0.00405 0
-0.004025 0
-0.004 0
-0.003975 0
-0.00395 0
-0.003925 0
-0.0039 0
-0.003875 0
-0.00385 0
-0.003825 0
-0.0038 0
-0.003775 0
-0.00375 0
-0.003725 0
-0.0037 0
-0.003675 0
-0.00365 0
-0.003625 0
-0.0036 0
-0.003575 0
-0.00355 0
-0.003525 0
-0.0035 0
-0.003475 0
-0.00345 0
-0.003425 0
-0.0034 0
-0.003375 0
-0.00335 0
-0.003325 0
-0.0033 0
-0.003275 0
-0.00325 0
-0.003225 0
-0.0032 0
-0.003175 0
-0.00315 0
-0.003125 0
-0.0031 0
-0.003075 0
-0.00305 0
-0.003025 0
-0.003 0
-0.002975 0
-0.00295 0
-0.002925 0
-0.0029 0
-0.002875 0
-0.00285 0
-0.002825 0
-0.0028 0
-0.002775 0
-0.00275 0
-0.002725 0
-0.0027 0
-0.002675 0
-0.00265 0
-0.002625 0
-0.0026 0
-0.002575 0
-0.00255 0
-0.002525 0
-0.0025 0
-0.002475 0
-0.00245 0
-0.002425 0
-0.0024 0
-0.002375 0
-0.00235 0
-0.002325 0
-0.0023 0
-0.002275 0
-0.00225 0
-0.002225 0
-0.0022 0
-0.002175 0
-0.00215 0
-0.002125 0
-0.0021 0
-0.002075 0
-0.00205 0
-0.002025 0
-0.002 0
-0.001975 0
-0.00195 0
-0.001925 0
-0.0019 0
-0.001875 0
-0.00185 0
-0.001825 0
-0.0018 0
-0.001775 0
-0.00175 0
-0.001725 0
-0.0017 0
-0.001675 0
-0.00165 0
-0.001625 0
-0.0016 0
-0.001575 0
-0.00155 0
-0.001525 0
-0.0015 0
-0.001475 0
-0.00145 0
-0.001425 0
-0.0014 0
-0.001375 0
-0.00135 0
-0.001325 0
-0.0013 0
-0.001275 0
-0.00125 0
-0.001225 0
-0.0012 0
-0.001175 0
-0.00115 0
-0.001125 0
-0.0011 0
-0.001075 0
-0.00105 0
-0.001025 0
-0.001 0
-0.000975 0
-0.00095 0
-0.000925 0
-0.0009 0
-0.000875 0
-0.00085 0
-0.000825 0
-0.0008 0
-0.000775 0
-0.00075 0
-0.000725 0
-0.0007 0
-0.000675 0
-0.00065 0
-0.000625 0
-0.0006 0
-0.000575 0
-0.00055 0
-0.000525 0
-0.0005 0
-0.000475 0
-0.00045 0
-0.000425 0
-0.0004 0
-0.000375 0
-0.00035 0
-0.000325 0
-0.0003 0
-0.000275 0
-0.00025 0
-0.000225 0
-0.0002 0
-0.000175 0
-0.00015 0
-0.000125 0
-0.0001 0
-7.5e-05 0
-5e-05 0
-2.5e-05 0
-6.09864e-20 0
2.5e-05 0
5e-05 0
7.5e-05 0
0.0001 0
0.000125 0
0.00015 0
0.000175 0
0.0002 0
0.000225 0
0.00025 0
0.000275 0
0.0003 0
0.000325 0
0.00035 0
0.000375 0
0.0004 0
0.000425 0
0.00045 0
0.000475 0
0.0005 0
0.000525 0
0.00055 0
0.000575 0
0.0006 0
0.000625 0
0.00065 0
0.000675 0
0.0007 0
0.000725 0
0.00075 0
0.000725 0
0.0007 0
0.000675 0
0.00065 0
0.000625 0
0.0006 0
0.000575 0
0.00055 0
0.000525 0
0.0005 0
0.000475 0
0.00045 0
0.000425 0
0.0004 0
0.000375 0
0.00035 0
0.000325 0
0.0003 0
0.000275 0
0.00025 0
0.000225 0
0.0002 0
0.000175 0
0.00015 0
0.000125 0
0.0001 0
7.5e-05 0
5e-05 0
2.5e-05 0
-4.74338e-20 0
-2.5e-05 0
-5e-05 0
-7.5e-05 0
-0.0001 0
-0.000125 0
-0.00015 0
-0.000175 0
-0.0002 0
-0.000225 0
-0.00025 0
-0.000275 0
-0.0003 0
-0.000325 0
-0.00035 0
-0.000375 0
-0.0004 0
-0.000425 0
-0.00045 0
-0.000475 0
-0.0005 0
-0.000525 0
-0.00055 0
-0.000575 0
-0.0006 0
-0.000625 0
-0.00065 0
-0.000675 0
-0.0007 0
-0.000725 0
-0.00075 0
-0.000775 0
-0.0008 0
-0.000825 0
-0.00085 0
-0.000875 0
-0.0009 0
-0.000925 0
-0.00095 0
-0.000975 0
-0.001 0
-0.001025 0
-0.00105 0
-0.001075 0
-0.0011 0
-0.001125 0
-0.00115 0
-0.001175 0
-0.0012 0
-0.001225 0
-0.00125 0
-0.001275 0
-0.0013 0
-0.001325 0
-0.00135 0
-0.001375 0
-0.0014 0
-0.001425 0
-0.00145 0
-0.001475 0
-0.0015 0
-0.001525 0
-0.00155 0
-0.001575 0
-0.0016 0
-0.001625 0
-0.00165 0
-0.001675 0
-0.0017 0
-0.001725 0
-0.00175 0
-0.001775 0
-0.0018 0
-0.001825 0
-0.00185 0
-0.001875 0
-0.0019 0
-0.001925 0
-0.00195 0
-0.001975 0
-0.002 0
-0.002025 0
-0.00205 0
-0.002075 0
-0.0021 0
-0.002125 0
-0.00215 0
-0.002175 0
-0.0022 0
-0.002225 0
-0.00225 0
-0.002275 0
-0.0023 0
-0.002325 0
-0.00235 0
-0.002375 0
-0.0024 0
-0.002425 0
-0.00245 0
-0.002475 0
-0.0025 0
-0.002525 0
-0.00255 0
-0.002575 0
-0.0026 0
-0.002625 0
-0.00265 0
-0.002675 0
-0.0027 0
-0.002725 0
-0.00275 0
-0.002775 0
-0.0028 0
-0.002825 0
-0.00285 0
-0.002875 0
-0.0029 0
-0.002925 0
-0.00295 0
-0.002975 0
-0.003 0
-0.003025 0
-0.00305 0
-0.003075 0
-0.0031 0
-0.003125 0
-0.00315 0
-0.003175 0
-0.0032 0
-0.003225 0
-0.00325 0
-0.003275 0
-0.0033 0
-0.003325 0
-0.00335 0
-0.003375 0
-0.0034 0
-0.003425 0
-0.00345 0
-0.003475 0
-0.0035 0
-0.003525 0
-0.00355 0
-0.003575 0
-0.0036 0
-0.003625 0
-0.00365 0
-0.003675 0
-0.0037 0
-0.003725 0
-0.00375 0
-0.003775 0
-0.0038 0
-0.003825 0
-0.00385 0
-0.003875 0
-0.0039 0
-0.003925 0
-0.00395 0
-0.003975 0
-0.004 0
-0.004025 0
-0.00405 0
-0.004075 0
-0.0041 0
-0.004125 0
-0.00415 0
-0.004175 0
-0.0042 0
-0.004225 0
-0.00425 0
-0.004275 0
-0.0043 0
-0.004325 0
-0.00435 0
-0.004375 0
-0.0044 0
-0.004425 0
-0.00445 0
-0.004475 0
-0.0045 0
-0.004525 0
-0.00455 0
-0.004575 0
-0.0046 0
-0.004625 0
-0.00465 0
-0.004675 0
-0.0047 0
-0.004725 0
-0.00475 0
-0.004775 0
-0.0048 0
-0.004825 0
-0.00485 0
-0.004875 0
-0.0049 0
-0.004925 0
-0.00495 0
-0.004975 0
-0.005 0
-0.005025 0
-0.00505 0
-0.005075 0
-0.0051 0
-0.005125 0
-0.00515 0
-0.005175 0
-0.0052 0
-0.005225 0
-0.00525 0
-0.005275 0
-0.0053 0
-0.005325 0
-0.00535 0
-0.005375 0
-0.0054 0
-0.005425 0
-0.00545 0
-0.005475 0
-0.0055 0
-0.005525 0
-0.00555 0
-0.005575 0
-0.0056 0
-0.005625 0
-0.00565 0
-0.005675 0
-0.0057 0
-0.005725 0
-0.00575 0
-0.005775 0
-0.0058 0
-0.005825 0
-0.00585 0
-0.005875 0
-0.0059 0
-0.005925 0
-0.00595 0
-0.005975 0
-0.006 0
-0.006025 0
-0.00605 0
-0.006075 0
-0.0061 0
-0.006125 0
-0.00615 0
-0.006175 0
-0.0062 0
-0.006225 0
-0.00625 0
-0.006275 0
-0.0063 0
-0.006325 0
-0.00635 0
-0.006375 0
-0.0064 0
-0.006425 0
-0.00645 0
-0.006475 0
-0.0065 0
-0.006525 0
-0.00655 0
-0.006575 0
-0.0066 0
-0.006625 0
-0.00665 0
-0.00667527 0.0270936
-0.00670087 0.0868786
-0.00672647 0.146664
-0.00675206 0.206449
-0.00677766 0.266234
-0.00680326 0.326019
-0.00682886 0.385804
-0.00685446 0.445589
-0.00688005 0.505374
-0.00690565 0.565159
-0.00693125 0.624944
-0.00695685 0.684729
-0.00698245 0.744514
-0.00700804 0.804299
-0.00703364 0.864084
-0.00705924 0.923869
-0.00708484 0.983654
-0.00711043 1.04344
-0.00713603 1.10322
-0.00716163 1.16301
-0.00718723 1.22279
-0.00721283 1.28258
-0.00723842 1.34236
-0.00726402 1.40215
-0.00728962 1.46193
-0.00731522 1.52172
-0.00734082 1.5815
-0.00736641 1.64129
-0.00739201 1.70107
-0.00741761 1.76086
-0.00744321 1.82064
-0.0074688 1.88043
-0.0074944 1.94021
-0.00752 2
-0.007545 2
-0.00757 2
-0.007595 2
-0.00762 2
-0.007645 2
-0.00767 2
-0.007695 2
-0.00772 2
-0.007745 2
-0.00777 2
-0.007795 2
-0.00782 2
-0.007845 2
-0.00787 2
-0.007895 2
-0.00792 2
-0.007945 2
-0.00797 2
-0.007995 2
-0.00802 2
-0.008045 2
-0.00807 2
-0.008095 2
-0.00812 2
-0.008145 2
-0.00817 2
-0.008195 2
-0.00822 2
-0.008245 2
-0.00827 2
-0.008295 2
-0.00832 2
-0.008345 2
-0.00837 2
-0.008395 2
-0.00842 2
-0.008445 2
-0.00847 2
-0.008495 2
-0.00852 2
-0.008545 2
-0.00857 2
-0.008595 2
-0.00862 2
-0.008645 2
-0.00867 2
-0.008695 2
-0.00872 2
-0.008745 2
-0.00877 2
-0.00873923 1.42308
-0.00870958 0.958016
-0.00868432 0.931775
-0.00865906 0.905535
-0.00863379 0.879295
-0.00860853 0.853054
-0.00858327 0.826814
-0.00855801 0.800574
-0.00853274 0.774334
-0.00850748 0.748093
-0.00848222 0.721853
-0.00845696 0.695613
-0.00843169 0.669373
-0.00840643 0.643132
-0.00838117 0.616892
-0.00835591 0.590652
-0.00833064 0.564412
-0.00830538 0.538171
-0.00828012 0.511931
-0.00825486 0.485691
-0.00822959 0.45945
-0.00820433 0.43321
-0.00817907 0.40697
-0.00815381 0.38073
-0.00812854 0.354489
-0.00810328 0.328249
-0.00807802 0.302009
-0.00805276 0.275769
-0.0080275 0.249528
-0.00800223 0.223288
-0.00797697 0.197048
-0.00795171 0.170807
-0.00792645 0.144567
-0.00790118 0.118327
-0.00787592 0.0920866
-0.00785066 0.0658464
-0.0078254 0.0396061
-0.00780013 0.0133658
-0.007775 0
-0.00775 0
-0.007725 0
-0.0077 0
-0.007675 0
-0.00765 0
-0.007625 0
-0.0076 0
-0.007575 0
-0.00755 0
-0.007525 0
-0.0075 0
-0.007475 0
-0.00745 0
-0.007425 0
-0.0074 0
-0.007375 0
-0.00735 0
-0.007325 0
-0.0073 0
-0.007275 0
-0.00725 0
-0.007225 0
-0.0072 0
-0.007175 0
-0.00715 0
-0.007125 0
-0.0071 0
-0.007075 0
-0.00705 0
-0.007025 0
-0.007 0
-0.006975 0
-0.00695 0
-0.006925 0
-0.0069 0
-0.006875 0
-0.00685 0
-0.006825 0
-0.0068 0
-0.006775 0
-0.00675 0
-0.006725 0
-0.0067 0
-0.006675 0
-0.00665 0
-0.006625 0
-0.0066 0
-0.006575 0
-0.00655 0
-0.006525 0
-0.0065 0
-0.006475 0
-0.00645 0
-0.006425 0
-0.0064 0
-0.006375 0
-0.00635 0
-0.006325 0
-0.0063 0
-0.006275 0
-0.00625 0
-0.006225 0
-0.0062 0
-0.006175 0
-0.00615 0
-0.006125 0
-0.0061 0
-0.006075 0
-0.00605 0
-0.006025 0
-0.006 0
-0.005975 0
-0.00595 0
-0.005925 0
-0.0059 0
-0.005875 0
-0.00585 0
-0.005825 0
-0.0058 0
-0.005775 0
-0.00575 0
-0.005725 0
-0.0057 0
-0.005675 0
-0.00565 0
-0.005625 0
-0.0056 0
-0.005575 0
-0.00555 0
-0.005525 0
-0.0055 0
-0.005475 0
-0.00545 0
-0.005425 0
-0.0054 0
-0.005375 0
-0.00535 0
-0.005325 0
-0.0053 0
-0.005275 0
-0.00525 0
-0.005225 0
-0.0052 0
-0.005175 0
-0.00515 0
-0.005125 0
-0.0051 0
-0.005075 0
-0.00505 0
-0.005025 0
-0.005 0
-0.004975 0
-0.00495 0
-0.004925 0
-0.0049 0
-0.004875 0
-0.00485 0
-0.004825 0
-0.0048 0
-0.004775 0
-0.00475 0
-0.004725 0
-0.0047 0
-0.004675 0
-0.00465 0
-0.004625 0
-0.0046 0
-0.004575 0
-0.00455 0
-0.004525 0
-0.0045 0
-0.004475 0
-0.00445 0
-0.004425 0
-0.0044 0
-0.004375 0
-0.00435 0
-0.004325 0
-0.0043 0
-0.004275 0
-0.00425 0
-0.004225 0
-0.0042 0
-0.004175 0
-0.00415 0
-0.004125 0
-0.0041 0
-0.004075 0
-0.00405 0
-0.004025 0
-0.004 0
-0.003975 0
-0.00395 0
-0.003925 0
-0.0039 0
-0.003875 0
-0.00385 0
-0.003825 0
-0.0038 0
-0.003775 0
-0.00375 0
-0.003725 0
-0.0037 0
-0.003675 0
-0.00365 0
-0.003625 0
-0.0036 0
-0.003575 0
-0.00355 0
-0.003525 0
-0.0035 0
-0.003475 0
-0.00345 0
-0.003425 0
-0.0034 0
-0.003375 0
-0.00335 0
-0.003325 0
-0.0033 0
-0.003275 0
-0.00325 0
-0.003225 0
-0.0032 0
-0.003175 0
-0.00315 0
-0.003125 0
-0.0031 0
-0.003075 0
-0.00305 0
-0.003025 0
-0.003 0
-0.002975 0
-0.00295 0
-0.002925 0
-0.0029 0
-0.002875 0
-0.00285 0
-0.002825 0
-0.0028 0
-0.002775 0
-0.00275 0
-0.002725 0
-0.0027 0
-0.002675 0
-0.00265 0
-0.002625 0
-0.0026 0
-0.002575 0
-0.00255 0
-0.002525 0
-0.0025 0
-0.002475 0
-0.00245 0
-0.002425 0
-0.0024 0
-0.002375 0
-0.00235 0
-0.002325 0
-0.0023 0
-0.002275 0
-0.00225 0
-0.002225 0
-0.0022 0
-0.002175 0
-0.00215 0
-0.002125 0
-0.0021 0
-0.002075 0
-0.00205 0
-0.002025 0
-0.002 0
-0.001975 0
-0.00195 0
-0.001925 0
-0.0019 0
-0.001875 0
-0.00185 0
-0.001825 0
-0.0018 0
-0.001775 0
-0.00175 0
-0.001725 0
-0.0017 0
-0.001675 0
-0.00165 0
-0.001625 0
-0.0016 0
-0.001575 0
-0.00155 0
-0.001525 0
-0.0015 0
-0.001475 0
-0.00145 0
-0.001425 0
-0.0014 0
-0.001375 0
-0.00135 0
-0.001325 0
-0.0013 0
-0.001275 0
-0.00125 0
-0.001225 0
-0.0012 0
-0.001175 0
-0.00115 0
-0.001125 0
-0.0011 0
-0.001075 0
-0.00105 0
-0.001025 0
-0.001 0
-0.000975 0
-0.00095 0
-0.000925 0
-0.0009 0
-0.000875 0
-0.00085 0
-0.000825 0
-0.0008 0
-0.000775 0
-0.00075 0
-0.000725 0
-0.0007 0
-0.000675 0
-0.00065 0
-0.000625 0
-0.0006 0
-0.000575 0
-0.00055 0
-0.000525 0
-0.0005 0
-0.000475 0
-0.00045 0
-0.000425 0
-0.0004 0
-0.000375 0
-0.00035 0
-0.000325 0
-0.0003 0
-0.000275 0
-0.00025 0
-0.000225 0
-0.0002 0
-0.000175 0
-0.00015 0
-0.000125 0
-0.0001 0
-7.5e-05 0
-5e-05 0
-2.5e-05 0
-9.28348e-19 0
2.5e-05 0
5e-05 0
7.5e-05 0
0.0001 0
0.000125 0
0.00015 0
0.000175 0
0.0002 0
0.000225 0
0.00025 0
0.000275 0
0.0003 0
0.000325 0
0.00035 0
0.000375 0
0.0004 0
0.000425 0
0.00045 0
0.000475 0
0.0005 0
0.000525 0
0.00055 0
0.000575 0
0.0006 0
0.000625 0
0.00065 0
0.000675 0
0.0007 0
0.000725 0
0.00075 0
0.000775 0
0.0008 0
0.000825 0
0.00085 0
0.000875 0
0.00085 0
0.000825 0
0.0008 0
0.000775 0
0.00075 0
0.000725 0
0.0007 0
0.000675 0
0.00065 0
0.000625 0
0.0006 0
0.000575 0
0.00055 0
0.000525 0
0.0005 0
0.000475 0
0.00045 0
0.000425 0
0.0004 0
0.000375 0
0.00035 0
0.000325 0
0.0003 0
0.000275 0
0.00025 0
0.000225 0
0.0002 0
0.000175 0
0.00015 0
0.000125 0
0.0001 0
7.5e-05 0
5e-05 0
2.5e-05 0
-9.14796e-19 0
