-3.10432e-05 -2.5e-05
-6.20514e-05 -5e-05
-9.30244e-05 -7.5e-05
-0.000123962 -0.0001
-0.000154864 -0.000125
-0.000185731 -0.00015
-0.000216561 -0.000175
-0.000247355 -0.0002
-0.000278113 -0.000225
-0.000308834 -0.00025
-0.000339519 -0.000275
-0.000370166 -0.0003
-0.000400776 -0.000325
-0.000431349 -0.00035
-0.000461884 -0.000375
-0.000492382 -0.0004
-0.000522841 -0.000425
-0.000553262 -0.00045
-0.000583644 -0.000475
-0.000613988 -0.0005
-0.000644292 -0.000525
-0.000674558 -0.00055
-0.000704783 -0.000575
-0.00073497 -0.0006
-0.000765116 -0.000625
-0.000795222 -0.00065
-0.000825287 -0.000675
-0.000855312 -0.0007
-0.000885296 -0.000725
-0.000915239 -0.00075
-0.00094514 -0.000775
-0.000975 -0.0008
-0.00100482 -0.000825
-0.00103459 -0.00085
-0.00106433 -0.000875
-0.00109402 -0.0009
-0.00112366 -0.000925
-0.00115327 -0.00095
-0.00118283 -0.000975
-0.00121234 -0.001
-0.00124182 -0.001025
-0.00127124 -0.00105
-0.00130063 -0.001075
-0.00132997 -0.0011
-0.00135926 -0.001125
-0.00138851 -0.00115
-0.00141771 -0.001175
-0.00144686 -0.0012
-0.00147597 -0.001225
-0.00150503 -0.00125
-0.00147397 -0.001225
-0.00144291 -0.0012
-0.00141185 -0.001175
-0.00138079 -0.00115
-0.00134973 -0.001125
-0.00131867 -0.0011
-0.00128761 -0.001075
-0.00125655 -0.00105
-0.00122549 -0.001025
-0.00119443 -0.001
-0.00116337 -0.000975
-0.0011323 -0.00095
-0.00110124 -0.000925
-0.00107018 -0.0009
-0.00103912 -0.000875
-0.00100806 -0.00085
-0.000977002 -0.000825
-0.000945941 -0.0008
-0.000914881 -0.000775
-0.00088382 -0.00075
-0.000852759 -0.000725
-0.000821699 -0.0007
-0.000790638 -0.000675
-0.000759578 -0.00065
-0.000728517 -0.000625
-0.000697456 -0.0006
-0.000666396 -0.000575
-0.000635335 -0.00055
-0.000604275 -0.000525
-0.000573214 -0.0005
-0.000542153 -0.000475
-0.000511093 -0.00045
-0.000480032 -0.000425
-0.000448972 -0.0004
-0.000417911 -0.000375
-0.00038685 -0.00035
-0.00035579 -0.000325
-0.000326123 -0.0003
-0.000298041 -0.000275
-0.000269959 -0.00025
-0.000241877 -0.000225
-0.000213795 -0.0002
-0.000185713 -0.000175
-0.000157631 -0.00015
-0.000129549 -0.000125
-0.000101467 -0.0001
-7.1825e-05 -7.5e-05
-4.07644e-05 -5e-05
-9.70382e-06 -2.5e-05
2.13568e-05 -4.74338e-20
5.24174e-05 2.5e-05
8.3478e-05 5e-05
0.000114539 7.5e-05
0.000134226 0.0001
0.000152976 0.000125
0.000124694 0.0001
9.64117e-05 7.5e-05
6.81296e-05 5e-05
3.98476e-05 2.5e-05
1.15655e-05 -2.03288e-20
-1.67165e-05 -2.5e-05
-4.49986e-05 -5e-05
-7.32806e-05 -7.5e-05
-0.000102613 -0.0001
-0.0001331 -0.000125
-0.000163587 -0.00015
-0.000194075 -0.000175
-0.000224562 -0.0002
-0.00025505 -0.000225
-0.000285537 -0.00025
-0.000316024 -0.000275
-0.000346512 -0.0003
-0.000376999 -0.000325
-0.000407487 -0.00035
-0.000437974 -0.000375
-0.000468461 -0.0004
-0.000498949 -0.000425
-0.000529436 -0.00045
-0.000559923 -0.000475
-0.000590411 -0.0005
-0.000620898 -0.000525
-0.000651386 -0.00055
-0.000681873 -0.000575
-0.00071236 -0.0006
-0.000742848 -0.000625
-0.000773335 -0.00065
-0.000803822 -0.000675
-0.00083431 -0.0007
-0.000864797 -0.000725
-0.000895285 -0.00075
-0.000925772 -0.000775
-0.000956259 -0.0008
-0.000986747 -0.000825
-0.00101723 -0.00085
-0.00104772 -0.000875
-0.00107821 -0.0009
-0.0011087 -0.000925
-0.00113918 -0.00095
-0.00116967 -0.000975
-0.00120016 -0.001
-0.00123065 -0.001025
-0.00126113 -0.00105
-0.00129162 -0.001075
-0.00132211 -0.0011
-0.0013526 -0.001125
-0.00138308 -0.00115
-0.00141357 -0.001175
-0.00144406 -0.0012
-0.00147454 -0.001225
-0.00150503 -0.00125
-0.00153405 -0.001275
-0.00156301 -0.0013
-0.00159193 -0.001325
-0.0016208 -0.00135
-0.00164963 -0.001375
-0.0016784 -0.0014
-0.00170713 -0.001425
-0.0017358 -0.00145
-0.00176443 -0.001475
-0.001793 -0.0015
-0.00182153 -0.001525
-0.00185 -0.00155
-0.00187842 -0.001575
-0.00190679 -0.0016
-0.00193511 -0.001625
-0.00196338 -0.00165
-0.00199159 -0.001675
-0.00201975 -0.0017
-0.00204786 -0.001725
-0.00207591 -0.00175
-0.00210391 -0.001775
-0.00213186 -0.0018
-0.00215975 -0.001825
-0.00218758 -0.00185
-0.00221536 -0.001875
-0.00224308 -0.0019
-0.00227074 -0.001925
-0.00229835 -0.00195
-0.0023259 -0.001975
-0.00235339 -0.002
-0.00238082 -0.002025
-0.0024082 -0.00205
-0.00243551 -0.002075
-0.00246276 -0.0021
-0.00248996 -0.002125
-0.00251709 -0.00215
-0.00254416 -0.002175
-0.00257117 -0.0022
-0.00259812 -0.002225
-0.002625 -0.00225
-0.00265182 -0.002275
-0.00267858 -0.0023
-0.00270527 -0.002325
-0.00273189 -0.00235
-0.00275845 -0.002375
-0.00278495 -0.0024
-0.00281138 -0.002425
-0.00283774 -0.00245
-0.00286403 -0.002475
-0.00289025 -0.0025
-0.00291641 -0.002525
-0.00294249 -0.00255
-0.00296851 -0.002575
-0.00299445 -0.0026
-0.00302032 -0.002625
-0.00304612 -0.00265
-0.00307185 -0.002675
-0.0030975 -0.0027
-0.00312308 -0.002725
-0.00314859 -0.00275
-0.00317402 -0.002775
-0.00319937 -0.0028
-0.00322464 -0.002825
-0.00324984 -0.00285
-0.00327496 -0.002875
-0.0033 -0.0029
-0.00332283 -0.002925
-0.00334565 -0.00295
-0.00336848 -0.002975
-0.0033913 -0.003
-0.00341413 -0.003025
-0.00343696 -0.00305
-0.00345978 -0.003075
-0.00348261 -0.0031
-0.00350543 -0.003125
-0.00352826 -0.00315
-0.00355109 -0.003175
-0.00357391 -0.0032
-0.00359674 -0.003225
-0.00361957 -0.00325
-0.00364239 -0.003275
-0.00366522 -0.0033
-0.00368804 -0.003325
-0.00371087 -0.00335
-0.0037337 -0.003375
-0.00375652 -0.0034
-0.00377935 -0.003425
-0.00380217 -0.00345
-0.003825 -0.003475
-0.00384783 -0.0035
-0.00387065 -0.003525
-0.00389348 -0.00355
-0.0039163 -0.003575
-0.00393913 -0.0036
-0.00396196 -0.003625
-0.00398478 -0.00365
-0.00400761 -0.003675
-0.00403043 -0.0037
-0.00405326 -0.003725
-0.00407609 -0.00375
-0.00404503 -0.003725
-0.00401397 -0.0037
-0.00398291 -0.003675
-0.00395184 -0.00365
-0.00392078 -0.003625
-0.00388972 -0.0036
-0.00385866 -0.003575
-0.0038276 -0.00355
-0.00379654 -0.003525
-0.00376548 -0.0035
-0.00373442 -0.003475
-0.00370336 -0.00345
-0.0036723 -0.003425
-0.00364124 -0.0034
-0.00361018 -0.003375
-0.00357912 -0.00335
-0.00354806 -0.003325
-0.003517 -0.0033
-0.00348594 -0.003275
-0.00345487 -0.00325
-0.00342381 -0.003225
-0.00339275 -0.0032
-0.00336169 -0.003175
-0.00333063 -0.00315
-0.00329957 -0.003125
-0.00326851 -0.0031
-0.00323745 -0.003075
-0.00320639 -0.00305
-0.00317533 -0.003025
-0.00314427 -0.003
-0.00311321 -0.002975
-0.00308215 -0.00295
-0.00305109 -0.002925
-0.00302094 -0.0029
-0.00299441 -0.002875
-0.00296788 -0.00285
-0.00294134 -0.002825
-0.00291481 -0.0028
-0.00288828 -0.002775
-0.00286175 -0.00275
-0.00283521 -0.002725
-0.00280868 -0.0027
-0.00278215 -0.002675
-0.00275562 -0.00265
-0.00272909 -0.002625
-0.00270255 -0.0026
-0.00267602 -0.002575
-0.00264949 -0.00255
-0.00262296 -0.002525
-0.00259642 -0.0025
-0.00256989 -0.002475
-0.00254336 -0.00245
-0.00251683 -0.002425
-0.0024903 -0.0024
-0.00246376 -0.002375
-0.00243723 -0.00235
-0.0024107 -0.002325
-0.00238417 -0.0023
-0.00235763 -0.002275
-0.0023311 -0.00225
-0.00230457 -0.002225
-0.00227804 -0.0022
-0.00225151 -0.002175
-0.00222497 -0.00215
-0.00219844 -0.002125
-0.00217191 -0.0021
-0.00214538 -0.002075
-0.00211884 -0.00205
-0.00209231 -0.002025
-0.00206578 -0.002
-0.00203925 -0.001975
-0.00201272 -0.00195
-0.00198618 -0.001925
-0.00195965 -0.0019
-0.00193312 -0.001875
-0.00190659 -0.00185
-0.00188005 -0.001825
-0.00185352 -0.0018
-0.00182699 -0.001775
-0.00180046 -0.00175
-0.00177392 -0.001725
-0.00174739 -0.0017
-0.00172086 -0.001675
-0.00169433 -0.00165
-0.0016678 -0.001625
-0.00164126 -0.0016
-0.00161473 -0.001575
-0.0015882 -0.00155
-0.00156167 -0.001525
-0.00153513 -0.0015
-0.0015086 -0.001475
-0.00148207 -0.00145
-0.00145554 -0.001425
-0.00142901 -0.0014
-0.00140247 -0.001375
-0.00137594 -0.00135
-0.00134941 -0.001325
-0.00132288 -0.0013
-0.00129634 -0.001275
-0.00126981 -0.00125
-0.00124328 -0.001225
-0.00121675 -0.0012
-0.00119022 -0.001175
-0.00116368 -0.00115
-0.00113715 -0.001125
-0.00111062 -0.0011
-0.00108409 -0.001075
-0.00105755 -0.00105
-0.00103102 -0.001025
-0.00100449 -0.001
-0.000977958 -0.000975
-0.000951425 -0.00095
-0.000924771 -0.000925
-0.000896489 -0.0009
-0.000868207 -0.000875
-0.000839925 -0.00085
-0.000811643 -0.000825
-0.000783361 -0.0008
-0.000755079 -0.000775
-0.000726797 -0.00075
-0.000698515 -0.000725
-0.000675436 -0.0007
-0.000656686 -0.000675
-0.000637936 -0.00065
-0.000619186 -0.000625
-0.0006 -0.0006
-0.000575 -0.000575
-0.00055 -0.00055
-0.000525 -0.000525
-0.0005 -0.0005
-0.000475 -0.000475
-0.00045 -0.00045
-0.000425 -0.000425
-0.0004 -0.0004
-0.000375 -0.000375
-0.00035 -0.00035
-0.000325 -0.000325
-0.0003 -0.0003
-0.000275 -0.000275
-0.00025 -0.00025
-0.000225 -0.000225
-0.0002 -0.0002
-0.000175 -0.000175
-0.00015 -0.00015
-0.000125 -0.000125
-0.0001 -0.0001
-7.5e-05 -7.5e-05
-5e-05 -5e-05
-2.5e-05 -2.5e-05
-6.09864e-20 -6.09864e-20
2.5e-05 2.5e-05
5e-05 5e-05
7.5e-05 7.5e-05
0.0001 0.0001
0.000125 0.000125
0.00015 0.00015
0.000175 0.000175
0.0002 0.0002
0.000225 0.000225
0.00025 0.00025
0.000275 0.000275
0.0003 0.0003
0.000325 0.000325
0.00035 0.00035
0.000375 0.000375
0.00035 0.00035
0.000325 0.000325
0.0003 0.0003
0.000275 0.000275
0.00025 0.00025
0.000225 0.000225
0.0002 0.0002
0.000175 0.000175
0.00015 0.00015
0.000125 0.000125
0.0001 0.0001
7.5e-05 7.5e-05
5e-05 5e-05
2.5e-05 2.5e-05
-4.74338e-20 -4.74338e-20
-2.5e-05 -2.5e-05
-5e-05 -5e-05
-7.5e-05 -7.5e-05
-0.0001 -0.0001
-0.000125 -0.000125
-0.00015 -0.00015
-0.000175 -0.000175
-0.0002 -0.0002
-0.000225 -0.000225
-0.00025 -0.00025
-0.000275 -0.000275
-0.0003 -0.0003
-0.000325 -0.000325
-0.00035 -0.00035
-0.000375 -0.000375
-0.0004 -0.0004
-0.000425 -0.000425
-0.00045 -0.00045
-0.000475 -0.000475
-0.0005 -0.0005
-0.000525 -0.000525
-0.00055 -0.00055
-0.000575 -0.000575
-0.0006 -0.0006
-0.000625 -0.000625
-0.00065 -0.00065
-0.000675 -0.000675
-0.0007 -0.0007
-0.000725 -0.000725
-0.00075 -0.00075
-0.000775 -0.000775
-0.0008 -0.0008
-0.000825 -0.000825
-0.00085 -0.00085
-0.000875 -0.000875
-0.0009 -0.0009
-0.000925 -0.000925
-0.000952686 -0.00095
-0.000980574 -0.000975
-0.00100846 -0.001
-0.00103635 -0.001025
-0.00106424 -0.00105
-0.00109212 -0.001075
-0.00112001 -0.0011
-0.0011479 -0.001125
-0.00117579 -0.00115
-0.00120367 -0.001175
-0.00123156 -0.0012
-0.00125945 -0.001225
-0.00128734 -0.00125
-0.00131522 -0.001275
-0.00134311 -0.0013
-0.001371 -0.001325
-0.00139889 -0.00135
-0.00142677 -0.001375
-0.00145466 -0.0014
-0.00148255 -0.001425
-0.00151044 -0.00145
-0.00153832 -0.001475
-0.00156621 -0.0015
-0.0015941 -0.001525
-0.00162199 -0.00155
-0.00164987 -0.001575
-0.00167776 -0.0016
-0.00170565 -0.001625
-0.00173354 -0.00165
-0.00176142 -0.001675
-0.00178931 -0.0017
-0.0018172 -0.001725
-0.00184509 -0.00175
-0.00187297 -0.001775
-0.00190086 -0.0018
-0.00192875 -0.001825
-0.00195664 -0.00185
-0.00198452 -0.001875
-0.00201241 -0.0019
-0.0020403 -0.001925
-0.00206819 -0.00195
-0.00209607 -0.001975
-0.00212396 -0.002
-0.00215185 -0.002025
-0.00217974 -0.00205
-0.00220762 -0.002075
-0.00223551 -0.0021
-0.0022634 -0.002125
-0.00229129 -0.00215
-0.00231917 -0.002175
-0.00234706 -0.0022
-0.00237495 -0.002225
-0.00240284 -0.00225
-0.00243072 -0.002275
-0.00245861 -0.0023
-0.0024865 -0.002325
-0.00251439 -0.00235
-0.00254227 -0.002375
-0.00257016 -0.0024
-0.00259805 -0.002425
-0.00262594 -0.00245
-0.00265382 -0.002475
-0.00268171 -0.0025
-0.0027096 -0.002525
-0.00273749 -0.00255
-0.00276537 -0.002575
-0.00279326 -0.0026
-0.00282115 -0.002625
-0.00284904 -0.00265
-0.00287692 -0.002675
-0.00290481 -0.0027
-0.0029327 -0.002725
-0.00296059 -0.00275
-0.00298847 -0.002775
-0.00301636 -0.0028
-0.00304425 -0.002825
-0.00307214 -0.00285
-0.00310002 -0.002875
-0.00312791 -0.0029
-0.0031558 -0.002925
-0.00318369 -0.00295
-0.00321157 -0.002975
-0.00323946 -0.003
-0.00326735 -0.003025
-0.00329524 -0.00305
-0.00332312 -0.003075
-0.00335101 -0.0031
-0.0033789 -0.003125
-0.00340679 -0.00315
-0.00343467 -0.003175
-0.00346256 -0.0032
-0.00349045 -0.003225
-0.00351834 -0.00325
-0.00354622 -0.003275
-0.00357411 -0.0033
-0.003602 -0.003325
-0.00362989 -0.00335
-0.00365777 -0.003375
-0.00368566 -0.0034
-0.00371355 -0.003425
-0.00374144 -0.00345
-0.00376932 -0.003475
-0.00379721 -0.0035
-0.0038251 -0.003525
-0.00385299 -0.00355
-0.00388087 -0.003575
-0.00390876 -0.0036
-0.00393665 -0.003625
-0.00396454 -0.00365
-0.00399242 -0.003675
-0.00402031 -0.0037
-0.0040482 -0.003725
-0.00407609 -0.00375
-0.00409891 -0.003775
-0.00412174 -0.0038
-0.00414457 -0.003825
-0.00416739 -0.00385
-0.00419022 -0.003875
-0.00421304 -0.0039
-0.00423587 -0.003925
-0.0042587 -0.00395
-0.00428152 -0.003975
-0.00430435 -0.004
-0.00432717 -0.004025
-0.00435 -0.00405
-0.00437283 -0.004075
-0.00439565 -0.0041
-0.00441848 -0.004125
-0.0044413 -0.00415
-0.00446413 -0.004175
-0.00448696 -0.0042
-0.00450978 -0.004225
-0.00453261 -0.00425
-0.00455543 -0.004275
-0.00457826 -0.0043
-0.00460109 -0.004325
-0.00462391 -0.00435
-0.00464674 -0.004375
-0.00466957 -0.0044
-0.00469239 -0.004425
-0.00471522 -0.00445
-0.00473804 -0.004475
-0.00476087 -0.0045
-0.0047837 -0.004525
-0.00480652 -0.00455
-0.00482935 -0.004575
-0.00485217 -0.0046
-0.004875 -0.004625
-0.00489783 -0.00465
-0.00492065 -0.004675
-0.00494348 -0.0047
-0.0049663 -0.004725
-0.00498913 -0.00475
-0.00501196 -0.004775
-0.00503478 -0.0048
-0.00505761 -0.004825
-0.00508043 -0.00485
-0.00510326 -0.004875
-0.00512609 -0.0049
-0.00514891 -0.004925
-0.00517174 -0.00495
-0.00519457 -0.004975
-0.00521739 -0.005
-0.00518633 -0.004975
-0.00515527 -0.00495
-0.00512421 -0.004925
-0.00509315 -0.0049
-0.00506209 -0.004875
-0.00503103 -0.00485
-0.00499997 -0.004825
-0.00496891 -0.0048
-0.00493785 -0.004775
-0.00490679 -0.00475
-0.00487572 -0.004725
-0.00484466 -0.0047
-0.0048136 -0.004675
-0.00478254 -0.00465
-0.00475148 -0.004625
-0.00472042 -0.0046
-0.00468936 -0.004575
-0.0046583 -0.00455
-0.00462724 -0.004525
-0.00459618 -0.0045
-0.00456811 -0.004475
-0.00454217 -0.00445
-0.00451623 -0.004425
-0.0044903 -0.0044
-0.00446436 -0.004375
-0.00443843 -0.00435
-0.00441249 -0.004325
-0.00438655 -0.0043
-0.00436062 -0.004275
-0.00433468 -0.00425
-0.00430874 -0.004225
-0.00428281 -0.0042
-0.00425687 -0.004175
-0.00423094 -0.00415
-0.004205 -0.004125
-0.00417906 -0.0041
-0.00415313 -0.004075
-0.00412719 -0.00405
-0.00410126 -0.004025
-0.00407532 -0.004
-0.00404938 -0.003975
-0.00402345 -0.00395
-0.00399751 -0.003925
-0.00397157 -0.0039
-0.00394564 -0.003875
-0.0039197 -0.00385
-0.00389377 -0.003825
-0.00386783 -0.0038
-0.00384189 -0.003775
-0.00381596 -0.00375
-0.00379002 -0.003725
-0.00376408 -0.0037
-0.00373815 -0.003675
-0.00371221 -0.00365
-0.00368628 -0.003625
-0.00366034 -0.0036
-0.0036344 -0.003575
-0.00360847 -0.00355
-0.00358253 -0.003525
-0.0035566 -0.0035
-0.00353066 -0.003475
-0.00350472 -0.00345
-0.00347879 -0.003425
-0.00345285 -0.0034
-0.00342691 -0.003375
-0.00340098 -0.00335
-0.00337504 -0.003325
-0.00334911 -0.0033
-0.00332317 -0.003275
-0.00329723 -0.00325
-0.0032713 -0.003225
-0.00324536 -0.0032
-0.00321942 -0.003175
-0.00319349 -0.00315
-0.00316755 -0.003125
-0.00314162 -0.0031
-0.00311568 -0.003075
-0.00308974 -0.00305
-0.00306381 -0.003025
-0.00303787 -0.003
-0.00301194 -0.002975
-0.002986 -0.00295
-0.00296006 -0.002925
-0.00293413 -0.0029
-0.00290819 -0.002875
-0.00288225 -0.00285
-0.00285632 -0.002825
-0.00283038 -0.0028
-0.00280445 -0.002775
-0.00277851 -0.00275
-0.00275257 -0.002725
-0.00272664 -0.0027
-0.0027007 -0.002675
-0.00267477 -0.00265
-0.00264883 -0.002625
-0.00262289 -0.0026
-0.00259696 -0.002575
-0.00257102 -0.00255
-0.00254508 -0.002525
-0.00251915 -0.0025
-0.00249321 -0.002475
-0.00246728 -0.00245
-0.00244134 -0.002425
-0.0024154 -0.0024
-0.00238947 -0.002375
-0.00236353 -0.00235
-0.00233759 -0.002325
-0.00231166 -0.0023
-0.00228572 -0.002275
-0.00225979 -0.00225
-0.00223385 -0.002225
-0.00220791 -0.0022
-0.00218198 -0.002175
-0.00215604 -0.00215
-0.00213011 -0.002125
-0.00210417 -0.0021
-0.00207823 -0.002075
-0.0020523 -0.00205
-0.00202636 -0.002025
-0.00200042 -0.002
-0.001975 -0.001975
-0.00195 -0.00195
-0.001925 -0.001925
-0.0019 -0.0019
-0.001875 -0.001875
-0.00185 -0.00185
-0.001825 -0.001825
-0.0018 -0.0018
-0.001775 -0.001775
-0.00175 -0.00175
-0.001725 -0.001725
-0.0017 -0.0017
-0.001675 -0.001675
-0.00165 -0.00165
-0.001625 -0.001625
-0.0016 -0.0016
-0.001575 -0.001575
-0.00155 -0.00155
-0.001525 -0.001525
-0.0015 -0.0015
-0.001475 -0.001475
-0.00145 -0.00145
-0.001425 -0.001425
-0.0014 -0.0014
-0.001375 -0.001375
-0.00135 -0.00135
-0.001325 -0.001325
-0.0013 -0.0013
-0.001275 -0.001275
-0.00125 -0.00125
-0.001225 -0.001225
-0.0012 -0.0012
-0.001175 -0.001175
-0.00115 -0.00115
-0.001125 -0.001125
-0.0011 -0.0011
-0.001075 -0.001075
-0.00105 -0.00105
-0.001025 -0.001025
-0.001 -0.001
-0.000975 -0.000975
-0.00095 -0.00095
-0.000925 -0.000925
-0.0009 -0.0009
-0.000875 -0.000875
-0.00085 -0.00085
-0.000825 -0.000825
-0.0008 -0.0008
-0.000775 -0.000775
-0.00075 -0.00075
-0.000725 -0.000725
-0.0007 -0.0007
-0.000675 -0.000675
-0.00065 -0.00065
-0.000625 -0.000625
-0.0006 -0.0006
-0.000575 -0.000575
-0.00055 -0.00055
-0.000525 -0.000525
-0.0005 -0.0005
-0.000475 -0.000475
-0.00045 -0.00045
-0.000425 -0.000425
-0.0004 -0.0004
-0.000375 -0.000375
-0.00035 -0.00035
-0.000325 -0.000325
-0.0003 -0.0003
-0.000275 -0.000275
-0.00025 -0.00025
-0.000225 -0.000225
-0.0002 -0.0002
-0.000175 -0.000175
-0.00015 -0.00015
-0.000125 -0.000125
-0.0001 -0.0001
-7.5e-05 -7.5e-05
-5e-05 -5e-05
-2.5e-05 -2.5e-05
-6.09864e-20 -6.09864e-20
2.5e-05 2.5e-05
5e-05 5e-05
7.5e-05 7.5e-05
0.0001 0.0001
0.000125 0.000125
0.00015 0.00015
0.000175 0.000175
0.0002 0.0002
0.000225 0.000225
0.00025 0.00025
0.000275 0.000275
0.0003 0.0003
0.000325 0.000325
0.00035 0.00035
0.000375 0.000375
0.0004 0.0004
0.000425 0.000425
0.00045 0.00045
0.000475 0.000475
0.0005 0.0005
0.000475 0.000475
0.00045 0.00045
0.000425 0.000425
0.0004 0.0004
0.000375 0.000375
0.00035 0.00035
0.000325 0.000325
0.0003 0.0003
0.000275 0.000275
0.00025 0.00025
0.000225 0.000225
0.0002 0.0002
0.000175 0.000175
0.00015 0.00015
0.000125 0.000125
0.0001 0.0001
7.5e-05 7.5e-05
5e-05 5e-05
2.5e-05 2.5e-05
-4.74338e-20 -4.74338e-20
-2.5e-05 -2.5e-05
-5e-05 -5e-05
-7.5e-05 -7.5e-05
-0.0001 -0.0001
-0.000125 -0.000125
-0.00015 -0.00015
-0.000175 -0.000175
-0.0002 -0.0002
-0.000225 -0.000225
-0.00025 -0.00025
-0.000275 -0.000275
-0.0003 -0.0003
-0.000325 -0.000325
-0.00035 -0.00035
-0.000375 -0.000375
-0.0004 -0.0004
-0.000425 -0.000425
-0.00045 -0.00045
-0.000475 -0.000475
-0.0005 -0.0005
-0.000525 -0.000525
-0.00055 -0.00055
-0.000575 -0.000575
-0.0006 -0.0006
-0.000625 -0.000625
-0.00065 -0.00065
-0.000675 -0.000675
-0.0007 -0.0007
-0.000725 -0.000725
-0.00075 -0.00075
-0.000775 -0.000775
-0.0008 -0.0008
-0.000825 -0.000825
-0.00085 -0.00085
-0.000875 -0.000875
-0.0009 -0.0009
-0.000925 -0.000925
-0.00095 -0.00095
-0.000975 -0.000975
-0.001 -0.001
-0.001025 -0.001025
-0.00105 -0.00105
-0.001075 -0.001075
-0.0011 -0.0011
-0.001125 -0.001125
-0.00115 -0.00115
-0.001175 -0.001175
-0.0012 -0.0012
-0.001225 -0.001225
-0.00125 -0.00125
-0.001275 -0.001275
-0.0013 -0.0013
-0.001325 -0.001325
-0.00135 -0.00135
-0.001375 -0.001375
-0.0014 -0.0014
-0.001425 -0.001425
-0.00145 -0.00145
-0.001475 -0.001475
-0.0015 -0.0015
-0.001525 -0.001525
-0.00155 -0.00155
-0.001575 -0.001575
-0.0016 -0.0016
-0.001625 -0.001625
-0.00165 -0.00165
-0.001675 -0.001675
-0.0017 -0.0017
-0.001725 -0.001725
-0.00175 -0.00175
-0.001775 -0.001775
-0.0018 -0.0018
-0.001825 -0.001825
-0.00185 -0.00185
-0.001875 -0.001875
-0.0019 -0.0019
-0.001925 -0.001925
-0.00195 -0.00195
-0.001975 -0.001975
-0.00200082 -0.002
-0.00202762 -0.002025
-0.00205443 -0.00205
-0.00208123 -0.002075
-0.00210804 -0.0021
-0.00213484 -0.002125
-0.00216165 -0.00215
-0.00218845 -0.002175
-0.00221526 -0.0022
-0.00224206 -0.002225
-0.00226887 -0.00225
-0.00229567 -0.002275
-0.00232248 -0.0023
-0.00234928 -0.002325
-0.00237609 -0.00235
-0.00240289 -0.002375
-0.00242969 -0.0024
-0.0024565 -0.002425
-0.0024833 -0.00245
-0.00251011 -0.002475
-0.00253691 -0.0025
-0.00256372 -0.002525
-0.00259052 -0.00255
-0.00261733 -0.002575
-0.00264413 -0.0026
-0.00267094 -0.002625
-0.00269774 -0.00265
-0.00272455 -0.002675
-0.00275135 -0.0027
-0.00277816 -0.002725
-0.00280496 -0.00275
-0.00283177 -0.002775
-0.00285857 -0.0028
-0.00288538 -0.002825
-0.00291218 -0.00285
-0.00293899 -0.002875
-0.00296579 -0.0029
-0.0029926 -0.002925
-0.0030194 -0.00295
-0.0030462 -0.002975
-0.00307301 -0.003
-0.00309981 -0.003025
-0.00312662 -0.00305
-0.00315342 -0.003075
-0.00318023 -0.0031
-0.00320703 -0.003125
-0.00323384 -0.00315
-0.00326064 -0.003175
-0.00328745 -0.0032
-0.00331425 -0.003225
-0.00334106 -0.00325
-0.00336786 -0.003275
-0.00339467 -0.0033
-0.00342147 -0.003325
-0.00344828 -0.00335
-0.00347508 -0.003375
-0.00350189 -0.0034
-0.00352869 -0.003425
-0.0035555 -0.00345
-0.0035823 -0.003475
-0.0036091 -0.0035
-0.00363591 -0.003525
-0.00366271 -0.00355
-0.00368952 -0.003575
-0.00371632 -0.0036
-0.00374313 -0.003625
-0.00376993 -0.00365
-0.00379674 -0.003675
-0.00382354 -0.0037
-0.00385035 -0.003725
-0.00387715 -0.00375
-0.00390396 -0.003775
-0.00393076 -0.0038
-0.00395757 -0.003825
-0.00398437 -0.00385
-0.00401118 -0.003875
-0.00403798 -0.0039
-0.00406479 -0.003925
-0.00409159 -0.00395
-0.0041184 -0.003975
-0.0041452 -0.004
-0.00417201 -0.004025
-0.00419881 -0.00405
-0.00422561 -0.004075
-0.00425242 -0.0041
-0.00427922 -0.004125
-0.00430603 -0.00415
-0.00433283 -0.004175
-0.00435964 -0.0042
-0.00438644 -0.004225
-0.00441325 -0.00425
-0.00444005 -0.004275
-0.00446686 -0.0043
-0.00449366 -0.004325
-0.00452047 -0.00435
-0.00454727 -0.004375
-0.00457408 -0.0044
-0.00460088 -0.004425
-0.00462769 -0.00445
-0.00465449 -0.004475
-0.0046813 -0.0045
-0.0047081 -0.004525
-0.00473491 -0.00455
-0.00476171 -0.004575
-0.00478851 -0.0046
-0.00481532 -0.004625
-0.00484212 -0.00465
-0.00486893 -0.004675
-0.00489573 -0.0047
-0.00492254 -0.004725
-0.00494934 -0.00475
-0.00497615 -0.004775
-0.00500295 -0.0048
-0.00502976 -0.004825
-0.00505656 -0.00485
-0.00508337 -0.004875
-0.00511017 -0.0049
-0.00513698 -0.004925
-0.00516378 -0.00495
-0.00519059 -0.004975
-0.00521739 -0.005
-0.00524022 -0.005025
-0.00526304 -0.00505
-0.00528587 -0.005075
-0.0053087 -0.0051
-0.00533152 -0.005125
-0.00535435 -0.00515
-0.00537717 -0.005175
-0.0054 -0.0052
-0.00542283 -0.005225
-0.00544565 -0.00525
-0.00546848 -0.005275
-0.0054913 -0.0053
-0.00551413 -0.005325
-0.00553696 -0.00535
-0.00555978 -0.005375
-0.00558261 -0.0054
-0.00560543 -0.005425
-0.00562826 -0.00545
-0.00565109 -0.005475
-0.00567391 -0.0055
-0.00569674 -0.005525
-0.00571957 -0.00555
-0.00574239 -0.005575
-0.00576522 -0.0056
-0.00578804 -0.005625
-0.00581087 -0.00565
-0.0058337 -0.005675
-0.00585652 -0.0057
-0.00587935 -0.005725
-0.00590217 -0.00575
-0.005925 -0.005775
-0.00594783 -0.0058
-0.00597065 -0.005825
-0.00599348 -0.00585
-0.0060163 -0.005875
-0.00603913 -0.0059
-0.00606196 -0.005925
-0.00608478 -0.00595
-0.00610761 -0.005975
-0.00613043 -0.006
-0.00615326 -0.006025
-0.00617609 -0.00605
-0.00619891 -0.006075
-0.00622174 -0.0061
-0.00624457 -0.006125
-0.00626739 -0.00615
-0.00629022 -0.006175
-0.00631304 -0.0062
-0.00633587 -0.006225
-0.0063587 -0.00625
-0.00632764 -0.006225
-0.00629657 -0.0062
-0.00626551 -0.006175
-0.00623445 -0.00615
-0.00620339 -0.006125
-0.00617233 -0.0061
-0.00614127 -0.006075
-0.00611021 -0.00605
-0.00607915 -0.006025
-0.00604993 -0.006
-0.00602437 -0.005975
-0.0059988 -0.00595
-0.00597324 -0.005925
-0.00594767 -0.0059
-0.00592211 -0.005875
-0.00589655 -0.00585
-0.00587098 -0.005825
-0.00584542 -0.0058
-0.00581985 -0.005775
-0.00579429 -0.00575
-0.00576872 -0.005725
-0.00574316 -0.0057
-0.0057176 -0.005675
-0.00569203 -0.00565
-0.00566647 -0.005625
-0.0056409 -0.0056
-0.00561534 -0.005575
-0.00558977 -0.00555
-0.00556421 -0.005525
-0.00553865 -0.0055
-0.00551308 -0.005475
-0.00548752 -0.00545
-0.00546195 -0.005425
-0.00543639 -0.0054
-0.00541082 -0.005375
-0.00538526 -0.00535
-0.0053597 -0.005325
-0.00533413 -0.0053
-0.00530857 -0.005275
-0.005283 -0.00525
-0.00525744 -0.005225
-0.00523187 -0.0052
-0.00520631 -0.005175
-0.00518075 -0.00515
-0.00515518 -0.005125
-0.00512962 -0.0051
-0.00510405 -0.005075
-0.00507849 -0.00505
-0.00505292 -0.005025
-0.00502736 -0.005
-0.0050018 -0.004975
-0.00497623 -0.00495
-0.00495067 -0.004925
-0.0049251 -0.0049
-0.00489954 -0.004875
-0.00487398 -0.00485
-0.00484841 -0.004825
-0.00482285 -0.0048
-0.00479728 -0.004775
-0.00477172 -0.00475
-0.00474615 -0.004725
-0.00472059 -0.0047
-0.00469503 -0.004675
-0.00466946 -0.00465
-0.0046439 -0.004625
-0.00461833 -0.0046
-0.00459277 -0.004575
-0.0045672 -0.00455
-0.00454164 -0.004525
-0.00451608 -0.0045
-0.00449051 -0.004475
-0.00446495 -0.00445
-0.00443938 -0.004425
-0.00441382 -0.0044
-0.00438825 -0.004375
-0.00436269 -0.00435
-0.00433713 -0.004325
-0.00431156 -0.0043
-0.004286 -0.004275
-0.00426043 -0.00425
-0.00423487 -0.004225
-0.0042093 -0.0042
-0.00418374 -0.004175
-0.00415818 -0.00415
-0.00413261 -0.004125
-0.00410705 -0.0041
-0.00408148 -0.004075
-0.00405592 -0.00405
-0.00403035 -0.004025
-0.00400479 -0.004
-0.00397923 -0.003975
-0.00395366 -0.00395
-0.0039281 -0.003925
-0.00390253 -0.0039
-0.00387697 -0.003875
-0.0038514 -0.00385
-0.00382584 -0.003825
-0.00380028 -0.0038
-0.003775 -0.003775
-0.00375 -0.00375
-0.003725 -0.003725
-0.0037 -0.0037
-0.003675 -0.003675
-0.00365 -0.00365
-0.003625 -0.003625
-0.0036 -0.0036
-0.003575 -0.003575
-0.00355 -0.00355
-0.003525 -0.003525
-0.0035 -0.0035
-0.003475 -0.003475
-0.00345 -0.00345
-0.003425 -0.003425
-0.0034 -0.0034
-0.003375 -0.003375
-0.00335 -0.00335
-0.003325 -0.003325
-0.0033 -0.0033
-0.003275 -0.003275
-0.00325 -0.00325
-0.003225 -0.003225
-0.0032 -0.0032
-0.003175 -0.003175
-0.00315 -0.00315
-0.003125 -0.003125
-0.0031 -0.0031
-0.003075 -0.003075
-0.00305 -0.00305
-0.003025 -0.003025
-0.003 -0.003
-0.002975 -0.002975
-0.00295 -0.00295
-0.002925 -0.002925
-0.0029 -0.0029
-0.002875 -0.002875
-0.00285 -0.00285
-0.002825 -0.002825
-0.0028 -0.0028
-0.002775 -0.002775
-0.00275 -0.00275
-0.002725 -0.002725
-0.0027 -0.0027
-0.002675 -0.002675
-0.00265 -0.00265
-0.002625 -0.002625
-0.0026 -0.0026
-0.002575 -0.002575
-0.00255 -0.00255
-0.002525 -0.002525
-0.0025 -0.0025
-0.002475 -0.002475
-0.00245 -0.00245
-0.002425 -0.002425
-0.0024 -0.0024
-0.002375 -0.002375
-0.00235 -0.00235
-0.002325 -0.002325
-0.0023 -0.0023
-0.002275 -0.002275
-0.00225 -0.00225
-0.002225 -0.002225
-0.0022 -0.0022
-0.002175 -0.002175
-0.00215 -0.00215
-0.002125 -0.002125
-0.0021 -0.0021
-0.002075 -0.002075
-0.00205 -0.00205
-0.002025 -0.002025
-0.002 -0.002
-0.001975 -0.001975
-0.00195 -0.00195
-0.001925 -0.001925
-0.0019 -0.0019
-0.001875 -0.001875
-0.00185 -0.00185
-0.001825 -0.001825
-0.0018 -0.0018
-0.001775 -0.001775
-0.00175 -0.00175
-0.001725 -0.001725
-0.0017 -0.0017
-0.001675 -0.001675
-0.00165 -0.00165
-0.001625 -0.001625
-0.0016 -0.0016
-0.001575 -0.001575
-0.00155 -0.00155
-0.001525 -0.001525
-0.0015 -0.0015
-0.001475 -0.001475
-0.00145 -0.00145
-0.001425 -0.001425
-0.0014 -0.0014
-0.001375 -0.001375
-0.00135 -0.00135
-0.001325 -0.001325
-0.0013 -0.0013
-0.001275 -0.001275
-0.00125 -0.00125
-0.001225 -0.001225
-0.0012 -0.0012
-0.001175 -0.001175
-0.00115 -0.00115
-0.001125 -0.001125
-0.0011 -0.0011
-0.001075 -0.001075
-0.00105 -0.00105
-0.001025 -0.001025
-0.001 -0.001
-0.000975 -0.000975
-0.00095 -0.00095
-0.000925 -0.000925
-0.0009 -0.0009
-0.000875 -0.000875
-0.00085 -0.00085
-0.000825 -0.000825
-0.0008 -0.0008
-0.000775 -0.000775
-0.00075 -0.00075
-0.000725 -0.000725
-0.0007 -0.0007
-0.000675 -0.000675
-0.00065 -0.00065
-0.000625 -0.000625
-0.0006 -0.0006
-0.000575 -0.000575
-0.00055 -0.00055
-0.000525 -0.000525
-0.0005 -0.0005
-0.000475 -0.000475
-0.00045 -0.00045
-0.000425 -0.000425
-0.0004 -0.0004
-0.000375 -0.000375
-0.00035 -0.00035
-0.000325 -0.000325
-0.0003 -0.0003
-0.000275 -0.000275
-0.00025 -0.00025
-0.000225 -0.000225
-0.0002 -0.0002
-0.000175 -0.000175
-0.00015 -0.00015
-0.000125 -0.000125
-0.0001 -0.0001
-7.5e-05 -7.5e-05
-5e-05 -5e-05
-2.5e-05 -2.5e-05
-6.09864e-20 -6.09864e-20
2.5e-05 2.5e-05
5e-05 5e-05
7.5e-05 7.5e-05
0.0001 0.0001
0.000125 0.000125
0.00015 0.00015
0.000175 0.000175
0.0002 0.0002
0.000225 0.000225
0.00025 0.00025
0.000275 0.000275
0.0003 0.0003
0.000325 0.000325
0.00035 0.00035
0.000375 0.000375
0.0004 0.0004
0.000425 0.000425
0.00045 0.00045
0.000475 0.000475
0.0005 0.0005
0.000525 0.000525
0.00055 0.00055
0.000575 0.000575
0.0006 0.0006
0.000625 0.000625
0.0006 0.0006
0.000575 0.000575
0.00055 0.00055
0.000525 0.000525
0.0005 0.0005
0.000475 0.000475
0.00045 0.00045
0.000425 0.000425
0.0004 0.0004
0.000375 0.000375
0.00035 0.00035
0.000325 0.000325
0.0003 0.0003
0.000275 0.000275
0.00025 0.00025
0.000225 0.000225
0.0002 0.0002
0.000175 0.000175
0.00015 0.00015
0.000125 0.000125
0.0001 0.0001
7.5e-05 7.5e-05
5e-05 5e-05
2.5e-05 2.5e-05
-4.74338e-20 -4.74338e-20
-2.5e-05 -2.5e-05
-5e-05 -5e-05
-7.5e-05 -7.5e-05
-0.0001 -0.0001
-0.000125 -0.000125
-0.00015 -0.00015
-0.000175 -0.000175
-0.0002 -0.0002
-0.000225 -0.000225
-0.00025 -0.00025
-0.000275 -0.000275
-0.0003 -0.0003
-0.000325 -0.000325
-0.00035 -0.00035
-0.000375 -0.000375
-0.0004 -0.0004
-0.000425 -0.000425
-0.00045 -0.00045
-0.000475 -0.000475
-0.0005 -0.0005
-0.000525 -0.000525
-0.00055 -0.00055
-0.000575 -0.000575
-0.0006 -0.0006
-0.000625 -0.000625
-0.00065 -0.00065
-0.000675 -0.000675
-0.0007 -0.0007
-0.000725 -0.000725
-0.00075 -0.00075
-0.000775 -0.000775
-0.0008 -0.0008
-0.000825 -0.000825
-0.00085 -0.00085
-0.000875 -0.000875
-0.0009 -0.0009
-0.000925 -0.000925
-0.00095 -0.00095
-0.000975 -0.000975
-0.001 -0.001
-0.001025 -0.001025
-0.00105 -0.00105
-0.001075 -0.001075
-0.0011 -0.0011
-0.001125 -0.001125
-0.00115 -0.00115
-0.001175 -0.001175
-0.0012 -0.0012
-0.001225 -0.001225
-0.00125 -0.00125
-0.001275 -0.001275
-0.0013 -0.0013
-0.001325 -0.001325
-0.00135 -0.00135
-0.001375 -0.001375
-0.0014 -0.0014
-0.001425 -0.001425
-0.00145 -0.00145
-0.001475 -0.001475
-0.0015 -0.0015
-0.001525 -0.001525
-0.00155 -0.00155
-0.001575 -0.001575
-0.0016 -0.0016
-0.001625 -0.001625
-0.00165 -0.00165
-0.001675 -0.001675
-0.0017 -0.0017
-0.001725 -0.001725
-0.00175 -0.00175
-0.001775 -0.001775
-0.0018 -0.0018
-0.001825 -0.001825
-0.00185 -0.00185
-0.001875 -0.001875
-0.0019 -0.0019
-0.001925 -0.001925
-0.00195 -0.00195
-0.001975 -0.001975
-0.002 -0.002
-0.002025 -0.002025
-0.00205 -0.00205
-0.002075 -0.002075
-0.0021 -0.0021
-0.002125 -0.002125
-0.00215 -0.00215
-0.002175 -0.002175
-0.0022 -0.0022
-0.002225 -0.002225
-0.00225 -0.00225
-0.002275 -0.002275
-0.0023 -0.0023
-0.002325 -0.002325
-0.00235 -0.00235
-0.002375 -0.002375
-0.0024 -0.0024
-0.002425 -0.002425
-0.00245 -0.00245
-0.002475 -0.002475
-0.0025 -0.0025
-0.002525 -0.002525
-0.00255 -0.00255
-0.002575 -0.002575
-0.0026 -0.0026
-0.002625 -0.002625
-0.00265 -0.00265
-0.002675 -0.002675
-0.0027 -0.0027
-0.002725 -0.002725
-0.00275 -0.00275
-0.002775 -0.002775
-0.0028 -0.0028
-0.002825 -0.002825
-0.00285 -0.00285
-0.002875 -0.002875
-0.0029 -0.0029
-0.002925 -0.002925
-0.00295 -0.00295
-0.002975 -0.002975
-0.003 -0.003
-0.003025 -0.003025
-0.00305 -0.00305
-0.003075 -0.003075
-0.0031 -0.0031
-0.003125 -0.003125
-0.00315 -0.00315
-0.003175 -0.003175
-0.0032 -0.0032
-0.003225 -0.003225
-0.00325 -0.00325
-0.003275 -0.003275
-0.0033 -0.0033
-0.003325 -0.003325
-0.00335 -0.00335
-0.003375 -0.003375
-0.0034 -0.0034
-0.003425 -0.003425
-0.00345 -0.00345
-0.003475 -0.003475
-0.0035 -0.0035
-0.003525 -0.003525
-0.00355 -0.00355
-0.003575 -0.003575
-0.0036 -0.0036
-0.003625 -0.003625
-0.00365 -0.00365
-0.003675 -0.003675
-0.0037 -0.0037
-0.003725 -0.003725
-0.00375 -0.00375
-0.003775 -0.003775
-0.00380054 -0.0038
-0.00382664 -0.003825
-0.00385275 -0.00385
-0.00387885 -0.003875
-0.00390495 -0.0039
-0.00393106 -0.003925
-0.00395716 -0.00395
-0.00398326 -0.003975
-0.00400937 -0.004
-0.00403547 -0.004025
-0.00406158 -0.00405
-0.00408768 -0.004075
-0.00411378 -0.0041
-0.00413989 -0.004125
-0.00416599 -0.00415
-0.00419209 -0.004175
-0.0042182 -0.0042
-0.0042443 -0.004225
-0.0042704 -0.00425
-0.00429651 -0.004275
-0.00432261 -0.0043
-0.00434872 -0.004325
-0.00437482 -0.00435
-0.00440092 -0.004375
-0.00442703 -0.0044
-0.00445313 -0.004425
-0.00447923 -0.00445
-0.00450534 -0.004475
-0.00453144 -0.0045
-0.00455754 -0.004525
-0.00458365 -0.00455
-0.00460975 -0.004575
-0.00463586 -0.0046
-0.00466196 -0.004625
-0.00468806 -0.00465
-0.00471417 -0.004675
-0.00474027 -0.0047
-0.00476637 -0.004725
-0.00479248 -0.00475
-0.00481858 -0.004775
-0.00484468 -0.0048
-0.00487079 -0.004825
-0.00489689 -0.00485
-0.004923 -0.004875
-0.0049491 -0.0049
-0.0049752 -0.004925
-0.00500131 -0.00495
-0.00502741 -0.004975
-0.00505351 -0.005
-0.00507962 -0.005025
-0.00510572 -0.00505
-0.00513182 -0.005075
-0.00515793 -0.0051
-0.00518403 -0.005125
-0.00521014 -0.00515
-0.00523624 -0.005175
-0.00526234 -0.0052
-0.00528845 -0.005225
-0.00531455 -0.00525
-0.00534065 -0.005275
-0.00536676 -0.0053
-0.00539286 -0.005325
-0.00541896 -0.00535
-0.00544507 -0.005375
-0.00547117 -0.0054
-0.00549728 -0.005425
-0.00552338 -0.00545
-0.00554948 -0.005475
-0.00557559 -0.0055
-0.00560169 -0.005525
-0.00562779 -0.00555
-0.0056539 -0.005575
-0.00568 -0.0056
-0.0057061 -0.005625
-0.00573221 -0.00565
-0.00575831 -0.005675
-0.00578442 -0.0057
-0.00581052 -0.005725
-0.00583662 -0.00575
-0.00586273 -0.005775
-0.00588883 -0.0058
-0.00591493 -0.005825
-0.00594104 -0.00585
-0.00596714 -0.005875
-0.00599324 -0.0059
-0.00601935 -0.005925
-0.00604545 -0.00595
-0.00607156 -0.005975
-0.00609766 -0.006
-0.00612376 -0.006025
-0.00614987 -0.00605
-0.00617597 -0.006075
-0.00620207 -0.0061
-0.00622818 -0.006125
-0.00625428 -0.00615
-0.00628038 -0.006175
-0.00630649 -0.0062
-0.00633259 -0.006225
-0.0063587 -0.00625
-0.00638152 -0.006275
-0.00640435 -0.0063
-0.00642717 -0.006325
-0.00645 -0.00635
-0.00647283 -0.006375
-0.00649565 -0.0064
-0.00651848 -0.006425
-0.0065413 -0.00645
-0.00656413 -0.006475
-0.00658696 -0.0065
-0.00660978 -0.006525
-0.00663261 -0.00655
-0.00665543 -0.006575
-0.00667826 -0.0066
-0.00670109 -0.006625
-0.00672391 -0.00665
-0.00674674 -0.006675
-0.00676957 -0.0067
-0.00679239 -0.006725
-0.00681522 -0.00675
-0.00683804 -0.006775
-0.00686087 -0.0068
-0.0068837 -0.006825
-0.00690652 -0.00685
-0.00692935 -0.006875
-0.00695217 -0.0069
-0.006975 -0.006925
-0.00699783 -0.00695
-0.00702065 -0.006975
-0.00704348 -0.007
-0.0070663 -0.007025
-0.00709 -0.00705
-0.007115 -0.007075
-0.00714 -0.0071
-0.007165 -0.007125
-0.00719 -0.00715
-0.007215 -0.007175
-0.00724 -0.0072
-0.007265 -0.007225
-0.00729 -0.00725
-0.007315 -0.007275
-0.00734 -0.0073
-0.007365 -0.007325
-0.00739 -0.00735
-0.007415 -0.007375
-0.00744 -0.0074
-0.007465 -0.007425
-0.00749 -0.00745
-0.007515 -0.007475
-0.00754 -0.0075
-0.00750894 -0.007475
-0.00747788 -0.00745
-0.00744682 -0.007425
-0.00741881 -0.0074
-0.00739344 -0.007375
-0.00736807 -0.00735
-0.0073427 -0.007325
-0.00731732 -0.0073
-0.00729195 -0.007275
-0.00726658 -0.00725
-0.00724121 -0.007225
-0.00721584 -0.0072
-0.00719047 -0.007175
-0.00716509 -0.00715
-0.00713972 -0.007125
-0.00711435 -0.0071
-0.00708898 -0.007075
-0.00706361 -0.00705
-0.00703824 -0.007025
-0.00701286 -0.007
-0.00698749 -0.006975
-0.00696212 -0.00695
-0.00693675 -0.006925
-0.00691138 -0.0069
-0.00688601 -0.006875
-0.00686063 -0.00685
-0.00683526 -0.006825
-0.00680989 -0.0068
-0.00678452 -0.006775
-0.00675915 -0.00675
-0.00673378 -0.006725
-0.0067084 -0.0067
-0.00668303 -0.006675
-0.00665766 -0.00665
-0.00663229 -0.006625
-0.00660692 -0.0066
-0.00658155 -0.006575
-0.00655617 -0.00655
-0.0065308 -0.006525
-0.00650543 -0.0065
-0.00648006 -0.006475
-0.00645469 -0.00645
-0.00642932 -0.006425
-0.00640394 -0.0064
-0.00637857 -0.006375
-0.0063532 -0.00635
-0.00632783 -0.006325
-0.00630246 -0.0063
-0.00627709 -0.006275
-0.00625171 -0.00625
-0.00622634 -0.006225
-0.00620097 -0.0062
-0.0061756 -0.006175
-0.00615023 -0.00615
-0.006125 -0.006125
-0.0061 -0.0061
-0.006075 -0.006075
-0.00605 -0.00605
-0.006025 -0.006025
-0.006 -0.006
-0.005975 -0.005975
-0.00595 -0.00595
-0.005925 -0.005925
-0.0059 -0.0059
-0.005875 -0.005875
-0.00585 -0.00585
-0.005825 -0.005825
-0.0058 -0.0058
-0.005775 -0.005775
-0.00575 -0.00575
-0.005725 -0.005725
-0.0057 -0.0057
-0.005675 -0.005675
-0.00565 -0.00565
-0.005625 -0.005625
-0.0056 -0.0056
-0.005575 -0.005575
-0.00555 -0.00555
-0.005525 -0.005525
-0.0055 -0.0055
-0.005475 -0.005475
-0.00545 -0.00545
-0.005425 -0.005425
-0.0054 -0.0054
-0.005375 -0.005375
-0.00535 -0.00535
-0.005325 -0.005325
-0.0053 -0.0053
-0.005275 -0.005275
-0.00525 -0.00525
-0.005225 -0.005225
-0.0052 -0.0052
-0.005175 -0.005175
-0.00515 -0.00515
-0.005125 -0.005125
-0.0051 -0.0051
-0.005075 -0.005075
-0.00505 -0.00505
-0.005025 -0.005025
-0.005 -0.005
-0.004975 -0.004975
-0.00495 -0.00495
-0.004925 -0.004925
-0.0049 -0.0049
-0.004875 -0.004875
-0.00485 -0.00485
-0.004825 -0.004825
-0.0048 -0.0048
-0.004775 -0.004775
-0.00475 -0.00475
-0.004725 -0.004725
-0.0047 -0.0047
-0.004675 -0.004675
-0.00465 -0.00465
-0.004625 -0.004625
-0.0046 -0.0046
-0.004575 -0.004575
-0.00455 -0.00455
-0.004525 -0.004525
-0.0045 -0.0045
-0.004475 -0.004475
-0.00445 -0.00445
-0.004425 -0.004425
-0.0044 -0.0044
-0.004375 -0.004375
-0.00435 -0.00435
-0.004325 -0.004325
-0.0043 -0.0043
-0.004275 -0.004275
-0.00425 -0.00425
-0.004225 -0.004225
-0.0042 -0.0042
-0.004175 -0.004175
-0.00415 -0.00415
-0.004125 -0.004125
-0.0041 -0.0041
-0.004075 -0.004075
-0.00405 -0.00405
-0.004025 -0.004025
-0.004 -0.004
-0.003975 -0.003975
-0.00395 -0.00395
-0.003925 -0.003925
-0.0039 -0.0039
-0.003875 -0.003875
-0.00385 -0.00385
-0.003825 -0.003825
-0.0038 -0.0038
-0.003775 -0.003775
-0.00375 -0.00375
-0.003725 -0.003725
-0.0037 -0.0037
-0.003675 -0.003675
-0.00365 -0.00365
-0.003625 -0.003625
-0.0036 -0.0036
-0.003575 -0.003575
-0.00355 -0.00355
-0.003525 -0.003525
-0.0035 -0.0035
-0.003475 -0.003475
-0.00345 -0.00345
-0.003425 -0.003425
-0.0034 -0.0034
-0.003375 -0.003375
-0.00335 -0.00335
-0.003325 -0.003325
-0.0033 -0.0033
-0.003275 -0.003275
-0.00325 -0.00325
-0.003225 -0.003225
-0.0032 -0.0032
-0.003175 -0.003175
-0.00315 -0.00315
-0.003125 -0.003125
-0.0031 -0.0031
-0.003075 -0.003075
-0.00305 -0.00305
-0.003025 -0.003025
-0.003 -0.003
-0.002975 -0.002975
-0.00295 -0.00295
-0.002925 -0.002925
-0.0029 -0.0029
-0.002875 -0.002875
-0.00285 -0.00285
-0.002825 -0.002825
-0.0028 -0.0028
-0.002775 -0.002775
-0.00275 -0.00275
-0.002725 -0.002725
-0.0027 -0.0027
-0.002675 -0.002675
-0.00265 -0.00265
-0.002625 -0.002625
-0.0026 -0.0026
-0.002575 -0.002575
-0.00255 -0.00255
-0.002525 -0.002525
-0.0025 -0.0025
-0.002475 -0.002475
-0.00245 -0.00245
-0.002425 -0.002425
-0.0024 -0.0024
-0.002375 -0.002375
-0.00235 -0.00235
-0.002325 -0.002325
-0.0023 -0.0023
-0.002275 -0.002275
-0.00225 -0.00225
-0.002225 -0.002225
-0.0022 -0.0022
-0.002175 -0.002175
-0.00215 -0.00215
-0.002125 -0.002125
-0.0021 -0.0021
-0.002075 -0.002075
-0.00205 -0.00205
-0.002025 -0.002025
-0.002 -0.002
-0.001975 -0.001975
-0.00195 -0.00195
-0.001925 -0.001925
-0.0019 -0.0019
-0.001875 -0.001875
-0.00185 -0.00185
-0.001825 -0.001825
-0.0018 -0.0018
-0.001775 -0.001775
-0.00175 -0.00175
-0.001725 -0.001725
-0.0017 -0.0017
-0.001675 -0.001675
-0.00165 -0.00165
-0.001625 -0.001625
-0.0016 -0.0016
-0.001575 -0.001575
-0.00155 -0.00155
-0.001525 -0.001525
-0.0015 -0.0015
-0.001475 -0.001475
-0.00145 -0.00145
-0.001425 -0.001425
-0.0014 -0.0014
-0.001375 -0.001375
-0.00135 -0.00135
-0.001325 -0.001325
-0.0013 -0.0013
-0.001275 -0.001275
-0.00125 -0.00125
-0.001225 -0.001225
-0.0012 -0.0012
-0.001175 -0.001175
-0.00115 -0.00115
-0.001125 -0.001125
-0.0011 -0.0011
-0.001075 -0.001075
-0.00105 -0.00105
-0.001025 -0.001025
-0.001 -0.001
-0.000975 -0.000975
-0.00095 -0.00095
-0.000925 -0.000925
-0.0009 -0.0009
-0.000875 -0.000875
-0.00085 -0.00085
-0.000825 -0.000825
-0.0008 -0.0008
-0.000775 -0.000775
-0.00075 -0.00075
-0.000725 -0.000725
-0.0007 -0.0007
-0.000675 -0.000675
-0.00065 -0.00065
-0.000625 -0.000625
-0.0006 -0.0006
-0.000575 -0.000575
-0.00055 -0.00055
-0.000525 -0.000525
-0.0005 -0.0005
-0.000475 -0.000475
-0.00045 -0.00045
-0.000425 -0.000425
-0.0004 -0.0004
-0.000375 -0.000375
-0.00035 -0.00035
-0.000325 -0.000325
-0.0003 -0.0003
-0.000275 -0.000275
-0.00025 -0.00025
-0.000225 -0.000225
-0.0002 -0.0002
-0.000175 -0.000175
-0.00015 -0.00015
-0.000125 -0.000125
-0.0001 -0.0001
-7.5e-05 -7.5e-05
-5e-05 -5e-05
-2.5e-05 -2.5e-05
-6.09864e-20 -6.09864e-20
2.5e-05 2.5e-05
5e-05 5e-05
7.5e-05 7.5e-05
0.0001 0.0001
0.000125 0.000125
0.00015 0.00015
0.000175 0.000175
0.0002 0.0002
0.000225 0.000225
0.00025 0.00025
0.000275 0.000275
0.0003 0.0003
0.000325 0.000325
0.00035 0.00035
0.000375 0.000375
0.0004 0.0004
0.000425 0.000425
0.00045 0.00045
0.000475 0.000475
0.0005 0.0005
0.000525 0.000525
0.00055 0.00055
0.000575 0.000575
0.0006 0.0006
0.000625 0.000625
0.00065 0.00065
0.000675 0.000675
0.0007 0.0007
0.000725 0.000725
0.00075 0.00075
0.000725 0.000725
0.0007 0.0007
0.000675 0.000675
0.00065 0.00065
0.000625 0.000625
0.0006 0.0006
0.000575 0.000575
0.00055 0.00055
0.000525 0.000525
0.0005 0.0005
0.000475 0.000475
0.00045 0.00045
0.000425 0.000425
0.0004 0.0004
0.000375 0.000375
0.00035 0.00035
0.000325 0.000325
0.0003 0.0003
0.000275 0.000275
0.00025 0.00025
0.000225 0.000225
0.0002 0.0002
0.000175 0.000175
0.00015 0.00015
0.000125 0.000125
0.0001 0.0001
7.5e-05 7.5e-05
5e-05 5e-05
2.5e-05 2.5e-05
-4.74338e-20 -4.74338e-20
-2.5e-05 -2.5e-05
-5e-05 -5e-05
-7.5e-05 -7.5e-05
-0.0001 -0.0001
-0.000125 -0.000125
-0.00015 -0.00015
-0.000175 -0.000175
-0.0002 -0.0002
-0.000225 -0.000225
-0.00025 -0.00025
-0.000275 -0.000275
-0.0003 -0.0003
-0.000325 -0.000325
-0.00035 -0.00035
-0.000375 -0.000375
-0.0004 -0.0004
-0.000425 -0.000425
-0.00045 -0.00045
-0.000475 -0.000475
-0.0005 -0.0005
-0.000525 -0.000525
-0.00055 -0.00055
-0.000575 -0.000575
-0.0006 -0.0006
-0.000625 -0.000625
-0.00065 -0.00065
-0.000675 -0.000675
-0.0007 -0.0007
-0.000725 -0.000725
-0.00075 -0.00075
-0.000775 -0.000775
-0.0008 -0.0008
-0.000825 -0.000825
-0.00085 -0.00085
-0.000875 -0.000875
-0.0009 -0.0009
-0.000925 -0.000925
-0.00095 -0.00095
-0.000975 -0.000975
-0.001 -0.001
-0.001025 -0.001025
-0.00105 -0.00105
-0.001075 -0.001075
-0.0011 -0.0011
-0.001125 -0.001125
-0.00115 -0.00115
-0.001175 -0.001175
-0.0012 -0.0012
-0.001225 -0.001225
-0.00125 -0.00125
-0.001275 -0.001275
-0.0013 -0.0013
-0.001325 -0.001325
-0.00135 -0.00135
-0.001375 -0.001375
-0.0014 -0.0014
-0.001425 -0.001425
-0.00145 -0.00145
-0.001475 -0.001475
-0.0015 -0.0015
-0.001525 -0.001525
-0.00155 -0.00155
-0.001575 -0.001575
-0.0016 -0.0016
-0.001625 -0.001625
-0.00165 -0.00165
-0.001675 -0.001675
-0.0017 -0.0017
-0.001725 -0.001725
-0.00175 -0.00175
-0.001775 -0.001775
-0.0018 -0.0018
-0.001825 -0.001825
-0.00185 -0.00185
-0.001875 -0.001875
-0.0019 -0.0019
-0.001925 -0.001925
-0.00195 -0.00195
-0.001975 -0.001975
-0.002 -0.002
-0.002025 -0.002025
-0.00205 -0.00205
-0.002075 -0.002075
-0.0021 -0.0021
-0.002125 -0.002125
-0.00215 -0.00215
-0.002175 -0.002175
-0.0022 -0.0022
-0.002225 -0.002225
-0.00225 -0.00225
-0.002275 -0.002275
-0.0023 -0.0023
-0.002325 -0.002325
-0.00235 -0.00235
-0.002375 -0.002375
-0.0024 -0.0024
-0.002425 -0.002425
-0.00245 -0.00245
-0.002475 -0.002475
-0.0025 -0.0025
-0.002525 -0.002525
-0.00255 -0.00255
-0.002575 -0.002575
-0.0026 -0.0026
-0.002625 -0.002625
-0.00265 -0.00265
-0.002675 -0.002675
-0.0027 -0.0027
-0.002725 -0.002725
-0.00275 -0.00275
-0.002775 -0.002775
-0.0028 -0.0028
-0.002825 -0.002825
-0.00285 -0.00285
-0.002875 -0.002875
-0.0029 -0.0029
-0.002925 -0.002925
-0.00295 -0.00295
-0.002975 -0.002975
-0.003 -0.003
-0.003025 -0.003025
-0.00305 -0.00305
-0.003075 -0.003075
-0.0031 -0.0031
-0.003125 -0.003125
-0.00315 -0.00315
-0.003175 -0.003175
-0.0032 -0.0032
-0.003225 -0.003225
-0.00325 -0.00325
-0.003275 -0.003275
-0.0033 -0.0033
-0.003325 -0.003325
-0.00335 -0.00335
-0.003375 -0.003375
-0.0034 -0.0034
-0.003425 -0.003425
-0.00345 -0.00345
-0.003475 -0.003475
-0.0035 -0.0035
-0.003525 -0.003525
-0.00355 -0.00355
-0.003575 -0.003575
-0.0036 -0.0036
-0.003625 -0.003625
-0.00365 -0.00365
-0.003675 -0.003675
-0.0037 -0.0037
-0.003725 -0.003725
-0.00375 -0.00375
-0.003775 -0.003775
-0.0038 -0.0038
-0.003825 -0.003825
-0.00385 -0.00385
-0.003875 -0.003875
-0.0039 -0.0039
-0.003925 -0.003925
-0.00395 -0.00395
-0.003975 -0.003975
-0.004 -0.004
-0.004025 -0.004025
-0.00405 -0.00405
-0.004075 -0.004075
-0.0041 -0.0041
-0.004125 -0.004125
-0.00415 -0.00415
-0.004175 -0.004175
-0.0042 -0.0042
-0.004225 -0.004225
-0.00425 -0.00425
-0.004275 -0.004275
-0.0043 -0.0043
-0.004325 -0.004325
-0.00435 -0.00435
-0.004375 -0.004375
-0.0044 -0.0044
-0.004425 -0.004425
-0.00445 -0.00445
-0.004475 -0.004475
-0.0045 -0.0045
-0.004525 -0.004525
-0.00455 -0.00455
-0.004575 -0.004575
-0.0046 -0.0046
-0.004625 -0.004625
-0.00465 -0.00465
-0.004675 -0.004675
-0.0047 -0.0047
-0.004725 -0.004725
-0.00475 -0.00475
-0.004775 -0.004775
-0.0048 -0.0048
-0.004825 -0.004825
-0.00485 -0.00485
-0.004875 -0.004875
-0.0049 -0.0049
-0.004925 -0.004925
-0.00495 -0.00495
-0.004975 -0.004975
-0.005 -0.005
-0.005025 -0.005025
-0.00505 -0.00505
-0.005075 -0.005075
-0.0051 -0.0051
-0.005125 -0.005125
-0.00515 -0.00515
-0.005175 -0.005175
-0.0052 -0.0052
-0.005225 -0.005225
-0.00525 -0.00525
-0.005275 -0.005275
-0.0053 -0.0053
-0.005325 -0.005325
-0.00535 -0.00535
-0.005375 -0.005375
-0.0054 -0.0054
-0.005425 -0.005425
-0.00545 -0.00545
-0.005475 -0.005475
-0.0055 -0.0055
-0.005525 -0.005525
-0.00555 -0.00555
-0.005575 -0.005575
-0.0056 -0.0056
-0.005625 -0.005625
-0.00565 -0.00565
-0.005675 -0.005675
-0.0057 -0.0057
-0.005725 -0.005725
-0.00575 -0.00575
-0.005775 -0.005775
-0.0058 -0.0058
-0.005825 -0.005825
-0.00585 -0.00585
-0.005875 -0.005875
-0.0059 -0.0059
-0.005925 -0.005925
-0.00595 -0.00595
-0.005975 -0.005975
-0.006 -0.006
-0.006025 -0.006025
-0.00605 -0.00605
-0.006075 -0.006075
-0.0061 -0.0061
-0.006125 -0.006125
-0.00615045 -0.00615
-0.00617618 -0.006175
-0.00620191 -0.0062
-0.00622764 -0.006225
-0.00625338 -0.00625
-0.00627911 -0.006275
-0.00630484 -0.0063
-0.00633057 -0.006325
-0.00635631 -0.00635
-0.00638204 -0.006375
-0.00640777 -0.0064
-0.0064335 -0.006425
-0.00645924 -0.00645
-0.00648497 -0.006475
-0.0065107 -0.0065
-0.00653643 -0.006525
-0.00656217 -0.00655
-0.0065879 -0.006575
-0.00661363 -0.0066
-0.00663936 -0.006625
-0.0066651 -0.00665
-0.00669083 -0.006675
-0.00671656 -0.0067
-0.00674229 -0.006725
-0.00676803 -0.00675
-0.00679376 -0.006775
-0.00681949 -0.0068
-0.00684522 -0.006825
-0.00687096 -0.00685
-0.00689669 -0.006875
-0.00692242 -0.0069
-0.00694815 -0.006925
-0.00697389 -0.00695
-0.00699962 -0.006975
-0.00702535 -0.007
-0.00705108 -0.007025
-0.00707682 -0.00705
-0.00710255 -0.007075
-0.00712828 -0.0071
-0.00715401 -0.007125
-0.00717975 -0.00715
-0.00720548 -0.007175
-0.00723121 -0.0072
-0.00725694 -0.007225
-0.00728268 -0.00725
-0.00730841 -0.007275
-0.00733414 -0.0073
-0.00735987 -0.007325
-0.00738561 -0.00735
-0.00741134 -0.007375
-0.00743707 -0.0074
-0.0074628 -0.007425
-0.00748854 -0.00745
-0.00751427 -0.007475
-0.00754 -0.0075
-0.007565 -0.007525
-0.00759 -0.00755
-0.007615 -0.007575
-0.00764 -0.0076
-0.007665 -0.007625
-0.00769 -0.00765
-0.007715 -0.007675
-0.00774 -0.0077
-0.007765 -0.007725
-0.00779 -0.00775
-0.007815 -0.007775
-0.00784 -0.0078
-0.007865 -0.007825
-0.00789 -0.00785
-0.007915 -0.007875
-0.00794 -0.0079
-0.007965 -0.007925
-0.00799 -0.00795
-0.008015 -0.007975
-0.00804 -0.008
-0.008065 -0.008025
-0.00809 -0.00805
-0.008115 -0.008075
-0.00814 -0.0081
-0.008165 -0.008125
-0.00819 -0.00815
-0.008215 -0.008175
-0.00824 -0.0082
-0.008265 -0.008225
-0.00829 -0.00825
-0.008315 -0.008275
-0.00834 -0.0083
-0.008365 -0.008325
-0.00839 -0.00835
-0.008415 -0.008375
-0.00844 -0.0084
-0.008465 -0.008425
-0.00849 -0.00845
-0.008515 -0.008475
-0.00854 -0.0085
-0.008565 -0.008525
-0.00859 -0.00855
-0.008615 -0.008575
-0.00864 -0.0086
-0.008665 -0.008625
-0.00869 -0.00865
-0.008715 -0.008675
-0.00874 -0.0087
-0.008765 -0.008725
-0.00879 -0.00875
-0.00875894 -0.008725
-0.00872788 -0.0087
-0.00869682 -0.008675
-0.00866897 -0.00865
-0.00864365 -0.008625
-0.00861832 -0.0086
-0.008593 -0.008575
-0.00856768 -0.00855
-0.00854235 -0.008525
-0.00851703 -0.0085
-0.00849171 -0.008475
-0.00846639 -0.00845
-0.00844106 -0.008425
-0.00841574 -0.0084
-0.00839042 -0.008375
-0.0083651 -0.00835
-0.00833977 -0.008325
-0.00831445 -0.0083
-0.00828913 -0.008275
-0.00826381 -0.00825
-0.00823848 -0.008225
-0.00821316 -0.0082
-0.00818784 -0.008175
-0.00816252 -0.00815
-0.00813719 -0.008125
-0.00811187 -0.0081
-0.00808655 -0.008075
-0.00806122 -0.00805
-0.0080359 -0.008025
-0.00801058 -0.008
-0.00798526 -0.007975
-0.00795993 -0.00795
-0.00793461 -0.007925
-0.00790929 -0.0079
-0.00788397 -0.007875
-0.00785864 -0.00785
-0.00783332 -0.007825
-0.007808 -0.0078
-0.00778268 -0.007775
-0.00775735 -0.00775
-0.00773203 -0.007725
-0.00770671 -0.0077
-0.00768139 -0.007675
-0.00765606 -0.00765
-0.00763074 -0.007625
-0.00760542 -0.0076
-0.0075801 -0.007575
-0.00755477 -0.00755
-0.00752945 -0.007525
-0.00750413 -0.0075
-0.0074788 -0.007475
-0.00745348 -0.00745
-0.00742816 -0.007425
-0.00740284 -0.0074
-0.00737751 -0.007375
-0.00735219 -0.00735
-0.00732687 -0.007325
-0.00730155 -0.0073
-0.00727622 -0.007275
-0.0072509 -0.00725
-0.00722558 -0.007225
-0.00720026 -0.0072
-0.007175 -0.007175
-0.00715 -0.00715
-0.007125 -0.007125
-0.0071 -0.0071
-0.007075 -0.007075
-0.00705 -0.00705
-0.007025 -0.007025
-0.007 -0.007
-0.006975 -0.006975
-0.00695 -0.00695
-0.006925 -0.006925
-0.0069 -0.0069
-0.006875 -0.006875
-0.00685 -0.00685
-0.006825 -0.006825
-0.0068 -0.0068
-0.006775 -0.006775
-0.00675 -0.00675
-0.006725 -0.006725
-0.0067 -0.0067
-0.006675 -0.006675
-0.00665 -0.00665
-0.006625 -0.006625
-0.0066 -0.0066
-0.006575 -0.006575
-0.00655 -0.00655
-0.006525 -0.006525
-0.0065 -0.0065
-0.006475 -0.006475
-0.00645 -0.00645
-0.006425 -0.006425
-0.0064 -0.0064
-0.006375 -0.006375
-0.00635 -0.00635
-0.006325 -0.006325
-0.0063 -0.0063
-0.006275 -0.006275
-0.00625 -0.00625
-0.006225 -0.006225
-0.0062 -0.0062
-0.006175 -0.006175
-0.00615 -0.00615
-0.006125 -0.006125
-0.0061 -0.0061
-0.006075 -0.006075
-0.00605 -0.00605
-0.006025 -0.006025
-0.006 -0.006
-0.005975 -0.005975
-0.00595 -0.00595
-0.005925 -0.005925
-0.0059 -0.0059
-0.005875 -0.005875
-0.00585 -0.00585
-0.005825 -0.005825
-0.0058 -0.0058
-0.005775 -0.005775
-0.00575 -0.00575
-0.005725 -0.005725
-0.0057 -0.0057
-0.005675 -0.005675
-0.00565 -0.00565
-0.005625 -0.005625
-0.0056 -0.0056
-0.005575 -0.005575
-0.00555 -0.00555
-0.005525 -0.005525
-0.0055 -0.0055
-0.005475 -0.005475
-0.00545 -0.00545
-0.005425 -0.005425
-0.0054 -0.0054
-0.005375 -0.005375
-0.00535 -0.00535
-0.005325 -0.005325
-0.0053 -0.0053
-0.005275 -0.005275
-0.00525 -0.00525
-0.005225 -0.005225
-0.0052 -0.0052
-0.005175 -0.005175
-0.00515 -0.00515
-0.005125 -0.005125
-0.0051 -0.0051
-0.005075 -0.005075
-0.00505 -0.00505
-0.005025 -0.005025
-0.005 -0.005
-0.004975 -0.004975
-0.00495 -0.00495
-0.004925 -0.004925
-0.0049 -0.0049
-0.004875 -0.004875
-0.00485 -0.00485
-0.004825 -0.004825
-0.0048 -0.0048
-0.004775 -0.004775
-0.00475 -0.00475
-0.004725 -0.004725
-0.0047 -0.0047
-0.004675 -0.004675
-0.00465 -0.00465
-0.004625 -0.004625
-0.0046 -0.0046
-0.004575 -0.004575
-0.00455 -0.00455
-0.004525 -0.004525
-0.0045 -0.0045
-0.004475 -0.004475
-0.00445 -0.00445
-0.004425 -0.004425
-0.0044 -0.0044
-0.004375 -0.004375
-0.00435 -0.00435
-0.004325 -0.004325
-0.0043 -0.0043
-0.004275 -0.004275
-0.00425 -0.00425
-0.004225 -0.004225
-0.0042 -0.0042
-0.004175 -0.004175
-0.00415 -0.00415
-0.004125 -0.004125
-0.0041 -0.0041
-0.004075 -0.004075
-0.00405 -0.00405
-0.004025 -0.004025
-0.004 -0.004
-0.003975 -0.003975
-0.00395 -0.00395
-0.003925 -0.003925
-0.0039 -0.0039
-0.003875 -0.003875
-0.00385 -0.00385
-0.003825 -0.003825
-0.0038 -0.0038
-0.003775 -0.003775
-0.00375 -0.00375
-0.003725 -0.003725
-0.0037 -0.0037
-0.003675 -0.003675
-0.00365 -0.00365
-0.003625 -0.003625
-0.0036 -0.0036
-0.003575 -0.003575
-0.00355 -0.00355
-0.003525 -0.003525
-0.0035 -0.0035
-0.003475 -0.003475
-0.00345 -0.00345
-0.003425 -0.003425
-0.0034 -0.0034
-0.003375 -0.003375
-0.00335 -0.00335
-0.003325 -0.003325
-0.0033 -0.0033
-0.003275 -0.003275
-0.00325 -0.00325
-0.003225 -0.003225
-0.0032 -0.0032
-0.003175 -0.003175
-0.00315 -0.00315
-0.003125 -0.003125
-0.0031 -0.0031
-0.003075 -0.003075
-0.00305 -0.00305
-0.003025 -0.003025
-0.003 -0.003
-0.002975 -0.002975
-0.00295 -0.00295
-0.002925 -0.002925
-0.0029 -0.0029
-0.002875 -0.002875
-0.00285 -0.00285
-0.002825 -0.002825
-0.0028 -0.0028
-0.002775 -0.002775
-0.00275 -0.00275
-0.002725 -0.002725
-0.0027 -0.0027
-0.002675 -0.002675
-0.00265 -0.00265
-0.002625 -0.002625
-0.0026 -0.0026
-0.002575 -0.002575
-0.00255 -0.00255
-0.002525 -0.002525
-0.0025 -0.0025
-0.002475 -0.002475
-0.00245 -0.00245
-0.002425 -0.002425
-0.0024 -0.0024
-0.002375 -0.002375
-0.00235 -0.00235
-0.002325 -0.002325
-0.0023 -0.0023
-0.002275 -0.002275
-0.00225 -0.00225
-0.002225 -0.002225
-0.0022 -0.0022
-0.002175 -0.002175
-0.00215 -0.00215
-0.002125 -0.002125
-0.0021 -0.0021
-0.002075 -0.002075
-0.00205 -0.00205
-0.002025 -0.002025
-0.002 -0.002
-0.001975 -0.001975
-0.00195 -0.00195
-0.001925 -0.001925
-0.0019 -0.0019
-0.001875 -0.001875
-0.00185 -0.00185
-0.001825 -0.001825
-0.0018 -0.0018
-0.001775 -0.001775
-0.00175 -0.00175
-0.001725 -0.001725
-0.0017 -0.0017
-0.001675 -0.001675
-0.00165 -0.00165
-0.001625 -0.001625
-0.0016 -0.0016
-0.001575 -0.001575
-0.00155 -0.00155
-0.001525 -0.001525
-0.0015 -0.0015
-0.001475 -0.001475
-0.00145 -0.00145
-0.001425 -0.001425
-0.0014 -0.0014
-0.001375 -0.001375
-0.00135 -0.00135
-0.001325 -0.001325
-0.0013 -0.0013
-0.001275 -0.001275
-0.00125 -0.00125
-0.001225 -0.001225
-0.0012 -0.0012
-0.001175 -0.001175
-0.00115 -0.00115
-0.001125 -0.001125
-0.0011 -0.0011
-0.001075 -0.001075
-0.00105 -0.00105
-0.001025 -0.001025
-0.001 -0.001
-0.000975 -0.000975
-0.00095 -0.00095
-0.000925 -0.000925
-0.0009 -0.0009
-0.000875 -0.000875
-0.00085 -0.00085
-0.000825 -0.000825
-0.0008 -0.0008
-0.000775 -0.000775
-0.00075 -0.00075
-0.000725 -0.000725
-0.0007 -0.0007
-0.000675 -0.000675
-0.00065 -0.00065
-0.000625 -0.000625
-0.0006 -0.0006
-0.000575 -0.000575
-0.00055 -0.00055
-0.000525 -0.000525
-0.0005 -0.0005
-0.000475 -0.000475
-0.00045 -0.00045
-0.000425 -0.000425
-0.0004 -0.0004
-0.000375 -0.000375
-0.00035 -0.00035
-0.000325 -0.000325
-0.0003 -0.0003
-0.000275 -0.000275
-0.00025 -0.00025
-0.000225 -0.000225
-0.0002 -0.0002
-0.000175 -0.000175
-0.00015 -0.00015
-0.000125 -0.000125
-0.0001 -0.0001
-7.5e-05 -7.5e-05
-5e-05 -5e-05
-2.5e-05 -2.5e-05
-9.28348e-19 -9.28348e-19
2.5e-05 2.5e-05
5e-05 5e-05
7.5e-05 7.5e-05
0.0001 0.0001
0.000125 0.000125
0.00015 0.00015
0.000175 0.000175
0.0002 0.0002
0.000225 0.000225
0.00025 0.00025
0.000275 0.000275
0.0003 0.0003
0.000325 0.000325
0.00035 0.00035
0.000375 0.000375
0.0004 0.0004
0.000425 0.000425
0.00045 0.00045
0.000475 0.000475
0.0005 0.0005
0.000525 0.000525
0.00055 0.00055
0.000575 0.000575
0.0006 0.0006
0.000625 0.000625
0.00065 0.00065
0.000675 0.000675
0.0007 0.0007
0.000725 0.000725
0.00075 0.00075
0.000775 0.000775
0.0008 0.0008
0.000825 0.000825
0.00085 0.00085
0.000875 0.000875
0.00085 0.00085
0.000825 0.000825
0.0008 0.0008
0.000775 0.000775
0.00075 0.00075
0.000725 0.000725
0.0007 0.0007
0.000675 0.000675
0.00065 0.00065
0.000625 0.000625
0.0006 0.0006
0.000575 0.000575
0.00055 0.00055
0.000525 0.000525
0.0005 0.0005
0.000475 0.000475
0.00045 0.00045
0.000425 0.000425
0.0004 0.0004
0.000375 0.000375
0.00035 0.00035
0.000325 0.000325
0.0003 0.0003
0.000275 0.000275
0.00025 0.00025
0.000225 0.000225
0.0002 0.0002
0.000175 0.000175
0.00015 0.00015
0.000125 0.000125
0.0001 0.0001
7.5e-05 7.5e-05
5e-05 5e-05
2.5e-05 2.5e-05
-9.14796e-19 -9.14796e-19
