-3.02495e-05 -2.5e-05
-6.04715e-05 -5e-05
-9.06659e-05 -7.5e-05
-0.000120833 -0.0001
-0.000150972 -0.000125
-0.000181083 -0.00015
-0.000211166 -0.000175
-0.000241221 -0.0002
-0.000271247 -0.000225
-0.000301245 -0.00025
-0.000331215 -0.000275
-0.000361156 -0.0003
-0.000391069 -0.000325
-0.000420952 -0.00035
-0.000450806 -0.000375
-0.000480632 -0.0004
-0.000510428 -0.000425
-0.000540194 -0.00045
-0.000569932 -0.000475
-0.000599639 -0.0005
-0.000629317 -0.000525
-0.000658964 -0.00055
-0.000688582 -0.000575
-0.00071817 -0.0006
-0.000747727 -0.000625
-0.000777254 -0.00065
-0.00080675 -0.000675
-0.000836216 -0.0007
-0.00086565 -0.000725
-0.000895054 -0.00075
-0.000924427 -0.000775
-0.000953768 -0.0008
-0.000983078 -0.000825
-0.00101236 -0.00085
-0.0010416 -0.000875
-0.00107082 -0.0009
-0.0011 -0.000925
-0.00112915 -0.00095
-0.00115827 -0.000975
-0.00118735 -0.001
-0.00121641 -0.001025
-0.00124543 -0.00105
-0.00127442 -0.001075
-0.00130337 -0.0011
-0.00133229 -0.001125
-0.00136118 -0.00115
-0.00139003 -0.001175
-0.00141885 -0.0012
-0.00144764 -0.001225
-0.00147639 -0.00125
-0.00144613 -0.001225
-0.00141587 -0.0012
-0.0013856 -0.001175
-0.00135534 -0.00115
-0.00132508 -0.001125
-0.00129482 -0.0011
-0.00126455 -0.001075
-0.00123429 -0.00105
-0.00120403 -0.001025
-0.00117376 -0.001
-0.0011435 -0.000975
-0.00111324 -0.00095
-0.00108297 -0.000925
-0.00105271 -0.0009
-0.00102245 -0.000875
-0.000992184 -0.00085
-0.00096192 -0.000825
-0.000931657 -0.0008
-0.000901394 -0.000775
-0.000871131 -0.00075
-0.000840868 -0.000725
-0.000810605 -0.0007
-0.000780341 -0.000675
-0.000750078 -0.00065
-0.000719815 -0.000625
-0.000689552 -0.0006
-0.000659289 -0.000575
-0.000629026 -0.00055
-0.000598762 -0.000525
-0.000568499 -0.0005
-0.000538236 -0.000475
-0.000507973 -0.00045
-0.00047771 -0.000425
-0.000447447 -0.0004
-0.000417184 -0.000375
-0.00038692 -0.00035
-0.000356657 -0.000325
-0.000326394 -0.0003
-0.000296323 -0.000275
-0.000268658 -0.00025
-0.000240993 -0.000225
-0.000213327 -0.0002
-0.000185662 -0.000175
-0.000157997 -0.00015
-0.000130332 -0.000125
-0.000102667 -0.0001
-7.50016e-05 -7.5e-05
-4.474e-05 -5e-05
-1.44768e-05 -2.5e-05
1.57864e-05 -6.09864e-20
4.60495e-05 2.5e-05
7.63127e-05 5e-05
0.000106576 7.5e-05
0.000136839 0.0001
0.000162504 0.000125
0.000132815 0.0001
0.000103127 7.5e-05
7.34388e-05 5e-05
4.37505e-05 2.5e-05
1.40622e-05 -4.74338e-20
-1.56262e-05 -2.5e-05
-4.53145e-05 -5e-05
-7.50028e-05 -7.5e-05
-0.00010482 -0.0001
-0.000134637 -0.000125
-0.000164453 -0.00015
-0.00019427 -0.000175
-0.000224087 -0.0002
-0.000253904 -0.000225
-0.000283721 -0.00025
-0.000313538 -0.000275
-0.000343354 -0.0003
-0.000373171 -0.000325
-0.000402988 -0.00035
-0.000432805 -0.000375
-0.000462622 -0.0004
-0.000492439 -0.000425
-0.000522255 -0.00045
-0.000552072 -0.000475
-0.000581889 -0.0005
-0.000611706 -0.000525
-0.000641523 -0.00055
-0.00067134 -0.000575
-0.000701156 -0.0006
-0.000730973 -0.000625
-0.00076079 -0.00065
-0.000790607 -0.000675
-0.000820424 -0.0007
-0.000850241 -0.000725
-0.000880057 -0.00075
-0.000909874 -0.000775
-0.000939691 -0.0008
-0.000969508 -0.000825
-0.000999325 -0.00085
-0.00102914 -0.000875
-0.00105896 -0.0009
-0.00108878 -0.000925
-0.00111859 -0.00095
-0.00114841 -0.000975
-0.00117823 -0.001
-0.00120804 -0.001025
-0.00123786 -0.00105
-0.00126768 -0.001075
-0.00129749 -0.0011
-0.00132731 -0.001125
-0.00135713 -0.00115
-0.00138694 -0.001175
-0.00141676 -0.0012
-0.00144658 -0.001225
-0.00147639 -0.00125
-0.00150511 -0.001275
-0.0015338 -0.0013
-0.00156245 -0.001325
-0.00159106 -0.00135
-0.00161964 -0.001375
-0.00164819 -0.0014
-0.0016767 -0.001425
-0.00170517 -0.00145
-0.00173361 -0.001475
-0.00176201 -0.0015
-0.00179038 -0.001525
-0.00181871 -0.00155
-0.00184701 -0.001575
-0.00187527 -0.0016
-0.00190349 -0.001625
-0.00193167 -0.00165
-0.00195982 -0.001675
-0.00198793 -0.0017
-0.00201601 -0.001725
-0.00204404 -0.00175
-0.00207204 -0.001775
-0.0021 -0.0018
-0.00212792 -0.001825
-0.00215581 -0.00185
-0.00218365 -0.001875
-0.00221146 -0.0019
-0.00223922 -0.001925
-0.00226695 -0.00195
-0.00229464 -0.001975
-0.00232229 -0.002
-0.0023499 -0.002025
-0.00237747 -0.00205
-0.002405 -0.002075
-0.00243249 -0.0021
-0.00245994 -0.002125
-0.00248734 -0.00215
-0.00251471 -0.002175
-0.00254203 -0.0022
-0.00256932 -0.002225
-0.00259656 -0.00225
-0.00262376 -0.002275
-0.00265091 -0.0023
-0.00267803 -0.002325
-0.0027051 -0.00235
-0.00273213 -0.002375
-0.00275912 -0.0024
-0.00278606 -0.002425
-0.00281296 -0.00245
-0.00283981 -0.002475
-0.00286662 -0.0025
-0.00289339 -0.002525
-0.00292011 -0.00255
-0.00294678 -0.002575
-0.00297341 -0.0026
-0.003 -0.002625
-0.00302654 -0.00265
-0.00305303 -0.002675
-0.00307948 -0.0027
-0.00310588 -0.002725
-0.00313223 -0.00275
-0.00315854 -0.002775
-0.0031848 -0.0028
-0.00321101 -0.002825
-0.00323718 -0.00285
-0.00326329 -0.002875
-0.00328936 -0.0029
-0.00331537 -0.002925
-0.00334134 -0.00295
-0.00336726 -0.002975
-0.00339313 -0.003
-0.00341895 -0.003025
-0.00344472 -0.00305
-0.00347044 -0.003075
-0.0034961 -0.0031
-0.00352172 -0.003125
-0.00354728 -0.00315
-0.00357279 -0.003175
-0.00359825 -0.0032
-0.00362366 -0.003225
-0.00364901 -0.00325
-0.00367431 -0.003275
-0.00369956 -0.0033
-0.00372475 -0.003325
-0.00374989 -0.00335
-0.00377497 -0.003375
-0.0038 -0.0034
-0.00382318 -0.003425
-0.00384635 -0.00345
-0.00386953 -0.003475
-0.0038927 -0.0035
-0.00391588 -0.003525
-0.00393906 -0.00355
-0.00396223 -0.003575
-0.00398541 -0.0036
-0.00400858 -0.003625
-0.00403176 -0.00365
-0.00405494 -0.003675
-0.00407811 -0.0037
-0.00410129 -0.003725
-0.00412446 -0.00375
-0.0040942 -0.003725
-0.00406394 -0.0037
-0.00403367 -0.003675
-0.00400341 -0.00365
-0.00397315 -0.003625
-0.00394288 -0.0036
-0.00391262 -0.003575
-0.00388236 -0.00355
-0.0038521 -0.003525
-0.00382183 -0.0035
-0.00379157 -0.003475
-0.00376131 -0.00345
-0.00373104 -0.003425
-0.00370078 -0.0034
-0.00367052 -0.003375
-0.00364025 -0.00335
-0.00360999 -0.003325
-0.00357973 -0.0033
-0.00354946 -0.003275
-0.0035192 -0.00325
-0.00348894 -0.003225
-0.00345867 -0.0032
-0.00342841 -0.003175
-0.00339815 -0.00315
-0.00336788 -0.003125
-0.00333762 -0.0031
-0.00330736 -0.003075
-0.0032771 -0.00305
-0.00324683 -0.003025
-0.00321657 -0.003
-0.00318631 -0.002975
-0.00315604 -0.00295
-0.00312578 -0.002925
-0.00309552 -0.0029
-0.00306525 -0.002875
-0.00303499 -0.00285
-0.00300473 -0.002825
-0.00297446 -0.0028
-0.0029442 -0.002775
-0.00291394 -0.00275
-0.00288367 -0.002725
-0.00285341 -0.0027
-0.00282315 -0.002675
-0.00279288 -0.00265
-0.00276262 -0.002625
-0.00273236 -0.0026
-0.0027021 -0.002575
-0.00267287 -0.00255
-0.00264628 -0.002525
-0.0026197 -0.0025
-0.00259311 -0.002475
-0.00256652 -0.00245
-0.00253993 -0.002425
-0.00251334 -0.0024
-0.00248675 -0.002375
-0.00246016 -0.00235
-0.00243358 -0.002325
-0.00240699 -0.0023
-0.0023804 -0.002275
-0.00235381 -0.00225
-0.00232722 -0.002225
-0.00230063 -0.0022
-0.00227404 -0.002175
-0.00224745 -0.00215
-0.00222087 -0.002125
-0.00219428 -0.0021
-0.00216769 -0.002075
-0.0021411 -0.00205
-0.00211451 -0.002025
-0.00208792 -0.002
-0.00206133 -0.001975
-0.00203474 -0.00195
-0.00200816 -0.001925
-0.00198157 -0.0019
-0.00195498 -0.001875
-0.00192839 -0.00185
-0.0019018 -0.001825
-0.00187521 -0.0018
-0.00184862 -0.001775
-0.00182204 -0.00175
-0.00179545 -0.001725
-0.00176886 -0.0017
-0.00174227 -0.001675
-0.00171568 -0.00165
-0.00168909 -0.001625
-0.0016625 -0.0016
-0.00163591 -0.001575
-0.00160933 -0.00155
-0.00158274 -0.001525
-0.00155615 -0.0015
-0.00152956 -0.001475
-0.00150297 -0.00145
-0.00147638 -0.001425
-0.00144979 -0.0014
-0.00142321 -0.001375
-0.00139662 -0.00135
-0.00137003 -0.001325
-0.00134344 -0.0013
-0.00131685 -0.001275
-0.00129026 -0.00125
-0.00126367 -0.001225
-0.00123708 -0.0012
-0.0012105 -0.001175
-0.00118391 -0.00115
-0.00115732 -0.001125
-0.00113073 -0.0011
-0.00110414 -0.001075
-0.00107755 -0.00105
-0.00105096 -0.001025
-0.00102437 -0.001
-0.000997786 -0.000975
-0.000971198 -0.00095
-0.000944609 -0.000925
-0.00091802 -0.0009
-0.000891432 -0.000875
-0.000864843 -0.00085
-0.000838254 -0.000825
-0.000811665 -0.0008
-0.000785077 -0.000775
-0.000758488 -0.00075
-0.000731899 -0.000725
-0.000705311 -0.0007
-0.000678722 -0.000675
-0.000652133 -0.00065
-0.000625545 -0.000625
-0.000596919 -0.0006
-0.000567231 -0.000575
-0.000537543 -0.00055
-0.000507854 -0.000525
-0.000478166 -0.0005
-0.000448478 -0.000475
-0.000418789 -0.00045
-0.000389101 -0.000425
-0.000366607 -0.0004
-0.000347857 -0.000375
-0.000329107 -0.00035
-0.000310357 -0.000325
-0.000291607 -0.0003
-0.000272857 -0.000275
-0.00025 -0.00025
-0.000225 -0.000225
-0.0002 -0.0002
-0.000175 -0.000175
-0.00015 -0.00015
-0.000125 -0.000125
-0.0001 -0.0001
-7.5e-05 -7.5e-05
-5e-05 -5e-05
-2.5e-05 -2.5e-05
-6.09864e-20 -6.09864e-20
2.5e-05 2.5e-05
5e-05 5e-05
7.5e-05 7.5e-05
0.0001 0.0001
0.000125 0.000125
0.00015 0.00015
0.000175 0.000175
0.0002 0.0002
0.000225 0.000225
0.00025 0.00025
0.000275 0.000275
0.0003 0.0003
0.000325 0.000325
0.00035 0.00035
0.000375 0.000375
0.00035 0.00035
0.000325 0.000325
0.0003 0.0003
0.000275 0.000275
0.00025 0.00025
0.000225 0.000225
0.0002 0.0002
0.000175 0.000175
0.00015 0.00015
0.000125 0.000125
0.0001 0.0001
7.5e-05 7.5e-05
5e-05 5e-05
2.5e-05 2.5e-05
-4.74338e-20 -4.74338e-20
-2.5e-05 -2.5e-05
-5e-05 -5e-05
-7.5e-05 -7.5e-05
-0.0001 -0.0001
-0.000125 -0.000125
-0.00015 -0.00015
-0.000175 -0.000175
-0.0002 -0.0002
-0.000225 -0.000225
-0.00025 -0.00025
-0.000275 -0.000275
-0.0003 -0.0003
-0.000325 -0.000325
-0.00035 -0.00035
-0.000375 -0.000375
-0.0004 -0.0004
-0.000425 -0.000425
-0.00045 -0.00045
-0.000475 -0.000475
-0.0005 -0.0005
-0.000525 -0.000525
-0.00055 -0.00055
-0.000575 -0.000575
-0.0006 -0.0006
-0.000626024 -0.000625
-0.000654012 -0.00065
-0.000681999 -0.000675
-0.000709987 -0.0007
-0.000737974 -0.000725
-0.000765962 -0.00075
-0.000793949 -0.000775
-0.000821937 -0.0008
-0.000849924 -0.000825
-0.000877912 -0.00085
-0.0009059 -0.000875
-0.000933887 -0.0009
-0.000961875 -0.000925
-0.000989862 -0.00095
-0.00101785 -0.000975
-0.00104584 -0.001
-0.00107382 -0.001025
-0.00110181 -0.00105
-0.0011298 -0.001075
-0.00115779 -0.0011
-0.00118577 -0.001125
-0.00121376 -0.00115
-0.00124175 -0.001175
-0.00126974 -0.0012
-0.00129772 -0.001225
-0.00132571 -0.00125
-0.0013537 -0.001275
-0.00138169 -0.0013
-0.00140967 -0.001325
-0.00143766 -0.00135
-0.00146565 -0.001375
-0.00149364 -0.0014
-0.00152162 -0.001425
-0.00154961 -0.00145
-0.0015776 -0.001475
-0.00160559 -0.0015
-0.00163357 -0.001525
-0.00166156 -0.00155
-0.00168955 -0.001575
-0.00171754 -0.0016
-0.00174552 -0.001625
-0.00177351 -0.00165
-0.0018015 -0.001675
-0.00182949 -0.0017
-0.00185747 -0.001725
-0.00188546 -0.00175
-0.00191345 -0.001775
-0.00194144 -0.0018
-0.00196943 -0.001825
-0.00199741 -0.00185
-0.0020254 -0.001875
-0.00205339 -0.0019
-0.00208138 -0.001925
-0.00210936 -0.00195
-0.00213735 -0.001975
-0.00216534 -0.002
-0.00219333 -0.002025
-0.00222131 -0.00205
-0.0022493 -0.002075
-0.00227729 -0.0021
-0.00230528 -0.002125
-0.00233326 -0.00215
-0.00236125 -0.002175
-0.00238924 -0.0022
-0.00241723 -0.002225
-0.00244521 -0.00225
-0.0024732 -0.002275
-0.00250119 -0.0023
-0.00252918 -0.002325
-0.00255716 -0.00235
-0.00258515 -0.002375
-0.00261314 -0.0024
-0.00264113 -0.002425
-0.00266911 -0.00245
-0.0026971 -0.002475
-0.00272509 -0.0025
-0.00275308 -0.002525
-0.00278106 -0.00255
-0.00280905 -0.002575
-0.00283704 -0.0026
-0.00286503 -0.002625
-0.00289301 -0.00265
-0.002921 -0.002675
-0.00294899 -0.0027
-0.00297698 -0.002725
-0.00300496 -0.00275
-0.00303295 -0.002775
-0.00306094 -0.0028
-0.00308893 -0.002825
-0.00311691 -0.00285
-0.0031449 -0.002875
-0.00317289 -0.0029
-0.00320088 -0.002925
-0.00322886 -0.00295
-0.00325685 -0.002975
-0.00328484 -0.003
-0.00331283 -0.003025
-0.00334081 -0.00305
-0.0033688 -0.003075
-0.00339679 -0.0031
-0.00342478 -0.003125
-0.00345276 -0.00315
-0.00348075 -0.003175
-0.00350874 -0.0032
-0.00353673 -0.003225
-0.00356471 -0.00325
-0.0035927 -0.003275
-0.00362069 -0.0033
-0.00364868 -0.003325
-0.00367666 -0.00335
-0.00370465 -0.003375
-0.00373264 -0.0034
-0.00376063 -0.003425
-0.00378861 -0.00345
-0.0038166 -0.003475
-0.00384459 -0.0035
-0.00387258 -0.003525
-0.00390056 -0.00355
-0.00392855 -0.003575
-0.00395654 -0.0036
-0.00398453 -0.003625
-0.00401251 -0.00365
-0.0040405 -0.003675
-0.00406849 -0.0037
-0.00409648 -0.003725
-0.00412446 -0.00375
-0.00414764 -0.003775
-0.00417082 -0.0038
-0.00419399 -0.003825
-0.00421717 -0.00385
-0.00424034 -0.003875
-0.00426352 -0.0039
-0.0042867 -0.003925
-0.00430987 -0.00395
-0.00433305 -0.003975
-0.00435622 -0.004
-0.0043794 -0.004025
-0.00440258 -0.00405
-0.00442575 -0.004075
-0.00444893 -0.0041
-0.0044721 -0.004125
-0.00449528 -0.00415
-0.00451845 -0.004175
-0.00454163 -0.0042
-0.00456481 -0.004225
-0.00458798 -0.00425
-0.00461116 -0.004275
-0.00463433 -0.0043
-0.00465751 -0.004325
-0.00468069 -0.00435
-0.00470386 -0.004375
-0.00472704 -0.0044
-0.00475021 -0.004425
-0.00477339 -0.00445
-0.00479657 -0.004475
-0.00481974 -0.0045
-0.00484292 -0.004525
-0.00486609 -0.00455
-0.00488927 -0.004575
-0.00491245 -0.0046
-0.00493562 -0.004625
-0.0049588 -0.00465
-0.00498197 -0.004675
-0.00500515 -0.0047
-0.00502833 -0.004725
-0.0050515 -0.00475
-0.00507468 -0.004775
-0.00509785 -0.0048
-0.00512103 -0.004825
-0.00514421 -0.00485
-0.00516738 -0.004875
-0.00519056 -0.0049
-0.00521373 -0.004925
-0.00523691 -0.00495
-0.00526009 -0.004975
-0.00528326 -0.005
-0.005253 -0.004975
-0.00522274 -0.00495
-0.00519247 -0.004925
-0.00516221 -0.0049
-0.00513195 -0.004875
-0.00510168 -0.00485
-0.00507142 -0.004825
-0.00504116 -0.0048
-0.00501089 -0.004775
-0.00498063 -0.00475
-0.00495037 -0.004725
-0.0049201 -0.0047
-0.00488984 -0.004675
-0.00485958 -0.00465
-0.00482931 -0.004625
-0.00479905 -0.0046
-0.00476879 -0.004575
-0.00473852 -0.00455
-0.00470826 -0.004525
-0.004678 -0.0045
-0.00464774 -0.004475
-0.00461747 -0.00445
-0.00458721 -0.004425
-0.00455695 -0.0044
-0.00452668 -0.004375
-0.00449642 -0.00435
-0.00446616 -0.004325
-0.00443589 -0.0043
-0.00440563 -0.004275
-0.00437537 -0.00425
-0.0043451 -0.004225
-0.00431488 -0.0042
-0.00428887 -0.004175
-0.00426285 -0.00415
-0.00423683 -0.004125
-0.00421082 -0.0041
-0.0041848 -0.004075
-0.00415879 -0.00405
-0.00413277 -0.004025
-0.00410676 -0.004
-0.00408074 -0.003975
-0.00405472 -0.00395
-0.00402871 -0.003925
-0.00400269 -0.0039
-0.00397668 -0.003875
-0.00395066 -0.00385
-0.00392464 -0.003825
-0.00389863 -0.0038
-0.00387261 -0.003775
-0.0038466 -0.00375
-0.00382058 -0.003725
-0.00379457 -0.0037
-0.00376855 -0.003675
-0.00374253 -0.00365
-0.00371652 -0.003625
-0.0036905 -0.0036
-0.00366449 -0.003575
-0.00363847 -0.00355
-0.00361246 -0.003525
-0.00358644 -0.0035
-0.00356042 -0.003475
-0.00353441 -0.00345
-0.00350839 -0.003425
-0.00348238 -0.0034
-0.00345636 -0.003375
-0.00343035 -0.00335
-0.00340433 -0.003325
-0.00337831 -0.0033
-0.0033523 -0.003275
-0.00332628 -0.00325
-0.00330027 -0.003225
-0.00327425 -0.0032
-0.00324824 -0.003175
-0.00322222 -0.00315
-0.0031962 -0.003125
-0.00317019 -0.0031
-0.00314417 -0.003075
-0.00311816 -0.00305
-0.00309214 -0.003025
-0.00306612 -0.003
-0.00304011 -0.002975
-0.00301409 -0.00295
-0.00298808 -0.002925
-0.00296206 -0.0029
-0.00293605 -0.002875
-0.00291003 -0.00285
-0.00288401 -0.002825
-0.002858 -0.0028
-0.00283198 -0.002775
-0.00280597 -0.00275
-0.00277995 -0.002725
-0.00275394 -0.0027
-0.00272792 -0.002675
-0.0027019 -0.00265
-0.00267589 -0.002625
-0.00264987 -0.0026
-0.00262386 -0.002575
-0.00259784 -0.00255
-0.00257183 -0.002525
-0.00254581 -0.0025
-0.00251979 -0.002475
-0.00249378 -0.00245
-0.00246776 -0.002425
-0.00244175 -0.0024
-0.00241573 -0.002375
-0.00238972 -0.00235
-0.0023637 -0.002325
-0.00233768 -0.0023
-0.00231167 -0.002275
-0.00228565 -0.00225
-0.00225964 -0.002225
-0.00223362 -0.0022
-0.0022076 -0.002175
-0.00218159 -0.00215
-0.00215557 -0.002125
-0.00212956 -0.0021
-0.00210354 -0.002075
-0.00207753 -0.00205
-0.00205151 -0.002025
-0.00202549 -0.002
-0.00199948 -0.001975
-0.00197346 -0.00195
-0.00194745 -0.001925
-0.00192143 -0.0019
-0.00189542 -0.001875
-0.0018694 -0.00185
-0.00184338 -0.001825
-0.00181737 -0.0018
-0.00179135 -0.001775
-0.00176534 -0.00175
-0.00173932 -0.001725
-0.00171331 -0.0017
-0.00168729 -0.001675
-0.00166127 -0.00165
-0.00163526 -0.001625
-0.00160924 -0.0016
-0.00158323 -0.001575
-0.00155721 -0.00155
-0.0015312 -0.001525
-0.00150518 -0.0015
-0.00147916 -0.001475
-0.00145315 -0.00145
-0.00142713 -0.001425
-0.00140112 -0.0014
-0.0013751 -0.001375
-0.00135 -0.00135
-0.001325 -0.001325
-0.0013 -0.0013
-0.001275 -0.001275
-0.00125 -0.00125
-0.001225 -0.001225
-0.0012 -0.0012
-0.001175 -0.001175
-0.00115 -0.00115
-0.001125 -0.001125
-0.0011 -0.0011
-0.001075 -0.001075
-0.00105 -0.00105
-0.001025 -0.001025
-0.001 -0.001
-0.000975 -0.000975
-0.00095 -0.00095
-0.000925 -0.000925
-0.0009 -0.0009
-0.000875 -0.000875
-0.00085 -0.00085
-0.000825 -0.000825
-0.0008 -0.0008
-0.000775 -0.000775
-0.00075 -0.00075
-0.000725 -0.000725
-0.0007 -0.0007
-0.000675 -0.000675
-0.00065 -0.00065
-0.000625 -0.000625
-0.0006 -0.0006
-0.000575 -0.000575
-0.00055 -0.00055
-0.000525 -0.000525
-0.0005 -0.0005
-0.000475 -0.000475
-0.00045 -0.00045
-0.000425 -0.000425
-0.0004 -0.0004
-0.000375 -0.000375
-0.00035 -0.00035
-0.000325 -0.000325
-0.0003 -0.0003
-0.000275 -0.000275
-0.00025 -0.00025
-0.000225 -0.000225
-0.0002 -0.0002
-0.000175 -0.000175
-0.00015 -0.00015
-0.000125 -0.000125
-0.0001 -0.0001
-7.5e-05 -7.5e-05
-5e-05 -5e-05
-2.5e-05 -2.5e-05
-6.09864e-20 -6.09864e-20
2.5e-05 2.5e-05
5e-05 5e-05
7.5e-05 7.5e-05
0.0001 0.0001
0.000125 0.000125
0.00015 0.00015
0.000175 0.000175
0.0002 0.0002
0.000225 0.000225
0.00025 0.00025
0.000275 0.000275
0.0003 0.0003
0.000325 0.000325
0.00035 0.00035
0.000375 0.000375
0.0004 0.0004
0.000425 0.000425
0.00045 0.00045
0.000475 0.000475
0.0005 0.0005
0.000475 0.000475
0.00045 0.00045
0.000425 0.000425
0.0004 0.0004
0.000375 0.000375
0.00035 0.00035
0.000325 0.000325
0.0003 0.0003
0.000275 0.000275
0.00025 0.00025
0.000225 0.000225
0.0002 0.0002
0.000175 0.000175
0.00015 0.00015
0.000125 0.000125
0.0001 0.0001
7.5e-05 7.5e-05
5e-05 5e-05
2.5e-05 2.5e-05
-4.74338e-20 -4.74338e-20
-2.5e-05 -2.5e-05
-5e-05 -5e-05
-7.5e-05 -7.5e-05
-0.0001 -0.0001
-0.000125 -0.000125
-0.00015 -0.00015
-0.000175 -0.000175
-0.0002 -0.0002
-0.000225 -0.000225
-0.00025 -0.00025
-0.000275 -0.000275
-0.0003 -0.0003
-0.000325 -0.000325
-0.00035 -0.00035
-0.000375 -0.000375
-0.0004 -0.0004
-0.000425 -0.000425
-0.00045 -0.00045
-0.000475 -0.000475
-0.0005 -0.0005
-0.000525 -0.000525
-0.00055 -0.00055
-0.000575 -0.000575
-0.0006 -0.0006
-0.000625 -0.000625
-0.00065 -0.00065
-0.000675 -0.000675
-0.0007 -0.0007
-0.000725 -0.000725
-0.00075 -0.00075
-0.000775 -0.000775
-0.0008 -0.0008
-0.000825 -0.000825
-0.00085 -0.00085
-0.000875 -0.000875
-0.0009 -0.0009
-0.000925 -0.000925
-0.00095 -0.00095
-0.000975 -0.000975
-0.001 -0.001
-0.001025 -0.001025
-0.00105 -0.00105
-0.001075 -0.001075
-0.0011 -0.0011
-0.001125 -0.001125
-0.00115 -0.00115
-0.001175 -0.001175
-0.0012 -0.0012
-0.001225 -0.001225
-0.00125 -0.00125
-0.001275 -0.001275
-0.0013 -0.0013
-0.001325 -0.001325
-0.00135 -0.00135
-0.00137519 -0.001375
-0.00140215 -0.0014
-0.0014291 -0.001425
-0.00145605 -0.00145
-0.001483 -0.001475
-0.00150995 -0.0015
-0.00153691 -0.001525
-0.00156386 -0.00155
-0.00159081 -0.001575
-0.00161776 -0.0016
-0.00164472 -0.001625
-0.00167167 -0.00165
-0.00169862 -0.001675
-0.00172557 -0.0017
-0.00175252 -0.001725
-0.00177948 -0.00175
-0.00180643 -0.001775
-0.00183338 -0.0018
-0.00186033 -0.001825
-0.00188729 -0.00185
-0.00191424 -0.001875
-0.00194119 -0.0019
-0.00196814 -0.001925
-0.00199509 -0.00195
-0.00202205 -0.001975
-0.002049 -0.002
-0.00207595 -0.002025
-0.0021029 -0.00205
-0.00212986 -0.002075
-0.00215681 -0.0021
-0.00218376 -0.002125
-0.00221071 -0.00215
-0.00223766 -0.002175
-0.00226462 -0.0022
-0.00229157 -0.002225
-0.00231852 -0.00225
-0.00234547 -0.002275
-0.00237242 -0.0023
-0.00239938 -0.002325
-0.00242633 -0.00235
-0.00245328 -0.002375
-0.00248023 -0.0024
-0.00250719 -0.002425
-0.00253414 -0.00245
-0.00256109 -0.002475
-0.00258804 -0.0025
-0.00261499 -0.002525
-0.00264195 -0.00255
-0.0026689 -0.002575
-0.00269585 -0.0026
-0.0027228 -0.002625
-0.00274976 -0.00265
-0.00277671 -0.002675
-0.00280366 -0.0027
-0.00283061 -0.002725
-0.00285756 -0.00275
-0.00288452 -0.002775
-0.00291147 -0.0028
-0.00293842 -0.002825
-0.00296537 -0.00285
-0.00299233 -0.002875
-0.00301928 -0.0029
-0.00304623 -0.002925
-0.00307318 -0.00295
-0.00310013 -0.002975
-0.00312709 -0.003
-0.00315404 -0.003025
-0.00318099 -0.00305
-0.00320794 -0.003075
-0.0032349 -0.0031
-0.00326185 -0.003125
-0.0032888 -0.00315
-0.00331575 -0.003175
-0.0033427 -0.0032
-0.00336966 -0.003225
-0.00339661 -0.00325
-0.00342356 -0.003275
-0.00345051 -0.0033
-0.00347746 -0.003325
-0.00350442 -0.00335
-0.00353137 -0.003375
-0.00355832 -0.0034
-0.00358527 -0.003425
-0.00361223 -0.00345
-0.00363918 -0.003475
-0.00366613 -0.0035
-0.00369308 -0.003525
-0.00372003 -0.00355
-0.00374699 -0.003575
-0.00377394 -0.0036
-0.00380089 -0.003625
-0.00382784 -0.00365
-0.0038548 -0.003675
-0.00388175 -0.0037
-0.0039087 -0.003725
-0.00393565 -0.00375
-0.0039626 -0.003775
-0.00398956 -0.0038
-0.00401651 -0.003825
-0.00404346 -0.00385
-0.00407041 -0.003875
-0.00409737 -0.0039
-0.00412432 -0.003925
-0.00415127 -0.00395
-0.00417822 -0.003975
-0.00420517 -0.004
-0.00423213 -0.004025
-0.00425908 -0.00405
-0.00428603 -0.004075
-0.00431298 -0.0041
-0.00433993 -0.004125
-0.00436689 -0.00415
-0.00439384 -0.004175
-0.00442079 -0.0042
-0.00444774 -0.004225
-0.0044747 -0.00425
-0.00450165 -0.004275
-0.0045286 -0.0043
-0.00455555 -0.004325
-0.0045825 -0.00435
-0.00460946 -0.004375
-0.00463641 -0.0044
-0.00466336 -0.004425
-0.00469031 -0.00445
-0.00471727 -0.004475
-0.00474422 -0.0045
-0.00477117 -0.004525
-0.00479812 -0.00455
-0.00482507 -0.004575
-0.00485203 -0.0046
-0.00487898 -0.004625
-0.00490593 -0.00465
-0.00493288 -0.004675
-0.00495984 -0.0047
-0.00498679 -0.004725
-0.00501374 -0.00475
-0.00504069 -0.004775
-0.00506764 -0.0048
-0.0050946 -0.004825
-0.00512155 -0.00485
-0.0051485 -0.004875
-0.00517545 -0.0049
-0.00520241 -0.004925
-0.00522936 -0.00495
-0.00525631 -0.004975
-0.00528326 -0.005
-0.00530644 -0.005025
-0.00532961 -0.00505
-0.00535279 -0.005075
-0.00537597 -0.0051
-0.00539914 -0.005125
-0.00542232 -0.00515
-0.00544549 -0.005175
-0.00546867 -0.0052
-0.00549185 -0.005225
-0.00551502 -0.00525
-0.0055382 -0.005275
-0.00556137 -0.0053
-0.00558455 -0.005325
-0.00560773 -0.00535
-0.0056309 -0.005375
-0.00565408 -0.0054
-0.00567725 -0.005425
-0.00570043 -0.00545
-0.00572361 -0.005475
-0.00574678 -0.0055
-0.00576996 -0.005525
-0.00579313 -0.00555
-0.00581631 -0.005575
-0.00583948 -0.0056
-0.00586266 -0.005625
-0.00588584 -0.00565
-0.00590901 -0.005675
-0.00593219 -0.0057
-0.00595536 -0.005725
-0.00597854 -0.00575
-0.00600172 -0.005775
-0.00602489 -0.0058
-0.00604807 -0.005825
-0.00607124 -0.00585
-0.00609442 -0.005875
-0.0061176 -0.0059
-0.00614077 -0.005925
-0.00616395 -0.00595
-0.00618712 -0.005975
-0.0062103 -0.006
-0.00623348 -0.006025
-0.00625665 -0.00605
-0.00627983 -0.006075
-0.006303 -0.0061
-0.00632618 -0.006125
-0.00634936 -0.00615
-0.00637253 -0.006175
-0.00639571 -0.0062
-0.00641888 -0.006225
-0.00644206 -0.00625
-0.0064118 -0.006225
-0.00638153 -0.0062
-0.00635127 -0.006175
-0.00632101 -0.00615
-0.00629074 -0.006125
-0.00626048 -0.0061
-0.00623022 -0.006075
-0.00619995 -0.00605
-0.00616969 -0.006025
-0.00613943 -0.006
-0.00610917 -0.005975
-0.0060789 -0.00595
-0.00604864 -0.005925
-0.00601838 -0.0059
-0.00598811 -0.005875
-0.00595785 -0.00585
-0.00592759 -0.005825
-0.00589732 -0.0058
-0.00586706 -0.005775
-0.0058368 -0.00575
-0.00580973 -0.005725
-0.00578407 -0.0057
-0.00575841 -0.005675
-0.00573275 -0.00565
-0.00570709 -0.005625
-0.00568143 -0.0056
-0.00565578 -0.005575
-0.00563012 -0.00555
-0.00560446 -0.005525
-0.0055788 -0.0055
-0.00555314 -0.005475
-0.00552748 -0.00545
-0.00550182 -0.005425
-0.00547617 -0.0054
-0.00545051 -0.005375
-0.00542485 -0.00535
-0.00539919 -0.005325
-0.00537353 -0.0053
-0.00534787 -0.005275
-0.00532221 -0.00525
-0.00529655 -0.005225
-0.0052709 -0.0052
-0.00524524 -0.005175
-0.00521958 -0.00515
-0.00519392 -0.005125
-0.00516826 -0.0051
-0.0051426 -0.005075
-0.00511694 -0.00505
-0.00509129 -0.005025
-0.00506563 -0.005
-0.00503997 -0.004975
-0.00501431 -0.00495
-0.00498865 -0.004925
-0.00496299 -0.0049
-0.00493733 -0.004875
-0.00491167 -0.00485
-0.00488602 -0.004825
-0.00486036 -0.0048
-0.0048347 -0.004775
-0.00480904 -0.00475
-0.00478338 -0.004725
-0.00475772 -0.0047
-0.00473206 -0.004675
-0.00470641 -0.00465
-0.00468075 -0.004625
-0.00465509 -0.0046
-0.00462943 -0.004575
-0.00460377 -0.00455
-0.00457811 -0.004525
-0.00455245 -0.0045
-0.00452679 -0.004475
-0.00450114 -0.00445
-0.00447548 -0.004425
-0.00444982 -0.0044
-0.00442416 -0.004375
-0.0043985 -0.00435
-0.00437284 -0.004325
-0.00434718 -0.0043
-0.00432152 -0.004275
-0.00429587 -0.00425
-0.00427021 -0.004225
-0.00424455 -0.0042
-0.00421889 -0.004175
-0.00419323 -0.00415
-0.00416757 -0.004125
-0.00414191 -0.0041
-0.00411626 -0.004075
-0.0040906 -0.00405
-0.00406494 -0.004025
-0.00403928 -0.004
-0.00401362 -0.003975
-0.00398796 -0.00395
-0.0039623 -0.003925
-0.00393664 -0.0039
-0.00391099 -0.003875
-0.00388533 -0.00385
-0.00385967 -0.003825
-0.00383401 -0.0038
-0.00380835 -0.003775
-0.00378269 -0.00375
-0.00375703 -0.003725
-0.00373138 -0.0037
-0.00370572 -0.003675
-0.00368006 -0.00365
-0.0036544 -0.003625
-0.00362874 -0.0036
-0.00360308 -0.003575
-0.00357742 -0.00355
-0.00355176 -0.003525
-0.00352611 -0.0035
-0.00350045 -0.003475
-0.00347479 -0.00345
-0.00344913 -0.003425
-0.00342347 -0.0034
-0.00339781 -0.003375
-0.00337215 -0.00335
-0.0033465 -0.003325
-0.00332084 -0.0033
-0.00329518 -0.003275
-0.00326952 -0.00325
-0.00324386 -0.003225
-0.0032182 -0.0032
-0.00319254 -0.003175
-0.00316688 -0.00315
-0.00314123 -0.003125
-0.00311557 -0.0031
-0.00308991 -0.003075
-0.00306425 -0.00305
-0.00303859 -0.003025
-0.00301293 -0.003
-0.00298727 -0.002975
-0.00296162 -0.00295
-0.00293596 -0.002925
-0.0029103 -0.0029
-0.00288464 -0.002875
-0.00285898 -0.00285
-0.00283332 -0.002825
-0.00280766 -0.0028
-0.002782 -0.002775
-0.00275635 -0.00275
-0.00273069 -0.002725
-0.00270503 -0.0027
-0.00267937 -0.002675
-0.00265371 -0.00265
-0.00262805 -0.002625
-0.00260239 -0.0026
-0.00257674 -0.002575
-0.00255108 -0.00255
-0.00252542 -0.002525
-0.0025 -0.0025
-0.002475 -0.002475
-0.00245 -0.00245
-0.002425 -0.002425
-0.0024 -0.0024
-0.002375 -0.002375
-0.00235 -0.00235
-0.002325 -0.002325
-0.0023 -0.0023
-0.002275 -0.002275
-0.00225 -0.00225
-0.002225 -0.002225
-0.0022 -0.0022
-0.002175 -0.002175
-0.00215 -0.00215
-0.002125 -0.002125
-0.0021 -0.0021
-0.002075 -0.002075
-0.00205 -0.00205
-0.002025 -0.002025
-0.002 -0.002
-0.001975 -0.001975
-0.00195 -0.00195
-0.001925 -0.001925
-0.0019 -0.0019
-0.001875 -0.001875
-0.00185 -0.00185
-0.001825 -0.001825
-0.0018 -0.0018
-0.001775 -0.001775
-0.00175 -0.00175
-0.001725 -0.001725
-0.0017 -0.0017
-0.001675 -0.001675
-0.00165 -0.00165
-0.001625 -0.001625
-0.0016 -0.0016
-0.001575 -0.001575
-0.00155 -0.00155
-0.001525 -0.001525
-0.0015 -0.0015
-0.001475 -0.001475
-0.00145 -0.00145
-0.001425 -0.001425
-0.0014 -0.0014
-0.001375 -0.001375
-0.00135 -0.00135
-0.001325 -0.001325
-0.0013 -0.0013
-0.001275 -0.001275
-0.00125 -0.00125
-0.001225 -0.001225
-0.0012 -0.0012
-0.001175 -0.001175
-0.00115 -0.00115
-0.001125 -0.001125
-0.0011 -0.0011
-0.001075 -0.001075
-0.00105 -0.00105
-0.001025 -0.001025
-0.001 -0.001
-0.000975 -0.000975
-0.00095 -0.00095
-0.000925 -0.000925
-0.0009 -0.0009
-0.000875 -0.000875
-0.00085 -0.00085
-0.000825 -0.000825
-0.0008 -0.0008
-0.000775 -0.000775
-0.00075 -0.00075
-0.000725 -0.000725
-0.0007 -0.0007
-0.000675 -0.000675
-0.00065 -0.00065
-0.000625 -0.000625
-0.0006 -0.0006
-0.000575 -0.000575
-0.00055 -0.00055
-0.000525 -0.000525
-0.0005 -0.0005
-0.000475 -0.000475
-0.00045 -0.00045
-0.000425 -0.000425
-0.0004 -0.0004
-0.000375 -0.000375
-0.00035 -0.00035
-0.000325 -0.000325
-0.0003 -0.0003
-0.000275 -0.000275
-0.00025 -0.00025
-0.000225 -0.000225
-0.0002 -0.0002
-0.000175 -0.000175
-0.00015 -0.00015
-0.000125 -0.000125
-0.0001 -0.0001
-7.5e-05 -7.5e-05
-5e-05 -5e-05
-2.5e-05 -2.5e-05
-6.09864e-20 -6.09864e-20
2.5e-05 2.5e-05
5e-05 5e-05
7.5e-05 7.5e-05
0.0001 0.0001
0.000125 0.000125
0.00015 0.00015
0.000175 0.000175
0.0002 0.0002
0.000225 0.000225
0.00025 0.00025
0.000275 0.000275
0.0003 0.0003
0.000325 0.000325
0.00035 0.00035
0.000375 0.000375
0.0004 0.0004
0.000425 0.000425
0.00045 0.00045
0.000475 0.000475
0.0005 0.0005
0.000525 0.000525
0.00055 0.00055
0.000575 0.000575
0.0006 0.0006
0.000625 0.000625
0.0006 0.0006
0.000575 0.000575
0.00055 0.00055
0.000525 0.000525
0.0005 0.0005
0.000475 0.000475
0.00045 0.00045
0.000425 0.000425
0.0004 0.0004
0.000375 0.000375
0.00035 0.00035
0.000325 0.000325
0.0003 0.0003
0.000275 0.000275
0.00025 0.00025
0.000225 0.000225
0.0002 0.0002
0.000175 0.000175
0.00015 0.00015
0.000125 0.000125
0.0001 0.0001
7.5e-05 7.5e-05
5e-05 5e-05
2.5e-05 2.5e-05
-4.74338e-20 -4.74338e-20
-2.5e-05 -2.5e-05
-5e-05 -5e-05
-7.5e-05 -7.5e-05
-0.0001 -0.0001
-0.000125 -0.000125
-0.00015 -0.00015
-0.000175 -0.000175
-0.0002 -0.0002
-0.000225 -0.000225
-0.00025 -0.00025
-0.000275 -0.000275
-0.0003 -0.0003
-0.000325 -0.000325
-0.00035 -0.00035
-0.000375 -0.000375
-0.0004 -0.0004
-0.000425 -0.000425
-0.00045 -0.00045
-0.000475 -0.000475
-0.0005 -0.0005
-0.000525 -0.000525
-0.00055 -0.00055
-0.000575 -0.000575
-0.0006 -0.0006
-0.000625 -0.000625
-0.00065 -0.00065
-0.000675 -0.000675
-0.0007 -0.0007
-0.000725 -0.000725
-0.00075 -0.00075
-0.000775 -0.000775
-0.0008 -0.0008
-0.000825 -0.000825
-0.00085 -0.00085
-0.000875 -0.000875
-0.0009 -0.0009
-0.000925 -0.000925
-0.00095 -0.00095
-0.000975 -0.000975
-0.001 -0.001
-0.001025 -0.001025
-0.00105 -0.00105
-0.001075 -0.001075
-0.0011 -0.0011
-0.001125 -0.001125
-0.00115 -0.00115
-0.001175 -0.001175
-0.0012 -0.0012
-0.001225 -0.001225
-0.00125 -0.00125
-0.001275 -0.001275
-0.0013 -0.0013
-0.001325 -0.001325
-0.00135 -0.00135
-0.001375 -0.001375
-0.0014 -0.0014
-0.001425 -0.001425
-0.00145 -0.00145
-0.001475 -0.001475
-0.0015 -0.0015
-0.001525 -0.001525
-0.00155 -0.00155
-0.001575 -0.001575
-0.0016 -0.0016
-0.001625 -0.001625
-0.00165 -0.00165
-0.001675 -0.001675
-0.0017 -0.0017
-0.001725 -0.001725
-0.00175 -0.00175
-0.001775 -0.001775
-0.0018 -0.0018
-0.001825 -0.001825
-0.00185 -0.00185
-0.001875 -0.001875
-0.0019 -0.0019
-0.001925 -0.001925
-0.00195 -0.00195
-0.001975 -0.001975
-0.002 -0.002
-0.002025 -0.002025
-0.00205 -0.00205
-0.002075 -0.002075
-0.0021 -0.0021
-0.002125 -0.002125
-0.00215 -0.00215
-0.002175 -0.002175
-0.0022 -0.0022
-0.002225 -0.002225
-0.00225 -0.00225
-0.002275 -0.002275
-0.0023 -0.0023
-0.002325 -0.002325
-0.00235 -0.00235
-0.002375 -0.002375
-0.0024 -0.0024
-0.002425 -0.002425
-0.00245 -0.00245
-0.002475 -0.002475
-0.0025 -0.0025
-0.00252581 -0.002525
-0.0025521 -0.00255
-0.00257838 -0.002575
-0.00260466 -0.0026
-0.00263095 -0.002625
-0.00265723 -0.00265
-0.00268352 -0.002675
-0.0027098 -0.0027
-0.00273608 -0.002725
-0.00276237 -0.00275
-0.00278865 -0.002775
-0.00281493 -0.0028
-0.00284122 -0.002825
-0.0028675 -0.00285
-0.00289378 -0.002875
-0.00292007 -0.0029
-0.00294635 -0.002925
-0.00297263 -0.00295
-0.00299892 -0.002975
-0.0030252 -0.003
-0.00305148 -0.003025
-0.00307777 -0.00305
-0.00310405 -0.003075
-0.00313034 -0.0031
-0.00315662 -0.003125
-0.0031829 -0.00315
-0.00320919 -0.003175
-0.00323547 -0.0032
-0.00326175 -0.003225
-0.00328804 -0.00325
-0.00331432 -0.003275
-0.0033406 -0.0033
-0.00336689 -0.003325
-0.00339317 -0.00335
-0.00341945 -0.003375
-0.00344574 -0.0034
-0.00347202 -0.003425
-0.0034983 -0.00345
-0.00352459 -0.003475
-0.00355087 -0.0035
-0.00357716 -0.003525
-0.00360344 -0.00355
-0.00362972 -0.003575
-0.00365601 -0.0036
-0.00368229 -0.003625
-0.00370857 -0.00365
-0.00373486 -0.003675
-0.00376114 -0.0037
-0.00378742 -0.003725
-0.00381371 -0.00375
-0.00383999 -0.003775
-0.00386627 -0.0038
-0.00389256 -0.003825
-0.00391884 -0.00385
-0.00394512 -0.003875
-0.00397141 -0.0039
-0.00399769 -0.003925
-0.00402398 -0.00395
-0.00405026 -0.003975
-0.00407654 -0.004
-0.00410283 -0.004025
-0.00412911 -0.00405
-0.00415539 -0.004075
-0.00418168 -0.0041
-0.00420796 -0.004125
-0.00423424 -0.00415
-0.00426053 -0.004175
-0.00428681 -0.0042
-0.00431309 -0.004225
-0.00433938 -0.00425
-0.00436566 -0.004275
-0.00439194 -0.0043
-0.00441823 -0.004325
-0.00444451 -0.00435
-0.0044708 -0.004375
-0.00449708 -0.0044
-0.00452336 -0.004425
-0.00454965 -0.00445
-0.00457593 -0.004475
-0.00460221 -0.0045
-0.0046285 -0.004525
-0.00465478 -0.00455
-0.00468106 -0.004575
-0.00470735 -0.0046
-0.00473363 -0.004625
-0.00475991 -0.00465
-0.0047862 -0.004675
-0.00481248 -0.0047
-0.00483876 -0.004725
-0.00486505 -0.00475
-0.00489133 -0.004775
-0.00491762 -0.0048
-0.0049439 -0.004825
-0.00497018 -0.00485
-0.00499647 -0.004875
-0.00502275 -0.0049
-0.00504903 -0.004925
-0.00507532 -0.00495
-0.0051016 -0.004975
-0.00512788 -0.005
-0.00515417 -0.005025
-0.00518045 -0.00505
-0.00520673 -0.005075
-0.00523302 -0.0051
-0.0052593 -0.005125
-0.00528558 -0.00515
-0.00531187 -0.005175
-0.00533815 -0.0052
-0.00536444 -0.005225
-0.00539072 -0.00525
-0.005417 -0.005275
-0.00544329 -0.0053
-0.00546957 -0.005325
-0.00549585 -0.00535
-0.00552214 -0.005375
-0.00554842 -0.0054
-0.0055747 -0.005425
-0.00560099 -0.00545
-0.00562727 -0.005475
-0.00565355 -0.0055
-0.00567984 -0.005525
-0.00570612 -0.00555
-0.0057324 -0.005575
-0.00575869 -0.0056
-0.00578497 -0.005625
-0.00581126 -0.00565
-0.00583754 -0.005675
-0.00586382 -0.0057
-0.00589011 -0.005725
-0.00591639 -0.00575
-0.00594267 -0.005775
-0.00596896 -0.0058
-0.00599524 -0.005825
-0.00602152 -0.00585
-0.00604781 -0.005875
-0.00607409 -0.0059
-0.00610037 -0.005925
-0.00612666 -0.00595
-0.00615294 -0.005975
-0.00617922 -0.006
-0.00620551 -0.006025
-0.00623179 -0.00605
-0.00625808 -0.006075
-0.00628436 -0.0061
-0.00631064 -0.006125
-0.00633693 -0.00615
-0.00636321 -0.006175
-0.00638949 -0.0062
-0.00641578 -0.006225
-0.00644206 -0.00625
-0.00646524 -0.006275
-0.00648841 -0.0063
-0.00651159 -0.006325
-0.00653476 -0.00635
-0.00655794 -0.006375
-0.00658112 -0.0064
-0.00660429 -0.006425
-0.00662747 -0.00645
-0.00665064 -0.006475
-0.00667382 -0.0065
-0.006697 -0.006525
-0.00672017 -0.00655
-0.00674335 -0.006575
-0.00676652 -0.0066
-0.0067897 -0.006625
-0.00681288 -0.00665
-0.00683605 -0.006675
-0.00685923 -0.0067
-0.0068824 -0.006725
-0.00690558 -0.00675
-0.00692876 -0.006775
-0.00695193 -0.0068
-0.00697511 -0.006825
-0.00699828 -0.00685
-0.00702146 -0.006875
-0.00704464 -0.0069
-0.00706781 -0.006925
-0.00709099 -0.00695
-0.00711416 -0.006975
-0.00713734 -0.007
-0.00716052 -0.007025
-0.00718369 -0.00705
-0.00720687 -0.007075
-0.00723004 -0.0071
-0.00725322 -0.007125
-0.00727639 -0.00715
-0.00729957 -0.007175
-0.00732275 -0.0072
-0.00734592 -0.007225
-0.0073691 -0.00725
-0.00739227 -0.007275
-0.00741545 -0.0073
-0.00743863 -0.007325
-0.0074618 -0.00735
-0.00748498 -0.007375
-0.00750815 -0.0074
-0.00753133 -0.007425
-0.00755451 -0.00745
-0.00757768 -0.007475
-0.00760086 -0.0075
-0.0075706 -0.007475
-0.00754033 -0.00745
-0.00751007 -0.007425
-0.00747981 -0.0074
-0.00744954 -0.007375
-0.00741928 -0.00735
-0.00738902 -0.007325
-0.00735875 -0.0073
-0.00732849 -0.007275
-0.00729823 -0.00725
-0.0072717 -0.007225
-0.00724629 -0.0072
-0.00722087 -0.007175
-0.00719546 -0.00715
-0.00717004 -0.007125
-0.00714463 -0.0071
-0.00711921 -0.007075
-0.0070938 -0.00705
-0.00706838 -0.007025
-0.00704297 -0.007
-0.00701756 -0.006975
-0.00699214 -0.00695
-0.00696673 -0.006925
-0.00694131 -0.0069
-0.0069159 -0.006875
-0.00689048 -0.00685
-0.00686507 -0.006825
-0.00683965 -0.0068
-0.00681424 -0.006775
-0.00678882 -0.00675
-0.00676341 -0.006725
-0.00673799 -0.0067
-0.00671258 -0.006675
-0.00668716 -0.00665
-0.00666175 -0.006625
-0.00663633 -0.0066
-0.00661092 -0.006575
-0.0065855 -0.00655
-0.00656009 -0.006525
-0.00653467 -0.0065
-0.00650926 -0.006475
-0.00648384 -0.00645
-0.00645843 -0.006425
-0.00643302 -0.0064
-0.0064076 -0.006375
-0.00638219 -0.00635
-0.00635677 -0.006325
-0.00633136 -0.0063
-0.00630594 -0.006275
-0.00628053 -0.00625
-0.00625511 -0.006225
-0.0062297 -0.0062
-0.00620428 -0.006175
-0.00617887 -0.00615
-0.00615345 -0.006125
-0.00612804 -0.0061
-0.00610262 -0.006075
-0.00607721 -0.00605
-0.00605179 -0.006025
-0.00602638 -0.006
-0.00600096 -0.005975
-0.00597555 -0.00595
-0.00595013 -0.005925
-0.00592472 -0.0059
-0.0058993 -0.005875
-0.00587389 -0.00585
-0.00584847 -0.005825
-0.00582306 -0.0058
-0.00579765 -0.005775
-0.00577223 -0.00575
-0.00574682 -0.005725
-0.0057214 -0.0057
-0.00569599 -0.005675
-0.00567057 -0.00565
-0.00564516 -0.005625
-0.00561974 -0.0056
-0.00559433 -0.005575
-0.00556891 -0.00555
-0.0055435 -0.005525
-0.00551808 -0.0055
-0.00549267 -0.005475
-0.00546725 -0.00545
-0.00544184 -0.005425
-0.00541642 -0.0054
-0.00539101 -0.005375
-0.00536559 -0.00535
-0.00534018 -0.005325
-0.00531476 -0.0053
-0.00528935 -0.005275
-0.00526393 -0.00525
-0.00523852 -0.005225
-0.00521311 -0.0052
-0.00518769 -0.005175
-0.00516228 -0.00515
-0.00513686 -0.005125
-0.00511145 -0.0051
-0.00508603 -0.005075
-0.00506062 -0.00505
-0.0050352 -0.005025
-0.00500979 -0.005
-0.00498437 -0.004975
-0.00495896 -0.00495
-0.00493354 -0.004925
-0.00490813 -0.0049
-0.00488271 -0.004875
-0.0048573 -0.00485
-0.00483188 -0.004825
-0.00480647 -0.0048
-0.00478105 -0.004775
-0.00475564 -0.00475
-0.00473022 -0.004725
-0.00470481 -0.0047
-0.00467939 -0.004675
-0.00465398 -0.00465
-0.00462856 -0.004625
-0.00460315 -0.0046
-0.00457774 -0.004575
-0.00455232 -0.00455
-0.00452691 -0.004525
-0.00450149 -0.0045
-0.00447608 -0.004475
-0.00445066 -0.00445
-0.00442525 -0.004425
-0.0044 -0.0044
-0.004375 -0.004375
-0.00435 -0.00435
-0.004325 -0.004325
-0.0043 -0.0043
-0.004275 -0.004275
-0.00425 -0.00425
-0.004225 -0.004225
-0.0042 -0.0042
-0.004175 -0.004175
-0.00415 -0.00415
-0.004125 -0.004125
-0.0041 -0.0041
-0.004075 -0.004075
-0.00405 -0.00405
-0.004025 -0.004025
-0.004 -0.004
-0.003975 -0.003975
-0.00395 -0.00395
-0.003925 -0.003925
-0.0039 -0.0039
-0.003875 -0.003875
-0.00385 -0.00385
-0.003825 -0.003825
-0.0038 -0.0038
-0.003775 -0.003775
-0.00375 -0.00375
-0.003725 -0.003725
-0.0037 -0.0037
-0.003675 -0.003675
-0.00365 -0.00365
-0.003625 -0.003625
-0.0036 -0.0036
-0.003575 -0.003575
-0.00355 -0.00355
-0.003525 -0.003525
-0.0035 -0.0035
-0.003475 -0.003475
-0.00345 -0.00345
-0.003425 -0.003425
-0.0034 -0.0034
-0.003375 -0.003375
-0.00335 -0.00335
-0.003325 -0.003325
-0.0033 -0.0033
-0.003275 -0.003275
-0.00325 -0.00325
-0.003225 -0.003225
-0.0032 -0.0032
-0.003175 -0.003175
-0.00315 -0.00315
-0.003125 -0.003125
-0.0031 -0.0031
-0.003075 -0.003075
-0.00305 -0.00305
-0.003025 -0.003025
-0.003 -0.003
-0.002975 -0.002975
-0.00295 -0.00295
-0.002925 -0.002925
-0.0029 -0.0029
-0.002875 -0.002875
-0.00285 -0.00285
-0.002825 -0.002825
-0.0028 -0.0028
-0.002775 -0.002775
-0.00275 -0.00275
-0.002725 -0.002725
-0.0027 -0.0027
-0.002675 -0.002675
-0.00265 -0.00265
-0.002625 -0.002625
-0.0026 -0.0026
-0.002575 -0.002575
-0.00255 -0.00255
-0.002525 -0.002525
-0.0025 -0.0025
-0.002475 -0.002475
-0.00245 -0.00245
-0.002425 -0.002425
-0.0024 -0.0024
-0.002375 -0.002375
-0.00235 -0.00235
-0.002325 -0.002325
-0.0023 -0.0023
-0.002275 -0.002275
-0.00225 -0.00225
-0.002225 -0.002225
-0.0022 -0.0022
-0.002175 -0.002175
-0.00215 -0.00215
-0.002125 -0.002125
-0.0021 -0.0021
-0.002075 -0.002075
-0.00205 -0.00205
-0.002025 -0.002025
-0.002 -0.002
-0.001975 -0.001975
-0.00195 -0.00195
-0.001925 -0.001925
-0.0019 -0.0019
-0.001875 -0.001875
-0.00185 -0.00185
-0.001825 -0.001825
-0.0018 -0.0018
-0.001775 -0.001775
-0.00175 -0.00175
-0.001725 -0.001725
-0.0017 -0.0017
-0.001675 -0.001675
-0.00165 -0.00165
-0.001625 -0.001625
-0.0016 -0.0016
-0.001575 -0.001575
-0.00155 -0.00155
-0.001525 -0.001525
-0.0015 -0.0015
-0.001475 -0.001475
-0.00145 -0.00145
-0.001425 -0.001425
-0.0014 -0.0014
-0.001375 -0.001375
-0.00135 -0.00135
-0.001325 -0.001325
-0.0013 -0.0013
-0.001275 -0.001275
-0.00125 -0.00125
-0.001225 -0.001225
-0.0012 -0.0012
-0.001175 -0.001175
-0.00115 -0.00115
-0.001125 -0.001125
-0.0011 -0.0011
-0.001075 -0.001075
-0.00105 -0.00105
-0.001025 -0.001025
-0.001 -0.001
-0.000975 -0.000975
-0.00095 -0.00095
-0.000925 -0.000925
-0.0009 -0.0009
-0.000875 -0.000875
-0.00085 -0.00085
-0.000825 -0.000825
-0.0008 -0.0008
-0.000775 -0.000775
-0.00075 -0.00075
-0.000725 -0.000725
-0.0007 -0.0007
-0.000675 -0.000675
-0.00065 -0.00065
-0.000625 -0.000625
-0.0006 -0.0006
-0.000575 -0.000575
-0.00055 -0.00055
-0.000525 -0.000525
-0.0005 -0.0005
-0.000475 -0.000475
-0.00045 -0.00045
-0.000425 -0.000425
-0.0004 -0.0004
-0.000375 -0.000375
-0.00035 -0.00035
-0.000325 -0.000325
-0.0003 -0.0003
-0.000275 -0.000275
-0.00025 -0.00025
-0.000225 -0.000225
-0.0002 -0.0002
-0.000175 -0.000175
-0.00015 -0.00015
-0.000125 -0.000125
-0.0001 -0.0001
-7.5e-05 -7.5e-05
-5e-05 -5e-05
-2.5e-05 -2.5e-05
-6.09864e-20 -6.09864e-20
2.5e-05 2.5e-05
5e-05 5e-05
7.5e-05 7.5e-05
0.0001 0.0001
0.000125 0.000125
0.00015 0.00015
0.000175 0.000175
0.0002 0.0002
0.000225 0.000225
0.00025 0.00025
0.000275 0.000275
0.0003 0.0003
0.000325 0.000325
0.00035 0.00035
0.000375 0.000375
0.0004 0.0004
0.000425 0.000425
0.00045 0.00045
0.000475 0.000475
0.0005 0.0005
0.000525 0.000525
0.00055 0.00055
0.000575 0.000575
0.0006 0.0006
0.000625 0.000625
0.00065 0.00065
0.000675 0.000675
0.0007 0.0007
0.000725 0.000725
0.00075 0.00075
0.000725 0.000725
0.0007 0.0007
0.000675 0.000675
0.00065 0.00065
0.000625 0.000625
0.0006 0.0006
0.000575 0.000575
0.00055 0.00055
0.000525 0.000525
0.0005 0.0005
0.000475 0.000475
0.00045 0.00045
0.000425 0.000425
0.0004 0.0004
0.000375 0.000375
0.00035 0.00035
0.000325 0.000325
0.0003 0.0003
0.000275 0.000275
0.00025 0.00025
0.000225 0.000225
0.0002 0.0002
0.000175 0.000175
0.00015 0.00015
0.000125 0.000125
0.0001 0.0001
7.5e-05 7.5e-05
5e-05 5e-05
2.5e-05 2.5e-05
-4.74338e-20 -4.74338e-20
-2.5e-05 -2.5e-05
-5e-05 -5e-05
-7.5e-05 -7.5e-05
-0.0001 -0.0001
-0.000125 -0.000125
-0.00015 -0.00015
-0.000175 -0.000175
-0.0002 -0.0002
-0.000225 -0.000225
-0.00025 -0.00025
-0.000275 -0.000275
-0.0003 -0.0003
-0.000325 -0.000325
-0.00035 -0.00035
-0.000375 -0.000375
-0.0004 -0.0004
-0.000425 -0.000425
-0.00045 -0.00045
-0.000475 -0.000475
-0.0005 -0.0005
-0.000525 -0.000525
-0.00055 -0.00055
-0.000575 -0.000575
-0.0006 -0.0006
-0.000625 -0.000625
-0.00065 -0.00065
-0.000675 -0.000675
-0.0007 -0.0007
-0.000725 -0.000725
-0.00075 -0.00075
-0.000775 -0.000775
-0.0008 -0.0008
-0.000825 -0.000825
-0.00085 -0.00085
-0.000875 -0.000875
-0.0009 -0.0009
-0.000925 -0.000925
-0.00095 -0.00095
-0.000975 -0.000975
-0.001 -0.001
-0.001025 -0.001025
-0.00105 -0.00105
-0.001075 -0.001075
-0.0011 -0.0011
-0.001125 -0.001125
-0.00115 -0.00115
-0.001175 -0.001175
-0.0012 -0.0012
-0.001225 -0.001225
-0.00125 -0.00125
-0.001275 -0.001275
-0.0013 -0.0013
-0.001325 -0.001325
-0.00135 -0.00135
-0.001375 -0.001375
-0.0014 -0.0014
-0.001425 -0.001425
-0.00145 -0.00145
-0.001475 -0.001475
-0.0015 -0.0015
-0.001525 -0.001525
-0.00155 -0.00155
-0.001575 -0.001575
-0.0016 -0.0016
-0.001625 -0.001625
-0.00165 -0.00165
-0.001675 -0.001675
-0.0017 -0.0017
-0.001725 -0.001725
-0.00175 -0.00175
-0.001775 -0.001775
-0.0018 -0.0018
-0.001825 -0.001825
-0.00185 -0.00185
-0.001875 -0.001875
-0.0019 -0.0019
-0.001925 -0.001925
-0.00195 -0.00195
-0.001975 -0.001975
-0.002 -0.002
-0.002025 -0.002025
-0.00205 -0.00205
-0.002075 -0.002075
-0.0021 -0.0021
-0.002125 -0.002125
-0.00215 -0.00215
-0.002175 -0.002175
-0.0022 -0.0022
-0.002225 -0.002225
-0.00225 -0.00225
-0.002275 -0.002275
-0.0023 -0.0023
-0.002325 -0.002325
-0.00235 -0.00235
-0.002375 -0.002375
-0.0024 -0.0024
-0.002425 -0.002425
-0.00245 -0.00245
-0.002475 -0.002475
-0.0025 -0.0025
-0.002525 -0.002525
-0.00255 -0.00255
-0.002575 -0.002575
-0.0026 -0.0026
-0.002625 -0.002625
-0.00265 -0.00265
-0.002675 -0.002675
-0.0027 -0.0027
-0.002725 -0.002725
-0.00275 -0.00275
-0.002775 -0.002775
-0.0028 -0.0028
-0.002825 -0.002825
-0.00285 -0.00285
-0.002875 -0.002875
-0.0029 -0.0029
-0.002925 -0.002925
-0.00295 -0.00295
-0.002975 -0.002975
-0.003 -0.003
-0.003025 -0.003025
-0.00305 -0.00305
-0.003075 -0.003075
-0.0031 -0.0031
-0.003125 -0.003125
-0.00315 -0.00315
-0.003175 -0.003175
-0.0032 -0.0032
-0.003225 -0.003225
-0.00325 -0.00325
-0.003275 -0.003275
-0.0033 -0.0033
-0.003325 -0.003325
-0.00335 -0.00335
-0.003375 -0.003375
-0.0034 -0.0034
-0.003425 -0.003425
-0.00345 -0.00345
-0.003475 -0.003475
-0.0035 -0.0035
-0.003525 -0.003525
-0.00355 -0.00355
-0.003575 -0.003575
-0.0036 -0.0036
-0.003625 -0.003625
-0.00365 -0.00365
-0.003675 -0.003675
-0.0037 -0.0037
-0.003725 -0.003725
-0.00375 -0.00375
-0.003775 -0.003775
-0.0038 -0.0038
-0.003825 -0.003825
-0.00385 -0.00385
-0.003875 -0.003875
-0.0039 -0.0039
-0.003925 -0.003925
-0.00395 -0.00395
-0.003975 -0.003975
-0.004 -0.004
-0.004025 -0.004025
-0.00405 -0.00405
-0.004075 -0.004075
-0.0041 -0.0041
-0.004125 -0.004125
-0.00415 -0.00415
-0.004175 -0.004175
-0.0042 -0.0042
-0.004225 -0.004225
-0.00425 -0.00425
-0.004275 -0.004275
-0.0043 -0.0043
-0.004325 -0.004325
-0.00435 -0.00435
-0.004375 -0.004375
-0.0044 -0.0044
-0.00442548 -0.004425
-0.0044513 -0.00445
-0.00447712 -0.004475
-0.00450293 -0.0045
-0.00452875 -0.004525
-0.00455457 -0.00455
-0.00458038 -0.004575
-0.0046062 -0.0046
-0.00463201 -0.004625
-0.00465783 -0.00465
-0.00468365 -0.004675
-0.00470946 -0.0047
-0.00473528 -0.004725
-0.00476109 -0.00475
-0.00478691 -0.004775
-0.00481273 -0.0048
-0.00483854 -0.004825
-0.00486436 -0.00485
-0.00489017 -0.004875
-0.00491599 -0.0049
-0.00494181 -0.004925
-0.00496762 -0.00495
-0.00499344 -0.004975
-0.00501925 -0.005
-0.00504507 -0.005025
-0.00507089 -0.00505
-0.0050967 -0.005075
-0.00512252 -0.0051
-0.00514833 -0.005125
-0.00517415 -0.00515
-0.00519997 -0.005175
-0.00522578 -0.0052
-0.0052516 -0.005225
-0.00527741 -0.00525
-0.00530323 -0.005275
-0.00532905 -0.0053
-0.00535486 -0.005325
-0.00538068 -0.00535
-0.00540649 -0.005375
-0.00543231 -0.0054
-0.00545813 -0.005425
-0.00548394 -0.00545
-0.00550976 -0.005475
-0.00553557 -0.0055
-0.00556139 -0.005525
-0.00558721 -0.00555
-0.00561302 -0.005575
-0.00563884 -0.0056
-0.00566466 -0.005625
-0.00569047 -0.00565
-0.00571629 -0.005675
-0.0057421 -0.0057
-0.00576792 -0.005725
-0.00579374 -0.00575
-0.00581955 -0.005775
-0.00584537 -0.0058
-0.00587118 -0.005825
-0.005897 -0.00585
-0.00592282 -0.005875
-0.00594863 -0.0059
-0.00597445 -0.005925
-0.00600026 -0.00595
-0.00602608 -0.005975
-0.0060519 -0.006
-0.00607771 -0.006025
-0.00610353 -0.00605
-0.00612934 -0.006075
-0.00615516 -0.0061
-0.00618098 -0.006125
-0.00620679 -0.00615
-0.00623261 -0.006175
-0.00625842 -0.0062
-0.00628424 -0.006225
-0.00631006 -0.00625
-0.00633587 -0.006275
-0.00636169 -0.0063
-0.0063875 -0.006325
-0.00641332 -0.00635
-0.00643914 -0.006375
-0.00646495 -0.0064
-0.00649077 -0.006425
-0.00651658 -0.00645
-0.0065424 -0.006475
-0.00656822 -0.0065
-0.00659403 -0.006525
-0.00661985 -0.00655
-0.00664566 -0.006575
-0.00667148 -0.0066
-0.0066973 -0.006625
-0.00672311 -0.00665
-0.00674893 -0.006675
-0.00677474 -0.0067
-0.00680056 -0.006725
-0.00682638 -0.00675
-0.00685219 -0.006775
-0.00687801 -0.0068
-0.00690383 -0.006825
-0.00692964 -0.00685
-0.00695546 -0.006875
-0.00698127 -0.0069
-0.00700709 -0.006925
-0.00703291 -0.00695
-0.00705872 -0.006975
-0.00708454 -0.007
-0.00711035 -0.007025
-0.00713617 -0.00705
-0.00716199 -0.007075
-0.0071878 -0.0071
-0.00721362 -0.007125
-0.00723943 -0.00715
-0.00726525 -0.007175
-0.00729107 -0.0072
-0.00731688 -0.007225
-0.0073427 -0.00725
-0.00736851 -0.007275
-0.00739433 -0.0073
-0.00742015 -0.007325
-0.00744596 -0.00735
-0.00747178 -0.007375
-0.00749759 -0.0074
-0.00752341 -0.007425
-0.00754923 -0.00745
-0.00757504 -0.007475
-0.00760086 -0.0075
-0.00762403 -0.007525
-0.00764721 -0.00755
-0.00767039 -0.007575
-0.00769356 -0.0076
-0.00771674 -0.007625
-0.00773991 -0.00765
-0.00776309 -0.007675
-0.00778627 -0.0077
-0.00780944 -0.007725
-0.00783262 -0.00775
-0.00785579 -0.007775
-0.00787897 -0.0078
-0.00790215 -0.007825
-0.00792532 -0.00785
-0.0079485 -0.007875
-0.00797167 -0.0079
-0.00799485 -0.007925
-0.00801803 -0.00795
-0.0080412 -0.007975
-0.00806438 -0.008
-0.00808755 -0.008025
-0.00811073 -0.00805
-0.008135 -0.008075
-0.00816 -0.0081
-0.008185 -0.008125
-0.00821 -0.00815
-0.008235 -0.008175
-0.00826 -0.0082
-0.008285 -0.008225
-0.00831 -0.00825
-0.008335 -0.008275
-0.00836 -0.0083
-0.008385 -0.008325
-0.00841 -0.00835
-0.008435 -0.008375
-0.00846 -0.0084
-0.008485 -0.008425
-0.00851 -0.00845
-0.008535 -0.008475
-0.00856 -0.0085
-0.008585 -0.008525
-0.00861 -0.00855
-0.008635 -0.008575
-0.00866 -0.0086
-0.008685 -0.008625
-0.00871 -0.00865
-0.008735 -0.008675
-0.00876 -0.0087
-0.008785 -0.008725
-0.00881 -0.00875
-0.00877974 -0.008725
-0.00874947 -0.0087
-0.00871921 -0.008675
-0.00868895 -0.00865
-0.00865868 -0.008625
-0.00862854 -0.0086
-0.00860323 -0.008575
-0.00857793 -0.00855
-0.00855262 -0.008525
-0.00852732 -0.0085
-0.00850201 -0.008475
-0.00847671 -0.00845
-0.0084514 -0.008425
-0.0084261 -0.0084
-0.00840079 -0.008375
-0.00837549 -0.00835
-0.00835018 -0.008325
-0.00832488 -0.0083
-0.00829957 -0.008275
-0.00827427 -0.00825
-0.00824896 -0.008225
-0.00822366 -0.0082
-0.00819835 -0.008175
-0.00817305 -0.00815
-0.00814774 -0.008125
-0.00812244 -0.0081
-0.00809713 -0.008075
-0.00807183 -0.00805
-0.00804652 -0.008025
-0.00802122 -0.008
-0.00799591 -0.007975
-0.00797061 -0.00795
-0.0079453 -0.007925
-0.00792 -0.0079
-0.00789469 -0.007875
-0.00786939 -0.00785
-0.00784408 -0.007825
-0.00781878 -0.0078
-0.00779347 -0.007775
-0.00776817 -0.00775
-0.00774286 -0.007725
-0.00771756 -0.0077
-0.00769225 -0.007675
-0.00766695 -0.00765
-0.00764164 -0.007625
-0.00761634 -0.0076
-0.00759103 -0.007575
-0.00756573 -0.00755
-0.00754043 -0.007525
-0.00751512 -0.0075
-0.00748982 -0.007475
-0.00746451 -0.00745
-0.00743921 -0.007425
-0.0074139 -0.0074
-0.0073886 -0.007375
-0.00736329 -0.00735
-0.00733799 -0.007325
-0.00731268 -0.0073
-0.00728738 -0.007275
-0.00726207 -0.00725
-0.00723677 -0.007225
-0.00721146 -0.0072
-0.00718616 -0.007175
-0.00716085 -0.00715
-0.00713555 -0.007125
-0.00711024 -0.0071
-0.00708494 -0.007075
-0.00705963 -0.00705
-0.00703433 -0.007025
-0.00700902 -0.007
-0.00698372 -0.006975
-0.00695841 -0.00695
-0.00693311 -0.006925
-0.0069078 -0.0069
-0.0068825 -0.006875
-0.00685719 -0.00685
-0.00683189 -0.006825
-0.00680658 -0.0068
-0.00678128 -0.006775
-0.00675597 -0.00675
-0.00673067 -0.006725
-0.00670536 -0.0067
-0.00668006 -0.006675
-0.00665475 -0.00665
-0.00662945 -0.006625
-0.00660414 -0.0066
-0.00657884 -0.006575
-0.00655353 -0.00655
-0.00652823 -0.006525
-0.00650292 -0.0065
-0.00647762 -0.006475
-0.00645231 -0.00645
-0.00642701 -0.006425
-0.0064017 -0.0064
-0.0063764 -0.006375
-0.00635109 -0.00635
-0.00632579 -0.006325
-0.00630048 -0.0063
-0.00627518 -0.006275
-0.00625 -0.00625
-0.006225 -0.006225
-0.0062 -0.0062
-0.006175 -0.006175
-0.00615 -0.00615
-0.006125 -0.006125
-0.0061 -0.0061
-0.006075 -0.006075
-0.00605 -0.00605
-0.006025 -0.006025
-0.006 -0.006
-0.005975 -0.005975
-0.00595 -0.00595
-0.005925 -0.005925
-0.0059 -0.0059
-0.005875 -0.005875
-0.00585 -0.00585
-0.005825 -0.005825
-0.0058 -0.0058
-0.005775 -0.005775
-0.00575 -0.00575
-0.005725 -0.005725
-0.0057 -0.0057
-0.005675 -0.005675
-0.00565 -0.00565
-0.005625 -0.005625
-0.0056 -0.0056
-0.005575 -0.005575
-0.00555 -0.00555
-0.005525 -0.005525
-0.0055 -0.0055
-0.005475 -0.005475
-0.00545 -0.00545
-0.005425 -0.005425
-0.0054 -0.0054
-0.005375 -0.005375
-0.00535 -0.00535
-0.005325 -0.005325
-0.0053 -0.0053
-0.005275 -0.005275
-0.00525 -0.00525
-0.005225 -0.005225
-0.0052 -0.0052
-0.005175 -0.005175
-0.00515 -0.00515
-0.005125 -0.005125
-0.0051 -0.0051
-0.005075 -0.005075
-0.00505 -0.00505
-0.005025 -0.005025
-0.005 -0.005
-0.004975 -0.004975
-0.00495 -0.00495
-0.004925 -0.004925
-0.0049 -0.0049
-0.004875 -0.004875
-0.00485 -0.00485
-0.004825 -0.004825
-0.0048 -0.0048
-0.004775 -0.004775
-0.00475 -0.00475
-0.004725 -0.004725
-0.0047 -0.0047
-0.004675 -0.004675
-0.00465 -0.00465
-0.004625 -0.004625
-0.0046 -0.0046
-0.004575 -0.004575
-0.00455 -0.00455
-0.004525 -0.004525
-0.0045 -0.0045
-0.004475 -0.004475
-0.00445 -0.00445
-0.004425 -0.004425
-0.0044 -0.0044
-0.004375 -0.004375
-0.00435 -0.00435
-0.004325 -0.004325
-0.0043 -0.0043
-0.004275 -0.004275
-0.00425 -0.00425
-0.004225 -0.004225
-0.0042 -0.0042
-0.004175 -0.004175
-0.00415 -0.00415
-0.004125 -0.004125
-0.0041 -0.0041
-0.004075 -0.004075
-0.00405 -0.00405
-0.004025 -0.004025
-0.004 -0.004
-0.003975 -0.003975
-0.00395 -0.00395
-0.003925 -0.003925
-0.0039 -0.0039
-0.003875 -0.003875
-0.00385 -0.00385
-0.003825 -0.003825
-0.0038 -0.0038
-0.003775 -0.003775
-0.00375 -0.00375
-0.003725 -0.003725
-0.0037 -0.0037
-0.003675 -0.003675
-0.00365 -0.00365
-0.003625 -0.003625
-0.0036 -0.0036
-0.003575 -0.003575
-0.00355 -0.00355
-0.003525 -0.003525
-0.0035 -0.0035
-0.003475 -0.003475
-0.00345 -0.00345
-0.003425 -0.003425
-0.0034 -0.0034
-0.003375 -0.003375
-0.00335 -0.00335
-0.003325 -0.003325
-0.0033 -0.0033
-0.003275 -0.003275
-0.00325 -0.00325
-0.003225 -0.003225
-0.0032 -0.0032
-0.003175 -0.003175
-0.00315 -0.00315
-0.003125 -0.003125
-0.0031 -0.0031
-0.003075 -0.003075
-0.00305 -0.00305
-0.003025 -0.003025
-0.003 -0.003
-0.002975 -0.002975
-0.00295 -0.00295
-0.002925 -0.002925
-0.0029 -0.0029
-0.002875 -0.002875
-0.00285 -0.00285
-0.002825 -0.002825
-0.0028 -0.0028
-0.002775 -0.002775
-0.00275 -0.00275
-0.002725 -0.002725
-0.0027 -0.0027
-0.002675 -0.002675
-0.00265 -0.00265
-0.002625 -0.002625
-0.0026 -0.0026
-0.002575 -0.002575
-0.00255 -0.00255
-0.002525 -0.002525
-0.0025 -0.0025
-0.002475 -0.002475
-0.00245 -0.00245
-0.002425 -0.002425
-0.0024 -0.0024
-0.002375 -0.002375
-0.00235 -0.00235
-0.002325 -0.002325
-0.0023 -0.0023
-0.002275 -0.002275
-0.00225 -0.00225
-0.002225 -0.002225
-0.0022 -0.0022
-0.002175 -0.002175
-0.00215 -0.00215
-0.002125 -0.002125
-0.0021 -0.0021
-0.002075 -0.002075
-0.00205 -0.00205
-0.002025 -0.002025
-0.002 -0.002
-0.001975 -0.001975
-0.00195 -0.00195
-0.001925 -0.001925
-0.0019 -0.0019
-0.001875 -0.001875
-0.00185 -0.00185
-0.001825 -0.001825
-0.0018 -0.0018
-0.001775 -0.001775
-0.00175 -0.00175
-0.001725 -0.001725
-0.0017 -0.0017
-0.001675 -0.001675
-0.00165 -0.00165
-0.001625 -0.001625
-0.0016 -0.0016
-0.001575 -0.001575
-0.00155 -0.00155
-0.001525 -0.001525
-0.0015 -0.0015
-0.001475 -0.001475
-0.00145 -0.00145
-0.001425 -0.001425
-0.0014 -0.0014
-0.001375 -0.001375
-0.00135 -0.00135
-0.001325 -0.001325
-0.0013 -0.0013
-0.001275 -0.001275
-0.00125 -0.00125
-0.001225 -0.001225
-0.0012 -0.0012
-0.001175 -0.001175
-0.00115 -0.00115
-0.001125 -0.001125
-0.0011 -0.0011
-0.001075 -0.001075
-0.00105 -0.00105
-0.001025 -0.001025
-0.001 -0.001
-0.000975 -0.000975
-0.00095 -0.00095
-0.000925 -0.000925
-0.0009 -0.0009
-0.000875 -0.000875
-0.00085 -0.00085
-0.000825 -0.000825
-0.0008 -0.0008
-0.000775 -0.000775
-0.00075 -0.00075
-0.000725 -0.000725
-0.0007 -0.0007
-0.000675 -0.000675
-0.00065 -0.00065
-0.000625 -0.000625
-0.0006 -0.0006
-0.000575 -0.000575
-0.00055 -0.00055
-0.000525 -0.000525
-0.0005 -0.0005
-0.000475 -0.000475
-0.00045 -0.00045
-0.000425 -0.000425
-0.0004 -0.0004
-0.000375 -0.000375
-0.00035 -0.00035
-0.000325 -0.000325
-0.0003 -0.0003
-0.000275 -0.000275
-0.00025 -0.00025
-0.000225 -0.000225
-0.0002 -0.0002
-0.000175 -0.000175
-0.00015 -0.00015
-0.000125 -0.000125
-0.0001 -0.0001
-7.5e-05 -7.5e-05
-5e-05 -5e-05
-2.5e-05 -2.5e-05
-9.28348e-19 -9.28348e-19
2.5e-05 2.5e-05
5e-05 5e-05
7.5e-05 7.5e-05
0.0001 0.0001
0.000125 0.000125
0.00015 0.00015
0.000175 0.000175
0.0002 0.0002
0.000225 0.000225
0.00025 0.00025
0.000275 0.000275
0.0003 0.0003
0.000325 0.000325
0.00035 0.00035
0.000375 0.000375
0.0004 0.0004
0.000425 0.000425
0.00045 0.00045
0.000475 0.000475
0.0005 0.0005
0.000525 0.000525
0.00055 0.00055
0.000575 0.000575
0.0006 0.0006
0.000625 0.000625
0.00065 0.00065
0.000675 0.000675
0.0007 0.0007
0.000725 0.000725
0.00075 0.00075
0.000775 0.000775
0.0008 0.0008
0.000825 0.000825
0.00085 0.00085
0.000875 0.000875
0.00085 0.00085
0.000825 0.000825
0.0008 0.0008
0.000775 0.000775
0.00075 0.00075
0.000725 0.000725
0.0007 0.0007
0.000675 0.000675
0.00065 0.00065
0.000625 0.000625
0.0006 0.0006
0.000575 0.000575
0.00055 0.00055
0.000525 0.000525
0.0005 0.0005
0.000475 0.000475
0.00045 0.00045
0.000425 0.000425
0.0004 0.0004
0.000375 0.000375
0.00035 0.00035
0.000325 0.000325
0.0003 0.0003
0.000275 0.000275
0.00025 0.00025
0.000225 0.000225
0.0002 0.0002
0.000175 0.000175
0.00015 0.00015
0.000125 0.000125
0.0001 0.0001
7.5e-05 7.5e-05
5e-05 5e-05
2.5e-05 2.5e-05
-9.14796e-19 -9.14796e-19
