-2.91546e-05 -2.5e-05
-5.8285e-05 -5e-05
-8.73911e-05 -7.5e-05
-0.000116473 -0.0001
-0.00014553 -0.000125
-0.000174563 -0.00015
-0.000203571 -0.000175
-0.000232555 -0.0002
-0.000261513 -0.000225
-0.000290447 -0.00025
-0.000319356 -0.000275
-0.000348239 -0.0003
-0.000377098 -0.000325
-0.000405931 -0.00035
-0.000434739 -0.000375
-0.000463522 -0.0004
-0.000492279 -0.000425
-0.00052101 -0.00045
-0.000549716 -0.000475
-0.000578396 -0.0005
-0.00060705 -0.000525
-0.000635678 -0.00055
-0.00066428 -0.000575
-0.000692856 -0.0006
-0.000721405 -0.000625
-0.000749928 -0.00065
-0.000778425 -0.000675
-0.000806895 -0.0007
-0.000835339 -0.000725
-0.000863755 -0.00075
-0.000892145 -0.000775
-0.000920508 -0.0008
-0.000948844 -0.000825
-0.000977153 -0.00085
-0.00100543 -0.000875
-0.00103369 -0.0009
-0.00106191 -0.000925
-0.00109011 -0.00095
-0.00111828 -0.000975
-0.00114643 -0.001
-0.00117454 -0.001025
-0.00120263 -0.00105
-0.00123069 -0.001075
-0.00125872 -0.0011
-0.00128673 -0.001125
-0.0013147 -0.00115
-0.00134265 -0.001175
-0.00137056 -0.0012
-0.00139845 -0.001225
-0.00142631 -0.00125
-0.00139714 -0.001225
-0.00136798 -0.0012
-0.00133881 -0.001175
-0.00130964 -0.00115
-0.00128048 -0.001125
-0.00125131 -0.0011
-0.00122214 -0.001075
-0.00119298 -0.00105
-0.00116381 -0.001025
-0.00113464 -0.001
-0.00110548 -0.000975
-0.00107631 -0.00095
-0.00104714 -0.000925
-0.00101798 -0.0009
-0.000988811 -0.000875
-0.000959644 -0.00085
-0.000930478 -0.000825
-0.000901311 -0.0008
-0.000872144 -0.000775
-0.000842978 -0.00075
-0.000813811 -0.000725
-0.000784644 -0.0007
-0.000755478 -0.000675
-0.000726311 -0.00065
-0.000697144 -0.000625
-0.000667978 -0.0006
-0.000638811 -0.000575
-0.000609644 -0.00055
-0.000580478 -0.000525
-0.000551311 -0.0005
-0.000522144 -0.000475
-0.000492978 -0.00045
-0.000463811 -0.000425
-0.000434644 -0.0004
-0.000405478 -0.000375
-0.000376311 -0.00035
-0.000347144 -0.000325
-0.000318297 -0.0003
-0.00029127 -0.000275
-0.000264244 -0.00025
-0.000237217 -0.000225
-0.000210191 -0.0002
-0.000183164 -0.000175
-0.000156138 -0.00015
-0.000129112 -0.000125
-0.000102085 -0.0001
-7.50588e-05 -7.5e-05
-4.59541e-05 -5e-05
-1.67875e-05 -2.5e-05
1.23792e-05 -6.09864e-20
4.15459e-05 2.5e-05
7.07125e-05 5e-05
9.98792e-05 7.5e-05
0.000129046 0.0001
0.000158213 0.000125
0.000129046 0.0001
9.98792e-05 7.5e-05
7.07125e-05 5e-05
4.15459e-05 2.5e-05
1.23792e-05 -4.74338e-20
-1.67875e-05 -2.5e-05
-4.59541e-05 -5e-05
-7.51087e-05 -7.5e-05
-0.000103858 -0.0001
-0.000132607 -0.000125
-0.000161356 -0.00015
-0.000190105 -0.000175
-0.000218854 -0.0002
-0.000247603 -0.000225
-0.000276352 -0.00025
-0.000305101 -0.000275
-0.00033385 -0.0003
-0.000362599 -0.000325
-0.000391348 -0.00035
-0.000420096 -0.000375
-0.000448845 -0.0004
-0.000477594 -0.000425
-0.000506343 -0.00045
-0.000535092 -0.000475
-0.000563841 -0.0005
-0.00059259 -0.000525
-0.000621339 -0.00055
-0.000650088 -0.000575
-0.000678837 -0.0006
-0.000707586 -0.000625
-0.000736335 -0.00065
-0.000765084 -0.000675
-0.000793833 -0.0007
-0.000822582 -0.000725
-0.000851331 -0.00075
-0.00088008 -0.000775
-0.000908829 -0.0008
-0.000937578 -0.000825
-0.000966327 -0.00085
-0.000995076 -0.000875
-0.00102383 -0.0009
-0.00105257 -0.000925
-0.00108132 -0.00095
-0.00111007 -0.000975
-0.00113882 -0.001
-0.00116757 -0.001025
-0.00119632 -0.00105
-0.00122507 -0.001075
-0.00125382 -0.0011
-0.00128257 -0.001125
-0.00131131 -0.00115
-0.00134006 -0.001175
-0.00136881 -0.0012
-0.00139756 -0.001225
-0.00142631 -0.00125
-0.00145414 -0.001275
-0.00148194 -0.0013
-0.00150972 -0.001325
-0.00153746 -0.00135
-0.00156517 -0.001375
-0.00159286 -0.0014
-0.00162051 -0.001425
-0.00164813 -0.00145
-0.00167573 -0.001475
-0.00170329 -0.0015
-0.00173083 -0.001525
-0.00175833 -0.00155
-0.0017858 -0.001575
-0.00181325 -0.0016
-0.00184066 -0.001625
-0.00186804 -0.00165
-0.00189539 -0.001675
-0.00192271 -0.0017
-0.00195 -0.001725
-0.00197726 -0.00175
-0.00200448 -0.001775
-0.00203168 -0.0018
-0.00205884 -0.001825
-0.00208597 -0.00185
-0.00211307 -0.001875
-0.00214013 -0.0019
-0.00216717 -0.001925
-0.00219417 -0.00195
-0.00222114 -0.001975
-0.00224808 -0.002
-0.00227498 -0.002025
-0.00230185 -0.00205
-0.00232869 -0.002075
-0.00235549 -0.0021
-0.00238227 -0.002125
-0.002409 -0.00215
-0.00243571 -0.002175
-0.00246238 -0.0022
-0.00248901 -0.002225
-0.00251562 -0.00225
-0.00254219 -0.002275
-0.00256872 -0.0023
-0.00259522 -0.002325
-0.00262168 -0.00235
-0.00264811 -0.002375
-0.00267451 -0.0024
-0.00270087 -0.002425
-0.00272719 -0.00245
-0.00275348 -0.002475
-0.00277973 -0.0025
-0.00280595 -0.002525
-0.00283213 -0.00255
-0.00285828 -0.002575
-0.00288439 -0.0026
-0.00291046 -0.002625
-0.0029365 -0.00265
-0.00296249 -0.002675
-0.00298846 -0.0027
-0.00301438 -0.002725
-0.00304027 -0.00275
-0.00306612 -0.002775
-0.00309193 -0.0028
-0.00311771 -0.002825
-0.00314345 -0.00285
-0.00316914 -0.002875
-0.0031948 -0.0029
-0.00322043 -0.002925
-0.00324601 -0.00295
-0.00327155 -0.002975
-0.00329706 -0.003
-0.00332252 -0.003025
-0.00334795 -0.00305
-0.00337334 -0.003075
-0.00339868 -0.0031
-0.00342399 -0.003125
-0.00344926 -0.00315
-0.00347448 -0.003175
-0.00349967 -0.0032
-0.00352481 -0.003225
-0.00354992 -0.00325
-0.00357498 -0.003275
-0.0036 -0.0033
-0.00362374 -0.003325
-0.00364748 -0.00335
-0.00367122 -0.003375
-0.00369496 -0.0034
-0.0037187 -0.003425
-0.00374244 -0.00345
-0.00376618 -0.003475
-0.00378992 -0.0035
-0.00381366 -0.003525
-0.00383739 -0.00355
-0.00386113 -0.003575
-0.00388487 -0.0036
-0.00390861 -0.003625
-0.00393235 -0.00365
-0.00395609 -0.003675
-0.00397983 -0.0037
-0.00400357 -0.003725
-0.00402731 -0.00375
-0.00399814 -0.003725
-0.00396898 -0.0037
-0.00393981 -0.003675
-0.00391064 -0.00365
-0.00388148 -0.003625
-0.00385231 -0.0036
-0.00382314 -0.003575
-0.00379398 -0.00355
-0.00376481 -0.003525
-0.00373564 -0.0035
-0.00370648 -0.003475
-0.00367731 -0.00345
-0.00364814 -0.003425
-0.00361898 -0.0034
-0.00358981 -0.003375
-0.00356064 -0.00335
-0.00353148 -0.003325
-0.00350231 -0.0033
-0.00347314 -0.003275
-0.00344398 -0.00325
-0.00341481 -0.003225
-0.00338564 -0.0032
-0.00335648 -0.003175
-0.00332731 -0.00315
-0.00329814 -0.003125
-0.00326898 -0.0031
-0.00323981 -0.003075
-0.00321064 -0.00305
-0.00318148 -0.003025
-0.00315231 -0.003
-0.00312314 -0.002975
-0.00309398 -0.00295
-0.00306481 -0.002925
-0.00303564 -0.0029
-0.00300648 -0.002875
-0.00297731 -0.00285
-0.00294814 -0.002825
-0.00291898 -0.0028
-0.00288981 -0.002775
-0.00286064 -0.00275
-0.00283148 -0.002725
-0.00280231 -0.0027
-0.00277314 -0.002675
-0.00274444 -0.00265
-0.00271829 -0.002625
-0.00269214 -0.0026
-0.00266599 -0.002575
-0.00263984 -0.00255
-0.00261369 -0.002525
-0.00258754 -0.0025
-0.00256139 -0.002475
-0.00253524 -0.00245
-0.00250909 -0.002425
-0.00248294 -0.0024
-0.00245679 -0.002375
-0.00243064 -0.00235
-0.00240449 -0.002325
-0.00237834 -0.0023
-0.00235219 -0.002275
-0.00232604 -0.00225
-0.00229989 -0.002225
-0.00227374 -0.0022
-0.00224759 -0.002175
-0.00222144 -0.00215
-0.00219529 -0.002125
-0.00216914 -0.0021
-0.00214299 -0.002075
-0.00211684 -0.00205
-0.00209069 -0.002025
-0.00206454 -0.002
-0.00203839 -0.001975
-0.00201224 -0.00195
-0.00198609 -0.001925
-0.00195994 -0.0019
-0.00193379 -0.001875
-0.00190764 -0.00185
-0.00188149 -0.001825
-0.00185534 -0.0018
-0.00182919 -0.001775
-0.00180304 -0.00175
-0.00177689 -0.001725
-0.00175074 -0.0017
-0.00172459 -0.001675
-0.00169844 -0.00165
-0.00167229 -0.001625
-0.00164614 -0.0016
-0.00161999 -0.001575
-0.00159384 -0.00155
-0.00156769 -0.001525
-0.00154154 -0.0015
-0.00151539 -0.001475
-0.00148924 -0.00145
-0.00146309 -0.001425
-0.00143695 -0.0014
-0.0014108 -0.001375
-0.00138465 -0.00135
-0.0013585 -0.001325
-0.00133235 -0.0013
-0.0013062 -0.001275
-0.00128005 -0.00125
-0.0012539 -0.001225
-0.00122775 -0.0012
-0.0012016 -0.001175
-0.00117545 -0.00115
-0.0011493 -0.001125
-0.00112315 -0.0011
-0.001097 -0.001075
-0.00107085 -0.00105
-0.0010447 -0.001025
-0.00101855 -0.001
-0.000992397 -0.000975
-0.000966247 -0.00095
-0.000940098 -0.000925
-0.000913948 -0.0009
-0.000887798 -0.000875
-0.000861648 -0.00085
-0.000835498 -0.000825
-0.000809348 -0.0008
-0.000783198 -0.000775
-0.000757048 -0.00075
-0.000730899 -0.000725
-0.000704749 -0.0007
-0.000678599 -0.000675
-0.000652449 -0.00065
-0.000626299 -0.000625
-0.000600149 -0.0006
-0.000571374 -0.000575
-0.000542208 -0.00055
-0.000513041 -0.000525
-0.000483874 -0.0005
-0.000454708 -0.000475
-0.000425541 -0.00045
-0.000396374 -0.000425
-0.000367208 -0.0004
-0.000338041 -0.000375
-0.000311689 -0.00035
-0.000292939 -0.000325
-0.000274189 -0.0003
-0.000255439 -0.000275
-0.000236689 -0.00025
-0.000217939 -0.000225
-0.000199189 -0.0002
-0.000175 -0.000175
-0.00015 -0.00015
-0.000125 -0.000125
-0.0001 -0.0001
-7.5e-05 -7.5e-05
-5e-05 -5e-05
-2.5e-05 -2.5e-05
-6.09864e-20 -6.09864e-20
2.5e-05 2.5e-05
5e-05 5e-05
7.5e-05 7.5e-05
0.0001 0.0001
0.000125 0.000125
0.00015 0.00015
0.000175 0.000175
0.0002 0.0002
0.000225 0.000225
0.00025 0.00025
0.000275 0.000275
0.0003 0.0003
0.000325 0.000325
0.00035 0.00035
0.000375 0.000375
0.00035 0.00035
0.000325 0.000325
0.0003 0.0003
0.000275 0.000275
0.00025 0.00025
0.000225 0.000225
0.0002 0.0002
0.000175 0.000175
0.00015 0.00015
0.000125 0.000125
0.0001 0.0001
7.5e-05 7.5e-05
5e-05 5e-05
2.5e-05 2.5e-05
-4.74338e-20 -4.74338e-20
-2.5e-05 -2.5e-05
-5e-05 -5e-05
-7.5e-05 -7.5e-05
-0.0001 -0.0001
-0.000125 -0.000125
-0.00015 -0.00015
-0.000175 -0.000175
-0.0002 -0.0002
-0.000225 -0.000225
-0.00025 -0.00025
-0.000275 -0.000275
-0.0003 -0.0003
-0.000325 -0.000325
-0.00035 -0.00035
-0.000375 -0.000375
-0.0004 -0.0004
-0.000425 -0.000425
-0.00045 -0.00045
-0.000475 -0.000475
-0.0005 -0.0005
-0.000525 -0.000525
-0.00055 -0.00055
-0.000575 -0.000575
-0.000600285 -0.0006
-0.000627484 -0.000625
-0.000654683 -0.00065
-0.000681881 -0.000675
-0.00070908 -0.0007
-0.000736278 -0.000725
-0.000763477 -0.00075
-0.000790676 -0.000775
-0.000817874 -0.0008
-0.000845073 -0.000825
-0.000872272 -0.00085
-0.00089947 -0.000875
-0.000926669 -0.0009
-0.000953867 -0.000925
-0.000981066 -0.00095
-0.00100826 -0.000975
-0.00103546 -0.001
-0.00106266 -0.001025
-0.00108986 -0.00105
-0.00111706 -0.001075
-0.00114426 -0.0011
-0.00117146 -0.001125
-0.00119865 -0.00115
-0.00122585 -0.001175
-0.00125305 -0.0012
-0.00128025 -0.001225
-0.00130745 -0.00125
-0.00133465 -0.001275
-0.00136185 -0.0013
-0.00138905 -0.001325
-0.00141624 -0.00135
-0.00144344 -0.001375
-0.00147064 -0.0014
-0.00149784 -0.001425
-0.00152504 -0.00145
-0.00155224 -0.001475
-0.00157944 -0.0015
-0.00160663 -0.001525
-0.00163383 -0.00155
-0.00166103 -0.001575
-0.00168823 -0.0016
-0.00171543 -0.001625
-0.00174263 -0.00165
-0.00176983 -0.001675
-0.00179702 -0.0017
-0.00182422 -0.001725
-0.00185142 -0.00175
-0.00187862 -0.001775
-0.00190582 -0.0018
-0.00193302 -0.001825
-0.00196022 -0.00185
-0.00198741 -0.001875
-0.00201461 -0.0019
-0.00204181 -0.001925
-0.00206901 -0.00195
-0.00209621 -0.001975
-0.00212341 -0.002
-0.00215061 -0.002025
-0.00217781 -0.00205
-0.002205 -0.002075
-0.0022322 -0.0021
-0.0022594 -0.002125
-0.0022866 -0.00215
-0.0023138 -0.002175
-0.002341 -0.0022
-0.0023682 -0.002225
-0.00239539 -0.00225
-0.00242259 -0.002275
-0.00244979 -0.0023
-0.00247699 -0.002325
-0.00250419 -0.00235
-0.00253139 -0.002375
-0.00255859 -0.0024
-0.00258578 -0.002425
-0.00261298 -0.00245
-0.00264018 -0.002475
-0.00266738 -0.0025
-0.00269458 -0.002525
-0.00272178 -0.00255
-0.00274898 -0.002575
-0.00277617 -0.0026
-0.00280337 -0.002625
-0.00283057 -0.00265
-0.00285777 -0.002675
-0.00288497 -0.0027
-0.00291217 -0.002725
-0.00293937 -0.00275
-0.00296656 -0.002775
-0.00299376 -0.0028
-0.00302096 -0.002825
-0.00304816 -0.00285
-0.00307536 -0.002875
-0.00310256 -0.0029
-0.00312976 -0.002925
-0.00315696 -0.00295
-0.00318415 -0.002975
-0.00321135 -0.003
-0.00323855 -0.003025
-0.00326575 -0.00305
-0.00329295 -0.003075
-0.00332015 -0.0031
-0.00334735 -0.003125
-0.00337454 -0.00315
-0.00340174 -0.003175
-0.00342894 -0.0032
-0.00345614 -0.003225
-0.00348334 -0.00325
-0.00351054 -0.003275
-0.00353774 -0.0033
-0.00356493 -0.003325
-0.00359213 -0.00335
-0.00361933 -0.003375
-0.00364653 -0.0034
-0.00367373 -0.003425
-0.00370093 -0.00345
-0.00372813 -0.003475
-0.00375532 -0.0035
-0.00378252 -0.003525
-0.00380972 -0.00355
-0.00383692 -0.003575
-0.00386412 -0.0036
-0.00389132 -0.003625
-0.00391852 -0.00365
-0.00394572 -0.003675
-0.00397291 -0.0037
-0.00400011 -0.003725
-0.00402731 -0.00375
-0.00405105 -0.003775
-0.00407479 -0.0038
-0.00409853 -0.003825
-0.00412227 -0.00385
-0.00414601 -0.003875
-0.00416975 -0.0039
-0.00419349 -0.003925
-0.00421723 -0.00395
-0.00424097 -0.003975
-0.00426471 -0.004
-0.00428845 -0.004025
-0.00431218 -0.00405
-0.00433592 -0.004075
-0.00435966 -0.0041
-0.0043834 -0.004125
-0.00440714 -0.00415
-0.00443088 -0.004175
-0.00445462 -0.0042
-0.00447836 -0.004225
-0.0045021 -0.00425
-0.00452584 -0.004275
-0.00454958 -0.0043
-0.00457332 -0.004325
-0.00459706 -0.00435
-0.0046208 -0.004375
-0.00464454 -0.0044
-0.00466828 -0.004425
-0.00469202 -0.00445
-0.00471576 -0.004475
-0.0047395 -0.0045
-0.00476324 -0.004525
-0.00478697 -0.00455
-0.00481071 -0.004575
-0.00483445 -0.0046
-0.00485819 -0.004625
-0.00488193 -0.00465
-0.00490567 -0.004675
-0.00492941 -0.0047
-0.00495315 -0.004725
-0.00497689 -0.00475
-0.00500063 -0.004775
-0.00502437 -0.0048
-0.00504811 -0.004825
-0.00507185 -0.00485
-0.00509559 -0.004875
-0.00511933 -0.0049
-0.00514307 -0.004925
-0.00516681 -0.00495
-0.00519055 -0.004975
-0.00521429 -0.005
-0.00518512 -0.004975
-0.00515595 -0.00495
-0.00512679 -0.004925
-0.00509762 -0.0049
-0.00506845 -0.004875
-0.00503929 -0.00485
-0.00501012 -0.004825
-0.00498095 -0.0048
-0.00495179 -0.004775
-0.00492262 -0.00475
-0.00489345 -0.004725
-0.00486429 -0.0047
-0.00483512 -0.004675
-0.00480595 -0.00465
-0.00477679 -0.004625
-0.00474762 -0.0046
-0.00471845 -0.004575
-0.00468929 -0.00455
-0.00466012 -0.004525
-0.00463095 -0.0045
-0.00460179 -0.004475
-0.00457262 -0.00445
-0.00454345 -0.004425
-0.00451429 -0.0044
-0.00448512 -0.004375
-0.00445595 -0.00435
-0.00442679 -0.004325
-0.00439762 -0.0043
-0.00436845 -0.004275
-0.00433929 -0.00425
-0.0043124 -0.004225
-0.00428666 -0.0042
-0.00426092 -0.004175
-0.00423518 -0.00415
-0.00420944 -0.004125
-0.00418371 -0.0041
-0.00415797 -0.004075
-0.00413223 -0.00405
-0.00410649 -0.004025
-0.00408075 -0.004
-0.00405501 -0.003975
-0.00402927 -0.00395
-0.00400353 -0.003925
-0.00397779 -0.0039
-0.00395205 -0.003875
-0.00392632 -0.00385
-0.00390058 -0.003825
-0.00387484 -0.0038
-0.0038491 -0.003775
-0.00382336 -0.00375
-0.00379762 -0.003725
-0.00377188 -0.0037
-0.00374614 -0.003675
-0.0037204 -0.00365
-0.00369466 -0.003625
-0.00366893 -0.0036
-0.00364319 -0.003575
-0.00361745 -0.00355
-0.00359171 -0.003525
-0.00356597 -0.0035
-0.00354023 -0.003475
-0.00351449 -0.00345
-0.00348875 -0.003425
-0.00346301 -0.0034
-0.00343727 -0.003375
-0.00341154 -0.00335
-0.0033858 -0.003325
-0.00336006 -0.0033
-0.00333432 -0.003275
-0.00330858 -0.00325
-0.00328284 -0.003225
-0.0032571 -0.0032
-0.00323136 -0.003175
-0.00320562 -0.00315
-0.00317988 -0.003125
-0.00315415 -0.0031
-0.00312841 -0.003075
-0.00310267 -0.00305
-0.00307693 -0.003025
-0.00305119 -0.003
-0.00302545 -0.002975
-0.00299971 -0.00295
-0.00297397 -0.002925
-0.00294823 -0.0029
-0.00292249 -0.002875
-0.00289676 -0.00285
-0.00287102 -0.002825
-0.00284528 -0.0028
-0.00281954 -0.002775
-0.0027938 -0.00275
-0.00276806 -0.002725
-0.00274232 -0.0027
-0.00271658 -0.002675
-0.00269084 -0.00265
-0.0026651 -0.002625
-0.00263937 -0.0026
-0.00261363 -0.002575
-0.00258789 -0.00255
-0.00256215 -0.002525
-0.00253641 -0.0025
-0.00251067 -0.002475
-0.00248493 -0.00245
-0.00245919 -0.002425
-0.00243345 -0.0024
-0.00240771 -0.002375
-0.00238198 -0.00235
-0.00235624 -0.002325
-0.0023305 -0.0023
-0.00230476 -0.002275
-0.00227902 -0.00225
-0.00225328 -0.002225
-0.00222754 -0.0022
-0.0022018 -0.002175
-0.00217606 -0.00215
-0.00215032 -0.002125
-0.00212459 -0.0021
-0.00209885 -0.002075
-0.00207311 -0.00205
-0.00204737 -0.002025
-0.00202163 -0.002
-0.00199589 -0.001975
-0.00197015 -0.00195
-0.00194441 -0.001925
-0.00191867 -0.0019
-0.00189293 -0.001875
-0.0018672 -0.00185
-0.00184146 -0.001825
-0.00181572 -0.0018
-0.00178998 -0.001775
-0.00176424 -0.00175
-0.0017385 -0.001725
-0.00171276 -0.0017
-0.00168702 -0.001675
-0.00166128 -0.00165
-0.00163554 -0.001625
-0.00160981 -0.0016
-0.00158407 -0.001575
-0.00155833 -0.00155
-0.00153259 -0.001525
-0.00150685 -0.0015
-0.00148111 -0.001475
-0.00145537 -0.00145
-0.00142963 -0.001425
-0.00140389 -0.0014
-0.00137815 -0.001375
-0.00135242 -0.00135
-0.00132668 -0.001325
-0.00130094 -0.0013
-0.0012752 -0.001275
-0.00125 -0.00125
-0.001225 -0.001225
-0.0012 -0.0012
-0.001175 -0.001175
-0.00115 -0.00115
-0.001125 -0.001125
-0.0011 -0.0011
-0.001075 -0.001075
-0.00105 -0.00105
-0.001025 -0.001025
-0.001 -0.001
-0.000975 -0.000975
-0.00095 -0.00095
-0.000925 -0.000925
-0.0009 -0.0009
-0.000875 -0.000875
-0.00085 -0.00085
-0.000825 -0.000825
-0.0008 -0.0008
-0.000775 -0.000775
-0.00075 -0.00075
-0.000725 -0.000725
-0.0007 -0.0007
-0.000675 -0.000675
-0.00065 -0.00065
-0.000625 -0.000625
-0.0006 -0.0006
-0.000575 -0.000575
-0.00055 -0.00055
-0.000525 -0.000525
-0.0005 -0.0005
-0.000475 -0.000475
-0.00045 -0.00045
-0.000425 -0.000425
-0.0004 -0.0004
-0.000375 -0.000375
-0.00035 -0.00035
-0.000325 -0.000325
-0.0003 -0.0003
-0.000275 -0.000275
-0.00025 -0.00025
-0.000225 -0.000225
-0.0002 -0.0002
-0.000175 -0.000175
-0.00015 -0.00015
-0.000125 -0.000125
-0.0001 -0.0001
-7.5e-05 -7.5e-05
-5e-05 -5e-05
-2.5e-05 -2.5e-05
-6.09864e-20 -6.09864e-20
2.5e-05 2.5e-05
5e-05 5e-05
7.5e-05 7.5e-05
0.0001 0.0001
0.000125 0.000125
0.00015 0.00015
0.000175 0.000175
0.0002 0.0002
0.000225 0.000225
0.00025 0.00025
0.000275 0.000275
0.0003 0.0003
0.000325 0.000325
0.00035 0.00035
0.000375 0.000375
0.0004 0.0004
0.000425 0.000425
0.00045 0.00045
0.000475 0.000475
0.0005 0.0005
0.000475 0.000475
0.00045 0.00045
0.000425 0.000425
0.0004 0.0004
0.000375 0.000375
0.00035 0.00035
0.000325 0.000325
0.0003 0.0003
0.000275 0.000275
0.00025 0.00025
0.000225 0.000225
0.0002 0.0002
0.000175 0.000175
0.00015 0.00015
0.000125 0.000125
0.0001 0.0001
7.5e-05 7.5e-05
5e-05 5e-05
2.5e-05 2.5e-05
-4.74338e-20 -4.74338e-20
-2.5e-05 -2.5e-05
-5e-05 -5e-05
-7.5e-05 -7.5e-05
-0.0001 -0.0001
-0.000125 -0.000125
-0.00015 -0.00015
-0.000175 -0.000175
-0.0002 -0.0002
-0.000225 -0.000225
-0.00025 -0.00025
-0.000275 -0.000275
-0.0003 -0.0003
-0.000325 -0.000325
-0.00035 -0.00035
-0.000375 -0.000375
-0.0004 -0.0004
-0.000425 -0.000425
-0.00045 -0.00045
-0.000475 -0.000475
-0.0005 -0.0005
-0.000525 -0.000525
-0.00055 -0.00055
-0.000575 -0.000575
-0.0006 -0.0006
-0.000625 -0.000625
-0.00065 -0.00065
-0.000675 -0.000675
-0.0007 -0.0007
-0.000725 -0.000725
-0.00075 -0.00075
-0.000775 -0.000775
-0.0008 -0.0008
-0.000825 -0.000825
-0.00085 -0.00085
-0.000875 -0.000875
-0.0009 -0.0009
-0.000925 -0.000925
-0.00095 -0.00095
-0.000975 -0.000975
-0.001 -0.001
-0.001025 -0.001025
-0.00105 -0.00105
-0.001075 -0.001075
-0.0011 -0.0011
-0.001125 -0.001125
-0.00115 -0.00115
-0.001175 -0.001175
-0.0012 -0.0012
-0.001225 -0.001225
-0.00125 -0.00125
-0.00127539 -0.001275
-0.00130182 -0.0013
-0.00132826 -0.001325
-0.00135469 -0.00135
-0.00138113 -0.001375
-0.00140756 -0.0014
-0.001434 -0.001425
-0.00146043 -0.00145
-0.00148687 -0.001475
-0.00151331 -0.0015
-0.00153974 -0.001525
-0.00156618 -0.00155
-0.00159261 -0.001575
-0.00161905 -0.0016
-0.00164548 -0.001625
-0.00167192 -0.00165
-0.00169835 -0.001675
-0.00172479 -0.0017
-0.00175123 -0.001725
-0.00177766 -0.00175
-0.0018041 -0.001775
-0.00183053 -0.0018
-0.00185697 -0.001825
-0.0018834 -0.00185
-0.00190984 -0.001875
-0.00193627 -0.0019
-0.00196271 -0.001925
-0.00198915 -0.00195
-0.00201558 -0.001975
-0.00204202 -0.002
-0.00206845 -0.002025
-0.00209489 -0.00205
-0.00212132 -0.002075
-0.00214776 -0.0021
-0.00217419 -0.002125
-0.00220063 -0.00215
-0.00222707 -0.002175
-0.0022535 -0.0022
-0.00227994 -0.002225
-0.00230637 -0.00225
-0.00233281 -0.002275
-0.00235924 -0.0023
-0.00238568 -0.002325
-0.00241211 -0.00235
-0.00243855 -0.002375
-0.00246499 -0.0024
-0.00249142 -0.002425
-0.00251786 -0.00245
-0.00254429 -0.002475
-0.00257073 -0.0025
-0.00259716 -0.002525
-0.0026236 -0.00255
-0.00265004 -0.002575
-0.00267647 -0.0026
-0.00270291 -0.002625
-0.00272934 -0.00265
-0.00275578 -0.002675
-0.00278221 -0.0027
-0.00280865 -0.002725
-0.00283508 -0.00275
-0.00286152 -0.002775
-0.00288796 -0.0028
-0.00291439 -0.002825
-0.00294083 -0.00285
-0.00296726 -0.002875
-0.0029937 -0.0029
-0.00302013 -0.002925
-0.00304657 -0.00295
-0.003073 -0.002975
-0.00309944 -0.003
-0.00312588 -0.003025
-0.00315231 -0.00305
-0.00317875 -0.003075
-0.00320518 -0.0031
-0.00323162 -0.003125
-0.00325805 -0.00315
-0.00328449 -0.003175
-0.00331092 -0.0032
-0.00333736 -0.003225
-0.0033638 -0.00325
-0.00339023 -0.003275
-0.00341667 -0.0033
-0.0034431 -0.003325
-0.00346954 -0.00335
-0.00349597 -0.003375
-0.00352241 -0.0034
-0.00354884 -0.003425
-0.00357528 -0.00345
-0.00360172 -0.003475
-0.00362815 -0.0035
-0.00365459 -0.003525
-0.00368102 -0.00355
-0.00370746 -0.003575
-0.00373389 -0.0036
-0.00376033 -0.003625
-0.00378676 -0.00365
-0.0038132 -0.003675
-0.00383964 -0.0037
-0.00386607 -0.003725
-0.00389251 -0.00375
-0.00391894 -0.003775
-0.00394538 -0.0038
-0.00397181 -0.003825
-0.00399825 -0.00385
-0.00402468 -0.003875
-0.00405112 -0.0039
-0.00407756 -0.003925
-0.00410399 -0.00395
-0.00413043 -0.003975
-0.00415686 -0.004
-0.0041833 -0.004025
-0.00420973 -0.00405
-0.00423617 -0.004075
-0.00426261 -0.0041
-0.00428904 -0.004125
-0.00431548 -0.00415
-0.00434191 -0.004175
-0.00436835 -0.0042
-0.00439478 -0.004225
-0.00442122 -0.00425
-0.00444765 -0.004275
-0.00447409 -0.0043
-0.00450053 -0.004325
-0.00452696 -0.00435
-0.0045534 -0.004375
-0.00457983 -0.0044
-0.00460627 -0.004425
-0.0046327 -0.00445
-0.00465914 -0.004475
-0.00468557 -0.0045
-0.00471201 -0.004525
-0.00473845 -0.00455
-0.00476488 -0.004575
-0.00479132 -0.0046
-0.00481775 -0.004625
-0.00484419 -0.00465
-0.00487062 -0.004675
-0.00489706 -0.0047
-0.00492349 -0.004725
-0.00494993 -0.00475
-0.00497637 -0.004775
-0.0050028 -0.0048
-0.00502924 -0.004825
-0.00505567 -0.00485
-0.00508211 -0.004875
-0.00510854 -0.0049
-0.00513498 -0.004925
-0.00516141 -0.00495
-0.00518785 -0.004975
-0.00521429 -0.005
-0.00523803 -0.005025
-0.00526176 -0.00505
-0.0052855 -0.005075
-0.00530924 -0.0051
-0.00533298 -0.005125
-0.00535672 -0.00515
-0.00538046 -0.005175
-0.0054042 -0.0052
-0.00542794 -0.005225
-0.00545168 -0.00525
-0.00547542 -0.005275
-0.00549916 -0.0053
-0.0055229 -0.005325
-0.00554664 -0.00535
-0.00557038 -0.005375
-0.00559412 -0.0054
-0.00561786 -0.005425
-0.0056416 -0.00545
-0.00566534 -0.005475
-0.00568908 -0.0055
-0.00571282 -0.005525
-0.00573655 -0.00555
-0.00576029 -0.005575
-0.00578403 -0.0056
-0.00580777 -0.005625
-0.00583151 -0.00565
-0.00585525 -0.005675
-0.00587899 -0.0057
-0.00590273 -0.005725
-0.00592647 -0.00575
-0.00595021 -0.005775
-0.00597395 -0.0058
-0.00599769 -0.005825
-0.00602143 -0.00585
-0.00604517 -0.005875
-0.00606891 -0.0059
-0.00609265 -0.005925
-0.00611639 -0.00595
-0.00614013 -0.005975
-0.00616387 -0.006
-0.00618761 -0.006025
-0.00621134 -0.00605
-0.00623508 -0.006075
-0.00625882 -0.0061
-0.00628256 -0.006125
-0.0063063 -0.00615
-0.00633004 -0.006175
-0.00635378 -0.0062
-0.00637752 -0.006225
-0.00640126 -0.00625
-0.00637209 -0.006225
-0.00634293 -0.0062
-0.00631376 -0.006175
-0.00628459 -0.00615
-0.00625543 -0.006125
-0.00622626 -0.0061
-0.00619709 -0.006075
-0.00616793 -0.00605
-0.00613876 -0.006025
-0.00610959 -0.006
-0.00608043 -0.005975
-0.00605126 -0.00595
-0.00602209 -0.005925
-0.00599293 -0.0059
-0.00596376 -0.005875
-0.00593459 -0.00585
-0.00590543 -0.005825
-0.00587626 -0.0058
-0.00584709 -0.005775
-0.00581793 -0.00575
-0.00579194 -0.005725
-0.00576646 -0.0057
-0.00574098 -0.005675
-0.00571549 -0.00565
-0.00569001 -0.005625
-0.00566453 -0.0056
-0.00563904 -0.005575
-0.00561356 -0.00555
-0.00558808 -0.005525
-0.00556259 -0.0055
-0.00553711 -0.005475
-0.00551163 -0.00545
-0.00548614 -0.005425
-0.00546066 -0.0054
-0.00543518 -0.005375
-0.00540969 -0.00535
-0.00538421 -0.005325
-0.00535873 -0.0053
-0.00533324 -0.005275
-0.00530776 -0.00525
-0.00528228 -0.005225
-0.00525679 -0.0052
-0.00523131 -0.005175
-0.00520583 -0.00515
-0.00518034 -0.005125
-0.00515486 -0.0051
-0.00512938 -0.005075
-0.00510389 -0.00505
-0.00507841 -0.005025
-0.00505293 -0.005
-0.00502744 -0.004975
-0.00500196 -0.00495
-0.00497648 -0.004925
-0.00495099 -0.0049
-0.00492551 -0.004875
-0.00490003 -0.00485
-0.00487454 -0.004825
-0.00484906 -0.0048
-0.00482358 -0.004775
-0.00479809 -0.00475
-0.00477261 -0.004725
-0.00474713 -0.0047
-0.00472164 -0.004675
-0.00469616 -0.00465
-0.00467068 -0.004625
-0.00464519 -0.0046
-0.00461971 -0.004575
-0.00459423 -0.00455
-0.00456874 -0.004525
-0.00454326 -0.0045
-0.00451778 -0.004475
-0.00449229 -0.00445
-0.00446681 -0.004425
-0.00444133 -0.0044
-0.00441584 -0.004375
-0.00439036 -0.00435
-0.00436488 -0.004325
-0.00433939 -0.0043
-0.00431391 -0.004275
-0.00428843 -0.00425
-0.00426294 -0.004225
-0.00423746 -0.0042
-0.00421198 -0.004175
-0.00418649 -0.00415
-0.00416101 -0.004125
-0.00413553 -0.0041
-0.00411004 -0.004075
-0.00408456 -0.00405
-0.00405908 -0.004025
-0.00403359 -0.004
-0.00400811 -0.003975
-0.00398263 -0.00395
-0.00395714 -0.003925
-0.00393166 -0.0039
-0.00390618 -0.003875
-0.00388069 -0.00385
-0.00385521 -0.003825
-0.00382973 -0.0038
-0.00380424 -0.003775
-0.00377876 -0.00375
-0.00375328 -0.003725
-0.00372779 -0.0037
-0.00370231 -0.003675
-0.00367683 -0.00365
-0.00365134 -0.003625
-0.00362586 -0.0036
-0.00360038 -0.003575
-0.00357489 -0.00355
-0.00354941 -0.003525
-0.00352393 -0.0035
-0.00349844 -0.003475
-0.00347296 -0.00345
-0.00344748 -0.003425
-0.00342199 -0.0034
-0.00339651 -0.003375
-0.00337103 -0.00335
-0.00334554 -0.003325
-0.00332006 -0.0033
-0.00329458 -0.003275
-0.00326909 -0.00325
-0.00324361 -0.003225
-0.00321813 -0.0032
-0.00319264 -0.003175
-0.00316716 -0.00315
-0.00314168 -0.003125
-0.00311619 -0.0031
-0.00309071 -0.003075
-0.00306523 -0.00305
-0.00303974 -0.003025
-0.00301426 -0.003
-0.00298878 -0.002975
-0.00296329 -0.00295
-0.00293781 -0.002925
-0.00291233 -0.0029
-0.00288684 -0.002875
-0.00286136 -0.00285
-0.00283588 -0.002825
-0.00281039 -0.0028
-0.00278491 -0.002775
-0.00275943 -0.00275
-0.00273394 -0.002725
-0.00270846 -0.0027
-0.00268298 -0.002675
-0.00265749 -0.00265
-0.00263201 -0.002625
-0.00260653 -0.0026
-0.00258104 -0.002575
-0.00255556 -0.00255
-0.00253008 -0.002525
-0.00250459 -0.0025
-0.00247911 -0.002475
-0.00245363 -0.00245
-0.00242814 -0.002425
-0.00240266 -0.0024
-0.00237718 -0.002375
-0.00235169 -0.00235
-0.00232621 -0.002325
-0.00230073 -0.0023
-0.00227524 -0.002275
-0.00225 -0.00225
-0.002225 -0.002225
-0.0022 -0.0022
-0.002175 -0.002175
-0.00215 -0.00215
-0.002125 -0.002125
-0.0021 -0.0021
-0.002075 -0.002075
-0.00205 -0.00205
-0.002025 -0.002025
-0.002 -0.002
-0.001975 -0.001975
-0.00195 -0.00195
-0.001925 -0.001925
-0.0019 -0.0019
-0.001875 -0.001875
-0.00185 -0.00185
-0.001825 -0.001825
-0.0018 -0.0018
-0.001775 -0.001775
-0.00175 -0.00175
-0.001725 -0.001725
-0.0017 -0.0017
-0.001675 -0.001675
-0.00165 -0.00165
-0.001625 -0.001625
-0.0016 -0.0016
-0.001575 -0.001575
-0.00155 -0.00155
-0.001525 -0.001525
-0.0015 -0.0015
-0.001475 -0.001475
-0.00145 -0.00145
-0.001425 -0.001425
-0.0014 -0.0014
-0.001375 -0.001375
-0.00135 -0.00135
-0.001325 -0.001325
-0.0013 -0.0013
-0.001275 -0.001275
-0.00125 -0.00125
-0.001225 -0.001225
-0.0012 -0.0012
-0.001175 -0.001175
-0.00115 -0.00115
-0.001125 -0.001125
-0.0011 -0.0011
-0.001075 -0.001075
-0.00105 -0.00105
-0.001025 -0.001025
-0.001 -0.001
-0.000975 -0.000975
-0.00095 -0.00095
-0.000925 -0.000925
-0.0009 -0.0009
-0.000875 -0.000875
-0.00085 -0.00085
-0.000825 -0.000825
-0.0008 -0.0008
-0.000775 -0.000775
-0.00075 -0.00075
-0.000725 -0.000725
-0.0007 -0.0007
-0.000675 -0.000675
-0.00065 -0.00065
-0.000625 -0.000625
-0.0006 -0.0006
-0.000575 -0.000575
-0.00055 -0.00055
-0.000525 -0.000525
-0.0005 -0.0005
-0.000475 -0.000475
-0.00045 -0.00045
-0.000425 -0.000425
-0.0004 -0.0004
-0.000375 -0.000375
-0.00035 -0.00035
-0.000325 -0.000325
-0.0003 -0.0003
-0.000275 -0.000275
-0.00025 -0.00025
-0.000225 -0.000225
-0.0002 -0.0002
-0.000175 -0.000175
-0.00015 -0.00015
-0.000125 -0.000125
-0.0001 -0.0001
-7.5e-05 -7.5e-05
-5e-05 -5e-05
-2.5e-05 -2.5e-05
-6.09864e-20 -6.09864e-20
2.5e-05 2.5e-05
5e-05 5e-05
7.5e-05 7.5e-05
0.0001 0.0001
0.000125 0.000125
0.00015 0.00015
0.000175 0.000175
0.0002 0.0002
0.000225 0.000225
0.00025 0.00025
0.000275 0.000275
0.0003 0.0003
0.000325 0.000325
0.00035 0.00035
0.000375 0.000375
0.0004 0.0004
0.000425 0.000425
0.00045 0.00045
0.000475 0.000475
0.0005 0.0005
0.000525 0.000525
0.00055 0.00055
0.000575 0.000575
0.0006 0.0006
0.000625 0.000625
0.0006 0.0006
0.000575 0.000575
0.00055 0.00055
0.000525 0.000525
0.0005 0.0005
0.000475 0.000475
0.00045 0.00045
0.000425 0.000425
0.0004 0.0004
0.000375 0.000375
0.00035 0.00035
0.000325 0.000325
0.0003 0.0003
0.000275 0.000275
0.00025 0.00025
0.000225 0.000225
0.0002 0.0002
0.000175 0.000175
0.00015 0.00015
0.000125 0.000125
0.0001 0.0001
7.5e-05 7.5e-05
5e-05 5e-05
2.5e-05 2.5e-05
-4.74338e-20 -4.74338e-20
-2.5e-05 -2.5e-05
-5e-05 -5e-05
-7.5e-05 -7.5e-05
-0.0001 -0.0001
-0.000125 -0.000125
-0.00015 -0.00015
-0.000175 -0.000175
-0.0002 -0.0002
-0.000225 -0.000225
-0.00025 -0.00025
-0.000275 -0.000275
-0.0003 -0.0003
-0.000325 -0.000325
-0.00035 -0.00035
-0.000375 -0.000375
-0.0004 -0.0004
-0.000425 -0.000425
-0.00045 -0.00045
-0.000475 -0.000475
-0.0005 -0.0005
-0.000525 -0.000525
-0.00055 -0.00055
-0.000575 -0.000575
-0.0006 -0.0006
-0.000625 -0.000625
-0.00065 -0.00065
-0.000675 -0.000675
-0.0007 -0.0007
-0.000725 -0.000725
-0.00075 -0.00075
-0.000775 -0.000775
-0.0008 -0.0008
-0.000825 -0.000825
-0.00085 -0.00085
-0.000875 -0.000875
-0.0009 -0.0009
-0.000925 -0.000925
-0.00095 -0.00095
-0.000975 -0.000975
-0.001 -0.001
-0.001025 -0.001025
-0.00105 -0.00105
-0.001075 -0.001075
-0.0011 -0.0011
-0.001125 -0.001125
-0.00115 -0.00115
-0.001175 -0.001175
-0.0012 -0.0012
-0.001225 -0.001225
-0.00125 -0.00125
-0.001275 -0.001275
-0.0013 -0.0013
-0.001325 -0.001325
-0.00135 -0.00135
-0.001375 -0.001375
-0.0014 -0.0014
-0.001425 -0.001425
-0.00145 -0.00145
-0.001475 -0.001475
-0.0015 -0.0015
-0.001525 -0.001525
-0.00155 -0.00155
-0.001575 -0.001575
-0.0016 -0.0016
-0.001625 -0.001625
-0.00165 -0.00165
-0.001675 -0.001675
-0.0017 -0.0017
-0.001725 -0.001725
-0.00175 -0.00175
-0.001775 -0.001775
-0.0018 -0.0018
-0.001825 -0.001825
-0.00185 -0.00185
-0.001875 -0.001875
-0.0019 -0.0019
-0.001925 -0.001925
-0.00195 -0.00195
-0.001975 -0.001975
-0.002 -0.002
-0.002025 -0.002025
-0.00205 -0.00205
-0.002075 -0.002075
-0.0021 -0.0021
-0.002125 -0.002125
-0.00215 -0.00215
-0.002175 -0.002175
-0.0022 -0.0022
-0.002225 -0.002225
-0.00225 -0.00225
-0.00227548 -0.002275
-0.00230142 -0.0023
-0.00232737 -0.002325
-0.00235332 -0.00235
-0.00237927 -0.002375
-0.00240522 -0.0024
-0.00243117 -0.002425
-0.00245711 -0.00245
-0.00248306 -0.002475
-0.00250901 -0.0025
-0.00253496 -0.002525
-0.00256091 -0.00255
-0.00258686 -0.002575
-0.0026128 -0.0026
-0.00263875 -0.002625
-0.0026647 -0.00265
-0.00269065 -0.002675
-0.0027166 -0.0027
-0.00274255 -0.002725
-0.00276849 -0.00275
-0.00279444 -0.002775
-0.00282039 -0.0028
-0.00284634 -0.002825
-0.00287229 -0.00285
-0.00289824 -0.002875
-0.00292418 -0.0029
-0.00295013 -0.002925
-0.00297608 -0.00295
-0.00300203 -0.002975
-0.00302798 -0.003
-0.00305393 -0.003025
-0.00307987 -0.00305
-0.00310582 -0.003075
-0.00313177 -0.0031
-0.00315772 -0.003125
-0.00318367 -0.00315
-0.00320962 -0.003175
-0.00323556 -0.0032
-0.00326151 -0.003225
-0.00328746 -0.00325
-0.00331341 -0.003275
-0.00333936 -0.0033
-0.00336531 -0.003325
-0.00339125 -0.00335
-0.0034172 -0.003375
-0.00344315 -0.0034
-0.0034691 -0.003425
-0.00349505 -0.00345
-0.003521 -0.003475
-0.00354694 -0.0035
-0.00357289 -0.003525
-0.00359884 -0.00355
-0.00362479 -0.003575
-0.00365074 -0.0036
-0.00367669 -0.003625
-0.00370263 -0.00365
-0.00372858 -0.003675
-0.00375453 -0.0037
-0.00378048 -0.003725
-0.00380643 -0.00375
-0.00383238 -0.003775
-0.00385832 -0.0038
-0.00388427 -0.003825
-0.00391022 -0.00385
-0.00393617 -0.003875
-0.00396212 -0.0039
-0.00398807 -0.003925
-0.00401401 -0.00395
-0.00403996 -0.003975
-0.00406591 -0.004
-0.00409186 -0.004025
-0.00411781 -0.00405
-0.00414376 -0.004075
-0.0041697 -0.0041
-0.00419565 -0.004125
-0.0042216 -0.00415
-0.00424755 -0.004175
-0.0042735 -0.0042
-0.00429945 -0.004225
-0.00432539 -0.00425
-0.00435134 -0.004275
-0.00437729 -0.0043
-0.00440324 -0.004325
-0.00442919 -0.00435
-0.00445514 -0.004375
-0.00448108 -0.0044
-0.00450703 -0.004425
-0.00453298 -0.00445
-0.00455893 -0.004475
-0.00458488 -0.0045
-0.00461083 -0.004525
-0.00463677 -0.00455
-0.00466272 -0.004575
-0.00468867 -0.0046
-0.00471462 -0.004625
-0.00474057 -0.00465
-0.00476652 -0.004675
-0.00479246 -0.0047
-0.00481841 -0.004725
-0.00484436 -0.00475
-0.00487031 -0.004775
-0.00489626 -0.0048
-0.00492221 -0.004825
-0.00494815 -0.00485
-0.0049741 -0.004875
-0.00500005 -0.0049
-0.005026 -0.004925
-0.00505195 -0.00495
-0.0050779 -0.004975
-0.00510384 -0.005
-0.00512979 -0.005025
-0.00515574 -0.00505
-0.00518169 -0.005075
-0.00520764 -0.0051
-0.00523359 -0.005125
-0.00525953 -0.00515
-0.00528548 -0.005175
-0.00531143 -0.0052
-0.00533738 -0.005225
-0.00536333 -0.00525
-0.00538928 -0.005275
-0.00541522 -0.0053
-0.00544117 -0.005325
-0.00546712 -0.00535
-0.00549307 -0.005375
-0.00551902 -0.0054
-0.00554497 -0.005425
-0.00557091 -0.00545
-0.00559686 -0.005475
-0.00562281 -0.0055
-0.00564876 -0.005525
-0.00567471 -0.00555
-0.00570066 -0.005575
-0.0057266 -0.0056
-0.00575255 -0.005625
-0.0057785 -0.00565
-0.00580445 -0.005675
-0.0058304 -0.0057
-0.00585635 -0.005725
-0.00588229 -0.00575
-0.00590824 -0.005775
-0.00593419 -0.0058
-0.00596014 -0.005825
-0.00598609 -0.00585
-0.00601204 -0.005875
-0.00603798 -0.0059
-0.00606393 -0.005925
-0.00608988 -0.00595
-0.00611583 -0.005975
-0.00614178 -0.006
-0.00616773 -0.006025
-0.00619367 -0.00605
-0.00621962 -0.006075
-0.00624557 -0.0061
-0.00627152 -0.006125
-0.00629747 -0.00615
-0.00632342 -0.006175
-0.00634936 -0.0062
-0.00637531 -0.006225
-0.00640126 -0.00625
-0.006425 -0.006275
-0.00644874 -0.0063
-0.00647248 -0.006325
-0.00649622 -0.00635
-0.00651996 -0.006375
-0.0065437 -0.0064
-0.00656744 -0.006425
-0.00659118 -0.00645
-0.00661492 -0.006475
-0.00663866 -0.0065
-0.00666239 -0.006525
-0.00668613 -0.00655
-0.00670987 -0.006575
-0.00673361 -0.0066
-0.00675735 -0.006625
-0.00678109 -0.00665
-0.00680483 -0.006675
-0.00682857 -0.0067
-0.00685231 -0.006725
-0.00687605 -0.00675
-0.00689979 -0.006775
-0.00692353 -0.0068
-0.00694727 -0.006825
-0.00697101 -0.00685
-0.00699475 -0.006875
-0.00701849 -0.0069
-0.00704223 -0.006925
-0.00706597 -0.00695
-0.00708971 -0.006975
-0.00711345 -0.007
-0.00713718 -0.007025
-0.00716092 -0.00705
-0.00718466 -0.007075
-0.0072084 -0.0071
-0.00723214 -0.007125
-0.00725588 -0.00715
-0.00727962 -0.007175
-0.00730336 -0.0072
-0.0073271 -0.007225
-0.00735084 -0.00725
-0.00737458 -0.007275
-0.00739832 -0.0073
-0.00742206 -0.007325
-0.0074458 -0.00735
-0.00746954 -0.007375
-0.00749328 -0.0074
-0.00751702 -0.007425
-0.00754076 -0.00745
-0.0075645 -0.007475
-0.00758824 -0.0075
-0.00755907 -0.007475
-0.0075299 -0.00745
-0.00750074 -0.007425
-0.00747157 -0.0074
-0.0074424 -0.007375
-0.00741324 -0.00735
-0.00738407 -0.007325
-0.0073549 -0.0073
-0.00732574 -0.007275
-0.00729657 -0.00725
-0.0072674 -0.007225
-0.00724096 -0.0072
-0.00721565 -0.007175
-0.00719034 -0.00715
-0.00716503 -0.007125
-0.00713972 -0.0071
-0.00711441 -0.007075
-0.0070891 -0.00705
-0.00706379 -0.007025
-0.00703848 -0.007
-0.00701318 -0.006975
-0.00698787 -0.00695
-0.00696256 -0.006925
-0.00693725 -0.0069
-0.00691194 -0.006875
-0.00688663 -0.00685
-0.00686132 -0.006825
-0.00683601 -0.0068
-0.0068107 -0.006775
-0.0067854 -0.00675
-0.00676009 -0.006725
-0.00673478 -0.0067
-0.00670947 -0.006675
-0.00668416 -0.00665
-0.00665885 -0.006625
-0.00663354 -0.0066
-0.00660823 -0.006575
-0.00658292 -0.00655
-0.00655762 -0.006525
-0.00653231 -0.0065
-0.006507 -0.006475
-0.00648169 -0.00645
-0.00645638 -0.006425
-0.00643107 -0.0064
-0.00640576 -0.006375
-0.00638045 -0.00635
-0.00635514 -0.006325
-0.00632984 -0.0063
-0.00630453 -0.006275
-0.00627922 -0.00625
-0.00625391 -0.006225
-0.0062286 -0.0062
-0.00620329 -0.006175
-0.00617798 -0.00615
-0.00615267 -0.006125
-0.00612736 -0.0061
-0.00610206 -0.006075
-0.00607675 -0.00605
-0.00605144 -0.006025
-0.00602613 -0.006
-0.00600082 -0.005975
-0.00597551 -0.00595
-0.0059502 -0.005925
-0.00592489 -0.0059
-0.00589958 -0.005875
-0.00587428 -0.00585
-0.00584897 -0.005825
-0.00582366 -0.0058
-0.00579835 -0.005775
-0.00577304 -0.00575
-0.00574773 -0.005725
-0.00572242 -0.0057
-0.00569711 -0.005675
-0.0056718 -0.00565
-0.0056465 -0.005625
-0.00562119 -0.0056
-0.00559588 -0.005575
-0.00557057 -0.00555
-0.00554526 -0.005525
-0.00551995 -0.0055
-0.00549464 -0.005475
-0.00546933 -0.00545
-0.00544402 -0.005425
-0.00541872 -0.0054
-0.00539341 -0.005375
-0.0053681 -0.00535
-0.00534279 -0.005325
-0.00531748 -0.0053
-0.00529217 -0.005275
-0.00526686 -0.00525
-0.00524155 -0.005225
-0.00521624 -0.0052
-0.00519094 -0.005175
-0.00516563 -0.00515
-0.00514032 -0.005125
-0.00511501 -0.0051
-0.0050897 -0.005075
-0.00506439 -0.00505
-0.00503908 -0.005025
-0.00501377 -0.005
-0.00498846 -0.004975
-0.00496316 -0.00495
-0.00493785 -0.004925
-0.00491254 -0.0049
-0.00488723 -0.004875
-0.00486192 -0.00485
-0.00483661 -0.004825
-0.0048113 -0.0048
-0.00478599 -0.004775
-0.00476068 -0.00475
-0.00473538 -0.004725
-0.00471007 -0.0047
-0.00468476 -0.004675
-0.00465945 -0.00465
-0.00463414 -0.004625
-0.00460883 -0.0046
-0.00458352 -0.004575
-0.00455821 -0.00455
-0.0045329 -0.004525
-0.0045076 -0.0045
-0.00448229 -0.004475
-0.00445698 -0.00445
-0.00443167 -0.004425
-0.00440636 -0.0044
-0.00438105 -0.004375
-0.00435574 -0.00435
-0.00433043 -0.004325
-0.00430512 -0.0043
-0.00427982 -0.004275
-0.00425451 -0.00425
-0.0042292 -0.004225
-0.00420389 -0.0042
-0.00417858 -0.004175
-0.00415327 -0.00415
-0.00412796 -0.004125
-0.00410265 -0.0041
-0.00407734 -0.004075
-0.00405204 -0.00405
-0.00402673 -0.004025
-0.00400142 -0.004
-0.00397611 -0.003975
-0.0039508 -0.00395
-0.00392549 -0.003925
-0.00390018 -0.0039
-0.003875 -0.003875
-0.00385 -0.00385
-0.003825 -0.003825
-0.0038 -0.0038
-0.003775 -0.003775
-0.00375 -0.00375
-0.003725 -0.003725
-0.0037 -0.0037
-0.003675 -0.003675
-0.00365 -0.00365
-0.003625 -0.003625
-0.0036 -0.0036
-0.003575 -0.003575
-0.00355 -0.00355
-0.003525 -0.003525
-0.0035 -0.0035
-0.003475 -0.003475
-0.00345 -0.00345
-0.003425 -0.003425
-0.0034 -0.0034
-0.003375 -0.003375
-0.00335 -0.00335
-0.003325 -0.003325
-0.0033 -0.0033
-0.003275 -0.003275
-0.00325 -0.00325
-0.003225 -0.003225
-0.0032 -0.0032
-0.003175 -0.003175
-0.00315 -0.00315
-0.003125 -0.003125
-0.0031 -0.0031
-0.003075 -0.003075
-0.00305 -0.00305
-0.003025 -0.003025
-0.003 -0.003
-0.002975 -0.002975
-0.00295 -0.00295
-0.002925 -0.002925
-0.0029 -0.0029
-0.002875 -0.002875
-0.00285 -0.00285
-0.002825 -0.002825
-0.0028 -0.0028
-0.002775 -0.002775
-0.00275 -0.00275
-0.002725 -0.002725
-0.0027 -0.0027
-0.002675 -0.002675
-0.00265 -0.00265
-0.002625 -0.002625
-0.0026 -0.0026
-0.002575 -0.002575
-0.00255 -0.00255
-0.002525 -0.002525
-0.0025 -0.0025
-0.002475 -0.002475
-0.00245 -0.00245
-0.002425 -0.002425
-0.0024 -0.0024
-0.002375 -0.002375
-0.00235 -0.00235
-0.002325 -0.002325
-0.0023 -0.0023
-0.002275 -0.002275
-0.00225 -0.00225
-0.002225 -0.002225
-0.0022 -0.0022
-0.002175 -0.002175
-0.00215 -0.00215
-0.002125 -0.002125
-0.0021 -0.0021
-0.002075 -0.002075
-0.00205 -0.00205
-0.002025 -0.002025
-0.002 -0.002
-0.001975 -0.001975
-0.00195 -0.00195
-0.001925 -0.001925
-0.0019 -0.0019
-0.001875 -0.001875
-0.00185 -0.00185
-0.001825 -0.001825
-0.0018 -0.0018
-0.001775 -0.001775
-0.00175 -0.00175
-0.001725 -0.001725
-0.0017 -0.0017
-0.001675 -0.001675
-0.00165 -0.00165
-0.001625 -0.001625
-0.0016 -0.0016
-0.001575 -0.001575
-0.00155 -0.00155
-0.001525 -0.001525
-0.0015 -0.0015
-0.001475 -0.001475
-0.00145 -0.00145
-0.001425 -0.001425
-0.0014 -0.0014
-0.001375 -0.001375
-0.00135 -0.00135
-0.001325 -0.001325
-0.0013 -0.0013
-0.001275 -0.001275
-0.00125 -0.00125
-0.001225 -0.001225
-0.0012 -0.0012
-0.001175 -0.001175
-0.00115 -0.00115
-0.001125 -0.001125
-0.0011 -0.0011
-0.001075 -0.001075
-0.00105 -0.00105
-0.001025 -0.001025
-0.001 -0.001
-0.000975 -0.000975
-0.00095 -0.00095
-0.000925 -0.000925
-0.0009 -0.0009
-0.000875 -0.000875
-0.00085 -0.00085
-0.000825 -0.000825
-0.0008 -0.0008
-0.000775 -0.000775
-0.00075 -0.00075
-0.000725 -0.000725
-0.0007 -0.0007
-0.000675 -0.000675
-0.00065 -0.00065
-0.000625 -0.000625
-0.0006 -0.0006
-0.000575 -0.000575
-0.00055 -0.00055
-0.000525 -0.000525
-0.0005 -0.0005
-0.000475 -0.000475
-0.00045 -0.00045
-0.000425 -0.000425
-0.0004 -0.0004
-0.000375 -0.000375
-0.00035 -0.00035
-0.000325 -0.000325
-0.0003 -0.0003
-0.000275 -0.000275
-0.00025 -0.00025
-0.000225 -0.000225
-0.0002 -0.0002
-0.000175 -0.000175
-0.00015 -0.00015
-0.000125 -0.000125
-0.0001 -0.0001
-7.5e-05 -7.5e-05
-5e-05 -5e-05
-2.5e-05 -2.5e-05
-6.09864e-20 -6.09864e-20
2.5e-05 2.5e-05
5e-05 5e-05
7.5e-05 7.5e-05
0.0001 0.0001
0.000125 0.000125
0.00015 0.00015
0.000175 0.000175
0.0002 0.0002
0.000225 0.000225
0.00025 0.00025
0.000275 0.000275
0.0003 0.0003
0.000325 0.000325
0.00035 0.00035
0.000375 0.000375
0.0004 0.0004
0.000425 0.000425
0.00045 0.00045
0.000475 0.000475
0.0005 0.0005
0.000525 0.000525
0.00055 0.00055
0.000575 0.000575
0.0006 0.0006
0.000625 0.000625
0.00065 0.00065
0.000675 0.000675
0.0007 0.0007
0.000725 0.000725
0.00075 0.00075
0.000725 0.000725
0.0007 0.0007
0.000675 0.000675
0.00065 0.00065
0.000625 0.000625
0.0006 0.0006
0.000575 0.000575
0.00055 0.00055
0.000525 0.000525
0.0005 0.0005
0.000475 0.000475
0.00045 0.00045
0.000425 0.000425
0.0004 0.0004
0.000375 0.000375
0.00035 0.00035
0.000325 0.000325
0.0003 0.0003
0.000275 0.000275
0.00025 0.00025
0.000225 0.000225
0.0002 0.0002
0.000175 0.000175
0.00015 0.00015
0.000125 0.000125
0.0001 0.0001
7.5e-05 7.5e-05
5e-05 5e-05
2.5e-05 2.5e-05
-4.74338e-20 -4.74338e-20
-2.5e-05 -2.5e-05
-5e-05 -5e-05
-7.5e-05 -7.5e-05
-0.0001 -0.0001
-0.000125 -0.000125
-0.00015 -0.00015
-0.000175 -0.000175
-0.0002 -0.0002
-0.000225 -0.000225
-0.00025 -0.00025
-0.000275 -0.000275
-0.0003 -0.0003
-0.000325 -0.000325
-0.00035 -0.00035
-0.000375 -0.000375
-0.0004 -0.0004
-0.000425 -0.000425
-0.00045 -0.00045
-0.000475 -0.000475
-0.0005 -0.0005
-0.000525 -0.000525
-0.00055 -0.00055
-0.000575 -0.000575
-0.0006 -0.0006
-0.000625 -0.000625
-0.00065 -0.00065
-0.000675 -0.000675
-0.0007 -0.0007
-0.000725 -0.000725
-0.00075 -0.00075
-0.000775 -0.000775
-0.0008 -0.0008
-0.000825 -0.000825
-0.00085 -0.00085
-0.000875 -0.000875
-0.0009 -0.0009
-0.000925 -0.000925
-0.00095 -0.00095
-0.000975 -0.000975
-0.001 -0.001
-0.001025 -0.001025
-0.00105 -0.00105
-0.001075 -0.001075
-0.0011 -0.0011
-0.001125 -0.001125
-0.00115 -0.00115
-0.001175 -0.001175
-0.0012 -0.0012
-0.001225 -0.001225
-0.00125 -0.00125
-0.001275 -0.001275
-0.0013 -0.0013
-0.001325 -0.001325
-0.00135 -0.00135
-0.001375 -0.001375
-0.0014 -0.0014
-0.001425 -0.001425
-0.00145 -0.00145
-0.001475 -0.001475
-0.0015 -0.0015
-0.001525 -0.001525
-0.00155 -0.00155
-0.001575 -0.001575
-0.0016 -0.0016
-0.001625 -0.001625
-0.00165 -0.00165
-0.001675 -0.001675
-0.0017 -0.0017
-0.001725 -0.001725
-0.00175 -0.00175
-0.001775 -0.001775
-0.0018 -0.0018
-0.001825 -0.001825
-0.00185 -0.00185
-0.001875 -0.001875
-0.0019 -0.0019
-0.001925 -0.001925
-0.00195 -0.00195
-0.001975 -0.001975
-0.002 -0.002
-0.002025 -0.002025
-0.00205 -0.00205
-0.002075 -0.002075
-0.0021 -0.0021
-0.002125 -0.002125
-0.00215 -0.00215
-0.002175 -0.002175
-0.0022 -0.0022
-0.002225 -0.002225
-0.00225 -0.00225
-0.002275 -0.002275
-0.0023 -0.0023
-0.002325 -0.002325
-0.00235 -0.00235
-0.002375 -0.002375
-0.0024 -0.0024
-0.002425 -0.002425
-0.00245 -0.00245
-0.002475 -0.002475
-0.0025 -0.0025
-0.002525 -0.002525
-0.00255 -0.00255
-0.002575 -0.002575
-0.0026 -0.0026
-0.002625 -0.002625
-0.00265 -0.00265
-0.002675 -0.002675
-0.0027 -0.0027
-0.002725 -0.002725
-0.00275 -0.00275
-0.002775 -0.002775
-0.0028 -0.0028
-0.002825 -0.002825
-0.00285 -0.00285
-0.002875 -0.002875
-0.0029 -0.0029
-0.002925 -0.002925
-0.00295 -0.00295
-0.002975 -0.002975
-0.003 -0.003
-0.003025 -0.003025
-0.00305 -0.00305
-0.003075 -0.003075
-0.0031 -0.0031
-0.003125 -0.003125
-0.00315 -0.00315
-0.003175 -0.003175
-0.0032 -0.0032
-0.003225 -0.003225
-0.00325 -0.00325
-0.003275 -0.003275
-0.0033 -0.0033
-0.003325 -0.003325
-0.00335 -0.00335
-0.003375 -0.003375
-0.0034 -0.0034
-0.003425 -0.003425
-0.00345 -0.00345
-0.003475 -0.003475
-0.0035 -0.0035
-0.003525 -0.003525
-0.00355 -0.00355
-0.003575 -0.003575
-0.0036 -0.0036
-0.003625 -0.003625
-0.00365 -0.00365
-0.003675 -0.003675
-0.0037 -0.0037
-0.003725 -0.003725
-0.00375 -0.00375
-0.003775 -0.003775
-0.0038 -0.0038
-0.003825 -0.003825
-0.00385 -0.00385
-0.003875 -0.003875
-0.00390036 -0.0039
-0.00392597 -0.003925
-0.00395158 -0.00395
-0.00397719 -0.003975
-0.0040028 -0.004
-0.00402841 -0.004025
-0.00405402 -0.00405
-0.00407963 -0.004075
-0.00410524 -0.0041
-0.00413085 -0.004125
-0.00415646 -0.00415
-0.00418207 -0.004175
-0.00420768 -0.0042
-0.00423329 -0.004225
-0.0042589 -0.00425
-0.00428451 -0.004275
-0.00431012 -0.0043
-0.00433573 -0.004325
-0.00436134 -0.00435
-0.00438695 -0.004375
-0.00441257 -0.0044
-0.00443818 -0.004425
-0.00446379 -0.00445
-0.0044894 -0.004475
-0.00451501 -0.0045
-0.00454062 -0.004525
-0.00456623 -0.00455
-0.00459184 -0.004575
-0.00461745 -0.0046
-0.00464306 -0.004625
-0.00466867 -0.00465
-0.00469428 -0.004675
-0.00471989 -0.0047
-0.0047455 -0.004725
-0.00477111 -0.00475
-0.00479672 -0.004775
-0.00482233 -0.0048
-0.00484794 -0.004825
-0.00487355 -0.00485
-0.00489916 -0.004875
-0.00492477 -0.0049
-0.00495038 -0.004925
-0.00497599 -0.00495
-0.0050016 -0.004975
-0.00502721 -0.005
-0.00505282 -0.005025
-0.00507843 -0.00505
-0.00510404 -0.005075
-0.00512965 -0.0051
-0.00515526 -0.005125
-0.00518087 -0.00515
-0.00520648 -0.005175
-0.00523209 -0.0052
-0.0052577 -0.005225
-0.00528331 -0.00525
-0.00530892 -0.005275
-0.00533453 -0.0053
-0.00536014 -0.005325
-0.00538575 -0.00535
-0.00541136 -0.005375
-0.00543697 -0.0054
-0.00546259 -0.005425
-0.0054882 -0.00545
-0.00551381 -0.005475
-0.00553942 -0.0055
-0.00556503 -0.005525
-0.00559064 -0.00555
-0.00561625 -0.005575
-0.00564186 -0.0056
-0.00566747 -0.005625
-0.00569308 -0.00565
-0.00571869 -0.005675
-0.0057443 -0.0057
-0.00576991 -0.005725
-0.00579552 -0.00575
-0.00582113 -0.005775
-0.00584674 -0.0058
-0.00587235 -0.005825
-0.00589796 -0.00585
-0.00592357 -0.005875
-0.00594918 -0.0059
-0.00597479 -0.005925
-0.0060004 -0.00595
-0.00602601 -0.005975
-0.00605162 -0.006
-0.00607723 -0.006025
-0.00610284 -0.00605
-0.00612845 -0.006075
-0.00615406 -0.0061
-0.00617967 -0.006125
-0.00620528 -0.00615
-0.00623089 -0.006175
-0.0062565 -0.0062
-0.00628211 -0.006225
-0.00630772 -0.00625
-0.00633333 -0.006275
-0.00635894 -0.0063
-0.00638455 -0.006325
-0.00641016 -0.00635
-0.00643577 -0.006375
-0.00646138 -0.0064
-0.00648699 -0.006425
-0.00651261 -0.00645
-0.00653822 -0.006475
-0.00656383 -0.0065
-0.00658944 -0.006525
-0.00661505 -0.00655
-0.00664066 -0.006575
-0.00666627 -0.0066
-0.00669188 -0.006625
-0.00671749 -0.00665
-0.0067431 -0.006675
-0.00676871 -0.0067
-0.00679432 -0.006725
-0.00681993 -0.00675
-0.00684554 -0.006775
-0.00687115 -0.0068
-0.00689676 -0.006825
-0.00692237 -0.00685
-0.00694798 -0.006875
-0.00697359 -0.0069
-0.0069992 -0.006925
-0.00702481 -0.00695
-0.00705042 -0.006975
-0.00707603 -0.007
-0.00710164 -0.007025
-0.00712725 -0.00705
-0.00715286 -0.007075
-0.00717847 -0.0071
-0.00720408 -0.007125
-0.00722969 -0.00715
-0.0072553 -0.007175
-0.00728091 -0.0072
-0.00730652 -0.007225
-0.00733213 -0.00725
-0.00735774 -0.007275
-0.00738335 -0.0073
-0.00740896 -0.007325
-0.00743457 -0.00735
-0.00746018 -0.007375
-0.00748579 -0.0074
-0.0075114 -0.007425
-0.00753701 -0.00745
-0.00756263 -0.007475
-0.00758824 -0.0075
-0.00761197 -0.007525
-0.00763571 -0.00755
-0.00765945 -0.007575
-0.00768319 -0.0076
-0.00770693 -0.007625
-0.00773067 -0.00765
-0.00775441 -0.007675
-0.00777815 -0.0077
-0.00780189 -0.007725
-0.00782563 -0.00775
-0.00784937 -0.007775
-0.00787311 -0.0078
-0.00789685 -0.007825
-0.00792059 -0.00785
-0.00794433 -0.007875
-0.00796807 -0.0079
-0.00799181 -0.007925
-0.00801555 -0.00795
-0.00803929 -0.007975
-0.00806303 -0.008
-0.00808676 -0.008025
-0.0081105 -0.00805
-0.008135 -0.008075
-0.00816 -0.0081
-0.008185 -0.008125
-0.00821 -0.00815
-0.008235 -0.008175
-0.00826 -0.0082
-0.008285 -0.008225
-0.00831 -0.00825
-0.008335 -0.008275
-0.00836 -0.0083
-0.008385 -0.008325
-0.00841 -0.00835
-0.008435 -0.008375
-0.00846 -0.0084
-0.008485 -0.008425
-0.00851 -0.00845
-0.008535 -0.008475
-0.00856 -0.0085
-0.008585 -0.008525
-0.00861 -0.00855
-0.008635 -0.008575
-0.00866 -0.0086
-0.008685 -0.008625
-0.00871 -0.00865
-0.008735 -0.008675
-0.00876 -0.0087
-0.008785 -0.008725
-0.00881 -0.00875
-0.00878083 -0.008725
-0.00875167 -0.0087
-0.0087225 -0.008675
-0.00869333 -0.00865
-0.00866417 -0.008625
-0.008635 -0.0086
-0.00860583 -0.008575
-0.00857844 -0.00855
-0.00855321 -0.008525
-0.00852798 -0.0085
-0.00850275 -0.008475
-0.00847752 -0.00845
-0.0084523 -0.008425
-0.00842707 -0.0084
-0.00840184 -0.008375
-0.00837661 -0.00835
-0.00835138 -0.008325
-0.00832615 -0.0083
-0.00830092 -0.008275
-0.00827569 -0.00825
-0.00825046 -0.008225
-0.00822523 -0.0082
-0.0082 -0.008175
-0.00817477 -0.00815
-0.00814954 -0.008125
-0.00812432 -0.0081
-0.00809909 -0.008075
-0.00807386 -0.00805
-0.00804863 -0.008025
-0.0080234 -0.008
-0.00799817 -0.007975
-0.00797294 -0.00795
-0.00794771 -0.007925
-0.00792248 -0.0079
-0.00789725 -0.007875
-0.00787202 -0.00785
-0.00784679 -0.007825
-0.00782156 -0.0078
-0.00779634 -0.007775
-0.00777111 -0.00775
-0.00774588 -0.007725
-0.00772065 -0.0077
-0.00769542 -0.007675
-0.00767019 -0.00765
-0.00764496 -0.007625
-0.00761973 -0.0076
-0.0075945 -0.007575
-0.00756927 -0.00755
-0.00754404 -0.007525
-0.00751881 -0.0075
-0.00749358 -0.007475
-0.00746836 -0.00745
-0.00744313 -0.007425
-0.0074179 -0.0074
-0.00739267 -0.007375
-0.00736744 -0.00735
-0.00734221 -0.007325
-0.00731698 -0.0073
-0.00729175 -0.007275
-0.00726652 -0.00725
-0.00724129 -0.007225
-0.00721606 -0.0072
-0.00719083 -0.007175
-0.0071656 -0.00715
-0.00714038 -0.007125
-0.00711515 -0.0071
-0.00708992 -0.007075
-0.00706469 -0.00705
-0.00703946 -0.007025
-0.00701423 -0.007
-0.006989 -0.006975
-0.00696377 -0.00695
-0.00693854 -0.006925
-0.00691331 -0.0069
-0.00688808 -0.006875
-0.00686285 -0.00685
-0.00683763 -0.006825
-0.0068124 -0.0068
-0.00678717 -0.006775
-0.00676194 -0.00675
-0.00673671 -0.006725
-0.00671148 -0.0067
-0.00668625 -0.006675
-0.00666102 -0.00665
-0.00663579 -0.006625
-0.00661056 -0.0066
-0.00658533 -0.006575
-0.0065601 -0.00655
-0.00653487 -0.006525
-0.00650965 -0.0065
-0.00648442 -0.006475
-0.00645919 -0.00645
-0.00643396 -0.006425
-0.00640873 -0.0064
-0.0063835 -0.006375
-0.00635827 -0.00635
-0.00633304 -0.006325
-0.00630781 -0.0063
-0.00628258 -0.006275
-0.00625735 -0.00625
-0.00623212 -0.006225
-0.00620689 -0.0062
-0.00618167 -0.006175
-0.00615644 -0.00615
-0.00613121 -0.006125
-0.00610598 -0.0061
-0.00608075 -0.006075
-0.00605552 -0.00605
-0.00603029 -0.006025
-0.00600506 -0.006
-0.00597983 -0.005975
-0.0059546 -0.00595
-0.00592937 -0.005925
-0.00590414 -0.0059
-0.00587891 -0.005875
-0.00585369 -0.00585
-0.00582846 -0.005825
-0.00580323 -0.0058
-0.005778 -0.005775
-0.00575277 -0.00575
-0.00572754 -0.005725
-0.00570231 -0.0057
-0.00567708 -0.005675
-0.00565185 -0.00565
-0.00562662 -0.005625
-0.00560139 -0.0056
-0.00557616 -0.005575
-0.00555093 -0.00555
-0.00552571 -0.005525
-0.00550048 -0.0055
-0.00547525 -0.005475
-0.00545002 -0.00545
-0.005425 -0.005425
-0.0054 -0.0054
-0.005375 -0.005375
-0.00535 -0.00535
-0.005325 -0.005325
-0.0053 -0.0053
-0.005275 -0.005275
-0.00525 -0.00525
-0.005225 -0.005225
-0.0052 -0.0052
-0.005175 -0.005175
-0.00515 -0.00515
-0.005125 -0.005125
-0.0051 -0.0051
-0.005075 -0.005075
-0.00505 -0.00505
-0.005025 -0.005025
-0.005 -0.005
-0.004975 -0.004975
-0.00495 -0.00495
-0.004925 -0.004925
-0.0049 -0.0049
-0.004875 -0.004875
-0.00485 -0.00485
-0.004825 -0.004825
-0.0048 -0.0048
-0.004775 -0.004775
-0.00475 -0.00475
-0.004725 -0.004725
-0.0047 -0.0047
-0.004675 -0.004675
-0.00465 -0.00465
-0.004625 -0.004625
-0.0046 -0.0046
-0.004575 -0.004575
-0.00455 -0.00455
-0.004525 -0.004525
-0.0045 -0.0045
-0.004475 -0.004475
-0.00445 -0.00445
-0.004425 -0.004425
-0.0044 -0.0044
-0.004375 -0.004375
-0.00435 -0.00435
-0.004325 -0.004325
-0.0043 -0.0043
-0.004275 -0.004275
-0.00425 -0.00425
-0.004225 -0.004225
-0.0042 -0.0042
-0.004175 -0.004175
-0.00415 -0.00415
-0.004125 -0.004125
-0.0041 -0.0041
-0.004075 -0.004075
-0.00405 -0.00405
-0.004025 -0.004025
-0.004 -0.004
-0.003975 -0.003975
-0.00395 -0.00395
-0.003925 -0.003925
-0.0039 -0.0039
-0.003875 -0.003875
-0.00385 -0.00385
-0.003825 -0.003825
-0.0038 -0.0038
-0.003775 -0.003775
-0.00375 -0.00375
-0.003725 -0.003725
-0.0037 -0.0037
-0.003675 -0.003675
-0.00365 -0.00365
-0.003625 -0.003625
-0.0036 -0.0036
-0.003575 -0.003575
-0.00355 -0.00355
-0.003525 -0.003525
-0.0035 -0.0035
-0.003475 -0.003475
-0.00345 -0.00345
-0.003425 -0.003425
-0.0034 -0.0034
-0.003375 -0.003375
-0.00335 -0.00335
-0.003325 -0.003325
-0.0033 -0.0033
-0.003275 -0.003275
-0.00325 -0.00325
-0.003225 -0.003225
-0.0032 -0.0032
-0.003175 -0.003175
-0.00315 -0.00315
-0.003125 -0.003125
-0.0031 -0.0031
-0.003075 -0.003075
-0.00305 -0.00305
-0.003025 -0.003025
-0.003 -0.003
-0.002975 -0.002975
-0.00295 -0.00295
-0.002925 -0.002925
-0.0029 -0.0029
-0.002875 -0.002875
-0.00285 -0.00285
-0.002825 -0.002825
-0.0028 -0.0028
-0.002775 -0.002775
-0.00275 -0.00275
-0.002725 -0.002725
-0.0027 -0.0027
-0.002675 -0.002675
-0.00265 -0.00265
-0.002625 -0.002625
-0.0026 -0.0026
-0.002575 -0.002575
-0.00255 -0.00255
-0.002525 -0.002525
-0.0025 -0.0025
-0.002475 -0.002475
-0.00245 -0.00245
-0.002425 -0.002425
-0.0024 -0.0024
-0.002375 -0.002375
-0.00235 -0.00235
-0.002325 -0.002325
-0.0023 -0.0023
-0.002275 -0.002275
-0.00225 -0.00225
-0.002225 -0.002225
-0.0022 -0.0022
-0.002175 -0.002175
-0.00215 -0.00215
-0.002125 -0.002125
-0.0021 -0.0021
-0.002075 -0.002075
-0.00205 -0.00205
-0.002025 -0.002025
-0.002 -0.002
-0.001975 -0.001975
-0.00195 -0.00195
-0.001925 -0.001925
-0.0019 -0.0019
-0.001875 -0.001875
-0.00185 -0.00185
-0.001825 -0.001825
-0.0018 -0.0018
-0.001775 -0.001775
-0.00175 -0.00175
-0.001725 -0.001725
-0.0017 -0.0017
-0.001675 -0.001675
-0.00165 -0.00165
-0.001625 -0.001625
-0.0016 -0.0016
-0.001575 -0.001575
-0.00155 -0.00155
-0.001525 -0.001525
-0.0015 -0.0015
-0.001475 -0.001475
-0.00145 -0.00145
-0.001425 -0.001425
-0.0014 -0.0014
-0.001375 -0.001375
-0.00135 -0.00135
-0.001325 -0.001325
-0.0013 -0.0013
-0.001275 -0.001275
-0.00125 -0.00125
-0.001225 -0.001225
-0.0012 -0.0012
-0.001175 -0.001175
-0.00115 -0.00115
-0.001125 -0.001125
-0.0011 -0.0011
-0.001075 -0.001075
-0.00105 -0.00105
-0.001025 -0.001025
-0.001 -0.001
-0.000975 -0.000975
-0.00095 -0.00095
-0.000925 -0.000925
-0.0009 -0.0009
-0.000875 -0.000875
-0.00085 -0.00085
-0.000825 -0.000825
-0.0008 -0.0008
-0.000775 -0.000775
-0.00075 -0.00075
-0.000725 -0.000725
-0.0007 -0.0007
-0.000675 -0.000675
-0.00065 -0.00065
-0.000625 -0.000625
-0.0006 -0.0006
-0.000575 -0.000575
-0.00055 -0.00055
-0.000525 -0.000525
-0.0005 -0.0005
-0.000475 -0.000475
-0.00045 -0.00045
-0.000425 -0.000425
-0.0004 -0.0004
-0.000375 -0.000375
-0.00035 -0.00035
-0.000325 -0.000325
-0.0003 -0.0003
-0.000275 -0.000275
-0.00025 -0.00025
-0.000225 -0.000225
-0.0002 -0.0002
-0.000175 -0.000175
-0.00015 -0.00015
-0.000125 -0.000125
-0.0001 -0.0001
-7.5e-05 -7.5e-05
-5e-05 -5e-05
-2.5e-05 -2.5e-05
-9.28348e-19 -9.28348e-19
2.5e-05 2.5e-05
5e-05 5e-05
7.5e-05 7.5e-05
0.0001 0.0001
0.000125 0.000125
0.00015 0.00015
0.000175 0.000175
0.0002 0.0002
0.000225 0.000225
0.00025 0.00025
0.000275 0.000275
0.0003 0.0003
0.000325 0.000325
0.00035 0.00035
0.000375 0.000375
0.0004 0.0004
0.000425 0.000425
0.00045 0.00045
0.000475 0.000475
0.0005 0.0005
0.000525 0.000525
0.00055 0.00055
0.000575 0.000575
0.0006 0.0006
0.000625 0.000625
0.00065 0.00065
0.000675 0.000675
0.0007 0.0007
0.000725 0.000725
0.00075 0.00075
0.000775 0.000775
0.0008 0.0008
0.000825 0.000825
0.00085 0.00085
0.000875 0.000875
0.00085 0.00085
0.000825 0.000825
0.0008 0.0008
0.000775 0.000775
0.00075 0.00075
0.000725 0.000725
0.0007 0.0007
0.000675 0.000675
0.00065 0.00065
0.000625 0.000625
0.0006 0.0006
0.000575 0.000575
0.00055 0.00055
0.000525 0.000525
0.0005 0.0005
0.000475 0.000475
0.00045 0.00045
0.000425 0.000425
0.0004 0.0004
0.000375 0.000375
0.00035 0.00035
0.000325 0.000325
0.0003 0.0003
0.000275 0.000275
0.00025 0.00025
0.000225 0.000225
0.0002 0.0002
0.000175 0.000175
0.00015 0.00015
0.000125 0.000125
0.0001 0.0001
7.5e-05 7.5e-05
5e-05 5e-05
2.5e-05 2.5e-05
-9.14796e-19 -9.14796e-19
