-3.07478e-05 -2.5e-05
-6.14527e-05 -5e-05
-9.21144e-05 -7.5e-05
-0.000122732 -0.0001
-0.000153307 -0.000125
-0.000183837 -0.00015
-0.000214323 -0.000175
-0.000244764 -0.0002
-0.000275159 -0.000225
-0.00030551 -0.00025
-0.000335815 -0.000275
-0.000366074 -0.0003
-0.000396286 -0.000325
-0.000426452 -0.00035
-0.000456571 -0.000375
-0.000486643 -0.0004
-0.000516667 -0.000425
-0.000546643 -0.00045
-0.00057657 -0.000475
-0.000606449 -0.0005
-0.000636279 -0.000525
-0.000666059 -0.00055
-0.00069579 -0.000575
-0.00072547 -0.0006
-0.0007551 -0.000625
-0.00078468 -0.00065
-0.000814207 -0.000675
-0.000843683 -0.0007
-0.000873107 -0.000725
-0.000902479 -0.00075
-0.000931798 -0.000775
-0.000961063 -0.0008
-0.000990275 -0.000825
-0.00101943 -0.00085
-0.00104854 -0.000875
-0.00107758 -0.0009
-0.00110658 -0.000925
-0.00113551 -0.00095
-0.00116439 -0.000975
-0.00119322 -0.001
-0.00122198 -0.001025
-0.00125069 -0.00105
-0.00127934 -0.001075
-0.00130794 -0.0011
-0.00133647 -0.001125
-0.00136494 -0.00115
-0.00139336 -0.001175
-0.00142171 -0.0012
-0.00145 -0.001225
-0.00147823 -0.00125
-0.00144746 -0.001225
-0.00141669 -0.0012
-0.00138592 -0.001175
-0.00135515 -0.00115
-0.00132438 -0.001125
-0.00129361 -0.0011
-0.00126285 -0.001075
-0.00123208 -0.00105
-0.00120131 -0.001025
-0.00117054 -0.001
-0.00113977 -0.000975
-0.001109 -0.00095
-0.00107823 -0.000925
-0.00104746 -0.0009
-0.00101669 -0.000875
-0.000985922 -0.00085
-0.000955153 -0.000825
-0.000924384 -0.0008
-0.000893615 -0.000775
-0.000862845 -0.00075
-0.000832076 -0.000725
-0.000801307 -0.0007
-0.000770538 -0.000675
-0.000739768 -0.00065
-0.000708999 -0.000625
-0.00067823 -0.0006
-0.000647461 -0.000575
-0.000616691 -0.00055
-0.000585922 -0.000525
-0.000555153 -0.0005
-0.000524384 -0.000475
-0.000493615 -0.00045
-0.000462845 -0.000425
-0.000432076 -0.0004
-0.000404122 -0.000375
-0.00037633 -0.00035
-0.000348537 -0.000325
-0.000320745 -0.0003
-0.000292952 -0.000275
-0.00026516 -0.00025
-0.000237367 -0.000225
-0.000209575 -0.0002
-0.000181782 -0.000175
-0.000153989 -0.00015
-0.000126197 -0.000125
-9.67034e-05 -0.0001
-6.59342e-05 -7.5e-05
-3.5165e-05 -5e-05
-4.39575e-06 -2.5e-05
2.63735e-05 -6.09864e-20
5.71427e-05 2.5e-05
8.79119e-05 5e-05
0.000111012 7.5e-05
0.000129762 0.0001
0.000148512 0.000125
0.000121056 0.0001
9.35991e-05 7.5e-05
6.61426e-05 5e-05
3.86861e-05 2.5e-05
1.12296e-05 -4.74338e-20
-1.62269e-05 -2.5e-05
-4.36834e-05 -5e-05
-7.11399e-05 -7.5e-05
-9.85964e-05 -0.0001
-0.000127153 -0.000125
-0.000157177 -0.00015
-0.000187201 -0.000175
-0.000217225 -0.0002
-0.000247249 -0.000225
-0.000277273 -0.00025
-0.000307297 -0.000275
-0.000337321 -0.0003
-0.000367345 -0.000325
-0.000397369 -0.00035
-0.000427393 -0.000375
-0.000457416 -0.0004
-0.00048744 -0.000425
-0.000517464 -0.00045
-0.000547488 -0.000475
-0.000577512 -0.0005
-0.000607536 -0.000525
-0.00063756 -0.00055
-0.000667584 -0.000575
-0.000697608 -0.0006
-0.000727632 -0.000625
-0.000757656 -0.00065
-0.00078768 -0.000675
-0.000817704 -0.0007
-0.000847727 -0.000725
-0.000877751 -0.00075
-0.000907775 -0.000775
-0.000937799 -0.0008
-0.000967823 -0.000825
-0.000997847 -0.00085
-0.00102787 -0.000875
-0.00105789 -0.0009
-0.00108792 -0.000925
-0.00111794 -0.00095
-0.00114797 -0.000975
-0.00117799 -0.001
-0.00120801 -0.001025
-0.00123804 -0.00105
-0.00126806 -0.001075
-0.00129809 -0.0011
-0.00132811 -0.001125
-0.00135813 -0.00115
-0.00138816 -0.001175
-0.00141818 -0.0012
-0.00144821 -0.001225
-0.00147823 -0.00125
-0.0015064 -0.001275
-0.0015345 -0.0013
-0.00156254 -0.001325
-0.00159052 -0.00135
-0.00161844 -0.001375
-0.00164629 -0.0014
-0.00167407 -0.001425
-0.00170179 -0.00145
-0.00172944 -0.001475
-0.00175702 -0.0015
-0.00178453 -0.001525
-0.00181198 -0.00155
-0.00183936 -0.001575
-0.00186667 -0.0016
-0.0018939 -0.001625
-0.00192107 -0.00165
-0.00194816 -0.001675
-0.00197519 -0.0017
-0.00200214 -0.001725
-0.00202901 -0.00175
-0.00205581 -0.001775
-0.00208254 -0.0018
-0.00210919 -0.001825
-0.00213576 -0.00185
-0.00216225 -0.001875
-0.00218867 -0.0019
-0.00221501 -0.001925
-0.00224127 -0.00195
-0.00226744 -0.001975
-0.00229354 -0.002
-0.00231955 -0.002025
-0.00234548 -0.00205
-0.00237133 -0.002075
-0.00239709 -0.0021
-0.00242276 -0.002125
-0.00244835 -0.00215
-0.00247385 -0.002175
-0.00249926 -0.0022
-0.00252458 -0.002225
-0.00254981 -0.00225
-0.00257495 -0.002275
-0.0026 -0.0023
-0.00262312 -0.002325
-0.00264624 -0.00235
-0.00266935 -0.002375
-0.00269247 -0.0024
-0.00271559 -0.002425
-0.00273871 -0.00245
-0.00276183 -0.002475
-0.00278495 -0.0025
-0.00280806 -0.002525
-0.00283118 -0.00255
-0.0028543 -0.002575
-0.00287742 -0.0026
-0.00290054 -0.002625
-0.00292366 -0.00265
-0.00294677 -0.002675
-0.00296989 -0.0027
-0.00299301 -0.002725
-0.00301613 -0.00275
-0.00303925 -0.002775
-0.00306237 -0.0028
-0.00308548 -0.002825
-0.0031086 -0.00285
-0.00313172 -0.002875
-0.00315484 -0.0029
-0.00317796 -0.002925
-0.00320108 -0.00295
-0.00322419 -0.002975
-0.00324731 -0.003
-0.00327043 -0.003025
-0.00329355 -0.00305
-0.00331667 -0.003075
-0.00333978 -0.0031
-0.0033629 -0.003125
-0.00338602 -0.00315
-0.00340914 -0.003175
-0.00343226 -0.0032
-0.00345538 -0.003225
-0.00347849 -0.00325
-0.00350161 -0.003275
-0.00352473 -0.0033
-0.00354785 -0.003325
-0.00357097 -0.00335
-0.00359409 -0.003375
-0.0036172 -0.0034
-0.00364032 -0.003425
-0.00366344 -0.00345
-0.00368656 -0.003475
-0.00370968 -0.0035
-0.0037328 -0.003525
-0.00375591 -0.00355
-0.00377903 -0.003575
-0.00380215 -0.0036
-0.00382527 -0.003625
-0.00384839 -0.00365
-0.00387151 -0.003675
-0.00389462 -0.0037
-0.00391774 -0.003725
-0.00394086 -0.00375
-0.00391009 -0.003725
-0.00387932 -0.0037
-0.00384855 -0.003675
-0.00381778 -0.00365
-0.00378701 -0.003625
-0.00375624 -0.0036
-0.00372548 -0.003575
-0.00369471 -0.00355
-0.00366394 -0.003525
-0.00363317 -0.0035
-0.0036024 -0.003475
-0.00357163 -0.00345
-0.00354086 -0.003425
-0.00351009 -0.0034
-0.00347932 -0.003375
-0.00344855 -0.00335
-0.00341778 -0.003325
-0.00338701 -0.0033
-0.00335624 -0.003275
-0.00332823 -0.00325
-0.00330217 -0.003225
-0.00327611 -0.0032
-0.00325004 -0.003175
-0.00322398 -0.00315
-0.00319792 -0.003125
-0.00317186 -0.0031
-0.00314579 -0.003075
-0.00311973 -0.00305
-0.00309367 -0.003025
-0.00306761 -0.003
-0.00304154 -0.002975
-0.00301548 -0.00295
-0.00298942 -0.002925
-0.00296335 -0.0029
-0.00293729 -0.002875
-0.00291123 -0.00285
-0.00288517 -0.002825
-0.0028591 -0.0028
-0.00283304 -0.002775
-0.00280698 -0.00275
-0.00278092 -0.002725
-0.00275485 -0.0027
-0.00272879 -0.002675
-0.00270273 -0.00265
-0.00267666 -0.002625
-0.0026506 -0.0026
-0.00262454 -0.002575
-0.00259848 -0.00255
-0.00257241 -0.002525
-0.00254635 -0.0025
-0.00252029 -0.002475
-0.00249423 -0.00245
-0.00246816 -0.002425
-0.0024421 -0.0024
-0.00241604 -0.002375
-0.00238997 -0.00235
-0.00236391 -0.002325
-0.00233785 -0.0023
-0.00231179 -0.002275
-0.00228572 -0.00225
-0.00225966 -0.002225
-0.0022336 -0.0022
-0.00220754 -0.002175
-0.00218147 -0.00215
-0.00215541 -0.002125
-0.00212935 -0.0021
-0.00210328 -0.002075
-0.00207722 -0.00205
-0.00205116 -0.002025
-0.0020251 -0.002
-0.00199903 -0.001975
-0.00197297 -0.00195
-0.00194691 -0.001925
-0.00192085 -0.0019
-0.00189478 -0.001875
-0.00186872 -0.00185
-0.00184266 -0.001825
-0.0018166 -0.0018
-0.00179053 -0.001775
-0.00176447 -0.00175
-0.00173841 -0.001725
-0.00171234 -0.0017
-0.00168628 -0.001675
-0.00166022 -0.00165
-0.00163416 -0.001625
-0.00160809 -0.0016
-0.00158203 -0.001575
-0.00155597 -0.00155
-0.00152991 -0.001525
-0.00150384 -0.0015
-0.00147778 -0.001475
-0.00145172 -0.00145
-0.00142565 -0.001425
-0.00139906 -0.0014
-0.0013716 -0.001375
-0.00134414 -0.00135
-0.00131669 -0.001325
-0.00128923 -0.0013
-0.00126177 -0.001275
-0.00123432 -0.00125
-0.00120686 -0.001225
-0.0011794 -0.0012
-0.00115195 -0.001175
-0.00113157 -0.00115
-0.00111282 -0.001125
-0.00109407 -0.0011
-0.001075 -0.001075
-0.00105 -0.00105
-0.001025 -0.001025
-0.001 -0.001
-0.000975 -0.000975
-0.00095 -0.00095
-0.000925 -0.000925
-0.0009 -0.0009
-0.000875 -0.000875
-0.00085 -0.00085
-0.000825 -0.000825
-0.0008 -0.0008
-0.000775 -0.000775
-0.00075 -0.00075
-0.000725 -0.000725
-0.0007 -0.0007
-0.000675 -0.000675
-0.00065 -0.00065
-0.000625 -0.000625
-0.0006 -0.0006
-0.000575 -0.000575
-0.00055 -0.00055
-0.000525 -0.000525
-0.0005 -0.0005
-0.000475 -0.000475
-0.00045 -0.00045
-0.000425 -0.000425
-0.0004 -0.0004
-0.000375 -0.000375
-0.00035 -0.00035
-0.000325 -0.000325
-0.0003 -0.0003
-0.000275 -0.000275
-0.00025 -0.00025
-0.000225 -0.000225
-0.0002 -0.0002
-0.000175 -0.000175
-0.00015 -0.00015
-0.000125 -0.000125
-0.0001 -0.0001
-7.5e-05 -7.5e-05
-5e-05 -5e-05
-2.5e-05 -2.5e-05
-6.09864e-20 -6.09864e-20
2.5e-05 2.5e-05
5e-05 5e-05
7.5e-05 7.5e-05
0.0001 0.0001
0.000125 0.000125
0.00015 0.00015
0.000175 0.000175
0.0002 0.0002
0.000225 0.000225
0.00025 0.00025
0.000275 0.000275
0.0003 0.0003
0.000325 0.000325
0.00035 0.00035
0.000375 0.000375
0.00035 0.00035
0.000325 0.000325
0.0003 0.0003
0.000275 0.000275
0.00025 0.00025
0.000225 0.000225
0.0002 0.0002
0.000175 0.000175
0.00015 0.00015
0.000125 0.000125
0.0001 0.0001
7.5e-05 7.5e-05
5e-05 5e-05
2.5e-05 2.5e-05
-4.74338e-20 -4.74338e-20
-2.5e-05 -2.5e-05
-5e-05 -5e-05
-7.5e-05 -7.5e-05
-0.0001 -0.0001
-0.000125 -0.000125
-0.00015 -0.00015
-0.000175 -0.000175
-0.0002 -0.0002
-0.000225 -0.000225
-0.00025 -0.00025
-0.000275 -0.000275
-0.0003 -0.0003
-0.000325 -0.000325
-0.00035 -0.00035
-0.000375 -0.000375
-0.0004 -0.0004
-0.000425 -0.000425
-0.00045 -0.00045
-0.000475 -0.000475
-0.0005 -0.0005
-0.000525 -0.000525
-0.00055 -0.00055
-0.000575 -0.000575
-0.0006 -0.0006
-0.000625 -0.000625
-0.00065 -0.00065
-0.000675 -0.000675
-0.0007 -0.0007
-0.000725 -0.000725
-0.00075 -0.00075
-0.000775 -0.000775
-0.0008 -0.0008
-0.000825 -0.000825
-0.00085 -0.00085
-0.000875 -0.000875
-0.0009 -0.0009
-0.000925 -0.000925
-0.00095 -0.00095
-0.000975 -0.000975
-0.001 -0.001
-0.001025 -0.001025
-0.00105 -0.00105
-0.001075 -0.001075
-0.0011 -0.0011
-0.001125 -0.001125
-0.00115 -0.00115
-0.001175 -0.001175
-0.0012 -0.0012
-0.001225 -0.001225
-0.00125 -0.00125
-0.001275 -0.001275
-0.0013 -0.0013
-0.001325 -0.001325
-0.00135 -0.00135
-0.001375 -0.001375
-0.0014 -0.0014
-0.00142626 -0.001425
-0.00145329 -0.00145
-0.00148033 -0.001475
-0.00150737 -0.0015
-0.00153441 -0.001525
-0.00156145 -0.00155
-0.00158849 -0.001575
-0.00161553 -0.0016
-0.00164257 -0.001625
-0.0016696 -0.00165
-0.00169664 -0.001675
-0.00172368 -0.0017
-0.00175072 -0.001725
-0.00177776 -0.00175
-0.0018048 -0.001775
-0.00183184 -0.0018
-0.00185888 -0.001825
-0.00188591 -0.00185
-0.00191295 -0.001875
-0.00193999 -0.0019
-0.00196703 -0.001925
-0.00199407 -0.00195
-0.00202111 -0.001975
-0.00204815 -0.002
-0.00207519 -0.002025
-0.00210222 -0.00205
-0.00212926 -0.002075
-0.0021563 -0.0021
-0.00218334 -0.002125
-0.00221038 -0.00215
-0.00223742 -0.002175
-0.00226446 -0.0022
-0.0022915 -0.002225
-0.00231853 -0.00225
-0.00234557 -0.002275
-0.00237261 -0.0023
-0.00239965 -0.002325
-0.00242669 -0.00235
-0.00245373 -0.002375
-0.00248077 -0.0024
-0.00250781 -0.002425
-0.00253484 -0.00245
-0.00256188 -0.002475
-0.00258892 -0.0025
-0.00261596 -0.002525
-0.002643 -0.00255
-0.00267004 -0.002575
-0.00269708 -0.0026
-0.00272412 -0.002625
-0.00275115 -0.00265
-0.00277819 -0.002675
-0.00280523 -0.0027
-0.00283227 -0.002725
-0.00285931 -0.00275
-0.00288635 -0.002775
-0.00291339 -0.0028
-0.00294043 -0.002825
-0.00296746 -0.00285
-0.0029945 -0.002875
-0.00302154 -0.0029
-0.00304858 -0.002925
-0.00307562 -0.00295
-0.00310266 -0.002975
-0.0031297 -0.003
-0.00315674 -0.003025
-0.00318377 -0.00305
-0.00321081 -0.003075
-0.00323785 -0.0031
-0.00326489 -0.003125
-0.00329193 -0.00315
-0.00331897 -0.003175
-0.00334601 -0.0032
-0.00337305 -0.003225
-0.00340009 -0.00325
-0.00342712 -0.003275
-0.00345416 -0.0033
-0.0034812 -0.003325
-0.00350824 -0.00335
-0.00353528 -0.003375
-0.00356232 -0.0034
-0.00358936 -0.003425
-0.0036164 -0.00345
-0.00364343 -0.003475
-0.00367047 -0.0035
-0.00369751 -0.003525
-0.00372455 -0.00355
-0.00375159 -0.003575
-0.00377863 -0.0036
-0.00380567 -0.003625
-0.00383271 -0.00365
-0.00385974 -0.003675
-0.00388678 -0.0037
-0.00391382 -0.003725
-0.00394086 -0.00375
-0.00396398 -0.003775
-0.0039871 -0.0038
-0.00401022 -0.003825
-0.00403333 -0.00385
-0.00405645 -0.003875
-0.00407957 -0.0039
-0.00410269 -0.003925
-0.00412581 -0.00395
-0.00414892 -0.003975
-0.00417204 -0.004
-0.00419516 -0.004025
-0.00421828 -0.00405
-0.0042414 -0.004075
-0.00426452 -0.0041
-0.00428763 -0.004125
-0.00431075 -0.00415
-0.00433387 -0.004175
-0.00435699 -0.0042
-0.00438011 -0.004225
-0.00440323 -0.00425
-0.00442634 -0.004275
-0.00444946 -0.0043
-0.00447258 -0.004325
-0.0044957 -0.00435
-0.00451882 -0.004375
-0.00454194 -0.0044
-0.00456505 -0.004425
-0.00458817 -0.00445
-0.00461129 -0.004475
-0.00463441 -0.0045
-0.00465753 -0.004525
-0.00468065 -0.00455
-0.00470376 -0.004575
-0.00472688 -0.0046
-0.00475 -0.004625
-0.00477312 -0.00465
-0.00479624 -0.004675
-0.00481935 -0.0047
-0.00484247 -0.004725
-0.00486559 -0.00475
-0.00488871 -0.004775
-0.00491183 -0.0048
-0.00493495 -0.004825
-0.00495806 -0.00485
-0.00498118 -0.004875
-0.0050043 -0.0049
-0.00502742 -0.004925
-0.00505054 -0.00495
-0.00507366 -0.004975
-0.00509677 -0.005
-0.005066 -0.004975
-0.00503524 -0.00495
-0.00500447 -0.004925
-0.0049737 -0.0049
-0.00494293 -0.004875
-0.00491216 -0.00485
-0.00488139 -0.004825
-0.00485062 -0.0048
-0.00481985 -0.004775
-0.00479347 -0.00475
-0.00476786 -0.004725
-0.00474226 -0.0047
-0.00471665 -0.004675
-0.00469104 -0.00465
-0.00466543 -0.004625
-0.00463982 -0.0046
-0.00461421 -0.004575
-0.0045886 -0.00455
-0.00456299 -0.004525
-0.00453738 -0.0045
-0.00451177 -0.004475
-0.00448616 -0.00445
-0.00446055 -0.004425
-0.00443494 -0.0044
-0.00440934 -0.004375
-0.00438373 -0.00435
-0.00435812 -0.004325
-0.00433251 -0.0043
-0.0043069 -0.004275
-0.00428129 -0.00425
-0.00425568 -0.004225
-0.00423007 -0.0042
-0.00420446 -0.004175
-0.00417885 -0.00415
-0.00415324 -0.004125
-0.00412763 -0.0041
-0.00410202 -0.004075
-0.00407642 -0.00405
-0.00405081 -0.004025
-0.0040252 -0.004
-0.00399959 -0.003975
-0.00397398 -0.00395
-0.00394837 -0.003925
-0.00392276 -0.0039
-0.00389715 -0.003875
-0.00387154 -0.00385
-0.00384593 -0.003825
-0.00382032 -0.0038
-0.00379471 -0.003775
-0.0037691 -0.00375
-0.0037435 -0.003725
-0.00371789 -0.0037
-0.00369228 -0.003675
-0.00366667 -0.00365
-0.00364106 -0.003625
-0.00361545 -0.0036
-0.00358984 -0.003575
-0.00356423 -0.00355
-0.00353862 -0.003525
-0.00351301 -0.0035
-0.0034874 -0.003475
-0.00346179 -0.00345
-0.00343618 -0.003425
-0.00341057 -0.0034
-0.00338497 -0.003375
-0.00335936 -0.00335
-0.00333375 -0.003325
-0.00330814 -0.0033
-0.00328253 -0.003275
-0.00325692 -0.00325
-0.00323131 -0.003225
-0.0032057 -0.0032
-0.00318009 -0.003175
-0.00315448 -0.00315
-0.00312887 -0.003125
-0.00310326 -0.0031
-0.00307765 -0.003075
-0.00305205 -0.00305
-0.00302644 -0.003025
-0.00300083 -0.003
-0.00297522 -0.002975
-0.00295 -0.00295
-0.002925 -0.002925
-0.0029 -0.0029
-0.002875 -0.002875
-0.00285 -0.00285
-0.002825 -0.002825
-0.0028 -0.0028
-0.002775 -0.002775
-0.00275 -0.00275
-0.002725 -0.002725
-0.0027 -0.0027
-0.002675 -0.002675
-0.00265 -0.00265
-0.002625 -0.002625
-0.0026 -0.0026
-0.002575 -0.002575
-0.00255 -0.00255
-0.002525 -0.002525
-0.0025 -0.0025
-0.002475 -0.002475
-0.00245 -0.00245
-0.002425 -0.002425
-0.0024 -0.0024
-0.002375 -0.002375
-0.00235 -0.00235
-0.002325 -0.002325
-0.0023 -0.0023
-0.002275 -0.002275
-0.00225 -0.00225
-0.002225 -0.002225
-0.0022 -0.0022
-0.002175 -0.002175
-0.00215 -0.00215
-0.002125 -0.002125
-0.0021 -0.0021
-0.002075 -0.002075
-0.00205 -0.00205
-0.002025 -0.002025
-0.002 -0.002
-0.001975 -0.001975
-0.00195 -0.00195
-0.001925 -0.001925
-0.0019 -0.0019
-0.001875 -0.001875
-0.00185 -0.00185
-0.001825 -0.001825
-0.0018 -0.0018
-0.001775 -0.001775
-0.00175 -0.00175
-0.001725 -0.001725
-0.0017 -0.0017
-0.001675 -0.001675
-0.00165 -0.00165
-0.001625 -0.001625
-0.0016 -0.0016
-0.001575 -0.001575
-0.00155 -0.00155
-0.001525 -0.001525
-0.0015 -0.0015
-0.001475 -0.001475
-0.00145 -0.00145
-0.001425 -0.001425
-0.0014 -0.0014
-0.001375 -0.001375
-0.00135 -0.00135
-0.001325 -0.001325
-0.0013 -0.0013
-0.001275 -0.001275
-0.00125 -0.00125
-0.001225 -0.001225
-0.0012 -0.0012
-0.001175 -0.001175
-0.00115 -0.00115
-0.001125 -0.001125
-0.0011 -0.0011
-0.001075 -0.001075
-0.00105 -0.00105
-0.001025 -0.001025
-0.001 -0.001
-0.000975 -0.000975
-0.00095 -0.00095
-0.000925 -0.000925
-0.0009 -0.0009
-0.000875 -0.000875
-0.00085 -0.00085
-0.000825 -0.000825
-0.0008 -0.0008
-0.000775 -0.000775
-0.00075 -0.00075
-0.000725 -0.000725
-0.0007 -0.0007
-0.000675 -0.000675
-0.00065 -0.00065
-0.000625 -0.000625
-0.0006 -0.0006
-0.000575 -0.000575
-0.00055 -0.00055
-0.000525 -0.000525
-0.0005 -0.0005
-0.000475 -0.000475
-0.00045 -0.00045
-0.000425 -0.000425
-0.0004 -0.0004
-0.000375 -0.000375
-0.00035 -0.00035
-0.000325 -0.000325
-0.0003 -0.0003
-0.000275 -0.000275
-0.00025 -0.00025
-0.000225 -0.000225
-0.0002 -0.0002
-0.000175 -0.000175
-0.00015 -0.00015
-0.000125 -0.000125
-0.0001 -0.0001
-7.5e-05 -7.5e-05
-5e-05 -5e-05
-2.5e-05 -2.5e-05
-6.09864e-20 -6.09864e-20
2.5e-05 2.5e-05
5e-05 5e-05
7.5e-05 7.5e-05
0.0001 0.0001
0.000125 0.000125
0.00015 0.00015
0.000175 0.000175
0.0002 0.0002
0.000225 0.000225
0.00025 0.00025
0.000275 0.000275
0.0003 0.0003
0.000325 0.000325
0.00035 0.00035
0.000375 0.000375
0.0004 0.0004
0.000425 0.000425
0.00045 0.00045
0.000475 0.000475
0.0005 0.0005
0.000475 0.000475
0.00045 0.00045
0.000425 0.000425
0.0004 0.0004
0.000375 0.000375
0.00035 0.00035
0.000325 0.000325
0.0003 0.0003
0.000275 0.000275
0.00025 0.00025
0.000225 0.000225
0.0002 0.0002
0.000175 0.000175
0.00015 0.00015
0.000125 0.000125
0.0001 0.0001
7.5e-05 7.5e-05
5e-05 5e-05
2.5e-05 2.5e-05
-4.74338e-20 -4.74338e-20
-2.5e-05 -2.5e-05
-5e-05 -5e-05
-7.5e-05 -7.5e-05
-0.0001 -0.0001
-0.000125 -0.000125
-0.00015 -0.00015
-0.000175 -0.000175
-0.0002 -0.0002
-0.000225 -0.000225
-0.00025 -0.00025
-0.000275 -0.000275
-0.0003 -0.0003
-0.000325 -0.000325
-0.00035 -0.00035
-0.000375 -0.000375
-0.0004 -0.0004
-0.000425 -0.000425
-0.00045 -0.00045
-0.000475 -0.000475
-0.0005 -0.0005
-0.000525 -0.000525
-0.00055 -0.00055
-0.000575 -0.000575
-0.0006 -0.0006
-0.000625 -0.000625
-0.00065 -0.00065
-0.000675 -0.000675
-0.0007 -0.0007
-0.000725 -0.000725
-0.00075 -0.00075
-0.000775 -0.000775
-0.0008 -0.0008
-0.000825 -0.000825
-0.00085 -0.00085
-0.000875 -0.000875
-0.0009 -0.0009
-0.000925 -0.000925
-0.00095 -0.00095
-0.000975 -0.000975
-0.001 -0.001
-0.001025 -0.001025
-0.00105 -0.00105
-0.001075 -0.001075
-0.0011 -0.0011
-0.001125 -0.001125
-0.00115 -0.00115
-0.001175 -0.001175
-0.0012 -0.0012
-0.001225 -0.001225
-0.00125 -0.00125
-0.001275 -0.001275
-0.0013 -0.0013
-0.001325 -0.001325
-0.00135 -0.00135
-0.001375 -0.001375
-0.0014 -0.0014
-0.001425 -0.001425
-0.00145 -0.00145
-0.001475 -0.001475
-0.0015 -0.0015
-0.001525 -0.001525
-0.00155 -0.00155
-0.001575 -0.001575
-0.0016 -0.0016
-0.001625 -0.001625
-0.00165 -0.00165
-0.001675 -0.001675
-0.0017 -0.0017
-0.001725 -0.001725
-0.00175 -0.00175
-0.001775 -0.001775
-0.0018 -0.0018
-0.001825 -0.001825
-0.00185 -0.00185
-0.001875 -0.001875
-0.0019 -0.0019
-0.001925 -0.001925
-0.00195 -0.00195
-0.001975 -0.001975
-0.002 -0.002
-0.002025 -0.002025
-0.00205 -0.00205
-0.002075 -0.002075
-0.0021 -0.0021
-0.002125 -0.002125
-0.00215 -0.00215
-0.002175 -0.002175
-0.0022 -0.0022
-0.002225 -0.002225
-0.00225 -0.00225
-0.002275 -0.002275
-0.0023 -0.0023
-0.002325 -0.002325
-0.00235 -0.00235
-0.002375 -0.002375
-0.0024 -0.0024
-0.002425 -0.002425
-0.00245 -0.00245
-0.002475 -0.002475
-0.0025 -0.0025
-0.002525 -0.002525
-0.00255 -0.00255
-0.002575 -0.002575
-0.0026 -0.0026
-0.002625 -0.002625
-0.00265 -0.00265
-0.002675 -0.002675
-0.0027 -0.0027
-0.002725 -0.002725
-0.00275 -0.00275
-0.002775 -0.002775
-0.0028 -0.0028
-0.002825 -0.002825
-0.00285 -0.00285
-0.002875 -0.002875
-0.0029 -0.0029
-0.002925 -0.002925
-0.00295 -0.00295
-0.00297543 -0.002975
-0.00300161 -0.003
-0.0030278 -0.003025
-0.00305399 -0.00305
-0.00308018 -0.003075
-0.00310637 -0.0031
-0.00313256 -0.003125
-0.00315875 -0.00315
-0.00318494 -0.003175
-0.00321113 -0.0032
-0.00323732 -0.003225
-0.00326351 -0.00325
-0.0032897 -0.003275
-0.00331589 -0.0033
-0.00334208 -0.003325
-0.00336827 -0.00335
-0.00339446 -0.003375
-0.00342065 -0.0034
-0.00344684 -0.003425
-0.00347303 -0.00345
-0.00349922 -0.003475
-0.0035254 -0.0035
-0.00355159 -0.003525
-0.00357778 -0.00355
-0.00360397 -0.003575
-0.00363016 -0.0036
-0.00365635 -0.003625
-0.00368254 -0.00365
-0.00370873 -0.003675
-0.00373492 -0.0037
-0.00376111 -0.003725
-0.0037873 -0.00375
-0.00381349 -0.003775
-0.00383968 -0.0038
-0.00386587 -0.003825
-0.00389206 -0.00385
-0.00391825 -0.003875
-0.00394444 -0.0039
-0.00397063 -0.003925
-0.00399682 -0.00395
-0.00402301 -0.003975
-0.00404919 -0.004
-0.00407538 -0.004025
-0.00410157 -0.00405
-0.00412776 -0.004075
-0.00415395 -0.0041
-0.00418014 -0.004125
-0.00420633 -0.00415
-0.00423252 -0.004175
-0.00425871 -0.0042
-0.0042849 -0.004225
-0.00431109 -0.00425
-0.00433728 -0.004275
-0.00436347 -0.0043
-0.00438966 -0.004325
-0.00441585 -0.00435
-0.00444204 -0.004375
-0.00446823 -0.0044
-0.00449442 -0.004425
-0.00452061 -0.00445
-0.00454679 -0.004475
-0.00457298 -0.0045
-0.00459917 -0.004525
-0.00462536 -0.00455
-0.00465155 -0.004575
-0.00467774 -0.0046
-0.00470393 -0.004625
-0.00473012 -0.00465
-0.00475631 -0.004675
-0.0047825 -0.0047
-0.00480869 -0.004725
-0.00483488 -0.00475
-0.00486107 -0.004775
-0.00488726 -0.0048
-0.00491345 -0.004825
-0.00493964 -0.00485
-0.00496583 -0.004875
-0.00499202 -0.0049
-0.00501821 -0.004925
-0.0050444 -0.00495
-0.00507058 -0.004975
-0.00509677 -0.005
-0.00511989 -0.005025
-0.00514301 -0.00505
-0.00516613 -0.005075
-0.00518925 -0.0051
-0.00521237 -0.005125
-0.00523548 -0.00515
-0.0052586 -0.005175
-0.00528172 -0.0052
-0.00530484 -0.005225
-0.00532796 -0.00525
-0.00535108 -0.005275
-0.00537419 -0.0053
-0.00539731 -0.005325
-0.00542043 -0.00535
-0.00544355 -0.005375
-0.00546667 -0.0054
-0.00548978 -0.005425
-0.0055129 -0.00545
-0.00553602 -0.005475
-0.00555914 -0.0055
-0.00558226 -0.005525
-0.00560538 -0.00555
-0.00562849 -0.005575
-0.00565161 -0.0056
-0.00567473 -0.005625
-0.00569785 -0.00565
-0.00572097 -0.005675
-0.00574409 -0.0057
-0.0057672 -0.005725
-0.00579032 -0.00575
-0.00581344 -0.005775
-0.00583656 -0.0058
-0.00585968 -0.005825
-0.0058828 -0.00585
-0.00590591 -0.005875
-0.00592903 -0.0059
-0.00595215 -0.005925
-0.00597527 -0.00595
-0.00599839 -0.005975
-0.00602151 -0.006
-0.006045 -0.006025
-0.00607 -0.00605
-0.006095 -0.006075
-0.00612 -0.0061
-0.006145 -0.006125
-0.00617 -0.00615
-0.006195 -0.006175
-0.00622 -0.0062
-0.006245 -0.006225
-0.00627 -0.00625
-0.00623923 -0.006225
-0.00620943 -0.0062
-0.00618407 -0.006175
-0.00615871 -0.00615
-0.00613336 -0.006125
-0.006108 -0.0061
-0.00608264 -0.006075
-0.00605729 -0.00605
-0.00603193 -0.006025
-0.00600657 -0.006
-0.00598121 -0.005975
-0.00595586 -0.00595
-0.0059305 -0.005925
-0.00590514 -0.0059
-0.00587979 -0.005875
-0.00585443 -0.00585
-0.00582907 -0.005825
-0.00580371 -0.0058
-0.00577836 -0.005775
-0.005753 -0.00575
-0.00572764 -0.005725
-0.00570228 -0.0057
-0.00567693 -0.005675
-0.00565157 -0.00565
-0.00562621 -0.005625
-0.00560086 -0.0056
-0.0055755 -0.005575
-0.00555014 -0.00555
-0.005525 -0.005525
-0.0055 -0.0055
-0.005475 -0.005475
-0.00545 -0.00545
-0.005425 -0.005425
-0.0054 -0.0054
-0.005375 -0.005375
-0.00535 -0.00535
-0.005325 -0.005325
-0.0053 -0.0053
-0.005275 -0.005275
-0.00525 -0.00525
-0.005225 -0.005225
-0.0052 -0.0052
-0.005175 -0.005175
-0.00515 -0.00515
-0.005125 -0.005125
-0.0051 -0.0051
-0.005075 -0.005075
-0.00505 -0.00505
-0.005025 -0.005025
-0.005 -0.005
-0.004975 -0.004975
-0.00495 -0.00495
-0.004925 -0.004925
-0.0049 -0.0049
-0.004875 -0.004875
-0.00485 -0.00485
-0.004825 -0.004825
-0.0048 -0.0048
-0.004775 -0.004775
-0.00475 -0.00475
-0.004725 -0.004725
-0.0047 -0.0047
-0.004675 -0.004675
-0.00465 -0.00465
-0.004625 -0.004625
-0.0046 -0.0046
-0.004575 -0.004575
-0.00455 -0.00455
-0.004525 -0.004525
-0.0045 -0.0045
-0.004475 -0.004475
-0.00445 -0.00445
-0.004425 -0.004425
-0.0044 -0.0044
-0.004375 -0.004375
-0.00435 -0.00435
-0.004325 -0.004325
-0.0043 -0.0043
-0.004275 -0.004275
-0.00425 -0.00425
-0.004225 -0.004225
-0.0042 -0.0042
-0.004175 -0.004175
-0.00415 -0.00415
-0.004125 -0.004125
-0.0041 -0.0041
-0.004075 -0.004075
-0.00405 -0.00405
-0.004025 -0.004025
-0.004 -0.004
-0.003975 -0.003975
-0.00395 -0.00395
-0.003925 -0.003925
-0.0039 -0.0039
-0.003875 -0.003875
-0.00385 -0.00385
-0.003825 -0.003825
-0.0038 -0.0038
-0.003775 -0.003775
-0.00375 -0.00375
-0.003725 -0.003725
-0.0037 -0.0037
-0.003675 -0.003675
-0.00365 -0.00365
-0.003625 -0.003625
-0.0036 -0.0036
-0.003575 -0.003575
-0.00355 -0.00355
-0.003525 -0.003525
-0.0035 -0.0035
-0.003475 -0.003475
-0.00345 -0.00345
-0.003425 -0.003425
-0.0034 -0.0034
-0.003375 -0.003375
-0.00335 -0.00335
-0.003325 -0.003325
-0.0033 -0.0033
-0.003275 -0.003275
-0.00325 -0.00325
-0.003225 -0.003225
-0.0032 -0.0032
-0.003175 -0.003175
-0.00315 -0.00315
-0.003125 -0.003125
-0.0031 -0.0031
-0.003075 -0.003075
-0.00305 -0.00305
-0.003025 -0.003025
-0.003 -0.003
-0.002975 -0.002975
-0.00295 -0.00295
-0.002925 -0.002925
-0.0029 -0.0029
-0.002875 -0.002875
-0.00285 -0.00285
-0.002825 -0.002825
-0.0028 -0.0028
-0.002775 -0.002775
-0.00275 -0.00275
-0.002725 -0.002725
-0.0027 -0.0027
-0.002675 -0.002675
-0.00265 -0.00265
-0.002625 -0.002625
-0.0026 -0.0026
-0.002575 -0.002575
-0.00255 -0.00255
-0.002525 -0.002525
-0.0025 -0.0025
-0.002475 -0.002475
-0.00245 -0.00245
-0.002425 -0.002425
-0.0024 -0.0024
-0.002375 -0.002375
-0.00235 -0.00235
-0.002325 -0.002325
-0.0023 -0.0023
-0.002275 -0.002275
-0.00225 -0.00225
-0.002225 -0.002225
-0.0022 -0.0022
-0.002175 -0.002175
-0.00215 -0.00215
-0.002125 -0.002125
-0.0021 -0.0021
-0.002075 -0.002075
-0.00205 -0.00205
-0.002025 -0.002025
-0.002 -0.002
-0.001975 -0.001975
-0.00195 -0.00195
-0.001925 -0.001925
-0.0019 -0.0019
-0.001875 -0.001875
-0.00185 -0.00185
-0.001825 -0.001825
-0.0018 -0.0018
-0.001775 -0.001775
-0.00175 -0.00175
-0.001725 -0.001725
-0.0017 -0.0017
-0.001675 -0.001675
-0.00165 -0.00165
-0.001625 -0.001625
-0.0016 -0.0016
-0.001575 -0.001575
-0.00155 -0.00155
-0.001525 -0.001525
-0.0015 -0.0015
-0.001475 -0.001475
-0.00145 -0.00145
-0.001425 -0.001425
-0.0014 -0.0014
-0.001375 -0.001375
-0.00135 -0.00135
-0.001325 -0.001325
-0.0013 -0.0013
-0.001275 -0.001275
-0.00125 -0.00125
-0.001225 -0.001225
-0.0012 -0.0012
-0.001175 -0.001175
-0.00115 -0.00115
-0.001125 -0.001125
-0.0011 -0.0011
-0.001075 -0.001075
-0.00105 -0.00105
-0.001025 -0.001025
-0.001 -0.001
-0.000975 -0.000975
-0.00095 -0.00095
-0.000925 -0.000925
-0.0009 -0.0009
-0.000875 -0.000875
-0.00085 -0.00085
-0.000825 -0.000825
-0.0008 -0.0008
-0.000775 -0.000775
-0.00075 -0.00075
-0.000725 -0.000725
-0.0007 -0.0007
-0.000675 -0.000675
-0.00065 -0.00065
-0.000625 -0.000625
-0.0006 -0.0006
-0.000575 -0.000575
-0.00055 -0.00055
-0.000525 -0.000525
-0.0005 -0.0005
-0.000475 -0.000475
-0.00045 -0.00045
-0.000425 -0.000425
-0.0004 -0.0004
-0.000375 -0.000375
-0.00035 -0.00035
-0.000325 -0.000325
-0.0003 -0.0003
-0.000275 -0.000275
-0.00025 -0.00025
-0.000225 -0.000225
-0.0002 -0.0002
-0.000175 -0.000175
-0.00015 -0.00015
-0.000125 -0.000125
-0.0001 -0.0001
-7.5e-05 -7.5e-05
-5e-05 -5e-05
-2.5e-05 -2.5e-05
-6.09864e-20 -6.09864e-20
2.5e-05 2.5e-05
5e-05 5e-05
7.5e-05 7.5e-05
0.0001 0.0001
0.000125 0.000125
0.00015 0.00015
0.000175 0.000175
0.0002 0.0002
0.000225 0.000225
0.00025 0.00025
0.000275 0.000275
0.0003 0.0003
0.000325 0.000325
0.00035 0.00035
0.000375 0.000375
0.0004 0.0004
0.000425 0.000425
0.00045 0.00045
0.000475 0.000475
0.0005 0.0005
0.000525 0.000525
0.00055 0.00055
0.000575 0.000575
0.0006 0.0006
0.000625 0.000625
0.0006 0.0006
0.000575 0.000575
0.00055 0.00055
0.000525 0.000525
0.0005 0.0005
0.000475 0.000475
0.00045 0.00045
0.000425 0.000425
0.0004 0.0004
0.000375 0.000375
0.00035 0.00035
0.000325 0.000325
0.0003 0.0003
0.000275 0.000275
0.00025 0.00025
0.000225 0.000225
0.0002 0.0002
0.000175 0.000175
0.00015 0.00015
0.000125 0.000125
0.0001 0.0001
7.5e-05 7.5e-05
5e-05 5e-05
2.5e-05 2.5e-05
-4.74338e-20 -4.74338e-20
-2.5e-05 -2.5e-05
-5e-05 -5e-05
-7.5e-05 -7.5e-05
-0.0001 -0.0001
-0.000125 -0.000125
-0.00015 -0.00015
-0.000175 -0.000175
-0.0002 -0.0002
-0.000225 -0.000225
-0.00025 -0.00025
-0.000275 -0.000275
-0.0003 -0.0003
-0.000325 -0.000325
-0.00035 -0.00035
-0.000375 -0.000375
-0.0004 -0.0004
-0.000425 -0.000425
-0.00045 -0.00045
-0.000475 -0.000475
-0.0005 -0.0005
-0.000525 -0.000525
-0.00055 -0.00055
-0.000575 -0.000575
-0.0006 -0.0006
-0.000625 -0.000625
-0.00065 -0.00065
-0.000675 -0.000675
-0.0007 -0.0007
-0.000725 -0.000725
-0.00075 -0.00075
-0.000775 -0.000775
-0.0008 -0.0008
-0.000825 -0.000825
-0.00085 -0.00085
-0.000875 -0.000875
-0.0009 -0.0009
-0.000925 -0.000925
-0.00095 -0.00095
-0.000975 -0.000975
-0.001 -0.001
-0.001025 -0.001025
-0.00105 -0.00105
-0.001075 -0.001075
-0.0011 -0.0011
-0.001125 -0.001125
-0.00115 -0.00115
-0.001175 -0.001175
-0.0012 -0.0012
-0.001225 -0.001225
-0.00125 -0.00125
-0.001275 -0.001275
-0.0013 -0.0013
-0.001325 -0.001325
-0.00135 -0.00135
-0.001375 -0.001375
-0.0014 -0.0014
-0.001425 -0.001425
-0.00145 -0.00145
-0.001475 -0.001475
-0.0015 -0.0015
-0.001525 -0.001525
-0.00155 -0.00155
-0.001575 -0.001575
-0.0016 -0.0016
-0.001625 -0.001625
-0.00165 -0.00165
-0.001675 -0.001675
-0.0017 -0.0017
-0.001725 -0.001725
-0.00175 -0.00175
-0.001775 -0.001775
-0.0018 -0.0018
-0.001825 -0.001825
-0.00185 -0.00185
-0.001875 -0.001875
-0.0019 -0.0019
-0.001925 -0.001925
-0.00195 -0.00195
-0.001975 -0.001975
-0.002 -0.002
-0.002025 -0.002025
-0.00205 -0.00205
-0.002075 -0.002075
-0.0021 -0.0021
-0.002125 -0.002125
-0.00215 -0.00215
-0.002175 -0.002175
-0.0022 -0.0022
-0.002225 -0.002225
-0.00225 -0.00225
-0.002275 -0.002275
-0.0023 -0.0023
-0.002325 -0.002325
-0.00235 -0.00235
-0.002375 -0.002375
-0.0024 -0.0024
-0.002425 -0.002425
-0.00245 -0.00245
-0.002475 -0.002475
-0.0025 -0.0025
-0.002525 -0.002525
-0.00255 -0.00255
-0.002575 -0.002575
-0.0026 -0.0026
-0.002625 -0.002625
-0.00265 -0.00265
-0.002675 -0.002675
-0.0027 -0.0027
-0.002725 -0.002725
-0.00275 -0.00275
-0.002775 -0.002775
-0.0028 -0.0028
-0.002825 -0.002825
-0.00285 -0.00285
-0.002875 -0.002875
-0.0029 -0.0029
-0.002925 -0.002925
-0.00295 -0.00295
-0.002975 -0.002975
-0.003 -0.003
-0.003025 -0.003025
-0.00305 -0.00305
-0.003075 -0.003075
-0.0031 -0.0031
-0.003125 -0.003125
-0.00315 -0.00315
-0.003175 -0.003175
-0.0032 -0.0032
-0.003225 -0.003225
-0.00325 -0.00325
-0.003275 -0.003275
-0.0033 -0.0033
-0.003325 -0.003325
-0.00335 -0.00335
-0.003375 -0.003375
-0.0034 -0.0034
-0.003425 -0.003425
-0.00345 -0.00345
-0.003475 -0.003475
-0.0035 -0.0035
-0.003525 -0.003525
-0.00355 -0.00355
-0.003575 -0.003575
-0.0036 -0.0036
-0.003625 -0.003625
-0.00365 -0.00365
-0.003675 -0.003675
-0.0037 -0.0037
-0.003725 -0.003725
-0.00375 -0.00375
-0.003775 -0.003775
-0.0038 -0.0038
-0.003825 -0.003825
-0.00385 -0.00385
-0.003875 -0.003875
-0.0039 -0.0039
-0.003925 -0.003925
-0.00395 -0.00395
-0.003975 -0.003975
-0.004 -0.004
-0.004025 -0.004025
-0.00405 -0.00405
-0.004075 -0.004075
-0.0041 -0.0041
-0.004125 -0.004125
-0.00415 -0.00415
-0.004175 -0.004175
-0.0042 -0.0042
-0.004225 -0.004225
-0.00425 -0.00425
-0.004275 -0.004275
-0.0043 -0.0043
-0.004325 -0.004325
-0.00435 -0.00435
-0.004375 -0.004375
-0.0044 -0.0044
-0.004425 -0.004425
-0.00445 -0.00445
-0.004475 -0.004475
-0.0045 -0.0045
-0.004525 -0.004525
-0.00455 -0.00455
-0.004575 -0.004575
-0.0046 -0.0046
-0.004625 -0.004625
-0.00465 -0.00465
-0.004675 -0.004675
-0.0047 -0.0047
-0.004725 -0.004725
-0.00475 -0.00475
-0.004775 -0.004775
-0.0048 -0.0048
-0.004825 -0.004825
-0.00485 -0.00485
-0.004875 -0.004875
-0.0049 -0.0049
-0.004925 -0.004925
-0.00495 -0.00495
-0.004975 -0.004975
-0.005 -0.005
-0.005025 -0.005025
-0.00505 -0.00505
-0.005075 -0.005075
-0.0051 -0.0051
-0.005125 -0.005125
-0.00515 -0.00515
-0.005175 -0.005175
-0.0052 -0.0052
-0.005225 -0.005225
-0.00525 -0.00525
-0.005275 -0.005275
-0.0053 -0.0053
-0.005325 -0.005325
-0.00535 -0.00535
-0.005375 -0.005375
-0.0054 -0.0054
-0.005425 -0.005425
-0.00545 -0.00545
-0.005475 -0.005475
-0.0055 -0.0055
-0.005525 -0.005525
-0.00555028 -0.00555
-0.00557598 -0.005575
-0.00560169 -0.0056
-0.00562739 -0.005625
-0.0056531 -0.00565
-0.0056788 -0.005675
-0.00570451 -0.0057
-0.00573021 -0.005725
-0.00575591 -0.00575
-0.00578162 -0.005775
-0.00580732 -0.0058
-0.00583303 -0.005825
-0.00585873 -0.00585
-0.00588444 -0.005875
-0.00591014 -0.0059
-0.00593584 -0.005925
-0.00596155 -0.00595
-0.00598725 -0.005975
-0.00601296 -0.006
-0.00603866 -0.006025
-0.00606437 -0.00605
-0.00609007 -0.006075
-0.00611577 -0.0061
-0.00614148 -0.006125
-0.00616718 -0.00615
-0.00619289 -0.006175
-0.00621859 -0.0062
-0.0062443 -0.006225
-0.00627 -0.00625
-0.006295 -0.006275
-0.00632 -0.0063
-0.006345 -0.006325
-0.00637 -0.00635
-0.006395 -0.006375
-0.00642 -0.0064
-0.006445 -0.006425
-0.00647 -0.00645
-0.006495 -0.006475
-0.00652 -0.0065
-0.006545 -0.006525
-0.00657 -0.00655
-0.006595 -0.006575
-0.00662 -0.0066
-0.006645 -0.006625
-0.00667 -0.00665
-0.006695 -0.006675
-0.00672 -0.0067
-0.006745 -0.006725
-0.00677 -0.00675
-0.006795 -0.006775
-0.00682 -0.0068
-0.006845 -0.006825
-0.00687 -0.00685
-0.006895 -0.006875
-0.00692 -0.0069
-0.006945 -0.006925
-0.00697 -0.00695
-0.006995 -0.006975
-0.00702 -0.007
-0.007045 -0.007025
-0.00707 -0.00705
-0.007095 -0.007075
-0.00712 -0.0071
-0.007145 -0.007125
-0.00717 -0.00715
-0.007195 -0.007175
-0.00722 -0.0072
-0.007245 -0.007225
-0.00727 -0.00725
-0.007295 -0.007275
-0.00732 -0.0073
-0.007345 -0.007325
-0.00737 -0.00735
-0.007395 -0.007375
-0.00742 -0.0074
-0.007445 -0.007425
-0.00747 -0.00745
-0.007495 -0.007475
-0.00752 -0.0075
-0.00748923 -0.007475
-0.00745952 -0.00745
-0.00743421 -0.007425
-0.00740891 -0.0074
-0.00738361 -0.007375
-0.00735831 -0.00735
-0.007333 -0.007325
-0.0073077 -0.0073
-0.0072824 -0.007275
-0.0072571 -0.00725
-0.00723179 -0.007225
-0.00720649 -0.0072
-0.00718119 -0.007175
-0.00715589 -0.00715
-0.00713058 -0.007125
-0.00710528 -0.0071
-0.00707998 -0.007075
-0.00705468 -0.00705
-0.00702937 -0.007025
-0.00700407 -0.007
-0.00697877 -0.006975
-0.00695347 -0.00695
-0.00692816 -0.006925
-0.00690286 -0.0069
-0.00687756 -0.006875
-0.00685225 -0.00685
-0.00682695 -0.006825
-0.00680165 -0.0068
-0.00677635 -0.006775
-0.00675104 -0.00675
-0.00672574 -0.006725
-0.00670044 -0.0067
-0.00667514 -0.006675
-0.00665 -0.00665
-0.006625 -0.006625
-0.0066 -0.0066
-0.006575 -0.006575
-0.00655 -0.00655
-0.006525 -0.006525
-0.0065 -0.0065
-0.006475 -0.006475
-0.00645 -0.00645
-0.006425 -0.006425
-0.0064 -0.0064
-0.006375 -0.006375
-0.00635 -0.00635
-0.006325 -0.006325
-0.0063 -0.0063
-0.006275 -0.006275
-0.00625 -0.00625
-0.006225 -0.006225
-0.0062 -0.0062
-0.006175 -0.006175
-0.00615 -0.00615
-0.006125 -0.006125
-0.0061 -0.0061
-0.006075 -0.006075
-0.00605 -0.00605
-0.006025 -0.006025
-0.006 -0.006
-0.005975 -0.005975
-0.00595 -0.00595
-0.005925 -0.005925
-0.0059 -0.0059
-0.005875 -0.005875
-0.00585 -0.00585
-0.005825 -0.005825
-0.0058 -0.0058
-0.005775 -0.005775
-0.00575 -0.00575
-0.005725 -0.005725
-0.0057 -0.0057
-0.005675 -0.005675
-0.00565 -0.00565
-0.005625 -0.005625
-0.0056 -0.0056
-0.005575 -0.005575
-0.00555 -0.00555
-0.005525 -0.005525
-0.0055 -0.0055
-0.005475 -0.005475
-0.00545 -0.00545
-0.005425 -0.005425
-0.0054 -0.0054
-0.005375 -0.005375
-0.00535 -0.00535
-0.005325 -0.005325
-0.0053 -0.0053
-0.005275 -0.005275
-0.00525 -0.00525
-0.005225 -0.005225
-0.0052 -0.0052
-0.005175 -0.005175
-0.00515 -0.00515
-0.005125 -0.005125
-0.0051 -0.0051
-0.005075 -0.005075
-0.00505 -0.00505
-0.005025 -0.005025
-0.005 -0.005
-0.004975 -0.004975
-0.00495 -0.00495
-0.004925 -0.004925
-0.0049 -0.0049
-0.004875 -0.004875
-0.00485 -0.00485
-0.004825 -0.004825
-0.0048 -0.0048
-0.004775 -0.004775
-0.00475 -0.00475
-0.004725 -0.004725
-0.0047 -0.0047
-0.004675 -0.004675
-0.00465 -0.00465
-0.004625 -0.004625
-0.0046 -0.0046
-0.004575 -0.004575
-0.00455 -0.00455
-0.004525 -0.004525
-0.0045 -0.0045
-0.004475 -0.004475
-0.00445 -0.00445
-0.004425 -0.004425
-0.0044 -0.0044
-0.004375 -0.004375
-0.00435 -0.00435
-0.004325 -0.004325
-0.0043 -0.0043
-0.004275 -0.004275
-0.00425 -0.00425
-0.004225 -0.004225
-0.0042 -0.0042
-0.004175 -0.004175
-0.00415 -0.00415
-0.004125 -0.004125
-0.0041 -0.0041
-0.004075 -0.004075
-0.00405 -0.00405
-0.004025 -0.004025
-0.004 -0.004
-0.003975 -0.003975
-0.00395 -0.00395
-0.003925 -0.003925
-0.0039 -0.0039
-0.003875 -0.003875
-0.00385 -0.00385
-0.003825 -0.003825
-0.0038 -0.0038
-0.003775 -0.003775
-0.00375 -0.00375
-0.003725 -0.003725
-0.0037 -0.0037
-0.003675 -0.003675
-0.00365 -0.00365
-0.003625 -0.003625
-0.0036 -0.0036
-0.003575 -0.003575
-0.00355 -0.00355
-0.003525 -0.003525
-0.0035 -0.0035
-0.003475 -0.003475
-0.00345 -0.00345
-0.003425 -0.003425
-0.0034 -0.0034
-0.003375 -0.003375
-0.00335 -0.00335
-0.003325 -0.003325
-0.0033 -0.0033
-0.003275 -0.003275
-0.00325 -0.00325
-0.003225 -0.003225
-0.0032 -0.0032
-0.003175 -0.003175
-0.00315 -0.00315
-0.003125 -0.003125
-0.0031 -0.0031
-0.003075 -0.003075
-0.00305 -0.00305
-0.003025 -0.003025
-0.003 -0.003
-0.002975 -0.002975
-0.00295 -0.00295
-0.002925 -0.002925
-0.0029 -0.0029
-0.002875 -0.002875
-0.00285 -0.00285
-0.002825 -0.002825
-0.0028 -0.0028
-0.002775 -0.002775
-0.00275 -0.00275
-0.002725 -0.002725
-0.0027 -0.0027
-0.002675 -0.002675
-0.00265 -0.00265
-0.002625 -0.002625
-0.0026 -0.0026
-0.002575 -0.002575
-0.00255 -0.00255
-0.002525 -0.002525
-0.0025 -0.0025
-0.002475 -0.002475
-0.00245 -0.00245
-0.002425 -0.002425
-0.0024 -0.0024
-0.002375 -0.002375
-0.00235 -0.00235
-0.002325 -0.002325
-0.0023 -0.0023
-0.002275 -0.002275
-0.00225 -0.00225
-0.002225 -0.002225
-0.0022 -0.0022
-0.002175 -0.002175
-0.00215 -0.00215
-0.002125 -0.002125
-0.0021 -0.0021
-0.002075 -0.002075
-0.00205 -0.00205
-0.002025 -0.002025
-0.002 -0.002
-0.001975 -0.001975
-0.00195 -0.00195
-0.001925 -0.001925
-0.0019 -0.0019
-0.001875 -0.001875
-0.00185 -0.00185
-0.001825 -0.001825
-0.0018 -0.0018
-0.001775 -0.001775
-0.00175 -0.00175
-0.001725 -0.001725
-0.0017 -0.0017
-0.001675 -0.001675
-0.00165 -0.00165
-0.001625 -0.001625
-0.0016 -0.0016
-0.001575 -0.001575
-0.00155 -0.00155
-0.001525 -0.001525
-0.0015 -0.0015
-0.001475 -0.001475
-0.00145 -0.00145
-0.001425 -0.001425
-0.0014 -0.0014
-0.001375 -0.001375
-0.00135 -0.00135
-0.001325 -0.001325
-0.0013 -0.0013
-0.001275 -0.001275
-0.00125 -0.00125
-0.001225 -0.001225
-0.0012 -0.0012
-0.001175 -0.001175
-0.00115 -0.00115
-0.001125 -0.001125
-0.0011 -0.0011
-0.001075 -0.001075
-0.00105 -0.00105
-0.001025 -0.001025
-0.001 -0.001
-0.000975 -0.000975
-0.00095 -0.00095
-0.000925 -0.000925
-0.0009 -0.0009
-0.000875 -0.000875
-0.00085 -0.00085
-0.000825 -0.000825
-0.0008 -0.0008
-0.000775 -0.000775
-0.00075 -0.00075
-0.000725 -0.000725
-0.0007 -0.0007
-0.000675 -0.000675
-0.00065 -0.00065
-0.000625 -0.000625
-0.0006 -0.0006
-0.000575 -0.000575
-0.00055 -0.00055
-0.000525 -0.000525
-0.0005 -0.0005
-0.000475 -0.000475
-0.00045 -0.00045
-0.000425 -0.000425
-0.0004 -0.0004
-0.000375 -0.000375
-0.00035 -0.00035
-0.000325 -0.000325
-0.0003 -0.0003
-0.000275 -0.000275
-0.00025 -0.00025
-0.000225 -0.000225
-0.0002 -0.0002
-0.000175 -0.000175
-0.00015 -0.00015
-0.000125 -0.000125
-0.0001 -0.0001
-7.5e-05 -7.5e-05
-5e-05 -5e-05
-2.5e-05 -2.5e-05
-6.09864e-20 -6.09864e-20
2.5e-05 2.5e-05
5e-05 5e-05
7.5e-05 7.5e-05
0.0001 0.0001
0.000125 0.000125
0.00015 0.00015
0.000175 0.000175
0.0002 0.0002
0.000225 0.000225
0.00025 0.00025
0.000275 0.000275
0.0003 0.0003
0.000325 0.000325
0.00035 0.00035
0.000375 0.000375
0.0004 0.0004
0.000425 0.000425
0.00045 0.00045
0.000475 0.000475
0.0005 0.0005
0.000525 0.000525
0.00055 0.00055
0.000575 0.000575
0.0006 0.0006
0.000625 0.000625
0.00065 0.00065
0.000675 0.000675
0.0007 0.0007
0.000725 0.000725
0.00075 0.00075
0.000725 0.000725
0.0007 0.0007
0.000675 0.000675
0.00065 0.00065
0.000625 0.000625
0.0006 0.0006
0.000575 0.000575
0.00055 0.00055
0.000525 0.000525
0.0005 0.0005
0.000475 0.000475
0.00045 0.00045
0.000425 0.000425
0.0004 0.0004
0.000375 0.000375
0.00035 0.00035
0.000325 0.000325
0.0003 0.0003
0.000275 0.000275
0.00025 0.00025
0.000225 0.000225
0.0002 0.0002
0.000175 0.000175
0.00015 0.00015
0.000125 0.000125
0.0001 0.0001
7.5e-05 7.5e-05
5e-05 5e-05
2.5e-05 2.5e-05
-4.74338e-20 -4.74338e-20
-2.5e-05 -2.5e-05
-5e-05 -5e-05
-7.5e-05 -7.5e-05
-0.0001 -0.0001
-0.000125 -0.000125
-0.00015 -0.00015
-0.000175 -0.000175
-0.0002 -0.0002
-0.000225 -0.000225
-0.00025 -0.00025
-0.000275 -0.000275
-0.0003 -0.0003
-0.000325 -0.000325
-0.00035 -0.00035
-0.000375 -0.000375
-0.0004 -0.0004
-0.000425 -0.000425
-0.00045 -0.00045
-0.000475 -0.000475
-0.0005 -0.0005
-0.000525 -0.000525
-0.00055 -0.00055
-0.000575 -0.000575
-0.0006 -0.0006
-0.000625 -0.000625
-0.00065 -0.00065
-0.000675 -0.000675
-0.0007 -0.0007
-0.000725 -0.000725
-0.00075 -0.00075
-0.000775 -0.000775
-0.0008 -0.0008
-0.000825 -0.000825
-0.00085 -0.00085
-0.000875 -0.000875
-0.0009 -0.0009
-0.000925 -0.000925
-0.00095 -0.00095
-0.000975 -0.000975
-0.001 -0.001
-0.001025 -0.001025
-0.00105 -0.00105
-0.001075 -0.001075
-0.0011 -0.0011
-0.001125 -0.001125
-0.00115 -0.00115
-0.001175 -0.001175
-0.0012 -0.0012
-0.001225 -0.001225
-0.00125 -0.00125
-0.001275 -0.001275
-0.0013 -0.0013
-0.001325 -0.001325
-0.00135 -0.00135
-0.001375 -0.001375
-0.0014 -0.0014
-0.001425 -0.001425
-0.00145 -0.00145
-0.001475 -0.001475
-0.0015 -0.0015
-0.001525 -0.001525
-0.00155 -0.00155
-0.001575 -0.001575
-0.0016 -0.0016
-0.001625 -0.001625
-0.00165 -0.00165
-0.001675 -0.001675
-0.0017 -0.0017
-0.001725 -0.001725
-0.00175 -0.00175
-0.001775 -0.001775
-0.0018 -0.0018
-0.001825 -0.001825
-0.00185 -0.00185
-0.001875 -0.001875
-0.0019 -0.0019
-0.001925 -0.001925
-0.00195 -0.00195
-0.001975 -0.001975
-0.002 -0.002
-0.002025 -0.002025
-0.00205 -0.00205
-0.002075 -0.002075
-0.0021 -0.0021
-0.002125 -0.002125
-0.00215 -0.00215
-0.002175 -0.002175
-0.0022 -0.0022
-0.002225 -0.002225
-0.00225 -0.00225
-0.002275 -0.002275
-0.0023 -0.0023
-0.002325 -0.002325
-0.00235 -0.00235
-0.002375 -0.002375
-0.0024 -0.0024
-0.002425 -0.002425
-0.00245 -0.00245
-0.002475 -0.002475
-0.0025 -0.0025
-0.002525 -0.002525
-0.00255 -0.00255
-0.002575 -0.002575
-0.0026 -0.0026
-0.002625 -0.002625
-0.00265 -0.00265
-0.002675 -0.002675
-0.0027 -0.0027
-0.002725 -0.002725
-0.00275 -0.00275
-0.002775 -0.002775
-0.0028 -0.0028
-0.002825 -0.002825
-0.00285 -0.00285
-0.002875 -0.002875
-0.0029 -0.0029
-0.002925 -0.002925
-0.00295 -0.00295
-0.002975 -0.002975
-0.003 -0.003
-0.003025 -0.003025
-0.00305 -0.00305
-0.003075 -0.003075
-0.0031 -0.0031
-0.003125 -0.003125
-0.00315 -0.00315
-0.003175 -0.003175
-0.0032 -0.0032
-0.003225 -0.003225
-0.00325 -0.00325
-0.003275 -0.003275
-0.0033 -0.0033
-0.003325 -0.003325
-0.00335 -0.00335
-0.003375 -0.003375
-0.0034 -0.0034
-0.003425 -0.003425
-0.00345 -0.00345
-0.003475 -0.003475
-0.0035 -0.0035
-0.003525 -0.003525
-0.00355 -0.00355
-0.003575 -0.003575
-0.0036 -0.0036
-0.003625 -0.003625
-0.00365 -0.00365
-0.003675 -0.003675
-0.0037 -0.0037
-0.003725 -0.003725
-0.00375 -0.00375
-0.003775 -0.003775
-0.0038 -0.0038
-0.003825 -0.003825
-0.00385 -0.00385
-0.003875 -0.003875
-0.0039 -0.0039
-0.003925 -0.003925
-0.00395 -0.00395
-0.003975 -0.003975
-0.004 -0.004
-0.004025 -0.004025
-0.00405 -0.00405
-0.004075 -0.004075
-0.0041 -0.0041
-0.004125 -0.004125
-0.00415 -0.00415
-0.004175 -0.004175
-0.0042 -0.0042
-0.004225 -0.004225
-0.00425 -0.00425
-0.004275 -0.004275
-0.0043 -0.0043
-0.004325 -0.004325
-0.00435 -0.00435
-0.004375 -0.004375
-0.0044 -0.0044
-0.004425 -0.004425
-0.00445 -0.00445
-0.004475 -0.004475
-0.0045 -0.0045
-0.004525 -0.004525
-0.00455 -0.00455
-0.004575 -0.004575
-0.0046 -0.0046
-0.004625 -0.004625
-0.00465 -0.00465
-0.004675 -0.004675
-0.0047 -0.0047
-0.004725 -0.004725
-0.00475 -0.00475
-0.004775 -0.004775
-0.0048 -0.0048
-0.004825 -0.004825
-0.00485 -0.00485
-0.004875 -0.004875
-0.0049 -0.0049
-0.004925 -0.004925
-0.00495 -0.00495
-0.004975 -0.004975
-0.005 -0.005
-0.005025 -0.005025
-0.00505 -0.00505
-0.005075 -0.005075
-0.0051 -0.0051
-0.005125 -0.005125
-0.00515 -0.00515
-0.005175 -0.005175
-0.0052 -0.0052
-0.005225 -0.005225
-0.00525 -0.00525
-0.005275 -0.005275
-0.0053 -0.0053
-0.005325 -0.005325
-0.00535 -0.00535
-0.005375 -0.005375
-0.0054 -0.0054
-0.005425 -0.005425
-0.00545 -0.00545
-0.005475 -0.005475
-0.0055 -0.0055
-0.005525 -0.005525
-0.00555 -0.00555
-0.005575 -0.005575
-0.0056 -0.0056
-0.005625 -0.005625
-0.00565 -0.00565
-0.005675 -0.005675
-0.0057 -0.0057
-0.005725 -0.005725
-0.00575 -0.00575
-0.005775 -0.005775
-0.0058 -0.0058
-0.005825 -0.005825
-0.00585 -0.00585
-0.005875 -0.005875
-0.0059 -0.0059
-0.005925 -0.005925
-0.00595 -0.00595
-0.005975 -0.005975
-0.006 -0.006
-0.006025 -0.006025
-0.00605 -0.00605
-0.006075 -0.006075
-0.0061 -0.0061
-0.006125 -0.006125
-0.00615 -0.00615
-0.006175 -0.006175
-0.0062 -0.0062
-0.006225 -0.006225
-0.00625 -0.00625
-0.006275 -0.006275
-0.0063 -0.0063
-0.006325 -0.006325
-0.00635 -0.00635
-0.006375 -0.006375
-0.0064 -0.0064
-0.006425 -0.006425
-0.00645 -0.00645
-0.006475 -0.006475
-0.0065 -0.0065
-0.006525 -0.006525
-0.00655 -0.00655
-0.006575 -0.006575
-0.0066 -0.0066
-0.006625 -0.006625
-0.00665 -0.00665
-0.00667527 -0.006675
-0.00670087 -0.0067
-0.00672647 -0.006725
-0.00675206 -0.00675
-0.00677766 -0.006775
-0.00680326 -0.0068
-0.00682886 -0.006825
-0.00685446 -0.00685
-0.00688005 -0.006875
-0.00690565 -0.0069
-0.00693125 -0.006925
-0.00695685 -0.00695
-0.00698245 -0.006975
-0.00700804 -0.007
-0.00703364 -0.007025
-0.00705924 -0.00705
-0.00708484 -0.007075
-0.00711043 -0.0071
-0.00713603 -0.007125
-0.00716163 -0.00715
-0.00718723 -0.007175
-0.00721283 -0.0072
-0.00723842 -0.007225
-0.00726402 -0.00725
-0.00728962 -0.007275
-0.00731522 -0.0073
-0.00734082 -0.007325
-0.00736641 -0.00735
-0.00739201 -0.007375
-0.00741761 -0.0074
-0.00744321 -0.007425
-0.0074688 -0.00745
-0.0074944 -0.007475
-0.00752 -0.0075
-0.007545 -0.007525
-0.00757 -0.00755
-0.007595 -0.007575
-0.00762 -0.0076
-0.007645 -0.007625
-0.00767 -0.00765
-0.007695 -0.007675
-0.00772 -0.0077
-0.007745 -0.007725
-0.00777 -0.00775
-0.007795 -0.007775
-0.00782 -0.0078
-0.007845 -0.007825
-0.00787 -0.00785
-0.007895 -0.007875
-0.00792 -0.0079
-0.007945 -0.007925
-0.00797 -0.00795
-0.007995 -0.007975
-0.00802 -0.008
-0.008045 -0.008025
-0.00807 -0.00805
-0.008095 -0.008075
-0.00812 -0.0081
-0.008145 -0.008125
-0.00817 -0.00815
-0.008195 -0.008175
-0.00822 -0.0082
-0.008245 -0.008225
-0.00827 -0.00825
-0.008295 -0.008275
-0.00832 -0.0083
-0.008345 -0.008325
-0.00837 -0.00835
-0.008395 -0.008375
-0.00842 -0.0084
-0.008445 -0.008425
-0.00847 -0.00845
-0.008495 -0.008475
-0.00852 -0.0085
-0.008545 -0.008525
-0.00857 -0.00855
-0.008595 -0.008575
-0.00862 -0.0086
-0.008645 -0.008625
-0.00867 -0.00865
-0.008695 -0.008675
-0.00872 -0.0087
-0.008745 -0.008725
-0.00877 -0.00875
-0.00873923 -0.008725
-0.00870958 -0.0087
-0.00868432 -0.008675
-0.00865906 -0.00865
-0.00863379 -0.008625
-0.00860853 -0.0086
-0.00858327 -0.008575
-0.00855801 -0.00855
-0.00853274 -0.008525
-0.00850748 -0.0085
-0.00848222 -0.008475
-0.00845696 -0.00845
-0.00843169 -0.008425
-0.00840643 -0.0084
-0.00838117 -0.008375
-0.00835591 -0.00835
-0.00833064 -0.008325
-0.00830538 -0.0083
-0.00828012 -0.008275
-0.00825486 -0.00825
-0.00822959 -0.008225
-0.00820433 -0.0082
-0.00817907 -0.008175
-0.00815381 -0.00815
-0.00812854 -0.008125
-0.00810328 -0.0081
-0.00807802 -0.008075
-0.00805276 -0.00805
-0.0080275 -0.008025
-0.00800223 -0.008
-0.00797697 -0.007975
-0.00795171 -0.00795
-0.00792645 -0.007925
-0.00790118 -0.0079
-0.00787592 -0.007875
-0.00785066 -0.00785
-0.0078254 -0.007825
-0.00780013 -0.0078
-0.007775 -0.007775
-0.00775 -0.00775
-0.007725 -0.007725
-0.0077 -0.0077
-0.007675 -0.007675
-0.00765 -0.00765
-0.007625 -0.007625
-0.0076 -0.0076
-0.007575 -0.007575
-0.00755 -0.00755
-0.007525 -0.007525
-0.0075 -0.0075
-0.007475 -0.007475
-0.00745 -0.00745
-0.007425 -0.007425
-0.0074 -0.0074
-0.007375 -0.007375
-0.00735 -0.00735
-0.007325 -0.007325
-0.0073 -0.0073
-0.007275 -0.007275
-0.00725 -0.00725
-0.007225 -0.007225
-0.0072 -0.0072
-0.007175 -0.007175
-0.00715 -0.00715
-0.007125 -0.007125
-0.0071 -0.0071
-0.007075 -0.007075
-0.00705 -0.00705
-0.007025 -0.007025
-0.007 -0.007
-0.006975 -0.006975
-0.00695 -0.00695
-0.006925 -0.006925
-0.0069 -0.0069
-0.006875 -0.006875
-0.00685 -0.00685
-0.006825 -0.006825
-0.0068 -0.0068
-0.006775 -0.006775
-0.00675 -0.00675
-0.006725 -0.006725
-0.0067 -0.0067
-0.006675 -0.006675
-0.00665 -0.00665
-0.006625 -0.006625
-0.0066 -0.0066
-0.006575 -0.006575
-0.00655 -0.00655
-0.006525 -0.006525
-0.0065 -0.0065
-0.006475 -0.006475
-0.00645 -0.00645
-0.006425 -0.006425
-0.0064 -0.0064
-0.006375 -0.006375
-0.00635 -0.00635
-0.006325 -0.006325
-0.0063 -0.0063
-0.006275 -0.006275
-0.00625 -0.00625
-0.006225 -0.006225
-0.0062 -0.0062
-0.006175 -0.006175
-0.00615 -0.00615
-0.006125 -0.006125
-0.0061 -0.0061
-0.006075 -0.006075
-0.00605 -0.00605
-0.006025 -0.006025
-0.006 -0.006
-0.005975 -0.005975
-0.00595 -0.00595
-0.005925 -0.005925
-0.0059 -0.0059
-0.005875 -0.005875
-0.00585 -0.00585
-0.005825 -0.005825
-0.0058 -0.0058
-0.005775 -0.005775
-0.00575 -0.00575
-0.005725 -0.005725
-0.0057 -0.0057
-0.005675 -0.005675
-0.00565 -0.00565
-0.005625 -0.005625
-0.0056 -0.0056
-0.005575 -0.005575
-0.00555 -0.00555
-0.005525 -0.005525
-0.0055 -0.0055
-0.005475 -0.005475
-0.00545 -0.00545
-0.005425 -0.005425
-0.0054 -0.0054
-0.005375 -0.005375
-0.00535 -0.00535
-0.005325 -0.005325
-0.0053 -0.0053
-0.005275 -0.005275
-0.00525 -0.00525
-0.005225 -0.005225
-0.0052 -0.0052
-0.005175 -0.005175
-0.00515 -0.00515
-0.005125 -0.005125
-0.0051 -0.0051
-0.005075 -0.005075
-0.00505 -0.00505
-0.005025 -0.005025
-0.005 -0.005
-0.004975 -0.004975
-0.00495 -0.00495
-0.004925 -0.004925
-0.0049 -0.0049
-0.004875 -0.004875
-0.00485 -0.00485
-0.004825 -0.004825
-0.0048 -0.0048
-0.004775 -0.004775
-0.00475 -0.00475
-0.004725 -0.004725
-0.0047 -0.0047
-0.004675 -0.004675
-0.00465 -0.00465
-0.004625 -0.004625
-0.0046 -0.0046
-0.004575 -0.004575
-0.00455 -0.00455
-0.004525 -0.004525
-0.0045 -0.0045
-0.004475 -0.004475
-0.00445 -0.00445
-0.004425 -0.004425
-0.0044 -0.0044
-0.004375 -0.004375
-0.00435 -0.00435
-0.004325 -0.004325
-0.0043 -0.0043
-0.004275 -0.004275
-0.00425 -0.00425
-0.004225 -0.004225
-0.0042 -0.0042
-0.004175 -0.004175
-0.00415 -0.00415
-0.004125 -0.004125
-0.0041 -0.0041
-0.004075 -0.004075
-0.00405 -0.00405
-0.004025 -0.004025
-0.004 -0.004
-0.003975 -0.003975
-0.00395 -0.00395
-0.003925 -0.003925
-0.0039 -0.0039
-0.003875 -0.003875
-0.00385 -0.00385
-0.003825 -0.003825
-0.0038 -0.0038
-0.003775 -0.003775
-0.00375 -0.00375
-0.003725 -0.003725
-0.0037 -0.0037
-0.003675 -0.003675
-0.00365 -0.00365
-0.003625 -0.003625
-0.0036 -0.0036
-0.003575 -0.003575
-0.00355 -0.00355
-0.003525 -0.003525
-0.0035 -0.0035
-0.003475 -0.003475
-0.00345 -0.00345
-0.003425 -0.003425
-0.0034 -0.0034
-0.003375 -0.003375
-0.00335 -0.00335
-0.003325 -0.003325
-0.0033 -0.0033
-0.003275 -0.003275
-0.00325 -0.00325
-0.003225 -0.003225
-0.0032 -0.0032
-0.003175 -0.003175
-0.00315 -0.00315
-0.003125 -0.003125
-0.0031 -0.0031
-0.003075 -0.003075
-0.00305 -0.00305
-0.003025 -0.003025
-0.003 -0.003
-0.002975 -0.002975
-0.00295 -0.00295
-0.002925 -0.002925
-0.0029 -0.0029
-0.002875 -0.002875
-0.00285 -0.00285
-0.002825 -0.002825
-0.0028 -0.0028
-0.002775 -0.002775
-0.00275 -0.00275
-0.002725 -0.002725
-0.0027 -0.0027
-0.002675 -0.002675
-0.00265 -0.00265
-0.002625 -0.002625
-0.0026 -0.0026
-0.002575 -0.002575
-0.00255 -0.00255
-0.002525 -0.002525
-0.0025 -0.0025
-0.002475 -0.002475
-0.00245 -0.00245
-0.002425 -0.002425
-0.0024 -0.0024
-0.002375 -0.002375
-0.00235 -0.00235
-0.002325 -0.002325
-0.0023 -0.0023
-0.002275 -0.002275
-0.00225 -0.00225
-0.002225 -0.002225
-0.0022 -0.0022
-0.002175 -0.002175
-0.00215 -0.00215
-0.002125 -0.002125
-0.0021 -0.0021
-0.002075 -0.002075
-0.00205 -0.00205
-0.002025 -0.002025
-0.002 -0.002
-0.001975 -0.001975
-0.00195 -0.00195
-0.001925 -0.001925
-0.0019 -0.0019
-0.001875 -0.001875
-0.00185 -0.00185
-0.001825 -0.001825
-0.0018 -0.0018
-0.001775 -0.001775
-0.00175 -0.00175
-0.001725 -0.001725
-0.0017 -0.0017
-0.001675 -0.001675
-0.00165 -0.00165
-0.001625 -0.001625
-0.0016 -0.0016
-0.001575 -0.001575
-0.00155 -0.00155
-0.001525 -0.001525
-0.0015 -0.0015
-0.001475 -0.001475
-0.00145 -0.00145
-0.001425 -0.001425
-0.0014 -0.0014
-0.001375 -0.001375
-0.00135 -0.00135
-0.001325 -0.001325
-0.0013 -0.0013
-0.001275 -0.001275
-0.00125 -0.00125
-0.001225 -0.001225
-0.0012 -0.0012
-0.001175 -0.001175
-0.00115 -0.00115
-0.001125 -0.001125
-0.0011 -0.0011
-0.001075 -0.001075
-0.00105 -0.00105
-0.001025 -0.001025
-0.001 -0.001
-0.000975 -0.000975
-0.00095 -0.00095
-0.000925 -0.000925
-0.0009 -0.0009
-0.000875 -0.000875
-0.00085 -0.00085
-0.000825 -0.000825
-0.0008 -0.0008
-0.000775 -0.000775
-0.00075 -0.00075
-0.000725 -0.000725
-0.0007 -0.0007
-0.000675 -0.000675
-0.00065 -0.00065
-0.000625 -0.000625
-0.0006 -0.0006
-0.000575 -0.000575
-0.00055 -0.00055
-0.000525 -0.000525
-0.0005 -0.0005
-0.000475 -0.000475
-0.00045 -0.00045
-0.000425 -0.000425
-0.0004 -0.0004
-0.000375 -0.000375
-0.00035 -0.00035
-0.000325 -0.000325
-0.0003 -0.0003
-0.000275 -0.000275
-0.00025 -0.00025
-0.000225 -0.000225
-0.0002 -0.0002
-0.000175 -0.000175
-0.00015 -0.00015
-0.000125 -0.000125
-0.0001 -0.0001
-7.5e-05 -7.5e-05
-5e-05 -5e-05
-2.5e-05 -2.5e-05
-9.28348e-19 -9.28348e-19
2.5e-05 2.5e-05
5e-05 5e-05
7.5e-05 7.5e-05
0.0001 0.0001
0.000125 0.000125
0.00015 0.00015
0.000175 0.000175
0.0002 0.0002
0.000225 0.000225
0.00025 0.00025
0.000275 0.000275
0.0003 0.0003
0.000325 0.000325
0.00035 0.00035
0.000375 0.000375
0.0004 0.0004
0.000425 0.000425
0.00045 0.00045
0.000475 0.000475
0.0005 0.0005
0.000525 0.000525
0.00055 0.00055
0.000575 0.000575
0.0006 0.0006
0.000625 0.000625
0.00065 0.00065
0.000675 0.000675
0.0007 0.0007
0.000725 0.000725
0.00075 0.00075
0.000775 0.000775
0.0008 0.0008
0.000825 0.000825
0.00085 0.00085
0.000875 0.000875
0.00085 0.00085
0.000825 0.000825
0.0008 0.0008
0.000775 0.000775
0.00075 0.00075
0.000725 0.000725
0.0007 0.0007
0.000675 0.000675
0.00065 0.00065
0.000625 0.000625
0.0006 0.0006
0.000575 0.000575
0.00055 0.00055
0.000525 0.000525
0.0005 0.0005
0.000475 0.000475
0.00045 0.00045
0.000425 0.000425
0.0004 0.0004
0.000375 0.000375
0.00035 0.00035
0.000325 0.000325
0.0003 0.0003
0.000275 0.000275
0.00025 0.00025
0.000225 0.000225
0.0002 0.0002
0.000175 0.000175
0.00015 0.00015
0.000125 0.000125
0.0001 0.0001
7.5e-05 7.5e-05
5e-05 5e-05
2.5e-05 2.5e-05
-9.14796e-19 -9.14796e-19
