-2.91486e-05 -2.5e-05
-5.82607e-05 -5e-05
-8.73364e-05 -7.5e-05
-0.000116375 -0.0001
-0.000145377 -0.000125
-0.000174342 -0.00015
-0.00020327 -0.000175
-0.00023216 -0.0002
-0.000261012 -0.000225
-0.000289826 -0.00025
-0.000318602 -0.000275
-0.00034734 -0.0003
-0.000376039 -0.000325
-0.0004047 -0.00035
-0.000433321 -0.000375
-0.000461904 -0.0004
-0.000490447 -0.000425
-0.00051895 -0.00045
-0.000547414 -0.000475
-0.000575837 -0.0005
-0.00060422 -0.000525
-0.000632563 -0.00055
-0.000660864 -0.000575
-0.000689125 -0.0006
-0.000717345 -0.000625
-0.000745523 -0.00065
-0.00077366 -0.000675
-0.000801754 -0.0007
-0.000829807 -0.000725
-0.000857817 -0.00075
-0.000885784 -0.000775
-0.000913708 -0.0008
-0.00094159 -0.000825
-0.000969428 -0.00085
-0.000997222 -0.000875
-0.00102497 -0.0009
-0.00105268 -0.000925
-0.00108034 -0.00095
-0.00110796 -0.000975
-0.00113553 -0.001
-0.00116306 -0.001025
-0.00119054 -0.00105
-0.00121797 -0.001075
-0.00124536 -0.0011
-0.0012727 -0.001125
-0.0013 -0.00115
-0.00132725 -0.001175
-0.00135445 -0.0012
-0.00138161 -0.001225
-0.00140871 -0.00125
-0.00137955 -0.001225
-0.00135038 -0.0012
-0.00132121 -0.001175
-0.00129205 -0.00115
-0.00126288 -0.001125
-0.00123371 -0.0011
-0.00120455 -0.001075
-0.00117538 -0.00105
-0.00114621 -0.001025
-0.00111705 -0.001
-0.00108788 -0.000975
-0.00105871 -0.00095
-0.00102955 -0.000925
-0.00100038 -0.0009
-0.000971212 -0.000875
-0.000942045 -0.00085
-0.000912879 -0.000825
-0.000883712 -0.0008
-0.000854545 -0.000775
-0.000825379 -0.00075
-0.000796212 -0.000725
-0.000767045 -0.0007
-0.000737879 -0.000675
-0.000708712 -0.00065
-0.000679545 -0.000625
-0.000650379 -0.0006
-0.000621212 -0.000575
-0.000592045 -0.00055
-0.000562879 -0.000525
-0.000533712 -0.0005
-0.000504545 -0.000475
-0.000475379 -0.00045
-0.000447897 -0.000425
-0.000421004 -0.0004
-0.000394111 -0.000375
-0.000367218 -0.00035
-0.000340325 -0.000325
-0.000313432 -0.0003
-0.000286539 -0.000275
-0.000259646 -0.00025
-0.000232753 -0.000225
-0.00020586 -0.0002
-0.000178968 -0.000175
-0.000152075 -0.00015
-0.000125182 -0.000125
-9.6233e-05 -0.0001
-6.70664e-05 -7.5e-05
-3.78997e-05 -5e-05
-8.73303e-06 -2.5e-05
2.04336e-05 -6.09864e-20
4.96003e-05 2.5e-05
7.8767e-05 5e-05
0.000107934 7.5e-05
0.0001371 0.0001
0.0001631 0.000125
0.000134253 0.0001
0.000105406 7.5e-05
7.6559e-05 5e-05
4.77121e-05 2.5e-05
1.88653e-05 -4.74338e-20
-9.98159e-06 -2.5e-05
-3.88285e-05 -5e-05
-6.76753e-05 -7.5e-05
-9.65222e-05 -0.0001
-0.000125338 -0.000125
-0.000153857 -0.00015
-0.000182376 -0.000175
-0.000210896 -0.0002
-0.000239415 -0.000225
-0.000267935 -0.00025
-0.000296454 -0.000275
-0.000324974 -0.0003
-0.000353493 -0.000325
-0.000382013 -0.00035
-0.000410532 -0.000375
-0.000439051 -0.0004
-0.000467571 -0.000425
-0.00049609 -0.00045
-0.00052461 -0.000475
-0.000553129 -0.0005
-0.000581649 -0.000525
-0.000610168 -0.00055
-0.000638687 -0.000575
-0.000667207 -0.0006
-0.000695726 -0.000625
-0.000724246 -0.00065
-0.000752765 -0.000675
-0.000781285 -0.0007
-0.000809804 -0.000725
-0.000838323 -0.00075
-0.000866843 -0.000775
-0.000895362 -0.0008
-0.000923882 -0.000825
-0.000952401 -0.00085
-0.000980921 -0.000875
-0.00100944 -0.0009
-0.00103796 -0.000925
-0.00106648 -0.00095
-0.001095 -0.000975
-0.00112352 -0.001
-0.00115204 -0.001025
-0.00118056 -0.00105
-0.00120908 -0.001075
-0.0012376 -0.0011
-0.00126611 -0.001125
-0.00129463 -0.00115
-0.00132315 -0.001175
-0.00135167 -0.0012
-0.00138019 -0.001225
-0.00140871 -0.00125
-0.00143577 -0.001275
-0.00146278 -0.0013
-0.00148974 -0.001325
-0.00151665 -0.00135
-0.00154352 -0.001375
-0.00157033 -0.0014
-0.00159709 -0.001425
-0.00162381 -0.00145
-0.00165047 -0.001475
-0.00167708 -0.0015
-0.00170364 -0.001525
-0.00173015 -0.00155
-0.0017566 -0.001575
-0.00178301 -0.0016
-0.00180936 -0.001625
-0.00183565 -0.00165
-0.0018619 -0.001675
-0.00188809 -0.0017
-0.00191422 -0.001725
-0.00194031 -0.00175
-0.00196633 -0.001775
-0.0019923 -0.0018
-0.00201822 -0.001825
-0.00204408 -0.00185
-0.00206988 -0.001875
-0.00209563 -0.0019
-0.00212132 -0.001925
-0.00214695 -0.00195
-0.00217252 -0.001975
-0.00219804 -0.002
-0.00222349 -0.002025
-0.00224889 -0.00205
-0.00227423 -0.002075
-0.0022995 -0.0021
-0.00232472 -0.002125
-0.00234988 -0.00215
-0.00237497 -0.002175
-0.0024 -0.0022
-0.00242382 -0.002225
-0.00244764 -0.00225
-0.00247147 -0.002275
-0.00249529 -0.0023
-0.00251911 -0.002325
-0.00254293 -0.00235
-0.00256675 -0.002375
-0.00259058 -0.0024
-0.0026144 -0.002425
-0.00263822 -0.00245
-0.00266204 -0.002475
-0.00268586 -0.0025
-0.00270969 -0.002525
-0.00273351 -0.00255
-0.00275733 -0.002575
-0.00278115 -0.0026
-0.00280497 -0.002625
-0.0028288 -0.00265
-0.00285262 -0.002675
-0.00287644 -0.0027
-0.00290026 -0.002725
-0.00292408 -0.00275
-0.00294791 -0.002775
-0.00297173 -0.0028
-0.00299555 -0.002825
-0.00301937 -0.00285
-0.00304319 -0.002875
-0.00306702 -0.0029
-0.00309084 -0.002925
-0.00311466 -0.00295
-0.00313848 -0.002975
-0.0031623 -0.003
-0.00318613 -0.003025
-0.00320995 -0.00305
-0.00323377 -0.003075
-0.00325759 -0.0031
-0.00328141 -0.003125
-0.00330524 -0.00315
-0.00332906 -0.003175
-0.00335288 -0.0032
-0.0033767 -0.003225
-0.00340052 -0.00325
-0.00342435 -0.003275
-0.00344817 -0.0033
-0.00347199 -0.003325
-0.00349581 -0.00335
-0.00351963 -0.003375
-0.00354346 -0.0034
-0.00356728 -0.003425
-0.0035911 -0.00345
-0.00361492 -0.003475
-0.00363874 -0.0035
-0.00366257 -0.003525
-0.00368639 -0.00355
-0.00371021 -0.003575
-0.00373403 -0.0036
-0.00375785 -0.003625
-0.00378168 -0.00365
-0.0038055 -0.003675
-0.00382932 -0.0037
-0.00385314 -0.003725
-0.00387696 -0.00375
-0.0038478 -0.003725
-0.00381863 -0.0037
-0.00378946 -0.003675
-0.0037603 -0.00365
-0.00373113 -0.003625
-0.00370196 -0.0036
-0.0036728 -0.003575
-0.00364363 -0.00355
-0.00361446 -0.003525
-0.0035853 -0.0035
-0.00355613 -0.003475
-0.00352696 -0.00345
-0.0034978 -0.003425
-0.00346863 -0.0034
-0.00343946 -0.003375
-0.0034103 -0.00335
-0.00338113 -0.003325
-0.00335278 -0.0033
-0.00332708 -0.003275
-0.00330139 -0.00325
-0.0032757 -0.003225
-0.00325001 -0.0032
-0.00322431 -0.003175
-0.00319862 -0.00315
-0.00317293 -0.003125
-0.00314724 -0.0031
-0.00312154 -0.003075
-0.00309585 -0.00305
-0.00307016 -0.003025
-0.00304447 -0.003
-0.00301877 -0.002975
-0.00299308 -0.00295
-0.00296739 -0.002925
-0.0029417 -0.0029
-0.002916 -0.002875
-0.00289031 -0.00285
-0.00286462 -0.002825
-0.00283893 -0.0028
-0.00281323 -0.002775
-0.00278754 -0.00275
-0.00276185 -0.002725
-0.00273616 -0.0027
-0.00271046 -0.002675
-0.00268477 -0.00265
-0.00265908 -0.002625
-0.00263339 -0.0026
-0.00260769 -0.002575
-0.002582 -0.00255
-0.00255631 -0.002525
-0.00253062 -0.0025
-0.00250492 -0.002475
-0.00247923 -0.00245
-0.00245354 -0.002425
-0.00242785 -0.0024
-0.00240215 -0.002375
-0.00237646 -0.00235
-0.00235077 -0.002325
-0.00232508 -0.0023
-0.00229938 -0.002275
-0.00227369 -0.00225
-0.002248 -0.002225
-0.00222231 -0.0022
-0.00219662 -0.002175
-0.00217092 -0.00215
-0.00214523 -0.002125
-0.00211954 -0.0021
-0.00209385 -0.002075
-0.00206815 -0.00205
-0.00204246 -0.002025
-0.00201677 -0.002
-0.00199108 -0.001975
-0.00196538 -0.00195
-0.00193969 -0.001925
-0.001914 -0.0019
-0.00188831 -0.001875
-0.00186261 -0.00185
-0.00183692 -0.001825
-0.00181123 -0.0018
-0.00178554 -0.001775
-0.00175984 -0.00175
-0.00173415 -0.001725
-0.00170846 -0.0017
-0.00168277 -0.001675
-0.00165707 -0.00165
-0.00163138 -0.001625
-0.00160569 -0.0016
-0.00158 -0.001575
-0.0015543 -0.00155
-0.00152861 -0.001525
-0.00150292 -0.0015
-0.00147723 -0.001475
-0.00145153 -0.00145
-0.00142584 -0.001425
-0.00140015 -0.0014
-0.00137198 -0.001375
-0.00134313 -0.00135
-0.00131429 -0.001325
-0.00128544 -0.0013
-0.00125659 -0.001275
-0.00122775 -0.00125
-0.0011989 -0.001225
-0.00117005 -0.0012
-0.00114121 -0.001175
-0.00111236 -0.00115
-0.00109241 -0.001125
-0.00107366 -0.0011
-0.00105491 -0.001075
-0.00103616 -0.00105
-0.00101741 -0.001025
-0.000998656 -0.001
-0.000975 -0.000975
-0.00095 -0.00095
-0.000925 -0.000925
-0.0009 -0.0009
-0.000875 -0.000875
-0.00085 -0.00085
-0.000825 -0.000825
-0.0008 -0.0008
-0.000775 -0.000775
-0.00075 -0.00075
-0.000725 -0.000725
-0.0007 -0.0007
-0.000675 -0.000675
-0.00065 -0.00065
-0.000625 -0.000625
-0.0006 -0.0006
-0.000575 -0.000575
-0.00055 -0.00055
-0.000525 -0.000525
-0.0005 -0.0005
-0.000475 -0.000475
-0.00045 -0.00045
-0.000425 -0.000425
-0.0004 -0.0004
-0.000375 -0.000375
-0.00035 -0.00035
-0.000325 -0.000325
-0.0003 -0.0003
-0.000275 -0.000275
-0.00025 -0.00025
-0.000225 -0.000225
-0.0002 -0.0002
-0.000175 -0.000175
-0.00015 -0.00015
-0.000125 -0.000125
-0.0001 -0.0001
-7.5e-05 -7.5e-05
-5e-05 -5e-05
-2.5e-05 -2.5e-05
-6.09864e-20 -6.09864e-20
2.5e-05 2.5e-05
5e-05 5e-05
7.5e-05 7.5e-05
0.0001 0.0001
0.000125 0.000125
0.00015 0.00015
0.000175 0.000175
0.0002 0.0002
0.000225 0.000225
0.00025 0.00025
0.000275 0.000275
0.0003 0.0003
0.000325 0.000325
0.00035 0.00035
0.000375 0.000375
0.00035 0.00035
0.000325 0.000325
0.0003 0.0003
0.000275 0.000275
0.00025 0.00025
0.000225 0.000225
0.0002 0.0002
0.000175 0.000175
0.00015 0.00015
0.000125 0.000125
0.0001 0.0001
7.5e-05 7.5e-05
5e-05 5e-05
2.5e-05 2.5e-05
-4.74338e-20 -4.74338e-20
-2.5e-05 -2.5e-05
-5e-05 -5e-05
-7.5e-05 -7.5e-05
-0.0001 -0.0001
-0.000125 -0.000125
-0.00015 -0.00015
-0.000175 -0.000175
-0.0002 -0.0002
-0.000225 -0.000225
-0.00025 -0.00025
-0.000275 -0.000275
-0.0003 -0.0003
-0.000325 -0.000325
-0.00035 -0.00035
-0.000375 -0.000375
-0.0004 -0.0004
-0.000425 -0.000425
-0.00045 -0.00045
-0.000475 -0.000475
-0.0005 -0.0005
-0.000525 -0.000525
-0.00055 -0.00055
-0.000575 -0.000575
-0.0006 -0.0006
-0.000625 -0.000625
-0.00065 -0.00065
-0.000675 -0.000675
-0.0007 -0.0007
-0.000725 -0.000725
-0.00075 -0.00075
-0.000775 -0.000775
-0.0008 -0.0008
-0.000825 -0.000825
-0.00085 -0.00085
-0.000875 -0.000875
-0.0009 -0.0009
-0.000925 -0.000925
-0.00095 -0.00095
-0.000975 -0.000975
-0.001 -0.001
-0.001025 -0.001025
-0.00105 -0.00105
-0.001075 -0.001075
-0.0011 -0.0011
-0.001125 -0.001125
-0.00115 -0.00115
-0.001175 -0.001175
-0.0012 -0.0012
-0.001225 -0.001225
-0.00125 -0.00125
-0.001275 -0.001275
-0.0013 -0.0013
-0.001325 -0.001325
-0.00135 -0.00135
-0.001375 -0.001375
-0.00140029 -0.0014
-0.00142664 -0.001425
-0.00145298 -0.00145
-0.00147933 -0.001475
-0.00150568 -0.0015
-0.00153203 -0.001525
-0.00155838 -0.00155
-0.00158472 -0.001575
-0.00161107 -0.0016
-0.00163742 -0.001625
-0.00166377 -0.00165
-0.00169011 -0.001675
-0.00171646 -0.0017
-0.00174281 -0.001725
-0.00176916 -0.00175
-0.0017955 -0.001775
-0.00182185 -0.0018
-0.0018482 -0.001825
-0.00187455 -0.00185
-0.00190089 -0.001875
-0.00192724 -0.0019
-0.00195359 -0.001925
-0.00197994 -0.00195
-0.00200628 -0.001975
-0.00203263 -0.002
-0.00205898 -0.002025
-0.00208533 -0.00205
-0.00211167 -0.002075
-0.00213802 -0.0021
-0.00216437 -0.002125
-0.00219072 -0.00215
-0.00221707 -0.002175
-0.00224341 -0.0022
-0.00226976 -0.002225
-0.00229611 -0.00225
-0.00232246 -0.002275
-0.0023488 -0.0023
-0.00237515 -0.002325
-0.0024015 -0.00235
-0.00242785 -0.002375
-0.00245419 -0.0024
-0.00248054 -0.002425
-0.00250689 -0.00245
-0.00253324 -0.002475
-0.00255958 -0.0025
-0.00258593 -0.002525
-0.00261228 -0.00255
-0.00263863 -0.002575
-0.00266497 -0.0026
-0.00269132 -0.002625
-0.00271767 -0.00265
-0.00274402 -0.002675
-0.00277036 -0.0027
-0.00279671 -0.002725
-0.00282306 -0.00275
-0.00284941 -0.002775
-0.00287575 -0.0028
-0.0029021 -0.002825
-0.00292845 -0.00285
-0.0029548 -0.002875
-0.00298115 -0.0029
-0.00300749 -0.002925
-0.00303384 -0.00295
-0.00306019 -0.002975
-0.00308654 -0.003
-0.00311288 -0.003025
-0.00313923 -0.00305
-0.00316558 -0.003075
-0.00319193 -0.0031
-0.00321827 -0.003125
-0.00324462 -0.00315
-0.00327097 -0.003175
-0.00329732 -0.0032
-0.00332366 -0.003225
-0.00335001 -0.00325
-0.00337636 -0.003275
-0.00340271 -0.0033
-0.00342905 -0.003325
-0.0034554 -0.00335
-0.00348175 -0.003375
-0.0035081 -0.0034
-0.00353444 -0.003425
-0.00356079 -0.00345
-0.00358714 -0.003475
-0.00361349 -0.0035
-0.00363984 -0.003525
-0.00366618 -0.00355
-0.00369253 -0.003575
-0.00371888 -0.0036
-0.00374523 -0.003625
-0.00377157 -0.00365
-0.00379792 -0.003675
-0.00382427 -0.0037
-0.00385062 -0.003725
-0.00387696 -0.00375
-0.00390079 -0.003775
-0.00392461 -0.0038
-0.00394843 -0.003825
-0.00397225 -0.00385
-0.00399607 -0.003875
-0.0040199 -0.0039
-0.00404372 -0.003925
-0.00406754 -0.00395
-0.00409136 -0.003975
-0.00411518 -0.004
-0.00413901 -0.004025
-0.00416283 -0.00405
-0.00418665 -0.004075
-0.00421047 -0.0041
-0.00423429 -0.004125
-0.00425812 -0.00415
-0.00428194 -0.004175
-0.00430576 -0.0042
-0.00432958 -0.004225
-0.0043534 -0.00425
-0.00437723 -0.004275
-0.00440105 -0.0043
-0.00442487 -0.004325
-0.00444869 -0.00435
-0.00447251 -0.004375
-0.00449634 -0.0044
-0.00452016 -0.004425
-0.00454398 -0.00445
-0.0045678 -0.004475
-0.00459162 -0.0045
-0.00461545 -0.004525
-0.00463927 -0.00455
-0.00466309 -0.004575
-0.00468691 -0.0046
-0.00471073 -0.004625
-0.00473455 -0.00465
-0.00475838 -0.004675
-0.0047822 -0.0047
-0.00480602 -0.004725
-0.00482984 -0.00475
-0.00485366 -0.004775
-0.00487749 -0.0048
-0.00490131 -0.004825
-0.00492513 -0.00485
-0.00494895 -0.004875
-0.00497277 -0.0049
-0.0049966 -0.004925
-0.00502042 -0.00495
-0.00504424 -0.004975
-0.00506806 -0.005
-0.0050389 -0.004975
-0.00500973 -0.00495
-0.00498056 -0.004925
-0.0049514 -0.0049
-0.00492223 -0.004875
-0.00489306 -0.00485
-0.0048639 -0.004825
-0.00483473 -0.0048
-0.00480596 -0.004775
-0.00478056 -0.00475
-0.00475516 -0.004725
-0.00472976 -0.0047
-0.00470436 -0.004675
-0.00467896 -0.00465
-0.00465355 -0.004625
-0.00462815 -0.0046
-0.00460275 -0.004575
-0.00457735 -0.00455
-0.00455195 -0.004525
-0.00452655 -0.0045
-0.00450114 -0.004475
-0.00447574 -0.00445
-0.00445034 -0.004425
-0.00442494 -0.0044
-0.00439954 -0.004375
-0.00437414 -0.00435
-0.00434874 -0.004325
-0.00432333 -0.0043
-0.00429793 -0.004275
-0.00427253 -0.00425
-0.00424713 -0.004225
-0.00422173 -0.0042
-0.00419633 -0.004175
-0.00417092 -0.00415
-0.00414552 -0.004125
-0.00412012 -0.0041
-0.00409472 -0.004075
-0.00406932 -0.00405
-0.00404392 -0.004025
-0.00401851 -0.004
-0.00399311 -0.003975
-0.00396771 -0.00395
-0.00394231 -0.003925
-0.00391691 -0.0039
-0.00389151 -0.003875
-0.00386611 -0.00385
-0.0038407 -0.003825
-0.0038153 -0.0038
-0.0037899 -0.003775
-0.0037645 -0.00375
-0.0037391 -0.003725
-0.0037137 -0.0037
-0.00368829 -0.003675
-0.00366289 -0.00365
-0.00363749 -0.003625
-0.00361209 -0.0036
-0.00358669 -0.003575
-0.00356129 -0.00355
-0.00353588 -0.003525
-0.00351048 -0.0035
-0.00348508 -0.003475
-0.00345968 -0.00345
-0.00343428 -0.003425
-0.00340888 -0.0034
-0.00338348 -0.003375
-0.00335807 -0.00335
-0.00333267 -0.003325
-0.00330727 -0.0033
-0.00328187 -0.003275
-0.00325647 -0.00325
-0.00323107 -0.003225
-0.00320566 -0.0032
-0.00318026 -0.003175
-0.00315486 -0.00315
-0.00312946 -0.003125
-0.00310406 -0.0031
-0.00307866 -0.003075
-0.00305325 -0.00305
-0.00302785 -0.003025
-0.00300245 -0.003
-0.00297705 -0.002975
-0.00295165 -0.00295
-0.00292625 -0.002925
-0.00290084 -0.0029
-0.00287544 -0.002875
-0.00285004 -0.00285
-0.002825 -0.002825
-0.0028 -0.0028
-0.002775 -0.002775
-0.00275 -0.00275
-0.002725 -0.002725
-0.0027 -0.0027
-0.002675 -0.002675
-0.00265 -0.00265
-0.002625 -0.002625
-0.0026 -0.0026
-0.002575 -0.002575
-0.00255 -0.00255
-0.002525 -0.002525
-0.0025 -0.0025
-0.002475 -0.002475
-0.00245 -0.00245
-0.002425 -0.002425
-0.0024 -0.0024
-0.002375 -0.002375
-0.00235 -0.00235
-0.002325 -0.002325
-0.0023 -0.0023
-0.002275 -0.002275
-0.00225 -0.00225
-0.002225 -0.002225
-0.0022 -0.0022
-0.002175 -0.002175
-0.00215 -0.00215
-0.002125 -0.002125
-0.0021 -0.0021
-0.002075 -0.002075
-0.00205 -0.00205
-0.002025 -0.002025
-0.002 -0.002
-0.001975 -0.001975
-0.00195 -0.00195
-0.001925 -0.001925
-0.0019 -0.0019
-0.001875 -0.001875
-0.00185 -0.00185
-0.001825 -0.001825
-0.0018 -0.0018
-0.001775 -0.001775
-0.00175 -0.00175
-0.001725 -0.001725
-0.0017 -0.0017
-0.001675 -0.001675
-0.00165 -0.00165
-0.001625 -0.001625
-0.0016 -0.0016
-0.001575 -0.001575
-0.00155 -0.00155
-0.001525 -0.001525
-0.0015 -0.0015
-0.001475 -0.001475
-0.00145 -0.00145
-0.001425 -0.001425
-0.0014 -0.0014
-0.001375 -0.001375
-0.00135 -0.00135
-0.001325 -0.001325
-0.0013 -0.0013
-0.001275 -0.001275
-0.00125 -0.00125
-0.001225 -0.001225
-0.0012 -0.0012
-0.001175 -0.001175
-0.00115 -0.00115
-0.001125 -0.001125
-0.0011 -0.0011
-0.001075 -0.001075
-0.00105 -0.00105
-0.001025 -0.001025
-0.001 -0.001
-0.000975 -0.000975
-0.00095 -0.00095
-0.000925 -0.000925
-0.0009 -0.0009
-0.000875 -0.000875
-0.00085 -0.00085
-0.000825 -0.000825
-0.0008 -0.0008
-0.000775 -0.000775
-0.00075 -0.00075
-0.000725 -0.000725
-0.0007 -0.0007
-0.000675 -0.000675
-0.00065 -0.00065
-0.000625 -0.000625
-0.0006 -0.0006
-0.000575 -0.000575
-0.00055 -0.00055
-0.000525 -0.000525
-0.0005 -0.0005
-0.000475 -0.000475
-0.00045 -0.00045
-0.000425 -0.000425
-0.0004 -0.0004
-0.000375 -0.000375
-0.00035 -0.00035
-0.000325 -0.000325
-0.0003 -0.0003
-0.000275 -0.000275
-0.00025 -0.00025
-0.000225 -0.000225
-0.0002 -0.0002
-0.000175 -0.000175
-0.00015 -0.00015
-0.000125 -0.000125
-0.0001 -0.0001
-7.5e-05 -7.5e-05
-5e-05 -5e-05
-2.5e-05 -2.5e-05
-6.09864e-20 -6.09864e-20
2.5e-05 2.5e-05
5e-05 5e-05
7.5e-05 7.5e-05
0.0001 0.0001
0.000125 0.000125
0.00015 0.00015
0.000175 0.000175
0.0002 0.0002
0.000225 0.000225
0.00025 0.00025
0.000275 0.000275
0.0003 0.0003
0.000325 0.000325
0.00035 0.00035
0.000375 0.000375
0.0004 0.0004
0.000425 0.000425
0.00045 0.00045
0.000475 0.000475
0.0005 0.0005
0.000475 0.000475
0.00045 0.00045
0.000425 0.000425
0.0004 0.0004
0.000375 0.000375
0.00035 0.00035
0.000325 0.000325
0.0003 0.0003
0.000275 0.000275
0.00025 0.00025
0.000225 0.000225
0.0002 0.0002
0.000175 0.000175
0.00015 0.00015
0.000125 0.000125
0.0001 0.0001
7.5e-05 7.5e-05
5e-05 5e-05
2.5e-05 2.5e-05
-4.74338e-20 -4.74338e-20
-2.5e-05 -2.5e-05
-5e-05 -5e-05
-7.5e-05 -7.5e-05
-0.0001 -0.0001
-0.000125 -0.000125
-0.00015 -0.00015
-0.000175 -0.000175
-0.0002 -0.0002
-0.000225 -0.000225
-0.00025 -0.00025
-0.000275 -0.000275
-0.0003 -0.0003
-0.000325 -0.000325
-0.00035 -0.00035
-0.000375 -0.000375
-0.0004 -0.0004
-0.000425 -0.000425
-0.00045 -0.00045
-0.000475 -0.000475
-0.0005 -0.0005
-0.000525 -0.000525
-0.00055 -0.00055
-0.000575 -0.000575
-0.0006 -0.0006
-0.000625 -0.000625
-0.00065 -0.00065
-0.000675 -0.000675
-0.0007 -0.0007
-0.000725 -0.000725
-0.00075 -0.00075
-0.000775 -0.000775
-0.0008 -0.0008
-0.000825 -0.000825
-0.00085 -0.00085
-0.000875 -0.000875
-0.0009 -0.0009
-0.000925 -0.000925
-0.00095 -0.00095
-0.000975 -0.000975
-0.001 -0.001
-0.001025 -0.001025
-0.00105 -0.00105
-0.001075 -0.001075
-0.0011 -0.0011
-0.001125 -0.001125
-0.00115 -0.00115
-0.001175 -0.001175
-0.0012 -0.0012
-0.001225 -0.001225
-0.00125 -0.00125
-0.001275 -0.001275
-0.0013 -0.0013
-0.001325 -0.001325
-0.00135 -0.00135
-0.001375 -0.001375
-0.0014 -0.0014
-0.001425 -0.001425
-0.00145 -0.00145
-0.001475 -0.001475
-0.0015 -0.0015
-0.001525 -0.001525
-0.00155 -0.00155
-0.001575 -0.001575
-0.0016 -0.0016
-0.001625 -0.001625
-0.00165 -0.00165
-0.001675 -0.001675
-0.0017 -0.0017
-0.001725 -0.001725
-0.00175 -0.00175
-0.001775 -0.001775
-0.0018 -0.0018
-0.001825 -0.001825
-0.00185 -0.00185
-0.001875 -0.001875
-0.0019 -0.0019
-0.001925 -0.001925
-0.00195 -0.00195
-0.001975 -0.001975
-0.002 -0.002
-0.002025 -0.002025
-0.00205 -0.00205
-0.002075 -0.002075
-0.0021 -0.0021
-0.002125 -0.002125
-0.00215 -0.00215
-0.002175 -0.002175
-0.0022 -0.0022
-0.002225 -0.002225
-0.00225 -0.00225
-0.002275 -0.002275
-0.0023 -0.0023
-0.002325 -0.002325
-0.00235 -0.00235
-0.002375 -0.002375
-0.0024 -0.0024
-0.002425 -0.002425
-0.00245 -0.00245
-0.002475 -0.002475
-0.0025 -0.0025
-0.002525 -0.002525
-0.00255 -0.00255
-0.002575 -0.002575
-0.0026 -0.0026
-0.002625 -0.002625
-0.00265 -0.00265
-0.002675 -0.002675
-0.0027 -0.0027
-0.002725 -0.002725
-0.00275 -0.00275
-0.002775 -0.002775
-0.0028 -0.0028
-0.002825 -0.002825
-0.00285008 -0.00285
-0.00287587 -0.002875
-0.00290166 -0.0029
-0.00292745 -0.002925
-0.00295324 -0.00295
-0.00297903 -0.002975
-0.00300482 -0.003
-0.00303062 -0.003025
-0.00305641 -0.00305
-0.0030822 -0.003075
-0.00310799 -0.0031
-0.00313378 -0.003125
-0.00315957 -0.00315
-0.00318536 -0.003175
-0.00321115 -0.0032
-0.00323694 -0.003225
-0.00326273 -0.00325
-0.00328852 -0.003275
-0.00331431 -0.0033
-0.0033401 -0.003325
-0.00336589 -0.00335
-0.00339168 -0.003375
-0.00341747 -0.0034
-0.00344326 -0.003425
-0.00346905 -0.00345
-0.00349484 -0.003475
-0.00352063 -0.0035
-0.00354642 -0.003525
-0.00357222 -0.00355
-0.00359801 -0.003575
-0.0036238 -0.0036
-0.00364959 -0.003625
-0.00367538 -0.00365
-0.00370117 -0.003675
-0.00372696 -0.0037
-0.00375275 -0.003725
-0.00377854 -0.00375
-0.00380433 -0.003775
-0.00383012 -0.0038
-0.00385591 -0.003825
-0.0038817 -0.00385
-0.00390749 -0.003875
-0.00393328 -0.0039
-0.00395907 -0.003925
-0.00398486 -0.00395
-0.00401065 -0.003975
-0.00403644 -0.004
-0.00406223 -0.004025
-0.00408802 -0.00405
-0.00411382 -0.004075
-0.00413961 -0.0041
-0.0041654 -0.004125
-0.00419119 -0.00415
-0.00421698 -0.004175
-0.00424277 -0.0042
-0.00426856 -0.004225
-0.00429435 -0.00425
-0.00432014 -0.004275
-0.00434593 -0.0043
-0.00437172 -0.004325
-0.00439751 -0.00435
-0.0044233 -0.004375
-0.00444909 -0.0044
-0.00447488 -0.004425
-0.00450067 -0.00445
-0.00452646 -0.004475
-0.00455225 -0.0045
-0.00457804 -0.004525
-0.00460383 -0.00455
-0.00462962 -0.004575
-0.00465542 -0.0046
-0.00468121 -0.004625
-0.004707 -0.00465
-0.00473279 -0.004675
-0.00475858 -0.0047
-0.00478437 -0.004725
-0.00481016 -0.00475
-0.00483595 -0.004775
-0.00486174 -0.0048
-0.00488753 -0.004825
-0.00491332 -0.00485
-0.00493911 -0.004875
-0.0049649 -0.0049
-0.00499069 -0.004925
-0.00501648 -0.00495
-0.00504227 -0.004975
-0.00506806 -0.005
-0.00509188 -0.005025
-0.00511571 -0.00505
-0.00513953 -0.005075
-0.00516335 -0.0051
-0.00518717 -0.005125
-0.00521099 -0.00515
-0.00523482 -0.005175
-0.00525864 -0.0052
-0.00528246 -0.005225
-0.00530628 -0.00525
-0.0053301 -0.005275
-0.00535393 -0.0053
-0.00537775 -0.005325
-0.00540157 -0.00535
-0.00542539 -0.005375
-0.00544921 -0.0054
-0.00547304 -0.005425
-0.00549686 -0.00545
-0.00552068 -0.005475
-0.0055445 -0.0055
-0.00556832 -0.005525
-0.00559215 -0.00555
-0.00561597 -0.005575
-0.00563979 -0.0056
-0.00566361 -0.005625
-0.00568743 -0.00565
-0.00571126 -0.005675
-0.00573508 -0.0057
-0.0057589 -0.005725
-0.00578272 -0.00575
-0.00580654 -0.005775
-0.00583037 -0.0058
-0.00585419 -0.005825
-0.00587801 -0.00585
-0.00590183 -0.005875
-0.00592565 -0.0059
-0.00594948 -0.005925
-0.0059733 -0.00595
-0.00599712 -0.005975
-0.00602094 -0.006
-0.006045 -0.006025
-0.00607 -0.00605
-0.006095 -0.006075
-0.00612 -0.0061
-0.006145 -0.006125
-0.00617 -0.00615
-0.006195 -0.006175
-0.00622 -0.0062
-0.006245 -0.006225
-0.00627 -0.00625
-0.00624083 -0.006225
-0.00621167 -0.0062
-0.00618438 -0.006175
-0.00615914 -0.00615
-0.0061339 -0.006125
-0.00610866 -0.0061
-0.00608342 -0.006075
-0.00605818 -0.00605
-0.00603294 -0.006025
-0.0060077 -0.006
-0.00598246 -0.005975
-0.00595723 -0.00595
-0.00593199 -0.005925
-0.00590675 -0.0059
-0.00588151 -0.005875
-0.00585627 -0.00585
-0.00583103 -0.005825
-0.00580579 -0.0058
-0.00578055 -0.005775
-0.00575531 -0.00575
-0.00573007 -0.005725
-0.00570483 -0.0057
-0.00567959 -0.005675
-0.00565435 -0.00565
-0.00562912 -0.005625
-0.00560388 -0.0056
-0.00557864 -0.005575
-0.0055534 -0.00555
-0.00552816 -0.005525
-0.00550292 -0.0055
-0.00547768 -0.005475
-0.00545244 -0.00545
-0.0054272 -0.005425
-0.00540196 -0.0054
-0.00537672 -0.005375
-0.00535148 -0.00535
-0.00532624 -0.005325
-0.00530101 -0.0053
-0.00527577 -0.005275
-0.00525053 -0.00525
-0.00522529 -0.005225
-0.00520005 -0.0052
-0.005175 -0.005175
-0.00515 -0.00515
-0.005125 -0.005125
-0.0051 -0.0051
-0.005075 -0.005075
-0.00505 -0.00505
-0.005025 -0.005025
-0.005 -0.005
-0.004975 -0.004975
-0.00495 -0.00495
-0.004925 -0.004925
-0.0049 -0.0049
-0.004875 -0.004875
-0.00485 -0.00485
-0.004825 -0.004825
-0.0048 -0.0048
-0.004775 -0.004775
-0.00475 -0.00475
-0.004725 -0.004725
-0.0047 -0.0047
-0.004675 -0.004675
-0.00465 -0.00465
-0.004625 -0.004625
-0.0046 -0.0046
-0.004575 -0.004575
-0.00455 -0.00455
-0.004525 -0.004525
-0.0045 -0.0045
-0.004475 -0.004475
-0.00445 -0.00445
-0.004425 -0.004425
-0.0044 -0.0044
-0.004375 -0.004375
-0.00435 -0.00435
-0.004325 -0.004325
-0.0043 -0.0043
-0.004275 -0.004275
-0.00425 -0.00425
-0.004225 -0.004225
-0.0042 -0.0042
-0.004175 -0.004175
-0.00415 -0.00415
-0.004125 -0.004125
-0.0041 -0.0041
-0.004075 -0.004075
-0.00405 -0.00405
-0.004025 -0.004025
-0.004 -0.004
-0.003975 -0.003975
-0.00395 -0.00395
-0.003925 -0.003925
-0.0039 -0.0039
-0.003875 -0.003875
-0.00385 -0.00385
-0.003825 -0.003825
-0.0038 -0.0038
-0.003775 -0.003775
-0.00375 -0.00375
-0.003725 -0.003725
-0.0037 -0.0037
-0.003675 -0.003675
-0.00365 -0.00365
-0.003625 -0.003625
-0.0036 -0.0036
-0.003575 -0.003575
-0.00355 -0.00355
-0.003525 -0.003525
-0.0035 -0.0035
-0.003475 -0.003475
-0.00345 -0.00345
-0.003425 -0.003425
-0.0034 -0.0034
-0.003375 -0.003375
-0.00335 -0.00335
-0.003325 -0.003325
-0.0033 -0.0033
-0.003275 -0.003275
-0.00325 -0.00325
-0.003225 -0.003225
-0.0032 -0.0032
-0.003175 -0.003175
-0.00315 -0.00315
-0.003125 -0.003125
-0.0031 -0.0031
-0.003075 -0.003075
-0.00305 -0.00305
-0.003025 -0.003025
-0.003 -0.003
-0.002975 -0.002975
-0.00295 -0.00295
-0.002925 -0.002925
-0.0029 -0.0029
-0.002875 -0.002875
-0.00285 -0.00285
-0.002825 -0.002825
-0.0028 -0.0028
-0.002775 -0.002775
-0.00275 -0.00275
-0.002725 -0.002725
-0.0027 -0.0027
-0.002675 -0.002675
-0.00265 -0.00265
-0.002625 -0.002625
-0.0026 -0.0026
-0.002575 -0.002575
-0.00255 -0.00255
-0.002525 -0.002525
-0.0025 -0.0025
-0.002475 -0.002475
-0.00245 -0.00245
-0.002425 -0.002425
-0.0024 -0.0024
-0.002375 -0.002375
-0.00235 -0.00235
-0.002325 -0.002325
-0.0023 -0.0023
-0.002275 -0.002275
-0.00225 -0.00225
-0.002225 -0.002225
-0.0022 -0.0022
-0.002175 -0.002175
-0.00215 -0.00215
-0.002125 -0.002125
-0.0021 -0.0021
-0.002075 -0.002075
-0.00205 -0.00205
-0.002025 -0.002025
-0.002 -0.002
-0.001975 -0.001975
-0.00195 -0.00195
-0.001925 -0.001925
-0.0019 -0.0019
-0.001875 -0.001875
-0.00185 -0.00185
-0.001825 -0.001825
-0.0018 -0.0018
-0.001775 -0.001775
-0.00175 -0.00175
-0.001725 -0.001725
-0.0017 -0.0017
-0.001675 -0.001675
-0.00165 -0.00165
-0.001625 -0.001625
-0.0016 -0.0016
-0.001575 -0.001575
-0.00155 -0.00155
-0.001525 -0.001525
-0.0015 -0.0015
-0.001475 -0.001475
-0.00145 -0.00145
-0.001425 -0.001425
-0.0014 -0.0014
-0.001375 -0.001375
-0.00135 -0.00135
-0.001325 -0.001325
-0.0013 -0.0013
-0.001275 -0.001275
-0.00125 -0.00125
-0.001225 -0.001225
-0.0012 -0.0012
-0.001175 -0.001175
-0.00115 -0.00115
-0.001125 -0.001125
-0.0011 -0.0011
-0.001075 -0.001075
-0.00105 -0.00105
-0.001025 -0.001025
-0.001 -0.001
-0.000975 -0.000975
-0.00095 -0.00095
-0.000925 -0.000925
-0.0009 -0.0009
-0.000875 -0.000875
-0.00085 -0.00085
-0.000825 -0.000825
-0.0008 -0.0008
-0.000775 -0.000775
-0.00075 -0.00075
-0.000725 -0.000725
-0.0007 -0.0007
-0.000675 -0.000675
-0.00065 -0.00065
-0.000625 -0.000625
-0.0006 -0.0006
-0.000575 -0.000575
-0.00055 -0.00055
-0.000525 -0.000525
-0.0005 -0.0005
-0.000475 -0.000475
-0.00045 -0.00045
-0.000425 -0.000425
-0.0004 -0.0004
-0.000375 -0.000375
-0.00035 -0.00035
-0.000325 -0.000325
-0.0003 -0.0003
-0.000275 -0.000275
-0.00025 -0.00025
-0.000225 -0.000225
-0.0002 -0.0002
-0.000175 -0.000175
-0.00015 -0.00015
-0.000125 -0.000125
-0.0001 -0.0001
-7.5e-05 -7.5e-05
-5e-05 -5e-05
-2.5e-05 -2.5e-05
-6.09864e-20 -6.09864e-20
2.5e-05 2.5e-05
5e-05 5e-05
7.5e-05 7.5e-05
0.0001 0.0001
0.000125 0.000125
0.00015 0.00015
0.000175 0.000175
0.0002 0.0002
0.000225 0.000225
0.00025 0.00025
0.000275 0.000275
0.0003 0.0003
0.000325 0.000325
0.00035 0.00035
0.000375 0.000375
0.0004 0.0004
0.000425 0.000425
0.00045 0.00045
0.000475 0.000475
0.0005 0.0005
0.000525 0.000525
0.00055 0.00055
0.000575 0.000575
0.0006 0.0006
0.000625 0.000625
0.0006 0.0006
0.000575 0.000575
0.00055 0.00055
0.000525 0.000525
0.0005 0.0005
0.000475 0.000475
0.00045 0.00045
0.000425 0.000425
0.0004 0.0004
0.000375 0.000375
0.00035 0.00035
0.000325 0.000325
0.0003 0.0003
0.000275 0.000275
0.00025 0.00025
0.000225 0.000225
0.0002 0.0002
0.000175 0.000175
0.00015 0.00015
0.000125 0.000125
0.0001 0.0001
7.5e-05 7.5e-05
5e-05 5e-05
2.5e-05 2.5e-05
-4.74338e-20 -4.74338e-20
-2.5e-05 -2.5e-05
-5e-05 -5e-05
-7.5e-05 -7.5e-05
-0.0001 -0.0001
-0.000125 -0.000125
-0.00015 -0.00015
-0.000175 -0.000175
-0.0002 -0.0002
-0.000225 -0.000225
-0.00025 -0.00025
-0.000275 -0.000275
-0.0003 -0.0003
-0.000325 -0.000325
-0.00035 -0.00035
-0.000375 -0.000375
-0.0004 -0.0004
-0.000425 -0.000425
-0.00045 -0.00045
-0.000475 -0.000475
-0.0005 -0.0005
-0.000525 -0.000525
-0.00055 -0.00055
-0.000575 -0.000575
-0.0006 -0.0006
-0.000625 -0.000625
-0.00065 -0.00065
-0.000675 -0.000675
-0.0007 -0.0007
-0.000725 -0.000725
-0.00075 -0.00075
-0.000775 -0.000775
-0.0008 -0.0008
-0.000825 -0.000825
-0.00085 -0.00085
-0.000875 -0.000875
-0.0009 -0.0009
-0.000925 -0.000925
-0.00095 -0.00095
-0.000975 -0.000975
-0.001 -0.001
-0.001025 -0.001025
-0.00105 -0.00105
-0.001075 -0.001075
-0.0011 -0.0011
-0.001125 -0.001125
-0.00115 -0.00115
-0.001175 -0.001175
-0.0012 -0.0012
-0.001225 -0.001225
-0.00125 -0.00125
-0.001275 -0.001275
-0.0013 -0.0013
-0.001325 -0.001325
-0.00135 -0.00135
-0.001375 -0.001375
-0.0014 -0.0014
-0.001425 -0.001425
-0.00145 -0.00145
-0.001475 -0.001475
-0.0015 -0.0015
-0.001525 -0.001525
-0.00155 -0.00155
-0.001575 -0.001575
-0.0016 -0.0016
-0.001625 -0.001625
-0.00165 -0.00165
-0.001675 -0.001675
-0.0017 -0.0017
-0.001725 -0.001725
-0.00175 -0.00175
-0.001775 -0.001775
-0.0018 -0.0018
-0.001825 -0.001825
-0.00185 -0.00185
-0.001875 -0.001875
-0.0019 -0.0019
-0.001925 -0.001925
-0.00195 -0.00195
-0.001975 -0.001975
-0.002 -0.002
-0.002025 -0.002025
-0.00205 -0.00205
-0.002075 -0.002075
-0.0021 -0.0021
-0.002125 -0.002125
-0.00215 -0.00215
-0.002175 -0.002175
-0.0022 -0.0022
-0.002225 -0.002225
-0.00225 -0.00225
-0.002275 -0.002275
-0.0023 -0.0023
-0.002325 -0.002325
-0.00235 -0.00235
-0.002375 -0.002375
-0.0024 -0.0024
-0.002425 -0.002425
-0.00245 -0.00245
-0.002475 -0.002475
-0.0025 -0.0025
-0.002525 -0.002525
-0.00255 -0.00255
-0.002575 -0.002575
-0.0026 -0.0026
-0.002625 -0.002625
-0.00265 -0.00265
-0.002675 -0.002675
-0.0027 -0.0027
-0.002725 -0.002725
-0.00275 -0.00275
-0.002775 -0.002775
-0.0028 -0.0028
-0.002825 -0.002825
-0.00285 -0.00285
-0.002875 -0.002875
-0.0029 -0.0029
-0.002925 -0.002925
-0.00295 -0.00295
-0.002975 -0.002975
-0.003 -0.003
-0.003025 -0.003025
-0.00305 -0.00305
-0.003075 -0.003075
-0.0031 -0.0031
-0.003125 -0.003125
-0.00315 -0.00315
-0.003175 -0.003175
-0.0032 -0.0032
-0.003225 -0.003225
-0.00325 -0.00325
-0.003275 -0.003275
-0.0033 -0.0033
-0.003325 -0.003325
-0.00335 -0.00335
-0.003375 -0.003375
-0.0034 -0.0034
-0.003425 -0.003425
-0.00345 -0.00345
-0.003475 -0.003475
-0.0035 -0.0035
-0.003525 -0.003525
-0.00355 -0.00355
-0.003575 -0.003575
-0.0036 -0.0036
-0.003625 -0.003625
-0.00365 -0.00365
-0.003675 -0.003675
-0.0037 -0.0037
-0.003725 -0.003725
-0.00375 -0.00375
-0.003775 -0.003775
-0.0038 -0.0038
-0.003825 -0.003825
-0.00385 -0.00385
-0.003875 -0.003875
-0.0039 -0.0039
-0.003925 -0.003925
-0.00395 -0.00395
-0.003975 -0.003975
-0.004 -0.004
-0.004025 -0.004025
-0.00405 -0.00405
-0.004075 -0.004075
-0.0041 -0.0041
-0.004125 -0.004125
-0.00415 -0.00415
-0.004175 -0.004175
-0.0042 -0.0042
-0.004225 -0.004225
-0.00425 -0.00425
-0.004275 -0.004275
-0.0043 -0.0043
-0.004325 -0.004325
-0.00435 -0.00435
-0.004375 -0.004375
-0.0044 -0.0044
-0.004425 -0.004425
-0.00445 -0.00445
-0.004475 -0.004475
-0.0045 -0.0045
-0.004525 -0.004525
-0.00455 -0.00455
-0.004575 -0.004575
-0.0046 -0.0046
-0.004625 -0.004625
-0.00465 -0.00465
-0.004675 -0.004675
-0.0047 -0.0047
-0.004725 -0.004725
-0.00475 -0.00475
-0.004775 -0.004775
-0.0048 -0.0048
-0.004825 -0.004825
-0.00485 -0.00485
-0.004875 -0.004875
-0.0049 -0.0049
-0.004925 -0.004925
-0.00495 -0.00495
-0.004975 -0.004975
-0.005 -0.005
-0.005025 -0.005025
-0.00505 -0.00505
-0.005075 -0.005075
-0.0051 -0.0051
-0.005125 -0.005125
-0.00515 -0.00515
-0.005175 -0.005175
-0.0052001 -0.0052
-0.00522557 -0.005225
-0.00525104 -0.00525
-0.00527652 -0.005275
-0.00530199 -0.0053
-0.00532747 -0.005325
-0.00535294 -0.00535
-0.00537841 -0.005375
-0.00540389 -0.0054
-0.00542936 -0.005425
-0.00545484 -0.00545
-0.00548031 -0.005475
-0.00550578 -0.0055
-0.00553126 -0.005525
-0.00555673 -0.00555
-0.0055822 -0.005575
-0.00560768 -0.0056
-0.00563315 -0.005625
-0.00565863 -0.00565
-0.0056841 -0.005675
-0.00570957 -0.0057
-0.00573505 -0.005725
-0.00576052 -0.00575
-0.005786 -0.005775
-0.00581147 -0.0058
-0.00583694 -0.005825
-0.00586242 -0.00585
-0.00588789 -0.005875
-0.00591337 -0.0059
-0.00593884 -0.005925
-0.00596431 -0.00595
-0.00598979 -0.005975
-0.00601526 -0.006
-0.00604073 -0.006025
-0.00606621 -0.00605
-0.00609168 -0.006075
-0.00611716 -0.0061
-0.00614263 -0.006125
-0.0061681 -0.00615
-0.00619358 -0.006175
-0.00621905 -0.0062
-0.00624453 -0.006225
-0.00627 -0.00625
-0.006295 -0.006275
-0.00632 -0.0063
-0.006345 -0.006325
-0.00637 -0.00635
-0.006395 -0.006375
-0.00642 -0.0064
-0.006445 -0.006425
-0.00647 -0.00645
-0.006495 -0.006475
-0.00652 -0.0065
-0.006545 -0.006525
-0.00657 -0.00655
-0.006595 -0.006575
-0.00662 -0.0066
-0.006645 -0.006625
-0.00667 -0.00665
-0.006695 -0.006675
-0.00672 -0.0067
-0.006745 -0.006725
-0.00677 -0.00675
-0.006795 -0.006775
-0.00682 -0.0068
-0.006845 -0.006825
-0.00687 -0.00685
-0.006895 -0.006875
-0.00692 -0.0069
-0.006945 -0.006925
-0.00697 -0.00695
-0.006995 -0.006975
-0.00702 -0.007
-0.007045 -0.007025
-0.00707 -0.00705
-0.007095 -0.007075
-0.00712 -0.0071
-0.007145 -0.007125
-0.00717 -0.00715
-0.007195 -0.007175
-0.00722 -0.0072
-0.007245 -0.007225
-0.00727 -0.00725
-0.007295 -0.007275
-0.00732 -0.0073
-0.007345 -0.007325
-0.00737 -0.00735
-0.007395 -0.007375
-0.00742 -0.0074
-0.007445 -0.007425
-0.00747 -0.00745
-0.007495 -0.007475
-0.00752 -0.0075
-0.00749083 -0.007475
-0.00746167 -0.00745
-0.00743447 -0.007425
-0.00740927 -0.0074
-0.00738407 -0.007375
-0.00735887 -0.00735
-0.00733366 -0.007325
-0.00730846 -0.0073
-0.00728326 -0.007275
-0.00725806 -0.00725
-0.00723286 -0.007225
-0.00720765 -0.0072
-0.00718245 -0.007175
-0.00715725 -0.00715
-0.00713205 -0.007125
-0.00710684 -0.0071
-0.00708164 -0.007075
-0.00705644 -0.00705
-0.00703124 -0.007025
-0.00700603 -0.007
-0.00698083 -0.006975
-0.00695563 -0.00695
-0.00693043 -0.006925
-0.00690523 -0.0069
-0.00688002 -0.006875
-0.00685482 -0.00685
-0.00682962 -0.006825
-0.00680442 -0.0068
-0.00677921 -0.006775
-0.00675401 -0.00675
-0.00672881 -0.006725
-0.00670361 -0.0067
-0.0066784 -0.006675
-0.0066532 -0.00665
-0.006628 -0.006625
-0.0066028 -0.0066
-0.0065776 -0.006575
-0.00655239 -0.00655
-0.00652719 -0.006525
-0.00650199 -0.0065
-0.00647679 -0.006475
-0.00645158 -0.00645
-0.00642638 -0.006425
-0.00640118 -0.0064
-0.00637598 -0.006375
-0.00635077 -0.00635
-0.00632557 -0.006325
-0.00630037 -0.0063
-0.00627517 -0.006275
-0.00625 -0.00625
-0.006225 -0.006225
-0.0062 -0.0062
-0.006175 -0.006175
-0.00615 -0.00615
-0.006125 -0.006125
-0.0061 -0.0061
-0.006075 -0.006075
-0.00605 -0.00605
-0.006025 -0.006025
-0.006 -0.006
-0.005975 -0.005975
-0.00595 -0.00595
-0.005925 -0.005925
-0.0059 -0.0059
-0.005875 -0.005875
-0.00585 -0.00585
-0.005825 -0.005825
-0.0058 -0.0058
-0.005775 -0.005775
-0.00575 -0.00575
-0.005725 -0.005725
-0.0057 -0.0057
-0.005675 -0.005675
-0.00565 -0.00565
-0.005625 -0.005625
-0.0056 -0.0056
-0.005575 -0.005575
-0.00555 -0.00555
-0.005525 -0.005525
-0.0055 -0.0055
-0.005475 -0.005475
-0.00545 -0.00545
-0.005425 -0.005425
-0.0054 -0.0054
-0.005375 -0.005375
-0.00535 -0.00535
-0.005325 -0.005325
-0.0053 -0.0053
-0.005275 -0.005275
-0.00525 -0.00525
-0.005225 -0.005225
-0.0052 -0.0052
-0.005175 -0.005175
-0.00515 -0.00515
-0.005125 -0.005125
-0.0051 -0.0051
-0.005075 -0.005075
-0.00505 -0.00505
-0.005025 -0.005025
-0.005 -0.005
-0.004975 -0.004975
-0.00495 -0.00495
-0.004925 -0.004925
-0.0049 -0.0049
-0.004875 -0.004875
-0.00485 -0.00485
-0.004825 -0.004825
-0.0048 -0.0048
-0.004775 -0.004775
-0.00475 -0.00475
-0.004725 -0.004725
-0.0047 -0.0047
-0.004675 -0.004675
-0.00465 -0.00465
-0.004625 -0.004625
-0.0046 -0.0046
-0.004575 -0.004575
-0.00455 -0.00455
-0.004525 -0.004525
-0.0045 -0.0045
-0.004475 -0.004475
-0.00445 -0.00445
-0.004425 -0.004425
-0.0044 -0.0044
-0.004375 -0.004375
-0.00435 -0.00435
-0.004325 -0.004325
-0.0043 -0.0043
-0.004275 -0.004275
-0.00425 -0.00425
-0.004225 -0.004225
-0.0042 -0.0042
-0.004175 -0.004175
-0.00415 -0.00415
-0.004125 -0.004125
-0.0041 -0.0041
-0.004075 -0.004075
-0.00405 -0.00405
-0.004025 -0.004025
-0.004 -0.004
-0.003975 -0.003975
-0.00395 -0.00395
-0.003925 -0.003925
-0.0039 -0.0039
-0.003875 -0.003875
-0.00385 -0.00385
-0.003825 -0.003825
-0.0038 -0.0038
-0.003775 -0.003775
-0.00375 -0.00375
-0.003725 -0.003725
-0.0037 -0.0037
-0.003675 -0.003675
-0.00365 -0.00365
-0.003625 -0.003625
-0.0036 -0.0036
-0.003575 -0.003575
-0.00355 -0.00355
-0.003525 -0.003525
-0.0035 -0.0035
-0.003475 -0.003475
-0.00345 -0.00345
-0.003425 -0.003425
-0.0034 -0.0034
-0.003375 -0.003375
-0.00335 -0.00335
-0.003325 -0.003325
-0.0033 -0.0033
-0.003275 -0.003275
-0.00325 -0.00325
-0.003225 -0.003225
-0.0032 -0.0032
-0.003175 -0.003175
-0.00315 -0.00315
-0.003125 -0.003125
-0.0031 -0.0031
-0.003075 -0.003075
-0.00305 -0.00305
-0.003025 -0.003025
-0.003 -0.003
-0.002975 -0.002975
-0.00295 -0.00295
-0.002925 -0.002925
-0.0029 -0.0029
-0.002875 -0.002875
-0.00285 -0.00285
-0.002825 -0.002825
-0.0028 -0.0028
-0.002775 -0.002775
-0.00275 -0.00275
-0.002725 -0.002725
-0.0027 -0.0027
-0.002675 -0.002675
-0.00265 -0.00265
-0.002625 -0.002625
-0.0026 -0.0026
-0.002575 -0.002575
-0.00255 -0.00255
-0.002525 -0.002525
-0.0025 -0.0025
-0.002475 -0.002475
-0.00245 -0.00245
-0.002425 -0.002425
-0.0024 -0.0024
-0.002375 -0.002375
-0.00235 -0.00235
-0.002325 -0.002325
-0.0023 -0.0023
-0.002275 -0.002275
-0.00225 -0.00225
-0.002225 -0.002225
-0.0022 -0.0022
-0.002175 -0.002175
-0.00215 -0.00215
-0.002125 -0.002125
-0.0021 -0.0021
-0.002075 -0.002075
-0.00205 -0.00205
-0.002025 -0.002025
-0.002 -0.002
-0.001975 -0.001975
-0.00195 -0.00195
-0.001925 -0.001925
-0.0019 -0.0019
-0.001875 -0.001875
-0.00185 -0.00185
-0.001825 -0.001825
-0.0018 -0.0018
-0.001775 -0.001775
-0.00175 -0.00175
-0.001725 -0.001725
-0.0017 -0.0017
-0.001675 -0.001675
-0.00165 -0.00165
-0.001625 -0.001625
-0.0016 -0.0016
-0.001575 -0.001575
-0.00155 -0.00155
-0.001525 -0.001525
-0.0015 -0.0015
-0.001475 -0.001475
-0.00145 -0.00145
-0.001425 -0.001425
-0.0014 -0.0014
-0.001375 -0.001375
-0.00135 -0.00135
-0.001325 -0.001325
-0.0013 -0.0013
-0.001275 -0.001275
-0.00125 -0.00125
-0.001225 -0.001225
-0.0012 -0.0012
-0.001175 -0.001175
-0.00115 -0.00115
-0.001125 -0.001125
-0.0011 -0.0011
-0.001075 -0.001075
-0.00105 -0.00105
-0.001025 -0.001025
-0.001 -0.001
-0.000975 -0.000975
-0.00095 -0.00095
-0.000925 -0.000925
-0.0009 -0.0009
-0.000875 -0.000875
-0.00085 -0.00085
-0.000825 -0.000825
-0.0008 -0.0008
-0.000775 -0.000775
-0.00075 -0.00075
-0.000725 -0.000725
-0.0007 -0.0007
-0.000675 -0.000675
-0.00065 -0.00065
-0.000625 -0.000625
-0.0006 -0.0006
-0.000575 -0.000575
-0.00055 -0.00055
-0.000525 -0.000525
-0.0005 -0.0005
-0.000475 -0.000475
-0.00045 -0.00045
-0.000425 -0.000425
-0.0004 -0.0004
-0.000375 -0.000375
-0.00035 -0.00035
-0.000325 -0.000325
-0.0003 -0.0003
-0.000275 -0.000275
-0.00025 -0.00025
-0.000225 -0.000225
-0.0002 -0.0002
-0.000175 -0.000175
-0.00015 -0.00015
-0.000125 -0.000125
-0.0001 -0.0001
-7.5e-05 -7.5e-05
-5e-05 -5e-05
-2.5e-05 -2.5e-05
-6.09864e-20 -6.09864e-20
2.5e-05 2.5e-05
5e-05 5e-05
7.5e-05 7.5e-05
0.0001 0.0001
0.000125 0.000125
0.00015 0.00015
0.000175 0.000175
0.0002 0.0002
0.000225 0.000225
0.00025 0.00025
0.000275 0.000275
0.0003 0.0003
0.000325 0.000325
0.00035 0.00035
0.000375 0.000375
0.0004 0.0004
0.000425 0.000425
0.00045 0.00045
0.000475 0.000475
0.0005 0.0005
0.000525 0.000525
0.00055 0.00055
0.000575 0.000575
0.0006 0.0006
0.000625 0.000625
0.00065 0.00065
0.000675 0.000675
0.0007 0.0007
0.000725 0.000725
0.00075 0.00075
0.000725 0.000725
0.0007 0.0007
0.000675 0.000675
0.00065 0.00065
0.000625 0.000625
0.0006 0.0006
0.000575 0.000575
0.00055 0.00055
0.000525 0.000525
0.0005 0.0005
0.000475 0.000475
0.00045 0.00045
0.000425 0.000425
0.0004 0.0004
0.000375 0.000375
0.00035 0.00035
0.000325 0.000325
0.0003 0.0003
0.000275 0.000275
0.00025 0.00025
0.000225 0.000225
0.0002 0.0002
0.000175 0.000175
0.00015 0.00015
0.000125 0.000125
0.0001 0.0001
7.5e-05 7.5e-05
5e-05 5e-05
2.5e-05 2.5e-05
-4.74338e-20 -4.74338e-20
-2.5e-05 -2.5e-05
-5e-05 -5e-05
-7.5e-05 -7.5e-05
-0.0001 -0.0001
-0.000125 -0.000125
-0.00015 -0.00015
-0.000175 -0.000175
-0.0002 -0.0002
-0.000225 -0.000225
-0.00025 -0.00025
-0.000275 -0.000275
-0.0003 -0.0003
-0.000325 -0.000325
-0.00035 -0.00035
-0.000375 -0.000375
-0.0004 -0.0004
-0.000425 -0.000425
-0.00045 -0.00045
-0.000475 -0.000475
-0.0005 -0.0005
-0.000525 -0.000525
-0.00055 -0.00055
-0.000575 -0.000575
-0.0006 -0.0006
-0.000625 -0.000625
-0.00065 -0.00065
-0.000675 -0.000675
-0.0007 -0.0007
-0.000725 -0.000725
-0.00075 -0.00075
-0.000775 -0.000775
-0.0008 -0.0008
-0.000825 -0.000825
-0.00085 -0.00085
-0.000875 -0.000875
-0.0009 -0.0009
-0.000925 -0.000925
-0.00095 -0.00095
-0.000975 -0.000975
-0.001 -0.001
-0.001025 -0.001025
-0.00105 -0.00105
-0.001075 -0.001075
-0.0011 -0.0011
-0.001125 -0.001125
-0.00115 -0.00115
-0.001175 -0.001175
-0.0012 -0.0012
-0.001225 -0.001225
-0.00125 -0.00125
-0.001275 -0.001275
-0.0013 -0.0013
-0.001325 -0.001325
-0.00135 -0.00135
-0.001375 -0.001375
-0.0014 -0.0014
-0.001425 -0.001425
-0.00145 -0.00145
-0.001475 -0.001475
-0.0015 -0.0015
-0.001525 -0.001525
-0.00155 -0.00155
-0.001575 -0.001575
-0.0016 -0.0016
-0.001625 -0.001625
-0.00165 -0.00165
-0.001675 -0.001675
-0.0017 -0.0017
-0.001725 -0.001725
-0.00175 -0.00175
-0.001775 -0.001775
-0.0018 -0.0018
-0.001825 -0.001825
-0.00185 -0.00185
-0.001875 -0.001875
-0.0019 -0.0019
-0.001925 -0.001925
-0.00195 -0.00195
-0.001975 -0.001975
-0.002 -0.002
-0.002025 -0.002025
-0.00205 -0.00205
-0.002075 -0.002075
-0.0021 -0.0021
-0.002125 -0.002125
-0.00215 -0.00215
-0.002175 -0.002175
-0.0022 -0.0022
-0.002225 -0.002225
-0.00225 -0.00225
-0.002275 -0.002275
-0.0023 -0.0023
-0.002325 -0.002325
-0.00235 -0.00235
-0.002375 -0.002375
-0.0024 -0.0024
-0.002425 -0.002425
-0.00245 -0.00245
-0.002475 -0.002475
-0.0025 -0.0025
-0.002525 -0.002525
-0.00255 -0.00255
-0.002575 -0.002575
-0.0026 -0.0026
-0.002625 -0.002625
-0.00265 -0.00265
-0.002675 -0.002675
-0.0027 -0.0027
-0.002725 -0.002725
-0.00275 -0.00275
-0.002775 -0.002775
-0.0028 -0.0028
-0.002825 -0.002825
-0.00285 -0.00285
-0.002875 -0.002875
-0.0029 -0.0029
-0.002925 -0.002925
-0.00295 -0.00295
-0.002975 -0.002975
-0.003 -0.003
-0.003025 -0.003025
-0.00305 -0.00305
-0.003075 -0.003075
-0.0031 -0.0031
-0.003125 -0.003125
-0.00315 -0.00315
-0.003175 -0.003175
-0.0032 -0.0032
-0.003225 -0.003225
-0.00325 -0.00325
-0.003275 -0.003275
-0.0033 -0.0033
-0.003325 -0.003325
-0.00335 -0.00335
-0.003375 -0.003375
-0.0034 -0.0034
-0.003425 -0.003425
-0.00345 -0.00345
-0.003475 -0.003475
-0.0035 -0.0035
-0.003525 -0.003525
-0.00355 -0.00355
-0.003575 -0.003575
-0.0036 -0.0036
-0.003625 -0.003625
-0.00365 -0.00365
-0.003675 -0.003675
-0.0037 -0.0037
-0.003725 -0.003725
-0.00375 -0.00375
-0.003775 -0.003775
-0.0038 -0.0038
-0.003825 -0.003825
-0.00385 -0.00385
-0.003875 -0.003875
-0.0039 -0.0039
-0.003925 -0.003925
-0.00395 -0.00395
-0.003975 -0.003975
-0.004 -0.004
-0.004025 -0.004025
-0.00405 -0.00405
-0.004075 -0.004075
-0.0041 -0.0041
-0.004125 -0.004125
-0.00415 -0.00415
-0.004175 -0.004175
-0.0042 -0.0042
-0.004225 -0.004225
-0.00425 -0.00425
-0.004275 -0.004275
-0.0043 -0.0043
-0.004325 -0.004325
-0.00435 -0.00435
-0.004375 -0.004375
-0.0044 -0.0044
-0.004425 -0.004425
-0.00445 -0.00445
-0.004475 -0.004475
-0.0045 -0.0045
-0.004525 -0.004525
-0.00455 -0.00455
-0.004575 -0.004575
-0.0046 -0.0046
-0.004625 -0.004625
-0.00465 -0.00465
-0.004675 -0.004675
-0.0047 -0.0047
-0.004725 -0.004725
-0.00475 -0.00475
-0.004775 -0.004775
-0.0048 -0.0048
-0.004825 -0.004825
-0.00485 -0.00485
-0.004875 -0.004875
-0.0049 -0.0049
-0.004925 -0.004925
-0.00495 -0.00495
-0.004975 -0.004975
-0.005 -0.005
-0.005025 -0.005025
-0.00505 -0.00505
-0.005075 -0.005075
-0.0051 -0.0051
-0.005125 -0.005125
-0.00515 -0.00515
-0.005175 -0.005175
-0.0052 -0.0052
-0.005225 -0.005225
-0.00525 -0.00525
-0.005275 -0.005275
-0.0053 -0.0053
-0.005325 -0.005325
-0.00535 -0.00535
-0.005375 -0.005375
-0.0054 -0.0054
-0.005425 -0.005425
-0.00545 -0.00545
-0.005475 -0.005475
-0.0055 -0.0055
-0.005525 -0.005525
-0.00555 -0.00555
-0.005575 -0.005575
-0.0056 -0.0056
-0.005625 -0.005625
-0.00565 -0.00565
-0.005675 -0.005675
-0.0057 -0.0057
-0.005725 -0.005725
-0.00575 -0.00575
-0.005775 -0.005775
-0.0058 -0.0058
-0.005825 -0.005825
-0.00585 -0.00585
-0.005875 -0.005875
-0.0059 -0.0059
-0.005925 -0.005925
-0.00595 -0.00595
-0.005975 -0.005975
-0.006 -0.006
-0.006025 -0.006025
-0.00605 -0.00605
-0.006075 -0.006075
-0.0061 -0.0061
-0.006125 -0.006125
-0.00615 -0.00615
-0.006175 -0.006175
-0.0062 -0.0062
-0.006225 -0.006225
-0.00625 -0.00625
-0.00627533 -0.006275
-0.00630073 -0.0063
-0.00632614 -0.006325
-0.00635154 -0.00635
-0.00637694 -0.006375
-0.00640234 -0.0064
-0.00642774 -0.006425
-0.00645314 -0.00645
-0.00647854 -0.006475
-0.00650395 -0.0065
-0.00652935 -0.006525
-0.00655475 -0.00655
-0.00658015 -0.006575
-0.00660555 -0.0066
-0.00663095 -0.006625
-0.00665635 -0.00665
-0.00668176 -0.006675
-0.00670716 -0.0067
-0.00673256 -0.006725
-0.00675796 -0.00675
-0.00678336 -0.006775
-0.00680876 -0.0068
-0.00683416 -0.006825
-0.00685956 -0.00685
-0.00688497 -0.006875
-0.00691037 -0.0069
-0.00693577 -0.006925
-0.00696117 -0.00695
-0.00698657 -0.006975
-0.00701197 -0.007
-0.00703737 -0.007025
-0.00706278 -0.00705
-0.00708818 -0.007075
-0.00711358 -0.0071
-0.00713898 -0.007125
-0.00716438 -0.00715
-0.00718978 -0.007175
-0.00721518 -0.0072
-0.00724059 -0.007225
-0.00726599 -0.00725
-0.00729139 -0.007275
-0.00731679 -0.0073
-0.00734219 -0.007325
-0.00736759 -0.00735
-0.00739299 -0.007375
-0.00741839 -0.0074
-0.0074438 -0.007425
-0.0074692 -0.00745
-0.0074946 -0.007475
-0.00752 -0.0075
-0.007545 -0.007525
-0.00757 -0.00755
-0.007595 -0.007575
-0.00762 -0.0076
-0.007645 -0.007625
-0.00767 -0.00765
-0.007695 -0.007675
-0.00772 -0.0077
-0.007745 -0.007725
-0.00777 -0.00775
-0.007795 -0.007775
-0.00782 -0.0078
-0.007845 -0.007825
-0.00787 -0.00785
-0.007895 -0.007875
-0.00792 -0.0079
-0.007945 -0.007925
-0.00797 -0.00795
-0.007995 -0.007975
-0.00802 -0.008
-0.008045 -0.008025
-0.00807 -0.00805
-0.008095 -0.008075
-0.00812 -0.0081
-0.008145 -0.008125
-0.00817 -0.00815
-0.008195 -0.008175
-0.00822 -0.0082
-0.008245 -0.008225
-0.00827 -0.00825
-0.008295 -0.008275
-0.00832 -0.0083
-0.008345 -0.008325
-0.00837 -0.00835
-0.008395 -0.008375
-0.00842 -0.0084
-0.008445 -0.008425
-0.00847 -0.00845
-0.008495 -0.008475
-0.00852 -0.0085
-0.008545 -0.008525
-0.00857 -0.00855
-0.008595 -0.008575
-0.00862 -0.0086
-0.008645 -0.008625
-0.00867 -0.00865
-0.008695 -0.008675
-0.00872 -0.0087
-0.008745 -0.008725
-0.00877 -0.00875
-0.00874083 -0.008725
-0.00871167 -0.0087
-0.00868454 -0.008675
-0.00865937 -0.00865
-0.00863419 -0.008625
-0.00860902 -0.0086
-0.00858384 -0.008575
-0.00855867 -0.00855
-0.00853349 -0.008525
-0.00850832 -0.0085
-0.00848314 -0.008475
-0.00845797 -0.00845
-0.00843279 -0.008425
-0.00840762 -0.0084
-0.00838244 -0.008375
-0.00835727 -0.00835
-0.00833209 -0.008325
-0.00830692 -0.0083
-0.00828174 -0.008275
-0.00825656 -0.00825
-0.00823139 -0.008225
-0.00820621 -0.0082
-0.00818104 -0.008175
-0.00815586 -0.00815
-0.00813069 -0.008125
-0.00810551 -0.0081
-0.00808034 -0.008075
-0.00805516 -0.00805
-0.00802999 -0.008025
-0.00800481 -0.008
-0.00797964 -0.007975
-0.00795446 -0.00795
-0.00792929 -0.007925
-0.00790411 -0.0079
-0.00787894 -0.007875
-0.00785376 -0.00785
-0.00782859 -0.007825
-0.00780341 -0.0078
-0.00777823 -0.007775
-0.00775306 -0.00775
-0.00772788 -0.007725
-0.00770271 -0.0077
-0.00767753 -0.007675
-0.00765236 -0.00765
-0.00762718 -0.007625
-0.00760201 -0.0076
-0.00757683 -0.007575
-0.00755166 -0.00755
-0.00752648 -0.007525
-0.00750131 -0.0075
-0.00747613 -0.007475
-0.00745096 -0.00745
-0.00742578 -0.007425
-0.00740061 -0.0074
-0.00737543 -0.007375
-0.00735026 -0.00735
-0.00732508 -0.007325
-0.0073 -0.0073
-0.007275 -0.007275
-0.00725 -0.00725
-0.007225 -0.007225
-0.0072 -0.0072
-0.007175 -0.007175
-0.00715 -0.00715
-0.007125 -0.007125
-0.0071 -0.0071
-0.007075 -0.007075
-0.00705 -0.00705
-0.007025 -0.007025
-0.007 -0.007
-0.006975 -0.006975
-0.00695 -0.00695
-0.006925 -0.006925
-0.0069 -0.0069
-0.006875 -0.006875
-0.00685 -0.00685
-0.006825 -0.006825
-0.0068 -0.0068
-0.006775 -0.006775
-0.00675 -0.00675
-0.006725 -0.006725
-0.0067 -0.0067
-0.006675 -0.006675
-0.00665 -0.00665
-0.006625 -0.006625
-0.0066 -0.0066
-0.006575 -0.006575
-0.00655 -0.00655
-0.006525 -0.006525
-0.0065 -0.0065
-0.006475 -0.006475
-0.00645 -0.00645
-0.006425 -0.006425
-0.0064 -0.0064
-0.006375 -0.006375
-0.00635 -0.00635
-0.006325 -0.006325
-0.0063 -0.0063
-0.006275 -0.006275
-0.00625 -0.00625
-0.006225 -0.006225
-0.0062 -0.0062
-0.006175 -0.006175
-0.00615 -0.00615
-0.006125 -0.006125
-0.0061 -0.0061
-0.006075 -0.006075
-0.00605 -0.00605
-0.006025 -0.006025
-0.006 -0.006
-0.005975 -0.005975
-0.00595 -0.00595
-0.005925 -0.005925
-0.0059 -0.0059
-0.005875 -0.005875
-0.00585 -0.00585
-0.005825 -0.005825
-0.0058 -0.0058
-0.005775 -0.005775
-0.00575 -0.00575
-0.005725 -0.005725
-0.0057 -0.0057
-0.005675 -0.005675
-0.00565 -0.00565
-0.005625 -0.005625
-0.0056 -0.0056
-0.005575 -0.005575
-0.00555 -0.00555
-0.005525 -0.005525
-0.0055 -0.0055
-0.005475 -0.005475
-0.00545 -0.00545
-0.005425 -0.005425
-0.0054 -0.0054
-0.005375 -0.005375
-0.00535 -0.00535
-0.005325 -0.005325
-0.0053 -0.0053
-0.005275 -0.005275
-0.00525 -0.00525
-0.005225 -0.005225
-0.0052 -0.0052
-0.005175 -0.005175
-0.00515 -0.00515
-0.005125 -0.005125
-0.0051 -0.0051
-0.005075 -0.005075
-0.00505 -0.00505
-0.005025 -0.005025
-0.005 -0.005
-0.004975 -0.004975
-0.00495 -0.00495
-0.004925 -0.004925
-0.0049 -0.0049
-0.004875 -0.004875
-0.00485 -0.00485
-0.004825 -0.004825
-0.0048 -0.0048
-0.004775 -0.004775
-0.00475 -0.00475
-0.004725 -0.004725
-0.0047 -0.0047
-0.004675 -0.004675
-0.00465 -0.00465
-0.004625 -0.004625
-0.0046 -0.0046
-0.004575 -0.004575
-0.00455 -0.00455
-0.004525 -0.004525
-0.0045 -0.0045
-0.004475 -0.004475
-0.00445 -0.00445
-0.004425 -0.004425
-0.0044 -0.0044
-0.004375 -0.004375
-0.00435 -0.00435
-0.004325 -0.004325
-0.0043 -0.0043
-0.004275 -0.004275
-0.00425 -0.00425
-0.004225 -0.004225
-0.0042 -0.0042
-0.004175 -0.004175
-0.00415 -0.00415
-0.004125 -0.004125
-0.0041 -0.0041
-0.004075 -0.004075
-0.00405 -0.00405
-0.004025 -0.004025
-0.004 -0.004
-0.003975 -0.003975
-0.00395 -0.00395
-0.003925 -0.003925
-0.0039 -0.0039
-0.003875 -0.003875
-0.00385 -0.00385
-0.003825 -0.003825
-0.0038 -0.0038
-0.003775 -0.003775
-0.00375 -0.00375
-0.003725 -0.003725
-0.0037 -0.0037
-0.003675 -0.003675
-0.00365 -0.00365
-0.003625 -0.003625
-0.0036 -0.0036
-0.003575 -0.003575
-0.00355 -0.00355
-0.003525 -0.003525
-0.0035 -0.0035
-0.003475 -0.003475
-0.00345 -0.00345
-0.003425 -0.003425
-0.0034 -0.0034
-0.003375 -0.003375
-0.00335 -0.00335
-0.003325 -0.003325
-0.0033 -0.0033
-0.003275 -0.003275
-0.00325 -0.00325
-0.003225 -0.003225
-0.0032 -0.0032
-0.003175 -0.003175
-0.00315 -0.00315
-0.003125 -0.003125
-0.0031 -0.0031
-0.003075 -0.003075
-0.00305 -0.00305
-0.003025 -0.003025
-0.003 -0.003
-0.002975 -0.002975
-0.00295 -0.00295
-0.002925 -0.002925
-0.0029 -0.0029
-0.002875 -0.002875
-0.00285 -0.00285
-0.002825 -0.002825
-0.0028 -0.0028
-0.002775 -0.002775
-0.00275 -0.00275
-0.002725 -0.002725
-0.0027 -0.0027
-0.002675 -0.002675
-0.00265 -0.00265
-0.002625 -0.002625
-0.0026 -0.0026
-0.002575 -0.002575
-0.00255 -0.00255
-0.002525 -0.002525
-0.0025 -0.0025
-0.002475 -0.002475
-0.00245 -0.00245
-0.002425 -0.002425
-0.0024 -0.0024
-0.002375 -0.002375
-0.00235 -0.00235
-0.002325 -0.002325
-0.0023 -0.0023
-0.002275 -0.002275
-0.00225 -0.00225
-0.002225 -0.002225
-0.0022 -0.0022
-0.002175 -0.002175
-0.00215 -0.00215
-0.002125 -0.002125
-0.0021 -0.0021
-0.002075 -0.002075
-0.00205 -0.00205
-0.002025 -0.002025
-0.002 -0.002
-0.001975 -0.001975
-0.00195 -0.00195
-0.001925 -0.001925
-0.0019 -0.0019
-0.001875 -0.001875
-0.00185 -0.00185
-0.001825 -0.001825
-0.0018 -0.0018
-0.001775 -0.001775
-0.00175 -0.00175
-0.001725 -0.001725
-0.0017 -0.0017
-0.001675 -0.001675
-0.00165 -0.00165
-0.001625 -0.001625
-0.0016 -0.0016
-0.001575 -0.001575
-0.00155 -0.00155
-0.001525 -0.001525
-0.0015 -0.0015
-0.001475 -0.001475
-0.00145 -0.00145
-0.001425 -0.001425
-0.0014 -0.0014
-0.001375 -0.001375
-0.00135 -0.00135
-0.001325 -0.001325
-0.0013 -0.0013
-0.001275 -0.001275
-0.00125 -0.00125
-0.001225 -0.001225
-0.0012 -0.0012
-0.001175 -0.001175
-0.00115 -0.00115
-0.001125 -0.001125
-0.0011 -0.0011
-0.001075 -0.001075
-0.00105 -0.00105
-0.001025 -0.001025
-0.001 -0.001
-0.000975 -0.000975
-0.00095 -0.00095
-0.000925 -0.000925
-0.0009 -0.0009
-0.000875 -0.000875
-0.00085 -0.00085
-0.000825 -0.000825
-0.0008 -0.0008
-0.000775 -0.000775
-0.00075 -0.00075
-0.000725 -0.000725
-0.0007 -0.0007
-0.000675 -0.000675
-0.00065 -0.00065
-0.000625 -0.000625
-0.0006 -0.0006
-0.000575 -0.000575
-0.00055 -0.00055
-0.000525 -0.000525
-0.0005 -0.0005
-0.000475 -0.000475
-0.00045 -0.00045
-0.000425 -0.000425
-0.0004 -0.0004
-0.000375 -0.000375
-0.00035 -0.00035
-0.000325 -0.000325
-0.0003 -0.0003
-0.000275 -0.000275
-0.00025 -0.00025
-0.000225 -0.000225
-0.0002 -0.0002
-0.000175 -0.000175
-0.00015 -0.00015
-0.000125 -0.000125
-0.0001 -0.0001
-7.5e-05 -7.5e-05
-5e-05 -5e-05
-2.5e-05 -2.5e-05
-9.28348e-19 -9.28348e-19
2.5e-05 2.5e-05
5e-05 5e-05
7.5e-05 7.5e-05
0.0001 0.0001
0.000125 0.000125
0.00015 0.00015
0.000175 0.000175
0.0002 0.0002
0.000225 0.000225
0.00025 0.00025
0.000275 0.000275
0.0003 0.0003
0.000325 0.000325
0.00035 0.00035
0.000375 0.000375
0.0004 0.0004
0.000425 0.000425
0.00045 0.00045
0.000475 0.000475
0.0005 0.0005
0.000525 0.000525
0.00055 0.00055
0.000575 0.000575
0.0006 0.0006
0.000625 0.000625
0.00065 0.00065
0.000675 0.000675
0.0007 0.0007
0.000725 0.000725
0.00075 0.00075
0.000775 0.000775
0.0008 0.0008
0.000825 0.000825
0.00085 0.00085
0.000875 0.000875
0.00085 0.00085
0.000825 0.000825
0.0008 0.0008
0.000775 0.000775
0.00075 0.00075
0.000725 0.000725
0.0007 0.0007
0.000675 0.000675
0.00065 0.00065
0.000625 0.000625
0.0006 0.0006
0.000575 0.000575
0.00055 0.00055
0.000525 0.000525
0.0005 0.0005
0.000475 0.000475
0.00045 0.00045
0.000425 0.000425
0.0004 0.0004
0.000375 0.000375
0.00035 0.00035
0.000325 0.000325
0.0003 0.0003
0.000275 0.000275
0.00025 0.00025
0.000225 0.000225
0.0002 0.0002
0.000175 0.000175
0.00015 0.00015
0.000125 0.000125
0.0001 0.0001
7.5e-05 7.5e-05
5e-05 5e-05
2.5e-05 2.5e-05
-9.14796e-19 -9.14796e-19
