-2.79316e-05 0.293163
-5.58441e-05 0.584412
-8.37374e-05 0.873744
-0.000111612 1.16115
-0.000139466 1.44663
-0.000167302 1.73018
-0.000195118 2.01179
-0.000222915 2.29145
-0.000250692 2.56917
-0.000278449 2.84493
-0.000306187 3.11874
-0.000333906 3.39058
-0.000361604 3.66045
-0.000389283 3.92834
-0.000416943 4.19426
-0.000444582 4.45819
-0.000472201 4.72013
-0.000499801 4.98008
-0.00052738 5.23802
-0.00055494 5.49396
-0.000582479 5.74789
-0.000609998 5.9998
-0.000637497 6.24969
-0.000664975 6.49755
-0.000692434 6.74337
-0.000719872 6.98716
-0.000747289 7.2289
-0.000774686 7.46859
-0.000802062 7.70623
-0.000829418 7.9418
-0.000856753 8.17531
-0.000884067 8.40675
-0.000911361 8.6361
-0.000938634 8.86338
-0.000965886 9.08856
-0.000993116 9.31164
-0.00102033 9.53263
-0.00104752 9.75151
-0.00107468 9.96827
-0.00110183 10.1829
-0.00112895 10.3954
-0.00115606 10.6058
-0.00118314 10.8141
-0.0012102 11.0202
-0.00123724 11.2242
-0.00126426 11.426
-0.00129126 11.6256
-0.00131823 11.8231
-0.00134518 12.0184
-0.00137212 12.2115
-0.00134417 11.9174
-0.00131623 11.6233
-0.00128829 11.3292
-0.00126035 11.0351
-0.00123241 10.7409
-0.00120447 10.4468
-0.00117653 10.1527
-0.00114859 9.85858
-0.00112064 9.56446
-0.0010927 9.27034
-0.00106476 8.97623
-0.00103682 8.68211
-0.00100888 8.38799
-0.000980939 8.09387
-0.000952998 7.79976
-0.000925056 7.50564
-0.000897115 7.21152
-0.000869174 6.9174
-0.000841233 6.62329
-0.000813292 6.32917
-0.000785351 6.03505
-0.000757409 5.74093
-0.000729468 5.44682
-0.000701527 5.1527
-0.000673586 4.85858
-0.000645645 4.56446
-0.000617703 4.27034
-0.000589762 3.97623
-0.000561821 3.68211
-0.00053388 3.38799
-0.000505939 3.09387
-0.000477998 2.79976
-0.000450056 2.50564
-0.000422115 2.21152
-0.000394174 1.9174
-0.000366233 1.62329
-0.0003392 1.41997
-0.000312844 1.28437
-0.000286488 1.14878
-0.000260132 1.01319
-0.000233776 0.877593
-0.00020742 0.742
-0.000181064 0.606406
-0.000154708 0.470813
-0.000128352 0.33522
-0.000101996 0.199626
-7.56403e-05 0.0640329
-4.84478e-05 -0.155223
-2.05066e-05 -0.449341
7.43458e-06 -0.743458
3.53758e-05 -1.03758
6.33169e-05 -1.33169
9.12581e-05 -1.62581
0.000119199 -1.91993
0.00014714 -2.21405
0.000119199 -1.91993
9.12581e-05 -1.62581
6.33169e-05 -1.33169
3.53758e-05 -1.03758
7.43458e-06 -0.743458
-2.05066e-05 -0.449341
-4.84478e-05 -0.155223
-7.62148e-05 0.121477
-0.000103787 0.378712
-0.000131359 0.635947
-0.000158932 0.893182
-0.000186504 1.15042
-0.000214077 1.40765
-0.000241649 1.66489
-0.000269221 1.92212
-0.000296794 2.17936
-0.000324366 2.43659
-0.000351938 2.69383
-0.000379511 2.95106
-0.000407083 3.2083
-0.000434655 3.46553
-0.000462228 3.72277
-0.0004898 3.98
-0.000517372 4.23724
-0.000544945 4.49447
-0.000572517 4.75171
-0.000600089 5.00894
-0.000627662 5.26618
-0.000655234 5.52341
-0.000682806 5.78065
-0.000710379 6.03788
-0.000737951 6.29512
-0.000765524 6.55235
-0.000793096 6.80959
-0.000820668 7.06682
-0.000848241 7.32406
-0.000875813 7.58129
-0.000903385 7.83853
-0.000930958 8.09576
-0.00095853 8.353
-0.000986102 8.61023
-0.00101367 8.86747
-0.00104125 9.1247
-0.00106882 9.38194
-0.00109639 9.63917
-0.00112396 9.89641
-0.00115154 10.1536
-0.00117911 10.4109
-0.00120668 10.6681
-0.00123425 10.9253
-0.00126183 11.1826
-0.0012894 11.4398
-0.00131697 11.6971
-0.00134454 11.9543
-0.00137212 12.2115
-0.00139902 12.4025
-0.00142591 12.5912
-0.00145278 12.7778
-0.00147962 12.9621
-0.00150644 13.1442
-0.00153324 13.3242
-0.00156002 13.5019
-0.00158677 13.6773
-0.00161351 13.8506
-0.00164022 14.0215
-0.0016669 14.1903
-0.00169357 14.3568
-0.00172021 14.521
-0.00174683 14.6829
-0.00177343 14.8426
-0.0018 15
-0.00182655 15.1551
-0.00185308 15.3079
-0.00187958 15.4584
-0.00190607 15.6066
-0.00193252 15.7525
-0.00195896 15.8961
-0.00198537 16.0373
-0.00201176 16.1762
-0.00203813 16.3127
-0.00206447 16.4469
-0.00209079 16.5788
-0.00211708 16.7082
-0.00214335 16.8353
-0.0021696 16.9601
-0.00219582 17.0824
-0.00222202 17.2024
-0.0022482 17.3199
-0.00227435 17.435
-0.00230048 17.5478
-0.00232658 17.6581
-0.00235266 17.7659
-0.00237871 17.8714
-0.00240474 17.9744
-0.00243075 18.0749
-0.00245673 18.173
-0.00248269 18.2686
-0.00250862 18.3617
-0.00253452 18.4524
-0.00256041 18.5405
-0.00258626 18.6262
-0.00261209 18.7094
-0.0026379 18.79
-0.00266368 18.8681
-0.00268944 18.9437
-0.00271517 19.0168
-0.00274087 19.0873
-0.00276655 19.1553
-0.00279221 19.2206
-0.00281783 19.2835
-0.00284344 19.3437
-0.00286901 19.4014
-0.00289456 19.4565
-0.00292009 19.5089
-0.00294559 19.5588
-0.00297106 19.606
-0.00299651 19.6506
-0.00302193 19.6926
-0.00304732 19.7319
-0.00307269 19.7686
-0.00309803 19.8026
-0.00312334 19.834
-0.00314863 19.8626
-0.00317389 19.8886
-0.00319912 19.9119
-0.00322432 19.9325
-0.0032495 19.9503
-0.00327465 19.9655
-0.00329978 19.9779
-0.00332488 19.9875
-0.00334994 19.9945
-0.00337499 19.9986
-0.0034 20
-0.00342428 19.928
-0.00344856 19.856
-0.00347284 19.784
-0.00349712 19.7119
-0.0035214 19.6399
-0.00354568 19.5679
-0.00356996 19.4959
-0.00359424 19.4239
-0.00361852 19.3519
-0.0036428 19.2798
-0.00366708 19.2078
-0.00369136 19.1358
-0.00371564 19.0638
-0.00373992 18.9918
-0.0037642 18.9198
-0.00378848 18.8477
-0.00381276 18.7757
-0.00383704 18.7037
-0.00386132 18.6317
-0.0038856 18.5597
-0.00390988 18.4877
-0.00393416 18.4156
-0.00390622 18.1215
-0.00387827 17.8274
-0.00385033 17.5333
-0.00382239 17.2392
-0.00379445 16.945
-0.00376651 16.6509
-0.00373857 16.3568
-0.00371063 16.0627
-0.00368269 15.7686
-0.00365474 15.4745
-0.0036268 15.1803
-0.00359886 14.8862
-0.00357092 14.5921
-0.00354298 14.298
-0.00351504 14.0039
-0.0034871 13.7098
-0.00345916 13.4156
-0.00343122 13.1215
-0.00340327 12.8274
-0.00337533 12.5333
-0.00334739 12.2392
-0.00331945 11.945
-0.00329151 11.6509
-0.00326357 11.3568
-0.00323563 11.0627
-0.00320769 10.7686
-0.00317974 10.4745
-0.0031518 10.1803
-0.00312386 9.88623
-0.00309592 9.59211
-0.00306798 9.29799
-0.00304004 9.00387
-0.0030121 8.70976
-0.00298416 8.41564
-0.00295622 8.12152
-0.00292827 7.8274
-0.00290033 7.53328
-0.00287239 7.23917
-0.00284445 6.94505
-0.00281651 6.65093
-0.00279005 6.50476
-0.00276432 6.43232
-0.0027386 6.35989
-0.00271287 6.28745
-0.00268715 6.21501
-0.00266143 6.14258
-0.0026357 6.07014
-0.00260998 5.99771
-0.00258425 5.92527
-0.00255853 5.85284
-0.0025328 5.7804
-0.00250708 5.70797
-0.00248136 5.63553
-0.00245563 5.5631
-0.00242991 5.49066
-0.00240418 5.41823
-0.00237846 5.34579
-0.00235273 5.27335
-0.00232701 5.20092
-0.00230128 5.12848
-0.00227556 5.05605
-0.00224984 4.98361
-0.00222411 4.91118
-0.00219839 4.83874
-0.00217266 4.76631
-0.00214694 4.69387
-0.00212121 4.62144
-0.00209549 4.549
-0.00206977 4.47657
-0.00204404 4.40413
-0.00201832 4.33169
-0.00199259 4.25926
-0.00196687 4.18682
-0.00194114 4.11439
-0.00191542 4.04195
-0.0018897 3.96952
-0.00186397 3.89708
-0.00183825 3.82465
-0.00181252 3.75221
-0.0017868 3.67978
-0.00176107 3.60734
-0.00173535 3.53491
-0.00170962 3.46247
-0.0016839 3.39003
-0.00165818 3.3176
-0.00163245 3.24516
-0.00160673 3.17273
-0.001581 3.10029
-0.00155528 3.02786
-0.00152955 2.95542
-0.00150383 2.88299
-0.00147811 2.81055
-0.00145238 2.73812
-0.00142666 2.66568
-0.00140093 2.59325
-0.00137521 2.52081
-0.00134948 2.44837
-0.00132376 2.37594
-0.00129804 2.3035
-0.00127231 2.23107
-0.00124659 2.15863
-0.00122086 2.0862
-0.00119514 2.01376
-0.00116941 1.94133
-0.00114369 1.86889
-0.00111796 1.79646
-0.00109224 1.72402
-0.00106652 1.65159
-0.00104079 1.57915
-0.00101507 1.50671
-0.000989343 1.43428
-0.000963618 1.36184
-0.000937894 1.28941
-0.00091217 1.21697
-0.000886445 1.14454
-0.000860721 1.0721
-0.000834997 0.999666
-0.000809272 0.927231
-0.000783548 0.854796
-0.000757824 0.78236
-0.000732099 0.709925
-0.000706375 0.637489
-0.000680651 0.565054
-0.000654926 0.492619
-0.000629202 0.420183
-0.000603477 0.347748
-0.000577753 0.275313
-0.000552029 0.202877
-0.000526304 0.130442
-0.00050058 0.0580063
-0.000474414 -0.058588
-0.000446473 -0.352706
-0.000418532 -0.646823
-0.000390591 -0.940941
-0.000362649 -1.23506
-0.000334708 -1.52918
-0.000306767 -1.82329
-0.000278826 -2.11741
-0.000250885 -2.41153
-0.000222944 -2.70565
-0.000195002 -2.99976
-0.000167061 -3.29388
-0.00013912 -3.588
-0.000111179 -3.88212
-8.8745e-05 -3.6255
-6.9995e-05 -3.0005
-5.1245e-05 -2.3755
-3.2495e-05 -1.7505
-1.3745e-05 -1.1255
5.00501e-06 -0.500501
2.5e-05 0
5e-05 0
7.5e-05 0
0.0001 0
0.000125 0
0.00015 0
0.000175 0
0.0002 0
0.000225 0
0.00025 0
0.000275 0
0.0003 0
0.000325 0
0.00035 0
0.000375 0
0.00035 0
0.000325 0
0.0003 0
0.000275 0
0.00025 0
0.000225 0
0.0002 0
0.000175 0
0.00015 0
0.000125 0
0.0001 0
7.5e-05 0
5e-05 0
2.5e-05 0
-4.74338e-20 0
-2.5e-05 0
-5e-05 0
-7.5e-05 0
-0.0001 0
-0.000125 0
-0.00015 0
-0.000175 0
-0.0002 0
-0.000225 0
-0.00025 0
-0.000275 0
-0.0003 0
-0.000325 0
-0.00035 0
-0.000375 0
-0.0004 0
-0.000425 0
-0.00045 0
-0.000475 0
-0.000501127 0.112746
-0.000527535 0.253537
-0.000553943 0.394329
-0.000580351 0.53512
-0.000606759 0.675912
-0.000633167 0.816703
-0.000659575 0.957495
-0.000685983 1.09829
-0.000712391 1.23908
-0.000738799 1.37987
-0.000765207 1.52066
-0.000791615 1.66145
-0.000818022 1.80224
-0.00084443 1.94304
-0.000870838 2.08383
-0.000897246 2.22462
-0.000923654 2.36541
-0.000950062 2.5062
-0.00097647 2.64699
-0.00100288 2.78778
-0.00102929 2.92858
-0.00105569 3.06937
-0.0010821 3.21016
-0.00110851 3.35095
-0.00113492 3.49174
-0.00116133 3.63253
-0.00118773 3.77332
-0.00121414 3.91412
-0.00124055 4.05491
-0.00126696 4.1957
-0.00129336 4.33649
-0.00131977 4.47728
-0.00134618 4.61807
-0.00137259 4.75886
-0.001399 4.89966
-0.0014254 5.04045
-0.00145181 5.18124
-0.00147822 5.32203
-0.00150463 5.46282
-0.00153104 5.60361
-0.00155744 5.7444
-0.00158385 5.8852
-0.00161026 6.02599
-0.00163667 6.16678
-0.00166308 6.30757
-0.00168948 6.44836
-0.00171589 6.58915
-0.0017423 6.72995
-0.00176871 6.87074
-0.00179512 7.01153
-0.00182152 7.15232
-0.00184793 7.29311
-0.00187434 7.4339
-0.00190075 7.57469
-0.00192715 7.71549
-0.00195356 7.85628
-0.00197997 7.99707
-0.00200638 8.13786
-0.00203279 8.27865
-0.00205919 8.41944
-0.0020856 8.56023
-0.00211201 8.70103
-0.00213842 8.84182
-0.00216483 8.98261
-0.00219123 9.1234
-0.00221764 9.26419
-0.00224405 9.40498
-0.00227046 9.54577
-0.00229687 9.68657
-0.00232327 9.82736
-0.00234968 9.96815
-0.00237609 10.1089
-0.0024025 10.2497
-0.00242891 10.3905
-0.00245531 10.5313
-0.00248172 10.6721
-0.00250813 10.8129
-0.00253454 10.9537
-0.00256094 11.0945
-0.00258735 11.2353
-0.00261376 11.3761
-0.00264017 11.5169
-0.00266658 11.6576
-0.00269298 11.7984
-0.00271939 11.9392
-0.0027458 12.08
-0.00277221 12.2208
-0.00279862 12.3616
-0.00282502 12.5024
-0.00285143 12.6432
-0.00287784 12.784
-0.00290425 12.9248
-0.00293066 13.0656
-0.00295706 13.2064
-0.00298347 13.3471
-0.00300988 13.4879
-0.00303629 13.6287
-0.0030627 13.7695
-0.0030891 13.9103
-0.00311551 14.0511
-0.00314192 14.1919
-0.00316833 14.3327
-0.00319473 14.4735
-0.00322114 14.6143
-0.00324755 14.7551
-0.00327396 14.8959
-0.00330037 15.0366
-0.00332677 15.1774
-0.00335318 15.3182
-0.00337959 15.459
-0.003406 15.5998
-0.00343241 15.7406
-0.00345881 15.8814
-0.00348522 16.0222
-0.00351163 16.163
-0.00353804 16.3038
-0.00356445 16.4446
-0.00359085 16.5853
-0.00361726 16.7261
-0.00364367 16.8669
-0.00367008 17.0077
-0.00369649 17.1485
-0.00372289 17.2893
-0.0037493 17.4301
-0.00377571 17.5709
-0.00380212 17.7117
-0.00382852 17.8525
-0.00385493 17.9933
-0.00388134 18.1341
-0.00390775 18.2748
-0.00393416 18.4156
-0.00395844 18.3436
-0.00398272 18.2716
-0.004007 18.1996
-0.00403128 18.1276
-0.00405556 18.0556
-0.00407984 17.9835
-0.00410412 17.9115
-0.0041284 17.8395
-0.00415267 17.7675
-0.00417695 17.6955
-0.00420123 17.6235
-0.00422551 17.5514
-0.00424979 17.4794
-0.00427407 17.4074
-0.00429835 17.3354
-0.00432263 17.2634
-0.00434691 17.1914
-0.00437119 17.1193
-0.00439547 17.0473
-0.00441975 16.9753
-0.00444403 16.9033
-0.00446831 16.8313
-0.00449259 16.7593
-0.00451687 16.6872
-0.00454115 16.6152
-0.00456543 16.5432
-0.00458971 16.4712
-0.00461399 16.3992
-0.00463827 16.3272
-0.00466255 16.2551
-0.00468683 16.1831
-0.00471111 16.1111
-0.00473539 16.0391
-0.00475967 15.9671
-0.00478395 15.8951
-0.00480823 15.823
-0.00483251 15.751
-0.00485679 15.679
-0.00488107 15.607
-0.00490535 15.535
-0.00492963 15.463
-0.00495391 15.3909
-0.00497819 15.3189
-0.00500247 15.2469
-0.00502675 15.1749
-0.00505103 15.1029
-0.00507531 15.0309
-0.00509959 14.9588
-0.00512387 14.8868
-0.00514815 14.8148
-0.00512021 14.5207
-0.00509227 14.2266
-0.00506432 13.9325
-0.00503638 13.6383
-0.00500844 13.3442
-0.0049805 13.0501
-0.00495256 12.756
-0.00492462 12.4619
-0.00489668 12.1678
-0.00486874 11.8736
-0.0048408 11.5795
-0.00481285 11.2854
-0.00478491 10.9913
-0.00475697 10.6972
-0.00472903 10.4031
-0.00470109 10.1089
-0.00467315 9.81481
-0.00464521 9.5207
-0.00461727 9.22658
-0.00458932 8.93246
-0.00456138 8.63834
-0.00453344 8.34423
-0.0045055 8.05011
-0.00447756 7.75599
-0.00444962 7.46187
-0.00442168 7.16776
-0.00439374 6.87364
-0.0043658 6.57952
-0.00433785 6.2854
-0.00431142 6.1418
-0.00428595 6.09499
-0.00426048 6.04818
-0.00423501 6.00137
-0.00420955 5.95456
-0.00418408 5.90775
-0.00415861 5.86094
-0.00413314 5.81413
-0.00410767 5.76732
-0.00408221 5.72051
-0.00405674 5.6737
-0.00403127 5.62689
-0.0040058 5.58008
-0.00398033 5.53327
-0.00395486 5.48646
-0.0039294 5.43965
-0.00390393 5.39284
-0.00387846 5.34603
-0.00385299 5.29922
-0.00382752 5.25241
-0.00380206 5.2056
-0.00377659 5.15879
-0.00375112 5.11198
-0.00372565 5.06517
-0.00370018 5.01836
-0.00367472 4.97155
-0.00364925 4.92474
-0.00362378 4.87793
-0.00359831 4.83112
-0.00357284 4.78431
-0.00354738 4.7375
-0.00352191 4.69069
-0.00349644 4.64388
-0.00347097 4.59707
-0.0034455 4.55026
-0.00342003 4.50345
-0.00339457 4.45664
-0.0033691 4.40983
-0.00334363 4.36302
-0.00331816 4.31621
-0.00329269 4.2694
-0.00326723 4.22259
-0.00324176 4.17578
-0.00321629 4.12897
-0.00319082 4.08216
-0.00316535 4.03535
-0.00313989 3.98854
-0.00311442 3.94173
-0.00308895 3.89492
-0.00306348 3.84811
-0.00303801 3.8013
-0.00301254 3.75449
-0.00298708 3.70768
-0.00296161 3.66087
-0.00293614 3.61406
-0.00291067 3.56725
-0.0028852 3.52044
-0.00285974 3.47363
-0.00283427 3.42682
-0.0028088 3.38001
-0.00278333 3.3332
-0.00275786 3.28639
-0.0027324 3.23958
-0.00270693 3.19277
-0.00268146 3.14596
-0.00265599 3.09915
-0.00263052 3.05234
-0.00260506 3.00554
-0.00257959 2.95873
-0.00255412 2.91192
-0.00252865 2.86511
-0.00250318 2.8183
-0.00247771 2.77149
-0.00245225 2.72468
-0.00242678 2.67787
-0.00240131 2.63106
-0.00237584 2.58425
-0.00235037 2.53744
-0.00232491 2.49063
-0.00229944 2.44382
-0.00227397 2.39701
-0.0022485 2.3502
-0.00222303 2.30339
-0.00219757 2.25658
-0.0021721 2.20977
-0.00214663 2.16296
-0.00212116 2.11615
-0.00209569 2.06934
-0.00207023 2.02253
-0.00204476 1.97572
-0.00201929 1.92891
-0.00199382 1.8821
-0.00196835 1.83529
-0.00194288 1.78848
-0.00191742 1.74167
-0.00189195 1.69486
-0.00186648 1.64805
-0.00184101 1.60124
-0.00181554 1.55443
-0.00179008 1.50762
-0.00176461 1.46081
-0.00173914 1.414
-0.00171367 1.36719
-0.0016882 1.32038
-0.00166274 1.27357
-0.00163727 1.22676
-0.0016118 1.17995
-0.00158633 1.13314
-0.00156086 1.08633
-0.0015354 1.03952
-0.00150993 0.992706
-0.00148446 0.945896
-0.00145899 0.899086
-0.00143352 0.852276
-0.00140805 0.805466
-0.00138259 0.758656
-0.00135712 0.711846
-0.00133165 0.665036
-0.00130618 0.618226
-0.00128071 0.571416
-0.00125525 0.524606
-0.00122978 0.477796
-0.00120431 0.430986
-0.00117884 0.384176
-0.00115337 0.337366
-0.00112791 0.290556
-0.00110244 0.243746
-0.00107697 0.196936
-0.0010515 0.150126
-0.00102603 0.103316
-0.00100057 0.0565059
-0.000975097 0.0096959
-0.00095 0
-0.000925 0
-0.0009 0
-0.000875 0
-0.00085 0
-0.000825 0
-0.0008 0
-0.000775 0
-0.00075 0
-0.000725 0
-0.0007 0
-0.000675 0
-0.00065 0
-0.000625 0
-0.0006 0
-0.000575 0
-0.00055 0
-0.000525 0
-0.0005 0
-0.000475 0
-0.00045 0
-0.000425 0
-0.0004 0
-0.000375 0
-0.00035 0
-0.000325 0
-0.0003 0
-0.000275 0
-0.00025 0
-0.000225 0
-0.0002 0
-0.000175 0
-0.00015 0
-0.000125 0
-0.0001 0
-7.5e-05 0
-5e-05 0
-2.5e-05 0
-6.09864e-20 0
2.5e-05 0
5e-05 0
7.5e-05 0
0.0001 0
0.000125 0
0.00015 0
0.000175 0
0.0002 0
0.000225 0
0.00025 0
0.000275 0
0.0003 0
0.000325 0
0.00035 0
0.000375 0
0.0004 0
0.000425 0
0.00045 0
0.000475 0
0.0005 0
0.000475 0
0.00045 0
0.000425 0
0.0004 0
0.000375 0
0.00035 0
0.000325 0
0.0003 0
0.000275 0
0.00025 0
0.000225 0
0.0002 0
0.000175 0
0.00015 0
0.000125 0
0.0001 0
7.5e-05 0
5e-05 0
2.5e-05 0
-4.74338e-20 0
-2.5e-05 0
-5e-05 0
-7.5e-05 0
-0.0001 0
-0.000125 0
-0.00015 0
-0.000175 0
-0.0002 0
-0.000225 0
-0.00025 0
-0.000275 0
-0.0003 0
-0.000325 0
-0.00035 0
-0.000375 0
-0.0004 0
-0.000425 0
-0.00045 0
-0.000475 0
-0.0005 0
-0.000525 0
-0.00055 0
-0.000575 0
-0.0006 0
-0.000625 0
-0.00065 0
-0.000675 0
-0.0007 0
-0.000725 0
-0.00075 0
-0.000775 0
-0.0008 0
-0.000825 0
-0.00085 0
-0.000875 0
-0.0009 0
-0.000925 0
-0.00095 0
-0.00097519 0.0190354
-0.00100111 0.110935
-0.00102703 0.202834
-0.00105295 0.294733
-0.00107887 0.386632
-0.00110479 0.478532
-0.0011307 0.570431
-0.00115662 0.66233
-0.00118254 0.754229
-0.00120846 0.846129
-0.00123438 0.938028
-0.0012603 1.02993
-0.00128622 1.12183
-0.00131214 1.21373
-0.00133806 1.30562
-0.00136398 1.39752
-0.00138989 1.48942
-0.00141581 1.58132
-0.00144173 1.67322
-0.00146765 1.76512
-0.00149357 1.85702
-0.00151949 1.94892
-0.00154541 2.04082
-0.00157133 2.13272
-0.00159725 2.22462
-0.00162317 2.31652
-0.00164908 2.40842
-0.001675 2.50032
-0.00170092 2.59221
-0.00172684 2.68411
-0.00175276 2.77601
-0.00177868 2.86791
-0.0018046 2.95981
-0.00183052 3.05171
-0.00185644 3.14361
-0.00188236 3.23551
-0.00190827 3.32741
-0.00193419 3.41931
-0.00196011 3.51121
-0.00198603 3.60311
-0.00201195 3.69501
-0.00203787 3.7869
-0.00206379 3.8788
-0.00208971 3.9707
-0.00211563 4.0626
-0.00214155 4.1545
-0.00216746 4.2464
-0.00219338 4.3383
-0.0022193 4.4302
-0.00224522 4.5221
-0.00227114 4.614
-0.00229706 4.7059
-0.00232298 4.7978
-0.0023489 4.8897
-0.00237482 4.98159
-0.00240073 5.07349
-0.00242665 5.16539
-0.00245257 5.25729
-0.00247849 5.34919
-0.00250441 5.44109
-0.00253033 5.53299
-0.00255625 5.62489
-0.00258217 5.71679
-0.00260809 5.80869
-0.00263401 5.90059
-0.00265992 5.99249
-0.00268584 6.08439
-0.00271176 6.17629
-0.00273768 6.26818
-0.0027636 6.36008
-0.00278952 6.45198
-0.00281544 6.54388
-0.00284136 6.63578
-0.00286728 6.72768
-0.0028932 6.81958
-0.00291911 6.91148
-0.00294503 7.00338
-0.00297095 7.09528
-0.00299687 7.18718
-0.00302279 7.27908
-0.00304871 7.37098
-0.00307463 7.46287
-0.00310055 7.55477
-0.00312647 7.64667
-0.00315239 7.73857
-0.0031783 7.83047
-0.00320422 7.92237
-0.00323014 8.01427
-0.00325606 8.10617
-0.00328198 8.19807
-0.0033079 8.28997
-0.00333382 8.38187
-0.00335974 8.47377
-0.00338566 8.56567
-0.00341158 8.65756
-0.00343749 8.74946
-0.00346341 8.84136
-0.00348933 8.93326
-0.00351525 9.02516
-0.00354117 9.11706
-0.00356709 9.20896
-0.00359301 9.30086
-0.00361893 9.39276
-0.00364485 9.48466
-0.00367077 9.57656
-0.00369668 9.66846
-0.0037226 9.76036
-0.00374852 9.85226
-0.00377444 9.94415
-0.00380036 10.0361
-0.00382628 10.128
-0.0038522 10.2199
-0.00387812 10.3118
-0.00390404 10.4037
-0.00392996 10.4956
-0.00395587 10.5874
-0.00398179 10.6793
-0.00400771 10.7712
-0.00403363 10.8631
-0.00405955 10.955
-0.00408547 11.0469
-0.00411139 11.1388
-0.00413731 11.2307
-0.00416323 11.3226
-0.00418915 11.4145
-0.00421506 11.5064
-0.00424098 11.5983
-0.0042669 11.6902
-0.00429282 11.7821
-0.00431874 11.874
-0.00434466 11.9659
-0.00437058 12.0578
-0.0043965 12.1497
-0.00442242 12.2416
-0.00444834 12.3335
-0.00447425 12.4254
-0.00450017 12.5173
-0.00452609 12.6092
-0.00455201 12.7011
-0.00457793 12.793
-0.00460385 12.8849
-0.00462977 12.9768
-0.00465569 13.0687
-0.00468161 13.1606
-0.00470753 13.2525
-0.00473344 13.3444
-0.00475936 13.4363
-0.00478528 13.5282
-0.0048112 13.6201
-0.00483712 13.712
-0.00486304 13.8039
-0.00488896 13.8958
-0.00491488 13.9877
-0.0049408 14.0796
-0.00496672 14.1715
-0.00499263 14.2634
-0.00501855 14.3553
-0.00504447 14.4472
-0.00507039 14.5391
-0.00509631 14.631
-0.00512223 14.7229
-0.00514815 14.8148
-0.00517243 14.7428
-0.00519671 14.6708
-0.00522099 14.5988
-0.00524527 14.5267
-0.00526955 14.4547
-0.00529383 14.3827
-0.00531811 14.3107
-0.00534239 14.2387
-0.00536667 14.1667
-0.00539095 14.0947
-0.00541523 14.0226
-0.00543951 13.9506
-0.00546379 13.8786
-0.00548807 13.8066
-0.00551235 13.7346
-0.00553663 13.6626
-0.00556091 13.5905
-0.00558519 13.5185
-0.00560947 13.4465
-0.00563374 13.3745
-0.00565802 13.3025
-0.0056823 13.2305
-0.00570658 13.1584
-0.00573086 13.0864
-0.00575514 13.0144
-0.00577942 12.9424
-0.0058037 12.8704
-0.00582798 12.7984
-0.00585226 12.7263
-0.00587654 12.6543
-0.00590082 12.5823
-0.0059251 12.5103
-0.00594938 12.4383
-0.00597366 12.3663
-0.00599794 12.2942
-0.00602222 12.2222
-0.0060465 12.1502
-0.00607078 12.0782
-0.00609506 12.0062
-0.00611934 11.9342
-0.00614362 11.8621
-0.0061679 11.7901
-0.00619218 11.7181
-0.00621646 11.6461
-0.00624074 11.5741
-0.00626502 11.5021
-0.0062893 11.43
-0.00631358 11.358
-0.00633786 11.286
-0.00636214 11.214
-0.0063342 10.9199
-0.00630626 10.6258
-0.00627832 10.3316
-0.00625038 10.0375
-0.00622243 9.7434
-0.00619449 9.44929
-0.00616655 9.15517
-0.00613861 8.86105
-0.00611067 8.56693
-0.00608273 8.27282
-0.00605479 7.9787
-0.00602685 7.68458
-0.0059989 7.39046
-0.00597096 7.09634
-0.00594302 6.80223
-0.00591508 6.50811
-0.00588714 6.21399
-0.0058592 5.91987
-0.00583126 5.62576
-0.00580332 5.33164
-0.00577538 5.03752
-0.00574994 4.99417
-0.00572463 4.96315
-0.00569932 4.93213
-0.00567401 4.90111
-0.0056487 4.8701
-0.00562339 4.83908
-0.00559808 4.80806
-0.00557277 4.77704
-0.00554746 4.74602
-0.00552215 4.71501
-0.00549684 4.68399
-0.00547153 4.65297
-0.00544622 4.62195
-0.00542091 4.59093
-0.0053956 4.55992
-0.00537029 4.5289
-0.00534498 4.49788
-0.00531967 4.46686
-0.00529436 4.43584
-0.00526905 4.40483
-0.00524374 4.37381
-0.00521843 4.34279
-0.00519312 4.31177
-0.00516781 4.28076
-0.0051425 4.24974
-0.00511719 4.21872
-0.00509188 4.1877
-0.00506657 4.15668
-0.00504126 4.12567
-0.00501595 4.09465
-0.00499064 4.06363
-0.00496533 4.03261
-0.00494002 4.00159
-0.00491471 3.97058
-0.0048894 3.93956
-0.00486409 3.90854
-0.00483878 3.87752
-0.00481347 3.8465
-0.00478815 3.81549
-0.00476284 3.78447
-0.00473753 3.75345
-0.00471222 3.72243
-0.00468691 3.69141
-0.0046616 3.6604
-0.00463629 3.62938
-0.00461098 3.59836
-0.00458567 3.56734
-0.00456036 3.53632
-0.00453505 3.50531
-0.00450974 3.47429
-0.00448443 3.44327
-0.00445912 3.41225
-0.00443381 3.38123
-0.0044085 3.35022
-0.00438319 3.3192
-0.00435788 3.28818
-0.00433257 3.25716
-0.00430726 3.22614
-0.00428195 3.19513
-0.00425664 3.16411
-0.00423133 3.13309
-0.00420602 3.10207
-0.00418071 3.07106
-0.0041554 3.04004
-0.00413009 3.00902
-0.00410478 2.978
-0.00407947 2.94698
-0.00405416 2.91597
-0.00402885 2.88495
-0.00400354 2.85393
-0.00397823 2.82291
-0.00395292 2.79189
-0.00392761 2.76088
-0.0039023 2.72986
-0.00387699 2.69884
-0.00385168 2.66782
-0.00382637 2.6368
-0.00380106 2.60579
-0.00377575 2.57477
-0.00375044 2.54375
-0.00372513 2.51273
-0.00369982 2.48171
-0.00367451 2.4507
-0.0036492 2.41968
-0.00362389 2.38866
-0.00359858 2.35764
-0.00357327 2.32662
-0.00354796 2.29561
-0.00352265 2.26459
-0.00349734 2.23357
-0.00347203 2.20255
-0.00344672 2.17153
-0.00342141 2.14052
-0.00339609 2.1095
-0.00337078 2.07848
-0.00334547 2.04746
-0.00332016 2.01644
-0.00329485 1.98543
-0.00326954 1.95441
-0.00324423 1.92339
-0.00321892 1.89237
-0.00319361 1.86136
-0.0031683 1.83034
-0.00314299 1.79932
-0.00311768 1.7683
-0.00309237 1.73728
-0.00306706 1.70627
-0.00304175 1.67525
-0.00301644 1.64423
-0.00299113 1.61321
-0.00296582 1.58219
-0.00294051 1.55118
-0.0029152 1.52016
-0.00288989 1.48914
-0.00286458 1.45812
-0.00283927 1.4271
-0.00281396 1.39609
-0.00278865 1.36507
-0.00276334 1.33405
-0.00273803 1.30303
-0.00271272 1.27201
-0.00268741 1.241
-0.0026621 1.20998
-0.00263679 1.17896
-0.00261148 1.14794
-0.00258617 1.11692
-0.00256086 1.08591
-0.00253555 1.05489
-0.00251024 1.02387
-0.00248493 0.992853
-0.00245962 0.961835
-0.00243431 0.930817
-0.002409 0.899799
-0.00238369 0.868781
-0.00235838 0.837763
-0.00233307 0.806745
-0.00230776 0.775727
-0.00228245 0.744709
-0.00225714 0.713691
-0.00223183 0.682673
-0.00220652 0.651655
-0.00218121 0.620637
-0.0021559 0.589619
-0.00213059 0.558601
-0.00210528 0.527583
-0.00207997 0.496565
-0.00205466 0.465547
-0.00202935 0.434529
-0.00200404 0.403512
-0.00197872 0.372494
-0.00195341 0.341476
-0.0019281 0.310458
-0.00190279 0.27944
-0.00187748 0.248422
-0.00185217 0.217404
-0.00182686 0.186386
-0.00180155 0.155368
-0.00177624 0.12435
-0.00175093 0.093332
-0.00172562 0.0623141
-0.00170031 0.0312961
-0.001675 0.000278194
-0.00165 0
-0.001625 0
-0.0016 0
-0.001575 0
-0.00155 0
-0.001525 0
-0.0015 0
-0.001475 0
-0.00145 0
-0.001425 0
-0.0014 0
-0.001375 0
-0.00135 0
-0.001325 0
-0.0013 0
-0.001275 0
-0.00125 0
-0.001225 0
-0.0012 0
-0.001175 0
-0.00115 0
-0.001125 0
-0.0011 0
-0.001075 0
-0.00105 0
-0.001025 0
-0.001 0
-0.000975 0
-0.00095 0
-0.000925 0
-0.0009 0
-0.000875 0
-0.00085 0
-0.000825 0
-0.0008 0
-0.000775 0
-0.00075 0
-0.000725 0
-0.0007 0
-0.000675 0
-0.00065 0
-0.000625 0
-0.0006 0
-0.000575 0
-0.00055 0
-0.000525 0
-0.0005 0
-0.000475 0
-0.00045 0
-0.000425 0
-0.0004 0
-0.000375 0
-0.00035 0
-0.000325 0
-0.0003 0
-0.000275 0
-0.00025 0
-0.000225 0
-0.0002 0
-0.000175 0
-0.00015 0
-0.000125 0
-0.0001 0
-7.5e-05 0
-5e-05 0
-2.5e-05 0
-6.09864e-20 0
2.5e-05 0
5e-05 0
7.5e-05 0
0.0001 0
0.000125 0
0.00015 0
0.000175 0
0.0002 0
0.000225 0
0.00025 0
0.000275 0
0.0003 0
0.000325 0
0.00035 0
0.000375 0
0.0004 0
0.000425 0
0.00045 0
0.000475 0
0.0005 0
0.000525 0
0.00055 0
0.000575 0
0.0006 0
0.000625 0
0.0006 0
0.000575 0
0.00055 0
0.000525 0
0.0005 0
0.000475 0
0.00045 0
0.000425 0
0.0004 0
0.000375 0
0.00035 0
0.000325 0
0.0003 0
0.000275 0
0.00025 0
0.000225 0
0.0002 0
0.000175 0
0.00015 0
0.000125 0
0.0001 0
7.5e-05 0
5e-05 0
2.5e-05 0
-4.74338e-20 0
-2.5e-05 0
-5e-05 0
-7.5e-05 0
-0.0001 0
-0.000125 0
-0.00015 0
-0.000175 0
-0.0002 0
-0.000225 0
-0.00025 0
-0.000275 0
-0.0003 0
-0.000325 0
-0.00035 0
-0.000375 0
-0.0004 0
-0.000425 0
-0.00045 0
-0.000475 0
-0.0005 0
-0.000525 0
-0.00055 0
-0.000575 0
-0.0006 0
-0.000625 0
-0.00065 0
-0.000675 0
-0.0007 0
-0.000725 0
-0.00075 0
-0.000775 0
-0.0008 0
-0.000825 0
-0.00085 0
-0.000875 0
-0.0009 0
-0.000925 0
-0.00095 0
-0.000975 0
-0.001 0
-0.001025 0
-0.00105 0
-0.001075 0
-0.0011 0
-0.001125 0
-0.00115 0
-0.001175 0
-0.0012 0
-0.001225 0
-0.00125 0
-0.001275 0
-0.0013 0
-0.001325 0
-0.00135 0
-0.001375 0
-0.0014 0
-0.001425 0
-0.00145 0
-0.001475 0
-0.0015 0
-0.001525 0
-0.00155 0
-0.001575 0
-0.0016 0
-0.001625 0
-0.00165 0
-0.00167501 0.00054957
-0.00170062 0.0618252
-0.00172623 0.123101
-0.00175184 0.184376
-0.00177746 0.245652
-0.00180307 0.306928
-0.00182868 0.368203
-0.00185429 0.429479
-0.00187991 0.490755
-0.00190552 0.55203
-0.00193113 0.613306
-0.00195675 0.674582
-0.00198236 0.735857
-0.00200797 0.797133
-0.00203358 0.858409
-0.0020592 0.919684
-0.00208481 0.98096
-0.00211042 1.04224
-0.00213604 1.10351
-0.00216165 1.16479
-0.00218726 1.22606
-0.00221287 1.28734
-0.00223849 1.34861
-0.0022641 1.40989
-0.00228971 1.47116
-0.00231532 1.53244
-0.00234094 1.59372
-0.00236655 1.65499
-0.00239216 1.71627
-0.00241778 1.77754
-0.00244339 1.83882
-0.002469 1.90009
-0.00249461 1.96137
-0.00252023 2.02265
-0.00254584 2.08392
-0.00257145 2.1452
-0.00259706 2.20647
-0.00262268 2.26775
-0.00264829 2.32902
-0.0026739 2.3903
-0.00269952 2.45158
-0.00272513 2.51285
-0.00275074 2.57413
-0.00277635 2.6354
-0.00280197 2.69668
-0.00282758 2.75795
-0.00285319 2.81923
-0.00287881 2.8805
-0.00290442 2.94178
-0.00293003 3.00306
-0.00295564 3.06433
-0.00298126 3.12561
-0.00300687 3.18688
-0.00303248 3.24816
-0.00305809 3.30943
-0.00308371 3.37071
-0.00310932 3.43199
-0.00313493 3.49326
-0.00316055 3.55454
-0.00318616 3.61581
-0.00321177 3.67709
-0.00323738 3.73836
-0.003263 3.79964
-0.00328861 3.86091
-0.00331422 3.92219
-0.00333983 3.98347
-0.00336545 4.04474
-0.00339106 4.10602
-0.00341667 4.16729
-0.00344229 4.22857
-0.0034679 4.28984
-0.00349351 4.35112
-0.00351912 4.4124
-0.00354474 4.47367
-0.00357035 4.53495
-0.00359596 4.59622
-0.00362157 4.6575
-0.00364719 4.71877
-0.0036728 4.78005
-0.00369841 4.84133
-0.00372403 4.9026
-0.00374964 4.96388
-0.00377525 5.02515
-0.00380086 5.08643
-0.00382648 5.1477
-0.00385209 5.20898
-0.0038777 5.27025
-0.00390332 5.33153
-0.00392893 5.39281
-0.00395454 5.45408
-0.00398015 5.51536
-0.00400577 5.57663
-0.00403138 5.63791
-0.00405699 5.69918
-0.0040826 5.76046
-0.00410822 5.82174
-0.00413383 5.88301
-0.00415944 5.94429
-0.00418506 6.00556
-0.00421067 6.06684
-0.00423628 6.12811
-0.00426189 6.18939
-0.00428751 6.25066
-0.00431312 6.31194
-0.00433873 6.37322
-0.00436434 6.43449
-0.00438996 6.49577
-0.00441557 6.55704
-0.00444118 6.61832
-0.0044668 6.67959
-0.00449241 6.74087
-0.00451802 6.80215
-0.00454363 6.86342
-0.00456925 6.9247
-0.00459486 6.98597
-0.00462047 7.04725
-0.00464609 7.10852
-0.0046717 7.1698
-0.00469731 7.23108
-0.00472292 7.29235
-0.00474854 7.35363
-0.00477415 7.4149
-0.00479976 7.47618
-0.00482537 7.53745
-0.00485099 7.59873
-0.0048766 7.66
-0.00490221 7.72128
-0.00492783 7.78256
-0.00495344 7.84383
-0.00497905 7.90511
-0.00500466 7.96638
-0.00503028 8.02766
-0.00505589 8.08893
-0.0050815 8.15021
-0.00510711 8.21149
-0.00513273 8.27276
-0.00515834 8.33404
-0.00518395 8.39531
-0.00520957 8.45659
-0.00523518 8.51786
-0.00526079 8.57914
-0.0052864 8.64041
-0.00531202 8.70169
-0.00533763 8.76297
-0.00536324 8.82424
-0.00538886 8.88552
-0.00541447 8.94679
-0.00544008 9.00807
-0.00546569 9.06934
-0.00549131 9.13062
-0.00551692 9.1919
-0.00554253 9.25317
-0.00556814 9.31445
-0.00559376 9.37572
-0.00561937 9.437
-0.00564498 9.49827
-0.0056706 9.55955
-0.00569621 9.62083
-0.00572182 9.6821
-0.00574743 9.74338
-0.00577305 9.80465
-0.00579866 9.86593
-0.00582427 9.9272
-0.00584988 9.98848
-0.0058755 10.0498
-0.00590111 10.111
-0.00592672 10.1723
-0.00595234 10.2336
-0.00597795 10.2949
-0.00600356 10.3561
-0.00602917 10.4174
-0.00605479 10.4787
-0.0060804 10.54
-0.00610601 10.6012
-0.00613163 10.6625
-0.00615724 10.7238
-0.00618285 10.7851
-0.00620846 10.8463
-0.00623408 10.9076
-0.00625969 10.9689
-0.0062853 11.0302
-0.00631091 11.0914
-0.00633653 11.1527
-0.00636214 11.214
-0.00638642 11.142
-0.0064107 11.07
-0.00643498 10.9979
-0.00645926 10.9259
-0.00648354 10.8539
-0.00650782 10.7819
-0.0065321 10.7099
-0.00655638 10.6379
-0.00658066 10.5658
-0.00660494 10.4938
-0.00662922 10.4218
-0.0066535 10.3498
-0.00667778 10.2778
-0.00670206 10.2058
-0.00672634 10.1337
-0.00675062 10.0617
-0.0067749 9.98971
-0.00679918 9.9177
-0.00682346 9.84568
-0.00684774 9.77366
-0.00687202 9.70165
-0.0068963 9.62963
-0.00692058 9.55761
-0.00694486 9.4856
-0.00696914 9.41358
-0.00699342 9.34156
-0.0070177 9.26955
-0.00704198 9.19753
-0.00706626 9.12551
-0.00709053 9.0535
-0.00711481 8.98148
-0.00713909 8.90947
-0.00716337 8.83745
-0.00718765 8.76543
-0.00721193 8.69342
-0.00723621 8.6214
-0.00726049 8.54938
-0.00728477 8.47737
-0.00730905 8.40535
-0.00733333 8.33333
-0.00735761 8.26132
-0.00738189 8.1893
-0.00740617 8.11728
-0.00743045 8.04527
-0.00745473 7.97325
-0.00747901 7.90123
-0.00750329 7.82922
-0.00752757 7.7572
-0.00755185 7.68519
-0.00757613 7.61317
-0.00754819 7.31905
-0.00752025 7.02493
-0.00749231 6.73082
-0.00746437 6.4367
-0.00743643 6.14258
-0.00740848 5.84846
-0.00738054 5.55435
-0.0073526 5.26023
-0.00732466 4.96611
-0.00729672 4.67199
-0.00726878 4.37787
-0.00724084 4.08376
-0.0072129 3.78964
-0.00718553 3.55316
-0.00716033 3.53285
-0.00713513 3.51254
-0.00710992 3.49223
-0.00708472 3.47192
-0.00705952 3.45161
-0.00703431 3.4313
-0.00700911 3.41099
-0.00698391 3.39068
-0.0069587 3.37037
-0.0069335 3.35006
-0.0069083 3.32975
-0.00688309 3.30944
-0.00685789 3.28913
-0.00683269 3.26882
-0.00680749 3.24851
-0.00678228 3.2282
-0.00675708 3.20789
-0.00673188 3.18758
-0.00670667 3.16727
-0.00668147 3.14696
-0.00665627 3.12665
-0.00663106 3.10634
-0.00660586 3.08603
-0.00658066 3.06572
-0.00655545 3.04541
-0.00653025 3.0251
-0.00650505 3.00479
-0.00647984 2.98448
-0.00645464 2.96417
-0.00642944 2.94385
-0.00640424 2.92354
-0.00637903 2.90323
-0.00635383 2.88292
-0.00632863 2.86261
-0.00630342 2.8423
-0.00627822 2.82199
-0.00625302 2.80168
-0.00622781 2.78137
-0.00620261 2.76106
-0.00617741 2.74075
-0.0061522 2.72044
-0.006127 2.70013
-0.0061018 2.67982
-0.0060766 2.65951
-0.00605139 2.6392
-0.00602619 2.61889
-0.00600099 2.59858
-0.00597578 2.57827
-0.00595058 2.55796
-0.00592538 2.53765
-0.00590017 2.51734
-0.00587497 2.49703
-0.00584977 2.47672
-0.00582456 2.45641
-0.00579936 2.4361
-0.00577416 2.41579
-0.00574895 2.39548
-0.00572375 2.37517
-0.00569855 2.35485
-0.00567335 2.33454
-0.00564814 2.31423
-0.00562294 2.29392
-0.00559774 2.27361
-0.00557253 2.2533
-0.00554733 2.23299
-0.00552213 2.21268
-0.00549692 2.19237
-0.00547172 2.17206
-0.00544652 2.15175
-0.00542131 2.13144
-0.00539611 2.11113
-0.00537091 2.09082
-0.00534571 2.07051
-0.0053205 2.0502
-0.0052953 2.02989
-0.0052701 2.00958
-0.00524489 1.98927
-0.00521969 1.96896
-0.00519449 1.94865
-0.00516928 1.92834
-0.00514408 1.90803
-0.00511888 1.88772
-0.00509367 1.86741
-0.00506847 1.8471
-0.00504327 1.82679
-0.00501806 1.80648
-0.00499286 1.78617
-0.00496766 1.76586
-0.00494246 1.74554
-0.00491725 1.72523
-0.00489205 1.70492
-0.00486685 1.68461
-0.00484164 1.6643
-0.00481644 1.64399
-0.00479124 1.62368
-0.00476603 1.60337
-0.00474083 1.58306
-0.00471563 1.56275
-0.00469042 1.54244
-0.00466522 1.52213
-0.00464002 1.50182
-0.00461482 1.48151
-0.00458961 1.4612
-0.00456441 1.44089
-0.00453921 1.42058
-0.004514 1.40027
-0.0044888 1.37996
-0.0044636 1.35965
-0.00443839 1.33934
-0.00441319 1.31903
-0.00438799 1.29872
-0.00436278 1.27841
-0.00433758 1.2581
-0.00431238 1.23779
-0.00428717 1.21748
-0.00426197 1.19717
-0.00423677 1.17686
-0.00421157 1.15655
-0.00418636 1.13623
-0.00416116 1.11592
-0.00413596 1.09561
-0.00411075 1.0753
-0.00408555 1.05499
-0.00406035 1.03468
-0.00403514 1.01437
-0.00400994 0.994062
-0.00398474 0.973752
-0.00395953 0.953442
-0.00393433 0.933131
-0.00390913 0.912821
-0.00388393 0.892511
-0.00385872 0.8722
-0.00383352 0.85189
-0.00380832 0.83158
-0.00378311 0.811269
-0.00375791 0.790959
-0.00373271 0.770649
-0.0037075 0.750338
-0.0036823 0.730028
-0.0036571 0.709718
-0.00363189 0.689407
-0.00360669 0.669097
-0.00358149 0.648787
-0.00355628 0.628476
-0.00353108 0.608166
-0.00350588 0.587856
-0.00348068 0.567545
-0.00345547 0.547235
-0.00343027 0.526925
-0.00340507 0.506614
-0.00337986 0.486304
-0.00335466 0.465994
-0.00332946 0.445683
-0.00330425 0.425373
-0.00327905 0.405063
-0.00325385 0.384752
-0.00322864 0.364442
-0.00320344 0.344132
-0.00317824 0.323821
-0.00315304 0.303511
-0.00312783 0.283201
-0.00310263 0.26289
-0.00307743 0.24258
-0.00305222 0.22227
-0.00302702 0.201959
-0.00300182 0.181649
-0.00297661 0.161339
-0.00295141 0.141028
-0.00292621 0.120718
-0.002901 0.100408
-0.0028758 0.0800973
-0.0028506 0.0597869
-0.00282539 0.0394766
-0.00280019 0.0191663
-0.002775 0
-0.00275 0
-0.002725 0
-0.0027 0
-0.002675 0
-0.00265 0
-0.002625 0
-0.0026 0
-0.002575 0
-0.00255 0
-0.002525 0
-0.0025 0
-0.002475 0
-0.00245 0
-0.002425 0
-0.0024 0
-0.002375 0
-0.00235 0
-0.002325 0
-0.0023 0
-0.002275 0
-0.00225 0
-0.002225 0
-0.0022 0
-0.002175 0
-0.00215 0
-0.002125 0
-0.0021 0
-0.002075 0
-0.00205 0
-0.002025 0
-0.002 0
-0.001975 0
-0.00195 0
-0.001925 0
-0.0019 0
-0.001875 0
-0.00185 0
-0.001825 0
-0.0018 0
-0.001775 0
-0.00175 0
-0.001725 0
-0.0017 0
-0.001675 0
-0.00165 0
-0.001625 0
-0.0016 0
-0.001575 0
-0.00155 0
-0.001525 0
-0.0015 0
-0.001475 0
-0.00145 0
-0.001425 0
-0.0014 0
-0.001375 0
-0.00135 0
-0.001325 0
-0.0013 0
-0.001275 0
-0.00125 0
-0.001225 0
-0.0012 0
-0.001175 0
-0.00115 0
-0.001125 0
-0.0011 0
-0.001075 0
-0.00105 0
-0.001025 0
-0.001 0
-0.000975 0
-0.00095 0
-0.000925 0
-0.0009 0
-0.000875 0
-0.00085 0
-0.000825 0
-0.0008 0
-0.000775 0
-0.00075 0
-0.000725 0
-0.0007 0
-0.000675 0
-0.00065 0
-0.000625 0
-0.0006 0
-0.000575 0
-0.00055 0
-0.000525 0
-0.0005 0
-0.000475 0
-0.00045 0
-0.000425 0
-0.0004 0
-0.000375 0
-0.00035 0
-0.000325 0
-0.0003 0
-0.000275 0
-0.00025 0
-0.000225 0
-0.0002 0
-0.000175 0
-0.00015 0
-0.000125 0
-0.0001 0
-7.5e-05 0
-5e-05 0
-2.5e-05 0
-6.09864e-20 0
2.5e-05 0
5e-05 0
7.5e-05 0
0.0001 0
0.000125 0
0.00015 0
0.000175 0
0.0002 0
0.000225 0
0.00025 0
0.000275 0
0.0003 0
0.000325 0
0.00035 0
0.000375 0
0.0004 0
0.000425 0
0.00045 0
0.000475 0
0.0005 0
0.000525 0
0.00055 0
0.000575 0
0.0006 0
0.000625 0
0.00065 0
0.000675 0
0.0007 0
0.000725 0
0.00075 0
0.000725 0
0.0007 0
0.000675 0
0.00065 0
0.000625 0
0.0006 0
0.000575 0
0.00055 0
0.000525 0
0.0005 0
0.000475 0
0.00045 0
0.000425 0
0.0004 0
0.000375 0
0.00035 0
0.000325 0
0.0003 0
0.000275 0
0.00025 0
0.000225 0
0.0002 0
0.000175 0
0.00015 0
0.000125 0
0.0001 0
7.5e-05 0
5e-05 0
2.5e-05 0
-4.74338e-20 0
-2.5e-05 0
-5e-05 0
-7.5e-05 0
-0.0001 0
-0.000125 0
-0.00015 0
-0.000175 0
-0.0002 0
-0.000225 0
-0.00025 0
-0.000275 0
-0.0003 0
-0.000325 0
-0.00035 0
-0.000375 0
-0.0004 0
-0.000425 0
-0.00045 0
-0.000475 0
-0.0005 0
-0.000525 0
-0.00055 0
-0.000575 0
-0.0006 0
-0.000625 0
-0.00065 0
-0.000675 0
-0.0007 0
-0.000725 0
-0.00075 0
-0.000775 0
-0.0008 0
-0.000825 0
-0.00085 0
-0.000875 0
-0.0009 0
-0.000925 0
-0.00095 0
-0.000975 0
-0.001 0
-0.001025 0
-0.00105 0
-0.001075 0
-0.0011 0
-0.001125 0
-0.00115 0
-0.001175 0
-0.0012 0
-0.001225 0
-0.00125 0
-0.001275 0
-0.0013 0
-0.001325 0
-0.00135 0
-0.001375 0
-0.0014 0
-0.001425 0
-0.00145 0
-0.001475 0
-0.0015 0
-0.001525 0
-0.00155 0
-0.001575 0
-0.0016 0
-0.001625 0
-0.00165 0
-0.001675 0
-0.0017 0
-0.001725 0
-0.00175 0
-0.001775 0
-0.0018 0
-0.001825 0
-0.00185 0
-0.001875 0
-0.0019 0
-0.001925 0
-0.00195 0
-0.001975 0
-0.002 0
-0.002025 0
-0.00205 0
-0.002075 0
-0.0021 0
-0.002125 0
-0.00215 0
-0.002175 0
-0.0022 0
-0.002225 0
-0.00225 0
-0.002275 0
-0.0023 0
-0.002325 0
-0.00235 0
-0.002375 0
-0.0024 0
-0.002425 0
-0.00245 0
-0.002475 0
-0.0025 0
-0.002525 0
-0.00255 0
-0.002575 0
-0.0026 0
-0.002625 0
-0.00265 0
-0.002675 0
-0.0027 0
-0.002725 0
-0.00275 0
-0.002775 0
-0.00280038 0.0380236
-0.00282578 0.0783169
-0.00285119 0.11861
-0.00287659 0.158904
-0.00290199 0.199197
-0.00292739 0.23949
-0.0029528 0.279784
-0.0029782 0.320077
-0.0030036 0.36037
-0.00302901 0.400664
-0.00305441 0.440957
-0.00307981 0.48125
-0.00310522 0.521544
-0.00313062 0.561837
-0.00315602 0.60213
-0.00318142 0.642423
-0.00320683 0.682717
-0.00323223 0.72301
-0.00325763 0.763303
-0.00328304 0.803597
-0.00330844 0.84389
-0.00333384 0.884183
-0.00335924 0.924477
-0.00338465 0.96477
-0.00341005 1.00506
-0.00343545 1.04536
-0.00346086 1.08565
-0.00348626 1.12594
-0.00351166 1.16624
-0.00353707 1.20653
-0.00356247 1.24682
-0.00358787 1.28712
-0.00361327 1.32741
-0.00363868 1.3677
-0.00366408 1.408
-0.00368948 1.44829
-0.00371489 1.48858
-0.00374029 1.52888
-0.00376569 1.56917
-0.00379109 1.60946
-0.0038165 1.64976
-0.0038419 1.69005
-0.0038673 1.73034
-0.00389271 1.77064
-0.00391811 1.81093
-0.00394351 1.85122
-0.00396892 1.89152
-0.00399432 1.93181
-0.00401972 1.9721
-0.00404512 2.0124
-0.00407053 2.05269
-0.00409593 2.09298
-0.00412133 2.13328
-0.00414674 2.17357
-0.00417214 2.21386
-0.00419754 2.25416
-0.00422294 2.29445
-0.00424835 2.33474
-0.00427375 2.37504
-0.00429915 2.41533
-0.00432456 2.45562
-0.00434996 2.49592
-0.00437536 2.53621
-0.00440077 2.5765
-0.00442617 2.6168
-0.00445157 2.65709
-0.00447697 2.69738
-0.00450238 2.73768
-0.00452778 2.77797
-0.00455318 2.81826
-0.00457859 2.85856
-0.00460399 2.89885
-0.00462939 2.93914
-0.00465479 2.97944
-0.0046802 3.01973
-0.0047056 3.06002
-0.004731 3.10032
-0.00475641 3.14061
-0.00478181 3.1809
-0.00480721 3.2212
-0.00483261 3.26149
-0.00485802 3.30178
-0.00488342 3.34208
-0.00490882 3.38237
-0.00493423 3.42266
-0.00495963 3.46296
-0.00498503 3.50325
-0.00501044 3.54354
-0.00503584 3.58384
-0.00506124 3.62413
-0.00508664 3.66442
-0.00511205 3.70472
-0.00513745 3.74501
-0.00516285 3.7853
-0.00518826 3.8256
-0.00521366 3.86589
-0.00523906 3.90618
-0.00526446 3.94648
-0.00528987 3.98677
-0.00531527 4.02706
-0.00534067 4.06736
-0.00536608 4.10765
-0.00539148 4.14794
-0.00541688 4.18824
-0.00544229 4.22853
-0.00546769 4.26882
-0.00549309 4.30912
-0.00551849 4.34941
-0.0055439 4.3897
-0.0055693 4.43
-0.0055947 4.47029
-0.00562011 4.51058
-0.00564551 4.55088
-0.00567091 4.59117
-0.00569631 4.63146
-0.00572172 4.67176
-0.00574712 4.71205
-0.00577252 4.75234
-0.00579793 4.79264
-0.00582333 4.83293
-0.00584873 4.87322
-0.00587414 4.91352
-0.00589954 4.95381
-0.00592494 4.9941
-0.00595034 5.0344
-0.00597575 5.07469
-0.00600115 5.11498
-0.00602655 5.15528
-0.00605196 5.19557
-0.00607736 5.23586
-0.00610276 5.27616
-0.00612816 5.31645
-0.00615357 5.35674
-0.00617897 5.39704
-0.00620437 5.43733
-0.00622978 5.47762
-0.00625518 5.51792
-0.00628058 5.55821
-0.00630599 5.5985
-0.00633139 5.6388
-0.00635679 5.67909
-0.00638219 5.71938
-0.0064076 5.75968
-0.006433 5.79997
-0.0064584 5.84026
-0.00648381 5.88056
-0.00650921 5.92085
-0.00653461 5.96114
-0.00656001 6.00144
-0.00658542 6.04173
-0.00661082 6.08202
-0.00663622 6.12232
-0.00666163 6.16261
-0.00668703 6.2029
-0.00671243 6.2432
-0.00673783 6.28349
-0.00676324 6.32378
-0.00678864 6.36408
-0.00681404 6.40437
-0.00683945 6.44466
-0.00686485 6.48496
-0.00689025 6.52525
-0.00691566 6.56554
-0.00694106 6.60584
-0.00696646 6.64613
-0.00699186 6.68642
-0.00701727 6.72672
-0.00704267 6.76701
-0.00706807 6.8073
-0.00709348 6.8476
-0.00711888 6.88789
-0.00714428 6.92818
-0.00716968 6.96848
-0.00719509 7.00877
-0.00722049 7.04906
-0.00724589 7.08936
-0.0072713 7.12965
-0.0072967 7.16994
-0.0073221 7.21024
-0.00734751 7.25053
-0.00737291 7.29082
-0.00739831 7.33112
-0.00742371 7.37141
-0.00744912 7.4117
-0.00747452 7.452
-0.00749992 7.49229
-0.00752533 7.53258
-0.00755073 7.57288
-0.00757613 7.61317
-0.00760041 7.54115
-0.00762469 7.46914
-0.00764897 7.39712
-0.00767325 7.3251
-0.00769753 7.25309
-0.00772181 7.18107
-0.00774609 7.10905
-0.00777037 7.03704
-0.00779465 6.96502
-0.00781893 6.893
-0.00784321 6.82099
-0.00786749 6.74897
-0.00789177 6.67695
-0.00791605 6.60494
-0.00794033 6.53292
-0.00796461 6.46091
-0.00798889 6.38889
-0.00801317 6.31687
-0.00803745 6.24486
-0.00806173 6.17284
-0.00808601 6.10082
-0.00811029 6.02881
-0.008135 6
-0.00816 6
-0.008185 6
-0.00821 6
-0.008235 6
-0.00826 6
-0.008285 6
-0.00831 6
-0.008335 6
-0.00836 6
-0.008385 6
-0.00841 6
-0.008435 6
-0.00846 6
-0.008485 6
-0.00851 6
-0.008535 6
-0.00856 6
-0.008585 6
-0.00861 6
-0.008635 6
-0.00866 6
-0.008685 6
-0.00871 6
-0.008735 6
-0.00876 6
-0.008785 6
-0.00881 6
-0.00878206 5.70588
-0.00875412 5.41176
-0.00872618 5.11765
-0.00869824 4.82353
-0.00867029 4.52941
-0.00864235 4.23529
-0.00861441 3.94118
-0.00858647 3.64706
-0.00855853 3.35294
-0.00853059 3.05882
-0.0085035 2.85
-0.00847835 2.8347
-0.00845319 2.81939
-0.00842804 2.80409
-0.00840289 2.78878
-0.00837773 2.77348
-0.00835258 2.75817
-0.00832743 2.74286
-0.00830228 2.72756
-0.00827712 2.71225
-0.00825197 2.69695
-0.00822682 2.68164
-0.00820166 2.66634
-0.00817651 2.65103
-0.00815136 2.63572
-0.0081262 2.62042
-0.00810105 2.60511
-0.0080759 2.58981
-0.00805075 2.5745
-0.00802559 2.5592
-0.00800044 2.54389
-0.00797529 2.52858
-0.00795013 2.51328
-0.00792498 2.49797
-0.00789983 2.48267
-0.00787467 2.46736
-0.00784952 2.45206
-0.00782437 2.43675
-0.00779921 2.42144
-0.00777406 2.40614
-0.00774891 2.39083
-0.00772376 2.37553
-0.0076986 2.36022
-0.00767345 2.34492
-0.0076483 2.32961
-0.00762314 2.3143
-0.00759799 2.299
-0.00757284 2.28369
-0.00754768 2.26839
-0.00752253 2.25308
-0.00749738 2.23778
-0.00747222 2.22247
-0.00744707 2.20716
-0.00742192 2.19186
-0.00739677 2.17655
-0.00737161 2.16125
-0.00734646 2.14594
-0.00732131 2.13064
-0.00729615 2.11533
-0.007271 2.10002
-0.00724585 2.08472
-0.00722069 2.06941
-0.00719554 2.05411
-0.00717039 2.0388
-0.00714523 2.0235
-0.00712008 2.00819
-0.00709493 1.99288
-0.00706978 1.97758
-0.00704462 1.96227
-0.00701947 1.94697
-0.00699432 1.93166
-0.00696916 1.91636
-0.00694401 1.90105
-0.00691886 1.88574
-0.0068937 1.87044
-0.00686855 1.85513
-0.0068434 1.83983
-0.00681825 1.82452
-0.00679309 1.80922
-0.00676794 1.79391
-0.00674279 1.7786
-0.00671763 1.7633
-0.00669248 1.74799
-0.00666733 1.73269
-0.00664217 1.71738
-0.00661702 1.70208
-0.00659187 1.68677
-0.00656671 1.67146
-0.00654156 1.65616
-0.00651641 1.64085
-0.00649126 1.62555
-0.0064661 1.61024
-0.00644095 1.59494
-0.0064158 1.57963
-0.00639064 1.56432
-0.00636549 1.54902
-0.00634034 1.53371
-0.00631518 1.51841
-0.00629003 1.5031
-0.00626488 1.4878
-0.00623972 1.47249
-0.00621457 1.45718
-0.00618942 1.44188
-0.00616427 1.42657
-0.00613911 1.41127
-0.00611396 1.39596
-0.00608881 1.38066
-0.00606365 1.36535
-0.0060385 1.35004
-0.00601335 1.33474
-0.00598819 1.31943
-0.00596304 1.30413
-0.00593789 1.28882
-0.00591274 1.27352
-0.00588758 1.25821
-0.00586243 1.2429
-0.00583728 1.2276
-0.00581212 1.21229
-0.00578697 1.19699
-0.00576182 1.18168
-0.00573666 1.16638
-0.00571151 1.15107
-0.00568636 1.13576
-0.0056612 1.12046
-0.00563605 1.10515
-0.0056109 1.08985
-0.00558575 1.07454
-0.00556059 1.05924
-0.00553544 1.04393
-0.00551029 1.02862
-0.00548513 1.01332
-0.00545998 0.998013
-0.00543483 0.982708
-0.00540967 0.967402
-0.00538452 0.952096
-0.00535937 0.93679
-0.00533421 0.921485
-0.00530906 0.906179
-0.00528391 0.890873
-0.00525876 0.875568
-0.0052336 0.860262
-0.00520845 0.844956
-0.0051833 0.829651
-0.00515814 0.814345
-0.00513299 0.799039
-0.00510784 0.783733
-0.00508268 0.768428
-0.00505753 0.753122
-0.00503238 0.737816
-0.00500723 0.722511
-0.00498207 0.707205
-0.00495692 0.691899
-0.00493177 0.676593
-0.00490661 0.661288
-0.00488146 0.645982
-0.00485631 0.630676
-0.00483115 0.615371
-0.004806 0.600065
-0.00478085 0.584759
-0.00475569 0.569453
-0.00473054 0.554148
-0.00470539 0.538842
-0.00468024 0.523536
-0.00465508 0.508231
-0.00462993 0.492925
-0.00460478 0.477619
-0.00457962 0.462313
-0.00455447 0.447008
-0.00452932 0.431702
-0.00450416 0.416396
-0.00447901 0.401091
-0.00445386 0.385785
-0.0044287 0.370479
-0.00440355 0.355174
-0.0043784 0.339868
-0.00435325 0.324562
-0.00432809 0.309256
-0.00430294 0.293951
-0.00427779 0.278645
-0.00425263 0.263339
-0.00422748 0.248034
-0.00420233 0.232728
-0.00417717 0.217422
-0.00415202 0.202116
-0.00412687 0.186811
-0.00410172 0.171505
-0.00407656 0.156199
-0.00405141 0.140894
-0.00402626 0.125588
-0.0040011 0.110282
-0.00397595 0.0949765
-0.0039508 0.0796708
-0.00392564 0.0643651
-0.00390049 0.0490594
-0.00387534 0.0337536
-0.00385018 0.0184479
-0.00382503 0.00314223
-0.0038 0
-0.003775 0
-0.00375 0
-0.003725 0
-0.0037 0
-0.003675 0
-0.00365 0
-0.003625 0
-0.0036 0
-0.003575 0
-0.00355 0
-0.003525 0
-0.0035 0
-0.003475 0
-0.00345 0
-0.003425 0
-0.0034 0
-0.003375 0
-0.00335 0
-0.003325 0
-0.0033 0
-0.003275 0
-0.00325 0
-0.003225 0
-0.0032 0
-0.003175 0
-0.00315 0
-0.003125 0
-0.0031 0
-0.003075 0
-0.00305 0
-0.003025 0
-0.003 0
-0.002975 0
-0.00295 0
-0.002925 0
-0.0029 0
-0.002875 0
-0.00285 0
-0.002825 0
-0.0028 0
-0.002775 0
-0.00275 0
-0.002725 0
-0.0027 0
-0.002675 0
-0.00265 0
-0.002625 0
-0.0026 0
-0.002575 0
-0.00255 0
-0.002525 0
-0.0025 0
-0.002475 0
-0.00245 0
-0.002425 0
-0.0024 0
-0.002375 0
-0.00235 0
-0.002325 0
-0.0023 0
-0.002275 0
-0.00225 0
-0.002225 0
-0.0022 0
-0.002175 0
-0.00215 0
-0.002125 0
-0.0021 0
-0.002075 0
-0.00205 0
-0.002025 0
-0.002 0
-0.001975 0
-0.00195 0
-0.001925 0
-0.0019 0
-0.001875 0
-0.00185 0
-0.001825 0
-0.0018 0
-0.001775 0
-0.00175 0
-0.001725 0
-0.0017 0
-0.001675 0
-0.00165 0
-0.001625 0
-0.0016 0
-0.001575 0
-0.00155 0
-0.001525 0
-0.0015 0
-0.001475 0
-0.00145 0
-0.001425 0
-0.0014 0
-0.001375 0
-0.00135 0
-0.001325 0
-0.0013 0
-0.001275 0
-0.00125 0
-0.001225 0
-0.0012 0
-0.001175 0
-0.00115 0
-0.001125 0
-0.0011 0
-0.001075 0
-0.00105 0
-0.001025 0
-0.001 0
-0.000975 0
-0.00095 0
-0.000925 0
-0.0009 0
-0.000875 0
-0.00085 0
-0.000825 0
-0.0008 0
-0.000775 0
-0.00075 0
-0.000725 0
-0.0007 0
-0.000675 0
-0.00065 0
-0.000625 0
-0.0006 0
-0.000575 0
-0.00055 0
-0.000525 0
-0.0005 0
-0.000475 0
-0.00045 0
-0.000425 0
-0.0004 0
-0.000375 0
-0.00035 0
-0.000325 0
-0.0003 0
-0.000275 0
-0.00025 0
-0.000225 0
-0.0002 0
-0.000175 0
-0.00015 0
-0.000125 0
-0.0001 0
-7.5e-05 0
-5e-05 0
-2.5e-05 0
-9.28348e-19 0
2.5e-05 0
5e-05 0
7.5e-05 0
0.0001 0
0.000125 0
0.00015 0
0.000175 0
0.0002 0
0.000225 0
0.00025 0
0.000275 0
0.0003 0
0.000325 0
0.00035 0
0.000375 0
0.0004 0
0.000425 0
0.00045 0
0.000475 0
0.0005 0
0.000525 0
0.00055 0
0.000575 0
0.0006 0
0.000625 0
0.00065 0
0.000675 0
0.0007 0
0.000725 0
0.00075 0
0.000775 0
0.0008 0
0.000825 0
0.00085 0
0.000875 0
0.00085 0
0.000825 0
0.0008 0
0.000775 0
0.00075 0
0.000725 0
0.0007 0
0.000675 0
0.00065 0
0.000625 0
0.0006 0
0.000575 0
0.00055 0
0.000525 0
0.0005 0
0.000475 0
0.00045 0
0.000425 0
0.0004 0
0.000375 0
0.00035 0
0.000325 0
0.0003 0
0.000275 0
0.00025 0
0.000225 0
0.0002 0
0.000175 0
0.00015 0
0.000125 0
0.0001 0
7.5e-05 0
5e-05 0
2.5e-05 0
-9.14796e-19 0
