-2.91486e-05 0.414855
-5.82607e-05 0.826074
-8.73364e-05 1.23364
-0.000116375 1.63753
-0.000145377 2.03773
-0.000174342 2.43421
-0.00020327 2.82696
-0.00023216 3.21596
-0.000261012 3.60118
-0.000289826 3.98261
-0.000318602 4.36023
-0.00034734 4.73401
-0.000376039 5.10394
-0.0004047 5.46999
-0.000433321 5.83214
-0.000461904 6.19038
-0.000490447 6.54467
-0.00051895 6.895
-0.000547414 7.24135
-0.000575837 7.58369
-0.00060422 7.922
-0.000632563 8.25626
-0.000660864 8.58644
-0.000689125 8.91253
-0.000717345 9.23449
-0.000745523 9.55231
-0.00077366 9.86597
-0.000801754 10.1754
-0.000829807 10.4807
-0.000857817 10.7817
-0.000885784 11.0784
-0.000913708 11.3708
-0.00094159 11.659
-0.000969428 11.9428
-0.000997222 12.2222
-0.00102497 12.4972
-0.00105268 12.7678
-0.00108034 13.034
-0.00110796 13.2957
-0.00113553 13.5529
-0.00116306 13.8055
-0.00119054 14.0537
-0.00121797 14.2972
-0.00124536 14.5361
-0.0012727 14.7704
-0.0013 15
-0.00132725 15.2249
-0.00135445 15.4451
-0.00138161 15.6606
-0.00140871 15.8712
-0.00137955 15.4545
-0.00135038 15.0379
-0.00132121 14.6212
-0.00129205 14.2045
-0.00126288 13.7879
-0.00123371 13.3712
-0.00120455 12.9545
-0.00117538 12.5379
-0.00114621 12.1212
-0.00111705 11.7045
-0.00108788 11.2879
-0.00105871 10.8712
-0.00102955 10.4545
-0.00100038 10.0379
-0.000971212 9.62121
-0.000942045 9.20454
-0.000912879 8.78788
-0.000883712 8.37121
-0.000854545 7.95454
-0.000825379 7.53788
-0.000796212 7.12121
-0.000767045 6.70454
-0.000737879 6.28788
-0.000708712 5.87121
-0.000679545 5.45454
-0.000650379 5.03788
-0.000621212 4.62121
-0.000592045 4.20454
-0.000562879 3.78788
-0.000533712 3.37121
-0.000504545 2.95454
-0.000475379 2.53788
-0.000447897 2.28971
-0.000421004 2.10041
-0.000394111 1.91112
-0.000367218 1.72182
-0.000340325 1.53253
-0.000313432 1.34323
-0.000286539 1.15393
-0.000259646 0.964639
-0.000232753 0.775343
-0.00020586 0.586047
-0.000178968 0.396751
-0.000152075 0.207455
-0.000125182 0.0181588
-9.6233e-05 -0.376697
-6.70664e-05 -0.793363
-3.78997e-05 -1.21003
-8.73303e-06 -1.6267
2.04336e-05 -2.04336
4.96003e-05 -2.46003
7.8767e-05 -2.8767
0.000107934 -3.29336
0.0001371 -3.71003
0.0001631 -3.80996
0.000134253 -3.42527
0.000105406 -3.04058
7.6559e-05 -2.6559
4.77121e-05 -2.27121
1.88653e-05 -1.88653
-9.98159e-06 -1.50184
-3.88285e-05 -1.11715
-6.76753e-05 -0.732469
-9.65222e-05 -0.347784
-0.000125338 0.0337613
-0.000153857 0.385705
-0.000182376 0.737648
-0.000210896 1.08959
-0.000239415 1.44153
-0.000267935 1.79348
-0.000296454 2.14542
-0.000324974 2.49736
-0.000353493 2.84931
-0.000382013 3.20125
-0.000410532 3.55319
-0.000439051 3.90514
-0.000467571 4.25708
-0.00049609 4.60902
-0.00052461 4.96097
-0.000553129 5.31291
-0.000581649 5.66485
-0.000610168 6.0168
-0.000638687 6.36874
-0.000667207 6.72068
-0.000695726 7.07263
-0.000724246 7.42457
-0.000752765 7.77651
-0.000781285 8.12846
-0.000809804 8.4804
-0.000838323 8.83234
-0.000866843 9.18429
-0.000895362 9.53623
-0.000923882 9.88817
-0.000952401 10.2401
-0.000980921 10.5921
-0.00100944 10.944
-0.00103796 11.2959
-0.00106648 11.6479
-0.001095 11.9998
-0.00112352 12.3518
-0.00115204 12.7037
-0.00118056 13.0557
-0.00120908 13.4076
-0.0012376 13.7596
-0.00126611 14.1115
-0.00129463 14.4634
-0.00132315 14.8154
-0.00135167 15.1673
-0.00138019 15.5193
-0.00140871 15.8712
-0.00143577 16.0771
-0.00146278 16.278
-0.00148974 16.4742
-0.00151665 16.6654
-0.00154352 16.8517
-0.00157033 17.033
-0.00159709 17.2093
-0.00162381 17.3805
-0.00165047 17.5467
-0.00167708 17.7078
-0.00170364 17.8638
-0.00173015 18.0146
-0.0017566 18.1602
-0.00178301 18.3005
-0.00180936 18.4356
-0.00183565 18.5654
-0.0018619 18.6898
-0.00188809 18.8088
-0.00191422 18.9225
-0.00194031 19.0307
-0.00196633 19.1333
-0.0019923 19.2305
-0.00201822 19.3221
-0.00204408 19.408
-0.00206988 19.4884
-0.00209563 19.563
-0.00212132 19.6319
-0.00214695 19.6951
-0.00217252 19.7524
-0.00219804 19.8039
-0.00222349 19.8495
-0.00224889 19.8892
-0.00227423 19.9228
-0.0022995 19.9505
-0.00232472 19.9721
-0.00234988 19.9876
-0.00237497 19.9969
-0.0024 20
-0.00242382 19.8822
-0.00244764 19.7644
-0.00247147 19.6466
-0.00249529 19.5288
-0.00251911 19.411
-0.00254293 19.2932
-0.00256675 19.1754
-0.00259058 19.0576
-0.0026144 18.9398
-0.00263822 18.822
-0.00266204 18.7042
-0.00268586 18.5864
-0.00270969 18.4686
-0.00273351 18.3508
-0.00275733 18.233
-0.00278115 18.1152
-0.00280497 17.9974
-0.0028288 17.8796
-0.00285262 17.7618
-0.00287644 17.644
-0.00290026 17.5262
-0.00292408 17.4084
-0.00294791 17.2906
-0.00297173 17.1728
-0.00299555 17.055
-0.00301937 16.9372
-0.00304319 16.8194
-0.00306702 16.7016
-0.00309084 16.5838
-0.00311466 16.466
-0.00313848 16.3482
-0.0031623 16.2304
-0.00318613 16.1126
-0.00320995 15.9948
-0.00323377 15.877
-0.00325759 15.7592
-0.00328141 15.6414
-0.00330524 15.5236
-0.00332906 15.4058
-0.00335288 15.288
-0.0033767 15.1702
-0.00340052 15.0524
-0.00342435 14.9346
-0.00344817 14.8168
-0.00347199 14.699
-0.00349581 14.5812
-0.00351963 14.4634
-0.00354346 14.3455
-0.00356728 14.2277
-0.0035911 14.1099
-0.00361492 13.9921
-0.00363874 13.8743
-0.00366257 13.7565
-0.00368639 13.6387
-0.00371021 13.5209
-0.00373403 13.4031
-0.00375785 13.2853
-0.00378168 13.1675
-0.0038055 13.0497
-0.00382932 12.9319
-0.00385314 12.8141
-0.00387696 12.6963
-0.0038478 12.2797
-0.00381863 11.863
-0.00378946 11.4463
-0.0037603 11.0297
-0.00373113 10.613
-0.00370196 10.1963
-0.0036728 9.77967
-0.00364363 9.363
-0.00361446 8.94634
-0.0035853 8.52967
-0.00355613 8.113
-0.00352696 7.69634
-0.0034978 7.27967
-0.00346863 6.863
-0.00343946 6.44634
-0.0034103 6.02967
-0.00338113 5.613
-0.00335278 5.27758
-0.00332708 5.20833
-0.00330139 5.13908
-0.0032757 5.06984
-0.00325001 5.00059
-0.00322431 4.93135
-0.00319862 4.8621
-0.00317293 4.79285
-0.00314724 4.72361
-0.00312154 4.65436
-0.00309585 4.58512
-0.00307016 4.51587
-0.00304447 4.44663
-0.00301877 4.37738
-0.00299308 4.30813
-0.00296739 4.23889
-0.0029417 4.16964
-0.002916 4.1004
-0.00289031 4.03115
-0.00286462 3.9619
-0.00283893 3.89266
-0.00281323 3.82341
-0.00278754 3.75417
-0.00276185 3.68492
-0.00273616 3.61567
-0.00271046 3.54643
-0.00268477 3.47718
-0.00265908 3.40794
-0.00263339 3.33869
-0.00260769 3.26945
-0.002582 3.2002
-0.00255631 3.13095
-0.00253062 3.06171
-0.00250492 2.99246
-0.00247923 2.92322
-0.00245354 2.85397
-0.00242785 2.78472
-0.00240215 2.71548
-0.00237646 2.64623
-0.00235077 2.57699
-0.00232508 2.50774
-0.00229938 2.4385
-0.00227369 2.36925
-0.002248 2.3
-0.00222231 2.23076
-0.00219662 2.16151
-0.00217092 2.09227
-0.00214523 2.02302
-0.00211954 1.95377
-0.00209385 1.88453
-0.00206815 1.81528
-0.00204246 1.74604
-0.00201677 1.67679
-0.00199108 1.60754
-0.00196538 1.5383
-0.00193969 1.46905
-0.001914 1.39981
-0.00188831 1.33056
-0.00186261 1.26132
-0.00183692 1.19207
-0.00181123 1.12282
-0.00178554 1.05358
-0.00175984 0.984332
-0.00173415 0.915086
-0.00170846 0.84584
-0.00168277 0.776594
-0.00165707 0.707348
-0.00163138 0.638103
-0.00160569 0.568857
-0.00158 0.499611
-0.0015543 0.430365
-0.00152861 0.361119
-0.00150292 0.291873
-0.00147723 0.222627
-0.00145153 0.153381
-0.00142584 0.0841356
-0.00140015 0.0148898
-0.00137198 -0.301968
-0.00134313 -0.686653
-0.00131429 -1.07134
-0.00128544 -1.45602
-0.00125659 -1.84071
-0.00122775 -2.2254
-0.0011989 -2.61008
-0.00117005 -2.99477
-0.00114121 -3.37945
-0.00111236 -3.76414
-0.00109241 -3.25939
-0.00107366 -2.63439
-0.00105491 -2.00939
-0.00103616 -1.38439
-0.00101741 -0.759392
-0.000998656 -0.134392
-0.000975 0
-0.00095 0
-0.000925 0
-0.0009 0
-0.000875 0
-0.00085 0
-0.000825 0
-0.0008 0
-0.000775 0
-0.00075 0
-0.000725 0
-0.0007 0
-0.000675 0
-0.00065 0
-0.000625 0
-0.0006 0
-0.000575 0
-0.00055 0
-0.000525 0
-0.0005 0
-0.000475 0
-0.00045 0
-0.000425 0
-0.0004 0
-0.000375 0
-0.00035 0
-0.000325 0
-0.0003 0
-0.000275 0
-0.00025 0
-0.000225 0
-0.0002 0
-0.000175 0
-0.00015 0
-0.000125 0
-0.0001 0
-7.5e-05 0
-5e-05 0
-2.5e-05 0
-6.09864e-20 0
2.5e-05 0
5e-05 0
7.5e-05 0
0.0001 0
0.000125 0
0.00015 0
0.000175 0
0.0002 0
0.000225 0
0.00025 0
0.000275 0
0.0003 0
0.000325 0
0.00035 0
0.000375 0
0.00035 0
0.000325 0
0.0003 0
0.000275 0
0.00025 0
0.000225 0
0.0002 0
0.000175 0
0.00015 0
0.000125 0
0.0001 0
7.5e-05 0
5e-05 0
2.5e-05 0
-4.74338e-20 0
-2.5e-05 0
-5e-05 0
-7.5e-05 0
-0.0001 0
-0.000125 0
-0.00015 0
-0.000175 0
-0.0002 0
-0.000225 0
-0.00025 0
-0.000275 0
-0.0003 0
-0.000325 0
-0.00035 0
-0.000375 0
-0.0004 0
-0.000425 0
-0.00045 0
-0.000475 0
-0.0005 0
-0.000525 0
-0.00055 0
-0.000575 0
-0.0006 0
-0.000625 0
-0.00065 0
-0.000675 0
-0.0007 0
-0.000725 0
-0.00075 0
-0.000775 0
-0.0008 0
-0.000825 0
-0.00085 0
-0.000875 0
-0.0009 0
-0.000925 0
-0.00095 0
-0.000975 0
-0.001 0
-0.001025 0
-0.00105 0
-0.001075 0
-0.0011 0
-0.001125 0
-0.00115 0
-0.001175 0
-0.0012 0
-0.001225 0
-0.00125 0
-0.001275 0
-0.0013 0
-0.001325 0
-0.00135 0
-0.001375 0
-0.00140029 0.0289769
-0.00142664 0.163736
-0.00145298 0.298495
-0.00147933 0.433254
-0.00150568 0.568013
-0.00153203 0.702773
-0.00155838 0.837532
-0.00158472 0.972291
-0.00161107 1.10705
-0.00163742 1.24181
-0.00166377 1.37657
-0.00169011 1.51133
-0.00171646 1.64609
-0.00174281 1.78085
-0.00176916 1.9156
-0.0017955 2.05036
-0.00182185 2.18512
-0.0018482 2.31988
-0.00187455 2.45464
-0.00190089 2.5894
-0.00192724 2.72416
-0.00195359 2.85892
-0.00197994 2.99368
-0.00200628 3.12844
-0.00203263 3.2632
-0.00205898 3.39796
-0.00208533 3.53271
-0.00211167 3.66747
-0.00213802 3.80223
-0.00216437 3.93699
-0.00219072 4.07175
-0.00221707 4.20651
-0.00224341 4.34127
-0.00226976 4.47603
-0.00229611 4.61079
-0.00232246 4.74555
-0.0023488 4.88031
-0.00237515 5.01506
-0.0024015 5.14982
-0.00242785 5.28458
-0.00245419 5.41934
-0.00248054 5.5541
-0.00250689 5.68886
-0.00253324 5.82362
-0.00255958 5.95838
-0.00258593 6.09314
-0.00261228 6.2279
-0.00263863 6.36266
-0.00266497 6.49742
-0.00269132 6.63217
-0.00271767 6.76693
-0.00274402 6.90169
-0.00277036 7.03645
-0.00279671 7.17121
-0.00282306 7.30597
-0.00284941 7.44073
-0.00287575 7.57549
-0.0029021 7.71025
-0.00292845 7.84501
-0.0029548 7.97977
-0.00298115 8.11452
-0.00300749 8.24928
-0.00303384 8.38404
-0.00306019 8.5188
-0.00308654 8.65356
-0.00311288 8.78832
-0.00313923 8.92308
-0.00316558 9.05784
-0.00319193 9.1926
-0.00321827 9.32736
-0.00324462 9.46212
-0.00327097 9.59688
-0.00329732 9.73163
-0.00332366 9.86639
-0.00335001 10.0012
-0.00337636 10.1359
-0.00340271 10.2707
-0.00342905 10.4054
-0.0034554 10.5402
-0.00348175 10.6749
-0.0035081 10.8097
-0.00353444 10.9445
-0.00356079 11.0792
-0.00358714 11.214
-0.00361349 11.3487
-0.00363984 11.4835
-0.00366618 11.6183
-0.00369253 11.753
-0.00371888 11.8878
-0.00374523 12.0225
-0.00377157 12.1573
-0.00379792 12.2921
-0.00382427 12.4268
-0.00385062 12.5616
-0.00387696 12.6963
-0.00390079 12.5785
-0.00392461 12.4607
-0.00394843 12.3429
-0.00397225 12.2251
-0.00399607 12.1073
-0.0040199 11.9895
-0.00404372 11.8717
-0.00406754 11.7539
-0.00409136 11.6361
-0.00411518 11.5183
-0.00413901 11.4005
-0.00416283 11.2827
-0.00418665 11.1649
-0.00421047 11.0471
-0.00423429 10.9293
-0.00425812 10.8115
-0.00428194 10.6937
-0.00430576 10.5759
-0.00432958 10.4581
-0.0043534 10.3403
-0.00437723 10.2225
-0.00440105 10.1047
-0.00442487 9.98691
-0.00444869 9.86911
-0.00447251 9.75131
-0.00449634 9.63351
-0.00452016 9.51571
-0.00454398 9.39791
-0.0045678 9.2801
-0.00459162 9.1623
-0.00461545 9.0445
-0.00463927 8.9267
-0.00466309 8.8089
-0.00468691 8.6911
-0.00471073 8.5733
-0.00473455 8.4555
-0.00475838 8.3377
-0.0047822 8.2199
-0.00480602 8.10209
-0.00482984 7.98429
-0.00485366 7.86649
-0.00487749 7.74869
-0.00490131 7.63089
-0.00492513 7.51309
-0.00494895 7.39529
-0.00497277 7.27749
-0.0049966 7.15969
-0.00502042 7.04188
-0.00504424 6.92408
-0.00506806 6.80628
-0.0050389 6.38962
-0.00500973 5.97295
-0.00498056 5.55628
-0.0049514 5.13962
-0.00492223 4.72295
-0.00489306 4.30628
-0.0048639 3.88962
-0.00483473 3.47295
-0.00480596 3.09638
-0.00478056 3.05622
-0.00475516 3.01606
-0.00472976 2.9759
-0.00470436 2.93575
-0.00467896 2.89559
-0.00465355 2.85543
-0.00462815 2.81527
-0.00460275 2.77511
-0.00457735 2.73495
-0.00455195 2.6948
-0.00452655 2.65464
-0.00450114 2.61448
-0.00447574 2.57432
-0.00445034 2.53416
-0.00442494 2.494
-0.00439954 2.45384
-0.00437414 2.41369
-0.00434874 2.37353
-0.00432333 2.33337
-0.00429793 2.29321
-0.00427253 2.25305
-0.00424713 2.21289
-0.00422173 2.17273
-0.00419633 2.13258
-0.00417092 2.09242
-0.00414552 2.05226
-0.00412012 2.0121
-0.00409472 1.97194
-0.00406932 1.93178
-0.00404392 1.89162
-0.00401851 1.85147
-0.00399311 1.81131
-0.00396771 1.77115
-0.00394231 1.73099
-0.00391691 1.69083
-0.00389151 1.65067
-0.00386611 1.61051
-0.0038407 1.57036
-0.0038153 1.5302
-0.0037899 1.49004
-0.0037645 1.44988
-0.0037391 1.40972
-0.0037137 1.36956
-0.00368829 1.3294
-0.00366289 1.28925
-0.00363749 1.24909
-0.00361209 1.20893
-0.00358669 1.16877
-0.00356129 1.12861
-0.00353588 1.08845
-0.00351048 1.04829
-0.00348508 1.00814
-0.00345968 0.967977
-0.00343428 0.927819
-0.00340888 0.88766
-0.00338348 0.847502
-0.00335807 0.807343
-0.00333267 0.767185
-0.00330727 0.727026
-0.00328187 0.686868
-0.00325647 0.646709
-0.00323107 0.606551
-0.00320566 0.566392
-0.00318026 0.526233
-0.00315486 0.486075
-0.00312946 0.445916
-0.00310406 0.405758
-0.00307866 0.365599
-0.00305325 0.325441
-0.00302785 0.285282
-0.00300245 0.245124
-0.00297705 0.204965
-0.00295165 0.164807
-0.00292625 0.124648
-0.00290084 0.0844894
-0.00287544 0.0443309
-0.00285004 0.00417232
-0.002825 0
-0.0028 0
-0.002775 0
-0.00275 0
-0.002725 0
-0.0027 0
-0.002675 0
-0.00265 0
-0.002625 0
-0.0026 0
-0.002575 0
-0.00255 0
-0.002525 0
-0.0025 0
-0.002475 0
-0.00245 0
-0.002425 0
-0.0024 0
-0.002375 0
-0.00235 0
-0.002325 0
-0.0023 0
-0.002275 0
-0.00225 0
-0.002225 0
-0.0022 0
-0.002175 0
-0.00215 0
-0.002125 0
-0.0021 0
-0.002075 0
-0.00205 0
-0.002025 0
-0.002 0
-0.001975 0
-0.00195 0
-0.001925 0
-0.0019 0
-0.001875 0
-0.00185 0
-0.001825 0
-0.0018 0
-0.001775 0
-0.00175 0
-0.001725 0
-0.0017 0
-0.001675 0
-0.00165 0
-0.001625 0
-0.0016 0
-0.001575 0
-0.00155 0
-0.001525 0
-0.0015 0
-0.001475 0
-0.00145 0
-0.001425 0
-0.0014 0
-0.001375 0
-0.00135 0
-0.001325 0
-0.0013 0
-0.001275 0
-0.00125 0
-0.001225 0
-0.0012 0
-0.001175 0
-0.00115 0
-0.001125 0
-0.0011 0
-0.001075 0
-0.00105 0
-0.001025 0
-0.001 0
-0.000975 0
-0.00095 0
-0.000925 0
-0.0009 0
-0.000875 0
-0.00085 0
-0.000825 0
-0.0008 0
-0.000775 0
-0.00075 0
-0.000725 0
-0.0007 0
-0.000675 0
-0.00065 0
-0.000625 0
-0.0006 0
-0.000575 0
-0.00055 0
-0.000525 0
-0.0005 0
-0.000475 0
-0.00045 0
-0.000425 0
-0.0004 0
-0.000375 0
-0.00035 0
-0.000325 0
-0.0003 0
-0.000275 0
-0.00025 0
-0.000225 0
-0.0002 0
-0.000175 0
-0.00015 0
-0.000125 0
-0.0001 0
-7.5e-05 0
-5e-05 0
-2.5e-05 0
-6.09864e-20 0
2.5e-05 0
5e-05 0
7.5e-05 0
0.0001 0
0.000125 0
0.00015 0
0.000175 0
0.0002 0
0.000225 0
0.00025 0
0.000275 0
0.0003 0
0.000325 0
0.00035 0
0.000375 0
0.0004 0
0.000425 0
0.00045 0
0.000475 0
0.0005 0
0.000475 0
0.00045 0
0.000425 0
0.0004 0
0.000375 0
0.00035 0
0.000325 0
0.0003 0
0.000275 0
0.00025 0
0.000225 0
0.0002 0
0.000175 0
0.00015 0
0.000125 0
0.0001 0
7.5e-05 0
5e-05 0
2.5e-05 0
-4.74338e-20 0
-2.5e-05 0
-5e-05 0
-7.5e-05 0
-0.0001 0
-0.000125 0
-0.00015 0
-0.000175 0
-0.0002 0
-0.000225 0
-0.00025 0
-0.000275 0
-0.0003 0
-0.000325 0
-0.00035 0
-0.000375 0
-0.0004 0
-0.000425 0
-0.00045 0
-0.000475 0
-0.0005 0
-0.000525 0
-0.00055 0
-0.000575 0
-0.0006 0
-0.000625 0
-0.00065 0
-0.000675 0
-0.0007 0
-0.000725 0
-0.00075 0
-0.000775 0
-0.0008 0
-0.000825 0
-0.00085 0
-0.000875 0
-0.0009 0
-0.000925 0
-0.00095 0
-0.000975 0
-0.001 0
-0.001025 0
-0.00105 0
-0.001075 0
-0.0011 0
-0.001125 0
-0.00115 0
-0.001175 0
-0.0012 0
-0.001225 0
-0.00125 0
-0.001275 0
-0.0013 0
-0.001325 0
-0.00135 0
-0.001375 0
-0.0014 0
-0.001425 0
-0.00145 0
-0.001475 0
-0.0015 0
-0.001525 0
-0.00155 0
-0.001575 0
-0.0016 0
-0.001625 0
-0.00165 0
-0.001675 0
-0.0017 0
-0.001725 0
-0.00175 0
-0.001775 0
-0.0018 0
-0.001825 0
-0.00185 0
-0.001875 0
-0.0019 0
-0.001925 0
-0.00195 0
-0.001975 0
-0.002 0
-0.002025 0
-0.00205 0
-0.002075 0
-0.0021 0
-0.002125 0
-0.00215 0
-0.002175 0
-0.0022 0
-0.002225 0
-0.00225 0
-0.002275 0
-0.0023 0
-0.002325 0
-0.00235 0
-0.002375 0
-0.0024 0
-0.002425 0
-0.00245 0
-0.002475 0
-0.0025 0
-0.002525 0
-0.00255 0
-0.002575 0
-0.0026 0
-0.002625 0
-0.00265 0
-0.002675 0
-0.0027 0
-0.002725 0
-0.00275 0
-0.002775 0
-0.0028 0
-0.002825 0
-0.00285008 0.00821271
-0.00287587 0.08726
-0.00290166 0.166307
-0.00292745 0.245355
-0.00295324 0.324402
-0.00297903 0.403449
-0.00300482 0.482497
-0.00303062 0.561544
-0.00305641 0.640591
-0.0030822 0.719639
-0.00310799 0.798686
-0.00313378 0.877733
-0.00315957 0.956781
-0.00318536 1.03583
-0.00321115 1.11488
-0.00323694 1.19392
-0.00326273 1.27297
-0.00328852 1.35202
-0.00331431 1.43106
-0.0033401 1.51011
-0.00336589 1.58916
-0.00339168 1.66821
-0.00341747 1.74725
-0.00344326 1.8263
-0.00346905 1.90535
-0.00349484 1.9844
-0.00352063 2.06344
-0.00354642 2.14249
-0.00357222 2.22154
-0.00359801 2.30059
-0.0036238 2.37963
-0.00364959 2.45868
-0.00367538 2.53773
-0.00370117 2.61677
-0.00372696 2.69582
-0.00375275 2.77487
-0.00377854 2.85392
-0.00380433 2.93296
-0.00383012 3.01201
-0.00385591 3.09106
-0.0038817 3.17011
-0.00390749 3.24915
-0.00393328 3.3282
-0.00395907 3.40725
-0.00398486 3.4863
-0.00401065 3.56534
-0.00403644 3.64439
-0.00406223 3.72344
-0.00408802 3.80248
-0.00411382 3.88153
-0.00413961 3.96058
-0.0041654 4.03963
-0.00419119 4.11867
-0.00421698 4.19772
-0.00424277 4.27677
-0.00426856 4.35582
-0.00429435 4.43486
-0.00432014 4.51391
-0.00434593 4.59296
-0.00437172 4.672
-0.00439751 4.75105
-0.0044233 4.8301
-0.00444909 4.90915
-0.00447488 4.98819
-0.00450067 5.06724
-0.00452646 5.14629
-0.00455225 5.22534
-0.00457804 5.30438
-0.00460383 5.38343
-0.00462962 5.46248
-0.00465542 5.54153
-0.00468121 5.62057
-0.004707 5.69962
-0.00473279 5.77867
-0.00475858 5.85771
-0.00478437 5.93676
-0.00481016 6.01581
-0.00483595 6.09486
-0.00486174 6.1739
-0.00488753 6.25295
-0.00491332 6.332
-0.00493911 6.41105
-0.0049649 6.49009
-0.00499069 6.56914
-0.00501648 6.64819
-0.00504227 6.72724
-0.00506806 6.80628
-0.00509188 6.68848
-0.00511571 6.57068
-0.00513953 6.45288
-0.00516335 6.33508
-0.00518717 6.21728
-0.00521099 6.09948
-0.00523482 5.98168
-0.00525864 5.86387
-0.00528246 5.74607
-0.00530628 5.62827
-0.0053301 5.51047
-0.00535393 5.39267
-0.00537775 5.27487
-0.00540157 5.15707
-0.00542539 5.03927
-0.00544921 4.92147
-0.00547304 4.80366
-0.00549686 4.68586
-0.00552068 4.56806
-0.0055445 4.45026
-0.00556832 4.33246
-0.00559215 4.21466
-0.00561597 4.09686
-0.00563979 3.97906
-0.00566361 3.86126
-0.00568743 3.74346
-0.00571126 3.62565
-0.00573508 3.50785
-0.0057589 3.39005
-0.00578272 3.27225
-0.00580654 3.15445
-0.00583037 3.03665
-0.00585419 2.91885
-0.00587801 2.80105
-0.00590183 2.68325
-0.00592565 2.56545
-0.00594948 2.44764
-0.0059733 2.32984
-0.00599712 2.21204
-0.00602094 2.09424
-0.006045 2
-0.00607 2
-0.006095 2
-0.00612 2
-0.006145 2
-0.00617 2
-0.006195 2
-0.00622 2
-0.006245 2
-0.00627 2
-0.00624083 1.58333
-0.00621167 1.16667
-0.00618438 0.937804
-0.00615914 0.913883
-0.0061339 0.889961
-0.00610866 0.86604
-0.00608342 0.842118
-0.00605818 0.818197
-0.00603294 0.794275
-0.0060077 0.770354
-0.00598246 0.746432
-0.00595723 0.722511
-0.00593199 0.698589
-0.00590675 0.674668
-0.00588151 0.650746
-0.00585627 0.626825
-0.00583103 0.602903
-0.00580579 0.578982
-0.00578055 0.55506
-0.00575531 0.531139
-0.00573007 0.507217
-0.00570483 0.483295
-0.00567959 0.459374
-0.00565435 0.435452
-0.00562912 0.411531
-0.00560388 0.387609
-0.00557864 0.363688
-0.0055534 0.339766
-0.00552816 0.315845
-0.00550292 0.291923
-0.00547768 0.268002
-0.00545244 0.24408
-0.0054272 0.220159
-0.00540196 0.196237
-0.00537672 0.172316
-0.00535148 0.148394
-0.00532624 0.124473
-0.00530101 0.100551
-0.00527577 0.0766299
-0.00525053 0.0527084
-0.00522529 0.0287869
-0.00520005 0.00486539
-0.005175 0
-0.00515 0
-0.005125 0
-0.0051 0
-0.005075 0
-0.00505 0
-0.005025 0
-0.005 0
-0.004975 0
-0.00495 0
-0.004925 0
-0.0049 0
-0.004875 0
-0.00485 0
-0.004825 0
-0.0048 0
-0.004775 0
-0.00475 0
-0.004725 0
-0.0047 0
-0.004675 0
-0.00465 0
-0.004625 0
-0.0046 0
-0.004575 0
-0.00455 0
-0.004525 0
-0.0045 0
-0.004475 0
-0.00445 0
-0.004425 0
-0.0044 0
-0.004375 0
-0.00435 0
-0.004325 0
-0.0043 0
-0.004275 0
-0.00425 0
-0.004225 0
-0.0042 0
-0.004175 0
-0.00415 0
-0.004125 0
-0.0041 0
-0.004075 0
-0.00405 0
-0.004025 0
-0.004 0
-0.003975 0
-0.00395 0
-0.003925 0
-0.0039 0
-0.003875 0
-0.00385 0
-0.003825 0
-0.0038 0
-0.003775 0
-0.00375 0
-0.003725 0
-0.0037 0
-0.003675 0
-0.00365 0
-0.003625 0
-0.0036 0
-0.003575 0
-0.00355 0
-0.003525 0
-0.0035 0
-0.003475 0
-0.00345 0
-0.003425 0
-0.0034 0
-0.003375 0
-0.00335 0
-0.003325 0
-0.0033 0
-0.003275 0
-0.00325 0
-0.003225 0
-0.0032 0
-0.003175 0
-0.00315 0
-0.003125 0
-0.0031 0
-0.003075 0
-0.00305 0
-0.003025 0
-0.003 0
-0.002975 0
-0.00295 0
-0.002925 0
-0.0029 0
-0.002875 0
-0.00285 0
-0.002825 0
-0.0028 0
-0.002775 0
-0.00275 0
-0.002725 0
-0.0027 0
-0.002675 0
-0.00265 0
-0.002625 0
-0.0026 0
-0.002575 0
-0.00255 0
-0.002525 0
-0.0025 0
-0.002475 0
-0.00245 0
-0.002425 0
-0.0024 0
-0.002375 0
-0.00235 0
-0.002325 0
-0.0023 0
-0.002275 0
-0.00225 0
-0.002225 0
-0.0022 0
-0.002175 0
-0.00215 0
-0.002125 0
-0.0021 0
-0.002075 0
-0.00205 0
-0.002025 0
-0.002 0
-0.001975 0
-0.00195 0
-0.001925 0
-0.0019 0
-0.001875 0
-0.00185 0
-0.001825 0
-0.0018 0
-0.001775 0
-0.00175 0
-0.001725 0
-0.0017 0
-0.001675 0
-0.00165 0
-0.001625 0
-0.0016 0
-0.001575 0
-0.00155 0
-0.001525 0
-0.0015 0
-0.001475 0
-0.00145 0
-0.001425 0
-0.0014 0
-0.001375 0
-0.00135 0
-0.001325 0
-0.0013 0
-0.001275 0
-0.00125 0
-0.001225 0
-0.0012 0
-0.001175 0
-0.00115 0
-0.001125 0
-0.0011 0
-0.001075 0
-0.00105 0
-0.001025 0
-0.001 0
-0.000975 0
-0.00095 0
-0.000925 0
-0.0009 0
-0.000875 0
-0.00085 0
-0.000825 0
-0.0008 0
-0.000775 0
-0.00075 0
-0.000725 0
-0.0007 0
-0.000675 0
-0.00065 0
-0.000625 0
-0.0006 0
-0.000575 0
-0.00055 0
-0.000525 0
-0.0005 0
-0.000475 0
-0.00045 0
-0.000425 0
-0.0004 0
-0.000375 0
-0.00035 0
-0.000325 0
-0.0003 0
-0.000275 0
-0.00025 0
-0.000225 0
-0.0002 0
-0.000175 0
-0.00015 0
-0.000125 0
-0.0001 0
-7.5e-05 0
-5e-05 0
-2.5e-05 0
-6.09864e-20 0
2.5e-05 0
5e-05 0
7.5e-05 0
0.0001 0
0.000125 0
0.00015 0
0.000175 0
0.0002 0
0.000225 0
0.00025 0
0.000275 0
0.0003 0
0.000325 0
0.00035 0
0.000375 0
0.0004 0
0.000425 0
0.00045 0
0.000475 0
0.0005 0
0.000525 0
0.00055 0
0.000575 0
0.0006 0
0.000625 0
0.0006 0
0.000575 0
0.00055 0
0.000525 0
0.0005 0
0.000475 0
0.00045 0
0.000425 0
0.0004 0
0.000375 0
0.00035 0
0.000325 0
0.0003 0
0.000275 0
0.00025 0
0.000225 0
0.0002 0
0.000175 0
0.00015 0
0.000125 0
0.0001 0
7.5e-05 0
5e-05 0
2.5e-05 0
-4.74338e-20 0
-2.5e-05 0
-5e-05 0
-7.5e-05 0
-0.0001 0
-0.000125 0
-0.00015 0
-0.000175 0
-0.0002 0
-0.000225 0
-0.00025 0
-0.000275 0
-0.0003 0
-0.000325 0
-0.00035 0
-0.000375 0
-0.0004 0
-0.000425 0
-0.00045 0
-0.000475 0
-0.0005 0
-0.000525 0
-0.00055 0
-0.000575 0
-0.0006 0
-0.000625 0
-0.00065 0
-0.000675 0
-0.0007 0
-0.000725 0
-0.00075 0
-0.000775 0
-0.0008 0
-0.000825 0
-0.00085 0
-0.000875 0
-0.0009 0
-0.000925 0
-0.00095 0
-0.000975 0
-0.001 0
-0.001025 0
-0.00105 0
-0.001075 0
-0.0011 0
-0.001125 0
-0.00115 0
-0.001175 0
-0.0012 0
-0.001225 0
-0.00125 0
-0.001275 0
-0.0013 0
-0.001325 0
-0.00135 0
-0.001375 0
-0.0014 0
-0.001425 0
-0.00145 0
-0.001475 0
-0.0015 0
-0.001525 0
-0.00155 0
-0.001575 0
-0.0016 0
-0.001625 0
-0.00165 0
-0.001675 0
-0.0017 0
-0.001725 0
-0.00175 0
-0.001775 0
-0.0018 0
-0.001825 0
-0.00185 0
-0.001875 0
-0.0019 0
-0.001925 0
-0.00195 0
-0.001975 0
-0.002 0
-0.002025 0
-0.00205 0
-0.002075 0
-0.0021 0
-0.002125 0
-0.00215 0
-0.002175 0
-0.0022 0
-0.002225 0
-0.00225 0
-0.002275 0
-0.0023 0
-0.002325 0
-0.00235 0
-0.002375 0
-0.0024 0
-0.002425 0
-0.00245 0
-0.002475 0
-0.0025 0
-0.002525 0
-0.00255 0
-0.002575 0
-0.0026 0
-0.002625 0
-0.00265 0
-0.002675 0
-0.0027 0
-0.002725 0
-0.00275 0
-0.002775 0
-0.0028 0
-0.002825 0
-0.00285 0
-0.002875 0
-0.0029 0
-0.002925 0
-0.00295 0
-0.002975 0
-0.003 0
-0.003025 0
-0.00305 0
-0.003075 0
-0.0031 0
-0.003125 0
-0.00315 0
-0.003175 0
-0.0032 0
-0.003225 0
-0.00325 0
-0.003275 0
-0.0033 0
-0.003325 0
-0.00335 0
-0.003375 0
-0.0034 0
-0.003425 0
-0.00345 0
-0.003475 0
-0.0035 0
-0.003525 0
-0.00355 0
-0.003575 0
-0.0036 0
-0.003625 0
-0.00365 0
-0.003675 0
-0.0037 0
-0.003725 0
-0.00375 0
-0.003775 0
-0.0038 0
-0.003825 0
-0.00385 0
-0.003875 0
-0.0039 0
-0.003925 0
-0.00395 0
-0.003975 0
-0.004 0
-0.004025 0
-0.00405 0
-0.004075 0
-0.0041 0
-0.004125 0
-0.00415 0
-0.004175 0
-0.0042 0
-0.004225 0
-0.00425 0
-0.004275 0
-0.0043 0
-0.004325 0
-0.00435 0
-0.004375 0
-0.0044 0
-0.004425 0
-0.00445 0
-0.004475 0
-0.0045 0
-0.004525 0
-0.00455 0
-0.004575 0
-0.0046 0
-0.004625 0
-0.00465 0
-0.004675 0
-0.0047 0
-0.004725 0
-0.00475 0
-0.004775 0
-0.0048 0
-0.004825 0
-0.00485 0
-0.004875 0
-0.0049 0
-0.004925 0
-0.00495 0
-0.004975 0
-0.005 0
-0.005025 0
-0.00505 0
-0.005075 0
-0.0051 0
-0.005125 0
-0.00515 0
-0.005175 0
-0.0052001 0.00963855
-0.00522557 0.0570281
-0.00525104 0.104418
-0.00527652 0.151807
-0.00530199 0.199197
-0.00532747 0.246586
-0.00535294 0.293976
-0.00537841 0.341365
-0.00540389 0.388755
-0.00542936 0.436145
-0.00545484 0.483534
-0.00548031 0.530924
-0.00550578 0.578313
-0.00553126 0.625703
-0.00555673 0.673092
-0.0055822 0.720482
-0.00560768 0.767871
-0.00563315 0.815261
-0.00565863 0.862651
-0.0056841 0.91004
-0.00570957 0.95743
-0.00573505 1.00482
-0.00576052 1.05221
-0.005786 1.0996
-0.00581147 1.14699
-0.00583694 1.19438
-0.00586242 1.24177
-0.00588789 1.28916
-0.00591337 1.33655
-0.00593884 1.38394
-0.00596431 1.43133
-0.00598979 1.47871
-0.00601526 1.5261
-0.00604073 1.57349
-0.00606621 1.62088
-0.00609168 1.66827
-0.00611716 1.71566
-0.00614263 1.76305
-0.0061681 1.81044
-0.00619358 1.85783
-0.00621905 1.90522
-0.00624453 1.95261
-0.00627 2
-0.006295 2
-0.00632 2
-0.006345 2
-0.00637 2
-0.006395 2
-0.00642 2
-0.006445 2
-0.00647 2
-0.006495 2
-0.00652 2
-0.006545 2
-0.00657 2
-0.006595 2
-0.00662 2
-0.006645 2
-0.00667 2
-0.006695 2
-0.00672 2
-0.006745 2
-0.00677 2
-0.006795 2
-0.00682 2
-0.006845 2
-0.00687 2
-0.006895 2
-0.00692 2
-0.006945 2
-0.00697 2
-0.006995 2
-0.00702 2
-0.007045 2
-0.00707 2
-0.007095 2
-0.00712 2
-0.007145 2
-0.00717 2
-0.007195 2
-0.00722 2
-0.007245 2
-0.00727 2
-0.007295 2
-0.00732 2
-0.007345 2
-0.00737 2
-0.007395 2
-0.00742 2
-0.007445 2
-0.00747 2
-0.007495 2
-0.00752 2
-0.00749083 1.58333
-0.00746167 1.16667
-0.00743447 0.947401
-0.00740927 0.92717
-0.00738407 0.90694
-0.00735887 0.88671
-0.00733366 0.866479
-0.00730846 0.846249
-0.00728326 0.826018
-0.00725806 0.805788
-0.00723286 0.785558
-0.00720765 0.765327
-0.00718245 0.745097
-0.00715725 0.724866
-0.00713205 0.704636
-0.00710684 0.684405
-0.00708164 0.664175
-0.00705644 0.643945
-0.00703124 0.623714
-0.00700603 0.603484
-0.00698083 0.583253
-0.00695563 0.563023
-0.00693043 0.542792
-0.00690523 0.522562
-0.00688002 0.502332
-0.00685482 0.482101
-0.00682962 0.461871
-0.00680442 0.44164
-0.00677921 0.42141
-0.00675401 0.40118
-0.00672881 0.380949
-0.00670361 0.360719
-0.0066784 0.340488
-0.0066532 0.320258
-0.006628 0.300027
-0.0066028 0.279797
-0.0065776 0.259567
-0.00655239 0.239336
-0.00652719 0.219106
-0.00650199 0.198875
-0.00647679 0.178645
-0.00645158 0.158414
-0.00642638 0.138184
-0.00640118 0.117954
-0.00637598 0.0977232
-0.00635077 0.0774928
-0.00632557 0.0572624
-0.00630037 0.037032
-0.00627517 0.0168015
-0.00625 0
-0.006225 0
-0.0062 0
-0.006175 0
-0.00615 0
-0.006125 0
-0.0061 0
-0.006075 0
-0.00605 0
-0.006025 0
-0.006 0
-0.005975 0
-0.00595 0
-0.005925 0
-0.0059 0
-0.005875 0
-0.00585 0
-0.005825 0
-0.0058 0
-0.005775 0
-0.00575 0
-0.005725 0
-0.0057 0
-0.005675 0
-0.00565 0
-0.005625 0
-0.0056 0
-0.005575 0
-0.00555 0
-0.005525 0
-0.0055 0
-0.005475 0
-0.00545 0
-0.005425 0
-0.0054 0
-0.005375 0
-0.00535 0
-0.005325 0
-0.0053 0
-0.005275 0
-0.00525 0
-0.005225 0
-0.0052 0
-0.005175 0
-0.00515 0
-0.005125 0
-0.0051 0
-0.005075 0
-0.00505 0
-0.005025 0
-0.005 0
-0.004975 0
-0.00495 0
-0.004925 0
-0.0049 0
-0.004875 0
-0.00485 0
-0.004825 0
-0.0048 0
-0.004775 0
-0.00475 0
-0.004725 0
-0.0047 0
-0.004675 0
-0.00465 0
-0.004625 0
-0.0046 0
-0.004575 0
-0.00455 0
-0.004525 0
-0.0045 0
-0.004475 0
-0.00445 0
-0.004425 0
-0.0044 0
-0.004375 0
-0.00435 0
-0.004325 0
-0.0043 0
-0.004275 0
-0.00425 0
-0.004225 0
-0.0042 0
-0.004175 0
-0.00415 0
-0.004125 0
-0.0041 0
-0.004075 0
-0.00405 0
-0.004025 0
-0.004 0
-0.003975 0
-0.00395 0
-0.003925 0
-0.0039 0
-0.003875 0
-0.00385 0
-0.003825 0
-0.0038 0
-0.003775 0
-0.00375 0
-0.003725 0
-0.0037 0
-0.003675 0
-0.00365 0
-0.003625 0
-0.0036 0
-0.003575 0
-0.00355 0
-0.003525 0
-0.0035 0
-0.003475 0
-0.00345 0
-0.003425 0
-0.0034 0
-0.003375 0
-0.00335 0
-0.003325 0
-0.0033 0
-0.003275 0
-0.00325 0
-0.003225 0
-0.0032 0
-0.003175 0
-0.00315 0
-0.003125 0
-0.0031 0
-0.003075 0
-0.00305 0
-0.003025 0
-0.003 0
-0.002975 0
-0.00295 0
-0.002925 0
-0.0029 0
-0.002875 0
-0.00285 0
-0.002825 0
-0.0028 0
-0.002775 0
-0.00275 0
-0.002725 0
-0.0027 0
-0.002675 0
-0.00265 0
-0.002625 0
-0.0026 0
-0.002575 0
-0.00255 0
-0.002525 0
-0.0025 0
-0.002475 0
-0.00245 0
-0.002425 0
-0.0024 0
-0.002375 0
-0.00235 0
-0.002325 0
-0.0023 0
-0.002275 0
-0.00225 0
-0.002225 0
-0.0022 0
-0.002175 0
-0.00215 0
-0.002125 0
-0.0021 0
-0.002075 0
-0.00205 0
-0.002025 0
-0.002 0
-0.001975 0
-0.00195 0
-0.001925 0
-0.0019 0
-0.001875 0
-0.00185 0
-0.001825 0
-0.0018 0
-0.001775 0
-0.00175 0
-0.001725 0
-0.0017 0
-0.001675 0
-0.00165 0
-0.001625 0
-0.0016 0
-0.001575 0
-0.00155 0
-0.001525 0
-0.0015 0
-0.001475 0
-0.00145 0
-0.001425 0
-0.0014 0
-0.001375 0
-0.00135 0
-0.001325 0
-0.0013 0
-0.001275 0
-0.00125 0
-0.001225 0
-0.0012 0
-0.001175 0
-0.00115 0
-0.001125 0
-0.0011 0
-0.001075 0
-0.00105 0
-0.001025 0
-0.001 0
-0.000975 0
-0.00095 0
-0.000925 0
-0.0009 0
-0.000875 0
-0.00085 0
-0.000825 0
-0.0008 0
-0.000775 0
-0.00075 0
-0.000725 0
-0.0007 0
-0.000675 0
-0.00065 0
-0.000625 0
-0.0006 0
-0.000575 0
-0.00055 0
-0.000525 0
-0.0005 0
-0.000475 0
-0.00045 0
-0.000425 0
-0.0004 0
-0.000375 0
-0.00035 0
-0.000325 0
-0.0003 0
-0.000275 0
-0.00025 0
-0.000225 0
-0.0002 0
-0.000175 0
-0.00015 0
-0.000125 0
-0.0001 0
-7.5e-05 0
-5e-05 0
-2.5e-05 0
-6.09864e-20 0
2.5e-05 0
5e-05 0
7.5e-05 0
0.0001 0
0.000125 0
0.00015 0
0.000175 0
0.0002 0
0.000225 0
0.00025 0
0.000275 0
0.0003 0
0.000325 0
0.00035 0
0.000375 0
0.0004 0
0.000425 0
0.00045 0
0.000475 0
0.0005 0
0.000525 0
0.00055 0
0.000575 0
0.0006 0
0.000625 0
0.00065 0
0.000675 0
0.0007 0
0.000725 0
0.00075 0
0.000725 0
0.0007 0
0.000675 0
0.00065 0
0.000625 0
0.0006 0
0.000575 0
0.00055 0
0.000525 0
0.0005 0
0.000475 0
0.00045 0
0.000425 0
0.0004 0
0.000375 0
0.00035 0
0.000325 0
0.0003 0
0.000275 0
0.00025 0
0.000225 0
0.0002 0
0.000175 0
0.00015 0
0.000125 0
0.0001 0
7.5e-05 0
5e-05 0
2.5e-05 0
-4.74338e-20 0
-2.5e-05 0
-5e-05 0
-7.5e-05 0
-0.0001 0
-0.000125 0
-0.00015 0
-0.000175 0
-0.0002 0
-0.000225 0
-0.00025 0
-0.000275 0
-0.0003 0
-0.000325 0
-0.00035 0
-0.000375 0
-0.0004 0
-0.000425 0
-0.00045 0
-0.000475 0
-0.0005 0
-0.000525 0
-0.00055 0
-0.000575 0
-0.0006 0
-0.000625 0
-0.00065 0
-0.000675 0
-0.0007 0
-0.000725 0
-0.00075 0
-0.000775 0
-0.0008 0
-0.000825 0
-0.00085 0
-0.000875 0
-0.0009 0
-0.000925 0
-0.00095 0
-0.000975 0
-0.001 0
-0.001025 0
-0.00105 0
-0.001075 0
-0.0011 0
-0.001125 0
-0.00115 0
-0.001175 0
-0.0012 0
-0.001225 0
-0.00125 0
-0.001275 0
-0.0013 0
-0.001325 0
-0.00135 0
-0.001375 0
-0.0014 0
-0.001425 0
-0.00145 0
-0.001475 0
-0.0015 0
-0.001525 0
-0.00155 0
-0.001575 0
-0.0016 0
-0.001625 0
-0.00165 0
-0.001675 0
-0.0017 0
-0.001725 0
-0.00175 0
-0.001775 0
-0.0018 0
-0.001825 0
-0.00185 0
-0.001875 0
-0.0019 0
-0.001925 0
-0.00195 0
-0.001975 0
-0.002 0
-0.002025 0
-0.00205 0
-0.002075 0
-0.0021 0
-0.002125 0
-0.00215 0
-0.002175 0
-0.0022 0
-0.002225 0
-0.00225 0
-0.002275 0
-0.0023 0
-0.002325 0
-0.00235 0
-0.002375 0
-0.0024 0
-0.002425 0
-0.00245 0
-0.002475 0
-0.0025 0
-0.002525 0
-0.00255 0
-0.002575 0
-0.0026 0
-0.002625 0
-0.00265 0
-0.002675 0
-0.0027 0
-0.002725 0
-0.00275 0
-0.002775 0
-0.0028 0
-0.002825 0
-0.00285 0
-0.002875 0
-0.0029 0
-0.002925 0
-0.00295 0
-0.002975 0
-0.003 0
-0.003025 0
-0.00305 0
-0.003075 0
-0.0031 0
-0.003125 0
-0.00315 0
-0.003175 0
-0.0032 0
-0.003225 0
-0.00325 0
-0.003275 0
-0.0033 0
-0.003325 0
-0.00335 0
-0.003375 0
-0.0034 0
-0.003425 0
-0.00345 0
-0.003475 0
-0.0035 0
-0.003525 0
-0.00355 0
-0.003575 0
-0.0036 0
-0.003625 0
-0.00365 0
-0.003675 0
-0.0037 0
-0.003725 0
-0.00375 0
-0.003775 0
-0.0038 0
-0.003825 0
-0.00385 0
-0.003875 0
-0.0039 0
-0.003925 0
-0.00395 0
-0.003975 0
-0.004 0
-0.004025 0
-0.00405 0
-0.004075 0
-0.0041 0
-0.004125 0
-0.00415 0
-0.004175 0
-0.0042 0
-0.004225 0
-0.00425 0
-0.004275 0
-0.0043 0
-0.004325 0
-0.00435 0
-0.004375 0
-0.0044 0
-0.004425 0
-0.00445 0
-0.004475 0
-0.0045 0
-0.004525 0
-0.00455 0
-0.004575 0
-0.0046 0
-0.004625 0
-0.00465 0
-0.004675 0
-0.0047 0
-0.004725 0
-0.00475 0
-0.004775 0
-0.0048 0
-0.004825 0
-0.00485 0
-0.004875 0
-0.0049 0
-0.004925 0
-0.00495 0
-0.004975 0
-0.005 0
-0.005025 0
-0.00505 0
-0.005075 0
-0.0051 0
-0.005125 0
-0.00515 0
-0.005175 0
-0.0052 0
-0.005225 0
-0.00525 0
-0.005275 0
-0.0053 0
-0.005325 0
-0.00535 0
-0.005375 0
-0.0054 0
-0.005425 0
-0.00545 0
-0.005475 0
-0.0055 0
-0.005525 0
-0.00555 0
-0.005575 0
-0.0056 0
-0.005625 0
-0.00565 0
-0.005675 0
-0.0057 0
-0.005725 0
-0.00575 0
-0.005775 0
-0.0058 0
-0.005825 0
-0.00585 0
-0.005875 0
-0.0059 0
-0.005925 0
-0.00595 0
-0.005975 0
-0.006 0
-0.006025 0
-0.00605 0
-0.006075 0
-0.0061 0
-0.006125 0
-0.00615 0
-0.006175 0
-0.0062 0
-0.006225 0
-0.00625 0
-0.00627533 0.0333333
-0.00630073 0.0734694
-0.00632614 0.113605
-0.00635154 0.153741
-0.00637694 0.193878
-0.00640234 0.234014
-0.00642774 0.27415
-0.00645314 0.314286
-0.00647854 0.354422
-0.00650395 0.394558
-0.00652935 0.434694
-0.00655475 0.47483
-0.00658015 0.514966
-0.00660555 0.555102
-0.00663095 0.595238
-0.00665635 0.635374
-0.00668176 0.67551
-0.00670716 0.715646
-0.00673256 0.755782
-0.00675796 0.795918
-0.00678336 0.836054
-0.00680876 0.87619
-0.00683416 0.916327
-0.00685956 0.956463
-0.00688497 0.996599
-0.00691037 1.03673
-0.00693577 1.07687
-0.00696117 1.11701
-0.00698657 1.15714
-0.00701197 1.19728
-0.00703737 1.23741
-0.00706278 1.27755
-0.00708818 1.31769
-0.00711358 1.35782
-0.00713898 1.39796
-0.00716438 1.4381
-0.00718978 1.47823
-0.00721518 1.51837
-0.00724059 1.5585
-0.00726599 1.59864
-0.00729139 1.63878
-0.00731679 1.67891
-0.00734219 1.71905
-0.00736759 1.75918
-0.00739299 1.79932
-0.00741839 1.83946
-0.0074438 1.87959
-0.0074692 1.91973
-0.0074946 1.95986
-0.00752 2
-0.007545 2
-0.00757 2
-0.007595 2
-0.00762 2
-0.007645 2
-0.00767 2
-0.007695 2
-0.00772 2
-0.007745 2
-0.00777 2
-0.007795 2
-0.00782 2
-0.007845 2
-0.00787 2
-0.007895 2
-0.00792 2
-0.007945 2
-0.00797 2
-0.007995 2
-0.00802 2
-0.008045 2
-0.00807 2
-0.008095 2
-0.00812 2
-0.008145 2
-0.00817 2
-0.008195 2
-0.00822 2
-0.008245 2
-0.00827 2
-0.008295 2
-0.00832 2
-0.008345 2
-0.00837 2
-0.008395 2
-0.00842 2
-0.008445 2
-0.00847 2
-0.008495 2
-0.00852 2
-0.008545 2
-0.00857 2
-0.008595 2
-0.00862 2
-0.008645 2
-0.00867 2
-0.008695 2
-0.00872 2
-0.008745 2
-0.00877 2
-0.00874083 1.58333
-0.00871167 1.16667
-0.00868454 0.954432
-0.00865937 0.936906
-0.00863419 0.91938
-0.00860902 0.901854
-0.00858384 0.884327
-0.00855867 0.866801
-0.00853349 0.849275
-0.00850832 0.831749
-0.00848314 0.814223
-0.00845797 0.796697
-0.00843279 0.779171
-0.00840762 0.761644
-0.00838244 0.744118
-0.00835727 0.726592
-0.00833209 0.709066
-0.00830692 0.69154
-0.00828174 0.674014
-0.00825656 0.656488
-0.00823139 0.638962
-0.00820621 0.621435
-0.00818104 0.603909
-0.00815586 0.586383
-0.00813069 0.568857
-0.00810551 0.551331
-0.00808034 0.533805
-0.00805516 0.516279
-0.00802999 0.498752
-0.00800481 0.481226
-0.00797964 0.4637
-0.00795446 0.446174
-0.00792929 0.428648
-0.00790411 0.411122
-0.00787894 0.393596
-0.00785376 0.376069
-0.00782859 0.358543
-0.00780341 0.341017
-0.00777823 0.323491
-0.00775306 0.305965
-0.00772788 0.288439
-0.00770271 0.270913
-0.00767753 0.253386
-0.00765236 0.23586
-0.00762718 0.218334
-0.00760201 0.200808
-0.00757683 0.183282
-0.00755166 0.165756
-0.00752648 0.14823
-0.00750131 0.130703
-0.00747613 0.113177
-0.00745096 0.0956511
-0.00742578 0.078125
-0.00740061 0.0605989
-0.00737543 0.0430727
-0.00735026 0.0255466
-0.00732508 0.00802044
-0.0073 0
-0.007275 0
-0.00725 0
-0.007225 0
-0.0072 0
-0.007175 0
-0.00715 0
-0.007125 0
-0.0071 0
-0.007075 0
-0.00705 0
-0.007025 0
-0.007 0
-0.006975 0
-0.00695 0
-0.006925 0
-0.0069 0
-0.006875 0
-0.00685 0
-0.006825 0
-0.0068 0
-0.006775 0
-0.00675 0
-0.006725 0
-0.0067 0
-0.006675 0
-0.00665 0
-0.006625 0
-0.0066 0
-0.006575 0
-0.00655 0
-0.006525 0
-0.0065 0
-0.006475 0
-0.00645 0
-0.006425 0
-0.0064 0
-0.006375 0
-0.00635 0
-0.006325 0
-0.0063 0
-0.006275 0
-0.00625 0
-0.006225 0
-0.0062 0
-0.006175 0
-0.00615 0
-0.006125 0
-0.0061 0
-0.006075 0
-0.00605 0
-0.006025 0
-0.006 0
-0.005975 0
-0.00595 0
-0.005925 0
-0.0059 0
-0.005875 0
-0.00585 0
-0.005825 0
-0.0058 0
-0.005775 0
-0.00575 0
-0.005725 0
-0.0057 0
-0.005675 0
-0.00565 0
-0.005625 0
-0.0056 0
-0.005575 0
-0.00555 0
-0.005525 0
-0.0055 0
-0.005475 0
-0.00545 0
-0.005425 0
-0.0054 0
-0.005375 0
-0.00535 0
-0.005325 0
-0.0053 0
-0.005275 0
-0.00525 0
-0.005225 0
-0.0052 0
-0.005175 0
-0.00515 0
-0.005125 0
-0.0051 0
-0.005075 0
-0.00505 0
-0.005025 0
-0.005 0
-0.004975 0
-0.00495 0
-0.004925 0
-0.0049 0
-0.004875 0
-0.00485 0
-0.004825 0
-0.0048 0
-0.004775 0
-0.00475 0
-0.004725 0
-0.0047 0
-0.004675 0
-0.00465 0
-0.004625 0
-0.0046 0
-0.004575 0
-0.00455 0
-0.004525 0
-0.0045 0
-0.004475 0
-0.00445 0
-0.004425 0
-0.0044 0
-0.004375 0
-0.00435 0
-0.004325 0
-0.0043 0
-0.004275 0
-0.00425 0
-0.004225 0
-0.0042 0
-0.004175 0
-0.00415 0
-0.004125 0
-0.0041 0
-0.004075 0
-0.00405 0
-0.004025 0
-0.004 0
-0.003975 0
-0.00395 0
-0.003925 0
-0.0039 0
-0.003875 0
-0.00385 0
-0.003825 0
-0.0038 0
-0.003775 0
-0.00375 0
-0.003725 0
-0.0037 0
-0.003675 0
-0.00365 0
-0.003625 0
-0.0036 0
-0.003575 0
-0.00355 0
-0.003525 0
-0.0035 0
-0.003475 0
-0.00345 0
-0.003425 0
-0.0034 0
-0.003375 0
-0.00335 0
-0.003325 0
-0.0033 0
-0.003275 0
-0.00325 0
-0.003225 0
-0.0032 0
-0.003175 0
-0.00315 0
-0.003125 0
-0.0031 0
-0.003075 0
-0.00305 0
-0.003025 0
-0.003 0
-0.002975 0
-0.00295 0
-0.002925 0
-0.0029 0
-0.002875 0
-0.00285 0
-0.002825 0
-0.0028 0
-0.002775 0
-0.00275 0
-0.002725 0
-0.0027 0
-0.002675 0
-0.00265 0
-0.002625 0
-0.0026 0
-0.002575 0
-0.00255 0
-0.002525 0
-0.0025 0
-0.002475 0
-0.00245 0
-0.002425 0
-0.0024 0
-0.002375 0
-0.00235 0
-0.002325 0
-0.0023 0
-0.002275 0
-0.00225 0
-0.002225 0
-0.0022 0
-0.002175 0
-0.00215 0
-0.002125 0
-0.0021 0
-0.002075 0
-0.00205 0
-0.002025 0
-0.002 0
-0.001975 0
-0.00195 0
-0.001925 0
-0.0019 0
-0.001875 0
-0.00185 0
-0.001825 0
-0.0018 0
-0.001775 0
-0.00175 0
-0.001725 0
-0.0017 0
-0.001675 0
-0.00165 0
-0.001625 0
-0.0016 0
-0.001575 0
-0.00155 0
-0.001525 0
-0.0015 0
-0.001475 0
-0.00145 0
-0.001425 0
-0.0014 0
-0.001375 0
-0.00135 0
-0.001325 0
-0.0013 0
-0.001275 0
-0.00125 0
-0.001225 0
-0.0012 0
-0.001175 0
-0.00115 0
-0.001125 0
-0.0011 0
-0.001075 0
-0.00105 0
-0.001025 0
-0.001 0
-0.000975 0
-0.00095 0
-0.000925 0
-0.0009 0
-0.000875 0
-0.00085 0
-0.000825 0
-0.0008 0
-0.000775 0
-0.00075 0
-0.000725 0
-0.0007 0
-0.000675 0
-0.00065 0
-0.000625 0
-0.0006 0
-0.000575 0
-0.00055 0
-0.000525 0
-0.0005 0
-0.000475 0
-0.00045 0
-0.000425 0
-0.0004 0
-0.000375 0
-0.00035 0
-0.000325 0
-0.0003 0
-0.000275 0
-0.00025 0
-0.000225 0
-0.0002 0
-0.000175 0
-0.00015 0
-0.000125 0
-0.0001 0
-7.5e-05 0
-5e-05 0
-2.5e-05 0
-9.28348e-19 0
2.5e-05 0
5e-05 0
7.5e-05 0
0.0001 0
0.000125 0
0.00015 0
0.000175 0
0.0002 0
0.000225 0
0.00025 0
0.000275 0
0.0003 0
0.000325 0
0.00035 0
0.000375 0
0.0004 0
0.000425 0
0.00045 0
0.000475 0
0.0005 0
0.000525 0
0.00055 0
0.000575 0
0.0006 0
0.000625 0
0.00065 0
0.000675 0
0.0007 0
0.000725 0
0.00075 0
0.000775 0
0.0008 0
0.000825 0
0.00085 0
0.000875 0
0.00085 0
0.000825 0
0.0008 0
0.000775 0
0.00075 0
0.000725 0
0.0007 0
0.000675 0
0.00065 0
0.000625 0
0.0006 0
0.000575 0
0.00055 0
0.000525 0
0.0005 0
0.000475 0
0.00045 0
0.000425 0
0.0004 0
0.000375 0
0.00035 0
0.000325 0
0.0003 0
0.000275 0
0.00025 0
0.000225 0
0.0002 0
0.000175 0
0.00015 0
0.000125 0
0.0001 0
7.5e-05 0
5e-05 0
2.5e-05 0
-9.14796e-19 0
