-0.000166667 6.66667
-0.000333333 13.3333
-0.0005 20
-0.000666667 26.6667
-0.000833333 33.3333
-0.001 40
-0.00116667 46.6667
-0.00133333 53.3333
-0.0015 60
-0.00166667 66.6667
-0.00183333 73.3333
-0.002 80
-0.00216667 86.6667
-0.00233333 93.3333
-0.0025 100
-0.00266667 106.667
-0.00283333 113.333
-0.003 120
-0.00316667 126.667
-0.00333333 133.333
-0.0035 140
-0.00366667 146.667
-0.00383333 153.333
-0.004 160
-0.00416667 166.667
-0.00433333 173.333
-0.0045 180
-0.00466667 186.667
-0.00483333 193.333
-0.005 200
-0.00516666 206.666
-0.00533333 213.333
-0.00549999 219.999
-0.00566666 226.666
-0.00583332 233.332
-0.00599997 239.997
-0.00616663 246.663
-0.00633327 253.327
-0.00649991 259.991
-0.00666653 266.653
-0.00683313 273.313
-0.0069997 279.97
-0.00716624 286.624
-0.00733271 293.271
-0.00749911 299.911
-0.0076654 306.54
-0.00783154 313.154
-0.00799748 319.748
-0.00816316 326.316
-0.00832848 332.848
-0.00816181 326.181
-0.00799514 319.514
-0.00782848 312.848
-0.00766181 306.181
-0.00749514 299.514
-0.00732848 292.848
-0.00716181 286.181
-0.00699514 279.514
-0.00682848 272.848
-0.00666181 266.181
-0.00649514 259.514
-0.00632848 252.848
-0.00616181 246.181
-0.00599514 239.514
-0.00582848 232.848
-0.00566181 226.181
-0.00549514 219.514
-0.00532848 212.848
-0.00516181 206.181
-0.00499514 199.514
-0.00482848 192.848
-0.00466181 186.181
-0.00449514 179.514
-0.00432848 172.848
-0.00416181 166.181
-0.00399514 159.514
-0.00382848 152.848
-0.00366181 146.181
-0.00349514 139.514
-0.00332848 132.848
-0.00316181 126.181
-0.00299514 119.514
-0.00282848 112.848
-0.00266181 106.181
-0.00249514 99.5142
-0.00232848 92.8475
-0.00216181 86.1809
-0.00199514 79.5142
-0.00182848 72.8475
-0.00166181 66.1809
-0.00149514 59.5142
-0.00132848 52.8475
-0.00116181 46.1809
-0.000995142 39.5142
-0.000828475 32.8475
-0.000661809 26.1809
-0.000495142 19.5142
-0.000328476 12.8476
-0.000161809 6.18091
4.85736e-06 -0.485736
0.000171524 -7.15238
0.00033819 -13.819
0.000504856 -20.4856
0.000671522 -27.1522
0.000838188 -33.8188
0.00100485 -40.4854
0.00117152 -47.1519
0.00133818 -53.8184
0.00150485 -60.4848
0.00167151 -67.1512
0.00183818 -73.8175
0.00200484 -80.4837
0.0021715 -87.1498
0.00233816 -93.8157
0.00250481 -100.481
0.00267147 -107.147
0.00283812 -113.812
0.00300477 -120.477
0.00317141 -127.141
0.00333805 -133.805
0.00350468 -140.468
0.00367131 -147.131
0.00383792 -153.792
0.00400452 -160.452
0.00417111 -167.111
0.00433768 -173.768
0.00450423 -180.423
0.00467075 -187.075
0.00483725 -193.725
0.00500371 -200.371
0.00517013 -207.013
0.0053365 -213.65
0.00550282 -220.282
0.00566906 -226.906
0.00583522 -233.522
0.00600129 -240.129
0.00616724 -246.724
0.00633306 -253.306
0.00649873 -259.873
0.00666422 -266.422
0.00682949 -272.949
0.00699451 -279.451
0.00715923 -285.923
0.00732362 -292.362
0.00748761 -298.761
0.00765113 -305.113
0.00781411 -311.411
0.00797646 -317.646
0.00813806 -323.806
0.0082988 -329.88
0.00813213 -323.213
0.00796547 -316.547
0.0077988 -309.88
0.00763213 -303.213
0.00746547 -296.547
0.0072988 -289.88
0.00713213 -283.213
0.00696547 -276.547
0.0067988 -269.88
0.00663213 -263.213
0.00646547 -256.547
0.0062988 -249.88
0.00613213 -243.213
0.00596547 -236.547
0.0057988 -229.88
0.00563213 -223.213
0.00546547 -216.547
0.0052988 -209.88
0.00513213 -203.213
0.00496547 -196.547
0.0047988 -189.88
0.00463213 -183.213
0.00446547 -176.547
0.0042988 -169.88
0.00413213 -163.213
0.00396547 -156.547
0.0037988 -149.88
0.00363213 -143.213
0.00346547 -136.547
0.0032988 -129.88
0.00313213 -123.213
0.00296547 -116.547
0.0027988 -109.88
0.00263213 -103.213
0.00246547 -96.5465
0.0022988 -89.8798
0.00213213 -83.2132
0.00196547 -76.5465
0.0017988 -69.8798
0.00163213 -63.2132
0.00146547 -56.5465
0.0012988 -49.8799
0.00113213 -43.2132
0.000965466 -36.5466
0.000798799 -29.8799
0.000632133 -23.2133
0.000465466 -16.5466
0.0002988 -9.88003
0.000132134 -3.21342
-3.45316e-05 3.45316
-0.000201197 10.1197
-0.000367863 16.7863
-0.000534527 23.4527
-0.000701192 30.1192
-0.000867856 36.7856
-0.00103452 43.4519
-0.00120118 50.1181
-0.00136784 56.7842
-0.0015345 63.4501
-0.00170116 70.1159
-0.00186781 76.7815
-0.00203447 83.4468
-0.00220112 90.1118
-0.00236776 96.7764
-0.00253441 103.441
-0.00270104 110.104
-0.00286767 116.767
-0.00303429 123.429
-0.0032009 130.09
-0.0033675 136.75
-0.00353409 143.409
-0.00370066 150.066
-0.00386721 156.721
-0.00403374 163.374
-0.00420024 170.024
-0.00436672 176.672
-0.00453315 183.315
-0.00469954 189.954
-0.00486589 196.589
-0.00503217 203.217
-0.00519839 209.839
-0.00536453 216.453
-0.00553058 223.058
-0.00569652 229.652
-0.00586234 236.234
-0.00602802 242.802
-0.00619354 249.354
-0.00635887 255.887
-0.00652398 262.398
-0.00668885 268.885
-0.00685342 275.342
-0.00701767 281.767
-0.00718154 288.154
-0.00734497 294.497
-0.0075079 300.79
-0.00767025 307.025
-0.00783194 313.194
-0.00799288 319.288
-0.00815294 325.294
-0.008312 331.2
-0.00846991 336.991
-0.0086265 342.65
-0.00878157 348.157
-0.00893492 353.492
-0.00908628 358.628
-0.0092354 363.54
-0.00938198 368.198
-0.0095257 372.57
-0.00966627 376.626
-0.00980338 380.338
-0.00993681 383.681
-0.0100664 386.638
-0.0101921 389.205
-0.0103139 391.39
-0.0104321 393.214
-0.0105471 394.709
-0.0106592 395.915
-0.0107688 396.876
-0.0108763 397.633
-0.0109823 398.227
-0.0110869 398.691
-0.0111905 399.053
-0.0112934 399.337
-0.0113956 399.56
-0.0114974 399.736
-0.0115988 399.877
-0.0116999 399.991
-0.0118008 400.084
-0.0119016 400.161
-0.0120023 400.225
-0.0121028 400.28
-0.0122033 400.327
-0.0123037 400.369
-0.0124041 400.406
-0.0125044 400.44
-0.0126047 400.471
-0.012705 400.5
-0.0128053 400.527
-0.0129055 400.553
-0.0130058 400.577
-0.013106 400.601
-0.0132062 400.624
-0.0133065 400.646
-0.0134067 400.668
-0.0135069 400.69
-0.0136071 400.711
-0.0137073 400.733
-0.0138075 400.753
-0.0139077 400.774
-0.0140079 400.795
-0.0141082 400.815
-0.0142084 400.836
-0.0143086 400.856
-0.0144088 400.876
-0.014509 400.897
-0.0146092 400.917
-0.0147094 400.937
-0.0148096 400.957
-0.0149098 400.977
-0.01501 400.997
-0.0151102 401.017
-0.0152104 401.037
-0.0153106 401.057
-0.0154108 401.077
-0.015511 401.097
-0.0156112 401.117
-0.0157114 401.137
-0.0158116 401.157
-0.0159118 401.177
-0.016012 401.197
-0.0161122 401.217
-0.0162124 401.237
-0.0163126 401.257
-0.0164128 401.277
-0.016513 401.297
-0.0166132 401.317
-0.0167134 401.337
-0.0168136 401.357
-0.0169138 401.377
-0.017014 401.397
-0.0171142 401.417
-0.0172144 401.437
-0.0173146 401.457
-0.0174148 401.477
-0.017515 401.497
-0.0176152 401.517
-0.0177154 401.537
-0.0178156 401.557
-0.0179158 401.577
-0.018016 401.597
-0.0181162 401.617
-0.0182164 401.637
-0.0183166 401.657
-0.0184168 401.677
-0.018517 401.697
-0.0186172 401.717
-0.0187174 401.737
-0.0188176 401.756
-0.0189178 401.776
-0.019018 401.796
-0.0188513 395.13
-0.0186847 388.468
-0.0185181 381.809
-0.0183516 375.157
-0.0181851 368.511
-0.0180187 361.873
-0.0178524 355.243
-0.0176862 348.623
-0.0175201 342.013
-0.0173541 335.414
-0.0171883 328.827
-0.0170225 322.252
-0.0168569 315.69
-0.0166914 309.141
-0.0165261 302.607
-0.0163609 296.088
-0.0161958 289.585
-0.016031 283.097
-0.0158663 276.627
-0.0157017 270.173
-0.0155374 263.738
-0.0153732 257.321
-0.0152092 250.923
-0.0150454 244.544
-0.0148819 238.186
-0.0147185 231.849
-0.0145553 225.533
-0.0143924 219.238
-0.0142297 212.966
-0.0140672 206.717
-0.0139049 200.492
-0.0137429 194.29
-0.0135811 188.113
-0.0134196 181.962
-0.0132584 175.835
-0.0130974 169.735
-0.0129366 163.662
-0.0127762 157.616
-0.012616 151.598
-0.0124561 145.608
-0.0122965 139.647
-0.0121371 133.715
-0.0119781 127.813
-0.0118194 121.941
-0.011661 116.101
-0.0115029 110.291
-0.0113451 104.514
-0.0111877 98.7691
-0.0110306 93.0572
-0.0108738 87.3786
-0.0107173 81.734
-0.0105612 76.1239
-0.0104055 70.5486
-0.0102501 65.0087
-0.010095 59.5047
-0.00994037 54.0371
-0.00978606 48.6062
-0.00963213 43.2127
-0.00947857 37.8568
-0.00932539 32.5392
-0.0091726 27.2601
-0.0090202 22.0201
-0.0088682 16.8196
-0.00871659 11.659
-0.00856539 6.53866
-0.00841459 1.45902
-0.0082642 -3.57954
-0.00811423 -8.57664
-0.00796468 -13.5319
-0.00781555 -18.445
-0.00766684 -23.3156
-0.00751857 -28.1433
-0.00737072 -32.9278
-0.00722331 -37.6688
-0.00707634 -42.3661
-0.00692981 -47.0193
-0.00678372 -51.6282
-0.00663808 -56.1924
-0.00649288 -60.7119
-0.00634814 -65.1863
-0.00620385 -69.6155
-0.00606001 -73.9992
-0.00591663 -78.3373
-0.0057737 -82.6296
-0.00563124 -86.876
-0.00548924 -91.0763
-0.0053477 -95.2305
-0.00520662 -99.3384
-0.005066 -103.4
-0.00492585 -107.415
-0.00478616 -111.384
-0.00464694 -115.306
-0.00450818 -119.182
-0.00436989 -123.011
-0.00423206 -126.794
-0.00409469 -130.531
-0.00395779 -134.221
-0.00382135 -137.865
-0.00368537 -141.463
-0.00354985 -145.015
-0.00341479 -148.521
-0.00328019 -151.981
-0.00314604 -155.396
-0.00301235 -158.765
-0.00287911 -162.089
-0.00274632 -165.368
-0.00261398 -168.602
-0.00248208 -171.792
-0.00235063 -174.937
-0.00221961 -178.039
-0.00208903 -181.097
-0.00195889 -184.111
-0.00182918 -187.082
-0.0016999 -190.01
-0.00157104 -192.896
-0.0014426 -195.74
-0.00131458 -198.542
-0.00118697 -201.303
-0.00105977 -204.023
-0.000932984 -206.702
-0.000806597 -209.34
-0.000680608 -211.939
-0.000555013 -214.499
-0.000429809 -217.019
-0.000304991 -219.501
-0.000180554 -221.945
-5.6495e-05 -224.35
6.71911e-05 -226.719
0.000190509 -229.051
0.000313462 -231.346
0.000436055 -233.606
0.000558294 -235.829
0.000680182 -238.018
0.000801724 -240.172
0.000922925 -242.292
0.00104379 -244.379
0.00116432 -246.432
0.00128452 -248.452
0.00140441 -250.441
0.00152397 -252.397
0.00164322 -254.322
0.00176216 -256.216
0.00188079 -258.079
0.00199913 -259.913
0.00211717 -261.717
0.00223492 -263.492
0.00235239 -265.239
0.00246957 -266.957
0.00258647 -268.647
0.0027031 -270.31
0.00281947 -271.947
0.00293557 -273.557
0.00305141 -275.141
0.00316699 -276.699
0.00328232 -278.232
0.00339741 -279.741
0.00351225 -281.225
0.00362686 -282.686
0.00374122 -284.122
0.00385536 -285.536
0.00396927 -286.927
0.00408296 -288.296
0.00419643 -289.643
0.00430969 -290.969
0.00442273 -292.273
0.00453557 -293.557
0.0046482 -294.82
0.00476063 -296.063
0.00487286 -297.286
0.0049849 -298.49
0.00509675 -299.675
0.00520842 -300.842
0.0053199 -301.99
0.0054312 -303.12
0.00554232 -304.232
0.00565327 -305.327
0.00576405 -306.405
0.00587467 -307.467
0.00598512 -308.512
0.0060954 -309.54
0.00620553 -310.553
0.00631551 -311.551
0.00642533 -312.533
0.006535 -313.5
0.00664452 -314.452
0.0067539 -315.39
0.00686314 -316.314
0.00697224 -317.224
0.0070812 -318.12
0.00719003 -319.003
0.00729872 -319.872
0.00740729 -320.729
0.00751573 -321.573
0.00762404 -322.404
0.00773223 -323.223
0.0078403 -324.03
0.00794826 -324.826
0.00805609 -325.609
0.00816382 -326.382
0.00827143 -327.143
0.00837893 -327.893
0.00848633 -328.633
0.00859362 -329.362
0.0087008 -330.08
0.00880788 -330.788
0.00891487 -331.487
0.00902175 -332.175
0.00912854 -332.854
0.00923523 -333.523
0.00934183 -334.183
0.00944834 -334.834
0.00955475 -335.475
0.00966108 -336.108
0.00976732 -336.732
0.00987348 -337.348
0.00997955 -337.955
0.0100855 -338.555
0.0101915 -339.146
0.0102973 -339.729
0.010403 -340.304
0.0105087 -340.872
0.0106143 -341.432
0.0107198 -341.984
0.0108253 -342.53
0.0109307 -343.068
0.011036 -343.599
0.0111412 -344.123
0.0112464 -344.641
0.0113515 -345.152
0.0114566 -345.656
0.0115615 -346.154
0.0116665 -346.645
0.0117713 -347.131
0.0118761 -347.61
0.0119808 -348.083
0.0120855 -348.55
0.0121901 -349.011
0.0122947 -349.467
0.0123992 -349.917
0.0125036 -350.362
0.012608 -350.801
0.0127123 -351.234
0.0128166 -351.663
0.0129209 -352.086
0.013025 -352.504
0.0131292 -352.917
0.0132333 -353.326
0.0133373 -353.729
0.0134413 -354.127
0.0135452 -354.521
0.0136491 -354.911
0.013753 -355.295
0.0138568 -355.676
0.0139605 -356.052
0.0140642 -356.423
0.0141679 -356.79
0.0142715 -357.153
0.0143751 -357.512
0.0144787 -357.867
0.0145822 -358.218
0.0146857 -358.565
0.0147891 -358.908
0.0148925 -359.247
0.0149958 -359.583
0.0150991 -359.915
0.0152024 -360.243
0.0153057 -360.567
0.0154089 -360.888
0.0155121 -361.206
0.0156152 -361.52
0.0157183 -361.831
0.0158214 -362.138
0.0159244 -362.443
0.0160274 -362.744
0.0161304 -363.041
0.0162334 -363.336
0.0163363 -363.628
0.0164392 -363.916
0.016542 -364.202
0.0166448 -364.484
0.0167476 -364.764
0.0168504 -365.041
0.0169531 -365.315
0.0170559 -365.586
0.0171585 -365.854
0.0172612 -366.12
0.0173638 -366.383
0.0174664 -366.644
0.017569 -366.902
0.0176716 -367.157
0.0177741 -367.41
0.0178766 -367.661
0.0179791 -367.909
0.0180815 -368.154
0.018184 -368.397
0.0182864 -368.638
0.0183888 -368.877
0.0184911 -369.113
0.0185935 -369.347
0.0186958 -369.579
0.0185291 -362.915
0.0183626 -356.259
0.0181962 -349.615
0.0180298 -342.984
0.0178637 -336.366
0.0176976 -329.765
0.0175318 -323.179
0.0173661 -316.611
0.0172006 -310.062
0.0170353 -303.532
0.0168702 -297.021
0.0167053 -290.532
0.0165406 -284.064
0.0163762 -277.618
0.016212 -271.195
0.016048 -264.796
0.0158842 -258.421
0.0157207 -252.07
0.0155575 -245.746
0.0153945 -239.447
0.0152317 -233.175
0.0150693 -226.93
0.0149071 -220.713
0.0147452 -214.524
0.0145836 -208.364
0.0144223 -202.234
0.0142613 -196.133
0.0141006 -190.063
0.0139402 -184.024
0.0137802 -178.017
0.0136204 -172.042
0.013461 -166.099
0.0133019 -160.189
0.0131431 -154.313
0.0129847 -148.471
0.0128266 -142.664
0.0126689 -136.891
0.0125115 -131.154
0.0123545 -125.453
0.0121979 -119.788
0.0120416 -114.16
0.0118857 -108.57
0.0117302 -103.016
0.011575 -97.5012
0.0114202 -92.0245
0.0112659 -86.5867
0.0111119 -81.1882
0.0109583 -75.8292
0.0108051 -70.5102
0.0106523 -65.2316
0.0104999 -59.9937
0.010348 -54.7968
0.0101964 -49.6412
0.0100453 -44.5274
0.00989455 -39.4555
0.00974426 -34.4259
0.00959439 -29.4388
0.00944495 -24.4945
0.00929593 -19.5933
0.00914735 -14.7355
0.00899921 -9.92114
0.00885151 -5.15056
0.00870424 -0.423946
0.00855741 4.25852
0.00841103 8.89667
0.0082651 13.4903
0.00811961 18.0394
0.00797456 22.5437
0.00782997 27.0031
0.00768583 31.4175
0.00754213 35.7869
0.00739889 40.1111
0.0072561 44.3902
0.00711376 48.624
0.00697187 52.8126
0.00683044 56.9559
0.00668946 61.0539
0.00654893 65.1067
0.00640886 69.1144
0.00626923 73.0768
0.00613006 76.9942
0.00599133 80.8665
0.00585306 84.694
0.00571523 88.4766
0.00557785 92.2146
0.00544092 95.908
0.00530443 99.557
0.00516838 103.162
0.00503277 106.723
0.00489761 110.239
0.00476287 113.713
0.00462858 117.142
0.00449471 120.529
0.00436127 123.873
0.00422826 127.174
0.00409568 130.432
0.00396352 133.648
0.00383177 136.823
0.00370045 139.955
0.00356953 143.047
0.00343902 146.098
0.00330893 149.107
0.00317923 152.077
0.00304993 155.007
0.00292104 157.896
0.00279253 160.747
0.00266441 163.559
0.00253668 166.332
0.00240933 169.067
0.00228236 171.764
0.00215576 174.424
0.00202953 177.047
0.00190367 179.633
0.00177817 182.183
0.00165303 184.697
0.00152825 187.175
0.00140381 189.619
0.00127972 192.028
0.00115597 194.403
0.00103257 196.743
0.00090949 199.051
0.000786744 201.326
0.000664324 203.568
0.000542226 205.777
0.000420445 207.956
0.000298976 210.102
0.000177817 212.218
5.6963e-05 214.304
-6.35907e-05 216.359
-0.000183848 218.385
-0.000303812 220.381
-0.000423488 222.349
-0.00054288 224.288
-0.000661992 226.199
-0.000780827 228.083
-0.00089939 229.939
-0.00101769 231.769
-0.00113572 233.572
-0.00125349 235.349
-0.001371 237.1
-0.00148826 238.826
-0.00160527 240.527
-0.00172204 242.204
-0.00183856 243.856
-0.00195485 245.485
-0.00207091 247.091
-0.00218673 248.673
-0.00230233 250.233
-0.0024177 251.77
-0.00253285 253.285
-0.00264779 254.779
-0.00276252 256.252
-0.00287703 257.703
-0.00299134 259.134
-0.00310545 260.545
-0.00321935 261.935
-0.00333306 263.306
-0.00344658 264.658
-0.00355991 265.991
-0.00367305 267.305
-0.00378601 268.601
-0.00389878 269.878
-0.00401138 271.138
-0.0041238 272.38
-0.00423605 273.605
-0.00434813 274.813
-0.00446005 276.005
-0.0045718 277.18
-0.00468339 278.339
-0.00479482 279.482
-0.00490609 280.609
-0.00501721 281.721
-0.00512818 282.818
-0.005239 283.9
-0.00534968 284.968
-0.00546021 286.021
-0.0055706 287.06
-0.00568085 288.085
-0.00579097 289.097
-0.00590095 290.095
-0.0060108 291.08
-0.00612052 292.052
-0.00623011 293.011
-0.00633958 293.958
-0.00644892 294.892
-0.00655814 295.814
-0.00666724 296.724
-0.00677622 297.622
-0.00688509 298.509
-0.00699385 299.385
-0.00710249 300.249
-0.00721102 301.102
-0.00731944 301.944
-0.00742776 302.776
-0.00753597 303.597
-0.00764408 304.408
-0.00775208 305.208
-0.00785999 305.999
-0.0079678 306.78
-0.00807551 307.551
-0.00818313 308.313
-0.00829065 309.065
-0.00839808 309.808
-0.00850542 310.542
-0.00861267 311.267
-0.00871983 311.983
-0.00882691 312.691
-0.0089339 313.39
-0.00904081 314.081
-0.00914763 314.763
-0.00925438 315.438
-0.00936104 316.104
-0.00946763 316.763
-0.00957414 317.414
-0.00968057 318.057
-0.00978693 318.693
-0.00989321 319.321
-0.00999942 319.942
-0.0101056 320.556
-0.0102116 321.163
-0.0103176 321.763
-0.0104236 322.356
-0.0105294 322.943
-0.0106352 323.523
-0.010741 324.096
-0.0108466 324.663
-0.0109522 325.224
-0.0110578 325.778
-0.0111633 326.326
-0.0112687 326.868
-0.011374 327.405
-0.0114793 327.935
-0.0115846 328.46
-0.0116898 328.978
-0.0117949 329.492
-0.0119 330
-0.012005 330.502
-0.01211 330.999
-0.0122149 331.491
-0.0123198 331.977
-0.0124246 332.459
-0.0125293 332.935
-0.0126341 333.406
-0.0127387 333.873
-0.0128433 334.334
-0.0129479 334.791
-0.0130524 335.243
-0.0131569 335.691
-0.0132613 336.134
-0.0133657 336.572
-0.0134701 337.006
-0.0135744 337.436
-0.0136786 337.861
-0.0137828 338.282
-0.013887 338.699
-0.0139911 339.112
-0.0140952 339.521
-0.0141993 339.925
-0.0143033 340.326
-0.0144072 340.723
-0.0145112 341.116
-0.014615 341.505
-0.0147189 341.89
-0.0148227 342.272
-0.0149265 342.65
-0.0150302 343.025
-0.015134 343.395
-0.0152376 343.763
-0.0153413 344.127
-0.0154449 344.487
-0.0155484 344.845
-0.015652 345.198
-0.0157555 345.549
-0.015859 345.896
-0.0159624 346.24
-0.0160658 346.581
-0.0161692 346.919
-0.0162725 347.254
-0.0163759 347.586
-0.0164791 347.915
-0.0165824 348.241
-0.0166856 348.564
-0.0167888 348.884
-0.016892 349.201
-0.0169952 349.516
-0.0170983 349.827
-0.0172014 350.136
-0.0173044 350.443
-0.0174075 350.746
-0.0175105 351.047
-0.0176135 351.346
-0.0177164 351.642
-0.0178194 351.935
-0.0179223 352.226
-0.0180251 352.514
-0.018128 352.8
-0.0182308 353.084
-0.0183336 353.365
-0.0184364 353.644
-0.0185392 353.92
-0.0186419 354.195
-0.0187447 354.467
-0.0188474 354.736
-0.01895 355.004
-0.0190527 355.269
-0.0191553 355.532
-0.0192579 355.793
-0.0193605 356.052
-0.0194631 356.309
-0.0195656 356.564
-0.0196682 356.817
-0.0197707 357.068
-0.0198732 357.317
-0.0199756 357.564
-0.0200781 357.809
-0.0201805 358.052
-0.0202829 358.293
-0.0203853 358.532
-0.0204877 358.769
-0.0205901 359.005
-0.0206924 359.239
-0.0207947 359.471
-0.020897 359.701
-0.0209993 359.93
-0.0211016 360.157
-0.0212038 360.382
-0.0213061 360.605
-0.0214083 360.827
-0.0215105 361.047
-0.0216127 361.266
-0.0217148 361.482
-0.021817 361.698
-0.0219191 361.911
-0.0220212 362.124
-0.0221233 362.334
-0.0222254 362.543
-0.0223275 362.751
-0.0224296 362.957
-0.0225316 363.162
-0.0226336 363.365
-0.0227357 363.567
-0.0228377 363.767
-0.0229397 363.966
-0.0230416 364.164
-0.0231436 364.36
-0.0232455 364.554
-0.0233475 364.748
-0.0234494 364.94
-0.0235513 365.131
-0.0236532 365.32
-0.0237551 365.508
-0.023857 365.695
-0.0239588 365.881
-0.0240607 366.065
-0.0241625 366.249
-0.0242643 366.431
-0.0243661 366.611
-0.0244679 366.791
-0.0245697 366.969
-0.0246715 367.146
-0.0247732 367.322
-0.024875 367.497
-0.0249767 367.671
-0.0250784 367.843
-0.0251801 368.015
-0.0252819 368.185
-0.0253835 368.354
-0.0254852 368.523
-0.0255869 368.69
-0.0256886 368.856
-0.0257902 369.021
-0.0258918 369.185
-0.0259935 369.348
-0.0260951 369.51
-0.0261967 369.67
-0.0262983 369.83
-0.0263999 369.989
-0.0265015 370.147
-0.026603 370.304
-0.0267046 370.46
-0.0268062 370.615
-0.0269077 370.769
-0.0270092 370.922
-0.0271107 371.075
-0.0272123 371.226
-0.0273138 371.376
-0.0274153 371.526
-0.0275167 371.674
-0.0276182 371.822
-0.0277197 371.969
-0.0278212 372.115
-0.0279226 372.26
-0.028024 372.405
-0.0281255 372.548
-0.0282269 372.691
-0.0283283 372.832
-0.0284297 372.973
-0.0285311 373.114
-0.0286325 373.253
-0.0287339 373.392
-0.0285673 366.729
-0.0284008 360.079
-0.0282344 353.443
-0.0280682 346.824
-0.0279022 340.222
-0.0277364 333.64
-0.0275708 327.078
-0.0274054 320.537
-0.0272402 314.018
-0.0270752 307.522
-0.0269105 301.049
-0.026746 294.6
-0.0265818 288.177
-0.0264178 281.779
-0.0262541 275.407
-0.0260906 269.063
-0.0259275 262.746
-0.0257646 256.456
-0.025602 250.196
-0.0254396 243.965
-0.0252776 237.763
-0.0251159 231.592
-0.0249545 225.452
-0.0247934 219.343
-0.0246327 213.266
-0.0244722 207.221
-0.0243121 201.209
-0.0241523 195.231
-0.0239929 189.286
-0.0238338 183.375
-0.023675 177.499
-0.0235166 171.659
-0.0233585 165.854
-0.0232008 160.085
-0.0230435 154.352
-0.0228866 148.657
-0.02273 142.998
-0.0225738 137.378
-0.022418 131.795
-0.0222625 126.251
-0.0221075 120.745
-0.0219528 115.279
-0.0217985 109.853
-0.0216447 104.466
-0.0214912 99.1189
-0.0213381 93.8127
-0.0211855 88.5473
-0.0210332 83.323
-0.0208814 78.14
-0.02073 72.9988
-0.020579 67.8994
-0.0204284 62.8422
-0.0202783 57.8275
-0.0201286 52.8553
-0.0199793 47.926
-0.0198304 43.0398
-0.019682 38.1968
-0.019534 33.3972
-0.0193864 28.6412
-0.0192393 23.929
-0.0190926 19.2606
-0.0189464 14.6362
-0.0188006 10.0558
-0.0186552 5.51972
-0.0185103 1.02786
-0.0183658 -3.41965
-0.0182218 -7.82276
-0.0180782 -12.1814
-0.017935 -16.4957
-0.0177923 -20.7654
-0.0176501 -24.9907
-0.0175083 -29.1715
-0.0173669 -33.308
-0.017226 -37.4
-0.0170855 -41.4477
-0.0169455 -45.4512
-0.0168059 -49.4105
-0.0166667 -53.3257
-0.016528 -57.197
-0.0163898 -61.0245
-0.0162519 -64.8082
-0.0161145 -68.5485
-0.0159775 -72.2453
-0.015841 -75.899
-0.0157049 -79.5096
-0.0155692 -83.0774
-0.015434 -86.6026
-0.0152991 -90.0854
-0.0151647 -93.526
-0.0150308 -96.9247
-0.0148972 -100.282
-0.014764 -103.597
-0.0146313 -106.872
-0.0144989 -110.106
-0.014367 -113.299
-0.0142355 -116.451
-0.0141044 -119.564
-0.0139736 -122.637
-0.0138433 -125.671
-0.0137133 -128.666
-0.0135838 -131.622
-0.0134546 -134.54
-0.0133258 -137.42
-0.0131974 -140.262
-0.0130693 -143.067
-0.0129417 -145.835
-0.0128143 -148.566
-0.0126874 -151.261
-0.0125608 -153.92
-0.0124346 -156.544
-0.0123087 -159.133
-0.0121831 -161.687
-0.0120579 -164.207
-0.0119331 -166.693
-0.0118085 -169.145
-0.0116844 -171.564
-0.0115605 -173.951
-0.011437 -176.305
-0.0113137 -178.627
-0.0111908 -180.918
-0.0110682 -183.177
-0.0109459 -185.405
-0.010824 -187.604
-0.0107023 -189.772
-0.0105809 -191.91
-0.0104598 -194.019
-0.010339 -196.1
-0.0102185 -198.151
-0.0100982 -200.175
-0.00997829 -202.171
-0.0098586 -204.14
-0.00973918 -206.082
-0.00962003 -207.997
-0.00950114 -209.886
-0.00938251 -211.749
-0.00926413 -213.587
-0.00914601 -215.399
-0.00902813 -217.187
-0.00891049 -218.951
-0.0087931 -220.69
-0.00867594 -222.406
-0.00855902 -224.098
-0.00844232 -225.768
-0.00832586 -227.414
-0.00820961 -229.039
-0.00809359 -230.641
-0.00797778 -232.222
-0.00786219 -233.781
-0.0077468 -235.32
-0.00763163 -236.837
-0.00751665 -238.335
-0.00740188 -239.812
-0.0072873 -241.27
-0.00717292 -242.708
-0.00705873 -244.127
-0.00694473 -245.527
-0.00683092 -246.908
-0.00671728 -248.272
-0.00660383 -249.617
-0.00649056 -250.944
-0.00637745 -252.255
-0.00626453 -253.547
-0.00615177 -254.823
-0.00603917 -256.083
-0.00592674 -257.326
-0.00581447 -258.553
-0.00570236 -259.764
-0.00559041 -260.959
-0.00547861 -262.139
-0.00536696 -263.304
-0.00525546 -264.454
-0.00514411 -265.589
-0.0050329 -266.71
-0.00492184 -267.816
-0.00481091 -268.909
-0.00470012 -269.988
-0.00458947 -271.053
-0.00447895 -272.105
-0.00436856 -273.144
-0.00425831 -274.169
-0.00414817 -275.183
-0.00403817 -276.183
-0.00392829 -277.171
-0.00381853 -278.147
-0.00370888 -279.112
-0.00359936 -280.064
-0.00348995 -281.005
-0.00338066 -281.934
-0.00327148 -282.852
-0.00316241 -283.759
-0.00305345 -284.655
-0.00294459 -285.541
-0.00283584 -286.416
-0.0027272 -287.28
-0.00261865 -288.135
-0.00251021 -288.979
-0.00240187 -289.813
-0.00229362 -290.638
-0.00218547 -291.453
-0.00207742 -292.258
-0.00196946 -293.054
-0.00186159 -293.841
-0.00175381 -294.619
-0.00164612 -295.388
-0.00153852 -296.148
-0.00143101 -296.899
-0.00132358 -297.642
-0.00121623 -298.377
-0.00110897 -299.103
-0.00100178 -299.822
-0.000894681 -300.532
-0.000787658 -301.234
-0.000680712 -301.929
-0.000573843 -302.616
-0.00046705 -303.295
-0.000360331 -303.967
-0.000253686 -304.631
-0.000147112 -305.289
-4.06103e-05 -305.939
6.58217e-05 -306.582
0.000172185 -307.218
0.000278479 -307.848
0.000384707 -308.471
0.000490869 -309.087
0.000596965 -309.697
0.000702997 -310.3
0.000808966 -310.897
0.000914873 -311.487
0.00102072 -312.072
0.0011265 -312.65
0.00123223 -313.223
0.00133789 -313.789
0.0014435 -314.35
0.00154905 -314.905
0.00165454 -315.454
0.00175998 -315.998
0.00186536 -316.536
0.00197069 -317.069
0.00207597 -317.597
0.00218119 -318.119
0.00228636 -318.636
0.00239148 -319.148
0.00249655 -319.655
0.00260157 -320.157
0.00270654 -320.654
0.00281146 -321.146
0.00291634 -321.634
0.00302116 -322.116
0.00312594 -322.594
0.00323068 -323.068
0.00333537 -323.537
0.00344001 -324.001
0.00354461 -324.461
0.00364917 -324.917
0.00375369 -325.369
0.00385816 -325.816
0.00396259 -326.259
0.00406698 -326.698
0.00417132 -327.132
0.00427563 -327.563
0.0043799 -327.99
0.00448413 -328.413
0.00458832 -328.832
0.00469247 -329.247
0.00479659 -329.659
0.00490067 -330.067
0.00500471 -330.471
0.00510872 -330.872
0.00521268 -331.268
0.00531662 -331.662
0.00542052 -332.052
0.00552438 -332.438
0.00562822 -332.822
0.00573201 -333.201
0.00583578 -333.578
0.00593951 -333.951
0.00604321 -334.321
0.00614688 -334.688
0.00625052 -335.052
0.00635412 -335.412
0.0064577 -335.77
0.00656124 -336.124
0.00666476 -336.476
0.00676824 -336.824
0.0068717 -337.17
0.00697512 -337.512
0.00707852 -337.852
0.00718189 -338.189
0.00728524 -338.524
0.00738855 -338.855
0.00749184 -339.184
0.0075951 -339.51
0.00769834 -339.834
0.00780154 -340.154
0.00790473 -340.473
0.00800788 -340.788
0.00811102 -341.102
0.00821412 -341.412
0.0083172 -341.72
0.00842026 -342.026
0.0085233 -342.33
0.00862631 -342.631
0.00872929 -342.929
0.00883226 -343.226
0.0089352 -343.52
0.00903811 -343.811
0.00914101 -344.101
0.00924388 -344.388
0.00934673 -344.673
0.00944956 -344.956
0.00955237 -345.237
0.00965515 -345.515
0.00975792 -345.792
0.00986066 -346.066
0.00996339 -346.339
0.0100661 -346.609
0.0101688 -346.878
0.0102714 -347.144
0.0103741 -347.408
0.0104767 -347.671
0.0105793 -347.931
0.0106819 -348.19
0.0107845 -348.447
0.010887 -348.702
0.0109895 -348.955
0.0110921 -349.206
0.0111946 -349.456
0.011297 -349.703
0.0113995 -349.949
0.0115019 -350.193
0.0116044 -350.436
0.0117068 -350.677
0.0118092 -350.916
0.0119115 -351.153
0.0120139 -351.389
0.0121162 -351.623
0.0122186 -351.855
0.0123209 -352.086
0.0124232 -352.316
0.0125254 -352.543
0.0126277 -352.77
0.0127299 -352.994
0.0128322 -353.218
0.0129344 -353.439
0.0130366 -353.659
0.0131388 -353.878
0.013241 -354.095
0.0133431 -354.311
0.0134453 -354.526
0.0135474 -354.739
0.0136495 -354.95
0.0137516 -355.16
0.0138537 -355.369
0.0139558 -355.577
0.0140578 -355.783
0.0141599 -355.988
0.0142619 -356.191
0.0143639 -356.393
0.0144659 -356.594
0.0145679 -356.794
0.0146699 -356.992
0.0147719 -357.189
0.0148739 -357.385
0.0149758 -357.58
0.0150777 -357.773
0.0151797 -357.966
0.0152816 -358.157
0.0153835 -358.347
0.0154854 -358.535
0.0155872 -358.723
0.0156891 -358.909
0.0157909 -359.094
0.0158928 -359.279
0.0159946 -359.462
0.0160964 -359.644
0.0161982 -359.824
0.0163 -360.004
0.0164018 -360.183
0.0165036 -360.36
0.0166054 -360.537
0.0167071 -360.712
0.0168089 -360.887
0.0169106 -361.06
0.0170123 -361.233
0.017114 -361.404
0.0172157 -361.575
0.0173174 -361.744
0.0174191 -361.913
0.0175208 -362.08
0.0176225 -362.247
0.0177241 -362.412
0.0178258 -362.577
0.0179274 -362.741
0.018029 -362.904
0.0181307 -363.066
0.0182323 -363.227
0.0183339 -363.387
0.0184355 -363.546
0.018537 -363.704
0.0186386 -363.862
0.0187402 -364.018
0.0188417 -364.174
0.0189433 -364.329
0.0190448 -364.483
0.0191464 -364.636
0.0192479 -364.788
0.0193494 -364.94
0.0194509 -365.091
0.0195524 -365.241
0.0196539 -365.39
0.0197554 -365.538
0.0198569 -365.686
0.0199583 -365.832
0.0200598 -365.978
0.0201612 -366.124
0.0202627 -366.268
0.0203641 -366.412
0.0204655 -366.555
0.020567 -366.697
0.0206684 -366.838
0.0207698 -366.979
0.0208712 -367.119
0.0209726 -367.258
0.021074 -367.397
0.0211753 -367.535
0.0212767 -367.672
0.0213781 -367.809
0.0214794 -367.944
0.0215808 -368.079
0.0216821 -368.214
0.0217835 -368.348
0.0218848 -368.481
0.0219861 -368.613
0.0220875 -368.745
0.0221888 -368.876
0.0222901 -369.007
0.0223914 -369.137
0.0224927 -369.266
0.0225939 -369.394
0.0226952 -369.522
0.0227965 -369.65
0.0228978 -369.777
0.022999 -369.903
0.0231003 -370.028
0.0232015 -370.153
0.0233028 -370.278
0.023404 -370.401
0.0235052 -370.525
0.0236065 -370.647
0.0237077 -370.769
0.0238089 -370.891
0.0239101 -371.012
0.0240113 -371.132
0.0241125 -371.252
0.0242137 -371.371
0.0243149 -371.49
0.0244161 -371.608
0.0245173 -371.726
0.0246184 -371.843
0.0247196 -371.959
0.0248208 -372.075
0.0249219 -372.191
0.0250231 -372.306
0.0251242 -372.42
0.0252253 -372.534
0.0253265 -372.648
0.0254276 -372.76
0.0255287 -372.873
0.0256298 -372.985
0.025731 -373.096
0.0258321 -373.207
0.0259332 -373.318
0.0260343 -373.428
0.0261354 -373.537
0.0262365 -373.646
0.0263375 -373.755
0.0264386 -373.863
0.0265397 -373.971
0.0266408 -374.078
0.0267418 -374.185
0.0268429 -374.291
0.026944 -374.397
0.027045 -374.502
0.0271461 -374.607
0.0272471 -374.712
0.0273482 -374.816
0.0274492 -374.919
0.0275502 -375.023
0.0276513 -375.125
0.0277523 -375.228
0.0278533 -375.33
0.0279543 -375.431
0.0280553 -375.532
0.0281563 -375.633
0.0282573 -375.733
0.0283583 -375.833
0.0284593 -375.933
0.0285603 -376.032
0.0286613 -376.131
0.0287623 -376.229
0.0271046 -310.45
0.0254717 -247.173
0.0238701 -187.006
0.0223042 -130.419
0.0207779 -77.786
0.0192937 -29.3742
0.0178533 14.6665
0.0164568 54.317
0.0151031 89.6869
0.01379 120.998
0.0125145 148.555
0.0112729 172.715
0.0100615 193.853
0.00887659 212.341
0.00771474 228.526
0.00657276 242.724
0.00544785 255.214
0.0043376 266.24
0.0032399 276.01
0.00215299 284.701
0.00107536 292.464
5.74268e-06 299.426
-0.00105695 305.695
-0.00211362 311.362
-0.00316505 316.505
-0.00421189 321.189
-0.0052547 325.47
-0.00629397 329.397
-0.00733009 333.009
-0.00836343 336.343
-0.00939429 339.429
-0.0104229 342.294
-0.0114496 344.96
-0.0124745 347.447
-0.0134977 349.774
-0.0145196 351.955
-0.01554 354.005
-0.0165593 355.934
-0.0175775 357.755
-0.0185948 359.476
-0.0196111 361.106
-0.0206265 362.652
-0.0216412 364.121
-0.0226552 365.52
-0.0236685 366.853
-0.0246813 368.126
-0.0256934 369.343
-0.0267051 370.509
-0.0277163 371.626
-0.028727 372.698
-0.0297373 373.729
-0.0307472 374.721
-0.0317568 375.677
-0.032766 376.598
-0.0337749 377.488
-0.0347835 378.347
-0.0357918 379.179
-0.0367998 379.984
-0.0378076 380.765
-0.0388152 381.522
-0.0371594 315.571
-0.0355269 252.694
-0.0339278 192.775
-0.032365 136.499
-0.0308421 84.2131
-0.0293616 36.1602
-0.0279246 -7.53553
-0.0265312 -46.8777
-0.0251801 -81.9927
-0.0238689 -113.112
-0.0225946 -140.543
-0.0213536 -164.64
-0.0201423 -185.771
-0.018957 -204.297
-0.0177944 -220.557
-0.0166514 -234.859
-0.0155253 -247.473
-0.0144136 -258.635
-0.0133145 -268.55
-0.0122261 -277.39
-0.011147 -285.303
-0.0100758 -292.415
-0.00901168 -298.832
-0.00795357 -304.643
-0.00690075 -309.925
-0.00585256 -314.744
-0.00480845 -319.155
-0.00376795 -323.205
-0.00273063 -326.937
-0.00169614 -330.386
-0.000664189 -333.581
0.000365502 -336.55
0.00139316 -339.316
0.00241899 -341.899
0.00344318 -344.318
0.00446586 -346.586
0.0054872 -348.72
0.00650729 -350.729
0.00752627 -352.627
0.00854421 -354.421
0.00956121 -356.121
0.0105774 -357.735
0.0115927 -359.269
0.0126073 -360.73
0.0136212 -362.123
0.0146345 -363.454
0.0156473 -364.726
0.0166594 -365.945
0.0176711 -367.113
0.0186823 -368.235
0.0196931 -369.313
0.0207035 -370.351
0.0217135 -371.351
0.0227231 -372.315
0.0237325 -373.246
0.0247415 -374.145
0.0257502 -375.015
0.0267586 -375.858
0.0277667 -376.674
0.0287747 -377.466
0.0297824 -378.235
0.0307898 -378.982
0.0317971 -379.708
0.0328041 -380.415
0.033811 -381.103
0.0348177 -381.773
0.0358243 -382.427
0.0368306 -383.065
0.0378369 -383.688
0.038843 -384.296
0.0371911 -317.76
0.0355562 -255.625
0.0339587 -195.871
0.032398 -139.798
0.0308774 -87.7359
0.0293991 -39.911
0.0279643 3.56988
0.0265728 42.7245
0.0252231 77.6898
0.023913 108.702
0.0226393 136.071
0.0213985 160.146
0.0201871 181.291
0.0190014 199.861
0.0178381 216.189
0.0166943 230.574
0.0155672 243.285
0.0144545 254.552
0.0133542 264.575
0.0122647 273.526
0.0111845 281.551
0.0101123 288.773
0.00904704 295.296
0.00798788 301.212
0.00693404 306.596
0.00588488 311.512
0.00483983 316.017
0.00379842 320.158
0.00276024 323.976
0.00172493 327.507
0.00069219 330.781
-0.000338256 333.826
-0.00136664 336.664
-0.00239316 339.316
-0.003418 341.8
-0.00444132 344.132
-0.00546325 346.325
-0.00648393 348.393
-0.00750345 350.345
-0.00852193 352.193
-0.00953944 353.944
-0.0105561 355.606
-0.0115719 357.187
-0.0125869 358.693
-0.0136013 360.129
-0.014615 361.501
-0.0156281 362.813
-0.0166407 364.07
-0.0176528 365.275
-0.0186643 366.433
-0.0196755 367.545
-0.0206862 368.616
-0.0216965 369.648
-0.0227064 370.643
-0.023716 371.603
-0.0247253 372.532
-0.0257343 373.43
-0.026743 374.299
-0.0277514 375.142
-0.0287596 375.959
-0.0297675 376.752
-0.0307752 377.523
-0.0317827 378.272
-0.03279 379.001
-0.0337971 379.71
-0.034804 380.402
-0.0358108 381.076
-0.0368173 381.734
-0.0378238 382.376
-0.03883 383.003
-0.0398362 383.616
-0.0408422 384.216
-0.041848 384.803
-0.0428538 385.377
-0.0438594 385.94
-0.0448649 386.492
-0.0458703 387.033
-0.0468756 387.563
-0.0478808 388.084
-0.048886 388.596
-0.0472297 322.929
-0.0456004 260.035
-0.044004 200.4
-0.0424447 144.47
-0.0409256 92.5639
-0.039449 44.8955
-0.0380156 1.55981
-0.0366253 -37.4707
-0.0352766 -72.3398
-0.0339671 -103.288
-0.0326938 -130.623
-0.0314531 -154.693
-0.0302414 -175.859
-0.0290553 -194.47
-0.0278915 -210.855
-0.0267469 -225.309
-0.025619 -238.096
-0.0245055 -249.445
-0.0234045 -259.553
-0.0223141 -268.59
-0.021233 -276.7
-0.0201599 -284.006
-0.0190939 -290.612
-0.0180339 -296.608
-0.0169793 -302.068
-0.0159294 -307.059
-0.0148837 -311.635
-0.0138416 -315.844
-0.0128027 -319.727
-0.0117668 -323.321
-0.0107335 -326.655
-0.00970244 -329.756
-0.00867351 -332.649
-0.00764647 -335.353
-0.00662113 -337.887
-0.00559733 -340.267
-0.00457494 -342.506
-0.00355383 -344.617
-0.00253389 -346.611
-0.00151501 -348.499
-0.000497118 -350.288
0.000519874 -351.987
0.00153604 -353.604
0.00255143 -355.143
0.00356612 -356.612
0.00458015 -358.015
0.00559358 -359.358
0.00660644 -360.644
0.00761877 -361.877
0.00863061 -363.061
0.009642 -364.2
0.010653 -365.295
0.0116635 -366.351
0.0126737 -367.37
0.0136835 -368.353
0.014693 -369.303
0.0157022 -370.222
0.0167111 -371.112
0.0177197 -371.974
0.0187281 -372.81
0.0197362 -373.622
0.0207441 -374.411
0.0217518 -375.177
0.0227592 -375.923
0.0237665 -376.649
0.0247736 -377.357
0.0257805 -378.046
0.0267872 -378.719
0.0277938 -379.376
0.0288002 -380.017
0.0298064 -380.644
0.0308126 -381.258
0.0318186 -381.857
0.0328244 -382.445
0.0338302 -383.02
0.0348358 -383.584
0.0358414 -384.136
0.0368468 -384.679
0.0378521 -385.211
0.0388573 -385.733
0.0398625 -386.246
0.0408675 -386.751
0.0418725 -387.247
0.0428773 -387.734
0.0438821 -388.214
0.0448869 -388.686
0.0458915 -389.151
0.0468961 -389.609
0.0479006 -390.061
0.0489051 -390.505
0.0472489 -324.894
0.0456203 -262.029
0.0440248 -202.482
0.0424666 -146.658
0.0409487 -94.8667
0.0394731 -47.312
0.0380408 -4.08065
0.0366514 34.8623
0.0353033 69.6652
0.0339943 100.57
0.0327211 127.887
0.0314804 151.96
0.0302685 173.147
0.0290821 191.795
0.0279177 208.227
0.0267726 222.738
0.0256441 235.587
0.02453 247.001
0.0234282 257.177
0.0223372 266.282
0.0212554 274.459
0.0201817 281.831
0.019115 288.502
0.0180544 294.56
0.0169992 300.081
0.0159487 305.129
0.0149024 309.761
0.0138598 314.024
0.0128204 317.958
0.011784 321.6
0.0107502 324.981
0.00971872 328.128
0.00868937 331.063
0.00766192 333.808
0.00663619 336.381
0.00561202 338.798
0.00458928 341.072
0.00356782 343.218
0.00254755 345.245
0.00152837 347.163
0.000510171 348.983
-0.000507109 350.711
-0.00152355 352.355
-0.00253921 353.921
-0.00355415 355.415
-0.00456843 356.843
-0.00558209 358.209
-0.00659517 359.517
-0.00760773 360.773
-0.00861978 361.978
-0.00963137 363.137
-0.0106425 364.252
-0.0116533 365.327
-0.0126636 366.364
-0.0136736 367.364
-0.0146833 368.332
-0.0156927 369.267
-0.0167017 370.173
-0.0177105 371.051
-0.018719 371.902
-0.0197273 372.728
-0.0207353 373.531
-0.0217431 374.311
-0.0227507 375.07
-0.0237581 375.809
-0.0247653 376.529
-0.0257723 377.231
-0.0267792 377.916
-0.0277858 378.584
-0.0287924 379.236
-0.0297987 379.874
-0.030805 380.498
-0.0318111 381.108
-0.0328171 381.705
-0.0338229 382.29
-0.0348286 382.864
-0.0358343 383.426
-0.0368398 383.977
-0.0378452 384.518
-0.0388505 385.049
-0.0398557 385.57
-0.0408608 386.083
-0.0418659 386.587
-0.0428708 387.082
-0.0438757 387.57
-0.0448805 388.049
-0.0458852 388.522
-0.0468899 388.987
-0.0478945 389.445
-0.048899 389.897
-0.0499034 390.342
-0.0509078 390.781
-0.0519121 391.214
-0.0529164 391.642
-0.0539206 392.064
-0.0549248 392.481
-0.0559289 392.892
-0.056933 393.299
-0.057937 393.701
-0.058941 394.098
-0.0572856 328.39
-0.0556569 265.688
-0.0540621 206.209
-0.0525047 150.466
-0.0509876 98.7626
-0.0495129 51.2942
-0.0480814 8.14116
-0.0466926 -30.7369
-0.0453451 -65.4919
-0.0440363 -96.3679
-0.0427633 -123.673
-0.0415225 -147.752
-0.0403104 -168.959
-0.0391236 -187.638
-0.0379589 -204.111
-0.0368133 -218.668
-0.0356843 -231.568
-0.0345696 -243.036
-0.0334673 -253.266
-0.0323757 -262.426
-0.0312934 -270.658
-0.0302192 -278.083
-0.0291519 -284.806
-0.0280909 -290.914
-0.0270352 -296.484
-0.0259842 -301.579
-0.0249374 -306.256
-0.0238944 -310.561
-0.0228546 -314.537
-0.0218178 -318.218
-0.0207836 -321.637
-0.0197518 -324.819
-0.0187221 -327.789
-0.0176943 -330.566
-0.0166683 -333.171
-0.0156438 -335.617
-0.0146208 -337.921
-0.0135991 -340.093
-0.0125785 -342.147
-0.0115591 -344.091
-0.0105407 -345.934
-0.00952315 -347.685
-0.00850649 -349.351
-0.00749061 -350.939
-0.00647547 -352.453
-0.00546099 -353.901
-0.00444714 -355.286
-0.00343387 -356.613
-0.00242115 -357.885
-0.00140892 -359.108
-0.000397172 -360.283
0.000614139 -361.414
0.00162504 -362.504
0.00263555 -363.555
0.0036457 -364.57
0.00465551 -365.551
0.005665 -366.5
0.00667419 -367.419
0.00768309 -368.309
0.00869172 -369.172
0.0097001 -370.01
0.0107082 -370.824
0.0117162 -371.615
0.0127239 -372.385
0.0137313 -373.134
0.0147386 -373.864
0.0157458 -374.576
0.0167527 -375.27
0.0177595 -375.947
0.0187661 -376.609
0.0197726 -377.255
0.0207789 -377.888
0.0217851 -378.506
0.0227911 -379.111
0.023797 -379.704
0.0248029 -380.285
0.0258085 -380.855
0.0268141 -381.413
0.0278196 -381.961
0.028825 -382.499
0.0298303 -383.027
0.0308355 -383.547
0.0318406 -384.057
0.0328456 -384.559
0.0338505 -385.052
0.0348554 -385.538
0.0358602 -386.016
0.0368649 -386.487
0.0378695 -386.951
0.0388741 -387.408
0.0398786 -387.859
0.040883 -388.303
0.0418874 -388.741
0.0428917 -389.174
0.043896 -389.601
0.0449002 -390.023
0.0459044 -390.439
0.0469085 -390.85
0.0479126 -391.256
0.0489166 -391.658
0.0499206 -392.055
0.0509245 -392.448
0.0519284 -392.836
0.0529322 -393.22
0.053936 -393.601
0.052275 -328.946
0.0506522 -265.22
0.0490577 -205.772
0.0475007 -150.067
0.045984 -98.4046
0.0445098 -50.978
0.0430786 -7.86429
0.0416902 30.9792
0.0403429 65.7064
0.0390344 96.5619
0.0377615 123.854
0.0365207 147.928
0.0353086 169.135
0.0341218 187.82
0.032957 204.303
0.0318113 218.874
0.0306821 231.789
0.0295673 243.274
0.0284648 253.523
0.027373 262.701
0.0262905 270.952
0.025216 278.396
0.0241486 285.138
0.0230874 291.264
0.0220315 296.851
0.0209804 301.964
0.0199334 306.657
0.0188902 310.978
0.0178503 314.97
0.0168133 318.666
0.015779 322.098
0.0147471 325.294
0.0137172 328.277
0.0126893 331.067
0.0116632 333.683
0.0106386 336.141
0.00961544 338.456
0.00859361 340.639
0.00757298 342.702
0.00655344 344.656
0.00553491 346.509
0.00451731 348.269
0.00350056 349.944
0.00248461 351.539
0.00146938 353.062
0.000454828 354.517
-0.000559095 355.909
-0.00157243 357.243
-0.00258523 358.523
-0.00359752 359.752
