-0.109091 -0.1
-0.218182 -0.2
-0.327273 -0.3
-0.436364 -0.4
-0.545455 -0.5
-0.654545 -0.6
-0.763636 -0.7
-0.872727 -0.8
-0.981818 -0.9
-1.09091 -1
-1.2 -1.1
-1.3 -1.2
-1.4 -1.3
-1.5 -1.4
-1.6 -1.5
-1.7 -1.6
-1.8 -1.7
-1.9 -1.8
-2 -1.9
-2.1 -2
-2.2 -2.1
-2.3 -2.2
-2.4 -2.3
-2.5 -2.4
-2.6 -2.5
-2.7 -2.6
-2.8 -2.7
-2.9 -2.8
-3 -2.9
-3.1 -3
-3.2 -3.1
-3.3 -3.2
-3.4 -3.3
-3.5 -3.4
-3.6 -3.5
-3.7 -3.6
-3.8 -3.7
-3.9 -3.8
-4 -3.9
-4.1 -4
-4.2 -4.1
-4.3 -4.2
-4.4 -4.3
-4.5 -4.4
-4.6 -4.5
-4.7 -4.6
-4.8 -4.7
-4.9 -4.8
-5 -4.9
-5.1 -5
-4.99091 -4.9
-4.88182 -4.8
-4.77273 -4.7
-4.66364 -4.6
-4.55455 -4.5
-4.44545 -4.4
-4.33636 -4.3
-4.22727 -4.2
-4.11818 -4.1
-4.00909 -4
-3.9 -3.9
-3.79091 -3.8
-3.68182 -3.7
-3.57273 -3.6
-3.46364 -3.5
-3.35455 -3.4
-3.24545 -3.3
-3.13636 -3.2
-3.02727 -3.1
-2.91818 -3
-2.80909 -2.9
-2.7 -2.8
-2.6 -2.7
-2.5 -2.6
-2.4 -2.5
-2.3 -2.4
-2.2 -2.3
-2.1 -2.2
-2 -2.1
-1.9 -2
-1.8 -1.9
-1.7 -1.8
-1.6 -1.7
-1.5 -1.6
-1.4 -1.5
-1.3 -1.4
-1.2 -1.3
-1.1 -1.2
-1 -1.1
-0.9 -1
-0.8 -0.9
-0.7 -0.8
-0.6 -0.7
-0.5 -0.6
-0.4 -0.5
-0.3 -0.4
-0.2 -0.3
-0.1 -0.2
6.33125e-16 -0.1
0.1 6.38378e-16
0.2 0.1
0.3 0.2
0.4 0.3
0.5 0.4
0.6 0.5
0.7 0.6
0.8 0.7
0.9 0.8
1 0.9
1.1 1
1.2 1.1
1.3 1.2
1.4 1.3
1.5 1.4
1.6 1.5
1.7 1.6
1.8 1.7
1.9 1.8
2 1.9
2.1 2
2.2 2.1
2.3 2.2
2.4 2.3
2.5 2.4
2.6 2.5
2.7 2.6
2.8 2.7
2.9 2.8
3 2.9
3.1 3
3.2 3.1
3.3 3.2
3.4 3.3
3.5 3.4
3.6 3.5
3.7 3.6
3.8 3.7
3.9 3.8
4 3.9
4.1 4
4.2 4.1
4.3 4.2
4.4 4.3
4.5 4.4
4.6 4.5
4.7 4.6
4.8 4.7
4.9 4.8
5 4.9
5.1 5
4.99091 4.9
4.88182 4.8
4.77273 4.7
4.66364 4.6
4.55455 4.5
4.44545 4.4
4.33636 4.3
4.22727 4.2
4.11818 4.1
4.00909 4
3.9 3.9
3.79091 3.8
3.68182 3.7
3.57273 3.6
3.46364 3.5
3.35455 3.4
3.24545 3.3
3.13636 3.2
3.02727 3.1
2.91818 3
2.80909 2.9
2.7 2.8
2.6 2.7
2.5 2.6
2.4 2.5
2.3 2.4
2.2 2.3
2.1 2.2
2 2.1
1.9 2
1.8 1.9
1.7 1.8
1.6 1.7
1.5 1.6
1.4 1.5
1.3 1.4
1.2 1.3
1.1 1.2
1 1.1
0.9 1
0.8 0.9
0.7 0.8
0.6 0.7
0.5 0.6
0.4 0.5
0.3 0.4
0.2 0.3
0.1 0.2
1.4309e-16 0.1
-0.1 1.38778e-16
-0.2 -0.1
-0.3 -0.2
-0.4 -0.3
-0.5 -0.4
-0.6 -0.5
-0.7 -0.6
-0.8 -0.7
-0.9 -0.8
-1 -0.9
-1.1 -1
-1.2 -1.1
-1.3 -1.2
-1.4 -1.3
-1.5 -1.4
-1.6 -1.5
-1.7 -1.6
-1.8 -1.7
-1.9 -1.8
-2 -1.9
-2.1 -2
-2.2 -2.1
-2.3 -2.2
-2.4 -2.3
-2.5 -2.4
-2.6 -2.5
-2.7 -2.6
-2.8 -2.7
-2.9 -2.8
-3 -2.9
-3.1 -3
-3.2 -3.1
-3.3 -3.2
-3.4 -3.3
-3.5 -3.4
-3.6 -3.5
-3.7 -3.6
-3.8 -3.7
-3.9 -3.8
-4 -3.9
-4.1 -4
-4.2 -4.1
-4.3 -4.2
-4.4 -4.3
-4.5 -4.4
-4.6 -4.5
-4.7 -4.6
-4.8 -4.7
-4.9 -4.8
-5 -4.9
-5.1 -5
-5.2 -5.1
-5.3 -5.2
-5.4 -5.3
-5.5 -5.4
-5.6 -5.5
-5.7 -5.6
-5.8 -5.7
-5.9 -5.8
-6 -5.9
-6.1 -6
-6.2 -6.1
-6.3 -6.2
-6.4 -6.3
-6.5 -6.4
-6.6 -6.5
-6.7 -6.6
-6.8 -6.7
-6.9 -6.8
-7 -6.9
-7.1 -7
-7.2 -7.1
-7.3 -7.2
-7.4 -7.3
-7.5 -7.4
-7.6 -7.5
-7.7 -7.6
-7.8 -7.7
-7.9 -7.8
-8 -7.9
-8.1 -8
-8.2 -8.1
-8.3 -8.2
-8.4 -8.3
-8.5 -8.4
-8.6 -8.5
-8.7 -8.6
-8.8 -8.7
-8.9 -8.8
-9 -8.9
-9.1 -9
-9.2 -9.1
-9.3 -9.2
-9.4 -9.3
-9.5 -9.4
-9.6 -9.5
-9.7 -9.6
-9.8 -9.7
-9.9 -9.8
-10 -9.9
-10.1 -10
-10.2 -10.1
-10.3 -10.2
-10.4 -10.3
-10.5 -10.4
-10.6 -10.5
-10.7 -10.6
-10.8 -10.7
-10.9 -10.8
-11 -10.9
-11.1 -11
-11.2 -11.1
-11.3 -11.2
-11.4 -11.3
-11.5 -11.4
-11.6 -11.5
-11.7 -11.6
-11.8 -11.7
-11.9 -11.8
-12 -11.9
-12.1 -12
-12.2 -12.1
-12.3 -12.2
-12.4 -12.3
-12.5 -12.4
-12.6 -12.5
-12.7 -12.6
-12.8 -12.7
-12.9 -12.8
-13 -12.9
-13.1 -13
-13.2 -13.1
-13.3 -13.2
-13.4 -13.3
-13.5 -13.4
-13.6 -13.5
-13.7 -13.6
-13.8 -13.7
-13.9 -13.8
-14 -13.9
-14.1 -14
-14.2 -14.1
-14.3 -14.2
-14.4 -14.3
-14.5 -14.4
-14.6 -14.5
-14.7 -14.6
-14.8 -14.7
-14.9 -14.8
-15 -14.9
-15.1 -15
-14.9909 -14.9
-14.8818 -14.8
-14.7727 -14.7
-14.6636 -14.6
-14.5545 -14.5
-14.4455 -14.4
-14.3364 -14.3
-14.2273 -14.2
-14.1182 -14.1
-14.0091 -14
-13.9 -13.9
-13.7909 -13.8
-13.6818 -13.7
-13.5727 -13.6
-13.4636 -13.5
-13.3545 -13.4
-13.2455 -13.3
-13.1364 -13.2
-13.0273 -13.1
-12.9182 -13
-12.8091 -12.9
-12.7 -12.8
-12.6 -12.7
-12.5 -12.6
-12.4 -12.5
-12.3 -12.4
-12.2 -12.3
-12.1 -12.2
-12 -12.1
-11.9 -12
-11.8 -11.9
-11.7 -11.8
-11.6 -11.7
-11.5 -11.6
-11.4 -11.5
-11.3 -11.4
-11.2 -11.3
-11.1 -11.2
-11 -11.1
-10.9 -11
-10.8 -10.9
-10.7 -10.8
-10.6 -10.7
-10.5 -10.6
-10.4 -10.5
-10.3 -10.4
-10.2 -10.3
-10.1 -10.2
-10 -10.1
-9.9 -10
-9.8 -9.9
-9.7 -9.8
-9.6 -9.7
-9.5 -9.6
-9.4 -9.5
-9.3 -9.4
-9.2 -9.3
-9.1 -9.2
-9 -9.1
-8.9 -9
-8.8 -8.9
-8.7 -8.8
-8.6 -8.7
-8.5 -8.6
-8.4 -8.5
-8.3 -8.4
-8.2 -8.3
-8.1 -8.2
-8 -8.1
-7.9 -8
-7.8 -7.9
-7.7 -7.8
-7.6 -7.7
-7.5 -7.6
-7.4 -7.5
-7.3 -7.4
-7.2 -7.3
-7.1 -7.2
-7 -7.1
-6.9 -7
-6.8 -6.9
-6.7 -6.8
-6.6 -6.7
-6.5 -6.6
-6.4 -6.5
-6.3 -6.4
-6.2 -6.3
-6.1 -6.2
-6 -6.1
-5.9 -6
-5.8 -5.9
-5.7 -5.8
-5.6 -5.7
-5.5 -5.6
-5.4 -5.5
-5.3 -5.4
-5.2 -5.3
-5.1 -5.2
-5 -5.1
-4.9 -5
-4.8 -4.9
-4.7 -4.8
-4.6 -4.7
-4.5 -4.6
-4.4 -4.5
-4.3 -4.4
-4.2 -4.3
-4.1 -4.2
-4 -4.1
-3.9 -4
-3.8 -3.9
-3.7 -3.8
-3.6 -3.7
-3.5 -3.6
-3.4 -3.5
-3.3 -3.4
-3.2 -3.3
-3.1 -3.2
-3 -3.1
-2.9 -3
-2.8 -2.9
-2.7 -2.8
-2.6 -2.7
-2.5 -2.6
-2.4 -2.5
-2.3 -2.4
-2.2 -2.3
-2.1 -2.2
-2 -2.1
-1.9 -2
-1.8 -1.9
-1.7 -1.8
-1.6 -1.7
-1.5 -1.6
-1.4 -1.5
-1.3 -1.4
-1.2 -1.3
-1.1 -1.2
-1 -1.1
-0.9 -1
-0.8 -0.9
-0.7 -0.8
-0.6 -0.7
-0.5 -0.6
-0.4 -0.5
-0.3 -0.4
-0.2 -0.3
-0.1 -0.2
6.33125e-16 -0.1
0.1 6.38378e-16
0.2 0.1
0.3 0.2
0.4 0.3
0.5 0.4
0.6 0.5
0.7 0.6
0.8 0.7
0.9 0.8
1 0.9
1.1 1
1.2 1.1
1.3 1.2
1.4 1.3
1.5 1.4
1.6 1.5
1.7 1.6
1.8 1.7
1.9 1.8
2 1.9
2.1 2
2.2 2.1
2.3 2.2
2.4 2.3
2.5 2.4
2.6 2.5
2.7 2.6
2.8 2.7
2.9 2.8
3 2.9
3.1 3
3.2 3.1
3.3 3.2
3.4 3.3
3.5 3.4
3.6 3.5
3.7 3.6
3.8 3.7
3.9 3.8
4 3.9
4.1 4
4.2 4.1
4.3 4.2
4.4 4.3
4.5 4.4
4.6 4.5
4.7 4.6
4.8 4.7
4.9 4.8
5 4.9
5.1 5
5.2 5.1
5.3 5.2
5.4 5.3
5.5 5.4
5.6 5.5
5.7 5.6
5.8 5.7
5.9 5.8
6 5.9
6.1 6
6.2 6.1
6.3 6.2
6.4 6.3
6.5 6.4
6.6 6.5
6.7 6.6
6.8 6.7
6.9 6.8
7 6.9
7.1 7
7.2 7.1
7.3 7.2
7.4 7.3
7.5 7.4
7.6 7.5
7.7 7.6
7.8 7.7
7.9 7.8
8 7.9
8.1 8
8.2 8.1
8.3 8.2
8.4 8.3
8.5 8.4
8.6 8.5
8.7 8.6
8.8 8.7
8.9 8.8
9 8.9
9.1 9
9.2 9.1
9.3 9.2
9.4 9.3
9.5 9.4
9.6 9.5
9.7 9.6
9.8 9.7
9.9 9.8
10 9.9
10.1 10
10.2 10.1
10.3 10.2
10.4 10.3
10.5 10.4
10.6 10.5
10.7 10.6
10.8 10.7
10.9 10.8
11 10.9
11.1 11
11.2 11.1
11.3 11.2
11.4 11.3
11.5 11.4
11.6 11.5
11.7 11.6
11.8 11.7
11.9 11.8
12 11.9
12.1 12
12.2 12.1
12.3 12.2
12.4 12.3
12.5 12.4
12.6 12.5
12.7 12.6
12.8 12.7
12.9 12.8
13 12.9
13.1 13
13.2 13.1
13.3 13.2
13.4 13.3
13.5 13.4
13.6 13.5
13.7 13.6
13.8 13.7
13.9 13.8
14 13.9
14.1 14
14.2 14.1
14.3 14.2
14.4 14.3
14.5 14.4
14.6 14.5
14.7 14.6
14.8 14.7
14.9 14.8
15 14.9
15.1 15
14.9909 14.9
14.8818 14.8
14.7727 14.7
14.6636 14.6
14.5545 14.5
14.4455 14.4
14.3364 14.3
14.2273 14.2
14.1182 14.1
14.0091 14
13.9 13.9
13.7909 13.8
13.6818 13.7
13.5727 13.6
13.4636 13.5
13.3545 13.4
13.2455 13.3
13.1364 13.2
13.0273 13.1
12.9182 13
12.8091 12.9
12.7 12.8
12.6 12.7
12.5 12.6
12.4 12.5
12.3 12.4
12.2 12.3
12.1 12.2
12 12.1
11.9 12
11.8 11.9
11.7 11.8
11.6 11.7
11.5 11.6
11.4 11.5
11.3 11.4
11.2 11.3
11.1 11.2
11 11.1
10.9 11
10.8 10.9
10.7 10.8
10.6 10.7
10.5 10.6
10.4 10.5
10.3 10.4
10.2 10.3
10.1 10.2
10 10.1
9.9 10
9.8 9.9
9.7 9.8
9.6 9.7
9.5 9.6
9.4 9.5
9.3 9.4
9.2 9.3
9.1 9.2
9 9.1
8.9 9
8.8 8.9
8.7 8.8
8.6 8.7
8.5 8.6
8.4 8.5
8.3 8.4
8.2 8.3
8.1 8.2
8 8.1
7.9 8
7.8 7.9
7.7 7.8
7.6 7.7
7.5 7.6
7.4 7.5
7.3 7.4
7.2 7.3
7.1 7.2
7 7.1
6.9 7
6.8 6.9
6.7 6.8
6.6 6.7
6.5 6.6
6.4 6.5
6.3 6.4
6.2 6.3
6.1 6.2
6 6.1
5.9 6
5.8 5.9
5.7 5.8
5.6 5.7
5.5 5.6
5.4 5.5
5.3 5.4
5.2 5.3
5.1 5.2
5 5.1
4.9 5
4.8 4.9
4.7 4.8
4.6 4.7
4.5 4.6
4.4 4.5
4.3 4.4
4.2 4.3
4.1 4.2
4 4.1
3.9 4
3.8 3.9
3.7 3.8
3.6 3.7
3.5 3.6
3.4 3.5
3.3 3.4
3.2 3.3
3.1 3.2
3 3.1
2.9 3
2.8 2.9
2.7 2.8
2.6 2.7
2.5 2.6
2.4 2.5
2.3 2.4
2.2 2.3
2.1 2.2
2 2.1
1.9 2
1.8 1.9
1.7 1.8
1.6 1.7
1.5 1.6
1.4 1.5
1.3 1.4
1.2 1.3
1.1 1.2
1 1.1
0.9 1
0.8 0.9
0.7 0.8
0.6 0.7
0.5 0.6
0.4 0.5
0.3 0.4
0.2 0.3
0.1 0.2
1.02978e-15 0.1
-0.1 1.02696e-15
-0.2 -0.1
-0.3 -0.2
-0.4 -0.3
-0.5 -0.4
-0.6 -0.5
-0.7 -0.6
-0.8 -0.7
-0.9 -0.8
-1 -0.9
-1.1 -1
-1.2 -1.1
-1.3 -1.2
-1.4 -1.3
-1.5 -1.4
-1.6 -1.5
-1.7 -1.6
-1.8 -1.7
-1.9 -1.8
-2 -1.9
-2.1 -2
-2.2 -2.1
-2.3 -2.2
-2.4 -2.3
-2.5 -2.4
-2.6 -2.5
-2.7 -2.6
-2.8 -2.7
-2.9 -2.8
-3 -2.9
-3.1 -3
-3.2 -3.1
-3.3 -3.2
-3.4 -3.3
-3.5 -3.4
-3.6 -3.5
-3.7 -3.6
-3.8 -3.7
-3.9 -3.8
-4 -3.9
-4.1 -4
-4.2 -4.1
-4.3 -4.2
-4.4 -4.3
-4.5 -4.4
-4.6 -4.5
-4.7 -4.6
-4.8 -4.7
-4.9 -4.8
-5 -4.9
-5.1 -5
-5.2 -5.1
-5.3 -5.2
-5.4 -5.3
-5.5 -5.4
-5.6 -5.5
-5.7 -5.6
-5.8 -5.7
-5.9 -5.8
-6 -5.9
-6.1 -6
-6.2 -6.1
-6.3 -6.2
-6.4 -6.3
-6.5 -6.4
-6.6 -6.5
-6.7 -6.6
-6.8 -6.7
-6.9 -6.8
-7 -6.9
-7.1 -7
-7.2 -7.1
-7.3 -7.2
-7.4 -7.3
-7.5 -7.4
-7.6 -7.5
-7.7 -7.6
-7.8 -7.7
-7.9 -7.8
-8 -7.9
-8.1 -8
-8.2 -8.1
-8.3 -8.2
-8.4 -8.3
-8.5 -8.4
-8.6 -8.5
-8.7 -8.6
-8.8 -8.7
-8.9 -8.8
-9 -8.9
-9.1 -9
-9.2 -9.1
-9.3 -9.2
-9.4 -9.3
-9.5 -9.4
-9.6 -9.5
-9.7 -9.6
-9.8 -9.7
-9.9 -9.8
-10 -9.9
-10.1 -10
-10.2 -10.1
-10.3 -10.2
-10.4 -10.3
-10.5 -10.4
-10.6 -10.5
-10.7 -10.6
-10.8 -10.7
-10.9 -10.8
-11 -10.9
-11.1 -11
-11.2 -11.1
-11.3 -11.2
-11.4 -11.3
-11.5 -11.4
-11.6 -11.5
-11.7 -11.6
-11.8 -11.7
-11.9 -11.8
-12 -11.9
-12.1 -12
-12.2 -12.1
-12.3 -12.2
-12.4 -12.3
-12.5 -12.4
-12.6 -12.5
-12.7 -12.6
-12.8 -12.7
-12.9 -12.8
-13 -12.9
-13.1 -13
-13.2 -13.1
-13.3 -13.2
-13.4 -13.3
-13.5 -13.4
-13.6 -13.5
-13.7 -13.6
-13.8 -13.7
-13.9 -13.8
-14 -13.9
-14.1 -14
-14.2 -14.1
-14.3 -14.2
-14.4 -14.3
-14.5 -14.4
-14.6 -14.5
-14.7 -14.6
-14.8 -14.7
-14.9 -14.8
-15 -14.9
-15.1 -15
-15.2 -15.1
-15.3 -15.2
-15.4 -15.3
-15.5 -15.4
-15.6 -15.5
-15.7 -15.6
-15.8 -15.7
-15.9 -15.8
-16 -15.9
-16.1 -16
-16.2 -16.1
-16.3 -16.2
-16.4 -16.3
-16.5 -16.4
-16.6 -16.5
-16.7 -16.6
-16.8 -16.7
-16.9 -16.8
-17 -16.9
-17.1 -17
-17.2 -17.1
-17.3 -17.2
-17.4 -17.3
-17.5 -17.4
-17.6 -17.5
-17.7 -17.6
-17.8 -17.7
-17.9 -17.8
-18 -17.9
-18.1 -18
-18.2 -18.1
-18.3 -18.2
-18.4 -18.3
-18.5 -18.4
-18.6 -18.5
-18.7 -18.6
-18.8 -18.7
-18.9 -18.8
-19 -18.9
-19.1 -19
-19.2 -19.1
-19.3 -19.2
-19.4 -19.3
-19.5 -19.4
-19.6 -19.5
-19.7 -19.6
-19.8 -19.7
-19.9 -19.8
-20 -19.9
-20.1 -20
-20.2 -20.1
-20.3 -20.2
-20.4 -20.3
-20.5 -20.4
-20.6 -20.5
-20.7 -20.6
-20.8 -20.7
-20.9 -20.8
-21 -20.9
-21.1 -21
-21.2 -21.1
-21.3 -21.2
-21.4 -21.3
-21.5 -21.4
-21.6 -21.5
-21.7 -21.6
-21.8 -21.7
-21.9 -21.8
-22 -21.9
-22.1 -22
-22.2 -22.1
-22.3 -22.2
-22.4 -22.3
-22.5 -22.4
-22.6 -22.5
-22.7 -22.6
-22.8 -22.7
-22.9 -22.8
-23 -22.9
-23.1 -23
-23.2 -23.1
-23.3 -23.2
-23.4 -23.3
-23.5 -23.4
-23.6 -23.5
-23.7 -23.6
-23.8 -23.7
-23.9 -23.8
-24 -23.9
-24.1 -24
-24.2 -24.1
-24.3 -24.2
-24.4 -24.3
-24.5 -24.4
-24.6 -24.5
-24.7 -24.6
-24.8 -24.7
-24.9 -24.8
-25 -24.9
-25.1 -25
-24.9909 -24.9
-24.8818 -24.8
-24.7727 -24.7
-24.6636 -24.6
-24.5545 -24.5
-24.4455 -24.4
-24.3364 -24.3
-24.2273 -24.2
-24.1182 -24.1
-24.0091 -24
-23.9 -23.9
-23.7909 -23.8
-23.6818 -23.7
-23.5727 -23.6
-23.4636 -23.5
-23.3545 -23.4
-23.2455 -23.3
-23.1364 -23.2
-23.0273 -23.1
-22.9182 -23
-22.8091 -22.9
-22.7 -22.8
-22.6 -22.7
-22.5 -22.6
-22.4 -22.5
-22.3 -22.4
-22.2 -22.3
-22.1 -22.2
-22 -22.1
-21.9 -22
-21.8 -21.9
-21.7 -21.8
-21.6 -21.7
-21.5 -21.6
-21.4 -21.5
-21.3 -21.4
-21.2 -21.3
-21.1 -21.2
-21 -21.1
-20.9 -21
-20.8 -20.9
-20.7 -20.8
-20.6 -20.7
-20.5 -20.6
-20.4 -20.5
-20.3 -20.4
-20.2 -20.3
-20.1 -20.2
-20 -20.1
-19.9 -20
-19.8 -19.9
-19.7 -19.8
-19.6 -19.7
-19.5 -19.6
-19.4 -19.5
-19.3 -19.4
-19.2 -19.3
-19.1 -19.2
-19 -19.1
-18.9 -19
-18.8 -18.9
-18.7 -18.8
-18.6 -18.7
-18.5 -18.6
-18.4 -18.5
-18.3 -18.4
-18.2 -18.3
-18.1 -18.2
-18 -18.1
-17.9 -18
-17.8 -17.9
-17.7 -17.8
-17.6 -17.7
-17.5 -17.6
-17.4 -17.5
-17.3 -17.4
-17.2 -17.3
-17.1 -17.2
-17 -17.1
-16.9 -17
-16.8 -16.9
-16.7 -16.8
-16.6 -16.7
-16.5 -16.6
-16.4 -16.5
-16.3 -16.4
-16.2 -16.3
-16.1 -16.2
-16 -16.1
-15.9 -16
-15.8 -15.9
-15.7 -15.8
-15.6 -15.7
-15.5 -15.6
-15.4 -15.5
-15.3 -15.4
-15.2 -15.3
-15.1 -15.2
-15 -15.1
-14.9 -15
-14.8 -14.9
-14.7 -14.8
-14.6 -14.7
-14.5 -14.6
-14.4 -14.5
-14.3 -14.4
-14.2 -14.3
-14.1 -14.2
-14 -14.1
-13.9 -14
-13.8 -13.9
-13.7 -13.8
-13.6 -13.7
-13.5 -13.6
-13.4 -13.5
-13.3 -13.4
-13.2 -13.3
-13.1 -13.2
-13 -13.1
-12.9 -13
-12.8 -12.9
-12.7 -12.8
-12.6 -12.7
-12.5 -12.6
-12.4 -12.5
-12.3 -12.4
-12.2 -12.3
-12.1 -12.2
-12 -12.1
-11.9 -12
-11.8 -11.9
-11.7 -11.8
-11.6 -11.7
-11.5 -11.6
-11.4 -11.5
-11.3 -11.4
-11.2 -11.3
-11.1 -11.2
-11 -11.1
-10.9 -11
-10.8 -10.9
-10.7 -10.8
-10.6 -10.7
-10.5 -10.6
-10.4 -10.5
-10.3 -10.4
-10.2 -10.3
-10.1 -10.2
-10 -10.1
-9.9 -10
-9.8 -9.9
-9.7 -9.8
-9.6 -9.7
-9.5 -9.6
-9.4 -9.5
-9.3 -9.4
-9.2 -9.3
-9.1 -9.2
-9 -9.1
-8.9 -9
-8.8 -8.9
-8.7 -8.8
-8.6 -8.7
-8.5 -8.6
-8.4 -8.5
-8.3 -8.4
-8.2 -8.3
-8.1 -8.2
-8 -8.1
-7.9 -8
-7.8 -7.9
-7.7 -7.8
-7.6 -7.7
-7.5 -7.6
-7.4 -7.5
-7.3 -7.4
-7.2 -7.3
-7.1 -7.2
-7 -7.1
-6.9 -7
-6.8 -6.9
-6.7 -6.8
-6.6 -6.7
-6.5 -6.6
-6.4 -6.5
-6.3 -6.4
-6.2 -6.3
-6.1 -6.2
-6 -6.1
-5.9 -6
-5.8 -5.9
-5.7 -5.8
-5.6 -5.7
-5.5 -5.6
-5.4 -5.5
-5.3 -5.4
-5.2 -5.3
-5.1 -5.2
-5 -5.1
-4.9 -5
-4.8 -4.9
-4.7 -4.8
-4.6 -4.7
-4.5 -4.6
-4.4 -4.5
-4.3 -4.4
-4.2 -4.3
-4.1 -4.2
-4 -4.1
-3.9 -4
-3.8 -3.9
-3.7 -3.8
-3.6 -3.7
-3.5 -3.6
-3.4 -3.5
-3.3 -3.4
-3.2 -3.3
-3.1 -3.2
-3 -3.1
-2.9 -3
-2.8 -2.9
-2.7 -2.8
-2.6 -2.7
-2.5 -2.6
-2.4 -2.5
-2.3 -2.4
-2.2 -2.3
-2.1 -2.2
-2 -2.1
-1.9 -2
-1.8 -1.9
-1.7 -1.8
-1.6 -1.7
-1.5 -1.6
-1.4 -1.5
-1.3 -1.4
-1.2 -1.3
-1.1 -1.2
-1 -1.1
-0.9 -1
-0.8 -0.9
-0.7 -0.8
-0.6 -0.7
-0.5 -0.6
-0.4 -0.5
-0.3 -0.4
-0.2 -0.3
-0.1 -0.2
6.31637e-16 -0.1
0.1 6.38378e-16
0.2 0.1
0.3 0.2
0.4 0.3
0.5 0.4
0.6 0.5
0.7 0.6
0.8 0.7
0.9 0.8
1 0.9
1.1 1
1.2 1.1
1.3 1.2
1.4 1.3
1.5 1.4
1.6 1.5
1.7 1.6
1.8 1.7
1.9 1.8
2 1.9
2.1 2
2.2 2.1
2.3 2.2
2.4 2.3
2.5 2.4
2.6 2.5
2.7 2.6
2.8 2.7
2.9 2.8
3 2.9
3.1 3
3.2 3.1
3.3 3.2
3.4 3.3
3.5 3.4
3.6 3.5
3.7 3.6
3.8 3.7
3.9 3.8
4 3.9
4.1 4
4.2 4.1
4.3 4.2
4.4 4.3
4.5 4.4
4.6 4.5
4.7 4.6
4.8 4.7
4.9 4.8
5 4.9
5.1 5
5.2 5.1
5.3 5.2
5.4 5.3
5.5 5.4
5.6 5.5
5.7 5.6
5.8 5.7
5.9 5.8
6 5.9
6.1 6
6.2 6.1
6.3 6.2
6.4 6.3
6.5 6.4
6.6 6.5
6.7 6.6
6.8 6.7
6.9 6.8
7 6.9
7.1 7
7.2 7.1
7.3 7.2
7.4 7.3
7.5 7.4
7.6 7.5
7.7 7.6
7.8 7.7
7.9 7.8
8 7.9
8.1 8
8.2 8.1
8.3 8.2
8.4 8.3
8.5 8.4
8.6 8.5
8.7 8.6
8.8 8.7
8.9 8.8
9 8.9
9.1 9
9.2 9.1
9.3 9.2
9.4 9.3
9.5 9.4
9.6 9.5
9.7 9.6
9.8 9.7
9.9 9.8
10 9.9
10.1 10
10.2 10.1
10.3 10.2
10.4 10.3
10.5 10.4
10.6 10.5
10.7 10.6
10.8 10.7
10.9 10.8
11 10.9
11.1 11
11.2 11.1
11.3 11.2
11.4 11.3
11.5 11.4
11.6 11.5
11.7 11.6
11.8 11.7
11.9 11.8
12 11.9
12.1 12
12.2 12.1
12.3 12.2
12.4 12.3
12.5 12.4
12.6 12.5
12.7 12.6
12.8 12.7
12.9 12.8
13 12.9
13.1 13
13.2 13.1
13.3 13.2
13.4 13.3
13.5 13.4
13.6 13.5
13.7 13.6
13.8 13.7
13.9 13.8
14 13.9
14.1 14
14.2 14.1
14.3 14.2
14.4 14.3
14.5 14.4
14.6 14.5
14.7 14.6
14.8 14.7
14.9 14.8
15 14.9
15.1 15
15.2 15.1
15.3 15.2
15.4 15.3
15.5 15.4
15.6 15.5
15.7 15.6
15.8 15.7
15.9 15.8
16 15.9
16.1 16
16.2 16.1
16.3 16.2
16.4 16.3
16.5 16.4
16.6 16.5
16.7 16.6
16.8 16.7
16.9 16.8
17 16.9
17.1 17
17.2 17.1
17.3 17.2
17.4 17.3
17.5 17.4
17.6 17.5
17.7 17.6
17.8 17.7
17.9 17.8
18 17.9
18.1 18
18.2 18.1
18.3 18.2
18.4 18.3
18.5 18.4
18.6 18.5
18.7 18.6
18.8 18.7
18.9 18.8
19 18.9
19.1 19
19.2 19.1
19.3 19.2
19.4 19.3
19.5 19.4
19.6 19.5
19.7 19.6
19.8 19.7
19.9 19.8
20 19.9
20.1 20
20.2 20.1
20.3 20.2
20.4 20.3
20.5 20.4
20.6 20.5
20.7 20.6
20.8 20.7
20.9 20.8
21 20.9
21.1 21
21.2 21.1
21.3 21.2
21.4 21.3
21.5 21.4
21.6 21.5
21.7 21.6
21.8 21.7
21.9 21.8
22 21.9
22.1 22
22.2 22.1
22.3 22.2
22.4 22.3
22.5 22.4
22.6 22.5
22.7 22.6
22.8 22.7
22.9 22.8
23 22.9
23.1 23
23.2 23.1
23.3 23.2
23.4 23.3
23.5 23.4
23.6 23.5
23.7 23.6
23.8 23.7
23.9 23.8
24 23.9
24.1 24
24.2 24.1
24.3 24.2
24.4 24.3
24.5 24.4
24.6 24.5
24.7 24.6
24.8 24.7
24.9 24.8
25 24.9
25.1 25
24.0091 24
22.9182 23
21.9 22
20.9 21
19.9 20
18.9 19
17.9 18
16.9 17
15.9 16
14.9 15
13.9 14
12.9 13
11.9 12
10.9 11
9.9 10
8.9 9
7.9 8
6.9 7
5.9 6
4.9 5
3.9 4
2.9 3
1.9 2
0.9 1
-0.1 8.88178e-14
-1.1 -1
-2.1 -2
-3.1 -3
-4.1 -4
-5.1 -5
-6.1 -6
-7.1 -7
-8.1 -8
-9.1 -9
-10.1 -10
-11.1 -11
-12.1 -12
-13.1 -13
-14.1 -14
-15.1 -15
-16.1 -16
-17.1 -17
-18.1 -18
-19.1 -19
-20.1 -20
-21.1 -21
-22.1 -22
-23.1 -23
-24.1 -24
-25.1 -25
-26.1 -26
-27.1 -27
-28.1 -28
-29.1 -29
-30.1 -30
-31.1 -31
-32.1 -32
-33.1 -33
-34.1 -34
-35.1 -35
-34.0091 -34
-32.9182 -33
-31.9 -32
-30.9 -31
-29.9 -30
-28.9 -29
-27.9 -28
-26.9 -27
-25.9 -26
-24.9 -25
-23.9 -24
-22.9 -23
-21.9 -22
-20.9 -21
-19.9 -20
-18.9 -19
-17.9 -18
-16.9 -17
-15.9 -16
-14.9 -15
-13.9 -14
-12.9 -13
-11.9 -12
-10.9 -11
-9.9 -10
-8.9 -9
-7.9 -8
-6.9 -7
-5.9 -6
-4.9 -5
-3.9 -4
-2.9 -3
-1.9 -2
-0.9 -1
0.1 8.52651e-14
1.1 1
2.1 2
3.1 3
4.1 4
5.1 5
6.1 6
7.1 7
8.1 8
9.1 9
10.1 10
11.1 11
12.1 12
13.1 13
14.1 14
15.1 15
16.1 16
17.1 17
18.1 18
19.1 19
20.1 20
21.1 21
22.1 22
23.1 23
24.1 24
25.1 25
26.1 26
27.1 27
28.1 28
29.1 29
30.1 30
31.1 31
32.1 32
33.1 33
34.1 34
35.1 35
34.0091 34
32.9182 33
31.9 32
30.9 31
29.9 30
28.9 29
27.9 28
26.9 27
25.9 26
24.9 25
23.9 24
22.9 23
21.9 22
20.9 21
19.9 20
18.9 19
17.9 18
16.9 17
15.9 16
14.9 15
13.9 14
12.9 13
11.9 12
10.9 11
9.9 10
8.9 9
7.9 8
6.9 7
5.9 6
4.9 5
3.9 4
2.9 3
1.9 2
0.9 1
-0.1 8.52651e-14
-1.1 -1
-2.1 -2
-3.1 -3
-4.1 -4
-5.1 -5
-6.1 -6
-7.1 -7
-8.1 -8
-9.1 -9
-10.1 -10
-11.1 -11
-12.1 -12
-13.1 -13
-14.1 -14
-15.1 -15
-16.1 -16
-17.1 -17
-18.1 -18
-19.1 -19
-20.1 -20
-21.1 -21
-22.1 -22
-23.1 -23
-24.1 -24
-25.1 -25
-26.1 -26
-27.1 -27
-28.1 -28
-29.1 -29
-30.1 -30
-31.1 -31
-32.1 -32
-33.1 -33
-34.1 -34
-35.1 -35
-36.1 -36
-37.1 -37
-38.1 -38
-39.1 -39
-40.1 -40
-41.1 -41
-42.1 -42
-43.1 -43
-44.1 -44
-45.1 -45
-44.0091 -44
-42.9182 -43
-41.9 -42
-40.9 -41
-39.9 -40
-38.9 -39
-37.9 -38
-36.9 -37
-35.9 -36
-34.9 -35
-33.9 -34
-32.9 -33
-31.9 -32
-30.9 -31
-29.9 -30
-28.9 -29
-27.9 -28
-26.9 -27
-25.9 -26
-24.9 -25
-23.9 -24
-22.9 -23
-21.9 -22
-20.9 -21
-19.9 -20
-18.9 -19
-17.9 -18
-16.9 -17
-15.9 -16
-14.9 -15
-13.9 -14
-12.9 -13
-11.9 -12
-10.9 -11
-9.9 -10
-8.9 -9
-7.9 -8
-6.9 -7
-5.9 -6
-4.9 -5
-3.9 -4
-2.9 -3
-1.9 -2
-0.9 -1
0.1 8.52651e-14
1.1 1
2.1 2
3.1 3
4.1 4
5.1 5
6.1 6
7.1 7
8.1 8
9.1 9
10.1 10
11.1 11
12.1 12
13.1 13
14.1 14
15.1 15
16.1 16
17.1 17
18.1 18
19.1 19
20.1 20
21.1 21
22.1 22
23.1 23
24.1 24
25.1 25
26.1 26
27.1 27
28.1 28
29.1 29
30.1 30
31.1 31
32.1 32
33.1 33
34.1 34
35.1 35
36.1 36
37.1 37
38.1 38
39.1 39
40.1 40
41.1 41
42.1 42
43.1 43
44.1 44
45.1 45
44.0091 44
42.9182 43
41.9 42
40.9 41
39.9 40
38.9 39
37.9 38
36.9 37
35.9 36
34.9 35
33.9 34
32.9 33
31.9 32
30.9 31
29.9 30
28.9 29
27.9 28
26.9 27
25.9 26
24.9 25
23.9 24
22.9 23
21.9 22
20.9 21
19.9 20
18.9 19
17.9 18
16.9 17
15.9 16
14.9 15
13.9 14
12.9 13
11.9 12
10.9 11
9.9 10
8.9 9
7.9 8
6.9 7
5.9 6
4.9 5
3.9 4
2.9 3
1.9 2
0.9 1
-0.1 8.52651e-14
-1.1 -1
-2.1 -2
-3.1 -3
-4.1 -4
-5.1 -5
-6.1 -6
-7.1 -7
-8.1 -8
-9.1 -9
-10.1 -10
-11.1 -11
-12.1 -12
-13.1 -13
-14.1 -14
-15.1 -15
-16.1 -16
-17.1 -17
-18.1 -18
-19.1 -19
-20.1 -20
-21.1 -21
-22.1 -22
-23.1 -23
-24.1 -24
-25.1 -25
-26.1 -26
-27.1 -27
-28.1 -28
-29.1 -29
-30.1 -30
-31.1 -31
-32.1 -32
-33.1 -33
-34.1 -34
-35.1 -35
-36.1 -36
-37.1 -37
-38.1 -38
-39.1 -39
-40.1 -40
-41.1 -41
-42.1 -42
-43.1 -43
-44.1 -44
-45.1 -45
-46.1 -46
-47.1 -47
-48.1 -48
-49.1 -49
-50.1 -50
-51.1 -51
-52.1 -52
-53.1 -53
-54.1 -54
-55.1 -55
-54.0091 -54
-52.9182 -53
-51.9 -52
-50.9 -51
-49.9 -50
-48.9 -49
-47.9 -48
-46.9 -47
-45.9 -46
-44.9 -45
-43.9 -44
-42.9 -43
-41.9 -42
-40.9 -41
-39.9 -40
-38.9 -39
-37.9 -38
-36.9 -37
-35.9 -36
-34.9 -35
-33.9 -34
-32.9 -33
-31.9 -32
-30.9 -31
-29.9 -30
-28.9 -29
-27.9 -28
-26.9 -27
-25.9 -26
-24.9 -25
-23.9 -24
-22.9 -23
-21.9 -22
-20.9 -21
-19.9 -20
-18.9 -19
-17.9 -18
-16.9 -17
-15.9 -16
-14.9 -15
-13.9 -14
-12.9 -13
-11.9 -12
-10.9 -11
-9.9 -10
-8.9 -9
-7.9 -8
-6.9 -7
-5.9 -6
-4.9 -5
-3.9 -4
-2.9 -3
-1.9 -2
-0.9 -1
0.1 8.52651e-14
1.1 1
2.1 2
3.1 3
4.1 4
5.1 5
6.1 6
7.1 7
8.1 8
9.1 9
10.1 10
11.1 11
12.1 12
13.1 13
14.1 14
15.1 15
16.1 16
17.1 17
18.1 18
19.1 19
20.1 20
21.1 21
22.1 22
23.1 23
24.1 24
25.1 25
26.1 26
27.1 27
28.1 28
29.1 29
30.1 30
31.1 31
32.1 32
33.1 33
34.1 34
35.1 35
36.1 36
37.1 37
38.1 38
39.1 39
40.1 40
41.1 41
42.1 42
43.1 43
44.1 44
45.1 45
46.1 46
47.1 47
48.1 48
49.1 49
50.1 50
49.0091 49
47.9182 48
46.9 47
45.9 46
44.9 45
43.9 44
42.9 43
41.9 42
40.9 41
39.9 40
38.9 39
37.9 38
36.9 37
35.9 36
34.9 35
33.9 34
32.9 33
31.9 32
30.9 31
29.9 30
28.9 29
27.9 28
26.9 27
25.9 26
24.9 25
23.9 24
22.9 23
21.9 22
20.9 21
19.9 20
18.9 19
17.9 18
16.9 17
15.9 16
14.9 15
13.9 14
12.9 13
11.9 12
10.9 11
9.9 10
8.9 9
7.9 8
6.9 7
5.9 6
4.9 5
3.9 4
2.9 3
1.9 2
0.9 1
-0.1 8.52651e-14
