-0.109091 909.091
-0.218182 1818.18
-0.327273 2727.27
-0.436364 3636.36
-0.545455 4545.45
-0.654545 5454.55
-0.763636 6363.64
-0.872727 7272.73
-0.981818 8181.82
-1.09091 9090.91
-1.2 10000
-1.3 10000
-1.4 10000
-1.5 10000
-1.6 10000
-1.7 10000
-1.8 10000
-1.9 10000
-2 10000
-2.1 10000
-2.2 10000
-2.3 10000
-2.4 10000
-2.5 10000
-2.6 10000
-2.7 10000
-2.8 10000
-2.9 10000
-3 10000
-3.1 10000
-3.2 10000
-3.3 10000
-3.4 10000
-3.5 10000
-3.6 10000
-3.7 10000
-3.8 10000
-3.9 10000
-4 10000
-4.1 10000
-4.2 10000
-4.3 10000
-4.4 10000
-4.5 10000
-4.6 10000
-4.7 10000
-4.8 10000
-4.9 10000
-5 10000
-5.1 10000
-4.99091 9090.91
-4.88182 8181.82
-4.77273 7272.73
-4.66364 6363.64
-4.55455 5454.55
-4.44545 4545.45
-4.33636 3636.36
-4.22727 2727.27
-4.11818 1818.18
-4.00909 909.091
-3.9 2.66454e-11
-3.79091 -909.091
-3.68182 -1818.18
-3.57273 -2727.27
-3.46364 -3636.36
-3.35455 -4545.45
-3.24545 -5454.55
-3.13636 -6363.64
-3.02727 -7272.73
-2.91818 -8181.82
-2.80909 -9090.91
-2.7 -10000
-2.6 -10000
-2.5 -10000
-2.4 -10000
-2.3 -10000
-2.2 -10000
-2.1 -10000
-2 -10000
-1.9 -10000
-1.8 -10000
-1.7 -10000
-1.6 -10000
-1.5 -10000
-1.4 -10000
-1.3 -10000
-1.2 -10000
-1.1 -10000
-1 -10000
-0.9 -10000
-0.8 -10000
-0.7 -10000
-0.6 -10000
-0.5 -10000
-0.4 -10000
-0.3 -10000
-0.2 -10000
-0.1 -10000
6.33125e-16 -10000
0.1 -10000
0.2 -10000
0.3 -10000
0.4 -10000
0.5 -10000
0.6 -10000
0.7 -10000
0.8 -10000
0.9 -10000
1 -10000
1.1 -10000
1.2 -10000
1.3 -10000
1.4 -10000
1.5 -10000
1.6 -10000
1.7 -10000
1.8 -10000
1.9 -10000
2 -10000
2.1 -10000
2.2 -10000
2.3 -10000
2.4 -10000
2.5 -10000
2.6 -10000
2.7 -10000
2.8 -10000
2.9 -10000
3 -10000
3.1 -10000
3.2 -10000
3.3 -10000
3.4 -10000
3.5 -10000
3.6 -10000
3.7 -10000
3.8 -10000
3.9 -10000
4 -10000
4.1 -10000
4.2 -10000
4.3 -10000
4.4 -10000
4.5 -10000
4.6 -10000
4.7 -10000
4.8 -10000
4.9 -10000
5 -10000
5.1 -10000
4.99091 -9090.91
4.88182 -8181.82
4.77273 -7272.73
4.66364 -6363.64
4.55455 -5454.55
4.44545 -4545.45
4.33636 -3636.36
4.22727 -2727.27
4.11818 -1818.18
4.00909 -909.091
3.9 -2.66454e-11
3.79091 909.091
3.68182 1818.18
3.57273 2727.27
3.46364 3636.36
3.35455 4545.45
3.24545 5454.55
3.13636 6363.64
3.02727 7272.73
2.91818 8181.82
2.80909 9090.91
2.7 10000
2.6 10000
2.5 10000
2.4 10000
2.3 10000
2.2 10000
2.1 10000
2 10000
1.9 10000
1.8 10000
1.7 10000
1.6 10000
1.5 10000
1.4 10000
1.3 10000
1.2 10000
1.1 10000
1 10000
0.9 10000
0.8 10000
0.7 10000
0.6 10000
0.5 10000
0.4 10000
0.3 10000
0.2 10000
0.1 10000
1.4309e-16 10000
-0.1 10000
-0.2 10000
-0.3 10000
-0.4 10000
-0.5 10000
-0.6 10000
-0.7 10000
-0.8 10000
-0.9 10000
-1 10000
-1.1 10000
-1.2 10000
-1.3 10000
-1.4 10000
-1.5 10000
-1.6 10000
-1.7 10000
-1.8 10000
-1.9 10000
-2 10000
-2.1 10000
-2.2 10000
-2.3 10000
-2.4 10000
-2.5 10000
-2.6 10000
-2.7 10000
-2.8 10000
-2.9 10000
-3 10000
-3.1 10000
-3.2 10000
-3.3 10000
-3.4 10000
-3.5 10000
-3.6 10000
-3.7 10000
-3.8 10000
-3.9 10000
-4 10000
-4.1 10000
-4.2 10000
-4.3 10000
-4.4 10000
-4.5 10000
-4.6 10000
-4.7 10000
-4.8 10000
-4.9 10000
-5 10000
-5.1 10000
-5.2 10000
-5.3 10000
-5.4 10000
-5.5 10000
-5.6 10000
-5.7 10000
-5.8 10000
-5.9 10000
-6 10000
-6.1 10000
-6.2 10000
-6.3 10000
-6.4 10000
-6.5 10000
-6.6 10000
-6.7 10000
-6.8 10000
-6.9 10000
-7 10000
-7.1 10000
-7.2 10000
-7.3 10000
-7.4 10000
-7.5 10000
-7.6 10000
-7.7 10000
-7.8 10000
-7.9 10000
-8 10000
-8.1 10000
-8.2 10000
-8.3 10000
-8.4 10000
-8.5 10000
-8.6 10000
-8.7 10000
-8.8 10000
-8.9 10000
-9 10000
-9.1 10000
-9.2 10000
-9.3 10000
-9.4 10000
-9.5 10000
-9.6 10000
-9.7 10000
-9.8 10000
-9.9 10000
-10 10000
-10.1 10000
-10.2 10000
-10.3 10000
-10.4 10000
-10.5 10000
-10.6 10000
-10.7 10000
-10.8 10000
-10.9 10000
-11 10000
-11.1 10000
-11.2 10000
-11.3 10000
-11.4 10000
-11.5 10000
-11.6 10000
-11.7 10000
-11.8 10000
-11.9 10000
-12 10000
-12.1 10000
-12.2 10000
-12.3 10000
-12.4 10000
-12.5 10000
-12.6 10000
-12.7 10000
-12.8 10000
-12.9 10000
-13 10000
-13.1 10000
-13.2 10000
-13.3 10000
-13.4 10000
-13.5 10000
-13.6 10000
-13.7 10000
-13.8 10000
-13.9 10000
-14 10000
-14.1 10000
-14.2 10000
-14.3 10000
-14.4 10000
-14.5 10000
-14.6 10000
-14.7 10000
-14.8 10000
-14.9 10000
-15 10000
-15.1 10000
-14.9909 9090.91
-14.8818 8181.82
-14.7727 7272.73
-14.6636 6363.64
-14.5545 5454.55
-14.4455 4545.45
-14.3364 3636.36
-14.2273 2727.27
-14.1182 1818.18
-14.0091 909.091
-13.9 3.55271e-11
-13.7909 -909.091
-13.6818 -1818.18
-13.5727 -2727.27
-13.4636 -3636.36
-13.3545 -4545.45
-13.2455 -5454.55
-13.1364 -6363.64
-13.0273 -7272.73
-12.9182 -8181.82
-12.8091 -9090.91
-12.7 -10000
-12.6 -10000
-12.5 -10000
-12.4 -10000
-12.3 -10000
-12.2 -10000
-12.1 -10000
-12 -10000
-11.9 -10000
-11.8 -10000
-11.7 -10000
-11.6 -10000
-11.5 -10000
-11.4 -10000
-11.3 -10000
-11.2 -10000
-11.1 -10000
-11 -10000
-10.9 -10000
-10.8 -10000
-10.7 -10000
-10.6 -10000
-10.5 -10000
-10.4 -10000
-10.3 -10000
-10.2 -10000
-10.1 -10000
-10 -10000
-9.9 -10000
-9.8 -10000
-9.7 -10000
-9.6 -10000
-9.5 -10000
-9.4 -10000
-9.3 -10000
-9.2 -10000
-9.1 -10000
-9 -10000
-8.9 -10000
-8.8 -10000
-8.7 -10000
-8.6 -10000
-8.5 -10000
-8.4 -10000
-8.3 -10000
-8.2 -10000
-8.1 -10000
-8 -10000
-7.9 -10000
-7.8 -10000
-7.7 -10000
-7.6 -10000
-7.5 -10000
-7.4 -10000
-7.3 -10000
-7.2 -10000
-7.1 -10000
-7 -10000
-6.9 -10000
-6.8 -10000
-6.7 -10000
-6.6 -10000
-6.5 -10000
-6.4 -10000
-6.3 -10000
-6.2 -10000
-6.1 -10000
-6 -10000
-5.9 -10000
-5.8 -10000
-5.7 -10000
-5.6 -10000
-5.5 -10000
-5.4 -10000
-5.3 -10000
-5.2 -10000
-5.1 -10000
-5 -10000
-4.9 -10000
-4.8 -10000
-4.7 -10000
-4.6 -10000
-4.5 -10000
-4.4 -10000
-4.3 -10000
-4.2 -10000
-4.1 -10000
-4 -10000
-3.9 -10000
-3.8 -10000
-3.7 -10000
-3.6 -10000
-3.5 -10000
-3.4 -10000
-3.3 -10000
-3.2 -10000
-3.1 -10000
-3 -10000
-2.9 -10000
-2.8 -10000
-2.7 -10000
-2.6 -10000
-2.5 -10000
-2.4 -10000
-2.3 -10000
-2.2 -10000
-2.1 -10000
-2 -10000
-1.9 -10000
-1.8 -10000
-1.7 -10000
-1.6 -10000
-1.5 -10000
-1.4 -10000
-1.3 -10000
-1.2 -10000
-1.1 -10000
-1 -10000
-0.9 -10000
-0.8 -10000
-0.7 -10000
-0.6 -10000
-0.5 -10000
-0.4 -10000
-0.3 -10000
-0.2 -10000
-0.1 -10000
6.33125e-16 -10000
0.1 -10000
0.2 -10000
0.3 -10000
0.4 -10000
0.5 -10000
0.6 -10000
0.7 -10000
0.8 -10000
0.9 -10000
1 -10000
1.1 -10000
1.2 -10000
1.3 -10000
1.4 -10000
1.5 -10000
1.6 -10000
1.7 -10000
1.8 -10000
1.9 -10000
2 -10000
2.1 -10000
2.2 -10000
2.3 -10000
2.4 -10000
2.5 -10000
2.6 -10000
2.7 -10000
2.8 -10000
2.9 -10000
3 -10000
3.1 -10000
3.2 -10000
3.3 -10000
3.4 -10000
3.5 -10000
3.6 -10000
3.7 -10000
3.8 -10000
3.9 -10000
4 -10000
4.1 -10000
4.2 -10000
4.3 -10000
4.4 -10000
4.5 -10000
4.6 -10000
4.7 -10000
4.8 -10000
4.9 -10000
5 -10000
5.1 -10000
5.2 -10000
5.3 -10000
5.4 -10000
5.5 -10000
5.6 -10000
5.7 -10000
5.8 -10000
5.9 -10000
6 -10000
6.1 -10000
6.2 -10000
6.3 -10000
6.4 -10000
6.5 -10000
6.6 -10000
6.7 -10000
6.8 -10000
6.9 -10000
7 -10000
7.1 -10000
7.2 -10000
7.3 -10000
7.4 -10000
7.5 -10000
7.6 -10000
7.7 -10000
7.8 -10000
7.9 -10000
8 -10000
8.1 -10000
8.2 -10000
8.3 -10000
8.4 -10000
8.5 -10000
8.6 -10000
8.7 -10000
8.8 -10000
8.9 -10000
9 -10000
9.1 -10000
9.2 -10000
9.3 -10000
9.4 -10000
9.5 -10000
9.6 -10000
9.7 -10000
9.8 -10000
9.9 -10000
10 -10000
10.1 -10000
10.2 -10000
10.3 -10000
10.4 -10000
10.5 -10000
10.6 -10000
10.7 -10000
10.8 -10000
10.9 -10000
11 -10000
11.1 -10000
11.2 -10000
11.3 -10000
11.4 -10000
11.5 -10000
11.6 -10000
11.7 -10000
11.8 -10000
11.9 -10000
12 -10000
12.1 -10000
12.2 -10000
12.3 -10000
12.4 -10000
12.5 -10000
12.6 -10000
12.7 -10000
12.8 -10000
12.9 -10000
13 -10000
13.1 -10000
13.2 -10000
13.3 -10000
13.4 -10000
13.5 -10000
13.6 -10000
13.7 -10000
13.8 -10000
13.9 -10000
14 -10000
14.1 -10000
14.2 -10000
14.3 -10000
14.4 -10000
14.5 -10000
14.6 -10000
14.7 -10000
14.8 -10000
14.9 -10000
15 -10000
15.1 -10000
14.9909 -9090.91
14.8818 -8181.82
14.7727 -7272.73
14.6636 -6363.64
14.5545 -5454.55
14.4455 -4545.45
14.3364 -3636.36
14.2273 -2727.27
14.1182 -1818.18
14.0091 -909.091
13.9 -3.55271e-11
13.7909 909.091
13.6818 1818.18
13.5727 2727.27
13.4636 3636.36
13.3545 4545.45
13.2455 5454.55
13.1364 6363.64
13.0273 7272.73
12.9182 8181.82
12.8091 9090.91
12.7 10000
12.6 10000
12.5 10000
12.4 10000
12.3 10000
12.2 10000
12.1 10000
12 10000
11.9 10000
11.8 10000
11.7 10000
11.6 10000
11.5 10000
11.4 10000
11.3 10000
11.2 10000
11.1 10000
11 10000
10.9 10000
10.8 10000
10.7 10000
10.6 10000
10.5 10000
10.4 10000
10.3 10000
10.2 10000
10.1 10000
10 10000
9.9 10000
9.8 10000
9.7 10000
9.6 10000
9.5 10000
9.4 10000
9.3 10000
9.2 10000
9.1 10000
9 10000
8.9 10000
8.8 10000
8.7 10000
8.6 10000
8.5 10000
8.4 10000
8.3 10000
8.2 10000
8.1 10000
8 10000
7.9 10000
7.8 10000
7.7 10000
7.6 10000
7.5 10000
7.4 10000
7.3 10000
7.2 10000
7.1 10000
7 10000
6.9 10000
6.8 10000
6.7 10000
6.6 10000
6.5 10000
6.4 10000
6.3 10000
6.2 10000
6.1 10000
6 10000
5.9 10000
5.8 10000
5.7 10000
5.6 10000
5.5 10000
5.4 10000
5.3 10000
5.2 10000
5.1 10000
5 10000
4.9 10000
4.8 10000
4.7 10000
4.6 10000
4.5 10000
4.4 10000
4.3 10000
4.2 10000
4.1 10000
4 10000
3.9 10000
3.8 10000
3.7 10000
3.6 10000
3.5 10000
3.4 10000
3.3 10000
3.2 10000
3.1 10000
3 10000
2.9 10000
2.8 10000
2.7 10000
2.6 10000
2.5 10000
2.4 10000
2.3 10000
2.2 10000
2.1 10000
2 10000
1.9 10000
1.8 10000
1.7 10000
1.6 10000
1.5 10000
1.4 10000
1.3 10000
1.2 10000
1.1 10000
1 10000
0.9 10000
0.8 10000
0.7 10000
0.6 10000
0.5 10000
0.4 10000
0.3 10000
0.2 10000
0.1 10000
1.02978e-15 10000
-0.1 10000
-0.2 10000
-0.3 10000
-0.4 10000
-0.5 10000
-0.6 10000
-0.7 10000
-0.8 10000
-0.9 10000
-1 10000
-1.1 10000
-1.2 10000
-1.3 10000
-1.4 10000
-1.5 10000
-1.6 10000
-1.7 10000
-1.8 10000
-1.9 10000
-2 10000
-2.1 10000
-2.2 10000
-2.3 10000
-2.4 10000
-2.5 10000
-2.6 10000
-2.7 10000
-2.8 10000
-2.9 10000
-3 10000
-3.1 10000
-3.2 10000
-3.3 10000
-3.4 10000
-3.5 10000
-3.6 10000
-3.7 10000
-3.8 10000
-3.9 10000
-4 10000
-4.1 10000
-4.2 10000
-4.3 10000
-4.4 10000
-4.5 10000
-4.6 10000
-4.7 10000
-4.8 10000
-4.9 10000
-5 10000
-5.1 10000
-5.2 10000
-5.3 10000
-5.4 10000
-5.5 10000
-5.6 10000
-5.7 10000
-5.8 10000
-5.9 10000
-6 10000
-6.1 10000
-6.2 10000
-6.3 10000
-6.4 10000
-6.5 10000
-6.6 10000
-6.7 10000
-6.8 10000
-6.9 10000
-7 10000
-7.1 10000
-7.2 10000
-7.3 10000
-7.4 10000
-7.5 10000
-7.6 10000
-7.7 10000
-7.8 10000
-7.9 10000
-8 10000
-8.1 10000
-8.2 10000
-8.3 10000
-8.4 10000
-8.5 10000
-8.6 10000
-8.7 10000
-8.8 10000
-8.9 10000
-9 10000
-9.1 10000
-9.2 10000
-9.3 10000
-9.4 10000
-9.5 10000
-9.6 10000
-9.7 10000
-9.8 10000
-9.9 10000
-10 10000
-10.1 10000
-10.2 10000
-10.3 10000
-10.4 10000
-10.5 10000
-10.6 10000
-10.7 10000
-10.8 10000
-10.9 10000
-11 10000
-11.1 10000
-11.2 10000
-11.3 10000
-11.4 10000
-11.5 10000
-11.6 10000
-11.7 10000
-11.8 10000
-11.9 10000
-12 10000
-12.1 10000
-12.2 10000
-12.3 10000
-12.4 10000
-12.5 10000
-12.6 10000
-12.7 10000
-12.8 10000
-12.9 10000
-13 10000
-13.1 10000
-13.2 10000
-13.3 10000
-13.4 10000
-13.5 10000
-13.6 10000
-13.7 10000
-13.8 10000
-13.9 10000
-14 10000
-14.1 10000
-14.2 10000
-14.3 10000
-14.4 10000
-14.5 10000
-14.6 10000
-14.7 10000
-14.8 10000
-14.9 10000
-15 10000
-15.1 10000
-15.2 10000
-15.3 10000
-15.4 10000
-15.5 10000
-15.6 10000
-15.7 10000
-15.8 10000
-15.9 10000
-16 10000
-16.1 10000
-16.2 10000
-16.3 10000
-16.4 10000
-16.5 10000
-16.6 10000
-16.7 10000
-16.8 10000
-16.9 10000
-17 10000
-17.1 10000
-17.2 10000
-17.3 10000
-17.4 10000
-17.5 10000
-17.6 10000
-17.7 10000
-17.8 10000
-17.9 10000
-18 10000
-18.1 10000
-18.2 10000
-18.3 10000
-18.4 10000
-18.5 10000
-18.6 10000
-18.7 10000
-18.8 10000
-18.9 10000
-19 10000
-19.1 10000
-19.2 10000
-19.3 10000
-19.4 10000
-19.5 10000
-19.6 10000
-19.7 10000
-19.8 10000
-19.9 10000
-20 10000
-20.1 10000
-20.2 10000
-20.3 10000
-20.4 10000
-20.5 10000
-20.6 10000
-20.7 10000
-20.8 10000
-20.9 10000
-21 10000
-21.1 10000
-21.2 10000
-21.3 10000
-21.4 10000
-21.5 10000
-21.6 10000
-21.7 10000
-21.8 10000
-21.9 10000
-22 10000
-22.1 10000
-22.2 10000
-22.3 10000
-22.4 10000
-22.5 10000
-22.6 10000
-22.7 10000
-22.8 10000
-22.9 10000
-23 10000
-23.1 10000
-23.2 10000
-23.3 10000
-23.4 10000
-23.5 10000
-23.6 10000
-23.7 10000
-23.8 10000
-23.9 10000
-24 10000
-24.1 10000
-24.2 10000
-24.3 10000
-24.4 10000
-24.5 10000
-24.6 10000
-24.7 10000
-24.8 10000
-24.9 10000
-25 10000
-25.1 10000
-24.9909 9090.91
-24.8818 8181.82
-24.7727 7272.73
-24.6636 6363.64
-24.5545 5454.55
-24.4455 4545.45
-24.3364 3636.36
-24.2273 2727.27
-24.1182 1818.18
-24.0091 909.091
-23.9 -1.42109e-10
-23.7909 -909.091
-23.6818 -1818.18
-23.5727 -2727.27
-23.4636 -3636.36
-23.3545 -4545.45
-23.2455 -5454.55
-23.1364 -6363.64
-23.0273 -7272.73
-22.9182 -8181.82
-22.8091 -9090.91
-22.7 -10000
-22.6 -10000
-22.5 -10000
-22.4 -10000
-22.3 -10000
-22.2 -10000
-22.1 -10000
-22 -10000
-21.9 -10000
-21.8 -10000
-21.7 -10000
-21.6 -10000
-21.5 -10000
-21.4 -10000
-21.3 -10000
-21.2 -10000
-21.1 -10000
-21 -10000
-20.9 -10000
-20.8 -10000
-20.7 -10000
-20.6 -10000
-20.5 -10000
-20.4 -10000
-20.3 -10000
-20.2 -10000
-20.1 -10000
-20 -10000
-19.9 -10000
-19.8 -10000
-19.7 -10000
-19.6 -10000
-19.5 -10000
-19.4 -10000
-19.3 -10000
-19.2 -10000
-19.1 -10000
-19 -10000
-18.9 -10000
-18.8 -10000
-18.7 -10000
-18.6 -10000
-18.5 -10000
-18.4 -10000
-18.3 -10000
-18.2 -10000
-18.1 -10000
-18 -10000
-17.9 -10000
-17.8 -10000
-17.7 -10000
-17.6 -10000
-17.5 -10000
-17.4 -10000
-17.3 -10000
-17.2 -10000
-17.1 -10000
-17 -10000
-16.9 -10000
-16.8 -10000
-16.7 -10000
-16.6 -10000
-16.5 -10000
-16.4 -10000
-16.3 -10000
-16.2 -10000
-16.1 -10000
-16 -10000
-15.9 -10000
-15.8 -10000
-15.7 -10000
-15.6 -10000
-15.5 -10000
-15.4 -10000
-15.3 -10000
-15.2 -10000
-15.1 -10000
-15 -10000
-14.9 -10000
-14.8 -10000
-14.7 -10000
-14.6 -10000
-14.5 -10000
-14.4 -10000
-14.3 -10000
-14.2 -10000
-14.1 -10000
-14 -10000
-13.9 -10000
-13.8 -10000
-13.7 -10000
-13.6 -10000
-13.5 -10000
-13.4 -10000
-13.3 -10000
-13.2 -10000
-13.1 -10000
-13 -10000
-12.9 -10000
-12.8 -10000
-12.7 -10000
-12.6 -10000
-12.5 -10000
-12.4 -10000
-12.3 -10000
-12.2 -10000
-12.1 -10000
-12 -10000
-11.9 -10000
-11.8 -10000
-11.7 -10000
-11.6 -10000
-11.5 -10000
-11.4 -10000
-11.3 -10000
-11.2 -10000
-11.1 -10000
-11 -10000
-10.9 -10000
-10.8 -10000
-10.7 -10000
-10.6 -10000
-10.5 -10000
-10.4 -10000
-10.3 -10000
-10.2 -10000
-10.1 -10000
-10 -10000
-9.9 -10000
-9.8 -10000
-9.7 -10000
-9.6 -10000
-9.5 -10000
-9.4 -10000
-9.3 -10000
-9.2 -10000
-9.1 -10000
-9 -10000
-8.9 -10000
-8.8 -10000
-8.7 -10000
-8.6 -10000
-8.5 -10000
-8.4 -10000
-8.3 -10000
-8.2 -10000
-8.1 -10000
-8 -10000
-7.9 -10000
-7.8 -10000
-7.7 -10000
-7.6 -10000
-7.5 -10000
-7.4 -10000
-7.3 -10000
-7.2 -10000
-7.1 -10000
-7 -10000
-6.9 -10000
-6.8 -10000
-6.7 -10000
-6.6 -10000
-6.5 -10000
-6.4 -10000
-6.3 -10000
-6.2 -10000
-6.1 -10000
-6 -10000
-5.9 -10000
-5.8 -10000
-5.7 -10000
-5.6 -10000
-5.5 -10000
-5.4 -10000
-5.3 -10000
-5.2 -10000
-5.1 -10000
-5 -10000
-4.9 -10000
-4.8 -10000
-4.7 -10000
-4.6 -10000
-4.5 -10000
-4.4 -10000
-4.3 -10000
-4.2 -10000
-4.1 -10000
-4 -10000
-3.9 -10000
-3.8 -10000
-3.7 -10000
-3.6 -10000
-3.5 -10000
-3.4 -10000
-3.3 -10000
-3.2 -10000
-3.1 -10000
-3 -10000
-2.9 -10000
-2.8 -10000
-2.7 -10000
-2.6 -10000
-2.5 -10000
-2.4 -10000
-2.3 -10000
-2.2 -10000
-2.1 -10000
-2 -10000
-1.9 -10000
-1.8 -10000
-1.7 -10000
-1.6 -10000
-1.5 -10000
-1.4 -10000
-1.3 -10000
-1.2 -10000
-1.1 -10000
-1 -10000
-0.9 -10000
-0.8 -10000
-0.7 -10000
-0.6 -10000
-0.5 -10000
-0.4 -10000
-0.3 -10000
-0.2 -10000
-0.1 -10000
6.31637e-16 -10000
0.1 -10000
0.2 -10000
0.3 -10000
0.4 -10000
0.5 -10000
0.6 -10000
0.7 -10000
0.8 -10000
0.9 -10000
1 -10000
1.1 -10000
1.2 -10000
1.3 -10000
1.4 -10000
1.5 -10000
1.6 -10000
1.7 -10000
1.8 -10000
1.9 -10000
2 -10000
2.1 -10000
2.2 -10000
2.3 -10000
2.4 -10000
2.5 -10000
2.6 -10000
2.7 -10000
2.8 -10000
2.9 -10000
3 -10000
3.1 -10000
3.2 -10000
3.3 -10000
3.4 -10000
3.5 -10000
3.6 -10000
3.7 -10000
3.8 -10000
3.9 -10000
4 -10000
4.1 -10000
4.2 -10000
4.3 -10000
4.4 -10000
4.5 -10000
4.6 -10000
4.7 -10000
4.8 -10000
4.9 -10000
5 -10000
5.1 -10000
5.2 -10000
5.3 -10000
5.4 -10000
5.5 -10000
5.6 -10000
5.7 -10000
5.8 -10000
5.9 -10000
6 -10000
6.1 -10000
6.2 -10000
6.3 -10000
6.4 -10000
6.5 -10000
6.6 -10000
6.7 -10000
6.8 -10000
6.9 -10000
7 -10000
7.1 -10000
7.2 -10000
7.3 -10000
7.4 -10000
7.5 -10000
7.6 -10000
7.7 -10000
7.8 -10000
7.9 -10000
8 -10000
8.1 -10000
8.2 -10000
8.3 -10000
8.4 -10000
8.5 -10000
8.6 -10000
8.7 -10000
8.8 -10000
8.9 -10000
9 -10000
9.1 -10000
9.2 -10000
9.3 -10000
9.4 -10000
9.5 -10000
9.6 -10000
9.7 -10000
9.8 -10000
9.9 -10000
10 -10000
10.1 -10000
10.2 -10000
10.3 -10000
10.4 -10000
10.5 -10000
10.6 -10000
10.7 -10000
10.8 -10000
10.9 -10000
11 -10000
11.1 -10000
11.2 -10000
11.3 -10000
11.4 -10000
11.5 -10000
11.6 -10000
11.7 -10000
11.8 -10000
11.9 -10000
12 -10000
12.1 -10000
12.2 -10000
12.3 -10000
12.4 -10000
12.5 -10000
12.6 -10000
12.7 -10000
12.8 -10000
12.9 -10000
13 -10000
13.1 -10000
13.2 -10000
13.3 -10000
13.4 -10000
13.5 -10000
13.6 -10000
13.7 -10000
13.8 -10000
13.9 -10000
14 -10000
14.1 -10000
14.2 -10000
14.3 -10000
14.4 -10000
14.5 -10000
14.6 -10000
14.7 -10000
14.8 -10000
14.9 -10000
15 -10000
15.1 -10000
15.2 -10000
15.3 -10000
15.4 -10000
15.5 -10000
15.6 -10000
15.7 -10000
15.8 -10000
15.9 -10000
16 -10000
16.1 -10000
16.2 -10000
16.3 -10000
16.4 -10000
16.5 -10000
16.6 -10000
16.7 -10000
16.8 -10000
16.9 -10000
17 -10000
17.1 -10000
17.2 -10000
17.3 -10000
17.4 -10000
17.5 -10000
17.6 -10000
17.7 -10000
17.8 -10000
17.9 -10000
18 -10000
18.1 -10000
18.2 -10000
18.3 -10000
18.4 -10000
18.5 -10000
18.6 -10000
18.7 -10000
18.8 -10000
18.9 -10000
19 -10000
19.1 -10000
19.2 -10000
19.3 -10000
19.4 -10000
19.5 -10000
19.6 -10000
19.7 -10000
19.8 -10000
19.9 -10000
20 -10000
20.1 -10000
20.2 -10000
20.3 -10000
20.4 -10000
20.5 -10000
20.6 -10000
20.7 -10000
20.8 -10000
20.9 -10000
21 -10000
21.1 -10000
21.2 -10000
21.3 -10000
21.4 -10000
21.5 -10000
21.6 -10000
21.7 -10000
21.8 -10000
21.9 -10000
22 -10000
22.1 -10000
22.2 -10000
22.3 -10000
22.4 -10000
22.5 -10000
22.6 -10000
22.7 -10000
22.8 -10000
22.9 -10000
23 -10000
23.1 -10000
23.2 -10000
23.3 -10000
23.4 -10000
23.5 -10000
23.6 -10000
23.7 -10000
23.8 -10000
23.9 -10000
24 -10000
24.1 -10000
24.2 -10000
24.3 -10000
24.4 -10000
24.5 -10000
24.6 -10000
24.7 -10000
24.8 -10000
24.9 -10000
25 -10000
25.1 -10000
24.0091 -909.091
22.9182 8181.82
21.9 10000
20.9 10000
19.9 10000
18.9 10000
17.9 10000
16.9 10000
15.9 10000
14.9 10000
13.9 10000
12.9 10000
11.9 10000
10.9 10000
9.9 10000
8.9 10000
7.9 10000
6.9 10000
5.9 10000
4.9 10000
3.9 10000
2.9 10000
1.9 10000
0.9 10000
-0.1 10000
-1.1 10000
-2.1 10000
-3.1 10000
-4.1 10000
-5.1 10000
-6.1 10000
-7.1 10000
-8.1 10000
-9.1 10000
-10.1 10000
-11.1 10000
-12.1 10000
-13.1 10000
-14.1 10000
-15.1 10000
-16.1 10000
-17.1 10000
-18.1 10000
-19.1 10000
-20.1 10000
-21.1 10000
-22.1 10000
-23.1 10000
-24.1 10000
-25.1 10000
-26.1 10000
-27.1 10000
-28.1 10000
-29.1 10000
-30.1 10000
-31.1 10000
-32.1 10000
-33.1 10000
-34.1 10000
-35.1 10000
-34.0091 909.091
-32.9182 -8181.82
-31.9 -10000
-30.9 -10000
-29.9 -10000
-28.9 -10000
-27.9 -10000
-26.9 -10000
-25.9 -10000
-24.9 -10000
-23.9 -10000
-22.9 -10000
-21.9 -10000
-20.9 -10000
-19.9 -10000
-18.9 -10000
-17.9 -10000
-16.9 -10000
-15.9 -10000
-14.9 -10000
-13.9 -10000
-12.9 -10000
-11.9 -10000
-10.9 -10000
-9.9 -10000
-8.9 -10000
-7.9 -10000
-6.9 -10000
-5.9 -10000
-4.9 -10000
-3.9 -10000
-2.9 -10000
-1.9 -10000
-0.9 -10000
0.1 -10000
1.1 -10000
2.1 -10000
3.1 -10000
4.1 -10000
5.1 -10000
6.1 -10000
7.1 -10000
8.1 -10000
9.1 -10000
10.1 -10000
11.1 -10000
12.1 -10000
13.1 -10000
14.1 -10000
15.1 -10000
16.1 -10000
17.1 -10000
18.1 -10000
19.1 -10000
20.1 -10000
21.1 -10000
22.1 -10000
23.1 -10000
24.1 -10000
25.1 -10000
26.1 -10000
27.1 -10000
28.1 -10000
29.1 -10000
30.1 -10000
31.1 -10000
32.1 -10000
33.1 -10000
34.1 -10000
35.1 -10000
34.0091 -909.091
32.9182 8181.82
31.9 10000
30.9 10000
29.9 10000
28.9 10000
27.9 10000
26.9 10000
25.9 10000
24.9 10000
23.9 10000
22.9 10000
21.9 10000
20.9 10000
19.9 10000
18.9 10000
17.9 10000
16.9 10000
15.9 10000
14.9 10000
13.9 10000
12.9 10000
11.9 10000
10.9 10000
9.9 10000
8.9 10000
7.9 10000
6.9 10000
5.9 10000
4.9 10000
3.9 10000
2.9 10000
1.9 10000
0.9 10000
-0.1 10000
-1.1 10000
-2.1 10000
-3.1 10000
-4.1 10000
-5.1 10000
-6.1 10000
-7.1 10000
-8.1 10000
-9.1 10000
-10.1 10000
-11.1 10000
-12.1 10000
-13.1 10000
-14.1 10000
-15.1 10000
-16.1 10000
-17.1 10000
-18.1 10000
-19.1 10000
-20.1 10000
-21.1 10000
-22.1 10000
-23.1 10000
-24.1 10000
-25.1 10000
-26.1 10000
-27.1 10000
-28.1 10000
-29.1 10000
-30.1 10000
-31.1 10000
-32.1 10000
-33.1 10000
-34.1 10000
-35.1 10000
-36.1 10000
-37.1 10000
-38.1 10000
-39.1 10000
-40.1 10000
-41.1 10000
-42.1 10000
-43.1 10000
-44.1 10000
-45.1 10000
-44.0091 909.091
-42.9182 -8181.82
-41.9 -10000
-40.9 -10000
-39.9 -10000
-38.9 -10000
-37.9 -10000
-36.9 -10000
-35.9 -10000
-34.9 -10000
-33.9 -10000
-32.9 -10000
-31.9 -10000
-30.9 -10000
-29.9 -10000
-28.9 -10000
-27.9 -10000
-26.9 -10000
-25.9 -10000
-24.9 -10000
-23.9 -10000
-22.9 -10000
-21.9 -10000
-20.9 -10000
-19.9 -10000
-18.9 -10000
-17.9 -10000
-16.9 -10000
-15.9 -10000
-14.9 -10000
-13.9 -10000
-12.9 -10000
-11.9 -10000
-10.9 -10000
-9.9 -10000
-8.9 -10000
-7.9 -10000
-6.9 -10000
-5.9 -10000
-4.9 -10000
-3.9 -10000
-2.9 -10000
-1.9 -10000
-0.9 -10000
0.1 -10000
1.1 -10000
2.1 -10000
3.1 -10000
4.1 -10000
5.1 -10000
6.1 -10000
7.1 -10000
8.1 -10000
9.1 -10000
10.1 -10000
11.1 -10000
12.1 -10000
13.1 -10000
14.1 -10000
15.1 -10000
16.1 -10000
17.1 -10000
18.1 -10000
19.1 -10000
20.1 -10000
21.1 -10000
22.1 -10000
23.1 -10000
24.1 -10000
25.1 -10000
26.1 -10000
27.1 -10000
28.1 -10000
29.1 -10000
30.1 -10000
31.1 -10000
32.1 -10000
33.1 -10000
34.1 -10000
35.1 -10000
36.1 -10000
37.1 -10000
38.1 -10000
39.1 -10000
40.1 -10000
41.1 -10000
42.1 -10000
43.1 -10000
44.1 -10000
45.1 -10000
44.0091 -909.091
42.9182 8181.82
41.9 10000
40.9 10000
39.9 10000
38.9 10000
37.9 10000
36.9 10000
35.9 10000
34.9 10000
33.9 10000
32.9 10000
31.9 10000
30.9 10000
29.9 10000
28.9 10000
27.9 10000
26.9 10000
25.9 10000
24.9 10000
23.9 10000
22.9 10000
21.9 10000
20.9 10000
19.9 10000
18.9 10000
17.9 10000
16.9 10000
15.9 10000
14.9 10000
13.9 10000
12.9 10000
11.9 10000
10.9 10000
9.9 10000
8.9 10000
7.9 10000
6.9 10000
5.9 10000
4.9 10000
3.9 10000
2.9 10000
1.9 10000
0.9 10000
-0.1 10000
-1.1 10000
-2.1 10000
-3.1 10000
-4.1 10000
-5.1 10000
-6.1 10000
-7.1 10000
-8.1 10000
-9.1 10000
-10.1 10000
-11.1 10000
-12.1 10000
-13.1 10000
-14.1 10000
-15.1 10000
-16.1 10000
-17.1 10000
-18.1 10000
-19.1 10000
-20.1 10000
-21.1 10000
-22.1 10000
-23.1 10000
-24.1 10000
-25.1 10000
-26.1 10000
-27.1 10000
-28.1 10000
-29.1 10000
-30.1 10000
-31.1 10000
-32.1 10000
-33.1 10000
-34.1 10000
-35.1 10000
-36.1 10000
-37.1 10000
-38.1 10000
-39.1 10000
-40.1 10000
-41.1 10000
-42.1 10000
-43.1 10000
-44.1 10000
-45.1 10000
-46.1 10000
-47.1 10000
-48.1 10000
-49.1 10000
-50.1 10000
-51.1 10000
-52.1 10000
-53.1 10000
-54.1 10000
-55.1 10000
-54.0091 909.091
-52.9182 -8181.82
-51.9 -10000
-50.9 -10000
-49.9 -10000
-48.9 -10000
-47.9 -10000
-46.9 -10000
-45.9 -10000
-44.9 -10000
-43.9 -10000
-42.9 -10000
-41.9 -10000
-40.9 -10000
-39.9 -10000
-38.9 -10000
-37.9 -10000
-36.9 -10000
-35.9 -10000
-34.9 -10000
-33.9 -10000
-32.9 -10000
-31.9 -10000
-30.9 -10000
-29.9 -10000
-28.9 -10000
-27.9 -10000
-26.9 -10000
-25.9 -10000
-24.9 -10000
-23.9 -10000
-22.9 -10000
-21.9 -10000
-20.9 -10000
-19.9 -10000
-18.9 -10000
-17.9 -10000
-16.9 -10000
-15.9 -10000
-14.9 -10000
-13.9 -10000
-12.9 -10000
-11.9 -10000
-10.9 -10000
-9.9 -10000
-8.9 -10000
-7.9 -10000
-6.9 -10000
-5.9 -10000
-4.9 -10000
-3.9 -10000
-2.9 -10000
-1.9 -10000
-0.9 -10000
0.1 -10000
1.1 -10000
2.1 -10000
3.1 -10000
4.1 -10000
5.1 -10000
6.1 -10000
7.1 -10000
8.1 -10000
9.1 -10000
10.1 -10000
11.1 -10000
12.1 -10000
13.1 -10000
14.1 -10000
15.1 -10000
16.1 -10000
17.1 -10000
18.1 -10000
19.1 -10000
20.1 -10000
21.1 -10000
22.1 -10000
23.1 -10000
24.1 -10000
25.1 -10000
26.1 -10000
27.1 -10000
28.1 -10000
29.1 -10000
30.1 -10000
31.1 -10000
32.1 -10000
33.1 -10000
34.1 -10000
35.1 -10000
36.1 -10000
37.1 -10000
38.1 -10000
39.1 -10000
40.1 -10000
41.1 -10000
42.1 -10000
43.1 -10000
44.1 -10000
45.1 -10000
46.1 -10000
47.1 -10000
48.1 -10000
49.1 -10000
50.1 -10000
49.0091 -909.091
47.9182 8181.82
46.9 10000
45.9 10000
44.9 10000
43.9 10000
42.9 10000
41.9 10000
40.9 10000
39.9 10000
38.9 10000
37.9 10000
36.9 10000
35.9 10000
34.9 10000
33.9 10000
32.9 10000
31.9 10000
30.9 10000
29.9 10000
28.9 10000
27.9 10000
26.9 10000
25.9 10000
24.9 10000
23.9 10000
22.9 10000
21.9 10000
20.9 10000
19.9 10000
18.9 10000
17.9 10000
16.9 10000
15.9 10000
14.9 10000
13.9 10000
12.9 10000
11.9 10000
10.9 10000
9.9 10000
8.9 10000
7.9 10000
6.9 10000
5.9 10000
4.9 10000
3.9 10000
2.9 10000
1.9 10000
0.9 10000
-0.1 10000
