-0.000166667 -0.0001
-0.000333333 -0.0002
-0.0005 -0.0003
-0.000666667 -0.0004
-0.000833333 -0.0005
-0.001 -0.0006
-0.00116667 -0.0007
-0.00133333 -0.0008
-0.0015 -0.0009
-0.00166667 -0.001
-0.00183333 -0.0011
-0.002 -0.0012
-0.00216667 -0.0013
-0.00233333 -0.0014
-0.0025 -0.0015
-0.00266667 -0.0016
-0.00283333 -0.0017
-0.003 -0.0018
-0.00316667 -0.0019
-0.00333333 -0.002
-0.0035 -0.0021
-0.00366667 -0.0022
-0.00383333 -0.0023
-0.004 -0.0024
-0.00416667 -0.0025
-0.00433333 -0.0026
-0.0045 -0.0027
-0.00466667 -0.0028
-0.00483333 -0.0029
-0.005 -0.003
-0.00516667 -0.0031
-0.00533333 -0.0032
-0.0055 -0.0033
-0.00566667 -0.0034
-0.00583333 -0.0035
-0.006 -0.0036
-0.00616667 -0.0037
-0.00633333 -0.0038
-0.0065 -0.0039
-0.00666667 -0.004
-0.00683333 -0.0041
-0.007 -0.0042
-0.00716667 -0.0043
-0.00733333 -0.0044
-0.0075 -0.0045
-0.00766667 -0.0046
-0.00783333 -0.0047
-0.008 -0.0048
-0.00816667 -0.0049
-0.00833333 -0.005
-0.00816667 -0.0049
-0.008 -0.0048
-0.00783333 -0.0047
-0.00766667 -0.0046
-0.0075 -0.0045
-0.00733333 -0.0044
-0.00716667 -0.0043
-0.007 -0.0042
-0.00683333 -0.0041
-0.00666667 -0.004
-0.0065 -0.0039
-0.00633333 -0.0038
-0.00616667 -0.0037
-0.006 -0.0036
-0.00583333 -0.0035
-0.00566667 -0.0034
-0.0055 -0.0033
-0.00533333 -0.0032
-0.00516667 -0.0031
-0.005 -0.003
-0.00483333 -0.0029
-0.00466667 -0.0028
-0.0045 -0.0027
-0.00433333 -0.0026
-0.00416667 -0.0025
-0.004 -0.0024
-0.00383333 -0.0023
-0.00366667 -0.0022
-0.0035 -0.0021
-0.00333333 -0.002
-0.00316667 -0.0019
-0.003 -0.0018
-0.00283333 -0.0017
-0.00266667 -0.0016
-0.0025 -0.0015
-0.00233333 -0.0014
-0.00216667 -0.0013
-0.002 -0.0012
-0.00183333 -0.0011
-0.00166667 -0.001
-0.0015 -0.0009
-0.00133333 -0.0008
-0.00116667 -0.0007
-0.001 -0.0006
-0.000833333 -0.0005
-0.000666667 -0.0004
-0.0005 -0.0003
-0.000333333 -0.0002
-0.000166667 -0.0001
-1.123e-19 -2.43945e-19
0.000166667 0.0001
0.000333333 0.0002
0.0005 0.0003
0.000666667 0.0004
0.000833333 0.0005
0.001 0.0006
0.00116667 0.0007
0.00133333 0.0008
0.0015 0.0009
0.00166667 0.001
0.00183333 0.0011
0.002 0.0012
0.00216667 0.0013
0.00233333 0.0014
0.0025 0.0015
0.00266667 0.0016
0.00283333 0.0017
0.003 0.0018
0.00316667 0.0019
0.00333333 0.002
0.0035 0.0021
0.00366667 0.0022
0.00383333 0.0023
0.004 0.0024
0.00416667 0.0025
0.00433333 0.0026
0.0045 0.0027
0.00466667 0.0028
0.00483333 0.0029
0.005 0.003
0.00516667 0.0031
0.00533333 0.0032
0.0055 0.0033
0.00566667 0.0034
0.00583333 0.0035
0.006 0.0036
0.00616667 0.0037
0.00633333 0.0038
0.0065 0.0039
0.00666667 0.004
0.00683333 0.0041
0.007 0.0042
0.00716667 0.0043
0.00733333 0.0044
0.0075 0.0045
0.00766667 0.0046
0.00783333 0.0047
0.008 0.0048
0.00816667 0.0049
0.00833333 0.005
0.00816667 0.0049
0.008 0.0048
0.00783333 0.0047
0.00766667 0.0046
0.0075 0.0045
0.00733333 0.0044
0.00716667 0.0043
0.007 0.0042
0.00683333 0.0041
0.00666667 0.004
0.0065 0.0039
0.00633333 0.0038
0.00616667 0.0037
0.006 0.0036
0.00583333 0.0035
0.00566667 0.0034
0.0055 0.0033
0.00533333 0.0032
0.00516667 0.0031
0.005 0.003
0.00483333 0.0029
0.00466667 0.0028
0.0045 0.0027
0.00433333 0.0026
0.00416667 0.0025
0.004 0.0024
0.00383333 0.0023
0.00366667 0.0022
0.0035 0.0021
0.00333333 0.002
0.00316667 0.0019
0.003 0.0018
0.00283333 0.0017
0.00266667 0.0016
0.0025 0.0015
0.00233333 0.0014
0.00216667 0.0013
0.002 0.0012
0.00183333 0.0011
0.00166667 0.001
0.0015 0.0009
0.00133333 0.0008
0.00116667 0.0007
0.001 0.0006
0.000833333 0.0005
0.000666667 0.0004
0.0005 0.0003
0.000333333 0.0002
0.000166667 0.0001
6.03201e-19 2.43945e-19
-0.000166667 -0.0001
-0.000333333 -0.0002
-0.0005 -0.0003
-0.000666667 -0.0004
-0.000833333 -0.0005
-0.001 -0.0006
-0.00116667 -0.0007
-0.00133333 -0.0008
-0.0015 -0.0009
-0.00166667 -0.001
-0.00183333 -0.0011
-0.002 -0.0012
-0.00216667 -0.0013
-0.00233333 -0.0014
-0.0025 -0.0015
-0.00266667 -0.0016
-0.00283333 -0.0017
-0.003 -0.0018
-0.00316667 -0.0019
-0.00333333 -0.002
-0.0035 -0.0021
-0.00366667 -0.0022
-0.00383333 -0.0023
-0.004 -0.0024
-0.00416667 -0.0025
-0.00433333 -0.0026
-0.0045 -0.0027
-0.00466667 -0.0028
-0.00483333 -0.0029
-0.005 -0.003
-0.00516667 -0.0031
-0.00533333 -0.0032
-0.0055 -0.0033
-0.00566667 -0.0034
-0.00583333 -0.0035
-0.006 -0.0036
-0.00616667 -0.0037
-0.00633333 -0.0038
-0.0065 -0.0039
-0.00666667 -0.004
-0.00683333 -0.0041
-0.007 -0.0042
-0.00716667 -0.0043
-0.00733333 -0.0044
-0.0075 -0.0045
-0.00766667 -0.0046
-0.00783333 -0.0047
-0.008 -0.0048
-0.00816667 -0.0049
-0.00833333 -0.005
-0.0085 -0.0051
-0.00866667 -0.0052
-0.00883333 -0.0053
-0.009 -0.0054
-0.00916667 -0.0055
-0.00933333 -0.0056
-0.0095 -0.0057
-0.00966667 -0.0058
-0.00983333 -0.0059
-0.01 -0.006
-0.0101002 -0.0061
-0.0102004 -0.0062
-0.0103006 -0.0063
-0.0104008 -0.0064
-0.010501 -0.0065
-0.0106012 -0.0066
-0.0107014 -0.0067
-0.0108016 -0.0068
-0.0109018 -0.0069
-0.011002 -0.007
-0.0111022 -0.0071
-0.0112024 -0.0072
-0.0113026 -0.0073
-0.0114028 -0.0074
-0.011503 -0.0075
-0.0116032 -0.0076
-0.0117034 -0.0077
-0.0118036 -0.0078
-0.0119038 -0.0079
-0.012004 -0.008
-0.0121042 -0.0081
-0.0122044 -0.0082
-0.0123046 -0.0083
-0.0124048 -0.0084
-0.012505 -0.0085
-0.0126052 -0.0086
-0.0127054 -0.0087
-0.0128056 -0.0088
-0.0129058 -0.0089
-0.013006 -0.009
-0.0131062 -0.0091
-0.0132064 -0.0092
-0.0133066 -0.0093
-0.0134068 -0.0094
-0.013507 -0.0095
-0.0136072 -0.0096
-0.0137074 -0.0097
-0.0138076 -0.0098
-0.0139078 -0.0099
-0.014008 -0.01
-0.0141082 -0.0101
-0.0142084 -0.0102
-0.0143086 -0.0103
-0.0144088 -0.0104
-0.014509 -0.0105
-0.0146092 -0.0106
-0.0147094 -0.0107
-0.0148096 -0.0108
-0.0149098 -0.0109
-0.01501 -0.011
-0.0151102 -0.0111
-0.0152104 -0.0112
-0.0153106 -0.0113
-0.0154108 -0.0114
-0.015511 -0.0115
-0.0156112 -0.0116
-0.0157114 -0.0117
-0.0158116 -0.0118
-0.0159118 -0.0119
-0.016012 -0.012
-0.0161122 -0.0121
-0.0162124 -0.0122
-0.0163126 -0.0123
-0.0164128 -0.0124
-0.016513 -0.0125
-0.0166132 -0.0126
-0.0167134 -0.0127
-0.0168136 -0.0128
-0.0169138 -0.0129
-0.017014 -0.013
-0.0171142 -0.0131
-0.0172144 -0.0132
-0.0173146 -0.0133
-0.0174148 -0.0134
-0.017515 -0.0135
-0.0176152 -0.0136
-0.0177154 -0.0137
-0.0178156 -0.0138
-0.0179158 -0.0139
-0.018016 -0.014
-0.0181162 -0.0141
-0.0182164 -0.0142
-0.0183166 -0.0143
-0.0184168 -0.0144
-0.018517 -0.0145
-0.0186172 -0.0146
-0.0187174 -0.0147
-0.0188176 -0.0148
-0.0189178 -0.0149
-0.019018 -0.015
-0.0188513 -0.0149
-0.0186846 -0.0148
-0.018518 -0.0147
-0.0183513 -0.0146
-0.0181846 -0.0145
-0.018018 -0.0144
-0.0178513 -0.0143
-0.0176846 -0.0142
-0.017518 -0.0141
-0.0173513 -0.014
-0.0171846 -0.0139
-0.017018 -0.0138
-0.0168513 -0.0137
-0.0166846 -0.0136
-0.016518 -0.0135
-0.0163513 -0.0134
-0.0161846 -0.0133
-0.016018 -0.0132
-0.0158513 -0.0131
-0.0156846 -0.013
-0.015518 -0.0129
-0.0153513 -0.0128
-0.0151846 -0.0127
-0.015018 -0.0126
-0.0148513 -0.0125
-0.0146846 -0.0124
-0.014518 -0.0123
-0.0143513 -0.0122
-0.0141846 -0.0121
-0.014018 -0.012
-0.0138513 -0.0119
-0.0136846 -0.0118
-0.013518 -0.0117
-0.0133513 -0.0116
-0.0131846 -0.0115
-0.013018 -0.0114
-0.0128513 -0.0113
-0.0126846 -0.0112
-0.012518 -0.0111
-0.0123513 -0.011
-0.0121846 -0.0109
-0.012018 -0.0108
-0.0118513 -0.0107
-0.0116846 -0.0106
-0.011518 -0.0105
-0.0113513 -0.0104
-0.0111846 -0.0103
-0.011018 -0.0102
-0.0108513 -0.0101
-0.0106846 -0.01
-0.010518 -0.0099
-0.0103513 -0.0098
-0.0101846 -0.0097
-0.010018 -0.0096
-0.0098513 -0.0095
-0.00968463 -0.0094
-0.00951796 -0.0093
-0.0093513 -0.0092
-0.00918463 -0.0091
-0.00901796 -0.009
-0.0088513 -0.0089
-0.00868463 -0.0088
-0.00851796 -0.0087
-0.0083513 -0.0086
-0.00818463 -0.0085
-0.00801796 -0.0084
-0.0078513 -0.0083
-0.00768463 -0.0082
-0.00751796 -0.0081
-0.0073513 -0.008
-0.00718463 -0.0079
-0.00701796 -0.0078
-0.0068513 -0.0077
-0.00668463 -0.0076
-0.00651796 -0.0075
-0.0063513 -0.0074
-0.00618463 -0.0073
-0.00601796 -0.0072
-0.0058513 -0.0071
-0.00568463 -0.007
-0.00551796 -0.0069
-0.0053513 -0.0068
-0.00518463 -0.0067
-0.00501796 -0.0066
-0.0048513 -0.0065
-0.00468463 -0.0064
-0.00451796 -0.0063
-0.0043513 -0.0062
-0.00418463 -0.0061
-0.00401796 -0.006
-0.0038513 -0.0059
-0.00368463 -0.0058
-0.00351796 -0.0057
-0.0033513 -0.0056
-0.00318463 -0.0055
-0.00301796 -0.0054
-0.0028513 -0.0053
-0.00268463 -0.0052
-0.00251796 -0.0051
-0.0023513 -0.005
-0.00218463 -0.0049
-0.00201796 -0.0048
-0.0018513 -0.0047
-0.00168463 -0.0046
-0.00151796 -0.0045
-0.0013513 -0.0044
-0.00118463 -0.0043
-0.00101796 -0.0042
-0.000851297 -0.0041
-0.000684631 -0.004
-0.000517964 -0.0039
-0.000351297 -0.0038
-0.000184631 -0.0037
-1.79641e-05 -0.0036
0.000148703 -0.0035
0.000315369 -0.0034
0.000482036 -0.0033
0.000648703 -0.0032
0.000815369 -0.0031
0.000982036 -0.003
0.00108224 -0.0029
0.00118244 -0.0028
0.00128263 -0.0027
0.00138283 -0.0026
0.00148303 -0.0025
0.00158323 -0.0024
0.00168343 -0.0023
0.00178363 -0.0022
0.00188383 -0.0021
0.00198403 -0.002
0.00208423 -0.0019
0.00218443 -0.0018
0.00228463 -0.0017
0.00238483 -0.0016
0.00248503 -0.0015
0.00258523 -0.0014
0.00268543 -0.0013
0.00278563 -0.0012
0.00288583 -0.0011
0.00298603 -0.001
0.00308623 -0.0009
0.00318643 -0.0008
0.00328663 -0.0007
0.00338683 -0.0006
0.00348703 -0.0005
0.00358723 -0.0004
0.00368743 -0.0003
0.00378762 -0.0002
0.00388782 -0.0001
0.00398802 -2.43945e-19
0.00408822 0.0001
0.00418842 0.0002
0.00428862 0.0003
0.00438882 0.0004
0.00448902 0.0005
0.00458922 0.0006
0.00468942 0.0007
0.00478962 0.0008
0.00488982 0.0009
0.00499002 0.001
0.00509022 0.0011
0.00519042 0.0012
0.00529062 0.0013
0.00539082 0.0014
0.00549102 0.0015
0.00559122 0.0016
0.00569142 0.0017
0.00579162 0.0018
0.00589182 0.0019
0.00599202 0.002
0.00609222 0.0021
0.00619242 0.0022
0.00629261 0.0023
0.00639281 0.0024
0.00649301 0.0025
0.00659321 0.0026
0.00669341 0.0027
0.00679361 0.0028
0.00689381 0.0029
0.00699401 0.003
0.00709421 0.0031
0.00719441 0.0032
0.00729461 0.0033
0.00739481 0.0034
0.00749501 0.0035
0.00759521 0.0036
0.00769541 0.0037
0.00779561 0.0038
0.00789581 0.0039
0.00799601 0.004
0.00809621 0.0041
0.00819641 0.0042
0.00829661 0.0043
0.00839681 0.0044
0.00849701 0.0045
0.00859721 0.0046
0.00869741 0.0047
0.0087976 0.0048
0.0088978 0.0049
0.008998 0.005
0.0090982 0.0051
0.0091984 0.0052
0.0092986 0.0053
0.0093988 0.0054
0.009499 0.0055
0.0095992 0.0056
0.0096994 0.0057
0.0097996 0.0058
0.0098998 0.0059
0.01 0.006
0.0101002 0.0061
0.0102004 0.0062
0.0103006 0.0063
0.0104008 0.0064
0.010501 0.0065
0.0106012 0.0066
0.0107014 0.0067
0.0108016 0.0068
0.0109018 0.0069
0.011002 0.007
0.0111022 0.0071
0.0112024 0.0072
0.0113026 0.0073
0.0114028 0.0074
0.011503 0.0075
0.0116032 0.0076
0.0117034 0.0077
0.0118036 0.0078
0.0119038 0.0079
0.012004 0.008
0.0121042 0.0081
0.0122044 0.0082
0.0123046 0.0083
0.0124048 0.0084
0.012505 0.0085
0.0126052 0.0086
0.0127054 0.0087
0.0128056 0.0088
0.0129058 0.0089
0.013006 0.009
0.0131062 0.0091
0.0132064 0.0092
0.0133066 0.0093
0.0134068 0.0094
0.013507 0.0095
0.0136072 0.0096
0.0137074 0.0097
0.0138076 0.0098
0.0139078 0.0099
0.014008 0.01
0.0141082 0.0101
0.0142084 0.0102
0.0143086 0.0103
0.0144088 0.0104
0.014509 0.0105
0.0146092 0.0106
0.0147094 0.0107
0.0148096 0.0108
0.0149098 0.0109
0.01501 0.011
0.0151102 0.0111
0.0152104 0.0112
0.0153106 0.0113
0.0154108 0.0114
0.015511 0.0115
0.0156112 0.0116
0.0157114 0.0117
0.0158116 0.0118
0.0159118 0.0119
0.016012 0.012
0.0161122 0.0121
0.0162124 0.0122
0.0163126 0.0123
0.0164128 0.0124
0.016513 0.0125
0.0166132 0.0126
0.0167134 0.0127
0.0168136 0.0128
0.0169138 0.0129
0.017014 0.013
0.0171142 0.0131
0.0172144 0.0132
0.0173146 0.0133
0.0174148 0.0134
0.017515 0.0135
0.0176152 0.0136
0.0177154 0.0137
0.0178156 0.0138
0.0179158 0.0139
0.018016 0.014
0.0181162 0.0141
0.0182164 0.0142
0.0183166 0.0143
0.0184168 0.0144
0.018517 0.0145
0.0186172 0.0146
0.0187174 0.0147
0.0188176 0.0148
0.0189178 0.0149
0.019018 0.015
0.0188513 0.0149
0.0186846 0.0148
0.018518 0.0147
0.0183513 0.0146
0.0181846 0.0145
0.018018 0.0144
0.0178513 0.0143
0.0176846 0.0142
0.017518 0.0141
0.0173513 0.014
0.0171846 0.0139
0.017018 0.0138
0.0168513 0.0137
0.0166846 0.0136
0.016518 0.0135
0.0163513 0.0134
0.0161846 0.0133
0.016018 0.0132
0.0158513 0.0131
0.0156846 0.013
0.015518 0.0129
0.0153513 0.0128
0.0151846 0.0127
0.015018 0.0126
0.0148513 0.0125
0.0146846 0.0124
0.014518 0.0123
0.0143513 0.0122
0.0141846 0.0121
0.014018 0.012
0.0138513 0.0119
0.0136846 0.0118
0.013518 0.0117
0.0133513 0.0116
0.0131846 0.0115
0.013018 0.0114
0.0128513 0.0113
0.0126846 0.0112
0.012518 0.0111
0.0123513 0.011
0.0121846 0.0109
0.012018 0.0108
0.0118513 0.0107
0.0116846 0.0106
0.011518 0.0105
0.0113513 0.0104
0.0111846 0.0103
0.011018 0.0102
0.0108513 0.0101
0.0106846 0.01
0.010518 0.0099
0.0103513 0.0098
0.0101846 0.0097
0.010018 0.0096
0.0098513 0.0095
0.00968463 0.0094
0.00951796 0.0093
0.0093513 0.0092
0.00918463 0.0091
0.00901796 0.009
0.0088513 0.0089
0.00868463 0.0088
0.00851796 0.0087
0.0083513 0.0086
0.00818463 0.0085
0.00801796 0.0084
0.0078513 0.0083
0.00768463 0.0082
0.00751796 0.0081
0.0073513 0.008
0.00718463 0.0079
0.00701796 0.0078
0.0068513 0.0077
0.00668463 0.0076
0.00651796 0.0075
0.0063513 0.0074
0.00618463 0.0073
0.00601796 0.0072
0.0058513 0.0071
0.00568463 0.007
0.00551796 0.0069
0.0053513 0.0068
0.00518463 0.0067
0.00501796 0.0066
0.0048513 0.0065
0.00468463 0.0064
0.00451796 0.0063
0.0043513 0.0062
0.00418463 0.0061
0.00401796 0.006
0.0038513 0.0059
0.00368463 0.0058
0.00351796 0.0057
0.0033513 0.0056
0.00318463 0.0055
0.00301796 0.0054
0.0028513 0.0053
0.00268463 0.0052
0.00251796 0.0051
0.0023513 0.005
0.00218463 0.0049
0.00201796 0.0048
0.0018513 0.0047
0.00168463 0.0046
0.00151796 0.0045
0.0013513 0.0044
0.00118463 0.0043
0.00101796 0.0042
0.000851297 0.0041
0.000684631 0.004
0.000517964 0.0039
0.000351297 0.0038
0.000184631 0.0037
1.79641e-05 0.0036
-0.000148703 0.0035
-0.000315369 0.0034
-0.000482036 0.0033
-0.000648703 0.0032
-0.000815369 0.0031
-0.000982036 0.003
-0.00108224 0.0029
-0.00118244 0.0028
-0.00128263 0.0027
-0.00138283 0.0026
-0.00148303 0.0025
-0.00158323 0.0024
-0.00168343 0.0023
-0.00178363 0.0022
-0.00188383 0.0021
-0.00198403 0.002
-0.00208423 0.0019
-0.00218443 0.0018
-0.00228463 0.0017
-0.00238483 0.0016
-0.00248503 0.0015
-0.00258523 0.0014
-0.00268543 0.0013
-0.00278563 0.0012
-0.00288583 0.0011
-0.00298603 0.001
-0.00308623 0.0009
-0.00318643 0.0008
-0.00328663 0.0007
-0.00338683 0.0006
-0.00348703 0.0005
-0.00358723 0.0004
-0.00368743 0.0003
-0.00378762 0.0002
-0.00388782 0.0001
-0.00398802 2.43945e-19
-0.00408822 -0.0001
-0.00418842 -0.0002
-0.00428862 -0.0003
-0.00438882 -0.0004
-0.00448902 -0.0005
-0.00458922 -0.0006
-0.00468942 -0.0007
-0.00478962 -0.0008
-0.00488982 -0.0009
-0.00499002 -0.001
-0.00509022 -0.0011
-0.00519042 -0.0012
-0.00529062 -0.0013
-0.00539082 -0.0014
-0.00549102 -0.0015
-0.00559122 -0.0016
-0.00569142 -0.0017
-0.00579162 -0.0018
-0.00589182 -0.0019
-0.00599202 -0.002
-0.00609222 -0.0021
-0.00619242 -0.0022
-0.00629261 -0.0023
-0.00639281 -0.0024
-0.00649301 -0.0025
-0.00659321 -0.0026
-0.00669341 -0.0027
-0.00679361 -0.0028
-0.00689381 -0.0029
-0.00699401 -0.003
-0.00709421 -0.0031
-0.00719441 -0.0032
-0.00729461 -0.0033
-0.00739481 -0.0034
-0.00749501 -0.0035
-0.00759521 -0.0036
-0.00769541 -0.0037
-0.00779561 -0.0038
-0.00789581 -0.0039
-0.00799601 -0.004
-0.00809621 -0.0041
-0.00819641 -0.0042
-0.00829661 -0.0043
-0.00839681 -0.0044
-0.00849701 -0.0045
-0.00859721 -0.0046
-0.00869741 -0.0047
-0.0087976 -0.0048
-0.0088978 -0.0049
-0.008998 -0.005
-0.0090982 -0.0051
-0.0091984 -0.0052
-0.0092986 -0.0053
-0.0093988 -0.0054
-0.009499 -0.0055
-0.0095992 -0.0056
-0.0096994 -0.0057
-0.0097996 -0.0058
-0.0098998 -0.0059
-0.01 -0.006
-0.0101002 -0.0061
-0.0102004 -0.0062
-0.0103006 -0.0063
-0.0104008 -0.0064
-0.010501 -0.0065
-0.0106012 -0.0066
-0.0107014 -0.0067
-0.0108016 -0.0068
-0.0109018 -0.0069
-0.011002 -0.007
-0.0111022 -0.0071
-0.0112024 -0.0072
-0.0113026 -0.0073
-0.0114028 -0.0074
-0.011503 -0.0075
-0.0116032 -0.0076
-0.0117034 -0.0077
-0.0118036 -0.0078
-0.0119038 -0.0079
-0.012004 -0.008
-0.0121042 -0.0081
-0.0122044 -0.0082
-0.0123046 -0.0083
-0.0124048 -0.0084
-0.012505 -0.0085
-0.0126052 -0.0086
-0.0127054 -0.0087
-0.0128056 -0.0088
-0.0129058 -0.0089
-0.013006 -0.009
-0.0131062 -0.0091
-0.0132064 -0.0092
-0.0133066 -0.0093
-0.0134068 -0.0094
-0.013507 -0.0095
-0.0136072 -0.0096
-0.0137074 -0.0097
-0.0138076 -0.0098
-0.0139078 -0.0099
-0.014008 -0.01
-0.0141082 -0.0101
-0.0142084 -0.0102
-0.0143086 -0.0103
-0.0144088 -0.0104
-0.014509 -0.0105
-0.0146092 -0.0106
-0.0147094 -0.0107
-0.0148096 -0.0108
-0.0149098 -0.0109
-0.01501 -0.011
-0.0151102 -0.0111
-0.0152104 -0.0112
-0.0153106 -0.0113
-0.0154108 -0.0114
-0.015511 -0.0115
-0.0156112 -0.0116
-0.0157114 -0.0117
-0.0158116 -0.0118
-0.0159118 -0.0119
-0.016012 -0.012
-0.0161122 -0.0121
-0.0162124 -0.0122
-0.0163126 -0.0123
-0.0164128 -0.0124
-0.016513 -0.0125
-0.0166132 -0.0126
-0.0167134 -0.0127
-0.0168136 -0.0128
-0.0169138 -0.0129
-0.017014 -0.013
-0.0171142 -0.0131
-0.0172144 -0.0132
-0.0173146 -0.0133
-0.0174148 -0.0134
-0.017515 -0.0135
-0.0176152 -0.0136
-0.0177154 -0.0137
-0.0178156 -0.0138
-0.0179158 -0.0139
-0.018016 -0.014
-0.0181162 -0.0141
-0.0182164 -0.0142
-0.0183166 -0.0143
-0.0184168 -0.0144
-0.018517 -0.0145
-0.0186172 -0.0146
-0.0187174 -0.0147
-0.0188176 -0.0148
-0.0189178 -0.0149
-0.019018 -0.015
-0.0191182 -0.0151
-0.0192184 -0.0152
-0.0193186 -0.0153
-0.0194188 -0.0154
-0.019519 -0.0155
-0.0196192 -0.0156
-0.0197194 -0.0157
-0.0198196 -0.0158
-0.0199198 -0.0159
-0.02002 -0.016
-0.0201202 -0.0161
-0.0202204 -0.0162
-0.0203206 -0.0163
-0.0204208 -0.0164
-0.020521 -0.0165
-0.0206212 -0.0166
-0.0207214 -0.0167
-0.0208216 -0.0168
-0.0209218 -0.0169
-0.021022 -0.017
-0.0211222 -0.0171
-0.0212224 -0.0172
-0.0213226 -0.0173
-0.0214228 -0.0174
-0.021523 -0.0175
-0.0216232 -0.0176
-0.0217234 -0.0177
-0.0218236 -0.0178
-0.0219238 -0.0179
-0.022024 -0.018
-0.0221242 -0.0181
-0.0222244 -0.0182
-0.0223246 -0.0183
-0.0224248 -0.0184
-0.022525 -0.0185
-0.0226251 -0.0186
-0.0227253 -0.0187
-0.0228255 -0.0188
-0.0229257 -0.0189
-0.0230259 -0.019
-0.0231261 -0.0191
-0.0232263 -0.0192
-0.0233265 -0.0193
-0.0234267 -0.0194
-0.0235269 -0.0195
-0.0236271 -0.0196
-0.0237273 -0.0197
-0.0238275 -0.0198
-0.0239277 -0.0199
-0.0240279 -0.02
-0.0241281 -0.0201
-0.0242283 -0.0202
-0.0243285 -0.0203
-0.0244287 -0.0204
-0.0245289 -0.0205
-0.0246291 -0.0206
-0.0247293 -0.0207
-0.0248295 -0.0208
-0.0249297 -0.0209
-0.0250299 -0.021
-0.0251301 -0.0211
-0.0252303 -0.0212
-0.0253305 -0.0213
-0.0254307 -0.0214
-0.0255309 -0.0215
-0.0256311 -0.0216
-0.0257313 -0.0217
-0.0258315 -0.0218
-0.0259317 -0.0219
-0.0260319 -0.022
-0.0261321 -0.0221
-0.0262323 -0.0222
-0.0263325 -0.0223
-0.0264327 -0.0224
-0.0265329 -0.0225
-0.0266331 -0.0226
-0.0267333 -0.0227
-0.0268335 -0.0228
-0.0269337 -0.0229
-0.0270339 -0.023
-0.0271341 -0.0231
-0.0272343 -0.0232
-0.0273345 -0.0233
-0.0274347 -0.0234
-0.0275349 -0.0235
-0.0276351 -0.0236
-0.0277353 -0.0237
-0.0278355 -0.0238
-0.0279357 -0.0239
-0.0280359 -0.024
-0.0281361 -0.0241
-0.0282363 -0.0242
-0.0283365 -0.0243
-0.0284367 -0.0244
-0.0285369 -0.0245
-0.0286371 -0.0246
-0.0287373 -0.0247
-0.0288375 -0.0248
-0.0289377 -0.0249
-0.0290379 -0.025
-0.0288713 -0.0249
-0.0287046 -0.0248
-0.0285379 -0.0247
-0.0283713 -0.0246
-0.0282046 -0.0245
-0.0280379 -0.0244
-0.0278713 -0.0243
-0.0277046 -0.0242
-0.0275379 -0.0241
-0.0273713 -0.024
-0.0272046 -0.0239
-0.0270379 -0.0238
-0.0268713 -0.0237
-0.0267046 -0.0236
-0.0265379 -0.0235
-0.0263713 -0.0234
-0.0262046 -0.0233
-0.0260379 -0.0232
-0.0258713 -0.0231
-0.0257046 -0.023
-0.0255379 -0.0229
-0.0253713 -0.0228
-0.0252046 -0.0227
-0.0250379 -0.0226
-0.0248713 -0.0225
-0.0247046 -0.0224
-0.0245379 -0.0223
-0.0243713 -0.0222
-0.0242046 -0.0221
-0.0240379 -0.022
-0.0238713 -0.0219
-0.0237046 -0.0218
-0.0235379 -0.0217
-0.0233713 -0.0216
-0.0232046 -0.0215
-0.0230379 -0.0214
-0.0228713 -0.0213
-0.0227046 -0.0212
-0.0225379 -0.0211
-0.0223713 -0.021
-0.0222046 -0.0209
-0.0220379 -0.0208
-0.0218713 -0.0207
-0.0217046 -0.0206
-0.0215379 -0.0205
-0.0213713 -0.0204
-0.0212046 -0.0203
-0.0210379 -0.0202
-0.0208713 -0.0201
-0.0207046 -0.02
-0.0205379 -0.0199
-0.0203713 -0.0198
-0.0202046 -0.0197
-0.0200379 -0.0196
-0.0198713 -0.0195
-0.0197046 -0.0194
-0.0195379 -0.0193
-0.0193713 -0.0192
-0.0192046 -0.0191
-0.0190379 -0.019
-0.0188713 -0.0189
-0.0187046 -0.0188
-0.0185379 -0.0187
-0.0183713 -0.0186
-0.0182046 -0.0185
-0.0180379 -0.0184
-0.0178713 -0.0183
-0.0177046 -0.0182
-0.0175379 -0.0181
-0.0173713 -0.018
-0.0172046 -0.0179
-0.0170379 -0.0178
-0.0168713 -0.0177
-0.0167046 -0.0176
-0.0165379 -0.0175
-0.0163713 -0.0174
-0.0162046 -0.0173
-0.0160379 -0.0172
-0.0158713 -0.0171
-0.0157046 -0.017
-0.0155379 -0.0169
-0.0153713 -0.0168
-0.0152046 -0.0167
-0.0150379 -0.0166
-0.0148713 -0.0165
-0.0147046 -0.0164
-0.0145379 -0.0163
-0.0143713 -0.0162
-0.0142046 -0.0161
-0.0140379 -0.016
-0.0138713 -0.0159
-0.0137046 -0.0158
-0.0135379 -0.0157
-0.0133713 -0.0156
-0.0132046 -0.0155
-0.0130379 -0.0154
-0.0128713 -0.0153
-0.0127046 -0.0152
-0.0125379 -0.0151
-0.0123713 -0.015
-0.0122046 -0.0149
-0.0120379 -0.0148
-0.0118713 -0.0147
-0.0117046 -0.0146
-0.0115379 -0.0145
-0.0113713 -0.0144
-0.0112046 -0.0143
-0.0110379 -0.0142
-0.0108713 -0.0141
-0.0107046 -0.014
-0.0105379 -0.0139
-0.0103713 -0.0138
-0.0102046 -0.0137
-0.0100379 -0.0136
-0.00987126 -0.0135
-0.00970459 -0.0134
-0.00953792 -0.0133
-0.00937126 -0.0132
-0.00920459 -0.0131
-0.00903792 -0.013
-0.00893772 -0.0129
-0.00883752 -0.0128
-0.00873733 -0.0127
-0.00863713 -0.0126
-0.00853693 -0.0125
-0.00843673 -0.0124
-0.00833653 -0.0123
-0.00823633 -0.0122
-0.00813613 -0.0121
-0.00803593 -0.012
-0.00793573 -0.0119
-0.00783553 -0.0118
-0.00773533 -0.0117
-0.00763513 -0.0116
-0.00753493 -0.0115
-0.00743473 -0.0114
-0.00733453 -0.0113
-0.00723433 -0.0112
-0.00713413 -0.0111
-0.00703393 -0.011
-0.00693373 -0.0109
-0.00683353 -0.0108
-0.00673333 -0.0107
-0.00663313 -0.0106
-0.00653293 -0.0105
-0.00643273 -0.0104
-0.00633253 -0.0103
-0.00623234 -0.0102
-0.00613214 -0.0101
-0.00603194 -0.01
-0.00593174 -0.0099
-0.00583154 -0.0098
-0.00573134 -0.0097
-0.00563114 -0.0096
-0.00553094 -0.0095
-0.00543074 -0.0094
-0.00533054 -0.0093
-0.00523034 -0.0092
-0.00513014 -0.0091
-0.00502994 -0.009
-0.00492974 -0.0089
-0.00482954 -0.0088
-0.00472934 -0.0087
-0.00462914 -0.0086
-0.00452894 -0.0085
-0.00442874 -0.0084
-0.00432854 -0.0083
-0.00422834 -0.0082
-0.00412814 -0.0081
-0.00402794 -0.008
-0.00392774 -0.0079
-0.00382754 -0.0078
-0.00372735 -0.0077
-0.00362715 -0.0076
-0.00352695 -0.0075
-0.00342675 -0.0074
-0.00332655 -0.0073
-0.00322635 -0.0072
-0.00312615 -0.0071
-0.00302595 -0.007
-0.00292575 -0.0069
-0.00282555 -0.0068
-0.00272535 -0.0067
-0.00262515 -0.0066
-0.00252495 -0.0065
-0.00242475 -0.0064
-0.00232455 -0.0063
-0.00222435 -0.0062
-0.00212415 -0.0061
-0.00202395 -0.006
-0.00192375 -0.0059
-0.00182355 -0.0058
-0.00172335 -0.0057
-0.00162315 -0.0056
-0.00152295 -0.0055
-0.00142275 -0.0054
-0.00132255 -0.0053
-0.00122236 -0.0052
-0.00112216 -0.0051
-0.00102196 -0.005
-0.000921756 -0.0049
-0.000821557 -0.0048
-0.000721357 -0.0047
-0.000621158 -0.0046
-0.000520958 -0.0045
-0.000420758 -0.0044
-0.000320559 -0.0043
-0.000220359 -0.0042
-0.00012016 -0.0041
-1.99601e-05 -0.004
8.02395e-05 -0.0039
0.000180439 -0.0038
0.000280639 -0.0037
0.000380838 -0.0036
0.000481038 -0.0035
0.000581238 -0.0034
0.000681437 -0.0033
0.000781637 -0.0032
0.000881836 -0.0031
0.000982036 -0.003
0.00108224 -0.0029
0.00118244 -0.0028
0.00128263 -0.0027
0.00138283 -0.0026
0.00148303 -0.0025
0.00158323 -0.0024
0.00168343 -0.0023
0.00178363 -0.0022
0.00188383 -0.0021
0.00198403 -0.002
0.00208423 -0.0019
0.00218443 -0.0018
0.00228463 -0.0017
0.00238483 -0.0016
0.00248503 -0.0015
0.00258523 -0.0014
0.00268543 -0.0013
0.00278563 -0.0012
0.00288583 -0.0011
0.00298603 -0.001
0.00308623 -0.0009
0.00318643 -0.0008
0.00328663 -0.0007
0.00338683 -0.0006
0.00348703 -0.0005
0.00358723 -0.0004
0.00368743 -0.0003
0.00378762 -0.0002
0.00388782 -0.0001
0.00398802 -2.43945e-19
0.00408822 0.0001
0.00418842 0.0002
0.00428862 0.0003
0.00438882 0.0004
0.00448902 0.0005
0.00458922 0.0006
0.00468942 0.0007
0.00478962 0.0008
0.00488982 0.0009
0.00499002 0.001
0.00509022 0.0011
0.00519042 0.0012
0.00529062 0.0013
0.00539082 0.0014
0.00549102 0.0015
0.00559122 0.0016
0.00569142 0.0017
0.00579162 0.0018
0.00589182 0.0019
0.00599202 0.002
0.00609222 0.0021
0.00619242 0.0022
0.00629261 0.0023
0.00639281 0.0024
0.00649301 0.0025
0.00659321 0.0026
0.00669341 0.0027
0.00679361 0.0028
0.00689381 0.0029
0.00699401 0.003
0.00709421 0.0031
0.00719441 0.0032
0.00729461 0.0033
0.00739481 0.0034
0.00749501 0.0035
0.00759521 0.0036
0.00769541 0.0037
0.00779561 0.0038
0.00789581 0.0039
0.00799601 0.004
0.00809621 0.0041
0.00819641 0.0042
0.00829661 0.0043
0.00839681 0.0044
0.00849701 0.0045
0.00859721 0.0046
0.00869741 0.0047
0.0087976 0.0048
0.0088978 0.0049
0.008998 0.005
0.0090982 0.0051
0.0091984 0.0052
0.0092986 0.0053
0.0093988 0.0054
0.009499 0.0055
0.0095992 0.0056
0.0096994 0.0057
0.0097996 0.0058
0.0098998 0.0059
0.01 0.006
0.0101002 0.0061
0.0102004 0.0062
0.0103006 0.0063
0.0104008 0.0064
0.010501 0.0065
0.0106012 0.0066
0.0107014 0.0067
0.0108016 0.0068
0.0109018 0.0069
0.011002 0.007
0.0111022 0.0071
0.0112024 0.0072
0.0113026 0.0073
0.0114028 0.0074
0.011503 0.0075
0.0116032 0.0076
0.0117034 0.0077
0.0118036 0.0078
0.0119038 0.0079
0.012004 0.008
0.0121042 0.0081
0.0122044 0.0082
0.0123046 0.0083
0.0124048 0.0084
0.012505 0.0085
0.0126052 0.0086
0.0127054 0.0087
0.0128056 0.0088
0.0129058 0.0089
0.013006 0.009
0.0131062 0.0091
0.0132064 0.0092
0.0133066 0.0093
0.0134068 0.0094
0.013507 0.0095
0.0136072 0.0096
0.0137074 0.0097
0.0138076 0.0098
0.0139078 0.0099
0.014008 0.01
0.0141082 0.0101
0.0142084 0.0102
0.0143086 0.0103
0.0144088 0.0104
0.014509 0.0105
0.0146092 0.0106
0.0147094 0.0107
0.0148096 0.0108
0.0149098 0.0109
0.01501 0.011
0.0151102 0.0111
0.0152104 0.0112
0.0153106 0.0113
0.0154108 0.0114
0.015511 0.0115
0.0156112 0.0116
0.0157114 0.0117
0.0158116 0.0118
0.0159118 0.0119
0.016012 0.012
0.0161122 0.0121
0.0162124 0.0122
0.0163126 0.0123
0.0164128 0.0124
0.016513 0.0125
0.0166132 0.0126
0.0167134 0.0127
0.0168136 0.0128
0.0169138 0.0129
0.017014 0.013
0.0171142 0.0131
0.0172144 0.0132
0.0173146 0.0133
0.0174148 0.0134
0.017515 0.0135
0.0176152 0.0136
0.0177154 0.0137
0.0178156 0.0138
0.0179158 0.0139
0.018016 0.014
0.0181162 0.0141
0.0182164 0.0142
0.0183166 0.0143
0.0184168 0.0144
0.018517 0.0145
0.0186172 0.0146
0.0187174 0.0147
0.0188176 0.0148
0.0189178 0.0149
0.019018 0.015
0.0191182 0.0151
0.0192184 0.0152
0.0193186 0.0153
0.0194188 0.0154
0.019519 0.0155
0.0196192 0.0156
0.0197194 0.0157
0.0198196 0.0158
0.0199198 0.0159
0.02002 0.016
0.0201202 0.0161
0.0202204 0.0162
0.0203206 0.0163
0.0204208 0.0164
0.020521 0.0165
0.0206212 0.0166
0.0207214 0.0167
0.0208216 0.0168
0.0209218 0.0169
0.021022 0.017
0.0211222 0.0171
0.0212224 0.0172
0.0213226 0.0173
0.0214228 0.0174
0.021523 0.0175
0.0216232 0.0176
0.0217234 0.0177
0.0218236 0.0178
0.0219238 0.0179
0.022024 0.018
0.0221242 0.0181
0.0222244 0.0182
0.0223246 0.0183
0.0224248 0.0184
0.022525 0.0185
0.0226251 0.0186
0.0227253 0.0187
0.0228255 0.0188
0.0229257 0.0189
0.0230259 0.019
0.0231261 0.0191
0.0232263 0.0192
0.0233265 0.0193
0.0234267 0.0194
0.0235269 0.0195
0.0236271 0.0196
0.0237273 0.0197
0.0238275 0.0198
0.0239277 0.0199
0.0240279 0.02
0.0241281 0.0201
0.0242283 0.0202
0.0243285 0.0203
0.0244287 0.0204
0.0245289 0.0205
0.0246291 0.0206
0.0247293 0.0207
0.0248295 0.0208
0.0249297 0.0209
0.0250299 0.021
0.0251301 0.0211
0.0252303 0.0212
0.0253305 0.0213
0.0254307 0.0214
0.0255309 0.0215
0.0256311 0.0216
0.0257313 0.0217
0.0258315 0.0218
0.0259317 0.0219
0.0260319 0.022
0.0261321 0.0221
0.0262323 0.0222
0.0263325 0.0223
0.0264327 0.0224
0.0265329 0.0225
0.0266331 0.0226
0.0267333 0.0227
0.0268335 0.0228
0.0269337 0.0229
0.0270339 0.023
0.0271341 0.0231
0.0272343 0.0232
0.0273345 0.0233
0.0274347 0.0234
0.0275349 0.0235
0.0276351 0.0236
0.0277353 0.0237
0.0278355 0.0238
0.0279357 0.0239
0.0280359 0.024
0.0281361 0.0241
0.0282363 0.0242
0.0283365 0.0243
0.0284367 0.0244
0.0285369 0.0245
0.0286371 0.0246
0.0287373 0.0247
0.0288375 0.0248
0.0289377 0.0249
0.0290379 0.025
0.0273713 0.024
0.0257046 0.023
0.0240379 0.022
0.0223713 0.021
0.0207046 0.02
0.0190379 0.019
0.0173713 0.018
0.0157046 0.017
0.0140379 0.016
0.0123713 0.015
0.0107046 0.014
0.00903792 0.013
0.00803593 0.012
0.00703393 0.011
0.00603194 0.01
0.00502994 0.009
0.00402794 0.008
0.00302595 0.007
0.00202395 0.006
0.00102196 0.005
1.99601e-05 0.004
-0.000982036 0.003
-0.00198403 0.002
-0.00298603 0.001
-0.00398802 -1.11022e-16
-0.00499002 -0.001
-0.00599202 -0.002
-0.00699401 -0.003
-0.00799601 -0.004
-0.008998 -0.005
-0.01 -0.006
-0.011002 -0.007
-0.012004 -0.008
-0.013006 -0.009
-0.014008 -0.01
-0.01501 -0.011
-0.016012 -0.012
-0.017014 -0.013
-0.018016 -0.014
-0.019018 -0.015
-0.02002 -0.016
-0.021022 -0.017
-0.022024 -0.018
-0.0230259 -0.019
-0.0240279 -0.02
-0.0250299 -0.021
-0.0260319 -0.022
-0.0270339 -0.023
-0.0280359 -0.024
-0.0290379 -0.025
-0.0300399 -0.026
-0.0310419 -0.027
-0.0320439 -0.028
-0.0330459 -0.029
-0.0340479 -0.03
-0.0350499 -0.031
-0.0360519 -0.032
-0.0370539 -0.033
-0.0380559 -0.034
-0.0390579 -0.035
-0.0373912 -0.034
-0.0357246 -0.033
-0.0340579 -0.032
-0.0323912 -0.031
-0.0307246 -0.03
-0.0290579 -0.029
-0.0273912 -0.028
-0.0257246 -0.027
-0.0240579 -0.026
-0.0223912 -0.025
-0.0207246 -0.024
-0.0190579 -0.023
-0.0180559 -0.022
-0.0170539 -0.021
-0.0160519 -0.02
-0.0150499 -0.019
-0.0140479 -0.018
-0.0130459 -0.017
-0.0120439 -0.016
-0.0110419 -0.015
-0.0100399 -0.014
-0.00903792 -0.013
-0.00803593 -0.012
-0.00703393 -0.011
-0.00603194 -0.01
-0.00502994 -0.009
-0.00402794 -0.008
-0.00302595 -0.007
-0.00202395 -0.006
-0.00102196 -0.005
-1.99601e-05 -0.004
0.000982036 -0.003
0.00198403 -0.002
0.00298603 -0.001
0.00398802 -1.11022e-16
0.00499002 0.001
0.00599202 0.002
0.00699401 0.003
0.00799601 0.004
0.008998 0.005
0.01 0.006
0.011002 0.007
0.012004 0.008
0.013006 0.009
0.014008 0.01
0.01501 0.011
0.016012 0.012
0.017014 0.013
0.018016 0.014
0.019018 0.015
0.02002 0.016
0.021022 0.017
0.022024 0.018
0.0230259 0.019
0.0240279 0.02
0.0250299 0.021
0.0260319 0.022
0.0270339 0.023
0.0280359 0.024
0.0290379 0.025
0.0300399 0.026
0.0310419 0.027
0.0320439 0.028
0.0330459 0.029
0.0340479 0.03
0.0350499 0.031
0.0360519 0.032
0.0370539 0.033
0.0380559 0.034
0.0390579 0.035
0.0373912 0.034
0.0357246 0.033
0.0340579 0.032
0.0323912 0.031
0.0307246 0.03
0.0290579 0.029
0.0273912 0.028
0.0257246 0.027
0.0240579 0.026
0.0223912 0.025
0.0207246 0.024
0.0190579 0.023
0.0180559 0.022
0.0170539 0.021
0.0160519 0.02
0.0150499 0.019
0.0140479 0.018
0.0130459 0.017
0.0120439 0.016
0.0110419 0.015
0.0100399 0.014
0.00903792 0.013
0.00803593 0.012
0.00703393 0.011
0.00603194 0.01
0.00502994 0.009
0.00402794 0.008
0.00302595 0.007
0.00202395 0.006
0.00102196 0.005
1.99601e-05 0.004
-0.000982036 0.003
-0.00198403 0.002
-0.00298603 0.001
-0.00398802 -1.11022e-16
-0.00499002 -0.001
-0.00599202 -0.002
-0.00699401 -0.003
-0.00799601 -0.004
-0.008998 -0.005
-0.01 -0.006
-0.011002 -0.007
-0.012004 -0.008
-0.013006 -0.009
-0.014008 -0.01
-0.01501 -0.011
-0.016012 -0.012
-0.017014 -0.013
-0.018016 -0.014
-0.019018 -0.015
-0.02002 -0.016
-0.021022 -0.017
-0.022024 -0.018
-0.0230259 -0.019
-0.0240279 -0.02
-0.0250299 -0.021
-0.0260319 -0.022
-0.0270339 -0.023
-0.0280359 -0.024
-0.0290379 -0.025
-0.0300399 -0.026
-0.0310419 -0.027
-0.0320439 -0.028
-0.0330459 -0.029
-0.0340479 -0.03
-0.0350499 -0.031
-0.0360519 -0.032
-0.0370539 -0.033
-0.0380559 -0.034
-0.0390579 -0.035
-0.0400599 -0.036
-0.0410619 -0.037
-0.0420639 -0.038
-0.0430659 -0.039
-0.0440679 -0.04
-0.0450699 -0.041
-0.0460719 -0.042
-0.0470739 -0.043
-0.0480758 -0.044
-0.0490778 -0.045
-0.0474112 -0.044
-0.0457445 -0.043
-0.0440778 -0.042
-0.0424112 -0.041
-0.0407445 -0.04
-0.0390778 -0.039
-0.0374112 -0.038
-0.0357445 -0.037
-0.0340778 -0.036
-0.0324112 -0.035
-0.0307445 -0.034
-0.0290778 -0.033
-0.0280758 -0.032
-0.0270739 -0.031
-0.0260719 -0.03
-0.0250699 -0.029
-0.0240679 -0.028
-0.0230659 -0.027
-0.0220639 -0.026
-0.0210619 -0.025
-0.0200599 -0.024
-0.0190579 -0.023
-0.0180559 -0.022
-0.0170539 -0.021
-0.0160519 -0.02
-0.0150499 -0.019
-0.0140479 -0.018
-0.0130459 -0.017
-0.0120439 -0.016
-0.0110419 -0.015
-0.0100399 -0.014
-0.00903792 -0.013
-0.00803593 -0.012
-0.00703393 -0.011
-0.00603194 -0.01
-0.00502994 -0.009
-0.00402794 -0.008
-0.00302595 -0.007
-0.00202395 -0.006
-0.00102196 -0.005
-1.99601e-05 -0.004
0.000982036 -0.003
0.00198403 -0.002
0.00298603 -0.001
0.00398802 -1.11022e-16
0.00499002 0.001
0.00599202 0.002
0.00699401 0.003
0.00799601 0.004
0.008998 0.005
0.01 0.006
0.011002 0.007
0.012004 0.008
0.013006 0.009
0.014008 0.01
0.01501 0.011
0.016012 0.012
0.017014 0.013
0.018016 0.014
0.019018 0.015
0.02002 0.016
0.021022 0.017
0.022024 0.018
0.0230259 0.019
0.0240279 0.02
0.0250299 0.021
0.0260319 0.022
0.0270339 0.023
0.0280359 0.024
0.0290379 0.025
0.0300399 0.026
0.0310419 0.027
0.0320439 0.028
0.0330459 0.029
0.0340479 0.03
0.0350499 0.031
0.0360519 0.032
0.0370539 0.033
0.0380559 0.034
0.0390579 0.035
0.0400599 0.036
0.0410619 0.037
0.0420639 0.038
0.0430659 0.039
0.0440679 0.04
0.0450699 0.041
0.0460719 0.042
0.0470739 0.043
0.0480758 0.044
0.0490778 0.045
0.0474112 0.044
0.0457445 0.043
0.0440778 0.042
0.0424112 0.041
0.0407445 0.04
0.0390778 0.039
0.0374112 0.038
0.0357445 0.037
0.0340778 0.036
0.0324112 0.035
0.0307445 0.034
0.0290778 0.033
0.0280758 0.032
0.0270739 0.031
0.0260719 0.03
0.0250699 0.029
0.0240679 0.028
0.0230659 0.027
0.0220639 0.026
0.0210619 0.025
0.0200599 0.024
0.0190579 0.023
0.0180559 0.022
0.0170539 0.021
0.0160519 0.02
0.0150499 0.019
0.0140479 0.018
0.0130459 0.017
0.0120439 0.016
0.0110419 0.015
0.0100399 0.014
0.00903792 0.013
0.00803593 0.012
0.00703393 0.011
0.00603194 0.01
0.00502994 0.009
0.00402794 0.008
0.00302595 0.007
0.00202395 0.006
0.00102196 0.005
1.99601e-05 0.004
-0.000982036 0.003
-0.00198403 0.002
-0.00298603 0.001
-0.00398802 -1.11022e-16
-0.00499002 -0.001
-0.00599202 -0.002
-0.00699401 -0.003
-0.00799601 -0.004
-0.008998 -0.005
-0.01 -0.006
-0.011002 -0.007
-0.012004 -0.008
-0.013006 -0.009
-0.014008 -0.01
-0.01501 -0.011
-0.016012 -0.012
-0.017014 -0.013
-0.018016 -0.014
-0.019018 -0.015
-0.02002 -0.016
-0.021022 -0.017
-0.022024 -0.018
-0.0230259 -0.019
-0.0240279 -0.02
-0.0250299 -0.021
-0.0260319 -0.022
-0.0270339 -0.023
-0.0280359 -0.024
-0.0290379 -0.025
-0.0300399 -0.026
-0.0310419 -0.027
-0.0320439 -0.028
-0.0330459 -0.029
-0.0340479 -0.03
-0.0350499 -0.031
-0.0360519 -0.032
-0.0370539 -0.033
-0.0380559 -0.034
-0.0390579 -0.035
-0.0400599 -0.036
-0.0410619 -0.037
-0.0420639 -0.038
-0.0430659 -0.039
-0.0440679 -0.04
-0.0450699 -0.041
-0.0460719 -0.042
-0.0470739 -0.043
-0.0480758 -0.044
-0.0490778 -0.045
-0.0500798 -0.046
-0.0510818 -0.047
-0.0520838 -0.048
-0.0530858 -0.049
-0.0540878 -0.05
-0.0550898 -0.051
-0.0560918 -0.052
-0.0570938 -0.053
-0.0580958 -0.054
-0.0590978 -0.055
-0.0574311 -0.054
-0.0557645 -0.053
-0.0540978 -0.052
-0.0524311 -0.051
-0.0507645 -0.05
-0.0490978 -0.049
-0.0474311 -0.048
-0.0457645 -0.047
-0.0440978 -0.046
-0.0424311 -0.045
-0.0407645 -0.044
-0.0390978 -0.043
-0.0380958 -0.042
-0.0370938 -0.041
-0.0360918 -0.04
-0.0350898 -0.039
-0.0340878 -0.038
-0.0330858 -0.037
-0.0320838 -0.036
-0.0310818 -0.035
-0.0300798 -0.034
-0.0290778 -0.033
-0.0280758 -0.032
-0.0270739 -0.031
-0.0260719 -0.03
-0.0250699 -0.029
-0.0240679 -0.028
-0.0230659 -0.027
-0.0220639 -0.026
-0.0210619 -0.025
-0.0200599 -0.024
-0.0190579 -0.023
-0.0180559 -0.022
-0.0170539 -0.021
-0.0160519 -0.02
-0.0150499 -0.019
-0.0140479 -0.018
-0.0130459 -0.017
-0.0120439 -0.016
-0.0110419 -0.015
-0.0100399 -0.014
-0.00903792 -0.013
-0.00803593 -0.012
-0.00703393 -0.011
-0.00603194 -0.01
-0.00502994 -0.009
-0.00402794 -0.008
-0.00302595 -0.007
-0.00202395 -0.006
-0.00102196 -0.005
-1.99601e-05 -0.004
0.000982036 -0.003
0.00198403 -0.002
0.00298603 -0.001
0.00398802 -1.11022e-16
0.00499002 0.001
0.00599202 0.002
0.00699401 0.003
0.00799601 0.004
0.008998 0.005
0.01 0.006
0.011002 0.007
0.012004 0.008
0.013006 0.009
0.014008 0.01
0.01501 0.011
0.016012 0.012
0.017014 0.013
0.018016 0.014
0.019018 0.015
0.02002 0.016
0.021022 0.017
0.022024 0.018
0.0230259 0.019
0.0240279 0.02
0.0250299 0.021
0.0260319 0.022
0.0270339 0.023
0.0280359 0.024
0.0290379 0.025
0.0300399 0.026
0.0310419 0.027
0.0320439 0.028
0.0330459 0.029
0.0340479 0.03
0.0350499 0.031
0.0360519 0.032
0.0370539 0.033
0.0380559 0.034
0.0390579 0.035
0.0400599 0.036
0.0410619 0.037
0.0420639 0.038
0.0430659 0.039
0.0440679 0.04
0.0450699 0.041
0.0460719 0.042
0.0470739 0.043
0.0480758 0.044
0.0490778 0.045
0.0500798 0.046
0.0510818 0.047
0.0520838 0.048
0.0530858 0.049
0.0540878 0.05
0.0524212 0.049
0.0507545 0.048
0.0490878 0.047
0.0474212 0.046
0.0457545 0.045
0.0440878 0.044
0.0424212 0.043
0.0407545 0.042
0.0390878 0.041
0.0374212 0.04
0.0357545 0.039
0.0340878 0.038
0.0330858 0.037
0.0320838 0.036
0.0310818 0.035
0.0300798 0.034
0.0290778 0.033
0.0280758 0.032
0.0270739 0.031
0.0260719 0.03
0.0250699 0.029
0.0240679 0.028
0.0230659 0.027
0.0220639 0.026
0.0210619 0.025
0.0200599 0.024
0.0190579 0.023
0.0180559 0.022
0.0170539 0.021
0.0160519 0.02
0.0150499 0.019
0.0140479 0.018
0.0130459 0.017
0.0120439 0.016
0.0110419 0.015
0.0100399 0.014
0.00903792 0.013
0.00803593 0.012
0.00703393 0.011
0.00603194 0.01
0.00502994 0.009
0.00402794 0.008
0.00302595 0.007
0.00202395 0.006
0.00102196 0.005
1.99601e-05 0.004
-0.000982036 0.003
-0.00198403 0.002
-0.00298603 0.001
-0.00398802 -1.11022e-16
