-0.000166667 -0.0001
-0.000333333 -0.0002
-0.0005 -0.0003
-0.000666667 -0.0004
-0.000833333 -0.0005
-0.001 -0.0006
-0.00116667 -0.0007
-0.00133333 -0.0008
-0.0015 -0.0009
-0.00166667 -0.001
-0.00183333 -0.0011
-0.002 -0.0012
-0.00216667 -0.0013
-0.00233333 -0.0014
-0.0025 -0.0015
-0.00266667 -0.0016
-0.00283333 -0.0017
-0.003 -0.0018
-0.00316667 -0.0019
-0.00333333 -0.002
-0.0035 -0.0021
-0.00366667 -0.0022
-0.00383333 -0.0023
-0.004 -0.0024
-0.00416667 -0.0025
-0.00433333 -0.0026
-0.0045 -0.0027
-0.00466667 -0.0028
-0.00483333 -0.0029
-0.005 -0.003
-0.00516667 -0.0031
-0.00533333 -0.0032
-0.0055 -0.0033
-0.00566667 -0.0034
-0.00583333 -0.0035
-0.006 -0.0036
-0.00616667 -0.0037
-0.00633333 -0.0038
-0.0065 -0.0039
-0.00666667 -0.004
-0.00683333 -0.0041
-0.007 -0.0042
-0.00716667 -0.0043
-0.00733333 -0.0044
-0.0075 -0.0045
-0.00766667 -0.0046
-0.00783333 -0.0047
-0.008 -0.0048
-0.00816667 -0.0049
-0.00833333 -0.005
-0.00816667 -0.0049
-0.008 -0.0048
-0.00783333 -0.0047
-0.00766667 -0.0046
-0.0075 -0.0045
-0.00733333 -0.0044
-0.00716667 -0.0043
-0.007 -0.0042
-0.00683333 -0.0041
-0.00666667 -0.004
-0.0065 -0.0039
-0.00633333 -0.0038
-0.00616667 -0.0037
-0.006 -0.0036
-0.00583333 -0.0035
-0.00566667 -0.0034
-0.0055 -0.0033
-0.00533333 -0.0032
-0.00516667 -0.0031
-0.005 -0.003
-0.00483333 -0.0029
-0.00466667 -0.0028
-0.0045 -0.0027
-0.00433333 -0.0026
-0.00416667 -0.0025
-0.004 -0.0024
-0.00383333 -0.0023
-0.00366667 -0.0022
-0.0035 -0.0021
-0.00333333 -0.002
-0.00316667 -0.0019
-0.003 -0.0018
-0.00283333 -0.0017
-0.00266667 -0.0016
-0.0025 -0.0015
-0.00233333 -0.0014
-0.00216667 -0.0013
-0.002 -0.0012
-0.00183333 -0.0011
-0.00166667 -0.001
-0.0015 -0.0009
-0.00133333 -0.0008
-0.00116667 -0.0007
-0.001 -0.0006
-0.000833333 -0.0005
-0.000666667 -0.0004
-0.0005 -0.0003
-0.000333333 -0.0002
-0.000166667 -0.0001
-1.123e-19 -2.43945e-19
0.000166667 0.0001
0.000333333 0.0002
0.0005 0.0003
0.000666667 0.0004
0.000833333 0.0005
0.001 0.0006
0.00116667 0.0007
0.00133333 0.0008
0.0015 0.0009
0.00166667 0.001
0.00183333 0.0011
0.002 0.0012
0.00216667 0.0013
0.00233333 0.0014
0.0025 0.0015
0.00266667 0.0016
0.00283333 0.0017
0.003 0.0018
0.00316667 0.0019
0.00333333 0.002
0.0035 0.0021
0.00366667 0.0022
0.00383333 0.0023
0.004 0.0024
0.00416667 0.0025
0.00433333 0.0026
0.0045 0.0027
0.00466667 0.0028
0.00483333 0.0029
0.005 0.003
0.00516667 0.0031
0.00533333 0.0032
0.0055 0.0033
0.00566667 0.0034
0.00583333 0.0035
0.006 0.0036
0.00616667 0.0037
0.00633333 0.0038
0.0065 0.0039
0.00666667 0.004
0.00683333 0.0041
0.007 0.0042
0.00716667 0.0043
0.00733333 0.0044
0.0075 0.0045
0.00766667 0.0046
0.00783333 0.0047
0.008 0.0048
0.00816667 0.0049
0.00833333 0.005
0.00816667 0.0049
0.008 0.0048
0.00783333 0.0047
0.00766667 0.0046
0.0075 0.0045
0.00733333 0.0044
0.00716667 0.0043
0.007 0.0042
0.00683333 0.0041
0.00666667 0.004
0.0065 0.0039
0.00633333 0.0038
0.00616667 0.0037
0.006 0.0036
0.00583333 0.0035
0.00566667 0.0034
0.0055 0.0033
0.00533333 0.0032
0.00516667 0.0031
0.005 0.003
0.00483333 0.0029
0.00466667 0.0028
0.0045 0.0027
0.00433333 0.0026
0.00416667 0.0025
0.004 0.0024
0.00383333 0.0023
0.00366667 0.0022
0.0035 0.0021
0.00333333 0.002
0.00316667 0.0019
0.003 0.0018
0.00283333 0.0017
0.00266667 0.0016
0.0025 0.0015
0.00233333 0.0014
0.00216667 0.0013
0.002 0.0012
0.00183333 0.0011
0.00166667 0.001
0.0015 0.0009
0.00133333 0.0008
0.00116667 0.0007
0.001 0.0006
0.000833333 0.0005
0.000666667 0.0004
0.0005 0.0003
0.000333333 0.0002
0.000166667 0.0001
6.03201e-19 2.43945e-19
-0.000166667 -0.0001
-0.000333333 -0.0002
-0.0005 -0.0003
-0.000666667 -0.0004
-0.000833333 -0.0005
-0.001 -0.0006
-0.00116667 -0.0007
-0.00133333 -0.0008
-0.0015 -0.0009
-0.00166667 -0.001
-0.00183333 -0.0011
-0.002 -0.0012
-0.00216667 -0.0013
-0.00233333 -0.0014
-0.0025 -0.0015
-0.00266667 -0.0016
-0.00283333 -0.0017
-0.003 -0.0018
-0.00316667 -0.0019
-0.00333333 -0.002
-0.0035 -0.0021
-0.00366667 -0.0022
-0.00383333 -0.0023
-0.004 -0.0024
-0.00416667 -0.0025
-0.00433333 -0.0026
-0.0045 -0.0027
-0.00466667 -0.0028
-0.00483333 -0.0029
-0.005 -0.003
-0.00516667 -0.0031
-0.00533333 -0.0032
-0.0055 -0.0033
-0.00566667 -0.0034
-0.00583333 -0.0035
-0.006 -0.0036
-0.00616667 -0.0037
-0.00633333 -0.0038
-0.0065 -0.0039
-0.00666667 -0.004
-0.00683333 -0.0041
-0.007 -0.0042
-0.00716667 -0.0043
-0.00733333 -0.0044
-0.0075 -0.0045
-0.00766667 -0.0046
-0.00783333 -0.0047
-0.008 -0.0048
-0.00816667 -0.0049
-0.00833333 -0.005
-0.0085 -0.0051
-0.00866667 -0.0052
-0.00883333 -0.0053
-0.009 -0.0054
-0.00916667 -0.0055
-0.00933333 -0.0056
-0.0095 -0.0057
-0.00966667 -0.0058
-0.00983333 -0.0059
-0.01 -0.006
-0.0101421 -0.0061
-0.0102423 -0.0062
-0.0103425 -0.0063
-0.0104427 -0.0064
-0.0105429 -0.0065
-0.0106431 -0.0066
-0.0107433 -0.0067
-0.0108435 -0.0068
-0.0109437 -0.0069
-0.0110439 -0.007
-0.0111441 -0.0071
-0.0112443 -0.0072
-0.0113445 -0.0073
-0.0114447 -0.0074
-0.0115449 -0.0075
-0.0116451 -0.0076
-0.0117453 -0.0077
-0.0118455 -0.0078
-0.0119457 -0.0079
-0.0120459 -0.008
-0.0121461 -0.0081
-0.0122463 -0.0082
-0.0123465 -0.0083
-0.0124467 -0.0084
-0.0125469 -0.0085
-0.0126471 -0.0086
-0.0127473 -0.0087
-0.0128475 -0.0088
-0.0129477 -0.0089
-0.0130479 -0.009
-0.0131481 -0.0091
-0.0132483 -0.0092
-0.0133485 -0.0093
-0.0134487 -0.0094
-0.0135489 -0.0095
-0.0136491 -0.0096
-0.0137493 -0.0097
-0.0138495 -0.0098
-0.0139497 -0.0099
-0.0140499 -0.01
-0.0141501 -0.0101
-0.0142503 -0.0102
-0.0143505 -0.0103
-0.0144507 -0.0104
-0.0145509 -0.0105
-0.0146511 -0.0106
-0.0147513 -0.0107
-0.0148515 -0.0108
-0.0149517 -0.0109
-0.0150519 -0.011
-0.0151521 -0.0111
-0.0152523 -0.0112
-0.0153525 -0.0113
-0.0154527 -0.0114
-0.0155529 -0.0115
-0.0156531 -0.0116
-0.0157533 -0.0117
-0.0158535 -0.0118
-0.0159537 -0.0119
-0.0160539 -0.012
-0.0161541 -0.0121
-0.0162543 -0.0122
-0.0163545 -0.0123
-0.0164547 -0.0124
-0.0165549 -0.0125
-0.0166551 -0.0126
-0.0167553 -0.0127
-0.0168555 -0.0128
-0.0169557 -0.0129
-0.0170559 -0.013
-0.0171561 -0.0131
-0.0172563 -0.0132
-0.0173565 -0.0133
-0.0174567 -0.0134
-0.0175569 -0.0135
-0.0176571 -0.0136
-0.0177573 -0.0137
-0.0178575 -0.0138
-0.0179577 -0.0139
-0.0180579 -0.014
-0.0181581 -0.0141
-0.0182583 -0.0142
-0.0183585 -0.0143
-0.0184587 -0.0144
-0.0185589 -0.0145
-0.0186591 -0.0146
-0.0187593 -0.0147
-0.0188595 -0.0148
-0.0189597 -0.0149
-0.0190599 -0.015
-0.0188932 -0.0149
-0.0187265 -0.0148
-0.0185599 -0.0147
-0.0183932 -0.0146
-0.0182265 -0.0145
-0.0180599 -0.0144
-0.0178932 -0.0143
-0.0177265 -0.0142
-0.0175599 -0.0141
-0.0173932 -0.014
-0.0172265 -0.0139
-0.0170599 -0.0138
-0.0168932 -0.0137
-0.0167265 -0.0136
-0.0165599 -0.0135
-0.0163932 -0.0134
-0.0162265 -0.0133
-0.0160599 -0.0132
-0.0158932 -0.0131
-0.0157265 -0.013
-0.0155599 -0.0129
-0.0153932 -0.0128
-0.0152265 -0.0127
-0.0150599 -0.0126
-0.0148932 -0.0125
-0.0147265 -0.0124
-0.0145599 -0.0123
-0.0143932 -0.0122
-0.0142265 -0.0121
-0.0140599 -0.012
-0.0138932 -0.0119
-0.0137265 -0.0118
-0.0135599 -0.0117
-0.0133932 -0.0116
-0.0132265 -0.0115
-0.0130599 -0.0114
-0.0128932 -0.0113
-0.0127265 -0.0112
-0.0125599 -0.0111
-0.0123932 -0.011
-0.0122265 -0.0109
-0.0120599 -0.0108
-0.0118932 -0.0107
-0.0117265 -0.0106
-0.0115599 -0.0105
-0.0113932 -0.0104
-0.0112265 -0.0103
-0.0110599 -0.0102
-0.0108932 -0.0101
-0.0107265 -0.01
-0.0105599 -0.0099
-0.0103932 -0.0098
-0.0102265 -0.0097
-0.0100599 -0.0096
-0.0098932 -0.0095
-0.00972653 -0.0094
-0.00955987 -0.0093
-0.0093932 -0.0092
-0.00922653 -0.0091
-0.00905987 -0.009
-0.0088932 -0.0089
-0.00872653 -0.0088
-0.00855987 -0.0087
-0.0083932 -0.0086
-0.00822653 -0.0085
-0.00805987 -0.0084
-0.0078932 -0.0083
-0.00772653 -0.0082
-0.00755987 -0.0081
-0.0073932 -0.008
-0.00722653 -0.0079
-0.00705987 -0.0078
-0.0068932 -0.0077
-0.00672653 -0.0076
-0.00655987 -0.0075
-0.0063932 -0.0074
-0.00622653 -0.0073
-0.00605987 -0.0072
-0.0058932 -0.0071
-0.00572653 -0.007
-0.00555987 -0.0069
-0.0053932 -0.0068
-0.00522653 -0.0067
-0.00505987 -0.0066
-0.0048932 -0.0065
-0.00472653 -0.0064
-0.00455987 -0.0063
-0.0043932 -0.0062
-0.00422653 -0.0061
-0.00405987 -0.006
-0.0038932 -0.0059
-0.00372653 -0.0058
-0.00355987 -0.0057
-0.0033932 -0.0056
-0.00322653 -0.0055
-0.00305987 -0.0054
-0.0028932 -0.0053
-0.00272653 -0.0052
-0.00255987 -0.0051
-0.0023932 -0.005
-0.00222653 -0.0049
-0.00205987 -0.0048
-0.0018932 -0.0047
-0.00172653 -0.0046
-0.00155987 -0.0045
-0.0013932 -0.0044
-0.00122653 -0.0043
-0.00105987 -0.0042
-0.0008932 -0.0041
-0.000726534 -0.004
-0.000559867 -0.0039
-0.0003932 -0.0038
-0.000226534 -0.0037
-5.9867e-05 -0.0036
0.0001068 -0.0035
0.000273466 -0.0034
0.000440133 -0.0033
0.0006068 -0.0032
0.000773466 -0.0031
0.000940133 -0.003
0.00108224 -0.0029
0.00118244 -0.0028
0.00128263 -0.0027
0.00138283 -0.0026
0.00148303 -0.0025
0.00158323 -0.0024
0.00168343 -0.0023
0.00178363 -0.0022
0.00188383 -0.0021
0.00198403 -0.002
0.00208423 -0.0019
0.00218443 -0.0018
0.00228463 -0.0017
0.00238483 -0.0016
0.00248503 -0.0015
0.00258523 -0.0014
0.00268543 -0.0013
0.00278563 -0.0012
0.00288583 -0.0011
0.00298603 -0.001
0.00308623 -0.0009
0.00318643 -0.0008
0.00328663 -0.0007
0.00338683 -0.0006
0.00348703 -0.0005
0.00358723 -0.0004
0.00368743 -0.0003
0.00378762 -0.0002
0.00388782 -0.0001
0.00398802 -2.43945e-19
0.00408822 0.0001
0.00418842 0.0002
0.00428862 0.0003
0.00438882 0.0004
0.00448902 0.0005
0.00458922 0.0006
0.00468942 0.0007
0.00478962 0.0008
0.00488982 0.0009
0.00499002 0.001
0.00509022 0.0011
0.00519042 0.0012
0.00529062 0.0013
0.00539082 0.0014
0.00549102 0.0015
0.00559122 0.0016
0.00569142 0.0017
0.00579162 0.0018
0.00589182 0.0019
0.00599202 0.002
0.00609222 0.0021
0.00619242 0.0022
0.00629261 0.0023
0.00639281 0.0024
0.00649301 0.0025
0.00659321 0.0026
0.00669341 0.0027
0.00679361 0.0028
0.00689381 0.0029
0.00699401 0.003
0.00709421 0.0031
0.00719441 0.0032
0.00729461 0.0033
0.00739481 0.0034
0.00749501 0.0035
0.00759521 0.0036
0.00769541 0.0037
0.00779561 0.0038
0.00789581 0.0039
0.00799601 0.004
0.00809621 0.0041
0.00819641 0.0042
0.00829661 0.0043
0.00839681 0.0044
0.00849701 0.0045
0.00859721 0.0046
0.00869741 0.0047
0.0087976 0.0048
0.0088978 0.0049
0.008998 0.005
0.0090982 0.0051
0.0091984 0.0052
0.0092986 0.0053
0.0093988 0.0054
0.009499 0.0055
0.0095992 0.0056
0.0096994 0.0057
0.0097996 0.0058
0.0098998 0.0059
0.01 0.006
0.0101002 0.0061
0.0102004 0.0062
0.0103006 0.0063
0.0104008 0.0064
0.010501 0.0065
0.0106012 0.0066
0.0107014 0.0067
0.0108016 0.0068
0.0109018 0.0069
0.011002 0.007
0.0111022 0.0071
0.0112024 0.0072
0.0113026 0.0073
0.0114028 0.0074
0.011503 0.0075
0.0116032 0.0076
0.0117034 0.0077
0.0118036 0.0078
0.0119038 0.0079
0.012004 0.008
0.0121042 0.0081
0.0122044 0.0082
0.0123046 0.0083
0.0124048 0.0084
0.012505 0.0085
0.0126052 0.0086
0.0127054 0.0087
0.0128056 0.0088
0.0129058 0.0089
0.013006 0.009
0.0131062 0.0091
0.0132064 0.0092
0.0133066 0.0093
0.0134068 0.0094
0.013507 0.0095
0.0136072 0.0096
0.0137074 0.0097
0.0138076 0.0098
0.0139078 0.0099
0.014008 0.01
0.0141082 0.0101
0.0142084 0.0102
0.0143086 0.0103
0.0144088 0.0104
0.014509 0.0105
0.0146092 0.0106
0.0147094 0.0107
0.0148096 0.0108
0.0149098 0.0109
0.01501 0.011
0.0151102 0.0111
0.0152104 0.0112
0.0153106 0.0113
0.0154108 0.0114
0.015511 0.0115
0.0156112 0.0116
0.0157114 0.0117
0.0158116 0.0118
0.0159118 0.0119
0.016012 0.012
0.0161122 0.0121
0.0162124 0.0122
0.0163126 0.0123
0.0164128 0.0124
0.016513 0.0125
0.0166132 0.0126
0.0167134 0.0127
0.0168136 0.0128
0.0169138 0.0129
0.017014 0.013
0.0171142 0.0131
0.0172144 0.0132
0.0173146 0.0133
0.0174148 0.0134
0.017515 0.0135
0.0176152 0.0136
0.0177154 0.0137
0.0178156 0.0138
0.0179158 0.0139
0.018016 0.014
0.0181162 0.0141
0.0182164 0.0142
0.0183166 0.0143
0.0184168 0.0144
0.018517 0.0145
0.0186172 0.0146
0.0187174 0.0147
0.0188176 0.0148
0.0189178 0.0149
0.019018 0.015
0.0188513 0.0149
0.0186846 0.0148
0.018518 0.0147
0.0183513 0.0146
0.0181846 0.0145
0.018018 0.0144
0.0178513 0.0143
0.0176846 0.0142
0.017518 0.0141
0.0173513 0.014
0.0171846 0.0139
0.017018 0.0138
0.0168513 0.0137
0.0166846 0.0136
0.016518 0.0135
0.0163513 0.0134
0.0161846 0.0133
0.016018 0.0132
0.0158513 0.0131
0.0156846 0.013
0.015518 0.0129
0.0153513 0.0128
0.0151846 0.0127
0.015018 0.0126
0.0148513 0.0125
0.0146846 0.0124
0.014518 0.0123
0.0143513 0.0122
0.0141846 0.0121
0.014018 0.012
0.0138513 0.0119
0.0136846 0.0118
0.013518 0.0117
0.0133513 0.0116
0.0131846 0.0115
0.013018 0.0114
0.0128513 0.0113
0.0126846 0.0112
0.012518 0.0111
0.0123513 0.011
0.0121846 0.0109
0.012018 0.0108
0.0118513 0.0107
0.0116846 0.0106
0.011518 0.0105
0.0113513 0.0104
0.0111846 0.0103
0.011018 0.0102
0.0108513 0.0101
0.0106846 0.01
0.010518 0.0099
0.0103513 0.0098
0.0101846 0.0097
0.010018 0.0096
0.0098513 0.0095
0.00968463 0.0094
0.00951796 0.0093
0.0093513 0.0092
0.00918463 0.0091
0.00901796 0.009
0.0088513 0.0089
0.00868463 0.0088
0.00851796 0.0087
0.0083513 0.0086
0.00818463 0.0085
0.00801796 0.0084
0.0078513 0.0083
0.00768463 0.0082
0.00751796 0.0081
0.0073513 0.008
0.00718463 0.0079
0.00701796 0.0078
0.0068513 0.0077
0.00668463 0.0076
0.00651796 0.0075
0.0063513 0.0074
0.00618463 0.0073
0.00601796 0.0072
0.0058513 0.0071
0.00568463 0.007
0.00551796 0.0069
0.0053513 0.0068
0.00518463 0.0067
0.00501796 0.0066
0.0048513 0.0065
0.00468463 0.0064
0.00451796 0.0063
0.0043513 0.0062
0.00418463 0.0061
0.00401796 0.006
0.0038513 0.0059
0.00368463 0.0058
0.00351796 0.0057
0.0033513 0.0056
0.00318463 0.0055
0.00301796 0.0054
0.0028513 0.0053
0.00268463 0.0052
0.00251796 0.0051
0.0023513 0.005
0.00218463 0.0049
0.00201796 0.0048
0.0018513 0.0047
0.00168463 0.0046
0.00151796 0.0045
0.0013513 0.0044
0.00118463 0.0043
0.00101796 0.0042
0.000851297 0.0041
0.000684631 0.004
0.000517964 0.0039
0.000351297 0.0038
0.000184631 0.0037
1.79641e-05 0.0036
-0.000148703 0.0035
-0.000315369 0.0034
-0.000482036 0.0033
-0.000648703 0.0032
-0.000815369 0.0031
-0.000982036 0.003
-0.0011487 0.0029
-0.00131537 0.0028
-0.00147172 0.0027
-0.00157192 0.0026
-0.00167211 0.0025
-0.00177231 0.0024
-0.00187251 0.0023
-0.00197271 0.0022
-0.00207291 0.0021
-0.00217311 0.002
-0.00227331 0.0019
-0.00237351 0.0018
-0.00247371 0.0017
-0.00257391 0.0016
-0.00267411 0.0015
-0.00277431 0.0014
-0.00287451 0.0013
-0.00297471 0.0012
-0.00307491 0.0011
-0.00317511 0.001
-0.00327531 0.0009
-0.00337551 0.0008
-0.00347571 0.0007
-0.00357591 0.0006
-0.00367611 0.0005
-0.00377631 0.0004
-0.00387651 0.0003
-0.00397671 0.0002
-0.00407691 0.0001
-0.0041771 2.43945e-19
-0.0042773 -0.0001
-0.0043775 -0.0002
-0.0044777 -0.0003
-0.0045779 -0.0004
-0.0046781 -0.0005
-0.0047783 -0.0006
-0.0048785 -0.0007
-0.0049787 -0.0008
-0.0050789 -0.0009
-0.0051791 -0.001
-0.0052793 -0.0011
-0.0053795 -0.0012
-0.0054797 -0.0013
-0.0055799 -0.0014
-0.0056801 -0.0015
-0.0057803 -0.0016
-0.0058805 -0.0017
-0.0059807 -0.0018
-0.0060809 -0.0019
-0.0061811 -0.002
-0.0062813 -0.0021
-0.0063815 -0.0022
-0.0064817 -0.0023
-0.0065819 -0.0024
-0.00668209 -0.0025
-0.00678229 -0.0026
-0.00688249 -0.0027
-0.00698269 -0.0028
-0.00708289 -0.0029
-0.00718309 -0.003
-0.00728329 -0.0031
-0.00738349 -0.0032
-0.00748369 -0.0033
-0.00758389 -0.0034
-0.00768409 -0.0035
-0.00778429 -0.0036
-0.00788449 -0.0037
-0.00798469 -0.0038
-0.00808489 -0.0039
-0.00818509 -0.004
-0.00828529 -0.0041
-0.00838549 -0.0042
-0.00848569 -0.0043
-0.00858589 -0.0044
-0.00868609 -0.0045
-0.00878629 -0.0046
-0.00888649 -0.0047
-0.00898669 -0.0048
-0.00908689 -0.0049
-0.00918708 -0.005
-0.00928728 -0.0051
-0.00938748 -0.0052
-0.00948768 -0.0053
-0.00958788 -0.0054
-0.00968808 -0.0055
-0.00978828 -0.0056
-0.00988848 -0.0057
-0.00998868 -0.0058
-0.0100889 -0.0059
-0.0101891 -0.006
-0.0102893 -0.0061
-0.0103895 -0.0062
-0.0104897 -0.0063
-0.0105899 -0.0064
-0.0106901 -0.0065
-0.0107903 -0.0066
-0.0108905 -0.0067
-0.0109907 -0.0068
-0.0110909 -0.0069
-0.0111911 -0.007
-0.0112913 -0.0071
-0.0113915 -0.0072
-0.0114917 -0.0073
-0.0115919 -0.0074
-0.0116921 -0.0075
-0.0117923 -0.0076
-0.0118925 -0.0077
-0.0119927 -0.0078
-0.0120929 -0.0079
-0.0121931 -0.008
-0.0122933 -0.0081
-0.0123935 -0.0082
-0.0124937 -0.0083
-0.0125939 -0.0084
-0.0126941 -0.0085
-0.0127943 -0.0086
-0.0128945 -0.0087
-0.0129947 -0.0088
-0.0130949 -0.0089
-0.0131951 -0.009
-0.0132953 -0.0091
-0.0133955 -0.0092
-0.0134957 -0.0093
-0.0135959 -0.0094
-0.0136961 -0.0095
-0.0137963 -0.0096
-0.0138965 -0.0097
-0.0139967 -0.0098
-0.0140969 -0.0099
-0.0141971 -0.01
-0.0142973 -0.0101
-0.0143975 -0.0102
-0.0144977 -0.0103
-0.0145979 -0.0104
-0.0146981 -0.0105
-0.0147983 -0.0106
-0.0148985 -0.0107
-0.0149987 -0.0108
-0.0150989 -0.0109
-0.0151991 -0.011
-0.0152993 -0.0111
-0.0153995 -0.0112
-0.0154997 -0.0113
-0.0155999 -0.0114
-0.0157001 -0.0115
-0.0158003 -0.0116
-0.0159005 -0.0117
-0.0160007 -0.0118
-0.0161009 -0.0119
-0.0162011 -0.012
-0.0163013 -0.0121
-0.0164015 -0.0122
-0.0165017 -0.0123
-0.0166019 -0.0124
-0.0167021 -0.0125
-0.0168023 -0.0126
-0.0169025 -0.0127
-0.0170027 -0.0128
-0.0171029 -0.0129
-0.0172031 -0.013
-0.0173033 -0.0131
-0.0174035 -0.0132
-0.0175037 -0.0133
-0.0176039 -0.0134
-0.0177041 -0.0135
-0.0178043 -0.0136
-0.0179045 -0.0137
-0.0180046 -0.0138
-0.0181048 -0.0139
-0.018205 -0.014
-0.0183052 -0.0141
-0.0184054 -0.0142
-0.0185056 -0.0143
-0.0186058 -0.0144
-0.018706 -0.0145
-0.0188062 -0.0146
-0.0189064 -0.0147
-0.0190066 -0.0148
-0.0191068 -0.0149
-0.019207 -0.015
-0.0193072 -0.0151
-0.0194074 -0.0152
-0.0195076 -0.0153
-0.0196078 -0.0154
-0.019708 -0.0155
-0.0198082 -0.0156
-0.0199084 -0.0157
-0.0200086 -0.0158
-0.0201088 -0.0159
-0.020209 -0.016
-0.0203092 -0.0161
-0.0204094 -0.0162
-0.0205096 -0.0163
-0.0206098 -0.0164
-0.02071 -0.0165
-0.0208102 -0.0166
-0.0209104 -0.0167
-0.0210106 -0.0168
-0.0211108 -0.0169
-0.021211 -0.017
-0.0213112 -0.0171
-0.0214114 -0.0172
-0.0215116 -0.0173
-0.0216118 -0.0174
-0.021712 -0.0175
-0.0218122 -0.0176
-0.0219124 -0.0177
-0.0220126 -0.0178
-0.0221128 -0.0179
-0.022213 -0.018
-0.0223132 -0.0181
-0.0224134 -0.0182
-0.0225136 -0.0183
-0.0226138 -0.0184
-0.022714 -0.0185
-0.0228142 -0.0186
-0.0229144 -0.0187
-0.0230146 -0.0188
-0.0231148 -0.0189
-0.023215 -0.019
-0.0233152 -0.0191
-0.0234154 -0.0192
-0.0235156 -0.0193
-0.0236158 -0.0194
-0.023716 -0.0195
-0.0238162 -0.0196
-0.0239164 -0.0197
-0.0240166 -0.0198
-0.0241168 -0.0199
-0.024217 -0.02
-0.0243172 -0.0201
-0.0244174 -0.0202
-0.0245176 -0.0203
-0.0246178 -0.0204
-0.024718 -0.0205
-0.0248182 -0.0206
-0.0249184 -0.0207
-0.0250186 -0.0208
-0.0251188 -0.0209
-0.025219 -0.021
-0.0253192 -0.0211
-0.0254194 -0.0212
-0.0255196 -0.0213
-0.0256198 -0.0214
-0.02572 -0.0215
-0.0258202 -0.0216
-0.0259204 -0.0217
-0.0260206 -0.0218
-0.0261208 -0.0219
-0.026221 -0.022
-0.0263212 -0.0221
-0.0264214 -0.0222
-0.0265216 -0.0223
-0.0266218 -0.0224
-0.026722 -0.0225
-0.0268222 -0.0226
-0.0269224 -0.0227
-0.0270226 -0.0228
-0.0271228 -0.0229
-0.027223 -0.023
-0.0273232 -0.0231
-0.0274234 -0.0232
-0.0275236 -0.0233
-0.0276238 -0.0234
-0.027724 -0.0235
-0.0278242 -0.0236
-0.0279244 -0.0237
-0.0280246 -0.0238
-0.0281248 -0.0239
-0.028225 -0.024
-0.0283252 -0.0241
-0.0284254 -0.0242
-0.0285256 -0.0243
-0.0286258 -0.0244
-0.028726 -0.0245
-0.0288262 -0.0246
-0.0289264 -0.0247
-0.0290266 -0.0248
-0.0291268 -0.0249
-0.029227 -0.025
-0.0290603 -0.0249
-0.0288937 -0.0248
-0.028727 -0.0247
-0.0285603 -0.0246
-0.0283937 -0.0245
-0.028227 -0.0244
-0.0280603 -0.0243
-0.0278937 -0.0242
-0.027727 -0.0241
-0.0275603 -0.024
-0.0273937 -0.0239
-0.027227 -0.0238
-0.0270603 -0.0237
-0.0268937 -0.0236
-0.026727 -0.0235
-0.0265603 -0.0234
-0.0263937 -0.0233
-0.026227 -0.0232
-0.0260603 -0.0231
-0.0258937 -0.023
-0.025727 -0.0229
-0.0255603 -0.0228
-0.0253937 -0.0227
-0.025227 -0.0226
-0.0250603 -0.0225
-0.0248937 -0.0224
-0.024727 -0.0223
-0.0245603 -0.0222
-0.0243937 -0.0221
-0.024227 -0.022
-0.0240603 -0.0219
-0.0238937 -0.0218
-0.023727 -0.0217
-0.0235603 -0.0216
-0.0233937 -0.0215
-0.023227 -0.0214
-0.0230603 -0.0213
-0.0228937 -0.0212
-0.022727 -0.0211
-0.0225603 -0.021
-0.0223937 -0.0209
-0.022227 -0.0208
-0.0220603 -0.0207
-0.0218937 -0.0206
-0.021727 -0.0205
-0.0215603 -0.0204
-0.0213937 -0.0203
-0.021227 -0.0202
-0.0210603 -0.0201
-0.0208937 -0.02
-0.020727 -0.0199
-0.0205603 -0.0198
-0.0203937 -0.0197
-0.020227 -0.0196
-0.0200603 -0.0195
-0.0198937 -0.0194
-0.019727 -0.0193
-0.0195603 -0.0192
-0.0193937 -0.0191
-0.019227 -0.019
-0.0190603 -0.0189
-0.0188937 -0.0188
-0.018727 -0.0187
-0.0185603 -0.0186
-0.0183937 -0.0185
-0.018227 -0.0184
-0.0180603 -0.0183
-0.0178937 -0.0182
-0.017727 -0.0181
-0.0175603 -0.018
-0.0173937 -0.0179
-0.017227 -0.0178
-0.0170603 -0.0177
-0.0168937 -0.0176
-0.016727 -0.0175
-0.0165603 -0.0174
-0.0163937 -0.0173
-0.016227 -0.0172
-0.0160603 -0.0171
-0.0158937 -0.017
-0.015727 -0.0169
-0.0155603 -0.0168
-0.0153937 -0.0167
-0.015227 -0.0166
-0.0150603 -0.0165
-0.0148937 -0.0164
-0.014727 -0.0163
-0.0145603 -0.0162
-0.0143937 -0.0161
-0.014227 -0.016
-0.0140603 -0.0159
-0.0138937 -0.0158
-0.013727 -0.0157
-0.0135603 -0.0156
-0.0133937 -0.0155
-0.013227 -0.0154
-0.0130603 -0.0153
-0.0128937 -0.0152
-0.012727 -0.0151
-0.0125603 -0.015
-0.0123937 -0.0149
-0.012227 -0.0148
-0.0120603 -0.0147
-0.0118937 -0.0146
-0.011727 -0.0145
-0.0115603 -0.0144
-0.0113937 -0.0143
-0.011227 -0.0142
-0.0110603 -0.0141
-0.0108937 -0.014
-0.010727 -0.0139
-0.0105603 -0.0138
-0.0103937 -0.0137
-0.010227 -0.0136
-0.0100603 -0.0135
-0.00989367 -0.0134
-0.00972701 -0.0133
-0.00956034 -0.0132
-0.00939367 -0.0131
-0.00922701 -0.013
-0.00906034 -0.0129
-0.00889367 -0.0128
-0.00873733 -0.0127
-0.00863713 -0.0126
-0.00853693 -0.0125
-0.00843673 -0.0124
-0.00833653 -0.0123
-0.00823633 -0.0122
-0.00813613 -0.0121
-0.00803593 -0.012
-0.00793573 -0.0119
-0.00783553 -0.0118
-0.00773533 -0.0117
-0.00763513 -0.0116
-0.00753493 -0.0115
-0.00743473 -0.0114
-0.00733453 -0.0113
-0.00723433 -0.0112
-0.00713413 -0.0111
-0.00703393 -0.011
-0.00693373 -0.0109
-0.00683353 -0.0108
-0.00673333 -0.0107
-0.00663313 -0.0106
-0.00653293 -0.0105
-0.00643273 -0.0104
-0.00633253 -0.0103
-0.00623234 -0.0102
-0.00613214 -0.0101
-0.00603194 -0.01
-0.00593174 -0.0099
-0.00583154 -0.0098
-0.00573134 -0.0097
-0.00563114 -0.0096
-0.00553094 -0.0095
-0.00543074 -0.0094
-0.00533054 -0.0093
-0.00523034 -0.0092
-0.00513014 -0.0091
-0.00502994 -0.009
-0.00492974 -0.0089
-0.00482954 -0.0088
-0.00472934 -0.0087
-0.00462914 -0.0086
-0.00452894 -0.0085
-0.00442874 -0.0084
-0.00432854 -0.0083
-0.00422834 -0.0082
-0.00412814 -0.0081
-0.00402794 -0.008
-0.00392774 -0.0079
-0.00382754 -0.0078
-0.00372735 -0.0077
-0.00362715 -0.0076
-0.00352695 -0.0075
-0.00342675 -0.0074
-0.00332655 -0.0073
-0.00322635 -0.0072
-0.00312615 -0.0071
-0.00302595 -0.007
-0.00292575 -0.0069
-0.00282555 -0.0068
-0.00272535 -0.0067
-0.00262515 -0.0066
-0.00252495 -0.0065
-0.00242475 -0.0064
-0.00232455 -0.0063
-0.00222435 -0.0062
-0.00212415 -0.0061
-0.00202395 -0.006
-0.00192375 -0.0059
-0.00182355 -0.0058
-0.00172335 -0.0057
-0.00162315 -0.0056
-0.00152295 -0.0055
-0.00142275 -0.0054
-0.00132255 -0.0053
-0.00122236 -0.0052
-0.00112216 -0.0051
-0.00102196 -0.005
-0.000921756 -0.0049
-0.000821557 -0.0048
-0.000721357 -0.0047
-0.000621158 -0.0046
-0.000520958 -0.0045
-0.000420758 -0.0044
-0.000320559 -0.0043
-0.000220359 -0.0042
-0.00012016 -0.0041
-1.99601e-05 -0.004
8.02395e-05 -0.0039
0.000180439 -0.0038
0.000280639 -0.0037
0.000380838 -0.0036
0.000481038 -0.0035
0.000581238 -0.0034
0.000681437 -0.0033
0.000781637 -0.0032
0.000881836 -0.0031
0.000982036 -0.003
0.00108224 -0.0029
0.00118244 -0.0028
0.00128263 -0.0027
0.00138283 -0.0026
0.00148303 -0.0025
0.00158323 -0.0024
0.00168343 -0.0023
0.00178363 -0.0022
0.00188383 -0.0021
0.00198403 -0.002
0.00208423 -0.0019
0.00218443 -0.0018
0.00228463 -0.0017
0.00238483 -0.0016
0.00248503 -0.0015
0.00258523 -0.0014
0.00268543 -0.0013
0.00278563 -0.0012
0.00288583 -0.0011
0.00298603 -0.001
0.00308623 -0.0009
0.00318643 -0.0008
0.00328663 -0.0007
0.00338683 -0.0006
0.00348703 -0.0005
0.00358723 -0.0004
0.00368743 -0.0003
0.00378762 -0.0002
0.00388782 -0.0001
0.00398802 -2.43945e-19
0.00408822 0.0001
0.00418842 0.0002
0.00428862 0.0003
0.00438882 0.0004
0.00448902 0.0005
0.00458922 0.0006
0.00468942 0.0007
0.00478962 0.0008
0.00488982 0.0009
0.00499002 0.001
0.00509022 0.0011
0.00519042 0.0012
0.00529062 0.0013
0.00539082 0.0014
0.00549102 0.0015
0.00559122 0.0016
0.00569142 0.0017
0.00579162 0.0018
0.00589182 0.0019
0.00599202 0.002
0.00609222 0.0021
0.00619242 0.0022
0.00629261 0.0023
0.00639281 0.0024
0.00649301 0.0025
0.00659321 0.0026
0.00669341 0.0027
0.00679361 0.0028
0.00689381 0.0029
0.00699401 0.003
0.00709421 0.0031
0.00719441 0.0032
0.00729461 0.0033
0.00739481 0.0034
0.00749501 0.0035
0.00759521 0.0036
0.00769541 0.0037
0.00779561 0.0038
0.00789581 0.0039
0.00799601 0.004
0.00809621 0.0041
0.00819641 0.0042
0.00829661 0.0043
0.00839681 0.0044
0.00849701 0.0045
0.00859721 0.0046
0.00869741 0.0047
0.0087976 0.0048
0.0088978 0.0049
0.008998 0.005
0.0090982 0.0051
0.0091984 0.0052
0.0092986 0.0053
0.0093988 0.0054
0.009499 0.0055
0.0095992 0.0056
0.0096994 0.0057
0.0097996 0.0058
0.0098998 0.0059
0.01 0.006
0.0101002 0.0061
0.0102004 0.0062
0.0103006 0.0063
0.0104008 0.0064
0.010501 0.0065
0.0106012 0.0066
0.0107014 0.0067
0.0108016 0.0068
0.0109018 0.0069
0.011002 0.007
0.0111022 0.0071
0.0112024 0.0072
0.0113026 0.0073
0.0114028 0.0074
0.011503 0.0075
0.0116032 0.0076
0.0117034 0.0077
0.0118036 0.0078
0.0119038 0.0079
0.012004 0.008
0.0121042 0.0081
0.0122044 0.0082
0.0123046 0.0083
0.0124048 0.0084
0.012505 0.0085
0.0126052 0.0086
0.0127054 0.0087
0.0128056 0.0088
0.0129058 0.0089
0.013006 0.009
0.0131062 0.0091
0.0132064 0.0092
0.0133066 0.0093
0.0134068 0.0094
0.013507 0.0095
0.0136072 0.0096
0.0137074 0.0097
0.0138076 0.0098
0.0139078 0.0099
0.014008 0.01
0.0141082 0.0101
0.0142084 0.0102
0.0143086 0.0103
0.0144088 0.0104
0.014509 0.0105
0.0146092 0.0106
0.0147094 0.0107
0.0148096 0.0108
0.0149098 0.0109
0.01501 0.011
0.0151102 0.0111
0.0152104 0.0112
0.0153106 0.0113
0.0154108 0.0114
0.015511 0.0115
0.0156112 0.0116
0.0157114 0.0117
0.0158116 0.0118
0.0159118 0.0119
0.016012 0.012
0.0161122 0.0121
0.0162124 0.0122
0.0163126 0.0123
0.0164128 0.0124
0.016513 0.0125
0.0166132 0.0126
0.0167134 0.0127
0.0168136 0.0128
0.0169138 0.0129
0.017014 0.013
0.0171142 0.0131
0.0172144 0.0132
0.0173146 0.0133
0.0174148 0.0134
0.017515 0.0135
0.0176152 0.0136
0.0177154 0.0137
0.0178156 0.0138
0.0179158 0.0139
0.018016 0.014
0.0181162 0.0141
0.0182164 0.0142
0.0183166 0.0143
0.0184168 0.0144
0.018517 0.0145
0.0186172 0.0146
0.0187174 0.0147
0.0188176 0.0148
0.0189178 0.0149
0.019018 0.015
0.0191182 0.0151
0.0192184 0.0152
0.0193186 0.0153
0.0194188 0.0154
0.019519 0.0155
0.0196192 0.0156
0.0197194 0.0157
0.0198196 0.0158
0.0199198 0.0159
0.02002 0.016
0.0201202 0.0161
0.0202204 0.0162
0.0203206 0.0163
0.0204208 0.0164
0.020521 0.0165
0.0206212 0.0166
0.0207214 0.0167
0.0208216 0.0168
0.0209218 0.0169
0.021022 0.017
0.0211222 0.0171
0.0212224 0.0172
0.0213226 0.0173
0.0214228 0.0174
0.021523 0.0175
0.0216232 0.0176
0.0217234 0.0177
0.0218236 0.0178
0.0219238 0.0179
0.022024 0.018
0.0221242 0.0181
0.0222244 0.0182
0.0223246 0.0183
0.0224248 0.0184
0.022525 0.0185
0.0226251 0.0186
0.0227253 0.0187
0.0228255 0.0188
0.0229257 0.0189
0.0230259 0.019
0.0231261 0.0191
0.0232263 0.0192
0.0233265 0.0193
0.0234267 0.0194
0.0235269 0.0195
0.0236271 0.0196
0.0237273 0.0197
0.0238275 0.0198
0.0239277 0.0199
0.0240279 0.02
0.0241281 0.0201
0.0242283 0.0202
0.0243285 0.0203
0.0244287 0.0204
0.0245289 0.0205
0.0246291 0.0206
0.0247293 0.0207
0.0248295 0.0208
0.0249297 0.0209
0.0250299 0.021
0.0251301 0.0211
0.0252303 0.0212
0.0253305 0.0213
0.0254307 0.0214
0.0255309 0.0215
0.0256311 0.0216
0.0257313 0.0217
0.0258315 0.0218
0.0259317 0.0219
0.0260319 0.022
0.0261321 0.0221
0.0262323 0.0222
0.0263325 0.0223
0.0264327 0.0224
0.0265329 0.0225
0.0266331 0.0226
0.0267333 0.0227
0.0268335 0.0228
0.0269337 0.0229
0.0270339 0.023
0.0271341 0.0231
0.0272343 0.0232
0.0273345 0.0233
0.0274347 0.0234
0.0275349 0.0235
0.0276351 0.0236
0.0277353 0.0237
0.0278355 0.0238
0.0279357 0.0239
0.0280359 0.024
0.0281361 0.0241
0.0282363 0.0242
0.0283365 0.0243
0.0284367 0.0244
0.0285369 0.0245
0.0286371 0.0246
0.0287373 0.0247
0.0288375 0.0248
0.0289377 0.0249
0.0290379 0.025
0.0273713 0.024
0.0257046 0.023
0.0240379 0.022
0.0223713 0.021
0.0207046 0.02
0.0190379 0.019
0.0173713 0.018
0.0157046 0.017
0.0140379 0.016
0.0123713 0.015
0.0107046 0.014
0.00903792 0.013
0.00771945 0.012
0.00671746 0.011
0.00571546 0.01
0.00471346 0.009
0.00371147 0.008
0.00270947 0.007
0.00170748 0.006
0.000705479 0.005
-0.000296517 0.004
-0.00129851 0.003
-0.00230051 0.002
-0.0033025 0.001
-0.0043045 -1.11022e-16
-0.0053065 -0.001
-0.00630849 -0.002
-0.00731049 -0.003
-0.00831248 -0.004
-0.00931448 -0.005
-0.0103165 -0.006
-0.0113185 -0.007
-0.0123205 -0.008
-0.0133225 -0.009
-0.0143245 -0.01
-0.0153265 -0.011
-0.0163285 -0.012
-0.0173304 -0.013
-0.0183324 -0.014
-0.0193344 -0.015
-0.0203364 -0.016
-0.0213384 -0.017
-0.0223404 -0.018
-0.0233424 -0.019
-0.0243444 -0.02
-0.0253464 -0.021
-0.0263484 -0.022
-0.0273504 -0.023
-0.0283524 -0.024
-0.0293544 -0.025
-0.0303564 -0.026
-0.0313584 -0.027
-0.0323604 -0.028
-0.0333624 -0.029
-0.0343644 -0.03
-0.0353664 -0.031
-0.0363684 -0.032
-0.0373704 -0.033
-0.0383724 -0.034
-0.0393744 -0.035
-0.0377077 -0.034
-0.036041 -0.033
-0.0343744 -0.032
-0.0327077 -0.031
-0.031041 -0.03
-0.0293744 -0.029
-0.0277077 -0.028
-0.026041 -0.027
-0.0243744 -0.026
-0.0227077 -0.025
-0.021041 -0.024
-0.0193744 -0.023
-0.0180559 -0.022
-0.0170539 -0.021
-0.0160519 -0.02
-0.0150499 -0.019
-0.0140479 -0.018
-0.0130459 -0.017
-0.0120439 -0.016
-0.0110419 -0.015
-0.0100399 -0.014
-0.00903792 -0.013
-0.00803593 -0.012
-0.00703393 -0.011
-0.00603194 -0.01
-0.00502994 -0.009
-0.00402794 -0.008
-0.00302595 -0.007
-0.00202395 -0.006
-0.00102196 -0.005
-1.99601e-05 -0.004
0.000982036 -0.003
0.00198403 -0.002
0.00298603 -0.001
0.00398802 -1.11022e-16
0.00499002 0.001
0.00599202 0.002
0.00699401 0.003
0.00799601 0.004
0.008998 0.005
0.01 0.006
0.011002 0.007
0.012004 0.008
0.013006 0.009
0.014008 0.01
0.01501 0.011
0.016012 0.012
0.017014 0.013
0.018016 0.014
0.019018 0.015
0.02002 0.016
0.021022 0.017
0.022024 0.018
0.0230259 0.019
0.0240279 0.02
0.0250299 0.021
0.0260319 0.022
0.0270339 0.023
0.0280359 0.024
0.0290379 0.025
0.0300399 0.026
0.0310419 0.027
0.0320439 0.028
0.0330459 0.029
0.0340479 0.03
0.0350499 0.031
0.0360519 0.032
0.0370539 0.033
0.0380559 0.034
0.0390579 0.035
0.0373912 0.034
0.0357246 0.033
0.0340579 0.032
0.0323912 0.031
0.0307246 0.03
0.0290579 0.029
0.0273912 0.028
0.0257246 0.027
0.0240579 0.026
0.0223912 0.025
0.0207246 0.024
0.0190579 0.023
0.0176239 0.022
0.016622 0.021
0.01562 0.02
0.014618 0.019
0.013616 0.018
0.012614 0.017
0.011612 0.016
0.01061 0.015
0.00960798 0.014
0.00860598 0.013
0.00760399 0.012
0.00660199 0.011
0.0056 0.01
0.004598 0.009
0.003596 0.008
0.00259401 0.007
0.00159201 0.006
0.000590016 0.005
-0.00041198 0.004
-0.00141398 0.003
-0.00241597 0.002
-0.00341797 0.001
-0.00441996 -1.11022e-16
-0.00542196 -0.001
-0.00642396 -0.002
-0.00742595 -0.003
-0.00842795 -0.004
-0.00942994 -0.005
-0.0104319 -0.006
-0.0114339 -0.007
-0.0124359 -0.008
-0.0134379 -0.009
-0.0144399 -0.01
-0.0154419 -0.011
-0.0164439 -0.012
-0.0174459 -0.013
-0.0184479 -0.014
-0.0194499 -0.015
-0.0204519 -0.016
-0.0214539 -0.017
-0.0224559 -0.018
-0.0234579 -0.019
-0.0244599 -0.02
-0.0254619 -0.021
-0.0264639 -0.022
-0.0274659 -0.023
-0.0284679 -0.024
-0.0294699 -0.025
-0.0304719 -0.026
-0.0314739 -0.027
-0.0324759 -0.028
-0.0334778 -0.029
-0.0344798 -0.03
-0.0354818 -0.031
-0.0364838 -0.032
-0.0374858 -0.033
-0.0384878 -0.034
-0.0394898 -0.035
-0.0404918 -0.036
-0.0414938 -0.037
-0.0424958 -0.038
-0.0434978 -0.039
-0.0444998 -0.04
-0.0455018 -0.041
-0.0465038 -0.042
-0.0475058 -0.043
-0.0485078 -0.044
-0.0495098 -0.045
-0.0478431 -0.044
-0.0461765 -0.043
-0.0445098 -0.042
-0.0428431 -0.041
-0.0411765 -0.04
-0.0395098 -0.039
-0.0378431 -0.038
-0.0361765 -0.037
-0.0345098 -0.036
-0.0328431 -0.035
-0.0311765 -0.034
-0.0295098 -0.033
-0.0280758 -0.032
-0.0270739 -0.031
-0.0260719 -0.03
-0.0250699 -0.029
-0.0240679 -0.028
-0.0230659 -0.027
-0.0220639 -0.026
-0.0210619 -0.025
-0.0200599 -0.024
-0.0190579 -0.023
-0.0180559 -0.022
-0.0170539 -0.021
-0.0160519 -0.02
-0.0150499 -0.019
-0.0140479 -0.018
-0.0130459 -0.017
-0.0120439 -0.016
-0.0110419 -0.015
-0.0100399 -0.014
-0.00903792 -0.013
-0.00803593 -0.012
-0.00703393 -0.011
-0.00603194 -0.01
-0.00502994 -0.009
-0.00402794 -0.008
-0.00302595 -0.007
-0.00202395 -0.006
-0.00102196 -0.005
-1.99601e-05 -0.004
0.000982036 -0.003
0.00198403 -0.002
0.00298603 -0.001
0.00398802 -1.11022e-16
0.00499002 0.001
0.00599202 0.002
0.00699401 0.003
0.00799601 0.004
0.008998 0.005
0.01 0.006
0.011002 0.007
0.012004 0.008
0.013006 0.009
0.014008 0.01
0.01501 0.011
0.016012 0.012
0.017014 0.013
0.018016 0.014
0.019018 0.015
0.02002 0.016
0.021022 0.017
0.022024 0.018
0.0230259 0.019
0.0240279 0.02
0.0250299 0.021
0.0260319 0.022
0.0270339 0.023
0.0280359 0.024
0.0290379 0.025
0.0300399 0.026
0.0310419 0.027
0.0320439 0.028
0.0330459 0.029
0.0340479 0.03
0.0350499 0.031
0.0360519 0.032
0.0370539 0.033
0.0380559 0.034
0.0390579 0.035
0.0400599 0.036
0.0410619 0.037
0.0420639 0.038
0.0430659 0.039
0.0440679 0.04
0.0450699 0.041
0.0460719 0.042
0.0470739 0.043
0.0480758 0.044
0.0490778 0.045
0.0474112 0.044
0.0457445 0.043
0.0440778 0.042
0.0424112 0.041
0.0407445 0.04
0.0390778 0.039
0.0374112 0.038
0.0357445 0.037
0.0340778 0.036
0.0324112 0.035
0.0307445 0.034
0.0290778 0.033
0.0275357 0.032
0.0265337 0.031
0.0255317 0.03
0.0245297 0.029
0.0235277 0.028
0.0225257 0.027
0.0215237 0.026
0.0205218 0.025
0.0195198 0.024
0.0185178 0.023
0.0175158 0.022
0.0165138 0.021
0.0155118 0.02
0.0145098 0.019
0.0135078 0.018
0.0125058 0.017
0.0115038 0.016
0.0105018 0.015
0.0094998 0.014
0.0084978 0.013
0.0074958 0.012
0.00649381 0.011
0.00549181 0.01
0.00448982 0.009
0.00348782 0.008
0.00248582 0.007
0.00148383 0.006
0.000481832 0.005
-0.000520164 0.004
-0.00152216 0.003
-0.00252416 0.002
-0.00352615 0.001
-0.00452815 -1.11022e-16
-0.00553014 -0.001
-0.00653214 -0.002
-0.00753414 -0.003
-0.00853613 -0.004
-0.00953813 -0.005
-0.0105401 -0.006
-0.0115421 -0.007
-0.0125441 -0.008
-0.0135461 -0.009
-0.0145481 -0.01
-0.0155501 -0.011
-0.0165521 -0.012
-0.0175541 -0.013
-0.0185561 -0.014
-0.0195581 -0.015
-0.0205601 -0.016
-0.0215621 -0.017
-0.0225641 -0.018
-0.0235661 -0.019
-0.0245681 -0.02
-0.0255701 -0.021
-0.0265721 -0.022
-0.0275741 -0.023
-0.0285761 -0.024
-0.029578 -0.025
-0.03058 -0.026
-0.031582 -0.027
-0.032584 -0.028
-0.033586 -0.029
-0.034588 -0.03
-0.03559 -0.031
-0.036592 -0.032
-0.037594 -0.033
-0.038596 -0.034
-0.039598 -0.035
-0.0406 -0.036
-0.041602 -0.037
-0.042604 -0.038
-0.043606 -0.039
-0.044608 -0.04
-0.04561 -0.041
-0.046612 -0.042
-0.047614 -0.043
-0.048616 -0.044
-0.049618 -0.045
-0.05062 -0.046
-0.051622 -0.047
-0.052624 -0.048
-0.053626 -0.049
-0.0546279 -0.05
-0.0556299 -0.051
-0.0566319 -0.052
-0.0576339 -0.053
-0.0586359 -0.054
-0.0596379 -0.055
-0.0579713 -0.054
-0.0563046 -0.053
-0.0546379 -0.052
-0.0529713 -0.051
-0.0513046 -0.05
-0.0496379 -0.049
-0.0479713 -0.048
-0.0463046 -0.047
-0.0446379 -0.046
-0.0429713 -0.045
-0.0413046 -0.044
-0.0396379 -0.043
-0.0380958 -0.042
-0.0370938 -0.041
-0.0360918 -0.04
-0.0350898 -0.039
-0.0340878 -0.038
-0.0330858 -0.037
-0.0320838 -0.036
-0.0310818 -0.035
-0.0300798 -0.034
-0.0290778 -0.033
-0.0280758 -0.032
-0.0270739 -0.031
-0.0260719 -0.03
-0.0250699 -0.029
-0.0240679 -0.028
-0.0230659 -0.027
-0.0220639 -0.026
-0.0210619 -0.025
-0.0200599 -0.024
-0.0190579 -0.023
-0.0180559 -0.022
-0.0170539 -0.021
-0.0160519 -0.02
-0.0150499 -0.019
-0.0140479 -0.018
-0.0130459 -0.017
-0.0120439 -0.016
-0.0110419 -0.015
-0.0100399 -0.014
-0.00903792 -0.013
-0.00803593 -0.012
-0.00703393 -0.011
-0.00603194 -0.01
-0.00502994 -0.009
-0.00402794 -0.008
-0.00302595 -0.007
-0.00202395 -0.006
-0.00102196 -0.005
-1.99601e-05 -0.004
0.000982036 -0.003
0.00198403 -0.002
0.00298603 -0.001
0.00398802 -1.11022e-16
0.00499002 0.001
0.00599202 0.002
0.00699401 0.003
0.00799601 0.004
0.008998 0.005
0.01 0.006
0.011002 0.007
0.012004 0.008
0.013006 0.009
0.014008 0.01
0.01501 0.011
0.016012 0.012
0.017014 0.013
0.018016 0.014
0.019018 0.015
0.02002 0.016
0.021022 0.017
0.022024 0.018
0.0230259 0.019
0.0240279 0.02
0.0250299 0.021
0.0260319 0.022
0.0270339 0.023
0.0280359 0.024
0.0290379 0.025
0.0300399 0.026
0.0310419 0.027
0.0320439 0.028
0.0330459 0.029
0.0340479 0.03
0.0350499 0.031
0.0360519 0.032
0.0370539 0.033
0.0380559 0.034
0.0390579 0.035
0.0400599 0.036
0.0410619 0.037
0.0420639 0.038
0.0430659 0.039
0.0440679 0.04
0.0450699 0.041
0.0460719 0.042
0.0470739 0.043
0.0480758 0.044
0.0490778 0.045
0.0500798 0.046
0.0510818 0.047
0.0520838 0.048
0.0530858 0.049
0.0540878 0.05
0.0524212 0.049
0.0507545 0.048
0.0490878 0.047
0.0474212 0.046
0.0457545 0.045
0.0440878 0.044
0.0424212 0.043
0.0407545 0.042
0.0390878 0.041
0.0374212 0.04
0.0357545 0.039
0.0340878 0.038
0.0324682 0.037
0.0314662 0.036
0.0304642 0.035
0.0294622 0.034
0.0284602 0.033
0.0274582 0.032
0.0264562 0.031
0.0254542 0.03
0.0244522 0.029
0.0234502 0.028
0.0224482 0.027
0.0214462 0.026
0.0204442 0.025
0.0194422 0.024
0.0184402 0.023
0.0174382 0.022
0.0164362 0.021
0.0154342 0.02
0.0144322 0.019
0.0134302 0.018
0.0124282 0.017
0.0114263 0.016
0.0104243 0.015
0.00942226 0.014
0.00842026 0.013
0.00741827 0.012
0.00641627 0.011
0.00541428 0.01
0.00441228 0.009
0.00341028 0.008
0.00240829 0.007
0.00140629 0.006
0.000404297 0.005
-0.000597699 0.004
-0.0015997 0.003
-0.00260169 0.002
-0.00360369 0.001
-0.00460568 -1.11022e-16
