-0.000166667 6.66667
-0.000333333 13.3333
-0.0005 20
-0.000666667 26.6667
-0.000833333 33.3333
-0.001 40
-0.00116667 46.6667
-0.00133333 53.3333
-0.0015 60
-0.00166667 66.6667
-0.00183333 73.3333
-0.002 80
-0.00216667 86.6667
-0.00233333 93.3333
-0.0025 100
-0.00266667 106.667
-0.00283333 113.333
-0.003 120
-0.00316667 126.667
-0.00333333 133.333
-0.0035 140
-0.00366667 146.667
-0.00383333 153.333
-0.004 160
-0.00416667 166.667
-0.00433333 173.333
-0.0045 180
-0.00466667 186.667
-0.00483333 193.333
-0.005 200
-0.00516667 206.667
-0.00533333 213.333
-0.0055 220
-0.00566667 226.667
-0.00583333 233.333
-0.006 240
-0.00616667 246.667
-0.00633333 253.333
-0.0065 260
-0.00666667 266.667
-0.00683333 273.333
-0.007 280
-0.00716667 286.667
-0.00733333 293.333
-0.0075 300
-0.00766667 306.667
-0.00783333 313.333
-0.008 320
-0.00816667 326.667
-0.00833333 333.333
-0.00816667 326.667
-0.008 320
-0.00783333 313.333
-0.00766667 306.667
-0.0075 300
-0.00733333 293.333
-0.00716667 286.667
-0.007 280
-0.00683333 273.333
-0.00666667 266.667
-0.0065 260
-0.00633333 253.333
-0.00616667 246.667
-0.006 240
-0.00583333 233.333
-0.00566667 226.667
-0.0055 220
-0.00533333 213.333
-0.00516667 206.667
-0.005 200
-0.00483333 193.333
-0.00466667 186.667
-0.0045 180
-0.00433333 173.333
-0.00416667 166.667
-0.004 160
-0.00383333 153.333
-0.00366667 146.667
-0.0035 140
-0.00333333 133.333
-0.00316667 126.667
-0.003 120
-0.00283333 113.333
-0.00266667 106.667
-0.0025 100
-0.00233333 93.3333
-0.00216667 86.6667
-0.002 80
-0.00183333 73.3333
-0.00166667 66.6667
-0.0015 60
-0.00133333 53.3333
-0.00116667 46.6667
-0.001 40
-0.000833333 33.3333
-0.000666667 26.6667
-0.0005 20
-0.000333333 13.3333
-0.000166667 6.66667
-1.123e-19 -1.42109e-14
0.000166667 -6.66667
0.000333333 -13.3333
0.0005 -20
0.000666667 -26.6667
0.000833333 -33.3333
0.001 -40
0.00116667 -46.6667
0.00133333 -53.3333
0.0015 -60
0.00166667 -66.6667
0.00183333 -73.3333
0.002 -80
0.00216667 -86.6667
0.00233333 -93.3333
0.0025 -100
0.00266667 -106.667
0.00283333 -113.333
0.003 -120
0.00316667 -126.667
0.00333333 -133.333
0.0035 -140
0.00366667 -146.667
0.00383333 -153.333
0.004 -160
0.00416667 -166.667
0.00433333 -173.333
0.0045 -180
0.00466667 -186.667
0.00483333 -193.333
0.005 -200
0.00516667 -206.667
0.00533333 -213.333
0.0055 -220
0.00566667 -226.667
0.00583333 -233.333
0.006 -240
0.00616667 -246.667
0.00633333 -253.333
0.0065 -260
0.00666667 -266.667
0.00683333 -273.333
0.007 -280
0.00716667 -286.667
0.00733333 -293.333
0.0075 -300
0.00766667 -306.667
0.00783333 -313.333
0.008 -320
0.00816667 -326.667
0.00833333 -333.333
0.00816667 -326.667
0.008 -320
0.00783333 -313.333
0.00766667 -306.667
0.0075 -300
0.00733333 -293.333
0.00716667 -286.667
0.007 -280
0.00683333 -273.333
0.00666667 -266.667
0.0065 -260
0.00633333 -253.333
0.00616667 -246.667
0.006 -240
0.00583333 -233.333
0.00566667 -226.667
0.0055 -220
0.00533333 -213.333
0.00516667 -206.667
0.005 -200
0.00483333 -193.333
0.00466667 -186.667
0.0045 -180
0.00433333 -173.333
0.00416667 -166.667
0.004 -160
0.00383333 -153.333
0.00366667 -146.667
0.0035 -140
0.00333333 -133.333
0.00316667 -126.667
0.003 -120
0.00283333 -113.333
0.00266667 -106.667
0.0025 -100
0.00233333 -93.3333
0.00216667 -86.6667
0.002 -80
0.00183333 -73.3333
0.00166667 -66.6667
0.0015 -60
0.00133333 -53.3333
0.00116667 -46.6667
0.001 -40
0.000833333 -33.3333
0.000666667 -26.6667
0.0005 -20
0.000333333 -13.3333
0.000166667 -6.66667
6.03201e-19 -3.55271e-14
-0.000166667 6.66667
-0.000333333 13.3333
-0.0005 20
-0.000666667 26.6667
-0.000833333 33.3333
-0.001 40
-0.00116667 46.6667
-0.00133333 53.3333
-0.0015 60
-0.00166667 66.6667
-0.00183333 73.3333
-0.002 80
-0.00216667 86.6667
-0.00233333 93.3333
-0.0025 100
-0.00266667 106.667
-0.00283333 113.333
-0.003 120
-0.00316667 126.667
-0.00333333 133.333
-0.0035 140
-0.00366667 146.667
-0.00383333 153.333
-0.004 160
-0.00416667 166.667
-0.00433333 173.333
-0.0045 180
-0.00466667 186.667
-0.00483333 193.333
-0.005 200
-0.00516667 206.667
-0.00533333 213.333
-0.0055 220
-0.00566667 226.667
-0.00583333 233.333
-0.006 240
-0.00616667 246.667
-0.00633333 253.333
-0.0065 260
-0.00666667 266.667
-0.00683333 273.333
-0.007 280
-0.00716667 286.667
-0.00733333 293.333
-0.0075 300
-0.00766667 306.667
-0.00783333 313.333
-0.008 320
-0.00816667 326.667
-0.00833333 333.333
-0.0085 340
-0.00866667 346.667
-0.00883333 353.333
-0.009 360
-0.00916667 366.667
-0.00933333 373.333
-0.0095 380
-0.00966667 386.667
-0.00983333 393.333
-0.01 400
-0.0101421 404.21
-0.0102423 404.23
-0.0103425 404.25
-0.0104427 404.27
-0.0105429 404.29
-0.0106431 404.31
-0.0107433 404.33
-0.0108435 404.35
-0.0109437 404.37
-0.0110439 404.39
-0.0111441 404.41
-0.0112443 404.43
-0.0113445 404.45
-0.0114447 404.47
-0.0115449 404.49
-0.0116451 404.51
-0.0117453 404.53
-0.0118455 404.55
-0.0119457 404.57
-0.0120459 404.589
-0.0121461 404.609
-0.0122463 404.629
-0.0123465 404.649
-0.0124467 404.669
-0.0125469 404.689
-0.0126471 404.709
-0.0127473 404.729
-0.0128475 404.749
-0.0129477 404.769
-0.0130479 404.789
-0.0131481 404.809
-0.0132483 404.829
-0.0133485 404.849
-0.0134487 404.869
-0.0135489 404.889
-0.0136491 404.909
-0.0137493 404.929
-0.0138495 404.949
-0.0139497 404.969
-0.0140499 404.989
-0.0141501 405.009
-0.0142503 405.029
-0.0143505 405.049
-0.0144507 405.069
-0.0145509 405.088
-0.0146511 405.108
-0.0147513 405.128
-0.0148515 405.148
-0.0149517 405.168
-0.0150519 405.188
-0.0151521 405.208
-0.0152523 405.228
-0.0153525 405.248
-0.0154527 405.268
-0.0155529 405.288
-0.0156531 405.308
-0.0157533 405.328
-0.0158535 405.348
-0.0159537 405.368
-0.0160539 405.388
-0.0161541 405.408
-0.0162543 405.428
-0.0163545 405.448
-0.0164547 405.468
-0.0165549 405.488
-0.0166551 405.508
-0.0167553 405.528
-0.0168555 405.548
-0.0169557 405.568
-0.0170559 405.587
-0.0171561 405.607
-0.0172563 405.627
-0.0173565 405.647
-0.0174567 405.667
-0.0175569 405.687
-0.0176571 405.707
-0.0177573 405.727
-0.0178575 405.747
-0.0179577 405.767
-0.0180579 405.787
-0.0181581 405.807
-0.0182583 405.827
-0.0183585 405.847
-0.0184587 405.867
-0.0185589 405.887
-0.0186591 405.907
-0.0187593 405.927
-0.0188595 405.947
-0.0189597 405.967
-0.0190599 405.987
-0.0188932 399.32
-0.0187265 392.653
-0.0185599 385.987
-0.0183932 379.32
-0.0182265 372.653
-0.0180599 365.987
-0.0178932 359.32
-0.0177265 352.653
-0.0175599 345.987
-0.0173932 339.32
-0.0172265 332.653
-0.0170599 325.987
-0.0168932 319.32
-0.0167265 312.653
-0.0165599 305.987
-0.0163932 299.32
-0.0162265 292.653
-0.0160599 285.987
-0.0158932 279.32
-0.0157265 272.653
-0.0155599 265.987
-0.0153932 259.32
-0.0152265 252.653
-0.0150599 245.987
-0.0148932 239.32
-0.0147265 232.653
-0.0145599 225.987
-0.0143932 219.32
-0.0142265 212.653
-0.0140599 205.987
-0.0138932 199.32
-0.0137265 192.653
-0.0135599 185.987
-0.0133932 179.32
-0.0132265 172.653
-0.0130599 165.987
-0.0128932 159.32
-0.0127265 152.653
-0.0125599 145.987
-0.0123932 139.32
-0.0122265 132.653
-0.0120599 125.987
-0.0118932 119.32
-0.0117265 112.653
-0.0115599 105.987
-0.0113932 99.32
-0.0112265 92.6534
-0.0110599 85.9867
-0.0108932 79.32
-0.0107265 72.6534
-0.0105599 65.9867
-0.0103932 59.32
-0.0102265 52.6534
-0.0100599 45.9867
-0.0098932 39.32
-0.00972653 32.6534
-0.00955987 25.9867
-0.0093932 19.32
-0.00922653 12.6534
-0.00905987 5.9867
-0.0088932 -0.679972
-0.00872653 -7.34664
-0.00855987 -14.0133
-0.0083932 -20.68
-0.00822653 -27.3466
-0.00805987 -34.0133
-0.0078932 -40.68
-0.00772653 -47.3466
-0.00755987 -54.0133
-0.0073932 -60.68
-0.00722653 -67.3466
-0.00705987 -74.0133
-0.0068932 -80.68
-0.00672653 -87.3466
-0.00655987 -94.0133
-0.0063932 -100.68
-0.00622653 -107.347
-0.00605987 -114.013
-0.0058932 -120.68
-0.00572653 -127.347
-0.00555987 -134.013
-0.0053932 -140.68
-0.00522653 -147.347
-0.00505987 -154.013
-0.0048932 -160.68
-0.00472653 -167.347
-0.00455987 -174.013
-0.0043932 -180.68
-0.00422653 -187.347
-0.00405987 -194.013
-0.0038932 -200.68
-0.00372653 -207.347
-0.00355987 -214.013
-0.0033932 -220.68
-0.00322653 -227.347
-0.00305987 -234.013
-0.0028932 -240.68
-0.00272653 -247.347
-0.00255987 -254.013
-0.0023932 -260.68
-0.00222653 -267.347
-0.00205987 -274.013
-0.0018932 -280.68
-0.00172653 -287.347
-0.00155987 -294.013
-0.0013932 -300.68
-0.00122653 -307.347
-0.00105987 -314.013
-0.0008932 -320.68
-0.000726534 -327.347
-0.000559867 -334.013
-0.0003932 -340.68
-0.000226534 -347.347
-5.9867e-05 -354.013
0.0001068 -360.68
0.000273466 -367.347
0.000440133 -374.013
0.0006068 -380.68
0.000773466 -387.347
0.000940133 -394.013
0.0011068 -400.68
0.00127347 -407.347
0.00140409 -410.409
0.00150429 -410.429
0.00160449 -410.449
0.00170469 -410.469
0.00180489 -410.489
0.00190509 -410.509
0.00200529 -410.529
0.00210549 -410.549
0.00220569 -410.569
0.00230589 -410.589
0.00240609 -410.609
0.00250629 -410.629
0.00260649 -410.649
0.00270669 -410.669
0.00280689 -410.689
0.00290709 -410.709
0.00300729 -410.729
0.00310749 -410.749
0.00320769 -410.769
0.00330788 -410.788
0.00340808 -410.808
0.00350828 -410.828
0.00360848 -410.848
0.00370868 -410.868
0.00380888 -410.888
0.00390908 -410.908
0.00400928 -410.928
0.00410948 -410.948
0.00420968 -410.968
0.00430988 -410.988
0.00441008 -411.008
0.00451028 -411.028
0.00461048 -411.048
0.00471068 -411.068
0.00481088 -411.088
0.00491108 -411.108
0.00501128 -411.128
0.00511148 -411.148
0.00521168 -411.168
0.00531188 -411.188
0.00541208 -411.208
0.00551228 -411.228
0.00561248 -411.248
0.00571268 -411.268
0.00581287 -411.287
0.00591307 -411.307
0.00601327 -411.327
0.00611347 -411.347
0.00621367 -411.367
0.00631387 -411.387
0.00641407 -411.407
0.00651427 -411.427
0.00661447 -411.447
0.00671467 -411.467
0.00681487 -411.487
0.00691507 -411.507
0.00701527 -411.527
0.00711547 -411.547
0.00721567 -411.567
0.00731587 -411.587
0.00741607 -411.607
0.00751627 -411.627
0.00761647 -411.647
0.00771667 -411.667
0.00781687 -411.687
0.00791707 -411.707
0.00801727 -411.727
0.00811747 -411.747
0.00821767 -411.767
0.00831786 -411.786
0.00841806 -411.806
0.00851826 -411.826
0.00861846 -411.846
0.00871866 -411.866
0.00881886 -411.886
0.00891906 -411.906
0.00901926 -411.926
0.00911946 -411.946
0.00921966 -411.966
0.00931986 -411.986
0.00942006 -412.006
0.00952026 -412.026
0.00962046 -412.046
0.00972066 -412.066
0.00982086 -412.086
0.00992106 -412.106
0.0100213 -412.126
0.0101215 -412.146
0.0102217 -412.166
0.0103219 -412.186
0.0104221 -412.206
0.0105223 -412.226
0.0106225 -412.246
0.0107227 -412.266
0.0108229 -412.285
0.0109231 -412.305
0.0110233 -412.325
0.0111235 -412.345
0.0112237 -412.365
0.0113239 -412.385
0.0114241 -412.405
0.0115243 -412.425
0.0116245 -412.445
0.0117247 -412.465
0.0118249 -412.485
0.0119251 -412.505
0.0120253 -412.525
0.0121254 -412.545
0.0122256 -412.565
0.0123258 -412.585
0.012426 -412.605
0.0125262 -412.625
0.0126264 -412.645
0.0127266 -412.665
0.0128268 -412.685
0.012927 -412.705
0.0130272 -412.725
0.0131274 -412.745
0.0132276 -412.765
0.0133278 -412.784
0.013428 -412.804
0.0135282 -412.824
0.0136284 -412.844
0.0137286 -412.864
0.0138288 -412.884
0.013929 -412.904
0.0140292 -412.924
0.0141294 -412.944
0.0142296 -412.964
0.0143298 -412.984
0.01443 -413.004
0.0145302 -413.024
0.0146304 -413.044
0.0147306 -413.064
0.0148308 -413.084
0.014931 -413.104
0.0150312 -413.124
0.0151314 -413.144
0.0152316 -413.164
0.0153318 -413.184
0.015432 -413.204
0.0155322 -413.224
0.0156324 -413.244
0.0157326 -413.264
0.0158328 -413.283
0.015933 -413.303
0.0160332 -413.323
0.0161334 -413.343
0.0162336 -413.363
0.0163338 -413.383
0.016434 -413.403
0.0165342 -413.423
0.0166344 -413.443
0.0167346 -413.463
0.0168348 -413.483
0.016935 -413.503
0.0170352 -413.523
0.0171354 -413.543
0.0172356 -413.563
0.0173358 -413.583
0.017436 -413.603
0.0175362 -413.623
0.0176364 -413.643
0.0177366 -413.663
0.0178368 -413.683
0.017937 -413.703
0.0180372 -413.723
0.0181374 -413.743
0.0182376 -413.763
0.0183378 -413.782
0.018438 -413.802
0.0185382 -413.822
0.0186384 -413.842
0.0187386 -413.862
0.0188388 -413.882
0.018939 -413.902
0.0190392 -413.922
0.0191394 -413.942
0.0189728 -407.276
0.0188061 -400.609
0.0186394 -393.942
0.0184728 -387.276
0.0183061 -380.609
0.0181394 -373.942
0.0179728 -367.276
0.0178061 -360.609
0.0176394 -353.942
0.0174728 -347.276
0.0173061 -340.609
0.0171394 -333.942
0.0169728 -327.276
0.0168061 -320.609
0.0166394 -313.942
0.0164728 -307.276
0.0163061 -300.609
0.0161394 -293.942
0.0159728 -287.276
0.0158061 -280.609
0.0156394 -273.942
0.0154728 -267.276
0.0153061 -260.609
0.0151394 -253.942
0.0149728 -247.276
0.0148061 -240.609
0.0146394 -233.942
0.0144728 -227.276
0.0143061 -220.609
0.0141394 -213.942
0.0139728 -207.276
0.0138061 -200.609
0.0136394 -193.942
0.0134728 -187.276
0.0133061 -180.609
0.0131394 -173.942
0.0129728 -167.276
0.0128061 -160.609
0.0126394 -153.942
0.0124728 -147.276
0.0123061 -140.609
0.0121394 -133.942
0.0119728 -127.276
0.0118061 -120.609
0.0116394 -113.942
0.0114728 -107.276
0.0113061 -100.609
0.0111394 -93.9422
0.0109728 -87.2755
0.0108061 -80.6088
0.0106394 -73.9422
0.0104728 -67.2755
0.0103061 -60.6088
0.0101394 -53.9422
0.00997276 -47.2755
0.00980609 -40.6088
0.00963942 -33.9422
0.00947276 -27.2755
0.00930609 -20.6088
0.00913942 -13.9422
0.00897276 -7.2755
0.00880609 -0.608835
0.00863942 6.05783
0.00847276 12.7245
0.00830609 19.3912
0.00813942 26.0578
0.00797276 32.7245
0.00780609 39.3912
0.00763942 46.0578
0.00747276 52.7245
0.00730609 59.3912
0.00713942 66.0578
0.00697276 72.7245
0.00680609 79.3912
0.00663942 86.0578
0.00647276 92.7245
0.00630609 99.3912
0.00613942 106.058
0.00597276 112.724
0.00580609 119.391
0.00563942 126.058
0.00547276 132.724
0.00530609 139.391
0.00513942 146.058
0.00497276 152.724
0.00480609 159.391
0.00463942 166.058
0.00447276 172.724
0.00430609 179.391
0.00413942 186.058
0.00397276 192.724
0.00380609 199.391
0.00363942 206.058
0.00347276 212.724
0.00330609 219.391
0.00313942 226.058
0.00297276 232.724
0.00280609 239.391
0.00263942 246.058
0.00247276 252.724
0.00230609 259.391
0.00213942 266.058
0.00197276 272.724
0.00180609 279.391
0.00163942 286.058
0.00147276 292.724
0.00130609 299.391
0.00113942 306.058
0.000972755 312.724
0.000806088 319.391
0.000639422 326.058
0.000472755 332.724
0.000306088 339.391
0.000139422 346.058
-2.7245e-05 352.724
-0.000193912 359.391
-0.000360578 366.058
-0.000527245 372.724
-0.000693912 379.391
-0.000860578 386.058
-0.00102724 392.724
-0.00119391 399.391
-0.00136058 406.058
-0.00152724 412.724
-0.00167128 417.128
-0.00177148 417.148
-0.00187168 417.168
-0.00197188 417.188
-0.00207207 417.207
-0.00217227 417.227
-0.00227247 417.247
-0.00237267 417.267
-0.00247287 417.287
-0.00257307 417.307
-0.00267327 417.327
-0.00277347 417.347
-0.00287367 417.367
-0.00297387 417.387
-0.00307407 417.407
-0.00317427 417.427
-0.00327447 417.447
-0.00337467 417.467
-0.00347487 417.487
-0.00357507 417.507
-0.00367527 417.527
-0.00377547 417.547
-0.00387567 417.567
-0.00397587 417.587
-0.00407607 417.607
-0.00417627 417.627
-0.00427647 417.647
-0.00437667 417.667
-0.00447687 417.687
-0.00457706 417.706
-0.00467726 417.726
-0.00477746 417.746
-0.00487766 417.766
-0.00497786 417.786
-0.00507806 417.806
-0.00517826 417.826
-0.00527846 417.846
-0.00537866 417.866
-0.00547886 417.886
-0.00557906 417.906
-0.00567926 417.926
-0.00577946 417.946
-0.00587966 417.966
-0.00597986 417.986
-0.00608006 418.006
-0.00618026 418.026
-0.00628046 418.046
-0.00638066 418.066
-0.00648086 418.086
-0.00658106 418.106
-0.00668126 418.126
-0.00678146 418.146
-0.00688166 418.166
-0.00698186 418.186
-0.00708205 418.205
-0.00718225 418.225
-0.00728245 418.245
-0.00738265 418.265
-0.00748285 418.285
-0.00758305 418.305
-0.00768325 418.325
-0.00778345 418.345
-0.00788365 418.365
-0.00798385 418.385
-0.00808405 418.405
-0.00818425 418.425
-0.00828445 418.445
-0.00838465 418.465
-0.00848485 418.485
-0.00858505 418.505
-0.00868525 418.525
-0.00878545 418.545
-0.00888565 418.565
-0.00898585 418.585
-0.00908605 418.605
-0.00918625 418.625
-0.00928645 418.645
-0.00938665 418.665
-0.00948685 418.685
-0.00958704 418.704
-0.00968724 418.724
-0.00978744 418.744
-0.00988764 418.764
-0.00998784 418.784
-0.010088 418.804
-0.0101882 418.824
-0.0102884 418.844
-0.0103886 418.864
-0.0104888 418.884
-0.010589 418.904
-0.0106892 418.924
-0.0107894 418.944
-0.0108896 418.964
-0.0109898 418.984
-0.01109 419.004
-0.0111902 419.024
-0.0112904 419.044
-0.0113906 419.064
-0.0114908 419.084
-0.011591 419.104
-0.0116912 419.124
-0.0117914 419.144
-0.0118916 419.164
-0.0119918 419.184
-0.012092 419.203
-0.0121922 419.223
-0.0122924 419.243
-0.0123926 419.263
-0.0124928 419.283
-0.012593 419.303
-0.0126932 419.323
-0.0127934 419.343
-0.0128936 419.363
-0.0129938 419.383
-0.013094 419.403
-0.0131942 419.423
-0.0132944 419.443
-0.0133946 419.463
-0.0134948 419.483
-0.013595 419.503
-0.0136952 419.523
-0.0137954 419.543
-0.0138956 419.563
-0.0139958 419.583
-0.014096 419.603
-0.0141962 419.623
-0.0142964 419.643
-0.0143966 419.663
-0.0144968 419.683
-0.014597 419.702
-0.0146972 419.722
-0.0147974 419.742
-0.0148976 419.762
-0.0149978 419.782
-0.015098 419.802
-0.0151982 419.822
-0.0152984 419.842
-0.0153986 419.862
-0.0154988 419.882
-0.015599 419.902
-0.0156992 419.922
-0.0157994 419.942
-0.0158996 419.962
-0.0159998 419.982
-0.0161 420.002
-0.0162002 420.022
-0.0163004 420.042
-0.0164006 420.062
-0.0165008 420.082
-0.016601 420.102
-0.0167012 420.122
-0.0168014 420.142
-0.0169016 420.162
-0.0170018 420.182
-0.017102 420.201
-0.0172022 420.221
-0.0173024 420.241
-0.0174026 420.261
-0.0175028 420.281
-0.017603 420.301
-0.0177032 420.321
-0.0178034 420.341
-0.0179036 420.361
-0.0180038 420.381
-0.018104 420.401
-0.0182042 420.421
-0.0183044 420.441
-0.0184046 420.461
-0.0185048 420.481
-0.018605 420.501
-0.0187052 420.521
-0.0188054 420.541
-0.0189056 420.561
-0.0190058 420.581
-0.019106 420.601
-0.0192062 420.621
-0.0193064 420.641
-0.0194066 420.661
-0.0195068 420.681
-0.019607 420.7
-0.0197072 420.72
-0.0198074 420.74
-0.0199076 420.76
-0.0200078 420.78
-0.020108 420.8
-0.0202082 420.82
-0.0203084 420.84
-0.0204086 420.86
-0.0205088 420.88
-0.020609 420.9
-0.0207092 420.92
-0.0208094 420.94
-0.0209096 420.96
-0.0210098 420.98
-0.02111 421
-0.0212102 421.02
-0.0213104 421.04
-0.0214106 421.06
-0.0215108 421.08
-0.021611 421.1
-0.0217112 421.12
-0.0218114 421.14
-0.0219116 421.16
-0.0220118 421.18
-0.022112 421.199
-0.0222122 421.219
-0.0223124 421.239
-0.0224126 421.259
-0.0225128 421.279
-0.022613 421.299
-0.0227132 421.319
-0.0228134 421.339
-0.0229136 421.359
-0.0230138 421.379
-0.023114 421.399
-0.0232142 421.419
-0.0233144 421.439
-0.0234146 421.459
-0.0235148 421.479
-0.023615 421.499
-0.0237152 421.519
-0.0238154 421.539
-0.0239156 421.559
-0.0240158 421.579
-0.024116 421.599
-0.0242162 421.619
-0.0243164 421.639
-0.0244166 421.659
-0.0245168 421.679
-0.024617 421.698
-0.0247172 421.718
-0.0248174 421.738
-0.0249176 421.758
-0.0250178 421.778
-0.025118 421.798
-0.0252182 421.818
-0.0253184 421.838
-0.0254186 421.858
-0.0255188 421.878
-0.025619 421.898
-0.0257192 421.918
-0.0258194 421.938
-0.0259196 421.958
-0.0260198 421.978
-0.02612 421.998
-0.0262202 422.018
-0.0263204 422.038
-0.0264206 422.058
-0.0265208 422.078
-0.026621 422.098
-0.0267212 422.118
-0.0268214 422.138
-0.0269216 422.158
-0.0270218 422.178
-0.027122 422.197
-0.0272222 422.217
-0.0273224 422.237
-0.0274226 422.257
-0.0275228 422.277
-0.027623 422.297
-0.0277232 422.317
-0.0278234 422.337
-0.0279236 422.357
-0.0280238 422.377
-0.028124 422.397
-0.0282242 422.417
-0.0283244 422.437
-0.0284246 422.457
-0.0285248 422.477
-0.028625 422.497
-0.0287252 422.517
-0.0288254 422.537
-0.0289256 422.557
-0.0290258 422.577
-0.029126 422.597
-0.0292262 422.617
-0.0290595 415.95
-0.0288928 409.283
-0.0287262 402.617
-0.0285595 395.95
-0.0283928 389.283
-0.0282262 382.617
-0.0280595 375.95
-0.0278928 369.283
-0.0277262 362.617
-0.0275595 355.95
-0.0273928 349.283
-0.0272262 342.617
-0.0270595 335.95
-0.0268928 329.283
-0.0267262 322.617
-0.0265595 315.95
-0.0263928 309.283
-0.0262262 302.617
-0.0260595 295.95
-0.0258928 289.283
-0.0257262 282.617
-0.0255595 275.95
-0.0253928 269.283
-0.0252262 262.617
-0.0250595 255.95
-0.0248928 249.283
-0.0247262 242.617
-0.0245595 235.95
-0.0243928 229.283
-0.0242262 222.617
-0.0240595 215.95
-0.0238928 209.283
-0.0237262 202.617
-0.0235595 195.95
-0.0233928 189.283
-0.0232262 182.617
-0.0230595 175.95
-0.0228928 169.283
-0.0227262 162.617
-0.0225595 155.95
-0.0223928 149.283
-0.0222262 142.617
-0.0220595 135.95
-0.0218928 129.283
-0.0217262 122.617
-0.0215595 115.95
-0.0213928 109.283
-0.0212262 102.617
-0.0210595 95.95
-0.0208928 89.2833
-0.0207262 82.6167
-0.0205595 75.95
-0.0203928 69.2833
-0.0202262 62.6167
-0.0200595 55.95
-0.0198928 49.2833
-0.0197262 42.6167
-0.0195595 35.95
-0.0193928 29.2833
-0.0192262 22.6167
-0.0190595 15.95
-0.0188928 9.28332
-0.0187262 2.61665
-0.0185595 -4.05001
-0.0183928 -10.7167
-0.0182262 -17.3833
-0.0180595 -24.05
-0.0178928 -30.7167
-0.0177262 -37.3833
-0.0175595 -44.05
-0.0173928 -50.7167
-0.0172262 -57.3833
-0.0170595 -64.05
-0.0168928 -70.7167
-0.0167262 -77.3833
-0.0165595 -84.05
-0.0163928 -90.7167
-0.0162262 -97.3833
-0.0160595 -104.05
-0.0158928 -110.717
-0.0157262 -117.383
-0.0155595 -124.05
-0.0153928 -130.717
-0.0152262 -137.383
-0.0150595 -144.05
-0.0148928 -150.717
-0.0147262 -157.383
-0.0145595 -164.05
-0.0143928 -170.717
-0.0142262 -177.383
-0.0140595 -184.05
-0.0138928 -190.717
-0.0137262 -197.383
-0.0135595 -204.05
-0.0133928 -210.717
-0.0132262 -217.383
-0.0130595 -224.05
-0.0128928 -230.717
-0.0127262 -237.383
-0.0125595 -244.05
-0.0123928 -250.717
-0.0122262 -257.383
-0.0120595 -264.05
-0.0118928 -270.717
-0.0117262 -277.383
-0.0115595 -284.05
-0.0113928 -290.717
-0.0112262 -297.383
-0.0110595 -304.05
-0.0108928 -310.717
-0.0107262 -317.383
-0.0105595 -324.05
-0.0103928 -330.717
-0.0102262 -337.383
-0.0100595 -344.05
-0.00989283 -350.717
-0.00972617 -357.383
-0.0095595 -364.05
-0.00939283 -370.717
-0.00922617 -377.383
-0.0090595 -384.05
-0.00889283 -390.717
-0.00872617 -397.383
-0.0085595 -404.05
-0.00839283 -410.717
-0.00822617 -417.383
-0.00808297 -421.703
-0.00798277 -421.723
-0.00788257 -421.743
-0.00778238 -421.762
-0.00768218 -421.782
-0.00758198 -421.802
-0.00748178 -421.822
-0.00738158 -421.842
-0.00728138 -421.862
-0.00718118 -421.882
-0.00708098 -421.902
-0.00698078 -421.922
-0.00688058 -421.942
-0.00678038 -421.962
-0.00668018 -421.982
-0.00657998 -422.002
-0.00647978 -422.022
-0.00637958 -422.042
-0.00627938 -422.062
-0.00617918 -422.082
-0.00607898 -422.102
-0.00597878 -422.122
-0.00587858 -422.142
-0.00577838 -422.162
-0.00567818 -422.182
-0.00557798 -422.202
-0.00547778 -422.222
-0.00537758 -422.242
-0.00527739 -422.261
-0.00517719 -422.281
-0.00507699 -422.301
-0.00497679 -422.321
-0.00487659 -422.341
-0.00477639 -422.361
-0.00467619 -422.381
-0.00457599 -422.401
-0.00447579 -422.421
-0.00437559 -422.441
-0.00427539 -422.461
-0.00417519 -422.481
-0.00407499 -422.501
-0.00397479 -422.521
-0.00387459 -422.541
-0.00377439 -422.561
-0.00367419 -422.581
-0.00357399 -422.601
-0.00347379 -422.621
-0.00337359 -422.641
-0.00327339 -422.661
-0.00317319 -422.681
-0.00307299 -422.701
-0.00297279 -422.721
-0.00287259 -422.741
-0.0027724 -422.76
-0.0026722 -422.78
-0.002572 -422.8
-0.0024718 -422.82
-0.0023716 -422.84
-0.0022714 -422.86
-0.0021712 -422.88
-0.002071 -422.9
-0.0019708 -422.92
-0.0018706 -422.94
-0.0017704 -422.96
-0.0016702 -422.98
-0.00157 -423
-0.0014698 -423.02
-0.0013696 -423.04
-0.0012694 -423.06
-0.0011692 -423.08
-0.001069 -423.1
-0.000968802 -423.12
-0.000868603 -423.14
-0.000768403 -423.16
-0.000668204 -423.18
-0.000568004 -423.2
-0.000467804 -423.22
-0.000367605 -423.24
-0.000267405 -423.259
-0.000167206 -423.279
-6.70059e-05 -423.299
3.31937e-05 -423.319
0.000133393 -423.339
0.000233593 -423.359
0.000333792 -423.379
0.000433992 -423.399
0.000534192 -423.419
0.000634391 -423.439
0.000734591 -423.459
0.00083479 -423.479
0.00093499 -423.499
0.00103519 -423.519
0.00113539 -423.539
0.00123559 -423.559
0.00133579 -423.579
0.00143599 -423.599
0.00153619 -423.619
0.00163639 -423.639
0.00173659 -423.659
0.00183679 -423.679
0.00193699 -423.699
0.00203719 -423.719
0.00213739 -423.739
0.00223758 -423.758
0.00233778 -423.778
0.00243798 -423.798
0.00253818 -423.818
0.00263838 -423.838
0.00273858 -423.858
0.00283878 -423.878
0.00293898 -423.898
0.00303918 -423.918
0.00313938 -423.938
0.00323958 -423.958
0.00333978 -423.978
0.00343998 -423.998
0.00354018 -424.018
0.00364038 -424.038
0.00374058 -424.058
0.00384078 -424.078
0.00394098 -424.098
0.00404118 -424.118
0.00414138 -424.138
0.00424158 -424.158
0.00434178 -424.178
0.00444198 -424.198
0.00454218 -424.218
0.00464238 -424.238
0.00474257 -424.257
0.00484277 -424.277
0.00494297 -424.297
0.00504317 -424.317
0.00514337 -424.337
0.00524357 -424.357
0.00534377 -424.377
0.00544397 -424.397
0.00554417 -424.417
0.00564437 -424.437
0.00574457 -424.457
0.00584477 -424.477
0.00594497 -424.497
0.00604517 -424.517
0.00614537 -424.537
0.00624557 -424.557
0.00634577 -424.577
0.00644597 -424.597
0.00654617 -424.617
0.00664637 -424.637
0.00674657 -424.657
0.00684677 -424.677
0.00694697 -424.697
0.00704717 -424.717
0.00714737 -424.737
0.00724756 -424.756
0.00734776 -424.776
0.00744796 -424.796
0.00754816 -424.816
0.00764836 -424.836
0.00774856 -424.856
0.00784876 -424.876
0.00794896 -424.896
0.00804916 -424.916
0.00814936 -424.936
0.00824956 -424.956
0.00834976 -424.976
0.00844996 -424.996
0.00855016 -425.016
0.00865036 -425.036
0.00875056 -425.056
0.00885076 -425.076
0.00895096 -425.096
0.00905116 -425.116
0.00915136 -425.136
0.00925156 -425.156
0.00935176 -425.176
0.00945196 -425.196
0.00955216 -425.216
0.00965236 -425.236
0.00975255 -425.255
0.00985275 -425.275
0.00995295 -425.295
0.0100532 -425.315
0.0101534 -425.335
0.0102536 -425.355
0.0103538 -425.375
0.010454 -425.395
0.0105542 -425.415
0.0106544 -425.435
0.0107546 -425.455
0.0108548 -425.475
0.010955 -425.495
0.0110551 -425.515
0.0111553 -425.535
0.0112555 -425.555
0.0113557 -425.575
0.0114559 -425.595
0.0115561 -425.615
0.0116563 -425.635
0.0117565 -425.655
0.0118567 -425.675
0.0119569 -425.695
0.0120571 -425.715
0.0121573 -425.735
0.0122575 -425.754
0.0123577 -425.774
0.0124579 -425.794
0.0125581 -425.814
0.0126583 -425.834
0.0127585 -425.854
0.0128587 -425.874
0.0129589 -425.894
0.0130591 -425.914
0.0131593 -425.934
0.0132595 -425.954
0.0133597 -425.974
0.0134599 -425.994
0.0135601 -426.014
0.0136603 -426.034
0.0137605 -426.054
0.0138607 -426.074
0.0139609 -426.094
0.0140611 -426.114
0.0141613 -426.134
0.0142615 -426.154
0.0143617 -426.174
0.0144619 -426.194
0.0145621 -426.214
0.0146623 -426.234
0.0147625 -426.253
0.0148627 -426.273
0.0149629 -426.293
0.0150631 -426.313
0.0151633 -426.333
0.0152635 -426.353
0.0153637 -426.373
0.0154639 -426.393
0.0155641 -426.413
0.0156643 -426.433
0.0157645 -426.453
0.0158647 -426.473
0.0159649 -426.493
0.0160651 -426.513
0.0161653 -426.533
0.0162655 -426.553
0.0163657 -426.573
0.0164659 -426.593
0.0165661 -426.613
0.0166663 -426.633
0.0167665 -426.653
0.0168667 -426.673
0.0169669 -426.693
0.0170671 -426.713
0.0171673 -426.733
0.0172675 -426.753
0.0173677 -426.772
0.0174679 -426.792
0.0175681 -426.812
0.0176683 -426.832
0.0177685 -426.852
0.0178687 -426.872
0.0179689 -426.892
0.0180691 -426.912
0.0181693 -426.932
0.0182695 -426.952
0.0183697 -426.972
0.0184699 -426.992
0.0185701 -427.012
0.0186703 -427.032
0.0187705 -427.052
0.0188707 -427.072
0.0189709 -427.092
0.0190711 -427.112
0.0191713 -427.132
0.0192715 -427.152
0.0193717 -427.172
0.0194719 -427.192
0.0195721 -427.212
0.0196723 -427.232
0.0197725 -427.252
0.0198727 -427.271
0.0199729 -427.291
0.0200731 -427.311
0.0201733 -427.331
0.0202735 -427.351
0.0203737 -427.371
0.0204739 -427.391
0.0205741 -427.411
0.0206743 -427.431
0.0207745 -427.451
0.0208747 -427.471
0.0209749 -427.491
0.0210751 -427.511
0.0211753 -427.531
0.0212755 -427.551
0.0213757 -427.571
0.0214759 -427.591
0.0215761 -427.611
0.0216763 -427.631
0.0217765 -427.651
0.0218767 -427.671
0.0219769 -427.691
0.0220771 -427.711
0.0221773 -427.731
0.0222775 -427.751
0.0223777 -427.77
0.0224779 -427.79
0.0225781 -427.81
0.0226783 -427.83
0.0227785 -427.85
0.0228787 -427.87
0.0229789 -427.89
0.0230791 -427.91
0.0231793 -427.93
0.0232795 -427.95
0.0233797 -427.97
0.0234799 -427.99
0.0235801 -428.01
0.0236803 -428.03
0.0237805 -428.05
0.0238807 -428.07
0.0239809 -428.09
0.0240811 -428.11
0.0241813 -428.13
0.0242815 -428.15
0.0243817 -428.17
0.0244819 -428.19
0.0245821 -428.21
0.0246823 -428.23
0.0247825 -428.25
0.0248827 -428.269
0.0249829 -428.289
0.0250831 -428.309
0.0251833 -428.329
0.0252835 -428.349
0.0253837 -428.369
0.0254839 -428.389
0.0255841 -428.409
0.0256843 -428.429
0.0257845 -428.449
0.0258847 -428.469
0.0259849 -428.489
0.0260851 -428.509
0.0261853 -428.529
0.0262855 -428.549
0.0263857 -428.569
0.0264859 -428.589
0.0265861 -428.609
0.0266863 -428.629
0.0267865 -428.649
0.0268867 -428.669
0.0269869 -428.689
0.0270871 -428.709
0.0271873 -428.729
0.0272875 -428.749
0.0273877 -428.768
0.0274879 -428.788
0.0275881 -428.808
0.0276883 -428.828
0.0277885 -428.848
0.0278887 -428.868
0.0279889 -428.888
0.0280891 -428.908
0.0281893 -428.928
0.0282895 -428.948
0.0283897 -428.968
0.0284899 -428.988
0.0285901 -429.008
0.0286903 -429.028
0.0287905 -429.048
0.0288907 -429.068
0.0289909 -429.088
0.0290911 -429.108
0.0291913 -429.128
0.0292915 -429.148
0.0276248 -362.481
0.0259581 -295.814
0.0242915 -229.148
0.0226248 -162.481
0.0209581 -95.8144
0.0192915 -29.1477
0.0176248 37.519
0.0159581 104.186
0.0142915 170.852
0.0126248 237.519
0.0109581 304.186
0.00929148 370.852
0.00772099 427.901
0.00671899 428.101
0.00571699 428.301
0.004715 428.5
0.003713 428.7
0.00271101 428.899
0.00170901 429.099
0.000707013 429.299
-0.000294983 429.498
-0.00129698 429.698
-0.00229897 429.897
-0.00330097 430.097
-0.00430297 430.297
-0.00530496 430.496
-0.00630696 430.696
-0.00730895 430.895
-0.00831095 431.095
-0.00931295 431.295
-0.0103149 431.494
-0.0113169 431.694
-0.0123189 431.893
-0.0133209 432.093
-0.0143229 432.293
-0.0153249 432.492
-0.0163269 432.692
-0.0173289 432.891
-0.0183309 433.091
-0.0193329 433.291
-0.0203349 433.49
-0.0213369 433.69
-0.0223389 433.889
-0.0233409 434.089
-0.0243429 434.289
-0.0253449 434.488
-0.0263469 434.688
-0.0273489 434.887
-0.0283509 435.087
-0.0293529 435.287
-0.0303549 435.486
-0.0313569 435.686
-0.0323589 435.885
-0.0333609 436.085
-0.0343628 436.285
-0.0353648 436.484
-0.0363668 436.684
-0.0373688 436.883
-0.0383708 437.083
-0.0393728 437.283
-0.0377062 370.616
-0.0360395 303.949
-0.0343728 237.283
-0.0327062 170.616
-0.0310395 103.949
-0.0293728 37.2827
-0.0277062 -29.384
-0.0260395 -96.0506
-0.0243728 -162.717
-0.0227062 -229.384
-0.0210395 -296.051
-0.0193728 -362.717
-0.0177062 -429.384
-0.0166804 -431.96
-0.0156784 -432.159
-0.0146764 -432.359
-0.0136744 -432.558
-0.0126724 -432.758
-0.0116704 -432.958
-0.0106684 -433.157
-0.00966643 -433.357
-0.00866444 -433.556
-0.00766244 -433.756
-0.00666044 -433.956
-0.00565845 -434.155
-0.00465645 -434.355
-0.00365446 -434.554
-0.00265246 -434.754
-0.00165046 -434.954
-0.000648468 -435.153
0.000353528 -435.353
0.00135552 -435.552
0.00235752 -435.752
0.00335952 -435.952
0.00436151 -436.151
0.00536351 -436.351
0.0063655 -436.55
0.0073675 -436.75
0.0083695 -436.95
0.00937149 -437.149
0.0103735 -437.349
0.0113755 -437.548
0.0123775 -437.748
0.0133795 -437.948
0.0143815 -438.147
0.0153835 -438.347
0.0163855 -438.546
0.0173875 -438.746
0.0183895 -438.946
0.0193915 -439.145
0.0203934 -439.345
0.0213954 -439.544
0.0223974 -439.744
0.0233994 -439.944
0.0244014 -440.143
0.0254034 -440.343
0.0264054 -440.542
0.0274074 -440.742
0.0284094 -440.942
0.0294114 -441.141
0.0304134 -441.341
0.0314154 -441.54
0.0324174 -441.74
0.0334194 -441.94
0.0344214 -442.139
0.0354234 -442.339
0.0364254 -442.538
0.0374274 -442.738
0.0384294 -442.938
0.0394314 -443.137
0.0377647 -376.471
0.036098 -309.804
0.0344314 -243.137
0.0327647 -176.471
0.031098 -109.804
0.0294314 -43.1372
0.0277647 23.5295
0.026098 90.1961
0.0244314 156.863
0.0227647 223.529
0.021098 290.196
0.0194314 356.863
0.0177647 423.529
0.016624 437.596
0.015622 437.796
0.01462 437.995
0.0136181 438.195
0.0126161 438.394
0.0116141 438.594
0.0106121 438.794
0.00961007 438.993
0.00860807 439.193
0.00760608 439.392
0.00660408 439.592
0.00560208 439.792
0.00460009 439.991
0.00359809 440.191
0.0025961 440.39
0.0015941 440.59
0.000592105 440.79
-0.000409891 440.989
-0.00141189 441.189
-0.00241388 441.388
-0.00341588 441.588
-0.00441788 441.788
-0.00541987 441.987
-0.00642187 442.187
-0.00742386 442.386
-0.00842586 442.586
-0.00942786 442.786
-0.0104299 442.985
-0.0114318 443.185
-0.0124338 443.384
-0.0134358 443.584
-0.0144378 443.784
-0.0154398 443.983
-0.0164418 444.183
-0.0174438 444.382
-0.0184458 444.582
-0.0194478 444.782
-0.0204498 444.981
-0.0214518 445.181
-0.0224538 445.38
-0.0234558 445.58
-0.0244578 445.78
-0.0254598 445.979
-0.0264618 446.179
-0.0274638 446.378
-0.0284658 446.578
-0.0294678 446.778
-0.0304698 446.977
-0.0314718 447.177
-0.0324738 447.376
-0.0334758 447.576
-0.0344778 447.776
-0.0354798 447.975
-0.0364817 448.175
-0.0374837 448.374
-0.0384857 448.574
-0.0394877 448.774
-0.0404897 448.973
-0.0414917 449.173
-0.0424937 449.372
-0.0434957 449.572
-0.0444977 449.772
-0.0454997 449.971
-0.0465017 450.171
-0.0475037 450.37
-0.0485057 450.57
-0.0495077 450.77
-0.047841 384.103
-0.0461744 317.436
-0.0445077 250.77
-0.042841 184.103
-0.0411744 117.436
-0.0395077 50.7696
-0.037841 -15.8971
-0.0361744 -82.5638
-0.0345077 -149.23
-0.032841 -215.897
-0.0311744 -282.564
-0.0295077 -349.23
-0.027841 -415.897
-0.0265894 -441.059
-0.0255874 -441.259
-0.0245854 -441.459
-0.0235834 -441.658
-0.0225814 -441.858
-0.0215794 -442.057
-0.0205774 -442.257
-0.0195754 -442.457
-0.0185734 -442.656
-0.0175714 -442.856
-0.0165694 -443.055
-0.0155674 -443.255
-0.0145655 -443.455
-0.0135635 -443.654
-0.0125615 -443.854
-0.0115595 -444.053
-0.0105575 -444.253
-0.00955547 -444.453
-0.00855348 -444.652
-0.00755148 -444.852
-0.00654949 -445.051
-0.00554749 -445.251
-0.00454549 -445.451
-0.0035435 -445.65
-0.0025415 -445.85
-0.00153951 -446.049
-0.00053751 -446.249
0.000464486 -446.449
0.00146648 -446.648
0.00246848 -446.848
0.00347047 -447.047
0.00447247 -447.247
0.00547447 -447.447
0.00647646 -447.646
0.00747846 -447.846
0.00848045 -448.045
0.00948245 -448.245
0.0104844 -448.445
0.0114864 -448.644
0.0124884 -448.844
0.0134904 -449.043
0.0144924 -449.243
0.0154944 -449.443
0.0164964 -449.642
0.0174984 -449.842
0.0185004 -450.041
0.0195024 -450.241
0.0205044 -450.441
0.0215064 -450.64
0.0225084 -450.84
0.0235104 -451.039
0.0245124 -451.239
0.0255144 -451.439
0.0265164 -451.638
0.0275184 -451.838
0.0285204 -452.037
0.0295224 -452.237
0.0305244 -452.437
0.0315264 -452.636
0.0325284 -452.836
0.0335304 -453.035
0.0345324 -453.235
0.0355343 -453.435
0.0365363 -453.634
0.0375383 -453.834
0.0385403 -454.033
0.0395423 -454.233
0.0405443 -454.433
0.0415463 -454.632
0.0425483 -454.832
0.0435503 -455.031
0.0445523 -455.231
0.0455543 -455.431
0.0465563 -455.63
0.0475583 -455.83
0.0485603 -456.029
0.0495623 -456.229
0.0478956 -389.562
0.046229 -322.896
0.0445623 -256.229
0.0428956 -189.562
0.041229 -122.896
0.0395623 -56.2291
0.0378956 10.4376
0.036229 77.1043
0.0345623 143.771
0.0328956 210.438
0.031229 277.104
0.0295623 343.771
0.0278956 410.438
0.0265363 446.371
0.0255343 446.571
0.0245323 446.77
0.0235303 446.97
0.0225283 447.169
0.0215263 447.369
0.0205243 447.569
0.0195223 447.768
0.0185203 447.968
0.0175183 448.167
0.0165163 448.367
0.0155143 448.567
0.0145123 448.766
0.0135103 448.966
0.0125083 449.165
0.0115064 449.365
0.0105044 449.565
0.00950236 449.764
0.00850036 449.964
0.00749837 450.163
0.00649637 450.363
0.00549437 450.563
0.00449238 450.762
0.00349038 450.962
0.00248839 451.161
0.00148639 451.361
0.000484394 451.561
-0.000517602 451.76
-0.0015196 451.96
-0.00252159 452.159
-0.00352359 452.359
-0.00452559 452.559
-0.00552758 452.758
-0.00652958 452.958
-0.00753157 453.157
-0.00853357 453.357
-0.00953557 453.557
-0.0105376 453.756
-0.0115396 453.956
-0.0125416 454.155
-0.0135436 454.355
-0.0145455 454.555
-0.0155475 454.754
-0.0165495 454.954
-0.0175515 455.153
-0.0185535 455.353
-0.0195555 455.553
-0.0205575 455.752
-0.0215595 455.952
-0.0225615 456.151
-0.0235635 456.351
-0.0245655 456.551
-0.0255675 456.75
-0.0265695 456.95
-0.0275715 457.149
-0.0285735 457.349
-0.0295755 457.549
-0.0305775 457.748
-0.0315795 457.948
-0.0325815 458.147
-0.0335835 458.347
-0.0345855 458.547
-0.0355875 458.746
-0.0365895 458.946
-0.0375915 459.145
-0.0385935 459.345
-0.0395954 459.545
-0.0405974 459.744
-0.0415994 459.944
-0.0426014 460.143
-0.0436034 460.343
-0.0446054 460.543
-0.0456074 460.742
-0.0466094 460.942
-0.0476114 461.141
-0.0486134 461.341
-0.0496154 461.541
-0.0506174 461.74
-0.0516194 461.94
-0.0526214 462.139
-0.0536234 462.339
-0.0546254 462.539
-0.0556274 462.738
-0.0566294 462.938
-0.0576314 463.137
-0.0586334 463.337
-0.0596354 463.537
-0.0579687 396.87
-0.056302 330.203
-0.0546354 263.537
-0.0529687 196.87
-0.051302 130.203
-0.0496354 63.5366
-0.0479687 -3.13003
-0.046302 -69.7967
-0.0446354 -136.463
-0.0429687 -203.13
-0.041302 -269.797
-0.0396354 -336.463
-0.0379687 -403.13
-0.0365044 -449.56
-0.0355024 -449.76
-0.0345004 -449.959
-0.0334984 -450.159
-0.0324964 -450.358
-0.0314944 -450.558
-0.0304924 -450.758
-0.0294904 -450.957
-0.0284884 -451.157
-0.0274864 -451.356
-0.0264844 -451.556
-0.0254824 -451.756
-0.0244804 -451.955
-0.0234785 -452.155
-0.0224765 -452.354
-0.0214745 -452.554
-0.0204725 -452.754
-0.0194705 -452.953
-0.0184685 -453.153
-0.0174665 -453.352
-0.0164645 -453.552
-0.0154625 -453.752
-0.0144605 -453.951
-0.0134585 -454.151
-0.0124565 -454.35
-0.0114545 -454.55
-0.0104525 -454.75
-0.00945051 -454.949
-0.00844851 -455.149
-0.00744652 -455.348
-0.00644452 -455.548
-0.00544252 -455.748
-0.00444053 -455.947
-0.00343853 -456.147
-0.00243654 -456.346
-0.00143454 -456.546
-0.000432545 -456.746
0.000569451 -456.945
0.00157145 -457.145
0.00257344 -457.344
0.00357544 -457.544
0.00457744 -457.744
0.00557943 -457.943
0.00658143 -458.143
0.00758342 -458.342
0.00858542 -458.542
0.00958742 -458.742
0.0105894 -458.941
0.0115914 -459.141
0.0125934 -459.34
0.0135954 -459.54
0.0145974 -459.74
0.0155994 -459.939
0.0166014 -460.139
0.0176034 -460.338
0.0186054 -460.538
0.0196074 -460.738
0.0206094 -460.937
0.0216114 -461.137
0.0226134 -461.336
0.0236154 -461.536
0.0246174 -461.736
0.0256194 -461.935
0.0266213 -462.135
0.0276233 -462.334
0.0286253 -462.534
0.0296273 -462.734
0.0306293 -462.933
0.0316313 -463.133
0.0326333 -463.332
0.0336353 -463.532
0.0346373 -463.732
0.0356393 -463.931
0.0366413 -464.131
0.0376433 -464.33
0.0386453 -464.53
0.0396473 -464.73
0.0406493 -464.929
0.0416513 -465.129
0.0426533 -465.328
0.0436553 -465.528
0.0446573 -465.728
0.0456593 -465.927
0.0466613 -466.127
0.0476633 -466.326
0.0486653 -466.526
0.0496673 -466.726
0.0506693 -466.925
0.0516712 -467.125
0.0526732 -467.324
0.0536752 -467.524
0.0546772 -467.724
0.0530106 -401.057
0.0513439 -334.39
0.0496772 -267.724
0.0480106 -201.057
0.0463439 -134.39
0.0446772 -67.7236
0.0430106 -1.05691
0.0413439 65.6098
0.0396772 132.276
0.0380106 198.943
0.0363439 265.61
0.0346772 332.276
0.0330106 398.943
0.0314692 453.081
0.0304672 453.281
0.0294652 453.481
0.0284632 453.68
0.0274612 453.88
0.0264592 454.079
0.0254572 454.279
0.0244552 454.479
0.0234532 454.678
0.0224512 454.878
0.0214492 455.077
0.0204472 455.277
0.0194452 455.477
0.0184432 455.676
0.0174412 455.876
0.0164392 456.075
0.0154373 456.275
0.0144353 456.475
0.0134333 456.674
0.0124313 456.874
0.0114293 457.073
0.0104273 457.273
0.00942527 457.473
0.00842328 457.672
0.00742128 457.872
0.00641929 458.071
0.00541729 458.271
0.00441529 458.471
0.0034133 458.67
0.0024113 458.87
0.00140931 459.069
0.000407311 459.269
-0.000594685 459.469
-0.00159668 459.668
-0.00259868 459.868
-0.00360067 460.067
-0.00460267 460.267
