-0.000166666 6.66665
-0.00033333 13.333
-0.000499983 19.9983
-0.000666614 26.6614
-0.000833205 33.3205
-0.000999734 39.9734
-0.00116617 46.6175
-0.0013325 53.2496
-0.00149866 59.8662
-0.00166463 66.4634
-0.00183037 73.0369
-0.00199582 79.5822
-0.00216094 86.0944
-0.00232568 92.5685
-0.00248999 98.9994
-0.00265382 105.382
-0.00281711 111.711
-0.00297982 117.982
-0.00314189 124.189
-0.00330328 130.328
-0.00346395 136.395
-0.00362385 142.385
-0.00378296 148.296
-0.00394123 154.122
-0.00409863 159.863
-0.00425516 165.516
-0.00441077 171.077
-0.00456547 176.547
-0.00471923 181.923
-0.00487206 187.206
-0.00502394 192.394
-0.00517488 197.488
-0.00532488 202.488
-0.00547395 207.395
-0.00562209 212.209
-0.00576932 216.932
-0.00591564 221.564
-0.00606107 226.107
-0.00620563 230.563
-0.00634934 234.934
-0.0064922 239.22
-0.00663425 243.425
-0.00677549 247.549
-0.00691595 251.595
-0.00705564 255.564
-0.0071946 259.46
-0.00733282 263.282
-0.00747034 267.034
-0.00760717 270.717
-0.00774334 274.334
-0.00757667 267.667
-0.00741001 261.001
-0.00724334 254.334
-0.00707667 247.667
-0.00691001 241.001
-0.00674334 234.334
-0.00657667 227.667
-0.00641001 221.001
-0.00624334 214.334
-0.00607667 207.667
-0.00591001 201.001
-0.00574334 194.334
-0.00557667 187.667
-0.00541001 181.001
-0.00524334 174.334
-0.00507667 167.667
-0.00491001 161.001
-0.00474334 154.334
-0.00457667 147.667
-0.00441001 141.001
-0.00424334 134.334
-0.00407667 127.667
-0.00391001 121.001
-0.00374334 114.334
-0.00357667 107.667
-0.00341001 101.001
-0.00324334 94.334
-0.00307667 87.6673
-0.00291001 81.0007
-0.00274334 74.334
-0.00257667 67.6673
-0.00241001 61.0007
-0.00224334 54.334
-0.00207667 47.6673
-0.00191001 41.0007
-0.00174334 34.334
-0.00157667 27.6673
-0.00141001 21.0007
-0.00124334 14.334
-0.00107667 7.66732
-0.000910007 1.00065
-0.00074334 -5.66601
-0.000576673 -12.3327
-0.00041001 -18.999
-0.000243357 -25.6643
-7.67258e-05 -32.3274
8.98651e-05 -38.9865
0.000256394 -45.6394
0.000422835 -52.2835
0.000589156 -58.9156
0.000755322 -65.5322
0.000921294 -72.1294
0.00108703 -78.7029
0.00125248 -85.2482
0.0014176 -91.7604
0.00158234 -98.2345
0.00174665 -104.665
0.00191048 -111.048
0.00207377 -117.377
0.00223648 -123.648
0.00239855 -129.855
0.00255994 -135.994
0.00272061 -142.061
0.00288051 -148.051
0.00303962 -153.962
0.00319789 -159.789
0.00335529 -165.529
0.00351182 -171.182
0.00366743 -176.743
0.00382213 -182.213
0.00397589 -187.589
0.00412872 -192.872
0.0042806 -198.06
0.00443154 -203.154
0.00458154 -208.154
0.00473061 -213.061
0.00487875 -217.875
0.00502598 -222.598
0.0051723 -227.23
0.00531773 -231.773
0.00546229 -236.229
0.005606 -240.6
0.00574886 -244.886
0.00589091 -249.091
0.00603215 -253.215
0.00617261 -257.261
0.0063123 -261.23
0.00645126 -265.126
0.00658948 -268.948
0.006727 -272.7
0.00686383 -276.383
0.007 -280
0.00713552 -283.552
0.0072704 -287.04
0.00740467 -290.467
0.00753835 -293.835
0.00767144 -297.144
0.00780397 -300.397
0.00793596 -303.596
0.00806741 -306.741
0.00790075 -300.075
0.00773408 -293.408
0.00756741 -286.741
0.00740075 -280.075
0.00723408 -273.408
0.00706741 -266.741
0.00690075 -260.075
0.00673408 -253.408
0.00656741 -246.741
0.00640075 -240.075
0.00623408 -233.408
0.00606741 -226.741
0.00590075 -220.075
0.00573408 -213.408
0.00556741 -206.741
0.00540075 -200.075
0.00523408 -193.408
0.00506741 -186.741
0.00490075 -180.075
0.00473408 -173.408
0.00456741 -166.741
0.00440075 -160.075
0.00423408 -153.408
0.00406741 -146.741
0.00390075 -140.075
0.00373408 -133.408
0.00356741 -126.741
0.00340075 -120.075
0.00323408 -113.408
0.00306741 -106.741
0.00290075 -100.075
0.00273408 -93.408
0.00256741 -86.7414
0.00240075 -80.0747
0.00223408 -73.408
0.00206741 -66.7414
0.00190075 -60.0747
0.00173408 -53.408
0.00156741 -46.7414
0.00140075 -40.0747
0.00123408 -33.408
0.00106741 -26.7414
0.000900747 -20.0747
0.00073408 -13.408
0.000567414 -6.74138
0.000400747 -0.0747111
0.00023408 6.59196
6.7414e-05 13.2586
-9.92496e-05 19.925
-0.000265903 26.5903
-0.000432534 33.2534
-0.000599124 39.9124
-0.000765654 46.5654
-0.000932094 53.2094
-0.00109842 59.8415
-0.00126458 66.4582
-0.00143055 73.0554
-0.00159629 79.6289
-0.00176174 86.1741
-0.00192686 92.6863
-0.0020916 99.1604
-0.00225591 105.591
-0.00241974 111.974
-0.00258303 118.303
-0.00274574 124.574
-0.00290781 130.781
-0.0030692 136.92
-0.00322987 142.987
-0.00338977 148.977
-0.00354887 154.887
-0.00370714 160.714
-0.00386455 166.455
-0.00402108 172.107
-0.00417669 177.669
-0.00433139 183.139
-0.00448515 188.515
-0.00463798 193.798
-0.00478986 198.986
-0.0049408 204.08
-0.0050908 209.08
-0.00523987 213.987
-0.00538801 218.801
-0.00553523 223.523
-0.00568156 228.156
-0.00582699 232.699
-0.00597155 237.155
-0.00611526 241.526
-0.00625812 245.812
-0.00640017 250.017
-0.00654141 254.141
-0.00668187 258.187
-0.00682156 262.156
-0.00696052 266.052
-0.00709874 269.874
-0.00723626 273.626
-0.00737309 277.309
-0.00750926 280.926
-0.00764478 284.478
-0.00777966 287.966
-0.00791393 291.393
-0.0080476 294.76
-0.0081807 298.07
-0.00831323 301.323
-0.00844522 304.522
-0.00857667 307.667
-0.00870761 310.761
-0.00883805 313.805
-0.008968 316.8
-0.00909748 319.748
-0.00922649 322.649
-0.00935506 325.506
-0.0094832 328.32
-0.00961091 331.091
-0.00973822 333.822
-0.00986512 336.512
-0.00999163 339.163
-0.0101178 341.777
-0.0102435 344.353
-0.0103689 346.894
-0.010494 349.4
-0.0106187 351.872
-0.0107431 354.311
-0.0108672 356.718
-0.0109909 359.093
-0.0111144 361.438
-0.0112375 363.753
-0.0113604 366.039
-0.011483 368.296
-0.0116053 370.526
-0.0117273 372.728
-0.011849 374.904
-0.0119705 377.055
-0.0120918 379.18
-0.0122128 381.281
-0.0123336 383.358
-0.0124541 385.411
-0.0125744 387.441
-0.0126945 389.45
-0.0128144 391.436
-0.012934 393.4
-0.0130534 395.344
-0.0131727 397.268
-0.0132917 399.171
-0.0134105 401.055
-0.0135292 402.919
-0.0136476 404.765
-0.0137659 406.592
-0.013884 408.401
-0.0140019 410.193
-0.0141197 411.967
-0.0142372 413.724
-0.0143546 415.465
-0.0144719 417.189
-0.014589 418.898
-0.0147059 420.59
-0.0148227 422.268
-0.0149393 423.93
-0.0150558 425.577
-0.0151721 427.21
-0.0152883 428.829
-0.0154043 430.434
-0.0155202 432.025
-0.015636 433.602
-0.0157517 435.166
-0.0158672 436.717
-0.0159826 438.256
-0.0160978 439.782
-0.016213 441.295
-0.016328 442.797
-0.0164429 444.286
-0.0165576 445.764
-0.0166723 447.23
-0.0167868 448.685
-0.0169013 450.128
-0.0170156 451.561
-0.0171298 452.983
-0.0172439 454.394
-0.0173579 455.795
-0.0174719 457.185
-0.0175857 458.566
-0.0176994 459.936
-0.017813 461.297
-0.0179265 462.648
-0.0180399 463.989
-0.0181532 465.322
-0.0182664 466.644
-0.0183796 467.958
-0.0184926 469.263
-0.0186056 470.559
-0.0187185 471.846
-0.0188312 473.125
-0.018944 474.395
-0.0190566 475.657
-0.0191691 476.911
-0.0192816 478.156
-0.0193939 479.394
-0.0195062 480.624
-0.0196185 481.846
-0.0197306 483.06
-0.0198427 484.267
-0.019676 477.6
-0.0195093 470.934
-0.0193427 464.267
-0.019176 457.6
-0.0190093 450.934
-0.0188427 444.267
-0.018676 437.6
-0.0185093 430.934
-0.0183427 424.267
-0.018176 417.6
-0.0180093 410.934
-0.0178427 404.267
-0.017676 397.6
-0.0175093 390.934
-0.0173427 384.267
-0.017176 377.6
-0.0170093 370.934
-0.0168427 364.267
-0.016676 357.6
-0.0165093 350.934
-0.0163427 344.267
-0.016176 337.6
-0.0160093 330.934
-0.0158427 324.267
-0.015676 317.6
-0.0155093 310.934
-0.0153427 304.267
-0.015176 297.6
-0.0150093 290.934
-0.0148427 284.267
-0.014676 277.6
-0.0145093 270.934
-0.0143427 264.267
-0.014176 257.6
-0.0140093 250.934
-0.0138427 244.267
-0.013676 237.6
-0.0135093 230.934
-0.0133427 224.267
-0.013176 217.6
-0.0130093 210.934
-0.0128427 204.267
-0.012676 197.6
-0.0125093 190.934
-0.0123427 184.267
-0.012176 177.6
-0.0120093 170.934
-0.0118427 164.267
-0.011676 157.6
-0.0115093 150.934
-0.0113427 144.267
-0.011176 137.6
-0.0110093 130.934
-0.0108427 124.267
-0.010676 117.6
-0.0105093 110.934
-0.0103427 104.267
-0.010176 97.6005
-0.0100093 90.9338
-0.00984267 84.2671
-0.009676 77.6005
-0.00950934 70.9338
-0.00934267 64.2671
-0.009176 57.6005
-0.00900934 50.9338
-0.00884267 44.2671
-0.008676 37.6005
-0.00850934 30.9338
-0.00834267 24.2671
-0.008176 17.6005
-0.00800934 10.9338
-0.00784267 4.26714
-0.007676 -2.39953
-0.00750934 -9.06617
-0.00734267 -15.7325
-0.00717602 -22.3979
-0.00700939 -29.0609
-0.0068428 -35.72
-0.00667627 -42.3729
-0.00650983 -49.017
-0.00634351 -55.6491
-0.00617734 -62.2657
-0.00601137 -68.8629
-0.00584564 -75.4364
-0.00568018 -81.9817
-0.00551506 -88.4939
-0.00535032 -94.968
-0.00518601 -101.399
-0.00502218 -107.782
-0.00485889 -114.111
-0.00469619 -120.381
-0.00453412 -126.588
-0.00437272 -132.728
-0.00421206 -138.794
-0.00405215 -144.785
-0.00389305 -150.695
-0.00373478 -156.522
-0.00357737 -162.263
-0.00342085 -167.915
-0.00326523 -173.477
-0.00311054 -178.946
-0.00295677 -184.323
-0.00280395 -189.605
-0.00265206 -194.794
-0.00250112 -199.888
-0.00235112 -204.888
-0.00220206 -209.794
-0.00205392 -214.608
-0.00190669 -219.331
-0.00176037 -223.963
-0.00161493 -228.507
-0.00147037 -232.963
-0.00132667 -237.333
-0.0011838 -241.62
-0.00104176 -245.824
-0.000900515 -249.948
-0.000760056 -253.994
-0.00062036 -257.964
-0.000481409 -261.859
-0.000343183 -265.682
-0.000205663 -269.434
-6.883e-05 -273.117
6.73351e-05 -276.734
0.000202851 -280.285
0.000337735 -283.774
0.000472006 -287.201
0.00060568 -290.568
0.000738776 -293.878
0.000871308 -297.131
0.00100329 -300.329
0.00113475 -303.475
0.00126569 -306.569
0.00139613 -309.613
0.00152608 -312.608
0.00165555 -315.555
0.00178457 -318.457
0.00191314 -321.314
0.00204128 -324.128
0.00216899 -326.899
0.00229629 -329.629
0.00242319 -332.319
0.00254971 -334.971
0.00267584 -337.584
0.00280161 -340.161
0.00292702 -342.702
0.00305208 -345.208
0.0031768 -347.68
0.00330119 -350.119
0.00342526 -352.526
0.00354901 -354.901
0.00367246 -357.246
0.0037956 -359.56
0.00391846 -361.846
0.00404103 -364.103
0.00416333 -366.333
0.00428536 -368.536
0.00440712 -370.712
0.00452862 -372.862
0.00464988 -374.988
0.00477088 -377.088
0.00489165 -379.165
0.00501219 -381.219
0.00513249 -383.249
0.00525257 -385.257
0.00537243 -387.243
0.00549208 -389.208
0.00561152 -391.152
0.00573075 -393.075
0.00584978 -394.978
0.00596862 -396.862
0.00608727 -398.727
0.00620572 -400.572
0.006324 -402.4
0.00644209 -404.209
0.00656 -406
0.00667775 -407.775
0.00679532 -409.532
0.00691273 -411.273
0.00702997 -412.997
0.00714705 -414.705
0.00726398 -416.398
0.00738075 -418.075
0.00749738 -419.738
0.00761385 -421.385
0.00773018 -423.018
0.00784637 -424.637
0.00796241 -426.241
0.00807832 -427.832
0.0081941 -429.41
0.00830974 -430.974
0.00842525 -432.525
0.00854063 -434.063
0.00865589 -435.589
0.00877103 -437.103
0.00888604 -438.604
0.00900094 -440.094
0.00911571 -441.571
0.00923037 -443.037
0.00934492 -444.492
0.00945936 -445.936
0.00957369 -447.369
0.0096879 -448.79
0.00980202 -450.202
0.00991603 -451.603
0.0100299 -452.993
0.0101437 -454.373
0.0102574 -455.744
0.010371 -457.105
0.0104846 -458.456
0.010598 -459.797
0.0107113 -461.129
0.0108245 -462.452
0.0109377 -463.766
0.0110507 -465.071
0.0111637 -466.366
0.0112765 -467.654
0.0113893 -468.933
0.011502 -470.203
0.0116146 -471.465
0.0117272 -472.718
0.0118396 -473.964
0.011952 -475.202
0.0120643 -476.432
0.0121765 -477.654
0.0122887 -478.868
0.0124007 -480.075
0.0125127 -481.274
0.0126247 -482.466
0.0127365 -483.651
0.0128483 -484.828
0.01296 -485.999
0.0130716 -487.163
0.0131832 -488.319
0.0132947 -489.469
0.0134061 -490.612
0.0135175 -491.749
0.0136288 -492.879
0.01374 -494.003
0.0138512 -495.12
0.0139623 -496.231
0.0140734 -497.335
0.0141843 -498.434
0.0142953 -499.526
0.0144061 -500.613
0.0145169 -501.694
0.0146277 -502.768
0.0147384 -503.837
0.014849 -504.901
0.0149596 -505.958
0.0150701 -507.01
0.0151806 -508.057
0.015291 -509.098
0.0154013 -510.133
0.0155116 -511.164
0.0156219 -512.189
0.0157321 -513.209
0.0158422 -514.223
0.0159523 -515.233
0.0160624 -516.237
0.0161724 -517.237
0.0162823 -518.232
0.0163922 -519.222
0.0165021 -520.207
0.0166119 -521.187
0.0167216 -522.162
0.0168313 -523.133
0.016941 -524.099
0.0170506 -525.061
0.0171602 -526.018
0.0172697 -526.971
0.0173792 -527.919
0.0174886 -528.863
0.017598 -529.802
0.0177074 -530.737
0.0178167 -531.668
0.0179259 -532.595
0.0180352 -533.517
0.0181444 -534.436
0.0182535 -535.35
0.0183626 -536.261
0.0184717 -537.167
0.0185807 -538.069
0.0186897 -538.968
0.0187986 -539.862
0.0189075 -540.753
0.0190164 -541.64
0.0191252 -542.523
0.019234 -543.402
0.0193428 -544.278
0.0194515 -545.15
0.0195602 -546.018
0.0196688 -546.883
0.0197774 -547.744
0.019886 -548.601
0.0199946 -549.455
0.0201031 -550.306
0.0202115 -551.153
0.02032 -551.997
0.0204284 -552.837
0.0205367 -553.674
0.0203701 -547.008
0.0202034 -540.341
0.0200367 -533.674
0.0198701 -527.008
0.0197034 -520.341
0.0195367 -513.674
0.0193701 -507.008
0.0192034 -500.341
0.0190367 -493.674
0.0188701 -487.008
0.0187034 -480.341
0.0185367 -473.674
0.0183701 -467.008
0.0182034 -460.341
0.0180367 -453.674
0.0178701 -447.008
0.0177034 -440.341
0.0175367 -433.674
0.0173701 -427.008
0.0172034 -420.341
0.0170367 -413.674
0.0168701 -407.008
0.0167034 -400.341
0.0165367 -393.674
0.0163701 -387.008
0.0162034 -380.341
0.0160367 -373.674
0.0158701 -367.008
0.0157034 -360.341
0.0155367 -353.674
0.0153701 -347.008
0.0152034 -340.341
0.0150367 -333.674
0.0148701 -327.008
0.0147034 -320.341
0.0145367 -313.674
0.0143701 -307.008
0.0142034 -300.341
0.0140367 -293.674
0.0138701 -287.008
0.0137034 -280.341
0.0135367 -273.674
0.0133701 -267.008
0.0132034 -260.341
0.0130367 -253.674
0.0128701 -247.008
0.0127034 -240.341
0.0125367 -233.674
0.0123701 -227.008
0.0122034 -220.341
0.0120367 -213.674
0.0118701 -207.008
0.0117034 -200.341
0.0115367 -193.674
0.0113701 -187.008
0.0112034 -180.341
0.0110367 -173.674
0.0108701 -167.008
0.0107034 -160.341
0.0105367 -153.674
0.0103701 -147.008
0.0102034 -140.341
0.0100367 -133.674
0.00987008 -127.008
0.00970341 -120.341
0.00953674 -113.674
0.00937008 -107.008
0.00920341 -100.341
0.00903674 -93.6744
0.00887008 -87.0077
0.00870341 -80.341
0.00853674 -73.6744
0.00837008 -67.0077
0.00820341 -60.341
0.00803674 -53.6744
0.00787008 -47.0077
0.00770341 -40.341
0.00753674 -33.6744
0.00737008 -27.0077
0.00720341 -20.341
0.00703674 -13.6744
0.00687008 -7.00771
0.00670341 -0.341042
0.00653674 6.32562
0.00637008 12.9923
0.00620341 19.6586
0.00603676 26.324
0.00587013 32.987
0.00570354 39.6461
0.00553701 46.299
0.00537057 52.9431
0.00520425 59.5752
0.00503808 66.1918
0.00487211 72.789
0.00470637 79.3625
0.00454092 85.9078
0.0043758 92.42
0.00421106 98.8941
0.00404675 105.325
0.00388292 111.708
0.00371963 118.037
0.00355693 124.307
0.00339485 130.515
0.00323346 136.654
0.0030728 142.72
0.00291289 148.711
0.00275379 154.621
0.00259552 160.448
0.00243811 166.189
0.00228159 171.841
0.00212597 177.403
0.00197127 182.873
0.00181751 188.249
0.00166468 193.532
0.0015128 198.72
0.00136186 203.814
0.00121186 208.814
0.00106279 213.721
0.000914654 218.535
0.000767429 223.257
0.000621106 227.889
0.000475672 232.433
0.000331111 236.889
0.000187406 241.259
4.4541e-05 245.546
-9.75036e-05 249.75
-0.000238746 253.875
-0.000379205 257.921
-0.000518901 261.89
-0.000657852 265.785
-0.000796078 269.608
-0.000933598 273.36
-0.00107043 277.043
-0.0012066 280.66
-0.00134211 284.211
-0.001477 287.7
-0.00161127 291.127
-0.00174494 294.494
-0.00187804 297.804
-0.00201057 301.057
-0.00214256 304.256
-0.00227401 307.401
-0.00240495 310.495
-0.00253539 313.539
-0.00266534 316.534
-0.00279481 319.481
-0.00292383 322.383
-0.0030524 325.24
-0.00318054 328.054
-0.00330825 330.825
-0.00343555 333.555
-0.00356245 336.245
-0.00368897 338.897
-0.0038151 341.51
-0.00394087 344.087
-0.00406628 346.628
-0.00419134 349.134
-0.00431606 351.606
-0.00444045 354.045
-0.00456452 356.452
-0.00468827 358.827
-0.00481172 361.172
-0.00493487 363.487
-0.00505772 365.772
-0.0051803 368.03
-0.00530259 370.259
-0.00542462 372.462
-0.00554638 374.638
-0.00566788 376.788
-0.00578914 378.914
-0.00591015 381.015
-0.00603091 383.091
-0.00615145 385.145
-0.00627175 387.175
-0.00639183 389.183
-0.00651169 391.169
-0.00663134 393.134
-0.00675078 395.078
-0.00687001 397.001
-0.00698905 398.905
-0.00710788 400.788
-0.00722653 402.653
-0.00734498 404.498
-0.00746326 406.326
-0.00758135 408.135
-0.00769926 409.926
-0.00781701 411.701
-0.00793458 413.458
-0.00805199 415.199
-0.00816923 416.923
-0.00828631 418.631
-0.00840324 420.324
-0.00852001 422.001
-0.00863664 423.664
-0.00875311 425.311
-0.00886944 426.944
-0.00898563 428.563
-0.00910167 430.167
-0.00921758 431.758
-0.00933336 433.336
-0.009449 434.9
-0.00956451 436.451
-0.0096799 437.99
-0.00979515 439.515
-0.00991029 441.029
-0.0100253 442.53
-0.0101402 444.02
-0.010255 445.497
-0.0103696 446.963
-0.0104842 448.418
-0.0105986 449.862
-0.0107129 451.295
-0.0108272 452.717
-0.0109413 454.128
-0.0110553 455.529
-0.0111692 456.919
-0.011283 458.3
-0.0113967 459.67
-0.0115103 461.031
-0.0116238 462.382
-0.0117372 463.723
-0.0118506 465.055
-0.0119638 466.378
-0.0120769 467.692
-0.01219 468.997
-0.0123029 470.293
-0.0124158 471.58
-0.0125286 472.859
-0.0126413 474.129
-0.0127539 475.391
-0.0128664 476.645
-0.0129789 477.89
-0.0130913 479.128
-0.0132036 480.358
-0.0133158 481.58
-0.0134279 482.794
-0.01354 484.001
-0.013652 485.2
-0.0137639 486.392
-0.0138758 487.577
-0.0139875 488.755
-0.0140993 489.925
-0.0142109 491.089
-0.0143225 492.245
-0.014434 493.395
-0.0145454 494.538
-0.0146568 495.675
-0.0147681 496.805
-0.0148793 497.929
-0.0149905 499.046
-0.0151016 500.157
-0.0152126 501.262
-0.0153236 502.36
-0.0154345 503.453
-0.0155454 504.539
-0.0156562 505.62
-0.0157669 506.694
-0.0158776 507.763
-0.0159883 508.827
-0.0160988 509.884
-0.0162094 510.936
-0.0163198 511.983
-0.0164302 513.024
-0.0165406 514.059
-0.0166509 515.09
-0.0167611 516.115
-0.0168713 517.135
-0.0169815 518.149
-0.0170916 519.159
-0.0172016 520.164
-0.0173116 521.163
-0.0174216 522.158
-0.0175315 523.148
-0.0176413 524.133
-0.0177511 525.113
-0.0178609 526.088
-0.0179706 527.059
-0.0180803 528.025
-0.0181899 528.987
-0.0182994 529.944
-0.018409 530.897
-0.0185184 531.845
-0.0186279 532.789
-0.0187373 533.728
-0.0188466 534.663
-0.0189559 535.594
-0.0190652 536.521
-0.0191744 537.444
-0.0192836 538.362
-0.0193928 539.276
-0.0195019 540.187
-0.0196109 541.093
-0.01972 541.995
-0.0198289 542.894
-0.0199379 543.788
-0.0200468 544.679
-0.0201557 545.566
-0.0202645 546.449
-0.0203733 547.328
-0.020482 548.204
-0.0205908 549.076
-0.0206994 549.944
-0.0208081 550.809
-0.0209167 551.67
-0.0210253 552.527
-0.0211338 553.382
-0.0212423 554.232
-0.0213508 555.079
-0.0214592 555.923
-0.0215676 556.763
-0.021676 557.6
-0.0217843 558.434
-0.0218926 559.265
-0.0220009 560.092
-0.0221092 560.916
-0.0222174 561.736
-0.0223255 562.554
-0.0224337 563.368
-0.0225418 564.179
-0.0226499 564.988
-0.0227579 565.793
-0.0228659 566.595
-0.0229739 567.394
-0.0230819 568.19
-0.0231898 568.983
-0.0232977 569.773
-0.0234056 570.56
-0.0235134 571.344
-0.0236213 572.126
-0.023729 572.904
-0.0238368 573.68
-0.0239445 574.453
-0.0240522 575.223
-0.0241599 575.991
-0.0242676 576.755
-0.0243752 577.517
-0.0244828 578.277
-0.0245903 579.033
-0.0246979 579.787
-0.0248054 580.539
-0.0249129 581.287
-0.0250203 582.033
-0.0251278 582.777
-0.0252352 583.518
-0.0253426 584.256
-0.0254499 584.992
-0.0255573 585.726
-0.0256646 586.457
-0.0257719 587.185
-0.0258791 587.912
-0.0259864 588.635
-0.0260936 589.357
-0.0262008 590.075
-0.0263079 590.792
-0.0264151 591.506
-0.0265222 592.218
-0.0266293 592.928
-0.0267364 593.635
-0.0268434 594.34
-0.0269504 595.043
-0.0270574 595.743
-0.0271644 596.442
-0.0272714 597.138
-0.0273783 597.831
-0.0274852 598.523
-0.0275921 599.213
-0.027699 599.9
-0.0278059 600.585
-0.0279127 601.268
-0.0280195 601.949
-0.0281263 602.628
-0.0282331 603.305
-0.0283398 603.98
-0.0284465 604.653
-0.0285532 605.323
-0.0286599 605.992
-0.0287666 606.659
-0.0288732 607.323
-0.0289799 607.986
-0.0290865 608.647
-0.0291931 609.306
-0.0292996 609.962
-0.0294062 610.617
-0.0295127 611.27
-0.0296192 611.921
-0.0297257 612.571
-0.0298322 613.218
-0.0299386 613.863
-0.0300451 614.507
-0.0301515 615.149
-0.0302579 615.789
-0.0303643 616.427
-0.0304706 617.063
-0.030577 617.698
-0.0306833 618.33
-0.0307896 618.961
-0.0308959 619.591
-0.0310022 620.218
-0.0311084 620.844
-0.0312147 621.468
-0.031048 614.801
-0.0308813 608.134
-0.0307147 601.468
-0.030548 594.801
-0.0303813 588.134
-0.0302147 581.468
-0.030048 574.801
-0.0298813 568.134
-0.0297147 561.468
-0.029548 554.801
-0.0293813 548.134
-0.0292147 541.468
-0.029048 534.801
-0.0288813 528.134
-0.0287147 521.468
-0.028548 514.801
-0.0283813 508.134
-0.0282147 501.468
-0.028048 494.801
-0.0278813 488.134
-0.0277147 481.468
-0.027548 474.801
-0.0273813 468.134
-0.0272147 461.468
-0.027048 454.801
-0.0268813 448.134
-0.0267147 441.468
-0.026548 434.801
-0.0263813 428.134
-0.0262147 421.468
-0.026048 414.801
-0.0258813 408.134
-0.0257147 401.468
-0.025548 394.801
-0.0253813 388.134
-0.0252147 381.468
-0.025048 374.801
-0.0248813 368.134
-0.0247147 361.468
-0.024548 354.801
-0.0243813 348.134
-0.0242147 341.468
-0.024048 334.801
-0.0238813 328.134
-0.0237147 321.468
-0.023548 314.801
-0.0233813 308.134
-0.0232147 301.468
-0.023048 294.801
-0.0228813 288.134
-0.0227147 281.468
-0.022548 274.801
-0.0223813 268.134
-0.0222147 261.468
-0.022048 254.801
-0.0218813 248.134
-0.0217147 241.468
-0.021548 234.801
-0.0213813 228.134
-0.0212147 221.468
-0.021048 214.801
-0.0208813 208.134
-0.0207147 201.468
-0.020548 194.801
-0.0203813 188.134
-0.0202147 181.468
-0.020048 174.801
-0.0198813 168.134
-0.0197147 161.468
-0.019548 154.801
-0.0193813 148.134
-0.0192147 141.468
-0.019048 134.801
-0.0188813 128.134
-0.0187147 121.468
-0.018548 114.801
-0.0183813 108.134
-0.0182147 101.468
-0.018048 94.801
-0.0178813 88.1343
-0.0177147 81.4677
-0.017548 74.801
-0.0173813 68.1343
-0.0172147 61.4677
-0.017048 54.801
-0.0168813 48.1343
-0.0167147 41.4677
-0.016548 34.801
-0.0163813 28.1343
-0.0162147 21.4677
-0.016048 14.801
-0.0158813 8.13434
-0.0157147 1.46767
-0.015548 -5.19899
-0.0153813 -11.8656
-0.0152147 -18.532
-0.015048 -25.1973
-0.0148814 -31.8604
-0.0147148 -38.5195
-0.0145483 -45.1724
-0.0143818 -51.8165
-0.0142155 -58.4486
-0.0140493 -65.0652
-0.0138834 -71.6624
-0.0137176 -78.2359
-0.0135522 -84.7812
-0.0133871 -91.2934
-0.0132223 -97.7675
-0.013058 -104.198
-0.0128942 -110.581
-0.0127309 -116.91
-0.0125682 -123.181
-0.0124061 -129.388
-0.0122447 -135.527
-0.0120841 -141.594
-0.0119242 -147.584
-0.0117651 -153.495
-0.0116068 -159.321
-0.0114494 -165.062
-0.0112929 -170.715
-0.0111372 -176.276
-0.0109825 -181.746
-0.0108288 -187.122
-0.010676 -192.405
-0.0105241 -197.593
-0.0103731 -202.687
-0.0102231 -207.687
-0.0100741 -212.594
-0.00992592 -217.408
-0.00977869 -222.13
-0.00963237 -226.763
-0.00948694 -231.306
-0.00934238 -235.762
-0.00919867 -240.133
-0.00905581 -244.419
-0.00891376 -248.624
-0.00877252 -252.748
-0.00863206 -256.794
-0.00849237 -260.763
-0.00835341 -264.659
-0.00821519 -268.481
-0.00807767 -272.233
-0.00794084 -275.916
-0.00780467 -279.533
-0.00766915 -283.085
-0.00753427 -286.573
-0.0074 -290
-0.00726632 -293.368
-0.00713323 -296.677
-0.0070007 -299.93
-0.00686871 -303.129
-0.00673726 -306.274
-0.00660632 -309.368
-0.00647588 -312.412
-0.00634593 -315.407
-0.00621645 -318.355
-0.00608744 -321.256
-0.00595886 -324.114
-0.00583073 -326.927
-0.00570302 -329.698
-0.00557571 -332.429
-0.00544881 -335.119
-0.0053223 -337.77
-0.00519616 -340.384
-0.00507039 -342.961
-0.00494499 -345.501
-0.00481993 -348.007
-0.00469521 -350.479
-0.00457082 -352.918
-0.00444675 -355.325
-0.004323 -357.7
-0.00419955 -360.045
-0.0040764 -362.36
-0.00395354 -364.646
-0.00383097 -366.903
-0.00370867 -369.133
-0.00358665 -371.335
-0.00346489 -373.511
-0.00334338 -375.662
-0.00322213 -377.787
-0.00310112 -379.888
-0.00298035 -381.965
-0.00285982 -384.018
-0.00273951 -386.049
-0.00261943 -388.057
-0.00249957 -390.043
-0.00237993 -392.007
-0.00226049 -393.951
-0.00214125 -395.875
-0.00202222 -397.778
-0.00190338 -399.662
-0.00178474 -401.526
-0.00166628 -403.372
-0.00154801 -405.199
-0.00142992 -407.008
-0.001312 -408.8
-0.00119426 -410.574
-0.00107669 -412.331
-0.00095928 -414.072
-0.000842036 -415.796
-0.000724953 -417.505
-0.000608026 -419.197
-0.000491252 -420.875
-0.00037463 -422.537
-0.000258155 -424.184
-0.000141826 -425.817
-2.56392e-05 -427.436
9.04076e-05 -429.041
0.000206317 -430.632
0.000322091 -432.209
0.000437733 -433.773
0.000553245 -435.325
0.000668629 -436.863
0.000783887 -438.389
0.000899022 -439.902
0.00101404 -441.404
0.00112893 -442.893
0.00124371 -444.371
0.00135837 -445.837
0.00147292 -447.292
0.00158735 -448.735
0.00170168 -450.168
0.0018159 -451.59
0.00193001 -453.001
0.00204402 -454.402
0.00215793 -455.793
0.00227173 -457.173
0.00238543 -458.543
0.00249904 -459.904
0.00261255 -461.255
0.00272596 -462.596
0.00283929 -463.929
0.00295251 -465.251
0.00306565 -466.565
0.0031787 -467.87
0.00329166 -469.166
0.00340453 -470.453
0.00351732 -471.732
0.00363002 -473.002
0.00374264 -474.264
0.00385518 -475.518
0.00396764 -476.764
0.00408001 -478.001
0.00419231 -479.231
0.00430453 -480.453
0.00441667 -481.667
0.00452874 -482.874
0.00464074 -484.074
0.00475266 -485.266
0.0048645 -486.45
0.00497628 -487.628
0.00508798 -488.798
0.00519962 -489.962
0.00531119 -491.119
0.00542269 -492.269
0.00553412 -493.412
0.00564548 -494.548
0.00575678 -495.678
0.00586802 -496.802
0.00597919 -497.919
0.0060903 -499.03
0.00620135 -500.135
0.00631233 -501.233
0.00642326 -502.326
0.00653412 -503.412
0.00664493 -504.493
0.00675568 -505.568
0.00686637 -506.637
0.006977 -507.7
0.00708758 -508.758
0.0071981 -509.81
0.00730856 -510.856
0.00741897 -511.897
0.00752933 -512.933
0.00763963 -513.963
0.00774988 -514.988
0.00786008 -516.008
0.00797023 -517.023
0.00808032 -518.032
0.00819037 -519.037
0.00830037 -520.037
0.00841031 -521.031
0.00852021 -522.021
0.00863006 -523.006
0.00873986 -523.986
0.00884962 -524.962
0.00895933 -525.933
0.00906899 -526.899
0.0091786 -527.86
0.00928817 -528.817
0.0093977 -529.77
0.00950718 -530.718
0.00961662 -531.662
0.00972602 -532.602
0.00983537 -533.537
0.00994468 -534.468
0.0100539 -535.394
0.0101632 -536.317
0.0102724 -537.235
0.0103815 -538.15
0.0104906 -539.06
0.0105997 -539.966
0.0107087 -540.869
0.0108177 -541.767
0.0109266 -542.662
0.0110355 -543.552
0.0111444 -544.439
0.0112532 -545.322
0.011362 -546.202
0.0114708 -547.077
0.0115795 -547.949
0.0116882 -548.817
0.0117968 -549.682
0.0119054 -550.543
0.012014 -551.401
0.0121225 -552.255
0.0122311 -553.106
0.0123395 -553.953
0.012448 -554.796
0.0125564 -555.637
0.0126647 -556.474
0.0127731 -557.308
0.0128814 -558.138
0.0129897 -558.965
0.0130979 -559.789
0.0132061 -560.61
0.0133143 -561.427
0.0134224 -562.242
0.0135305 -563.053
0.0136386 -563.861
0.0137467 -564.666
0.0138547 -565.468
0.0139627 -566.267
0.0140706 -567.063
0.0141786 -567.856
0.0142865 -568.646
0.0143943 -569.434
0.0145022 -570.218
0.01461 -570.999
0.0147178 -571.778
0.0148255 -572.554
0.0149333 -573.327
0.015041 -574.097
0.0151486 -574.864
0.0152563 -575.629
0.0153639 -576.391
0.0154715 -577.15
0.0155791 -577.907
0.0156866 -578.661
0.0157941 -579.412
0.0159016 -580.161
0.0160091 -580.907
0.0161165 -581.65
0.0162239 -582.391
0.0163313 -583.13
0.0164387 -583.866
0.016546 -584.599
0.0166533 -585.33
0.0167606 -586.059
0.0168678 -586.785
0.0169751 -587.509
0.0170823 -588.23
0.0171895 -588.949
0.0172967 -589.665
0.0174038 -590.38
0.0175109 -591.092
0.017618 -591.801
0.0177251 -592.508
0.0178321 -593.213
0.0179392 -593.916
0.0180462 -594.617
0.0181531 -595.315
0.0182601 -596.011
0.018367 -596.705
0.018474 -597.397
0.0185809 -598.086
0.0186877 -598.773
0.0187946 -599.459
0.0189014 -600.142
0.0190082 -600.823
0.019115 -601.502
0.0192218 -602.179
0.0193285 -602.853
0.0194353 -603.526
0.019542 -604.197
0.0196487 -604.865
0.0197553 -605.532
0.019862 -606.197
0.0199686 -606.859
0.0200752 -607.52
0.0201818 -608.179
0.0202884 -608.836
0.0203949 -609.491
0.0205014 -610.144
0.0206079 -610.795
0.0207144 -611.444
0.0208209 -612.091
0.0209274 -612.737
0.0210338 -613.38
0.0211402 -614.022
0.0212466 -614.662
0.021353 -615.3
0.0214594 -615.936
0.0215657 -616.571
0.021672 -617.204
0.0217783 -617.835
0.0218846 -618.464
0.0219909 -619.091
0.0220972 -619.717
0.0222034 -620.341
0.0223096 -620.963
0.0224158 -621.584
0.022522 -622.203
0.0226282 -622.82
0.0227344 -623.435
0.0228405 -624.049
0.0229466 -624.661
0.0230527 -625.272
0.0231588 -625.881
0.0232649 -626.488
0.0233709 -627.094
0.023477 -627.698
0.023583 -628.3
0.023689 -628.901
0.023795 -629.501
0.023901 -630.098
0.0240069 -630.695
0.0241129 -631.289
0.0242188 -631.882
0.0243247 -632.474
0.0244306 -633.064
0.0245365 -633.652
0.0246424 -634.239
0.0247483 -634.825
0.0248541 -635.409
0.0249599 -635.992
0.0250657 -636.573
0.0251715 -637.152
0.0252773 -637.731
0.0253831 -638.307
0.0254888 -638.883
0.0255946 -639.457
0.0257003 -640.029
0.025806 -640.6
0.0259117 -641.17
0.0260174 -641.738
0.026123 -642.305
0.0262287 -642.87
0.0263343 -643.434
0.02644 -643.997
0.0265456 -644.558
0.0266512 -645.118
0.0267568 -645.677
0.0268623 -646.234
0.0269679 -646.791
0.0270735 -647.345
0.027179 -647.899
0.0272845 -648.451
0.02739 -649.001
0.0274955 -649.551
0.027601 -650.099
0.0277065 -650.646
0.0278119 -651.192
0.0279174 -651.736
0.0280228 -652.279
0.0281282 -652.821
0.0282336 -653.362
0.028339 -653.901
0.0284444 -654.439
0.0285498 -654.976
0.0286551 -655.512
0.0287605 -656.046
0.0288658 -656.579
0.0289711 -657.111
0.0290764 -657.642
0.0291817 -658.172
0.029287 -658.701
0.0293923 -659.228
0.0294975 -659.754
0.0296028 -660.279
0.029708 -660.803
0.0298133 -661.325
0.0299185 -661.847
0.0300237 -662.367
0.0301289 -662.887
0.030234 -663.405
0.0303392 -663.922
0.0304444 -664.437
0.0305495 -664.952
0.0306547 -665.466
0.0307598 -665.978
0.0308649 -666.49
0.03097 -667
0.0310751 -667.509
0.0311802 -668.018
0.0312852 -668.525
0.0313903 -669.031
0.0314954 -669.536
0.0316004 -670.039
0.0317054 -670.542
0.0300388 -603.876
0.0283721 -537.209
0.0267054 -470.542
0.0250388 -403.876
0.0233721 -337.209
0.0217054 -270.542
0.0200388 -203.876
0.0183721 -137.209
0.0167054 -70.5423
0.0150388 -3.87559
0.0133721 62.7911
0.0117075 129.254
0.0100688 193.119
0.00850003 249.997
0.00702275 297.725
0.00562875 337.125
0.00429996 370.004
0.00302024 397.976
0.00177762 422.238
0.000563594 443.641
-0.000627911 462.791
-0.00180129 480.129
-0.00295981 495.981
-0.00410593 510.593
-0.00524157 524.157
-0.00636823 536.823
-0.00748711 548.711
-0.00859918 559.918
-0.00970525 570.525
-0.010806 580.598
-0.0119019 590.194
-0.0129936 599.359
-0.0140814 608.135
-0.0151656 616.557
-0.0162466 624.655
-0.0173246 632.456
-0.0183998 639.983
-0.0194726 647.257
-0.020543 654.297
-0.0216112 661.118
-0.0226774 667.736
-0.0237416 674.163
-0.0248041 680.412
-0.0258649 686.493
-0.0269242 692.417
-0.0279819 698.192
-0.0290383 703.827
-0.0300933 709.328
-0.031147 714.704
-0.0321996 719.959
-0.033251 725.101
-0.0343014 730.135
-0.0353507 735.066
-0.036399 739.898
-0.0374464 744.635
-0.0384928 749.283
-0.0395384 753.845
-0.0405832 758.323
-0.0416272 762.723
-0.0426705 767.046
-0.0410038 700.38
-0.0393371 633.713
-0.0376705 567.046
-0.0360038 500.38
-0.0343371 433.713
-0.0326705 367.046
-0.0310038 300.38
-0.0293371 233.713
-0.0276705 167.046
-0.0260038 100.38
-0.0243371 33.7129
-0.0226705 -32.9538
-0.0210058 -99.4171
-0.0193672 -163.282
-0.0177984 -220.159
-0.0163211 -267.887
-0.0149271 -307.288
-0.0135983 -340.167
-0.0123186 -368.139
-0.011076 -392.4
-0.00986197 -413.803
-0.00867046 -432.954
-0.00749708 -450.292
-0.00633856 -466.144
-0.00519244 -480.756
-0.0040568 -494.32
-0.00293014 -506.986
-0.00181126 -518.874
-0.000699193 -530.081
0.000406876 -540.688
0.00150761 -550.761
0.00260356 -560.356
0.00369522 -569.522
0.00478298 -578.298
0.0058672 -586.72
0.00694818 -594.818
0.00802619 -602.619
0.00910146 -610.146
0.0101742 -617.42
0.0112446 -624.46
0.0123128 -631.281
0.013379 -637.898
0.0144433 -644.326
0.0155057 -650.575
0.0165666 -656.656
0.0176258 -662.58
0.0186835 -668.355
0.0197399 -673.989
0.0207949 -679.491
0.0218487 -684.866
0.0229012 -690.122
0.0239526 -695.264
0.025003 -700.298
0.0260523 -705.228
0.0271006 -710.06
0.028148 -714.798
0.0291945 -719.446
0.0302401 -724.007
0.0312849 -728.486
0.0323289 -732.886
0.0333721 -737.209
0.0344146 -741.459
0.0354564 -745.639
0.0364975 -749.75
0.037538 -753.797
0.0385778 -757.78
0.039617 -761.702
0.0406557 -765.566
0.0416937 -769.373
0.0427313 -773.125
0.0410646 -706.458
0.0393979 -639.792
0.0377313 -573.125
0.0360646 -506.458
0.0343979 -439.792
0.0327313 -373.125
0.0310646 -306.458
0.0293979 -239.792
0.0277313 -173.125
0.0260646 -106.458
0.0243979 -39.7918
0.0227313 26.8749
0.0210666 93.3382
0.019428 157.203
0.0178592 214.081
0.0163819 261.808
0.0149879 301.209
0.0136591 334.088
0.0123794 362.06
0.0111368 386.322
0.00992276 407.724
0.00873125 426.875
0.00755787 444.213
0.00639935 460.065
0.00525323 474.677
0.00411759 488.241
0.00299093 500.907
0.00187205 512.795
0.000759981 524.002
-0.000346087 534.609
-0.00144682 544.682
-0.00254277 554.277
-0.00363443 563.443
-0.00472219 572.219
-0.00580641 580.641
-0.00688739 588.739
-0.0079654 596.54
-0.00904067 604.067
-0.0101134 611.341
-0.0111838 618.381
-0.012252 625.202
-0.0133182 631.82
-0.0143825 638.247
-0.015445 644.496
-0.0165058 650.577
-0.017565 656.501
-0.0186228 662.276
-0.0196791 667.91
-0.0207341 673.412
-0.0217879 678.787
-0.0228404 684.043
-0.0238919 689.185
-0.0249422 694.219
-0.0259915 699.15
-0.0270398 703.981
-0.0280872 708.719
-0.0291337 713.367
-0.0301793 717.929
-0.0312241 722.407
-0.0322681 726.807
-0.0333113 731.13
-0.0343538 735.38
-0.0353956 739.56
-0.0364367 743.671
-0.0374772 747.718
-0.038517 751.701
-0.0395562 755.623
-0.0405949 759.487
-0.0416329 763.294
-0.0426705 767.046
-0.0437075 770.745
-0.0447439 774.393
-0.0457799 777.99
-0.0468154 781.54
-0.0478504 785.043
-0.048885 788.5
-0.0499191 791.913
-0.0509528 795.283
-0.0519861 798.612
-0.053019 801.9
-0.0513523 735.234
-0.0496857 668.567
-0.048019 601.9
-0.0463523 535.234
-0.0446857 468.567
-0.043019 401.9
-0.0413523 335.234
-0.0396857 268.567
-0.038019 201.9
-0.0363523 135.234
-0.0346857 68.5669
-0.033019 1.90024
-0.0313523 -64.7664
-0.0296877 -131.23
-0.0280491 -195.094
-0.0264803 -251.972
-0.025003 -299.7
-0.023609 -339.1
-0.0222802 -371.979
-0.0210005 -399.951
-0.0197579 -424.213
-0.0185438 -445.616
-0.0173523 -464.766
-0.016179 -482.104
-0.0150204 -497.956
-0.0138743 -512.569
-0.0127387 -526.133
-0.011612 -538.798
-0.0104931 -550.686
-0.00938107 -561.893
-0.008275 -572.5
-0.00717427 -582.573
-0.00607831 -592.169
-0.00498665 -601.335
-0.00389889 -610.111
-0.00281467 -618.533
-0.00173369 -626.631
-0.000655685 -634.432
0.000419587 -641.959
0.00149233 -649.233
0.00256272 -656.272
0.00363093 -663.093
0.00469711 -669.711
0.00576138 -676.138
0.00682387 -682.387
0.00788469 -688.469
0.00894392 -694.392
0.0100017 -700.167
0.011058 -705.802
0.012113 -711.303
0.0131668 -716.679
0.0142193 -721.935
0.0152708 -727.077
0.0163211 -732.111
0.0173704 -737.041
0.0184187 -741.873
0.0194661 -746.611
0.0205126 -751.259
0.0215582 -755.82
0.022603 -760.299
0.023647 -764.698
0.0246902 -769.022
0.0257327 -773.272
0.0267745 -777.451
0.0278156 -781.563
0.0288561 -785.609
0.0298959 -789.593
0.0309352 -793.515
0.0319738 -797.379
0.0330119 -801.186
0.0340494 -804.938
0.0350864 -808.637
0.0361228 -812.284
0.0371588 -815.882
0.0381943 -819.431
0.0392293 -822.934
0.0402639 -826.391
0.041298 -829.804
0.0423317 -833.175
0.043365 -836.503
0.0443979 -839.792
0.0454304 -843.041
0.0464625 -846.251
0.0474942 -849.425
0.0485256 -852.562
0.0495566 -855.664
0.0505873 -858.731
0.0516177 -861.765
0.0526477 -864.766
0.0536774 -867.736
0.0520107 -801.069
0.050344 -734.402
0.0486774 -667.736
0.0470107 -601.069
0.045344 -534.402
0.0436774 -467.736
0.0420107 -401.069
0.040344 -334.402
0.0386774 -267.736
0.0370107 -201.069
0.035344 -134.402
0.0336774 -67.7357
0.0320107 -1.06901
0.030344 65.5977
0.0286794 132.061
0.0270407 195.926
0.025472 252.803
0.0239947 300.531
0.0226007 339.932
0.0212719 372.811
0.0199922 400.782
0.0187496 425.044
0.0175355 446.447
0.016344 465.598
0.0151706 482.936
0.0140121 498.787
0.012866 513.4
0.0117304 526.964
0.0106037 539.63
0.00948483 551.517
0.00837275 562.725
0.00726669 573.331
0.00616595 583.405
0.00507 593
0.00397834 602.166
0.00289058 610.942
0.00180636 619.364
0.000725382 627.462
-0.000352628 635.263
-0.0014279 642.79
-0.00250064 650.064
-0.00357104 657.104
-0.00463925 663.925
-0.00570542 670.542
-0.0067697 676.97
-0.00783219 683.219
-0.008893 689.3
-0.00995224 695.224
-0.01101 700.999
-0.0120663 706.633
-0.0131213 712.135
-0.0141751 717.51
-0.0152277 722.766
-0.0162791 727.908
-0.0173294 732.942
-0.0183787 737.872
-0.019427 742.704
-0.0204744 747.442
-0.0215209 752.09
-0.0225665 756.651
-0.0236113 761.13
-0.0246553 765.53
-0.0256985 769.853
-0.026741 774.103
-0.0277828 778.282
-0.0288239 782.394
-0.0298644 786.44
-0.0309042 790.424
-0.0319435 794.346
-0.0329821 798.21
-0.0340202 802.017
-0.0350577 805.769
-0.0360947 809.468
-0.0371312 813.115
-0.0381671 816.713
-0.0392026 820.263
-0.0402377 823.765
-0.0412722 827.223
-0.0423064 830.636
-0.0433401 834.006
-0.0443733 837.335
-0.0454062 840.623
-0.0464387 843.872
-0.0474708 847.083
-0.0485026 850.256
-0.0495339 853.393
-0.050565 856.495
-0.0515956 859.563
-0.052626 862.596
-0.053656 865.598
-0.0546857 868.567
-0.055715 871.505
-0.0567441 874.413
-0.0577729 877.291
-0.0588014 880.14
-0.0598296 882.96
-0.0608575 885.753
-0.0618852 888.519
-0.0629126 891.259
-0.0639397 893.972
-0.0622731 827.305
-0.0606064 760.639
-0.0589397 693.972
-0.0572731 627.305
-0.0556064 560.639
-0.0539397 493.972
-0.0522731 427.305
-0.0506064 360.639
-0.0489397 293.972
-0.0472731 227.305
-0.0456064 160.639
-0.0439397 93.972
-0.0422731 27.3054
-0.0406064 -39.3613
-0.0389418 -105.825
-0.0373031 -169.689
-0.0357343 -226.567
-0.034257 -274.295
-0.032863 -313.695
-0.0315343 -346.574
-0.0302545 -374.546
-0.0290119 -398.808
-0.0277979 -420.211
-0.0266064 -439.361
-0.025433 -456.699
-0.0242745 -472.551
-0.0231284 -487.163
-0.0219927 -500.727
-0.0208661 -513.393
-0.0197472 -525.281
-0.0186351 -536.488
-0.017529 -547.095
-0.0164283 -557.168
-0.0153324 -566.764
-0.0142407 -575.929
-0.0131529 -584.706
-0.0120687 -593.127
-0.0109877 -601.225
-0.00990974 -609.026
-0.00883446 -616.554
-0.00776172 -623.828
-0.00669133 -630.867
-0.00562312 -637.688
-0.00455694 -644.306
-0.00349267 -650.733
-0.00243018 -656.982
-0.00136936 -663.064
-0.000310127 -668.987
0.000747623 -674.762
0.00180397 -680.397
0.00285898 -685.898
0.00391274 -691.274
0.0049653 -696.53
0.00601672 -701.672
0.00706705 -706.705
0.00811636 -711.636
0.00916468 -716.468
0.0102121 -721.206
0.0112585 -725.853
0.0123041 -730.415
0.0133489 -734.894
0.0143929 -739.293
0.0154362 -743.616
0.0164787 -747.866
0.0175205 -752.046
0.0185616 -756.158
0.019602 -760.204
0.0206419 -764.187
0.0216811 -768.11
0.0227197 -771.974
0.0237578 -775.781
0.0247953 -779.533
0.0258323 -783.232
0.0268688 -786.879
0.0279048 -790.477
0.0289403 -794.026
0.0299753 -797.529
0.0310099 -800.986
0.032044 -804.399
0.0330777 -807.77
0.034111 -811.098
0.0351439 -814.387
0.0361764 -817.636
0.0372085 -820.846
0.0382402 -824.02
0.0392716 -827.157
0.0403026 -830.259
0.0413333 -833.326
0.0423636 -836.36
0.0433936 -839.361
0.0444233 -842.331
0.0454527 -845.269
0.0464818 -848.176
0.0475105 -851.054
0.048539 -853.903
0.0495672 -856.724
0.0505952 -859.517
0.0516228 -862.283
0.0526502 -865.022
0.0536774 -867.736
0.0547042 -870.424
0.0557309 -873.087
0.0567573 -875.726
0.0577834 -878.341
0.0588093 -880.933
0.0571427 -814.267
0.055476 -747.6
0.0538093 -680.933
0.0521427 -614.267
0.050476 -547.6
0.0488093 -480.933
0.0471427 -414.267
0.045476 -347.6
0.0438093 -280.933
0.0421427 -214.267
0.040476 -147.6
0.0388093 -80.9334
0.0371427 -14.2668
0.035476 52.3999
0.0338114 118.863
0.0321727 182.728
0.0306039 239.606
0.0291267 287.333
0.0277327 326.734
0.0264039 359.613
0.0251242 387.585
0.0238815 411.847
0.0226675 433.249
0.021476 452.4
0.0203026 469.738
0.0191441 485.59
0.017998 500.202
0.0168623 513.766
0.0157357 526.432
0.0146168 538.32
0.0135047 549.527
0.0123987 560.134
0.0112979 570.207
0.010202 579.802
0.00911032 588.968
0.00802256 597.744
0.00693834 606.166
0.00585736 614.264
0.00477935 622.065
0.00370408 629.592
0.00263134 636.866
0.00156094 643.906
0.000492731 650.727
-0.000573446 657.345
-0.00163772 663.772
-0.00270021 670.021
-0.00376102 676.102
-0.00482026 682.026
-0.00587801 687.801
-0.00693435 693.435
