-0.000166667 6.66667
-0.000333333 13.3333
-0.000499999 19.9999
-0.000666664 26.6664
-0.000833325 33.3325
-0.00099998 39.998
-0.00116662 46.6623
-0.00133325 53.3249
-0.00149985 59.9848
-0.00166641 66.641
-0.00183292 73.292
-0.00199936 79.9363
-0.00216572 86.5717
-0.00233196 93.196
-0.00249807 99.8066
-0.002664 106.4
-0.00282974 112.974
-0.00299524 119.524
-0.00316045 126.045
-0.00332535 132.535
-0.00348987 138.987
-0.00365398 145.398
-0.00381761 151.761
-0.00398072 158.072
-0.00414326 164.326
-0.00430518 170.518
-0.00446641 176.641
-0.00462692 182.692
-0.00478665 188.665
-0.00494556 194.556
-0.0051036 200.36
-0.00526075 206.075
-0.00541696 211.696
-0.00557221 217.221
-0.00572647 222.647
-0.00587973 227.973
-0.00603197 233.197
-0.00618319 238.319
-0.00633337 243.336
-0.00648251 248.251
-0.00663063 253.063
-0.00677772 257.772
-0.00692379 262.379
-0.00706887 266.887
-0.00721296 271.296
-0.00735608 275.608
-0.00749825 279.825
-0.00763948 283.948
-0.00777981 287.981
-0.00791925 291.925
-0.00775258 285.258
-0.00758592 278.592
-0.00741925 271.925
-0.00725258 265.258
-0.00708592 258.592
-0.00691925 251.925
-0.00675258 245.258
-0.00658592 238.592
-0.00641925 231.925
-0.00625258 225.258
-0.00608592 218.592
-0.00591925 211.925
-0.00575258 205.258
-0.00558592 198.592
-0.00541925 191.925
-0.00525258 185.258
-0.00508592 178.592
-0.00491925 171.925
-0.00475258 165.258
-0.00458592 158.592
-0.00441925 151.925
-0.00425258 145.258
-0.00408592 138.592
-0.00391925 131.925
-0.00375258 125.258
-0.00358592 118.592
-0.00341925 111.925
-0.00325258 105.258
-0.00308592 98.5917
-0.00291925 91.9251
-0.00275258 85.2584
-0.00258592 78.5917
-0.00241925 71.9251
-0.00225258 65.2584
-0.00208592 58.5917
-0.00191925 51.9251
-0.00175258 45.2584
-0.00158592 38.5917
-0.00141925 31.9251
-0.00125258 25.2584
-0.00108592 18.5917
-0.000919251 11.9251
-0.000752584 5.25841
-0.000585917 -1.40826
-0.000419251 -8.07493
-0.000252584 -14.7416
-8.5918e-05 -21.4082
8.07466e-05 -28.0747
0.000247408 -34.7408
0.000414063 -41.4063
0.000580706 -48.0706
0.000747332 -54.7332
0.000913931 -61.3931
0.00108049 -68.0493
0.001247 -74.7003
0.00141345 -81.3445
0.0015798 -87.98
0.00174604 -94.6043
0.00191215 -101.215
0.00207809 -107.809
0.00224382 -114.382
0.00240932 -120.932
0.00257454 -127.454
0.00273943 -133.943
0.00290395 -140.395
0.00306806 -146.806
0.00323169 -153.169
0.00339481 -159.481
0.00355735 -165.735
0.00371926 -171.926
0.00388049 -178.049
0.004041 -184.1
0.00420073 -190.073
0.00435964 -195.964
0.00451768 -201.768
0.00467483 -207.483
0.00483104 -213.104
0.00498629 -218.629
0.00514056 -224.056
0.00529381 -229.381
0.00544606 -234.606
0.00559727 -239.727
0.00574745 -244.745
0.00589659 -249.659
0.00604471 -254.471
0.0061918 -259.18
0.00633788 -263.788
0.00648295 -268.295
0.00662704 -272.704
0.00677016 -277.016
0.00691233 -281.233
0.00705357 -285.357
0.00719389 -289.389
0.00733333 -293.333
0.00747191 -297.191
0.00760964 -300.964
0.00774656 -304.656
0.00788268 -308.268
0.00801802 -311.802
0.00815262 -315.262
0.00798595 -308.595
0.00781929 -301.929
0.00765262 -295.262
0.00748595 -288.595
0.00731929 -281.929
0.00715262 -275.262
0.00698595 -268.595
0.00681929 -261.929
0.00665262 -255.262
0.00648595 -248.595
0.00631929 -241.929
0.00615262 -235.262
0.00598595 -228.595
0.00581929 -221.929
0.00565262 -215.262
0.00548595 -208.595
0.00531929 -201.929
0.00515262 -195.262
0.00498595 -188.595
0.00481929 -181.929
0.00465262 -175.262
0.00448595 -168.595
0.00431929 -161.929
0.00415262 -155.262
0.00398595 -148.595
0.00381929 -141.929
0.00365262 -135.262
0.00348595 -128.595
0.00331929 -121.929
0.00315262 -115.262
0.00298595 -108.595
0.00281929 -101.929
0.00265262 -95.2621
0.00248595 -88.5954
0.00231929 -81.9288
0.00215262 -75.2621
0.00198595 -68.5954
0.00181929 -61.9288
0.00165262 -55.2621
0.00148595 -48.5954
0.00131929 -41.9288
0.00115262 -35.2621
0.000985954 -28.5954
0.000819288 -21.9288
0.000652621 -15.2621
0.000485954 -8.59543
0.000319288 -1.92877
0.000152621 4.7379
-1.40457e-05 11.4046
-0.000180712 18.0712
-0.000347378 24.7378
-0.000514043 31.4043
-0.000680704 38.0704
-0.000847359 44.7359
-0.001014 51.4002
-0.00118063 58.0628
-0.00134723 64.7227
-0.00151379 71.3789
-0.0016803 78.0299
-0.00184674 84.6742
-0.0020131 91.3096
-0.00217934 97.9339
-0.00234544 104.544
-0.00251138 111.138
-0.00267712 117.712
-0.00284261 124.261
-0.00300783 130.783
-0.00317273 137.273
-0.00333725 143.725
-0.00350135 150.135
-0.00366499 156.499
-0.0038281 162.81
-0.00399064 169.064
-0.00415256 175.256
-0.00431379 181.379
-0.0044743 187.43
-0.00463403 193.403
-0.00479294 199.294
-0.00495098 205.098
-0.00510813 210.813
-0.00526434 216.434
-0.00541959 221.959
-0.00557385 227.385
-0.00572711 232.711
-0.00587935 237.935
-0.00603056 243.056
-0.00618074 248.074
-0.00632989 252.989
-0.006478 257.8
-0.0066251 262.51
-0.00677117 267.117
-0.00691625 271.625
-0.00706034 276.034
-0.00720346 280.346
-0.00734562 284.562
-0.00748686 288.686
-0.00762719 292.719
-0.00776663 296.663
-0.00790521 300.521
-0.00804294 304.294
-0.00817985 307.985
-0.00831597 311.597
-0.00845132 315.132
-0.00858592 318.592
-0.00871979 321.979
-0.00885296 325.296
-0.00898544 328.544
-0.00911726 331.726
-0.00924845 334.845
-0.00937901 337.901
-0.00950897 340.897
-0.00963835 343.835
-0.00976717 346.717
-0.00989544 349.544
-0.0100232 352.319
-0.0101504 355.042
-0.0102772 357.716
-0.0104034 360.342
-0.0105292 362.922
-0.0106546 365.456
-0.0107795 367.947
-0.010904 370.396
-0.011028 372.804
-0.0111517 375.172
-0.011275 377.501
-0.0113979 379.793
-0.0115205 382.048
-0.0116427 384.269
-0.0117645 386.455
-0.0118861 388.607
-0.0120073 390.728
-0.0121282 392.817
-0.0122488 394.875
-0.012369 396.904
-0.012489 398.904
-0.0126088 400.876
-0.0127282 402.82
-0.0128474 404.738
-0.0129663 406.63
-0.013085 408.496
-0.0132034 410.339
-0.0133216 412.157
-0.0134395 413.951
-0.0135572 415.723
-0.0136747 417.473
-0.013792 419.201
-0.0139091 420.908
-0.0140259 422.595
-0.0141426 424.261
-0.0142591 425.908
-0.0143753 427.535
-0.0144914 429.144
-0.0146073 430.734
-0.0147231 432.306
-0.0148386 433.861
-0.014954 435.399
-0.0150692 436.92
-0.0151842 438.424
-0.0152991 439.913
-0.0154139 441.386
-0.0155284 442.844
-0.0156429 444.286
-0.0157571 445.714
-0.0158713 447.127
-0.0159853 448.527
-0.0160991 449.912
-0.0162128 451.284
-0.0163264 452.643
-0.0164399 453.989
-0.0165532 455.322
-0.0166664 456.642
-0.0167795 457.95
-0.0168925 459.246
-0.0170053 460.53
-0.017118 461.803
-0.0172306 463.064
-0.0173431 464.314
-0.0174555 465.554
-0.0175678 466.782
-0.01768 468
-0.0177921 469.207
-0.017904 470.404
-0.0180159 471.592
-0.0181277 472.769
-0.0182394 473.937
-0.0183509 475.095
-0.0184624 476.244
-0.0185738 477.383
-0.0186851 478.514
-0.0187964 479.635
-0.0189075 480.748
-0.0190185 481.853
-0.0191295 482.948
-0.0192404 484.036
-0.0193512 485.115
-0.0194619 486.186
-0.0195725 487.25
-0.0196831 488.305
-0.0197935 489.353
-0.0199039 490.393
-0.0197373 483.726
-0.0195706 477.06
-0.0194039 470.393
-0.0192373 463.726
-0.0190706 457.06
-0.0189039 450.393
-0.0187373 443.726
-0.0185706 437.06
-0.0184039 430.393
-0.0182373 423.726
-0.0180706 417.06
-0.0179039 410.393
-0.0177373 403.726
-0.0175706 397.06
-0.0174039 390.393
-0.0172373 383.726
-0.0170706 377.06
-0.0169039 370.393
-0.0167373 363.726
-0.0165706 357.06
-0.0164039 350.393
-0.0162373 343.726
-0.0160706 337.06
-0.0159039 330.393
-0.0157373 323.726
-0.0155706 317.06
-0.0154039 310.393
-0.0152373 303.726
-0.0150706 297.06
-0.0149039 290.393
-0.0147373 283.726
-0.0145706 277.06
-0.0144039 270.393
-0.0142373 263.726
-0.0140706 257.06
-0.0139039 250.393
-0.0137373 243.726
-0.0135706 237.06
-0.0134039 230.393
-0.0132373 223.726
-0.0130706 217.06
-0.0129039 210.393
-0.0127373 203.726
-0.0125706 197.06
-0.0124039 190.393
-0.0122373 183.726
-0.0120706 177.06
-0.0119039 170.393
-0.0117373 163.726
-0.0115706 157.06
-0.0114039 150.393
-0.0112373 143.726
-0.0110706 137.06
-0.0109039 130.393
-0.0107373 123.726
-0.0105706 117.06
-0.0104039 110.393
-0.0102373 103.726
-0.0100706 97.0595
-0.00990393 90.3929
-0.00973726 83.7262
-0.0095706 77.0595
-0.00940393 70.3929
-0.00923726 63.7262
-0.0090706 57.0595
-0.00890393 50.3929
-0.00873726 43.7262
-0.0085706 37.0595
-0.00840393 30.3929
-0.00823726 23.7262
-0.0080706 17.0595
-0.00790393 10.3929
-0.00773726 3.72621
-0.0075706 -2.94045
-0.00740393 -9.60712
-0.00723726 -16.2738
-0.0070706 -22.9404
-0.00690393 -29.6069
-0.00673727 -36.273
-0.00657062 -42.9385
-0.00640397 -49.6028
-0.00623735 -56.2654
-0.00607075 -62.9253
-0.00590419 -69.5814
-0.00573768 -76.2325
-0.00557123 -82.8767
-0.00540488 -89.5121
-0.00523864 -96.1365
-0.00507253 -102.747
-0.00490659 -109.341
-0.00474086 -115.914
-0.00457536 -122.464
-0.00441014 -128.986
-0.00424525 -135.475
-0.00408073 -141.927
-0.00391662 -148.338
-0.00375298 -154.701
-0.00358987 -161.013
-0.00342733 -167.267
-0.00326542 -173.458
-0.00310418 -179.582
-0.00294368 -185.632
-0.00278395 -191.605
-0.00262504 -197.496
-0.00246699 -203.301
-0.00230985 -209.015
-0.00215364 -214.636
-0.00199839 -220.161
-0.00184412 -225.588
-0.00169086 -230.914
-0.00153862 -236.138
-0.00138741 -241.259
-0.00123723 -246.277
-0.00108808 -251.192
-0.00093997 -256.003
-0.000792878 -260.712
-0.000646801 -265.32
-0.000501726 -269.827
-0.000357637 -274.236
-0.000214518 -278.548
-7.23502e-05 -282.765
6.88872e-05 -286.889
0.000209215 -290.921
0.000348655 -294.866
0.000487231 -298.723
0.000624964 -302.496
0.000761879 -306.188
0.000897998 -309.8
0.00103335 -313.335
0.00116794 -316.794
0.00130181 -320.181
0.00143498 -323.498
0.00156747 -326.747
0.00169929 -329.929
0.00183047 -333.047
0.00196103 -336.103
0.002091 -339.1
0.00222038 -342.038
0.0023492 -344.92
0.00247747 -347.747
0.00260522 -350.522
0.00273245 -353.245
0.00285919 -355.919
0.00298545 -358.545
0.00311125 -361.125
0.00323659 -363.659
0.0033615 -366.15
0.00348599 -368.599
0.00361006 -371.006
0.00373374 -373.374
0.00385703 -375.703
0.00397995 -377.995
0.00410251 -380.251
0.00422471 -382.471
0.00434657 -384.657
0.0044681 -386.81
0.0045893 -388.93
0.00471019 -391.019
0.00483078 -393.078
0.00495106 -395.106
0.00507106 -397.106
0.00519078 -399.078
0.00531023 -401.023
0.0054294 -402.94
0.00554832 -404.832
0.00566699 -406.699
0.00578541 -408.541
0.00590359 -410.359
0.00602154 -412.154
0.00613926 -413.926
0.00625676 -415.676
0.00637404 -417.404
0.00649111 -419.111
0.00660797 -420.797
0.00672464 -422.464
0.0068411 -424.11
0.00695737 -425.737
0.00707346 -427.346
0.00718936 -428.936
0.00730509 -430.509
0.00742064 -432.064
0.00753601 -433.601
0.00765122 -435.122
0.00776627 -436.627
0.00788116 -438.116
0.00799589 -439.589
0.00811046 -441.046
0.00822489 -442.489
0.00833917 -443.917
0.0084533 -445.33
0.00856729 -446.729
0.00868115 -448.115
0.00879487 -449.487
0.00890845 -450.845
0.00902191 -452.191
0.00913524 -453.524
0.00924844 -454.844
0.00936153 -456.153
0.00947449 -457.449
0.00958733 -458.733
0.00970006 -460.006
0.00981267 -461.267
0.00992517 -462.517
0.0100376 -463.756
0.0101498 -464.985
0.010262 -466.202
0.0103741 -467.41
0.0104861 -468.607
0.0105979 -469.794
0.0107097 -470.972
0.0108214 -472.139
0.010933 -473.297
0.0110445 -474.446
0.0111559 -475.586
0.0112672 -476.716
0.0113784 -477.838
0.0114895 -478.951
0.0116006 -480.055
0.0117115 -481.151
0.0118224 -482.238
0.0119332 -483.318
0.0120439 -484.389
0.0121545 -485.452
0.0122651 -486.508
0.0123756 -487.555
0.012486 -488.595
0.0125963 -489.628
0.0127065 -490.653
0.0128167 -491.671
0.0129268 -492.682
0.0130369 -493.686
0.0131468 -494.683
0.0132567 -495.673
0.0133666 -496.657
0.0134763 -497.633
0.013586 -498.604
0.0136957 -499.567
0.0138052 -500.525
0.0139148 -501.476
0.0140242 -502.421
0.0141336 -503.36
0.0142429 -504.292
0.0143522 -505.219
0.0144614 -506.14
0.0145706 -507.056
0.0146797 -507.965
0.0147887 -508.869
0.0148977 -509.767
0.0150066 -510.66
0.0151155 -511.548
0.0152243 -512.43
0.0153331 -513.307
0.0154418 -514.178
0.0155504 -515.045
0.0156591 -515.906
0.0157676 -516.763
0.0158761 -517.614
0.0159846 -518.461
0.016093 -519.303
0.0162014 -520.14
0.0163097 -520.972
0.016418 -521.799
0.0165262 -522.622
0.0166344 -523.441
0.0167425 -524.255
0.0168506 -525.064
0.0169587 -525.87
0.0170667 -526.67
0.0171747 -527.467
0.0172826 -528.259
0.0173905 -529.047
0.0174983 -529.831
0.0176061 -530.611
0.0177139 -531.387
0.0178216 -532.159
0.0179293 -532.927
0.0180369 -533.69
0.0181445 -534.45
0.0182521 -535.207
0.0183596 -535.959
0.0184671 -536.708
0.0185745 -537.453
0.0186819 -538.194
0.0187893 -538.932
0.0188967 -539.666
0.019004 -540.396
0.0191112 -541.123
0.0192185 -541.847
0.0193257 -542.567
0.0194328 -543.283
0.01954 -543.997
0.0196471 -544.706
0.0197541 -545.413
0.0198612 -546.116
0.0199682 -546.816
0.0200751 -547.513
0.0201821 -548.207
0.020289 -548.898
0.0203958 -549.585
0.0205027 -550.269
0.020336 -543.603
0.0201694 -536.936
0.0200027 -530.269
0.019836 -523.603
0.0196694 -516.936
0.0195027 -510.269
0.019336 -503.603
0.0191694 -496.936
0.0190027 -490.269
0.018836 -483.603
0.0186694 -476.936
0.0185027 -470.269
0.018336 -463.603
0.0181694 -456.936
0.0180027 -450.269
0.017836 -443.603
0.0176694 -436.936
0.0175027 -430.269
0.017336 -423.603
0.0171694 -416.936
0.0170027 -410.269
0.016836 -403.603
0.0166694 -396.936
0.0165027 -390.269
0.016336 -383.603
0.0161694 -376.936
0.0160027 -370.269
0.015836 -363.603
0.0156694 -356.936
0.0155027 -350.269
0.015336 -343.603
0.0151694 -336.936
0.0150027 -330.269
0.014836 -323.603
0.0146694 -316.936
0.0145027 -310.269
0.014336 -303.603
0.0141694 -296.936
0.0140027 -290.269
0.013836 -283.603
0.0136694 -276.936
0.0135027 -270.269
0.013336 -263.603
0.0131694 -256.936
0.0130027 -250.269
0.012836 -243.603
0.0126694 -236.936
0.0125027 -230.269
0.012336 -223.603
0.0121694 -216.936
0.0120027 -210.269
0.011836 -203.603
0.0116694 -196.936
0.0115027 -190.269
0.011336 -183.603
0.0111694 -176.936
0.0110027 -170.269
0.010836 -163.603
0.0106694 -156.936
0.0105027 -150.269
0.010336 -143.603
0.0101694 -136.936
0.0100027 -130.269
0.00983603 -123.603
0.00966936 -116.936
0.00950269 -110.269
0.00933603 -103.603
0.00916936 -96.9359
0.00900269 -90.2693
0.00883603 -83.6026
0.00866936 -76.9359
0.00850269 -70.2693
0.00833603 -63.6026
0.00816936 -56.9359
0.00800269 -50.2693
0.00783603 -43.6026
0.00766936 -36.9359
0.00750269 -30.2693
0.00733603 -23.6026
0.00716936 -16.9359
0.00700269 -10.2693
0.00683603 -3.6026
0.00666936 3.06407
0.00650269 9.73074
0.00633603 16.3974
0.00616936 23.064
0.0060027 29.7305
0.00583603 36.3966
0.00566938 43.0621
0.00550274 49.7264
0.00533611 56.389
0.00516951 63.0489
0.00500295 69.7051
0.00483644 76.3561
0.00467 83.0003
0.00450364 89.6358
0.0043374 96.2601
0.00417129 102.871
0.00400536 109.464
0.00383962 116.038
0.00367412 122.588
0.00350891 129.109
0.00334401 135.599
0.00317949 142.051
0.00301538 148.462
0.00285175 154.825
0.00268864 161.136
0.0025261 167.39
0.00236418 173.582
0.00220295 179.705
0.00204244 185.756
0.00188271 191.729
0.0017238 197.62
0.00156576 203.424
0.00140861 209.139
0.0012524 214.76
0.00109715 220.285
0.000942886 225.711
0.000789627 231.037
0.000637386 236.261
0.000486174 241.383
0.000335994 246.401
0.000186849 251.315
3.87334e-05 256.127
-0.000108358 260.836
-0.000254435 265.443
-0.00039951 269.951
-0.000543599 274.36
-0.000686718 278.672
-0.000828886 282.889
-0.000970123 287.012
-0.00111045 291.045
-0.00124989 294.989
-0.00138847 298.847
-0.0015262 302.62
-0.00166311 306.311
-0.00179923 309.923
-0.00193458 313.458
-0.00206918 316.918
-0.00220305 320.305
-0.00233622 323.622
-0.0024687 326.87
-0.00260052 330.052
-0.00273171 333.171
-0.00286227 336.227
-0.00299223 339.223
-0.00312161 342.161
-0.00325043 345.043
-0.00337871 347.871
-0.00350645 350.645
-0.00363369 353.369
-0.00376043 356.043
-0.00388669 358.669
-0.00401248 361.248
-0.00413783 363.783
-0.00426274 366.274
-0.00438722 368.722
-0.0045113 371.13
-0.00463498 373.498
-0.00475827 375.827
-0.00488119 378.119
-0.00500374 380.374
-0.00512595 382.595
-0.00524781 384.781
-0.00536933 386.933
-0.00549054 389.054
-0.00561143 391.143
-0.00573201 393.201
-0.0058523 395.23
-0.0059723 397.23
-0.00609202 399.202
-0.00621146 401.146
-0.00633064 403.064
-0.00644956 404.956
-0.00656823 406.823
-0.00668665 408.665
-0.00680483 410.483
-0.00692278 412.278
-0.0070405 414.05
-0.00715799 415.799
-0.00727528 417.528
-0.00739235 419.235
-0.00750921 420.921
-0.00762587 422.587
-0.00774234 424.234
-0.00785861 425.861
-0.0079747 427.47
-0.0080906 429.06
-0.00820632 430.632
-0.00832187 432.187
-0.00843725 433.725
-0.00855246 435.246
-0.00866751 436.751
-0.00878239 438.239
-0.00889712 439.712
-0.0090117 441.17
-0.00912612 442.612
-0.0092404 444.04
-0.00935454 445.454
-0.00946853 446.853
-0.00958238 448.238
-0.0096961 449.61
-0.00980969 450.969
-0.00992315 452.315
-0.0100365 453.648
-0.0101497 454.968
-0.0102628 456.276
-0.0103757 457.572
-0.0104886 458.857
-0.0106013 460.129
-0.0107139 461.391
-0.0108264 462.641
-0.0109388 463.88
-0.0110511 465.108
-0.0111633 466.326
-0.0112753 467.533
-0.0113873 468.731
-0.0114992 469.918
-0.011611 471.095
-0.0117226 472.263
-0.0118342 473.421
-0.0119457 474.57
-0.0120571 475.709
-0.0121684 476.84
-0.0122796 477.962
-0.0123907 479.074
-0.0125018 480.179
-0.0126127 481.275
-0.0127236 482.362
-0.0128344 483.441
-0.0129451 484.513
-0.0130558 485.576
-0.0131663 486.631
-0.0132768 487.679
-0.0133872 488.719
-0.0134975 489.752
-0.0136078 490.777
-0.013718 491.795
-0.0138281 492.806
-0.0139381 493.81
-0.0140481 494.807
-0.014158 495.797
-0.0142678 496.78
-0.0143776 497.757
-0.0144873 498.727
-0.0145969 499.691
-0.0147065 500.648
-0.014816 501.599
-0.0149254 502.544
-0.0150348 503.483
-0.0151442 504.416
-0.0152534 505.343
-0.0153626 506.264
-0.0154718 507.179
-0.0155809 508.089
-0.0156899 508.993
-0.0157989 509.891
-0.0159078 510.784
-0.0160167 511.671
-0.0161255 512.553
-0.0162343 513.43
-0.016343 514.302
-0.0164517 515.168
-0.0165603 516.03
-0.0166689 516.886
-0.0167774 517.738
-0.0168858 518.584
-0.0169943 519.426
-0.0171026 520.263
-0.017211 521.095
-0.0173192 521.923
-0.0174275 522.746
-0.0175356 523.565
-0.0176438 524.378
-0.0177519 525.188
-0.0178599 525.993
-0.0179679 526.794
-0.0180759 527.591
-0.0181838 528.383
-0.0182917 529.171
-0.0183995 529.955
-0.0185073 530.735
-0.0186151 531.51
-0.0187228 532.282
-0.0188305 533.05
-0.0189381 533.814
-0.0190457 534.574
-0.0191533 535.33
-0.0192608 536.083
-0.0193683 536.831
-0.0194758 537.576
-0.0195832 538.318
-0.0196906 539.055
-0.0197979 539.789
-0.0199052 540.52
-0.0200125 541.247
-0.0201197 541.97
-0.0202269 542.69
-0.0203341 543.407
-0.0204412 544.12
-0.0205483 544.83
-0.0206554 545.537
-0.0207624 546.24
-0.0208694 546.94
-0.0209764 547.637
-0.0210833 548.331
-0.0211902 549.021
-0.0212971 549.709
-0.0214039 550.393
-0.0215107 551.074
-0.0216175 551.752
-0.0217243 552.428
-0.021831 553.1
-0.0219377 553.769
-0.0220444 554.436
-0.022151 555.099
-0.0222576 555.76
-0.0223642 556.418
-0.0224707 557.073
-0.0225772 557.725
-0.0226837 558.374
-0.0227902 559.021
-0.0228967 559.665
-0.0230031 560.307
-0.0231095 560.945
-0.0232158 561.581
-0.0233221 562.215
-0.0234285 562.846
-0.0235347 563.474
-0.023641 564.1
-0.0237472 564.723
-0.0238534 565.344
-0.0239596 565.962
-0.0240658 566.578
-0.0241719 567.191
-0.024278 567.802
-0.0243841 568.411
-0.0244902 569.017
-0.0245962 569.621
-0.0247022 570.222
-0.0248082 570.821
-0.0249142 571.418
-0.0250201 572.013
-0.0251261 572.605
-0.025232 573.195
-0.0253378 573.783
-0.0254437 574.369
-0.0255495 574.953
-0.0256553 575.534
-0.0257611 576.113
-0.0258669 576.69
-0.0259727 577.265
-0.0260784 577.838
-0.0261841 578.409
-0.0262898 578.978
-0.0263954 579.544
-0.0265011 580.109
-0.0266067 580.672
-0.0267123 581.232
-0.0268179 581.791
-0.0269235 582.348
-0.027029 582.902
-0.0271346 583.455
-0.0272401 584.006
-0.0273456 584.555
-0.027451 585.102
-0.0275565 585.647
-0.0276619 586.191
-0.0277673 586.732
-0.0278727 587.272
-0.0279781 587.809
-0.0280835 588.345
-0.0281888 588.88
-0.0282941 589.412
-0.0283994 589.943
-0.0285047 590.471
-0.02861 590.999
-0.0287152 591.524
-0.0288205 592.048
-0.0289257 592.57
-0.0290309 593.09
-0.0291361 593.608
-0.0292413 594.125
-0.0293464 594.64
-0.0294515 595.154
-0.0295567 595.666
-0.0296618 596.176
-0.0297668 596.685
-0.0298719 597.192
-0.029977 597.697
-0.030082 598.201
-0.030187 598.704
-0.030292 599.204
-0.030397 599.704
-0.030502 600.201
-0.030607 600.697
-0.0307119 601.192
-0.0308169 601.685
-0.0309218 602.177
-0.0310267 602.667
-0.03086 596
-0.0306933 589.334
-0.0305267 582.667
-0.03036 576
-0.0301933 569.334
-0.0300267 562.667
-0.02986 556
-0.0296933 549.334
-0.0295267 542.667
-0.02936 536
-0.0291933 529.334
-0.0290267 522.667
-0.02886 516
-0.0286933 509.334
-0.0285267 502.667
-0.02836 496
-0.0281933 489.334
-0.0280267 482.667
-0.02786 476
-0.0276933 469.334
-0.0275267 462.667
-0.02736 456
-0.0271933 449.334
-0.0270267 442.667
-0.02686 436
-0.0266933 429.334
-0.0265267 422.667
-0.02636 416
-0.0261933 409.334
-0.0260267 402.667
-0.02586 396
-0.0256933 389.334
-0.0255267 382.667
-0.02536 376
-0.0251933 369.334
-0.0250267 362.667
-0.02486 356
-0.0246933 349.334
-0.0245267 342.667
-0.02436 336
-0.0241933 329.334
-0.0240267 322.667
-0.02386 316
-0.0236933 309.334
-0.0235267 302.667
-0.02336 296
-0.0231933 289.334
-0.0230267 282.667
-0.02286 276
-0.0226933 269.334
-0.0225267 262.667
-0.02236 256
-0.0221933 249.334
-0.0220267 242.667
-0.02186 236
-0.0216933 229.334
-0.0215267 222.667
-0.02136 216
-0.0211933 209.334
-0.0210267 202.667
-0.02086 196
-0.0206933 189.334
-0.0205267 182.667
-0.02036 176
-0.0201933 169.334
-0.0200267 162.667
-0.01986 156
-0.0196933 149.334
-0.0195267 142.667
-0.01936 136
-0.0191933 129.334
-0.0190267 122.667
-0.01886 116
-0.0186933 109.334
-0.0185267 102.667
-0.01836 96.0003
-0.0181933 89.3336
-0.0180267 82.6669
-0.01786 76.0003
-0.0176933 69.3336
-0.0175267 62.6669
-0.01736 56.0003
-0.0171933 49.3336
-0.0170267 42.6669
-0.01686 36.0003
-0.0166933 29.3336
-0.0165267 22.6669
-0.01636 16.0003
-0.0161933 9.33361
-0.0160267 2.66694
-0.01586 -3.99973
-0.0156933 -10.6664
-0.0155267 -17.3331
-0.01536 -23.9997
-0.0151933 -30.6661
-0.0150267 -37.3323
-0.01486 -43.9977
-0.0146934 -50.6621
-0.0145268 -57.3246
-0.0143602 -63.9846
-0.0141936 -70.6407
-0.0140271 -77.2918
-0.0138606 -83.936
-0.0136943 -90.5714
-0.013528 -97.1957
-0.0133619 -103.806
-0.013196 -110.4
-0.0130303 -116.974
-0.0128648 -123.523
-0.0126995 -130.045
-0.0125347 -136.534
-0.0123701 -142.987
-0.012206 -149.397
-0.0120424 -155.761
-0.0118793 -162.072
-0.0117167 -168.326
-0.0115548 -174.517
-0.0113936 -180.641
-0.0112331 -186.691
-0.0110734 -192.664
-0.0109144 -198.555
-0.0107564 -204.36
-0.0105993 -210.074
-0.010443 -215.696
-0.0102878 -221.221
-0.0101335 -226.647
-0.00998027 -231.973
-0.00982803 -237.197
-0.00967682 -242.318
-0.00952664 -247.336
-0.00937749 -252.251
-0.00922938 -257.062
-0.00908229 -261.771
-0.00893621 -266.379
-0.00879113 -270.887
-0.00864704 -275.296
-0.00850393 -279.607
-0.00836176 -283.824
-0.00822052 -287.948
-0.00808019 -291.981
-0.00794075 -295.925
-0.00780218 -299.782
-0.00766444 -303.556
-0.00752753 -307.247
-0.00739141 -310.859
-0.00725606 -314.394
-0.00712146 -317.854
-0.00698759 -321.241
-0.00685443 -324.557
-0.00672194 -327.806
-0.00659012 -330.988
-0.00645894 -334.106
-0.00632837 -337.163
-0.00619841 -340.159
-0.00606903 -343.097
-0.00594021 -345.979
-0.00581194 -348.806
-0.00568419 -351.581
-0.00555696 -354.304
-0.00543022 -356.978
-0.00530396 -359.604
-0.00517816 -362.184
-0.00505282 -364.718
-0.00492791 -367.209
-0.00480342 -369.658
-0.00467934 -372.066
-0.00455567 -374.433
-0.00443237 -376.763
-0.00430945 -379.055
-0.0041869 -381.31
-0.0040647 -383.53
-0.00394284 -385.716
-0.00382131 -387.869
-0.00370011 -389.989
-0.00357921 -392.079
-0.00345863 -394.137
-0.00333834 -396.166
-0.00321834 -398.166
-0.00309863 -400.137
-0.00297918 -402.082
-0.00286 -404
-0.00274108 -405.892
-0.00262242 -407.758
-0.002504 -409.6
-0.00238581 -411.419
-0.00226787 -413.213
-0.00215015 -414.985
-0.00203265 -416.735
-0.00191537 -418.463
-0.0017983 -420.17
-0.00168143 -421.857
-0.00156477 -423.523
-0.00144831 -425.169
-0.00133203 -426.797
-0.00121595 -428.405
-0.00110004 -429.996
-0.00098432 -431.568
-0.000868771 -433.123
-0.000753394 -434.661
-0.000638184 -436.182
-0.000523138 -437.686
-0.000408251 -439.175
-0.000293522 -440.648
-0.000178946 -442.105
-6.45205e-05 -443.548
4.97581e-05 -444.976
0.000163893 -446.389
0.000277886 -447.789
0.000391741 -449.174
0.000505461 -450.546
0.000619048 -451.905
0.000732504 -453.25
0.000845834 -454.583
0.000959037 -455.904
0.00107212 -457.212
0.00118508 -458.508
0.00129792 -459.792
0.00141065 -461.065
0.00152326 -462.326
0.00163576 -463.576
0.00174815 -464.815
0.00186044 -466.044
0.00197262 -467.262
0.00208469 -468.469
0.00219666 -469.666
0.00230854 -470.854
0.00242031 -472.031
0.00253199 -473.199
0.00264357 -474.357
0.00275505 -475.505
0.00286645 -476.645
0.00297776 -477.776
0.00308897 -478.897
0.0032001 -480.01
0.00331114 -481.114
0.0034221 -482.21
0.00353298 -483.298
0.00364377 -484.377
0.00375448 -485.448
0.00386511 -486.511
0.00397567 -487.567
0.00408615 -488.615
0.00419655 -489.655
0.00430687 -490.687
0.00441713 -491.713
0.00452731 -492.731
0.00463742 -493.742
0.00474746 -494.746
0.00485742 -495.742
0.00496733 -496.733
0.00507716 -497.716
0.00518693 -498.693
0.00529663 -499.663
0.00540627 -500.627
0.00551584 -501.584
0.00562535 -502.535
0.0057348 -503.48
0.00584419 -504.419
0.00595352 -505.352
0.00606279 -506.279
0.006172 -507.2
0.00628115 -508.115
0.00639024 -509.024
0.00649928 -509.928
0.00660827 -510.827
0.00671719 -511.719
0.00682607 -512.607
0.00693489 -513.489
0.00704366 -514.366
0.00715238 -515.238
0.00726104 -516.104
0.00736966 -516.966
0.00747822 -517.822
0.00758673 -518.673
0.0076952 -519.52
0.00780362 -520.362
0.00791199 -521.199
0.00802031 -522.031
0.00812859 -522.859
0.00823682 -523.682
0.008345 -524.5
0.00845314 -525.314
0.00856124 -526.124
0.00866929 -526.929
0.0087773 -527.73
0.00888526 -528.526
0.00899318 -529.318
0.00910107 -530.107
0.0092089 -530.89
0.0093167 -531.67
0.00942446 -532.446
0.00953218 -533.218
0.00963986 -533.986
0.0097475 -534.75
0.0098551 -535.51
0.00996266 -536.266
0.0100702 -537.018
0.0101777 -537.767
0.0102851 -538.512
0.0103925 -539.253
0.0104999 -539.991
0.0106072 -540.725
0.0107146 -541.455
0.0108218 -542.182
0.0109291 -542.906
0.0110363 -543.626
0.0111434 -544.343
0.0112506 -545.056
0.0113577 -545.766
0.0114647 -546.472
0.0115718 -547.176
0.0116788 -547.876
0.0117857 -548.573
0.0118927 -549.266
0.0119996 -549.957
0.0121064 -550.644
0.0122133 -551.329
0.0123201 -552.01
0.0124269 -552.688
0.0125336 -553.363
0.0126404 -554.036
0.012747 -554.705
0.0128537 -555.371
0.0129603 -556.035
0.013067 -556.695
0.0131735 -557.353
0.0132801 -558.008
0.0133866 -558.661
0.0134931 -559.31
0.0135996 -559.957
0.013706 -560.601
0.0138124 -561.242
0.0139188 -561.881
0.0140252 -562.517
0.0141315 -563.15
0.0142378 -563.781
0.0143441 -564.41
0.0144504 -565.035
0.0145566 -565.659
0.0146628 -566.279
0.014769 -566.898
0.0148751 -567.513
0.0149813 -568.127
0.0150874 -568.738
0.0151935 -569.346
0.0152995 -569.953
0.0154056 -570.556
0.0155116 -571.158
0.0156176 -571.757
0.0157235 -572.354
0.0158295 -572.949
0.0159354 -573.541
0.0160413 -574.131
0.0161472 -574.719
0.016253 -575.305
0.0163589 -575.888
0.0164647 -576.47
0.0165705 -577.049
0.0166763 -577.626
0.016782 -578.201
0.0168877 -578.774
0.0169934 -579.345
0.0170991 -579.913
0.0172048 -580.48
0.0173104 -581.045
0.0174161 -581.607
0.0175217 -582.168
0.0176273 -582.727
0.0177328 -583.283
0.0178384 -583.838
0.0179439 -584.391
0.0180494 -584.942
0.0181549 -585.491
0.0182604 -586.038
0.0183658 -586.583
0.0184713 -587.126
0.0185767 -587.668
0.0186821 -588.207
0.0187875 -588.745
0.0188928 -589.281
0.0189982 -589.815
0.0191035 -590.348
0.0192088 -590.878
0.0193141 -591.407
0.0194193 -591.934
0.0195246 -592.46
0.0196298 -592.983
0.0197351 -593.505
0.0198403 -594.025
0.0199454 -594.544
0.0200506 -595.061
0.0201558 -595.576
0.0202609 -596.09
0.020366 -596.602
0.0204711 -597.112
0.0205762 -597.621
0.0206813 -598.128
0.0207863 -598.633
0.0208914 -599.137
0.0209964 -599.639
0.0211014 -600.14
0.0212064 -600.639
0.0213114 -601.137
0.0214163 -601.633
0.0215213 -602.128
0.0216262 -602.621
0.0217311 -603.112
0.021836 -603.603
0.0219409 -604.091
0.0220458 -604.578
0.0221506 -605.064
0.0222555 -605.548
0.0223603 -606.031
0.0224651 -606.513
0.0225699 -606.993
0.0226747 -607.471
0.0227795 -607.948
0.0228842 -608.424
0.022989 -608.898
0.0230937 -609.371
0.0231984 -609.843
0.0233031 -610.313
0.0234078 -610.782
0.0235125 -611.25
0.0236172 -611.716
0.0237218 -612.181
0.0238264 -612.644
0.0239311 -613.107
0.0240357 -613.567
0.0241403 -614.027
0.0242449 -614.485
0.0243494 -614.943
0.024454 -615.398
0.0245585 -615.853
0.0246631 -616.306
0.0247676 -616.758
0.0248721 -617.209
0.0249766 -617.659
0.0250811 -618.107
0.0251855 -618.554
0.02529 -619
0.0253944 -619.445
0.0254989 -619.888
0.0256033 -620.331
0.0257077 -620.772
0.0258121 -621.212
0.0259165 -621.651
0.0260209 -622.088
0.0261252 -622.525
0.0262296 -622.96
0.0263339 -623.394
0.0264383 -623.828
0.0265426 -624.259
0.0266469 -624.69
0.0267512 -625.12
0.0268555 -625.549
0.0269598 -625.976
0.027064 -626.403
0.0271683 -626.828
0.0272725 -627.252
0.0273768 -627.675
0.027481 -628.097
0.0275852 -628.518
0.0276894 -628.938
0.0277936 -629.357
0.0278977 -629.775
0.0280019 -630.192
0.0281061 -630.607
0.0282102 -631.022
0.0283144 -631.436
0.0284185 -631.849
0.0285226 -632.26
0.0286267 -632.671
0.0287308 -633.08
0.0288349 -633.489
0.028939 -633.897
0.029043 -634.303
0.0291471 -634.709
0.0292511 -635.114
0.0293552 -635.518
0.0294592 -635.92
0.0295632 -636.322
0.0296672 -636.723
0.0297712 -637.123
0.0298752 -637.522
0.0299792 -637.92
0.0300832 -638.317
0.0301871 -638.713
0.0302911 -639.108
0.030395 -639.502
0.030499 -639.896
0.0306029 -640.288
0.0307068 -640.68
0.0308107 -641.07
0.0309146 -641.46
0.0310185 -641.849
0.0311224 -642.237
0.0312262 -642.624
0.0313301 -643.01
0.031434 -643.395
0.0297673 -576.729
0.0281006 -510.062
0.026434 -443.395
0.0247673 -376.729
0.0231006 -310.062
0.021434 -243.395
0.0197673 -176.729
0.0181006 -110.062
0.016434 -43.3955
0.0147673 23.2712
0.0131009 89.9122
0.0114419 155.805
0.00982173 217.827
0.00828477 271.522
0.00684804 315.196
0.0054974 350.26
0.00421124 378.876
0.00297198 402.802
0.00176729 423.271
0.00058872 441.128
-0.000569578 456.958
-0.00171176 471.176
-0.00284087 484.087
-0.00395917 495.917
-0.00506838 506.838
-0.00616987 516.987
-0.00726471 526.471
-0.00835376 535.376
-0.00943772 543.772
-0.0105172 551.718
-0.0115926 559.262
-0.0126645 566.447
-0.0137331 573.307
-0.0147987 579.872
-0.0158617 586.169
-0.0169222 592.22
-0.0179805 598.045
-0.0190366 603.662
-0.0200909 609.087
-0.0211433 614.332
-0.0221941 619.412
-0.0232434 624.336
-0.0242911 629.114
-0.0253376 633.757
-0.0263827 638.272
-0.0274267 642.666
-0.0284695 646.947
-0.0295112 651.12
-0.0305519 655.192
-0.0315917 659.167
-0.0326305 663.051
-0.0336685 666.849
-0.0347056 670.563
-0.035742 674.199
-0.0367776 677.759
-0.0378125 681.247
-0.0388467 684.667
-0.0398802 688.021
-0.0409131 691.312
-0.0419454 694.542
-0.0402788 627.875
-0.0386121 561.208
-0.0369454 494.542
-0.0352788 427.875
-0.0336121 361.208
-0.0319454 294.542
-0.0302788 227.875
-0.0286121 161.208
-0.0269454 94.5418
-0.0252788 27.8751
-0.0236121 -38.7915
-0.0219457 -105.433
-0.0202867 -171.325
-0.0186665 -233.347
-0.0171296 -287.042
-0.0156928 -330.716
-0.0143422 -365.78
-0.013056 -394.396
-0.0118168 -418.322
-0.0106121 -438.792
-0.00943352 -456.648
-0.00827522 -472.478
-0.00713303 -486.697
-0.00600393 -499.607
-0.00488563 -511.437
-0.00377641 -522.359
-0.00267492 -532.508
-0.00158009 -541.991
-0.000491041 -550.896
0.00059292 -559.292
0.00167238 -567.238
0.00274783 -574.783
0.00381967 -581.967
0.00488827 -588.827
0.00595393 -595.393
0.00701689 -601.689
0.0080774 -607.74
0.00913566 -613.566
0.0101918 -619.183
0.0112461 -624.607
0.0122985 -629.853
0.0133493 -634.932
0.0143986 -639.856
0.0154463 -644.635
0.0164928 -649.277
0.0175379 -653.792
0.0185819 -658.186
0.0196247 -662.467
0.0206664 -666.64
0.0217071 -670.712
0.0227469 -674.688
0.0237857 -678.572
0.0248237 -682.369
0.0258608 -686.083
0.0268972 -689.719
0.0279328 -693.279
0.0289677 -696.768
0.0300019 -700.187
0.0310354 -703.541
0.0320683 -706.832
0.0331006 -710.062
0.0341323 -713.234
0.0351635 -716.35
0.0361941 -719.413
0.0372242 -722.424
0.0382538 -725.385
0.039283 -728.297
0.0403116 -731.164
0.0413399 -733.986
0.0423676 -736.764
0.040701 -670.098
0.0390343 -603.431
0.0373676 -536.764
0.035701 -470.098
0.0340343 -403.431
0.0323676 -336.764
0.030701 -270.098
0.0290343 -203.431
0.0273676 -136.764
0.025701 -70.0977
0.0240343 -3.43104
0.0223676 63.2356
0.0207012 129.877
0.0190423 195.769
0.0174221 257.791
0.0158851 311.486
0.0144484 355.161
0.0130978 390.224
0.0118116 418.84
0.0105723 442.766
0.00936764 463.236
0.00818908 481.092
0.00703078 496.922
0.00588859 511.141
0.00475949 524.051
0.00364119 535.881
0.00253197 546.803
0.00143048 556.952
0.000335645 566.435
-0.0007534 575.34
-0.00183736 583.736
-0.00291682 591.682
-0.00399227 599.227
-0.00506412 606.412
-0.00613271 613.271
-0.00719837 619.837
-0.00826134 626.134
-0.00932185 632.185
-0.0103801 638.01
-0.0114363 643.627
-0.0124905 649.051
-0.013543 654.297
-0.0145938 659.376
-0.015643 664.3
-0.0166908 669.079
-0.0177372 673.721
-0.0187824 678.236
-0.0198263 682.63
-0.0208691 686.911
-0.0219108 691.084
-0.0229516 695.156
-0.0239913 699.132
-0.0250302 703.016
-0.0260681 706.813
-0.0271053 710.527
-0.0281416 714.163
-0.0291772 717.723
-0.0302121 721.212
-0.0312463 724.632
-0.0322799 727.985
-0.0333128 731.276
-0.0343451 734.506
-0.0353768 737.678
-0.0364079 740.795
-0.0374386 743.857
-0.0384687 746.868
-0.0394983 749.829
-0.0405274 752.742
-0.0415561 755.608
-0.0425843 758.43
-0.0436121 761.208
-0.0446395 763.945
-0.0456664 766.642
-0.046693 769.299
-0.0477192 771.918
-0.048745 774.501
-0.0497705 777.048
-0.0507956 779.561
-0.0518204 782.04
-0.0528449 784.487
-0.0511782 717.82
-0.0495115 651.153
-0.0478449 584.487
-0.0461782 517.82
-0.0445115 451.153
-0.0428449 384.487
-0.0411782 317.82
-0.0395115 251.153
-0.0378449 184.487
-0.0361782 117.82
-0.0345115 51.1533
-0.0328449 -15.5133
-0.0311785 -82.1543
-0.0295195 -148.047
-0.0278993 -210.069
-0.0263624 -263.764
-0.0249256 -307.438
-0.023575 -342.502
-0.0222888 -371.118
-0.0210496 -395.044
-0.0198449 -415.513
-0.0186663 -433.37
-0.017508 -449.2
-0.0163658 -463.418
-0.0152367 -476.329
-0.0141184 -488.159
-0.0130092 -499.08
-0.0119077 -509.23
-0.0108129 -518.713
-0.00972382 -527.618
-0.00863986 -536.014
-0.0075604 -543.96
-0.00648495 -551.505
-0.00541311 -558.689
-0.00434451 -565.549
-0.00327886 -572.114
-0.00221589 -578.411
-0.00115538 -584.462
-9.71251e-05 -590.287
0.000959045 -595.905
0.00201329 -601.329
0.00306575 -606.575
0.00411654 -611.654
0.00516578 -616.578
0.00621356 -621.356
0.00725999 -625.999
0.00830514 -630.514
0.00934908 -634.908
0.0103919 -639.189
0.0114336 -643.362
0.0124743 -647.434
0.0135141 -651.409
0.0145529 -655.294
0.0155909 -659.091
0.0166281 -662.805
0.0176644 -666.441
0.0187 -670.001
0.0197349 -673.49
0.0207691 -676.909
0.0218026 -680.263
0.0228355 -683.554
0.0238678 -686.784
0.0248996 -689.956
0.0259307 -693.072
0.0269613 -696.135
0.0279915 -699.145
0.0290211 -702.106
0.0300502 -705.019
0.0310789 -707.886
0.0321071 -710.708
0.0331349 -713.486
0.0341622 -716.223
0.0351892 -718.919
0.0362158 -721.577
0.037242 -724.196
0.0382678 -726.779
0.0392933 -729.326
0.0403184 -731.839
0.0413432 -734.318
0.0423676 -736.764
0.0433918 -739.179
0.0444156 -741.564
0.0454392 -743.918
0.0464624 -746.244
0.0474854 -748.541
0.0485081 -750.811
0.0495305 -753.054
0.0505527 -755.271
0.0515746 -757.463
0.0525963 -759.63
0.0509296 -692.963
0.049263 -626.296
0.0475963 -559.63
0.0459296 -492.963
0.044263 -426.296
0.0425963 -359.63
0.0409296 -292.963
0.039263 -226.296
0.0375963 -159.63
0.0359296 -92.9629
0.034263 -26.2962
0.0325963 40.3704
0.0309299 107.011
0.0292709 172.904
0.0276507 234.926
0.0261138 288.621
0.024677 332.295
0.0233264 367.359
0.0220403 395.975
0.020801 419.901
0.0195963 440.37
0.0184177 458.227
0.0172594 474.057
0.0161172 488.275
0.0149881 501.186
0.0138698 513.016
0.0127606 523.938
0.0116591 534.087
0.0105643 543.57
0.00947525 552.475
0.00839129 560.871
0.00731183 568.817
0.00623638 576.362
0.00516454 583.546
0.00409594 590.406
0.00303028 596.972
0.00196732 603.268
0.000906806 609.319
-0.000151446 615.145
-0.00120762 620.762
-0.00226186 626.186
-0.00331432 631.432
-0.00436511 636.511
-0.00541435 641.435
-0.00646214 646.214
-0.00750856 650.856
-0.00855371 655.371
-0.00959765 659.765
-0.0106405 664.046
-0.0116822 668.219
-0.0127229 672.291
-0.0137627 676.267
-0.0148015 680.151
-0.0158395 683.948
-0.0168766 687.662
-0.017913 691.298
-0.0189486 694.858
-0.0199835 698.347
-0.0210177 701.766
-0.0220512 705.12
-0.0230841 708.411
-0.0241164 711.641
-0.0251481 714.813
-0.0261793 717.929
-0.0272099 720.992
-0.02824 724.003
-0.0292696 726.963
-0.0302988 729.876
-0.0313274 732.743
-0.0323556 735.565
-0.0333834 738.343
-0.0344108 741.08
-0.0354378 743.776
-0.0364643 746.434
-0.0374905 749.053
-0.0385164 751.636
-0.0395418 754.183
-0.040567 756.696
-0.0415917 759.175
-0.0426162 761.621
-0.0436404 764.037
-0.0446642 766.421
-0.0456878 768.775
-0.046711 771.101
-0.047734 773.398
-0.0487567 775.668
-0.0497791 777.911
-0.0508013 780.128
-0.0518232 782.32
-0.0528449 784.487
-0.0538663 786.629
-0.0548875 788.748
-0.0559084 790.845
-0.0569292 792.918
-0.0579497 794.97
-0.05897 797
-0.0599901 799.01
-0.06101 800.999
-0.0620297 802.968
-0.0630492 804.917
-0.0613825 738.251
-0.0597158 671.584
-0.0580492 604.917
-0.0563825 538.251
-0.0547158 471.584
-0.0530492 404.917
-0.0513825 338.251
-0.0497158 271.584
-0.0480492 204.917
-0.0463825 138.251
-0.0447158 71.584
-0.0430492 4.91733
-0.0413825 -61.7493
-0.0397161 -128.39
-0.0380572 -194.283
-0.0364369 -256.305
-0.0349 -310
-0.0334633 -353.674
-0.0321126 -388.738
-0.0308265 -417.354
-0.0295872 -441.28
-0.0283825 -461.749
-0.0272039 -479.606
-0.0260456 -495.436
-0.0249035 -509.654
-0.0237743 -522.565
-0.0226561 -534.395
-0.0215468 -545.316
-0.0204453 -555.466
-0.0193505 -564.949
-0.0182615 -573.854
-0.0171775 -582.25
-0.016098 -590.196
-0.0150226 -597.74
-0.0139507 -604.925
-0.0128821 -611.785
-0.0118165 -618.35
-0.0107535 -624.647
-0.00969302 -630.698
-0.00863477 -636.523
-0.0075786 -642.14
-0.00652435 -647.565
-0.0054719 -652.81
-0.0044211 -657.89
-0.00337186 -662.814
-0.00232408 -667.592
-0.00127765 -672.235
-0.000232502 -676.75
0.000811441 -681.144
0.00185425 -685.425
0.00289598 -689.598
0.0039367 -693.67
0.00497645 -697.645
0.0060153 -701.53
0.00705327 -705.327
0.00809041 -709.041
0.00912677 -712.677
0.0101624 -716.237
0.0111973 -719.726
0.0122315 -723.145
0.013265 -726.499
0.0142979 -729.79
0.0153302 -733.02
0.0163619 -736.192
0.0173931 -739.308
0.0184237 -742.371
0.0194538 -745.381
0.0204834 -748.342
0.0215126 -751.255
0.0225412 -754.122
0.0235694 -756.944
0.0245972 -759.722
0.0256246 -762.459
0.0266516 -765.155
0.0276781 -767.813
0.0287043 -770.432
0.0297301 -773.015
0.0307556 -775.562
0.0317807 -778.075
0.0328055 -780.554
0.03383 -783
0.0348542 -785.415
0.035878 -787.8
0.0369015 -790.154
0.0379248 -792.48
0.0389478 -794.777
0.0399705 -797.047
0.0409929 -799.29
0.0420151 -801.507
0.043037 -803.699
0.0440587 -805.866
0.0450801 -808.008
0.0461013 -810.127
0.0471222 -812.223
0.048143 -814.297
0.0491635 -816.349
0.0501838 -818.379
0.0512039 -820.389
0.0522238 -822.378
0.0532435 -824.347
0.054263 -826.296
0.0552823 -828.227
0.0563014 -830.138
0.0573203 -832.032
0.0583391 -833.907
0.0566724 -767.24
0.0550057 -700.574
0.0533391 -633.907
0.0516724 -567.24
0.0500057 -500.574
0.0483391 -433.907
0.0466724 -367.24
0.0450057 -300.574
0.0433391 -233.907
0.0416724 -167.24
0.0400057 -100.574
0.0383391 -33.907
0.0366724 32.7596
0.035006 99.4006
0.0333471 165.293
0.0317268 227.315
0.0301899 281.01
0.0287532 324.685
0.0274025 359.748
0.0261164 388.364
0.0248771 412.29
0.0236724 432.76
0.0224938 450.616
0.0213355 466.446
0.0201934 480.665
0.0190642 493.575
0.017946 505.405
0.0168367 516.327
0.0157352 526.476
0.0146404 535.959
0.0135514 544.864
0.0124674 553.26
0.0113879 561.206
0.0103125 568.751
0.00924064 575.936
0.00817205 582.795
0.00710639 589.361
0.00604342 595.658
0.00498291 601.709
0.00392466 607.534
0.00286849 613.151
0.00181425 618.575
0.000761792 623.821
-0.000289 628.9
-0.00133824 633.824
-0.00238603 638.603
-0.00343245 643.245
-0.0044776 647.76
-0.00552154 652.154
-0.00656435 656.435
