-0.000166667 6.66665
-0.000333331 13.3331
-0.000499988 19.9988
-0.000666627 26.6627
-0.000833237 33.3237
-0.0009998 39.98
-0.0011663 46.6297
-0.0013327 53.2704
-0.00149899 59.8994
-0.00166514 66.5138
-0.0018311 73.1101
-0.00199685 79.685
-0.00216235 86.2346
-0.00232755 92.755
-0.00249242 99.2422
-0.00265692 105.692
-0.002821 112.1
-0.00298461 118.461
-0.00314773 124.773
-0.0033103 131.03
-0.00347229 137.229
-0.00363366 143.366
-0.00379437 149.437
-0.00395439 155.439
-0.00411369 161.369
-0.00427224 167.224
-0.00443002 173.002
-0.004587 178.7
-0.00474317 184.317
-0.00489851 189.851
-0.00505301 195.301
-0.00520666 200.666
-0.00535946 205.946
-0.0055114 211.14
-0.00566249 216.249
-0.00581272 221.272
-0.0059621 226.21
-0.00611064 231.064
-0.00625834 235.834
-0.00640521 240.521
-0.00655127 245.127
-0.00669652 249.652
-0.00684098 254.098
-0.00698467 258.467
-0.00712759 262.759
-0.00726977 266.977
-0.00741121 271.121
-0.00755193 275.193
-0.00769196 279.196
-0.0078313 283.13
-0.00766463 276.463
-0.00749797 269.797
-0.0073313 263.13
-0.00716463 256.463
-0.00699797 249.797
-0.0068313 243.13
-0.00666463 236.463
-0.00649797 229.797
-0.0063313 223.13
-0.00616463 216.463
-0.00599797 209.797
-0.0058313 203.13
-0.00566463 196.463
-0.00549797 189.797
-0.0053313 183.13
-0.00516463 176.463
-0.00499797 169.797
-0.0048313 163.13
-0.00466463 156.463
-0.00449797 149.797
-0.0043313 143.13
-0.00416463 136.463
-0.00399797 129.797
-0.0038313 123.13
-0.00366463 116.463
-0.00349797 109.797
-0.0033313 103.13
-0.00316463 96.4633
-0.00299797 89.7966
-0.0028313 83.1299
-0.00266463 76.4633
-0.00249797 69.7966
-0.0023313 63.1299
-0.00216463 56.4633
-0.00199797 49.7966
-0.0018313 43.1299
-0.00166463 36.4633
-0.00149797 29.7966
-0.0013313 23.1299
-0.00116463 16.4633
-0.000997966 9.7966
-0.000831299 3.12993
-0.000664633 -3.53674
-0.000497966 -10.2034
-0.000331302 -16.8698
-0.000164645 -23.5355
1.99454e-06 -30.1995
0.000168604 -36.8604
0.000335168 -43.5168
0.000501665 -50.1665
0.000668072 -56.8072
0.000834362 -63.4362
0.0010005 -70.0505
0.00116647 -76.6469
0.00133222 -83.2217
0.00149771 -89.7714
0.00166292 -96.2918
0.00182779 -102.779
0.00199229 -109.229
0.00215636 -115.636
0.00231998 -121.998
0.0024831 -128.31
0.00264567 -134.567
0.00280766 -140.766
0.00296903 -146.903
0.00312974 -152.974
0.00328976 -158.976
0.00344906 -164.906
0.00360761 -170.761
0.00376538 -176.538
0.00392237 -182.237
0.00407853 -187.853
0.00423387 -193.387
0.00438837 -198.837
0.00454203 -204.203
0.00469483 -209.483
0.00484677 -214.677
0.00499785 -219.785
0.00514809 -224.809
0.00529747 -229.747
0.005446 -234.6
0.0055937 -239.37
0.00574058 -244.058
0.00588663 -248.663
0.00603189 -253.189
0.00617635 -257.635
0.00632004 -262.004
0.00646296 -266.296
0.00660513 -270.513
0.00674658 -274.658
0.0068873 -278.73
0.00702733 -282.733
0.00716667 -286.667
0.00730534 -290.534
0.00744336 -294.336
0.00758074 -298.074
0.0077175 -301.75
0.00785365 -305.365
0.00798922 -308.922
0.0081242 -312.42
0.00795754 -305.754
0.00779087 -299.087
0.0076242 -292.42
0.00745754 -285.754
0.00729087 -279.087
0.0071242 -272.42
0.00695754 -265.754
0.00679087 -259.087
0.0066242 -252.42
0.00645754 -245.754
0.00629087 -239.087
0.0061242 -232.42
0.00595754 -225.754
0.00579087 -219.087
0.0056242 -212.42
0.00545754 -205.754
0.00529087 -199.087
0.0051242 -192.42
0.00495754 -185.754
0.00479087 -179.087
0.0046242 -172.42
0.00445754 -165.754
0.00429087 -159.087
0.0041242 -152.42
0.00395754 -145.754
0.00379087 -139.087
0.0036242 -132.42
0.00345754 -125.754
0.00329087 -119.087
0.0031242 -112.42
0.00295754 -105.754
0.00279087 -99.087
0.0026242 -92.4204
0.00245754 -85.7537
0.00229087 -79.087
0.0021242 -72.4204
0.00195754 -65.7537
0.00179087 -59.087
0.0016242 -52.4204
0.00145754 -45.7537
0.00129087 -39.087
0.0011242 -32.4204
0.000957537 -25.7537
0.00079087 -19.087
0.000624204 -12.4204
0.000457537 -5.7537
0.00029087 0.912969
0.000124204 7.57962
-4.24606e-05 14.2461
-0.000209117 20.9117
-0.000375757 27.5757
-0.000542367 34.2367
-0.00070893 40.893
-0.000875427 47.5427
-0.00104183 54.1834
-0.00120812 60.8124
-0.00137427 67.4267
-0.00154023 74.0231
-0.00170598 80.598
-0.00187148 87.1476
-0.00203668 93.668
-0.00220155 100.155
-0.00236605 106.605
-0.00253013 113.013
-0.00269374 119.374
-0.00285686 125.686
-0.00301943 131.943
-0.00318142 138.142
-0.00334279 144.279
-0.0035035 150.35
-0.00366352 156.352
-0.00382282 162.282
-0.00398137 168.137
-0.00413915 173.915
-0.00429613 179.613
-0.0044523 185.23
-0.00460764 190.764
-0.00476214 196.214
-0.00491579 201.579
-0.00506859 206.859
-0.00522053 212.053
-0.00537162 217.162
-0.00552185 222.185
-0.00567123 227.123
-0.00581977 231.977
-0.00596747 236.747
-0.00611434 241.434
-0.0062604 246.04
-0.00640565 250.565
-0.00655011 255.011
-0.0066938 259.38
-0.00683672 263.672
-0.0069789 267.89
-0.00712034 272.034
-0.00726106 276.106
-0.00740109 280.109
-0.00754043 284.043
-0.0076791 287.91
-0.00781712 291.712
-0.0079545 295.45
-0.00809126 299.126
-0.00822741 302.741
-0.00836298 306.298
-0.00849797 309.797
-0.00863239 313.239
-0.00876627 316.627
-0.00889962 319.962
-0.00903245 323.245
-0.00916478 326.478
-0.00929661 329.661
-0.00942796 332.796
-0.00955885 335.885
-0.00968928 338.928
-0.00981927 341.927
-0.00994883 344.883
-0.010078 347.797
-0.0102067 350.669
-0.010335 353.502
-0.010463 356.296
-0.0105905 359.052
-0.0107177 361.771
-0.0108445 364.454
-0.010971 367.101
-0.0110971 369.715
-0.0112229 372.295
-0.0113484 374.842
-0.0114736 377.357
-0.0115984 379.841
-0.011723 382.295
-0.0118472 384.719
-0.0119711 387.114
-0.0120948 389.481
-0.0122182 391.821
-0.0123413 394.133
-0.0124642 396.418
-0.0125868 398.678
-0.0127091 400.913
-0.0128312 403.123
-0.0129531 405.309
-0.0130747 407.471
-0.0131961 409.61
-0.0133173 411.726
-0.0134382 413.821
-0.0135589 415.893
-0.0136794 417.945
-0.0137998 419.975
-0.0139199 421.986
-0.0140398 423.976
-0.0141595 425.947
-0.014279 427.898
-0.0143983 429.831
-0.0145175 431.745
-0.0146364 433.642
-0.0147552 435.52
-0.0148738 437.381
-0.0149923 439.226
-0.0151105 441.053
-0.0152286 442.864
-0.0153466 444.659
-0.0154644 446.438
-0.015582 448.202
-0.0156995 449.95
-0.0158168 451.684
-0.015934 453.403
-0.0160511 455.107
-0.016168 456.797
-0.0162847 458.473
-0.0164014 460.136
-0.0165178 461.785
-0.0166342 463.421
-0.0167504 465.044
-0.0168665 466.654
-0.0169825 468.251
-0.0170984 469.836
-0.0172141 471.409
-0.0173297 472.97
-0.0174452 474.519
-0.0175606 476.057
-0.0176758 477.583
-0.017791 479.098
-0.017906 480.602
-0.0180209 482.094
-0.0181358 483.577
-0.0182505 485.048
-0.0183651 486.51
-0.0184796 487.961
-0.018594 489.402
-0.0187083 490.833
-0.0188225 492.254
-0.0189367 493.666
-0.0190507 495.068
-0.0191646 496.46
-0.0192784 497.844
-0.0193922 499.218
-0.0195058 500.584
-0.0196194 501.94
-0.0197329 503.288
-0.0198463 504.627
-0.0199596 505.958
-0.0200728 507.28
-0.0199061 500.614
-0.0197395 493.947
-0.0195728 487.28
-0.0194061 480.614
-0.0192395 473.947
-0.0190728 467.28
-0.0189061 460.614
-0.0187395 453.947
-0.0185728 447.28
-0.0184061 440.614
-0.0182395 433.947
-0.0180728 427.28
-0.0179061 420.614
-0.0177395 413.947
-0.0175728 407.28
-0.0174061 400.614
-0.0172395 393.947
-0.0170728 387.28
-0.0169061 380.614
-0.0167395 373.947
-0.0165728 367.28
-0.0164061 360.614
-0.0162395 353.947
-0.0160728 347.28
-0.0159061 340.614
-0.0157395 333.947
-0.0155728 327.28
-0.0154061 320.614
-0.0152395 313.947
-0.0150728 307.28
-0.0149061 300.614
-0.0147395 293.947
-0.0145728 287.28
-0.0144061 280.614
-0.0142395 273.947
-0.0140728 267.28
-0.0139061 260.614
-0.0137395 253.947
-0.0135728 247.28
-0.0134061 240.614
-0.0132395 233.947
-0.0130728 227.28
-0.0129061 220.614
-0.0127395 213.947
-0.0125728 207.28
-0.0124061 200.614
-0.0122395 193.947
-0.0120728 187.28
-0.0119061 180.614
-0.0117395 173.947
-0.0115728 167.28
-0.0114061 160.614
-0.0112395 153.947
-0.0110728 147.28
-0.0109061 140.614
-0.0107395 133.947
-0.0105728 127.28
-0.0104061 120.614
-0.0102395 113.947
-0.0100728 107.28
-0.00990614 100.614
-0.00973947 93.9469
-0.0095728 87.2803
-0.00940614 80.6136
-0.00923947 73.9469
-0.0090728 67.2803
-0.00890614 60.6136
-0.00873947 53.9469
-0.0085728 47.2803
-0.00840614 40.6136
-0.00823947 33.9469
-0.0080728 27.2803
-0.00790614 20.6136
-0.00773947 13.9469
-0.0075728 7.28027
-0.00740614 0.613608
-0.00723947 -6.05306
-0.0070728 -12.7197
-0.00690614 -19.3861
-0.00673948 -26.0518
-0.00657284 -32.7158
-0.00640623 -39.3768
-0.00623967 -46.0331
-0.00607317 -52.6828
-0.00590677 -59.3235
-0.00574048 -65.9525
-0.00557433 -72.5668
-0.00540837 -79.1632
-0.00524262 -85.7381
-0.00507712 -92.2877
-0.00491192 -98.8081
-0.00474705 -105.295
-0.00458255 -111.745
-0.00441847 -118.153
-0.00425485 -124.515
-0.00409174 -130.826
-0.00392917 -137.083
-0.00376718 -143.282
-0.00360581 -149.419
-0.0034451 -155.49
-0.00328508 -161.492
-0.00312578 -167.422
-0.00296723 -173.277
-0.00280945 -179.055
-0.00265247 -184.753
-0.0024963 -190.37
-0.00234096 -195.904
-0.00218646 -201.354
-0.00203281 -206.719
-0.00188001 -211.999
-0.00172807 -217.193
-0.00157698 -222.302
-0.00142675 -227.325
-0.00127737 -232.263
-0.00112883 -237.117
-0.000981134 -241.887
-0.00083426 -246.574
-0.000688203 -251.18
-0.000542949 -255.705
-0.000398487 -260.151
-0.000254802 -264.52
-0.000111879 -268.812
3.0296e-05 -273.03
0.000171739 -277.174
0.000312465 -281.246
0.00045249 -285.249
0.00059183 -289.183
0.000730501 -293.05
0.00086852 -296.852
0.0010059 -300.59
0.00114266 -304.266
0.00127882 -307.882
0.00141438 -311.438
0.00154937 -314.937
0.00168379 -318.379
0.00181767 -321.767
0.00195102 -325.102
0.00208385 -328.385
0.00221618 -331.618
0.00234801 -334.801
0.00247936 -337.936
0.00261025 -341.025
0.00274068 -344.068
0.00287067 -347.067
0.00300023 -350.023
0.00312937 -352.937
0.00325809 -355.809
0.00338642 -358.642
0.00351436 -361.436
0.00364192 -364.192
0.00376911 -366.911
0.00389594 -369.594
0.00402242 -372.242
0.00414855 -374.855
0.00427435 -377.435
0.00439982 -379.982
0.00452497 -382.497
0.00464982 -384.982
0.00477435 -387.435
0.00489859 -389.859
0.00502255 -392.255
0.00514621 -394.621
0.00526961 -396.961
0.00539273 -399.273
0.00551558 -401.558
0.00563818 -403.818
0.00576053 -406.053
0.00588263 -408.263
0.00600449 -410.449
0.00612611 -412.611
0.0062475 -414.75
0.00636867 -416.867
0.00648961 -418.961
0.00661033 -421.033
0.00673085 -423.085
0.00685115 -425.115
0.00697126 -427.126
0.00709116 -429.116
0.00721087 -431.087
0.00733038 -433.038
0.00744971 -434.971
0.00756885 -436.885
0.00768782 -438.782
0.0078066 -440.66
0.00792521 -442.521
0.00804366 -444.366
0.00816193 -446.193
0.00828004 -448.004
0.00839799 -449.799
0.00851578 -451.578
0.00863342 -453.342
0.00875091 -455.091
0.00886824 -456.824
0.00898543 -458.543
0.00910247 -460.247
0.00921937 -461.937
0.00933614 -463.614
0.00945276 -465.276
0.00956925 -466.925
0.00968561 -468.561
0.00980184 -470.184
0.00991794 -471.794
0.0100339 -473.391
0.0101498 -474.976
0.0102655 -476.549
0.0103811 -478.11
0.0104966 -479.659
0.010612 -481.197
0.0107272 -482.723
0.0108424 -484.238
0.0109574 -485.742
0.0110723 -487.235
0.0111872 -488.717
0.0113019 -490.189
0.0114165 -491.65
0.011531 -493.101
0.0116454 -494.542
0.0117597 -495.973
0.0118739 -497.394
0.0119881 -498.806
0.0121021 -500.208
0.012216 -501.6
0.0123298 -502.984
0.0124436 -504.358
0.0125572 -505.724
0.0126708 -507.08
0.0127843 -508.428
0.0128977 -509.767
0.013011 -511.098
0.0131242 -512.42
0.0132373 -513.734
0.0133504 -515.04
0.0134634 -516.338
0.0135763 -517.628
0.0136891 -518.91
0.0138018 -520.185
0.0139145 -521.452
0.0140271 -522.711
0.0141396 -523.963
0.0142521 -525.207
0.0143644 -526.444
0.0144767 -527.675
0.014589 -528.898
0.0147011 -530.114
0.0148132 -531.323
0.0149253 -532.525
0.0150372 -533.721
0.0151491 -534.91
0.0152609 -536.092
0.0153727 -537.268
0.0154844 -538.438
0.015596 -539.601
0.0157076 -540.758
0.0158191 -541.909
0.0159305 -543.054
0.0160419 -544.193
0.0161533 -545.325
0.0162645 -546.452
0.0163757 -547.573
0.0164869 -548.688
0.016598 -549.798
0.016709 -550.902
0.01682 -552
0.0169309 -553.093
0.0170418 -554.18
0.0171526 -555.262
0.0172634 -556.339
0.0173741 -557.41
0.0174848 -558.477
0.0175954 -559.538
0.0177059 -560.593
0.0178164 -561.644
0.0179269 -562.69
0.0180373 -563.731
0.0181477 -564.767
0.018258 -565.798
0.0183682 -566.824
0.0184785 -567.846
0.0185886 -568.863
0.0186988 -569.875
0.0188088 -570.883
0.0189189 -571.886
0.0190288 -572.884
0.0191388 -573.878
0.0192487 -574.868
0.0193585 -575.853
0.0194683 -576.834
0.0195781 -577.811
0.0196878 -578.783
0.0197975 -579.752
0.0199072 -580.716
0.0200168 -581.676
0.0201263 -582.631
0.0202358 -583.583
0.0203453 -584.531
0.0204547 -585.474
0.0205641 -586.414
0.0206735 -587.35
0.0207828 -588.282
0.0208921 -589.21
0.0207254 -582.544
0.0205588 -575.877
0.0203921 -569.21
0.0202254 -562.544
0.0200588 -555.877
0.0198921 -549.21
0.0197254 -542.544
0.0195588 -535.877
0.0193921 -529.21
0.0192254 -522.544
0.0190588 -515.877
0.0188921 -509.21
0.0187254 -502.544
0.0185588 -495.877
0.0183921 -489.21
0.0182254 -482.544
0.0180588 -475.877
0.0178921 -469.21
0.0177254 -462.544
0.0175588 -455.877
0.0173921 -449.21
0.0172254 -442.544
0.0170588 -435.877
0.0168921 -429.21
0.0167254 -422.544
0.0165588 -415.877
0.0163921 -409.21
0.0162254 -402.544
0.0160588 -395.877
0.0158921 -389.21
0.0157254 -382.544
0.0155588 -375.877
0.0153921 -369.21
0.0152254 -362.544
0.0150588 -355.877
0.0148921 -349.21
0.0147254 -342.544
0.0145588 -335.877
0.0143921 -329.21
0.0142254 -322.544
0.0140588 -315.877
0.0138921 -309.21
0.0137254 -302.544
0.0135588 -295.877
0.0133921 -289.21
0.0132254 -282.544
0.0130588 -275.877
0.0128921 -269.21
0.0127254 -262.544
0.0125588 -255.877
0.0123921 -249.21
0.0122254 -242.544
0.0120588 -235.877
0.0118921 -229.21
0.0117254 -222.544
0.0115588 -215.877
0.0113921 -209.21
0.0112254 -202.544
0.0110588 -195.877
0.0108921 -189.21
0.0107254 -182.544
0.0105588 -175.877
0.0103921 -169.21
0.0102254 -162.544
0.0100588 -155.877
0.0098921 -149.21
0.00972544 -142.544
0.00955877 -135.877
0.0093921 -129.21
0.00922544 -122.544
0.00905877 -115.877
0.0088921 -109.21
0.00872544 -102.544
0.00855877 -95.877
0.0083921 -89.2103
0.00822544 -82.5436
0.00805877 -75.877
0.0078921 -69.2103
0.00772544 -62.5436
0.00755877 -55.877
0.0073921 -49.2103
0.00722544 -42.5436
0.00705877 -35.877
0.0068921 -29.2103
0.00672544 -22.5436
0.00655877 -15.877
0.0063921 -9.21029
0.00622544 -2.54362
0.00605877 4.12304
0.0058921 10.7897
0.00572544 17.4561
0.00555878 24.1218
0.00539214 30.7858
0.00522553 37.4467
0.00505897 44.1031
0.00489247 50.7528
0.00472607 57.3935
0.00455978 64.0225
0.00439363 70.6368
0.00422767 77.2332
0.00406192 83.8081
0.00389642 90.3577
0.00373122 96.8781
0.00356635 103.365
0.00340185 109.815
0.00323777 116.223
0.00307415 122.585
0.00291104 128.896
0.00274847 135.153
0.00258648 141.352
0.00242511 147.489
0.0022644 153.56
0.00210438 159.562
0.00194508 165.492
0.00178653 171.347
0.00162875 177.125
0.00147177 182.823
0.0013156 188.44
0.00116026 193.974
0.00100576 199.424
0.00085211 204.789
0.00069931 210.069
0.000547368 215.263
0.000396282 220.372
0.000246051 225.395
9.66704e-05 230.333
-5.1866e-05 235.187
-0.000199566 239.957
-0.000346439 244.644
-0.000492497 249.25
-0.00063775 253.775
-0.000782213 258.221
-0.000925898 262.59
-0.00106882 266.882
-0.001211 271.1
-0.00135244 275.244
-0.00149316 279.316
-0.00163319 283.319
-0.00177253 287.253
-0.0019112 291.12
-0.00204922 294.922
-0.0021866 298.66
-0.00232336 302.336
-0.00245952 305.952
-0.00259508 309.508
-0.00273007 313.007
-0.00286449 316.449
-0.00299837 319.837
-0.00313172 323.172
-0.00326455 326.455
-0.00339688 329.688
-0.00352871 332.871
-0.00366006 336.006
-0.00379095 339.095
-0.00392138 342.138
-0.00405137 345.137
-0.00418093 348.093
-0.00431007 351.007
-0.00443879 353.879
-0.00456712 356.712
-0.00469506 359.506
-0.00482262 362.262
-0.00494981 364.981
-0.00507664 367.664
-0.00520312 370.312
-0.00532925 372.925
-0.00545505 375.505
-0.00558052 378.052
-0.00570567 380.567
-0.00583051 383.051
-0.00595505 385.505
-0.00607929 387.929
-0.00620325 390.325
-0.00632691 392.691
-0.00645031 395.031
-0.00657343 397.343
-0.00669628 399.628
-0.00681888 401.888
-0.00694123 404.123
-0.00706333 406.333
-0.00718519 408.519
-0.00730681 410.681
-0.0074282 412.82
-0.00754937 414.937
-0.00767031 417.031
-0.00779103 419.103
-0.00791155 421.155
-0.00803185 423.185
-0.00815196 425.196
-0.00827186 427.186
-0.00839157 429.157
-0.00851108 431.108
-0.00863041 433.041
-0.00874955 434.955
-0.00886852 436.852
-0.0089873 438.73
-0.00910591 440.591
-0.00922436 442.436
-0.00934263 444.263
-0.00946074 446.074
-0.00957869 447.869
-0.00969648 449.648
-0.00981412 451.412
-0.00993161 453.161
-0.0100489 454.894
-0.0101661 456.613
-0.0102832 458.317
-0.0104001 460.007
-0.0105168 461.683
-0.0106335 463.346
-0.01075 464.995
-0.0108663 466.631
-0.0109825 468.254
-0.0110986 469.864
-0.0112146 471.461
-0.0113305 473.046
-0.0114462 474.619
-0.0115618 476.18
-0.0116773 477.729
-0.0117927 479.267
-0.0119079 480.793
-0.0120231 482.308
-0.0121381 483.812
-0.012253 485.305
-0.0123679 486.787
-0.0124826 488.258
-0.0125972 489.72
-0.0127117 491.171
-0.0128261 492.612
-0.0129404 494.043
-0.0130546 495.464
-0.0131688 496.876
-0.0132828 498.278
-0.0133967 499.67
-0.0135105 501.054
-0.0136243 502.428
-0.0137379 503.794
-0.0138515 505.15
-0.013965 506.498
-0.0140784 507.837
-0.0141917 509.168
-0.0143049 510.49
-0.014418 511.804
-0.0145311 513.11
-0.0146441 514.408
-0.014757 515.698
-0.0148698 516.98
-0.0149825 518.255
-0.0150952 519.522
-0.0152078 520.781
-0.0153203 522.033
-0.0154328 523.277
-0.0155451 524.514
-0.0156574 525.745
-0.0157697 526.968
-0.0158818 528.184
-0.0159939 529.393
-0.016106 530.595
-0.0162179 531.791
-0.0163298 532.98
-0.0164416 534.162
-0.0165534 535.338
-0.0166651 536.508
-0.0167767 537.671
-0.0168883 538.828
-0.0169998 539.979
-0.0171112 541.124
-0.0172226 542.263
-0.017334 543.395
-0.0174452 544.522
-0.0175564 545.643
-0.0176676 546.758
-0.0177787 547.868
-0.0178897 548.972
-0.0180007 550.07
-0.0181116 551.163
-0.0182225 552.25
-0.0183333 553.332
-0.0184441 554.409
-0.0185548 555.48
-0.0186655 556.547
-0.0187761 557.608
-0.0188866 558.663
-0.0189971 559.714
-0.0191076 560.76
-0.019218 561.801
-0.0193284 562.837
-0.0194387 563.868
-0.0195489 564.894
-0.0196592 565.916
-0.0197693 566.933
-0.0198795 567.945
-0.0199895 568.953
-0.0200996 569.956
-0.0202095 570.954
-0.0203195 571.948
-0.0204294 572.938
-0.0205392 573.923
-0.020649 574.904
-0.0207588 575.881
-0.0208685 576.853
-0.0209782 577.822
-0.0210879 578.786
-0.0211975 579.745
-0.021307 580.701
-0.0214165 581.653
-0.021526 582.601
-0.0216354 583.544
-0.0217448 584.484
-0.0218542 585.42
-0.0219635 586.352
-0.0220728 587.28
-0.022182 588.205
-0.0222913 589.125
-0.0224004 590.042
-0.0225096 590.955
-0.0226186 591.865
-0.0227277 592.771
-0.0228367 593.673
-0.0229457 594.572
-0.0230547 595.467
-0.0231636 596.358
-0.0232725 597.247
-0.0233813 598.131
-0.0234901 599.013
-0.0235989 599.891
-0.0237077 600.765
-0.0238164 601.636
-0.023925 602.504
-0.0240337 603.369
-0.0241423 604.231
-0.0242509 605.089
-0.0243594 605.944
-0.024468 606.796
-0.0245764 607.644
-0.0246849 608.49
-0.0247933 609.332
-0.0249017 610.172
-0.0250101 611.008
-0.0251184 611.842
-0.0252267 612.672
-0.025335 613.499
-0.0254432 614.324
-0.0255515 615.146
-0.0256596 615.964
-0.0257678 616.78
-0.0258759 617.593
-0.025984 618.403
-0.0260921 619.21
-0.0262001 620.015
-0.0263082 620.817
-0.0264162 621.616
-0.0265241 622.412
-0.0266321 623.206
-0.02674 623.997
-0.0268478 624.785
-0.0269557 625.57
-0.0270635 626.353
-0.0271713 627.134
-0.0272791 627.912
-0.0273869 628.687
-0.0274946 629.46
-0.0276023 630.23
-0.02771 630.998
-0.0278176 631.763
-0.0279253 632.525
-0.0280329 633.286
-0.0281404 634.044
-0.028248 634.799
-0.0283555 635.552
-0.028463 636.303
-0.0285705 637.051
-0.028678 637.797
-0.0287854 638.54
-0.0288928 639.282
-0.0290002 640.021
-0.0291076 640.757
-0.0292149 641.492
-0.0293222 642.224
-0.0294295 642.954
-0.0295368 643.682
-0.0296441 644.407
-0.0297513 645.13
-0.0298585 645.852
-0.0299657 646.571
-0.0300729 647.287
-0.03018 648.002
-0.0302871 648.715
-0.0303943 649.425
-0.0305013 650.134
-0.0306084 650.84
-0.0307154 651.544
-0.0308225 652.246
-0.0309295 652.946
-0.0310364 653.645
-0.0311434 654.341
-0.0312503 655.035
-0.0313573 655.727
-0.0314642 656.417
-0.0315711 657.105
-0.0314044 650.439
-0.0312377 643.772
-0.0310711 637.105
-0.0309044 630.439
-0.0307377 623.772
-0.0305711 617.105
-0.0304044 610.439
-0.0302377 603.772
-0.0300711 597.105
-0.0299044 590.439
-0.0297377 583.772
-0.0295711 577.105
-0.0294044 570.439
-0.0292377 563.772
-0.0290711 557.105
-0.0289044 550.439
-0.0287377 543.772
-0.0285711 537.105
-0.0284044 530.439
-0.0282377 523.772
-0.0280711 517.105
-0.0279044 510.439
-0.0277377 503.772
-0.0275711 497.105
-0.0274044 490.439
-0.0272377 483.772
-0.0270711 477.105
-0.0269044 470.439
-0.0267377 463.772
-0.0265711 457.105
-0.0264044 450.439
-0.0262377 443.772
-0.0260711 437.105
-0.0259044 430.439
-0.0257377 423.772
-0.0255711 417.105
-0.0254044 410.439
-0.0252377 403.772
-0.0250711 397.105
-0.0249044 390.439
-0.0247377 383.772
-0.0245711 377.105
-0.0244044 370.439
-0.0242377 363.772
-0.0240711 357.105
-0.0239044 350.439
-0.0237377 343.772
-0.0235711 337.105
-0.0234044 330.439
-0.0232377 323.772
-0.0230711 317.105
-0.0229044 310.439
-0.0227377 303.772
-0.0225711 297.105
-0.0224044 290.439
-0.0222377 283.772
-0.0220711 277.105
-0.0219044 270.439
-0.0217377 263.772
-0.0215711 257.105
-0.0214044 250.439
-0.0212377 243.772
-0.0210711 237.105
-0.0209044 230.439
-0.0207377 223.772
-0.0205711 217.105
-0.0204044 210.439
-0.0202377 203.772
-0.0200711 197.105
-0.0199044 190.439
-0.0197377 183.772
-0.0195711 177.105
-0.0194044 170.439
-0.0192377 163.772
-0.0190711 157.105
-0.0189044 150.439
-0.0187377 143.772
-0.0185711 137.105
-0.0184044 130.439
-0.0182377 123.772
-0.0180711 117.105
-0.0179044 110.439
-0.0177377 103.772
-0.0175711 97.1054
-0.0174044 90.4387
-0.0172377 83.772
-0.0170711 77.1054
-0.0169044 70.4387
-0.0167377 63.772
-0.0165711 57.1054
-0.0164044 50.4387
-0.0162377 43.772
-0.0160711 37.1054
-0.0159044 30.4387
-0.0157377 23.772
-0.0155711 17.1054
-0.0154044 10.4387
-0.0152377 3.77202
-0.0150711 -2.89465
-0.0149044 -9.5613
-0.0147377 -16.2277
-0.0145711 -22.8934
-0.0144044 -29.5574
-0.0142378 -36.2183
-0.0140713 -42.8747
-0.0139048 -49.5244
-0.0137383 -56.1651
-0.0135721 -62.7941
-0.0134059 -69.4084
-0.01324 -76.0048
-0.0130742 -82.5797
-0.0129087 -89.1293
-0.0127435 -95.6497
-0.0125786 -102.137
-0.0124141 -108.586
-0.0122501 -114.994
-0.0120864 -121.356
-0.0119233 -127.668
-0.0117607 -133.925
-0.0115988 -140.124
-0.0114374 -146.261
-0.0112767 -152.332
-0.0111167 -158.334
-0.0109574 -164.264
-0.0107988 -170.119
-0.010641 -175.896
-0.0104841 -181.594
-0.0103279 -187.211
-0.0101725 -192.745
-0.010018 -198.195
-0.00986439 -203.561
-0.00971159 -208.841
-0.00955965 -214.035
-0.00940857 -219.143
-0.00925833 -224.167
-0.00910895 -229.105
-0.00896042 -233.958
-0.00881272 -238.728
-0.00866584 -243.416
-0.00851979 -248.021
-0.00837453 -252.547
-0.00823007 -256.993
-0.00808639 -261.361
-0.00794346 -265.654
-0.00780129 -269.871
-0.00765985 -274.015
-0.00751912 -278.088
-0.00737909 -282.091
-0.00723975 -286.025
-0.00710108 -289.892
-0.00696306 -293.694
-0.00682568 -297.432
-0.00668892 -301.108
-0.00655277 -304.723
-0.00641721 -308.279
-0.00628222 -311.778
-0.00614779 -315.221
-0.00601391 -318.609
-0.00588056 -321.944
-0.00574773 -325.227
-0.00561541 -328.459
-0.00548357 -331.643
-0.00535222 -334.778
-0.00522133 -337.867
-0.0050909 -340.91
-0.00496091 -343.909
-0.00483135 -346.865
-0.00470222 -349.778
-0.00457349 -352.651
-0.00444516 -355.484
-0.00431722 -358.278
-0.00418966 -361.034
-0.00406247 -363.753
-0.00393565 -366.435
-0.00380917 -369.083
-0.00368303 -371.697
-0.00355724 -374.276
-0.00343176 -376.824
-0.00330661 -379.339
-0.00318177 -381.823
-0.00305723 -384.277
-0.00293299 -386.701
-0.00280904 -389.096
-0.00268537 -391.463
-0.00256198 -393.802
-0.00243886 -396.114
-0.002316 -398.4
-0.0021934 -400.66
-0.00207105 -402.895
-0.00194895 -405.105
-0.0018271 -407.29
-0.00170547 -409.453
-0.00158408 -411.592
-0.00146292 -413.708
-0.00134198 -415.802
-0.00122125 -417.875
-0.00110074 -419.926
-0.00098043 -421.957
-0.000860328 -423.967
-0.000740425 -425.958
-0.000620718 -427.928
-0.000501202 -429.88
-0.000381874 -431.813
-0.000262731 -433.727
-0.000143768 -435.623
-2.49815e-05 -437.502
9.36309e-05 -439.363
0.000212073 -441.207
0.000330348 -443.035
0.000448459 -444.846
0.000566408 -446.641
0.0006842 -448.42
0.000801837 -450.184
0.000919321 -451.932
0.00103666 -453.666
0.00115384 -455.384
0.00127089 -457.089
0.00138779 -458.779
0.00150455 -460.455
0.00162118 -462.118
0.00173767 -463.767
0.00185403 -465.403
0.00197025 -467.025
0.00208635 -468.635
0.00220233 -470.233
0.00231818 -471.818
0.00243391 -473.391
0.00254952 -474.952
0.00266501 -476.501
0.00278038 -478.038
0.00289564 -479.564
0.00301079 -481.079
0.00312583 -482.583
0.00324076 -484.076
0.00335558 -485.558
0.0034703 -487.03
0.00358491 -488.491
0.00369942 -489.942
0.00381383 -491.383
0.00392814 -492.814
0.00404236 -494.236
0.00415647 -495.647
0.00427049 -497.049
0.00438442 -498.442
0.00449826 -499.826
0.004612 -501.2
0.00472565 -502.565
0.00483922 -503.922
0.0049527 -505.27
0.00506609 -506.609
0.0051794 -507.94
0.00529262 -509.262
0.00540576 -510.576
0.00551882 -511.882
0.0056318 -513.18
0.0057447 -514.47
0.00585752 -515.752
0.00597026 -517.026
0.00608293 -518.293
0.00619552 -519.552
0.00630804 -520.804
0.00642049 -522.049
0.00653286 -523.286
0.00664516 -524.516
0.00675739 -525.739
0.00686955 -526.955
0.00698165 -528.165
0.00709367 -529.367
0.00720563 -530.563
0.00731752 -531.752
0.00742934 -532.934
0.0075411 -534.11
0.0076528 -535.28
0.00776443 -536.443
0.007876 -537.6
0.00798751 -538.751
0.00809896 -539.896
0.00821034 -541.034
0.00832167 -542.167
0.00843294 -543.294
0.00854415 -544.415
0.0086553 -545.53
0.0087664 -546.64
0.00887743 -547.743
0.00898842 -548.842
0.00909935 -549.935
0.00921022 -551.022
0.00932104 -552.104
0.00943181 -553.181
0.00954252 -554.252
0.00965318 -555.318
0.00976379 -556.379
0.00987435 -557.435
0.00998486 -558.486
0.0100953 -559.532
0.0102057 -560.573
0.0103161 -561.609
0.0104264 -562.64
0.0105367 -563.666
0.0106469 -564.688
0.010757 -565.704
0.0108672 -566.717
0.0109772 -567.724
0.0110873 -568.727
0.0111973 -569.726
0.0113072 -570.72
0.0114171 -571.71
0.011527 -572.695
0.0116368 -573.676
0.0117465 -574.653
0.0118563 -575.625
0.0119659 -576.593
0.0120756 -577.557
0.0121852 -578.517
0.0122947 -579.473
0.0124042 -580.425
0.0125137 -581.372
0.0126232 -582.316
0.0127326 -583.256
0.0128419 -584.192
0.0129512 -585.124
0.0130605 -586.052
0.0131698 -586.976
0.013279 -587.897
0.0133881 -588.814
0.0134973 -589.727
0.0136064 -590.636
0.0137154 -591.542
0.0138244 -592.445
0.0139334 -593.343
0.0140424 -594.238
0.0141513 -595.13
0.0142602 -596.018
0.014369 -596.903
0.0144778 -597.784
0.0145866 -598.662
0.0146954 -599.537
0.0148041 -600.408
0.0149128 -601.276
0.0150214 -602.141
0.01513 -603.002
0.0152386 -603.86
0.0153472 -604.715
0.0154557 -605.567
0.0155642 -606.416
0.0156726 -607.262
0.015781 -608.104
0.0158894 -608.943
0.0159978 -609.78
0.0161061 -610.613
0.0162144 -611.444
0.0163227 -612.271
0.016431 -613.096
0.0165392 -613.917
0.0166474 -614.736
0.0167555 -615.552
0.0168636 -616.365
0.0169717 -617.175
0.0170798 -617.982
0.0171879 -618.787
0.0172959 -619.588
0.0174039 -620.387
0.0175118 -621.184
0.0176198 -621.977
0.0177277 -622.768
0.0178356 -623.556
0.0179434 -624.342
0.0180513 -625.125
0.0181591 -625.905
0.0182668 -626.683
0.0183746 -627.459
0.0184823 -628.231
0.01859 -629.001
0.0186977 -629.769
0.0188053 -630.534
0.018913 -631.297
0.0190206 -632.057
0.0191282 -632.815
0.0192357 -633.571
0.0193432 -634.324
0.0194507 -635.074
0.0195582 -635.823
0.0196657 -636.568
0.0197731 -637.312
0.0198805 -638.053
0.0199879 -638.792
0.0200953 -639.529
0.0202026 -640.263
0.02031 -640.996
0.0204173 -641.726
0.0205245 -642.453
0.0206318 -643.179
0.020739 -643.902
0.0208462 -644.623
0.0209534 -645.342
0.0210606 -646.059
0.0211677 -646.774
0.0212749 -647.486
0.021382 -648.197
0.0214891 -648.905
0.0215961 -649.611
0.0217032 -650.316
0.0218102 -651.018
0.0219172 -651.718
0.0220242 -652.416
0.0221311 -653.112
0.0222381 -653.806
0.022345 -654.499
0.0224519 -655.189
0.0225588 -655.877
0.0226656 -656.563
0.0227725 -657.248
0.0228793 -657.93
0.0229861 -658.61
0.0230929 -659.289
0.0231997 -659.966
0.0233064 -660.641
0.0234131 -661.314
0.0235198 -661.985
0.0236265 -662.654
0.0237332 -663.321
0.0238399 -663.987
0.0239465 -664.651
0.0240531 -665.313
0.0241597 -665.973
0.0242663 -666.632
0.0243729 -667.289
0.0244794 -667.943
0.024586 -668.597
0.0246925 -669.248
0.024799 -669.898
0.0249055 -670.546
0.0250119 -671.192
0.0251184 -671.837
0.0252248 -672.48
0.0253312 -673.122
0.0254376 -673.761
0.025544 -674.399
0.0256504 -675.036
0.0257567 -675.67
0.025863 -676.304
0.0259694 -676.935
0.0260756 -677.565
0.0261819 -678.193
0.0262882 -678.82
0.0263945 -679.445
0.0265007 -680.069
0.0266069 -680.691
0.0267131 -681.311
0.0268193 -681.93
0.0269255 -682.548
0.0270316 -683.164
0.0271378 -683.778
0.0272439 -684.391
0.02735 -685.002
0.0274561 -685.612
0.0275622 -686.221
0.0276683 -686.827
0.0277743 -687.433
0.0278804 -688.037
0.0279864 -688.64
0.0280924 -689.241
0.0281984 -689.84
0.0283044 -690.439
0.0284104 -691.035
0.0285163 -691.631
0.0286222 -692.225
0.0287282 -692.818
0.0288341 -693.409
0.02894 -693.999
0.0290459 -694.587
0.0291517 -695.174
0.0292576 -695.76
0.0293634 -696.344
0.0294693 -696.927
0.0295751 -697.509
0.0296809 -698.09
0.0297867 -698.669
0.0298925 -699.246
0.0299982 -699.823
0.030104 -700.398
0.0302097 -700.972
0.0303154 -701.544
0.0304212 -702.116
0.0305269 -702.686
0.0306325 -703.254
0.0307382 -703.822
0.0308439 -704.388
0.0309495 -704.953
0.0310552 -705.517
0.0311608 -706.079
0.0312664 -706.64
0.031372 -707.2
0.0314776 -707.759
0.0315832 -708.317
0.0316887 -708.873
0.0317943 -709.428
0.0318998 -709.982
0.0320053 -710.535
0.0321109 -711.087
0.0304442 -644.42
0.0287775 -577.753
0.0271109 -511.087
0.0254442 -444.42
0.0237775 -377.753
0.0221109 -311.087
0.0204442 -244.42
0.0187775 -177.753
0.0171109 -111.087
0.0154442 -44.4199
0.0137775 22.2468
0.0121124 88.7605
0.0104672 153.277
0.00887902 212.097
0.00737232 262.768
0.00594623 305.377
0.00458704 341.296
0.00327997 372.003
0.00201309 398.691
0.000777532 422.247
-0.000433194 443.319
-0.00162387 462.387
-0.00279807 479.807
-0.00395853 495.853
-0.00510736 510.736
-0.00624622 524.622
-0.00737645 537.645
-0.00849915 549.915
-0.00961519 561.519
-0.0107253 572.533
-0.0118302 583.018
-0.0129303 593.028
-0.0140261 602.608
-0.015118 611.797
-0.0162063 620.628
-0.0172913 629.132
-0.0183733 637.334
-0.0194526 645.258
-0.0205292 652.923
-0.0216035 660.348
-0.0226755 667.549
-0.0237454 674.541
-0.0248134 681.337
-0.0258795 687.949
-0.0269439 694.388
-0.0280066 700.663
-0.0290679 706.785
-0.0301276 712.761
-0.031186 718.599
-0.0322431 724.305
-0.0332989 729.887
-0.0343535 735.35
-0.035407 740.701
-0.0364594 745.943
-0.0375108 751.083
-0.0385612 756.124
-0.0396107 761.071
-0.0406593 765.927
-0.041707 770.697
-0.0427538 775.383
-0.0410872 708.716
-0.0394205 642.05
-0.0377538 575.383
-0.0360872 508.716
-0.0344205 442.05
-0.0327538 375.383
-0.0310872 308.716
-0.0294205 242.05
-0.0277538 175.383
-0.0260872 108.716
-0.0244205 42.0497
-0.0227538 -24.617
-0.0210887 -91.1307
-0.0194435 -155.647
-0.0178553 -214.467
-0.0163486 -265.138
-0.0149225 -307.747
-0.0135633 -343.666
-0.0122563 -374.373
-0.0109894 -401.061
-0.00975383 -424.617
-0.0085431 -445.69
-0.00735243 -464.757
-0.00617823 -482.177
-0.00501777 -498.223
-0.00386894 -513.106
-0.00273008 -526.992
-0.00159984 -540.016
-0.000477151 -552.285
0.000638893 -563.889
0.00174903 -574.903
0.00285388 -585.388
0.00395398 -595.398
0.00504978 -604.978
0.00614167 -614.167
0.00722998 -622.998
0.00831502 -631.502
0.00939704 -639.704
0.0104763 -647.628
0.0115529 -655.293
0.0126272 -662.718
0.0136992 -669.919
0.0147691 -676.911
0.0158371 -683.707
0.0169032 -690.319
0.0179676 -696.758
0.0190303 -703.034
0.0200916 -709.155
0.0211513 -715.131
0.0222097 -720.969
0.0232668 -726.675
0.0243226 -732.257
0.0253772 -737.721
0.0264307 -743.071
0.0274831 -748.314
0.0285345 -753.453
0.0295849 -758.494
0.0306344 -763.441
0.031683 -768.297
0.0327307 -773.067
0.0337775 -777.753
0.0348236 -782.36
0.0358689 -786.889
0.0369134 -791.344
0.0379573 -795.728
0.0390004 -800.044
0.0400429 -804.292
0.0410848 -808.477
0.042126 -812.6
0.0431666 -816.663
0.0415 -749.996
0.0398333 -683.33
0.0381666 -616.663
0.0365 -549.996
0.0348333 -483.33
0.0331666 -416.663
0.0315 -349.996
0.0298333 -283.33
0.0281666 -216.663
0.0265 -149.996
0.0248333 -83.3296
0.0231666 -16.6629
0.0215 50.0037
0.0198348 116.517
0.0181897 181.034
0.0166015 239.854
0.0150948 290.524
0.0136687 333.134
0.0123095 369.053
0.0110024 399.76
0.00973552 426.448
0.00849996 450.004
0.00728924 471.076
0.00609856 490.144
0.00492436 507.564
0.0037639 523.61
0.00261508 538.492
0.00147621 552.379
0.000345977 565.402
-0.000776716 577.672
-0.00189276 589.276
-0.0030029 600.29
-0.00410775 610.775
-0.00520785 620.785
-0.00630365 630.365
-0.00739554 639.554
-0.00848385 648.385
-0.00956889 656.889
-0.0106509 665.091
-0.0117301 673.015
-0.0128068 680.68
-0.013881 688.105
-0.0149531 695.306
-0.016023 702.298
-0.0170909 709.094
-0.0181571 715.706
-0.0192214 722.145
-0.0202842 728.42
-0.0213454 734.542
-0.0224052 740.518
-0.0234636 746.356
-0.0245206 752.062
-0.0255764 757.644
-0.0266311 763.107
-0.0276846 768.458
-0.028737 773.7
-0.0297884 778.84
-0.0308388 783.881
-0.0318883 788.828
-0.0329368 793.684
-0.0339845 798.454
-0.0350314 803.14
-0.0360775 807.746
-0.0371228 812.276
-0.0381673 816.731
-0.0392112 821.115
-0.0402543 825.43
-0.0412968 829.679
-0.0423386 833.864
-0.0433799 837.987
-0.0444205 842.05
-0.0454605 846.055
-0.0465 850.004
-0.047539 853.898
-0.0485774 857.741
-0.0496153 861.532
-0.0506527 865.273
-0.0516897 868.967
-0.0527261 872.614
-0.0537622 876.216
-0.0520955 809.549
-0.0504288 742.882
-0.0487622 676.216
-0.0470955 609.549
-0.0454288 542.882
-0.0437622 476.216
-0.0420955 409.549
-0.0404288 342.882
-0.0387622 276.216
-0.0370955 209.549
-0.0354288 142.882
-0.0337622 76.2155
-0.0320955 9.54888
-0.0304288 -57.1178
-0.0287637 -123.632
-0.0271185 -188.148
-0.0255303 -246.968
-0.0240236 -297.639
-0.0225975 -340.248
-0.0212383 -376.167
-0.0199313 -406.874
-0.0186644 -433.562
-0.0174288 -457.118
-0.0162181 -478.19
-0.0150274 -497.258
-0.0138532 -514.678
-0.0126928 -530.724
-0.0115439 -545.607
-0.0104051 -559.493
-0.00927484 -572.516
-0.00815214 -584.786
-0.0070361 -596.39
-0.00592596 -607.404
-0.00482111 -617.889
-0.00372101 -627.899
-0.00262521 -637.479
-0.00153332 -646.668
-0.000445008 -655.499
0.00064003 -664.003
0.00172205 -672.205
0.00280129 -680.129
0.00387794 -687.794
0.00495219 -695.219
0.0060242 -702.42
0.00709412 -709.412
0.00816208 -716.208
0.0092282 -722.82
0.0102926 -729.259
0.0113553 -735.534
0.0124166 -741.656
0.0134763 -747.632
0.0145347 -753.47
0.0155918 -759.176
0.0166476 -764.758
0.0177022 -770.221
0.0187557 -775.572
0.0198081 -780.814
0.0208595 -785.954
0.0219099 -790.995
0.0229594 -795.942
0.024008 -800.798
0.0250557 -805.568
0.0261025 -810.254
0.0271486 -814.86
0.0281939 -819.39
0.0292385 -823.845
0.0302823 -828.229
0.0313254 -832.544
0.0323679 -836.793
0.0334098 -840.978
0.034451 -845.101
0.0354916 -849.164
0.0365317 -853.169
0.0375712 -857.118
0.0386101 -861.012
0.0396485 -864.855
0.0406865 -868.646
0.0417239 -872.387
0.0427608 -876.081
0.0437973 -879.728
0.0448333 -883.33
0.0458689 -886.887
0.046904 -890.402
0.0479388 -893.875
0.0489731 -897.308
0.050007 -900.701
0.0510406 -904.056
0.0520737 -907.373
0.0531065 -910.654
0.054139 -913.899
0.0524723 -847.233
0.0508057 -780.566
0.049139 -713.899
0.0474723 -647.233
0.0458057 -580.566
0.044139 -513.899
0.0424723 -447.233
0.0408057 -380.566
0.039139 -313.899
0.0374723 -247.233
0.0358057 -180.566
0.034139 -113.899
0.0324723 -47.2326
0.0308057 19.4341
0.0291405 85.9478
0.0274954 150.464
0.0259072 209.285
0.0244004 259.955
0.0229744 302.564
0.0216152 338.483
0.0203081 369.19
0.0190412 395.878
0.0178057 419.434
0.0165949 440.507
0.0154043 459.574
0.0142301 476.995
0.0130696 493.04
0.0119208 507.923
0.0107819 521.809
0.00965167 534.833
0.00852898 547.102
0.00741294 558.706
0.0063028 569.72
0.00519795 580.205
0.00409785 590.215
0.00300205 599.795
0.00191016 608.984
0.000821845 617.815
-0.000263193 626.319
-0.00134521 634.521
-0.00242445 642.445
-0.0035011 650.11
-0.00457535 657.535
-0.00564736 664.736
-0.00671728 671.728
-0.00778524 678.524
-0.00885136 685.136
-0.00991575 691.575
-0.0109785 697.851
-0.0120397 703.972
-0.0130995 709.948
-0.0141579 715.786
-0.0152149 721.492
-0.0162707 727.074
-0.0173254 732.538
-0.0183789 737.888
-0.0194313 743.131
-0.0204827 748.27
-0.0215331 753.311
-0.0225826 758.258
-0.0236311 763.114
-0.0246788 767.884
-0.0257257 772.57
-0.0267718 777.177
-0.0278171 781.706
-0.0288616 786.162
-0.0299055 790.546
-0.0309486 794.861
-0.0319911 799.11
-0.0330329 803.294
-0.0340742 807.417
-0.0351148 811.48
-0.0361549 815.485
-0.0371943 819.434
-0.0382333 823.329
-0.0392717 827.171
-0.0403096 830.962
-0.041347 834.704
-0.042384 838.397
-0.0434204 842.044
-0.0444565 845.646
-0.045492 849.204
-0.0465272 852.718
-0.0475619 856.192
-0.0485962 859.624
-0.0496302 863.017
-0.0506637 866.372
-0.0516969 869.69
-0.0527297 872.97
-0.0537622 876.216
-0.0547943 879.426
-0.055826 882.603
-0.0568575 885.746
-0.0578886 888.858
-0.0589194 891.937
-0.0599499 894.986
-0.0609801 898.005
-0.0620099 900.995
-0.0630396 903.955
-0.0640689 906.888
-0.0624022 840.221
-0.0607355 773.554
-0.0590689 706.888
-0.0574022 640.221
-0.0557355 573.554
-0.0540689 506.888
-0.0524022 440.221
-0.0507355 373.554
-0.0490689 306.888
-0.0474022 240.221
-0.0457355 173.554
-0.0440689 106.888
-0.0424022 40.221
-0.0407355 -26.4456
-0.0390704 -92.9594
-0.0374252 -157.476
-0.035837 -216.296
-0.0343303 -266.966
-0.0329042 -309.576
-0.0315451 -345.495
-0.030238 -376.202
-0.0289711 -402.89
-0.0277355 -426.446
-0.0265248 -447.518
-0.0253341 -466.586
-0.0241599 -484.006
-0.0229995 -500.052
-0.0218507 -514.934
-0.0207118 -528.821
-0.0195816 -541.844
-0.0184589 -554.114
-0.0173428 -565.718
-0.0162327 -576.732
-0.0151278 -587.217
-0.0140277 -597.227
-0.0129319 -606.807
-0.01184 -615.996
-0.0107517 -624.827
-0.00966669 -633.331
-0.00858467 -641.533
-0.00750544 -649.456
-0.00642878 -657.122
-0.00535453 -664.547
-0.00428252 -671.748
-0.0032126 -678.74
-0.00214464 -685.536
-0.00107852 -692.148
-1.41337e-05 -698.587
0.00104862 -704.862
0.00210984 -710.984
0.0031696 -716.96
0.00422797 -722.797
0.00528504 -728.504
0.00634086 -734.086
0.00739549 -739.549
0.008449 -744.9
0.00950142 -750.142
0.0105528 -755.282
0.0116032 -760.323
0.0126527 -765.269
0.0137013 -770.126
0.014749 -774.895
0.0157958 -779.582
0.0168419 -784.188
0.0178872 -788.718
0.0189317 -793.173
0.0199756 -797.557
0.0210187 -801.872
0.0220612 -806.121
0.0231031 -810.306
0.0241443 -814.429
0.0251849 -818.492
0.026225 -822.497
0.0272645 -826.446
0.0283034 -830.34
0.0293418 -834.182
0.0303797 -837.974
0.0314172 -841.715
0.0324541 -845.409
0.0334906 -849.056
0.0345266 -852.657
0.0355622 -856.215
0.0365973 -859.73
0.037632 -863.203
0.0386664 -866.636
0.0397003 -870.029
0.0407338 -873.384
0.041767 -876.701
0.0427998 -879.982
0.0438323 -883.227
0.0448644 -886.438
0.0458961 -889.614
0.0469276 -892.758
0.0479587 -895.869
0.0489895 -898.949
0.05002 -901.998
0.0510502 -905.017
0.0520801 -908.006
0.0531097 -910.967
0.054139 -913.899
0.055168 -916.804
0.0561968 -919.682
0.0572253 -922.534
0.0582536 -925.36
0.0592816 -928.16
0.0576149 -861.494
0.0559483 -794.827
0.0542816 -728.16
0.0526149 -661.494
0.0509483 -594.827
0.0492816 -528.16
0.0476149 -461.494
0.0459483 -394.827
0.0442816 -328.16
0.0426149 -261.494
0.0409483 -194.827
0.0392816 -128.16
0.0376149 -61.4935
0.0359483 5.17315
0.0342831 71.6869
0.032638 136.204
0.0310498 195.024
0.0295431 245.694
0.028117 288.303
0.0267578 324.222
0.0254507 354.93
0.0241838 381.617
0.0229483 405.173
0.0217375 426.246
0.0205469 445.313
0.0193727 462.734
0.0182122 478.779
0.0170634 493.662
0.0159245 507.548
0.0147943 520.572
0.0136716 532.841
0.0125555 544.445
0.0114454 555.459
0.0103406 565.945
0.00924046 575.954
0.00814466 585.534
0.00705277 594.723
0.00596445 603.555
0.00487942 612.058
0.00379739 620.261
0.00271816 628.184
0.00164151 635.849
0.000567259 643.274
-0.000504753 650.475
-0.00157467 657.467
-0.00264263 664.263
-0.00370875 670.875
-0.00477314 677.314
-0.0058359 683.59
-0.00689711 689.711
