-0.000166667 -0.0001
-0.000333333 -0.0002
-0.000499999 -0.0003
-0.000666664 -0.0004
-0.000833325 -0.0005
-0.00099998 -0.0006
-0.00116662 -0.0007
-0.00133325 -0.0008
-0.00149985 -0.0009
-0.00166641 -0.001
-0.00183292 -0.0011
-0.00199936 -0.0012
-0.00216572 -0.0013
-0.00233196 -0.0014
-0.00249807 -0.0015
-0.002664 -0.0016
-0.00282974 -0.0017
-0.00299524 -0.0018
-0.00316045 -0.0019
-0.00332535 -0.002
-0.00348987 -0.0021
-0.00365398 -0.0022
-0.00381761 -0.0023
-0.00398072 -0.0024
-0.00414326 -0.0025
-0.00430518 -0.0026
-0.00446641 -0.0027
-0.00462692 -0.0028
-0.00478665 -0.0029
-0.00494556 -0.003
-0.0051036 -0.0031
-0.00526075 -0.0032
-0.00541696 -0.0033
-0.00557221 -0.0034
-0.00572647 -0.0035
-0.00587973 -0.0036
-0.00603197 -0.0037
-0.00618319 -0.0038
-0.00633337 -0.0039
-0.00648251 -0.004
-0.00663063 -0.0041
-0.00677772 -0.0042
-0.00692379 -0.0043
-0.00706887 -0.0044
-0.00721296 -0.0045
-0.00735608 -0.0046
-0.00749825 -0.0047
-0.00763948 -0.0048
-0.00777981 -0.0049
-0.00791925 -0.005
-0.00775258 -0.0049
-0.00758592 -0.0048
-0.00741925 -0.0047
-0.00725258 -0.0046
-0.00708592 -0.0045
-0.00691925 -0.0044
-0.00675258 -0.0043
-0.00658592 -0.0042
-0.00641925 -0.0041
-0.00625258 -0.004
-0.00608592 -0.0039
-0.00591925 -0.0038
-0.00575258 -0.0037
-0.00558592 -0.0036
-0.00541925 -0.0035
-0.00525258 -0.0034
-0.00508592 -0.0033
-0.00491925 -0.0032
-0.00475258 -0.0031
-0.00458592 -0.003
-0.00441925 -0.0029
-0.00425258 -0.0028
-0.00408592 -0.0027
-0.00391925 -0.0026
-0.00375258 -0.0025
-0.00358592 -0.0024
-0.00341925 -0.0023
-0.00325258 -0.0022
-0.00308592 -0.0021
-0.00291925 -0.002
-0.00275258 -0.0019
-0.00258592 -0.0018
-0.00241925 -0.0017
-0.00225258 -0.0016
-0.00208592 -0.0015
-0.00191925 -0.0014
-0.00175258 -0.0013
-0.00158592 -0.0012
-0.00141925 -0.0011
-0.00125258 -0.001
-0.00108592 -0.0009
-0.000919251 -0.0008
-0.000752584 -0.0007
-0.000585917 -0.0006
-0.000419251 -0.0005
-0.000252584 -0.0004
-8.5918e-05 -0.0003
8.07466e-05 -0.0002
0.000247408 -0.0001
0.000414063 -2.43945e-19
0.000580706 0.0001
0.000747332 0.0002
0.000913931 0.0003
0.00108049 0.0004
0.001247 0.0005
0.00141345 0.0006
0.0015798 0.0007
0.00174604 0.0008
0.00191215 0.0009
0.00207809 0.001
0.00224382 0.0011
0.00240932 0.0012
0.00257454 0.0013
0.00273943 0.0014
0.00290395 0.0015
0.00306806 0.0016
0.00323169 0.0017
0.00339481 0.0018
0.00355735 0.0019
0.00371926 0.002
0.00388049 0.0021
0.004041 0.0022
0.00420073 0.0023
0.00435964 0.0024
0.00451768 0.0025
0.00467483 0.0026
0.00483104 0.0027
0.00498629 0.0028
0.00514056 0.0029
0.00529381 0.003
0.00544606 0.0031
0.00559727 0.0032
0.00574745 0.0033
0.00589659 0.0034
0.00604471 0.0035
0.0061918 0.0036
0.00633788 0.0037
0.00648295 0.0038
0.00662704 0.0039
0.00677016 0.004
0.00691233 0.0041
0.00705357 0.0042
0.00719389 0.0043
0.00733333 0.0044
0.00747191 0.0045
0.00760964 0.0046
0.00774656 0.0047
0.00788268 0.0048
0.00801802 0.0049
0.00815262 0.005
0.00798595 0.0049
0.00781929 0.0048
0.00765262 0.0047
0.00748595 0.0046
0.00731929 0.0045
0.00715262 0.0044
0.00698595 0.0043
0.00681929 0.0042
0.00665262 0.0041
0.00648595 0.004
0.00631929 0.0039
0.00615262 0.0038
0.00598595 0.0037
0.00581929 0.0036
0.00565262 0.0035
0.00548595 0.0034
0.00531929 0.0033
0.00515262 0.0032
0.00498595 0.0031
0.00481929 0.003
0.00465262 0.0029
0.00448595 0.0028
0.00431929 0.0027
0.00415262 0.0026
0.00398595 0.0025
0.00381929 0.0024
0.00365262 0.0023
0.00348595 0.0022
0.00331929 0.0021
0.00315262 0.002
0.00298595 0.0019
0.00281929 0.0018
0.00265262 0.0017
0.00248595 0.0016
0.00231929 0.0015
0.00215262 0.0014
0.00198595 0.0013
0.00181929 0.0012
0.00165262 0.0011
0.00148595 0.001
0.00131929 0.0009
0.00115262 0.0008
0.000985954 0.0007
0.000819288 0.0006
0.000652621 0.0005
0.000485954 0.0004
0.000319288 0.0003
0.000152621 0.0002
-1.40457e-05 0.0001
-0.000180712 2.30393e-19
-0.000347378 -0.0001
-0.000514043 -0.0002
-0.000680704 -0.0003
-0.000847359 -0.0004
-0.001014 -0.0005
-0.00118063 -0.0006
-0.00134723 -0.0007
-0.00151379 -0.0008
-0.0016803 -0.0009
-0.00184674 -0.001
-0.0020131 -0.0011
-0.00217934 -0.0012
-0.00234544 -0.0013
-0.00251138 -0.0014
-0.00267712 -0.0015
-0.00284261 -0.0016
-0.00300783 -0.0017
-0.00317273 -0.0018
-0.00333725 -0.0019
-0.00350135 -0.002
-0.00366499 -0.0021
-0.0038281 -0.0022
-0.00399064 -0.0023
-0.00415256 -0.0024
-0.00431379 -0.0025
-0.0044743 -0.0026
-0.00463403 -0.0027
-0.00479294 -0.0028
-0.00495098 -0.0029
-0.00510813 -0.003
-0.00526434 -0.0031
-0.00541959 -0.0032
-0.00557385 -0.0033
-0.00572711 -0.0034
-0.00587935 -0.0035
-0.00603056 -0.0036
-0.00618074 -0.0037
-0.00632989 -0.0038
-0.006478 -0.0039
-0.0066251 -0.004
-0.00677117 -0.0041
-0.00691625 -0.0042
-0.00706034 -0.0043
-0.00720346 -0.0044
-0.00734562 -0.0045
-0.00748686 -0.0046
-0.00762719 -0.0047
-0.00776663 -0.0048
-0.00790521 -0.0049
-0.00804294 -0.005
-0.00817985 -0.0051
-0.00831597 -0.0052
-0.00845132 -0.0053
-0.00858592 -0.0054
-0.00871979 -0.0055
-0.00885296 -0.0056
-0.00898544 -0.0057
-0.00911726 -0.0058
-0.00924845 -0.0059
-0.00937901 -0.006
-0.00950897 -0.0061
-0.00963835 -0.0062
-0.00976717 -0.0063
-0.00989544 -0.0064
-0.0100232 -0.0065
-0.0101504 -0.0066
-0.0102772 -0.0067
-0.0104034 -0.0068
-0.0105292 -0.0069
-0.0106546 -0.007
-0.0107795 -0.0071
-0.010904 -0.0072
-0.011028 -0.0073
-0.0111517 -0.0074
-0.011275 -0.0075
-0.0113979 -0.0076
-0.0115205 -0.0077
-0.0116427 -0.0078
-0.0117645 -0.0079
-0.0118861 -0.008
-0.0120073 -0.0081
-0.0121282 -0.0082
-0.0122488 -0.0083
-0.012369 -0.0084
-0.012489 -0.0085
-0.0126088 -0.0086
-0.0127282 -0.0087
-0.0128474 -0.0088
-0.0129663 -0.0089
-0.013085 -0.009
-0.0132034 -0.0091
-0.0133216 -0.0092
-0.0134395 -0.0093
-0.0135572 -0.0094
-0.0136747 -0.0095
-0.013792 -0.0096
-0.0139091 -0.0097
-0.0140259 -0.0098
-0.0141426 -0.0099
-0.0142591 -0.01
-0.0143753 -0.0101
-0.0144914 -0.0102
-0.0146073 -0.0103
-0.0147231 -0.0104
-0.0148386 -0.0105
-0.014954 -0.0106
-0.0150692 -0.0107
-0.0151842 -0.0108
-0.0152991 -0.0109
-0.0154139 -0.011
-0.0155284 -0.0111
-0.0156429 -0.0112
-0.0157571 -0.0113
-0.0158713 -0.0114
-0.0159853 -0.0115
-0.0160991 -0.0116
-0.0162128 -0.0117
-0.0163264 -0.0118
-0.0164399 -0.0119
-0.0165532 -0.012
-0.0166664 -0.0121
-0.0167795 -0.0122
-0.0168925 -0.0123
-0.0170053 -0.0124
-0.017118 -0.0125
-0.0172306 -0.0126
-0.0173431 -0.0127
-0.0174555 -0.0128
-0.0175678 -0.0129
-0.01768 -0.013
-0.0177921 -0.0131
-0.017904 -0.0132
-0.0180159 -0.0133
-0.0181277 -0.0134
-0.0182394 -0.0135
-0.0183509 -0.0136
-0.0184624 -0.0137
-0.0185738 -0.0138
-0.0186851 -0.0139
-0.0187964 -0.014
-0.0189075 -0.0141
-0.0190185 -0.0142
-0.0191295 -0.0143
-0.0192404 -0.0144
-0.0193512 -0.0145
-0.0194619 -0.0146
-0.0195725 -0.0147
-0.0196831 -0.0148
-0.0197935 -0.0149
-0.0199039 -0.015
-0.0197373 -0.0149
-0.0195706 -0.0148
-0.0194039 -0.0147
-0.0192373 -0.0146
-0.0190706 -0.0145
-0.0189039 -0.0144
-0.0187373 -0.0143
-0.0185706 -0.0142
-0.0184039 -0.0141
-0.0182373 -0.014
-0.0180706 -0.0139
-0.0179039 -0.0138
-0.0177373 -0.0137
-0.0175706 -0.0136
-0.0174039 -0.0135
-0.0172373 -0.0134
-0.0170706 -0.0133
-0.0169039 -0.0132
-0.0167373 -0.0131
-0.0165706 -0.013
-0.0164039 -0.0129
-0.0162373 -0.0128
-0.0160706 -0.0127
-0.0159039 -0.0126
-0.0157373 -0.0125
-0.0155706 -0.0124
-0.0154039 -0.0123
-0.0152373 -0.0122
-0.0150706 -0.0121
-0.0149039 -0.012
-0.0147373 -0.0119
-0.0145706 -0.0118
-0.0144039 -0.0117
-0.0142373 -0.0116
-0.0140706 -0.0115
-0.0139039 -0.0114
-0.0137373 -0.0113
-0.0135706 -0.0112
-0.0134039 -0.0111
-0.0132373 -0.011
-0.0130706 -0.0109
-0.0129039 -0.0108
-0.0127373 -0.0107
-0.0125706 -0.0106
-0.0124039 -0.0105
-0.0122373 -0.0104
-0.0120706 -0.0103
-0.0119039 -0.0102
-0.0117373 -0.0101
-0.0115706 -0.01
-0.0114039 -0.0099
-0.0112373 -0.0098
-0.0110706 -0.0097
-0.0109039 -0.0096
-0.0107373 -0.0095
-0.0105706 -0.0094
-0.0104039 -0.0093
-0.0102373 -0.0092
-0.0100706 -0.0091
-0.00990393 -0.009
-0.00973726 -0.0089
-0.0095706 -0.0088
-0.00940393 -0.0087
-0.00923726 -0.0086
-0.0090706 -0.0085
-0.00890393 -0.0084
-0.00873726 -0.0083
-0.0085706 -0.0082
-0.00840393 -0.0081
-0.00823726 -0.008
-0.0080706 -0.0079
-0.00790393 -0.0078
-0.00773726 -0.0077
-0.0075706 -0.0076
-0.00740393 -0.0075
-0.00723726 -0.0074
-0.0070706 -0.0073
-0.00690393 -0.0072
-0.00673727 -0.0071
-0.00657062 -0.007
-0.00640397 -0.0069
-0.00623735 -0.0068
-0.00607075 -0.0067
-0.00590419 -0.0066
-0.00573768 -0.0065
-0.00557123 -0.0064
-0.00540488 -0.0063
-0.00523864 -0.0062
-0.00507253 -0.0061
-0.00490659 -0.006
-0.00474086 -0.0059
-0.00457536 -0.0058
-0.00441014 -0.0057
-0.00424525 -0.0056
-0.00408073 -0.0055
-0.00391662 -0.0054
-0.00375298 -0.0053
-0.00358987 -0.0052
-0.00342733 -0.0051
-0.00326542 -0.005
-0.00310418 -0.0049
-0.00294368 -0.0048
-0.00278395 -0.0047
-0.00262504 -0.0046
-0.00246699 -0.0045
-0.00230985 -0.0044
-0.00215364 -0.0043
-0.00199839 -0.0042
-0.00184412 -0.0041
-0.00169086 -0.004
-0.00153862 -0.0039
-0.00138741 -0.0038
-0.00123723 -0.0037
-0.00108808 -0.0036
-0.00093997 -0.0035
-0.000792878 -0.0034
-0.000646801 -0.0033
-0.000501726 -0.0032
-0.000357637 -0.0031
-0.000214518 -0.003
-7.23502e-05 -0.0029
6.88872e-05 -0.0028
0.000209215 -0.0027
0.000348655 -0.0026
0.000487231 -0.0025
0.000624964 -0.0024
0.000761879 -0.0023
0.000897998 -0.0022
0.00103335 -0.0021
0.00116794 -0.002
0.00130181 -0.0019
0.00143498 -0.0018
0.00156747 -0.0017
0.00169929 -0.0016
0.00183047 -0.0015
0.00196103 -0.0014
0.002091 -0.0013
0.00222038 -0.0012
0.0023492 -0.0011
0.00247747 -0.001
0.00260522 -0.0009
0.00273245 -0.0008
0.00285919 -0.0007
0.00298545 -0.0006
0.00311125 -0.0005
0.00323659 -0.0004
0.0033615 -0.0003
0.00348599 -0.0002
0.00361006 -0.0001
0.00373374 -1.89735e-19
0.00385703 0.0001
0.00397995 0.0002
0.00410251 0.0003
0.00422471 0.0004
0.00434657 0.0005
0.0044681 0.0006
0.0045893 0.0007
0.00471019 0.0008
0.00483078 0.0009
0.00495106 0.001
0.00507106 0.0011
0.00519078 0.0012
0.00531023 0.0013
0.0054294 0.0014
0.00554832 0.0015
0.00566699 0.0016
0.00578541 0.0017
0.00590359 0.0018
0.00602154 0.0019
0.00613926 0.002
0.00625676 0.0021
0.00637404 0.0022
0.00649111 0.0023
0.00660797 0.0024
0.00672464 0.0025
0.0068411 0.0026
0.00695737 0.0027
0.00707346 0.0028
0.00718936 0.0029
0.00730509 0.003
0.00742064 0.0031
0.00753601 0.0032
0.00765122 0.0033
0.00776627 0.0034
0.00788116 0.0035
0.00799589 0.0036
0.00811046 0.0037
0.00822489 0.0038
0.00833917 0.0039
0.0084533 0.004
0.00856729 0.0041
0.00868115 0.0042
0.00879487 0.0043
0.00890845 0.0044
0.00902191 0.0045
0.00913524 0.0046
0.00924844 0.0047
0.00936153 0.0048
0.00947449 0.0049
0.00958733 0.005
0.00970006 0.0051
0.00981267 0.0052
0.00992517 0.0053
0.0100376 0.0054
0.0101498 0.0055
0.010262 0.0056
0.0103741 0.0057
0.0104861 0.0058
0.0105979 0.0059
0.0107097 0.006
0.0108214 0.0061
0.010933 0.0062
0.0110445 0.0063
0.0111559 0.0064
0.0112672 0.0065
0.0113784 0.0066
0.0114895 0.0067
0.0116006 0.0068
0.0117115 0.0069
0.0118224 0.007
0.0119332 0.0071
0.0120439 0.0072
0.0121545 0.0073
0.0122651 0.0074
0.0123756 0.0075
0.012486 0.0076
0.0125963 0.0077
0.0127065 0.0078
0.0128167 0.0079
0.0129268 0.008
0.0130369 0.0081
0.0131468 0.0082
0.0132567 0.0083
0.0133666 0.0084
0.0134763 0.0085
0.013586 0.0086
0.0136957 0.0087
0.0138052 0.0088
0.0139148 0.0089
0.0140242 0.009
0.0141336 0.0091
0.0142429 0.0092
0.0143522 0.0093
0.0144614 0.0094
0.0145706 0.0095
0.0146797 0.0096
0.0147887 0.0097
0.0148977 0.0098
0.0150066 0.0099
0.0151155 0.01
0.0152243 0.0101
0.0153331 0.0102
0.0154418 0.0103
0.0155504 0.0104
0.0156591 0.0105
0.0157676 0.0106
0.0158761 0.0107
0.0159846 0.0108
0.016093 0.0109
0.0162014 0.011
0.0163097 0.0111
0.016418 0.0112
0.0165262 0.0113
0.0166344 0.0114
0.0167425 0.0115
0.0168506 0.0116
0.0169587 0.0117
0.0170667 0.0118
0.0171747 0.0119
0.0172826 0.012
0.0173905 0.0121
0.0174983 0.0122
0.0176061 0.0123
0.0177139 0.0124
0.0178216 0.0125
0.0179293 0.0126
0.0180369 0.0127
0.0181445 0.0128
0.0182521 0.0129
0.0183596 0.013
0.0184671 0.0131
0.0185745 0.0132
0.0186819 0.0133
0.0187893 0.0134
0.0188967 0.0135
0.019004 0.0136
0.0191112 0.0137
0.0192185 0.0138
0.0193257 0.0139
0.0194328 0.014
0.01954 0.0141
0.0196471 0.0142
0.0197541 0.0143
0.0198612 0.0144
0.0199682 0.0145
0.0200751 0.0146
0.0201821 0.0147
0.020289 0.0148
0.0203958 0.0149
0.0205027 0.015
0.020336 0.0149
0.0201694 0.0148
0.0200027 0.0147
0.019836 0.0146
0.0196694 0.0145
0.0195027 0.0144
0.019336 0.0143
0.0191694 0.0142
0.0190027 0.0141
0.018836 0.014
0.0186694 0.0139
0.0185027 0.0138
0.018336 0.0137
0.0181694 0.0136
0.0180027 0.0135
0.017836 0.0134
0.0176694 0.0133
0.0175027 0.0132
0.017336 0.0131
0.0171694 0.013
0.0170027 0.0129
0.016836 0.0128
0.0166694 0.0127
0.0165027 0.0126
0.016336 0.0125
0.0161694 0.0124
0.0160027 0.0123
0.015836 0.0122
0.0156694 0.0121
0.0155027 0.012
0.015336 0.0119
0.0151694 0.0118
0.0150027 0.0117
0.014836 0.0116
0.0146694 0.0115
0.0145027 0.0114
0.014336 0.0113
0.0141694 0.0112
0.0140027 0.0111
0.013836 0.011
0.0136694 0.0109
0.0135027 0.0108
0.013336 0.0107
0.0131694 0.0106
0.0130027 0.0105
0.012836 0.0104
0.0126694 0.0103
0.0125027 0.0102
0.012336 0.0101
0.0121694 0.01
0.0120027 0.0099
0.011836 0.0098
0.0116694 0.0097
0.0115027 0.0096
0.011336 0.0095
0.0111694 0.0094
0.0110027 0.0093
0.010836 0.0092
0.0106694 0.0091
0.0105027 0.009
0.010336 0.0089
0.0101694 0.0088
0.0100027 0.0087
0.00983603 0.0086
0.00966936 0.0085
0.00950269 0.0084
0.00933603 0.0083
0.00916936 0.0082
0.00900269 0.0081
0.00883603 0.008
0.00866936 0.0079
0.00850269 0.0078
0.00833603 0.0077
0.00816936 0.0076
0.00800269 0.0075
0.00783603 0.0074
0.00766936 0.0073
0.00750269 0.0072
0.00733603 0.0071
0.00716936 0.007
0.00700269 0.0069
0.00683603 0.0068
0.00666936 0.0067
0.00650269 0.0066
0.00633603 0.0065
0.00616936 0.0064
0.0060027 0.0063
0.00583603 0.0062
0.00566938 0.0061
0.00550274 0.006
0.00533611 0.0059
0.00516951 0.0058
0.00500295 0.0057
0.00483644 0.0056
0.00467 0.0055
0.00450364 0.0054
0.0043374 0.0053
0.00417129 0.0052
0.00400536 0.0051
0.00383962 0.005
0.00367412 0.0049
0.00350891 0.0048
0.00334401 0.0047
0.00317949 0.0046
0.00301538 0.0045
0.00285175 0.0044
0.00268864 0.0043
0.0025261 0.0042
0.00236418 0.0041
0.00220295 0.004
0.00204244 0.0039
0.00188271 0.0038
0.0017238 0.0037
0.00156576 0.0036
0.00140861 0.0035
0.0012524 0.0034
0.00109715 0.0033
0.000942886 0.0032
0.000789627 0.0031
0.000637386 0.003
0.000486174 0.0029
0.000335994 0.0028
0.000186849 0.0027
3.87334e-05 0.0026
-0.000108358 0.0025
-0.000254435 0.0024
-0.00039951 0.0023
-0.000543599 0.0022
-0.000686718 0.0021
-0.000828886 0.002
-0.000970123 0.0019
-0.00111045 0.0018
-0.00124989 0.0017
-0.00138847 0.0016
-0.0015262 0.0015
-0.00166311 0.0014
-0.00179923 0.0013
-0.00193458 0.0012
-0.00206918 0.0011
-0.00220305 0.001
-0.00233622 0.0009
-0.0024687 0.0008
-0.00260052 0.0007
-0.00273171 0.0006
-0.00286227 0.0005
-0.00299223 0.0004
-0.00312161 0.0003
-0.00325043 0.0002
-0.00337871 0.0001
-0.00350645 1.6263e-19
-0.00363369 -0.0001
-0.00376043 -0.0002
-0.00388669 -0.0003
-0.00401248 -0.0004
-0.00413783 -0.0005
-0.00426274 -0.0006
-0.00438722 -0.0007
-0.0045113 -0.0008
-0.00463498 -0.0009
-0.00475827 -0.001
-0.00488119 -0.0011
-0.00500374 -0.0012
-0.00512595 -0.0013
-0.00524781 -0.0014
-0.00536933 -0.0015
-0.00549054 -0.0016
-0.00561143 -0.0017
-0.00573201 -0.0018
-0.0058523 -0.0019
-0.0059723 -0.002
-0.00609202 -0.0021
-0.00621146 -0.0022
-0.00633064 -0.0023
-0.00644956 -0.0024
-0.00656823 -0.0025
-0.00668665 -0.0026
-0.00680483 -0.0027
-0.00692278 -0.0028
-0.0070405 -0.0029
-0.00715799 -0.003
-0.00727528 -0.0031
-0.00739235 -0.0032
-0.00750921 -0.0033
-0.00762587 -0.0034
-0.00774234 -0.0035
-0.00785861 -0.0036
-0.0079747 -0.0037
-0.0080906 -0.0038
-0.00820632 -0.0039
-0.00832187 -0.004
-0.00843725 -0.0041
-0.00855246 -0.0042
-0.00866751 -0.0043
-0.00878239 -0.0044
-0.00889712 -0.0045
-0.0090117 -0.0046
-0.00912612 -0.0047
-0.0092404 -0.0048
-0.00935454 -0.0049
-0.00946853 -0.005
-0.00958238 -0.0051
-0.0096961 -0.0052
-0.00980969 -0.0053
-0.00992315 -0.0054
-0.0100365 -0.0055
-0.0101497 -0.0056
-0.0102628 -0.0057
-0.0103757 -0.0058
-0.0104886 -0.0059
-0.0106013 -0.006
-0.0107139 -0.0061
-0.0108264 -0.0062
-0.0109388 -0.0063
-0.0110511 -0.0064
-0.0111633 -0.0065
-0.0112753 -0.0066
-0.0113873 -0.0067
-0.0114992 -0.0068
-0.011611 -0.0069
-0.0117226 -0.007
-0.0118342 -0.0071
-0.0119457 -0.0072
-0.0120571 -0.0073
-0.0121684 -0.0074
-0.0122796 -0.0075
-0.0123907 -0.0076
-0.0125018 -0.0077
-0.0126127 -0.0078
-0.0127236 -0.0079
-0.0128344 -0.008
-0.0129451 -0.0081
-0.0130558 -0.0082
-0.0131663 -0.0083
-0.0132768 -0.0084
-0.0133872 -0.0085
-0.0134975 -0.0086
-0.0136078 -0.0087
-0.013718 -0.0088
-0.0138281 -0.0089
-0.0139381 -0.009
-0.0140481 -0.0091
-0.014158 -0.0092
-0.0142678 -0.0093
-0.0143776 -0.0094
-0.0144873 -0.0095
-0.0145969 -0.0096
-0.0147065 -0.0097
-0.014816 -0.0098
-0.0149254 -0.0099
-0.0150348 -0.01
-0.0151442 -0.0101
-0.0152534 -0.0102
-0.0153626 -0.0103
-0.0154718 -0.0104
-0.0155809 -0.0105
-0.0156899 -0.0106
-0.0157989 -0.0107
-0.0159078 -0.0108
-0.0160167 -0.0109
-0.0161255 -0.011
-0.0162343 -0.0111
-0.016343 -0.0112
-0.0164517 -0.0113
-0.0165603 -0.0114
-0.0166689 -0.0115
-0.0167774 -0.0116
-0.0168858 -0.0117
-0.0169943 -0.0118
-0.0171026 -0.0119
-0.017211 -0.012
-0.0173192 -0.0121
-0.0174275 -0.0122
-0.0175356 -0.0123
-0.0176438 -0.0124
-0.0177519 -0.0125
-0.0178599 -0.0126
-0.0179679 -0.0127
-0.0180759 -0.0128
-0.0181838 -0.0129
-0.0182917 -0.013
-0.0183995 -0.0131
-0.0185073 -0.0132
-0.0186151 -0.0133
-0.0187228 -0.0134
-0.0188305 -0.0135
-0.0189381 -0.0136
-0.0190457 -0.0137
-0.0191533 -0.0138
-0.0192608 -0.0139
-0.0193683 -0.014
-0.0194758 -0.0141
-0.0195832 -0.0142
-0.0196906 -0.0143
-0.0197979 -0.0144
-0.0199052 -0.0145
-0.0200125 -0.0146
-0.0201197 -0.0147
-0.0202269 -0.0148
-0.0203341 -0.0149
-0.0204412 -0.015
-0.0205483 -0.0151
-0.0206554 -0.0152
-0.0207624 -0.0153
-0.0208694 -0.0154
-0.0209764 -0.0155
-0.0210833 -0.0156
-0.0211902 -0.0157
-0.0212971 -0.0158
-0.0214039 -0.0159
-0.0215107 -0.016
-0.0216175 -0.0161
-0.0217243 -0.0162
-0.021831 -0.0163
-0.0219377 -0.0164
-0.0220444 -0.0165
-0.022151 -0.0166
-0.0222576 -0.0167
-0.0223642 -0.0168
-0.0224707 -0.0169
-0.0225772 -0.017
-0.0226837 -0.0171
-0.0227902 -0.0172
-0.0228967 -0.0173
-0.0230031 -0.0174
-0.0231095 -0.0175
-0.0232158 -0.0176
-0.0233221 -0.0177
-0.0234285 -0.0178
-0.0235347 -0.0179
-0.023641 -0.018
-0.0237472 -0.0181
-0.0238534 -0.0182
-0.0239596 -0.0183
-0.0240658 -0.0184
-0.0241719 -0.0185
-0.024278 -0.0186
-0.0243841 -0.0187
-0.0244902 -0.0188
-0.0245962 -0.0189
-0.0247022 -0.019
-0.0248082 -0.0191
-0.0249142 -0.0192
-0.0250201 -0.0193
-0.0251261 -0.0194
-0.025232 -0.0195
-0.0253378 -0.0196
-0.0254437 -0.0197
-0.0255495 -0.0198
-0.0256553 -0.0199
-0.0257611 -0.02
-0.0258669 -0.0201
-0.0259727 -0.0202
-0.0260784 -0.0203
-0.0261841 -0.0204
-0.0262898 -0.0205
-0.0263954 -0.0206
-0.0265011 -0.0207
-0.0266067 -0.0208
-0.0267123 -0.0209
-0.0268179 -0.021
-0.0269235 -0.0211
-0.027029 -0.0212
-0.0271346 -0.0213
-0.0272401 -0.0214
-0.0273456 -0.0215
-0.027451 -0.0216
-0.0275565 -0.0217
-0.0276619 -0.0218
-0.0277673 -0.0219
-0.0278727 -0.022
-0.0279781 -0.0221
-0.0280835 -0.0222
-0.0281888 -0.0223
-0.0282941 -0.0224
-0.0283994 -0.0225
-0.0285047 -0.0226
-0.02861 -0.0227
-0.0287152 -0.0228
-0.0288205 -0.0229
-0.0289257 -0.023
-0.0290309 -0.0231
-0.0291361 -0.0232
-0.0292413 -0.0233
-0.0293464 -0.0234
-0.0294515 -0.0235
-0.0295567 -0.0236
-0.0296618 -0.0237
-0.0297668 -0.0238
-0.0298719 -0.0239
-0.029977 -0.024
-0.030082 -0.0241
-0.030187 -0.0242
-0.030292 -0.0243
-0.030397 -0.0244
-0.030502 -0.0245
-0.030607 -0.0246
-0.0307119 -0.0247
-0.0308169 -0.0248
-0.0309218 -0.0249
-0.0310267 -0.025
-0.03086 -0.0249
-0.0306933 -0.0248
-0.0305267 -0.0247
-0.03036 -0.0246
-0.0301933 -0.0245
-0.0300267 -0.0244
-0.02986 -0.0243
-0.0296933 -0.0242
-0.0295267 -0.0241
-0.02936 -0.024
-0.0291933 -0.0239
-0.0290267 -0.0238
-0.02886 -0.0237
-0.0286933 -0.0236
-0.0285267 -0.0235
-0.02836 -0.0234
-0.0281933 -0.0233
-0.0280267 -0.0232
-0.02786 -0.0231
-0.0276933 -0.023
-0.0275267 -0.0229
-0.02736 -0.0228
-0.0271933 -0.0227
-0.0270267 -0.0226
-0.02686 -0.0225
-0.0266933 -0.0224
-0.0265267 -0.0223
-0.02636 -0.0222
-0.0261933 -0.0221
-0.0260267 -0.022
-0.02586 -0.0219
-0.0256933 -0.0218
-0.0255267 -0.0217
-0.02536 -0.0216
-0.0251933 -0.0215
-0.0250267 -0.0214
-0.02486 -0.0213
-0.0246933 -0.0212
-0.0245267 -0.0211
-0.02436 -0.021
-0.0241933 -0.0209
-0.0240267 -0.0208
-0.02386 -0.0207
-0.0236933 -0.0206
-0.0235267 -0.0205
-0.02336 -0.0204
-0.0231933 -0.0203
-0.0230267 -0.0202
-0.02286 -0.0201
-0.0226933 -0.02
-0.0225267 -0.0199
-0.02236 -0.0198
-0.0221933 -0.0197
-0.0220267 -0.0196
-0.02186 -0.0195
-0.0216933 -0.0194
-0.0215267 -0.0193
-0.02136 -0.0192
-0.0211933 -0.0191
-0.0210267 -0.019
-0.02086 -0.0189
-0.0206933 -0.0188
-0.0205267 -0.0187
-0.02036 -0.0186
-0.0201933 -0.0185
-0.0200267 -0.0184
-0.01986 -0.0183
-0.0196933 -0.0182
-0.0195267 -0.0181
-0.01936 -0.018
-0.0191933 -0.0179
-0.0190267 -0.0178
-0.01886 -0.0177
-0.0186933 -0.0176
-0.0185267 -0.0175
-0.01836 -0.0174
-0.0181933 -0.0173
-0.0180267 -0.0172
-0.01786 -0.0171
-0.0176933 -0.017
-0.0175267 -0.0169
-0.01736 -0.0168
-0.0171933 -0.0167
-0.0170267 -0.0166
-0.01686 -0.0165
-0.0166933 -0.0164
-0.0165267 -0.0163
-0.01636 -0.0162
-0.0161933 -0.0161
-0.0160267 -0.016
-0.01586 -0.0159
-0.0156933 -0.0158
-0.0155267 -0.0157
-0.01536 -0.0156
-0.0151933 -0.0155
-0.0150267 -0.0154
-0.01486 -0.0153
-0.0146934 -0.0152
-0.0145268 -0.0151
-0.0143602 -0.015
-0.0141936 -0.0149
-0.0140271 -0.0148
-0.0138606 -0.0147
-0.0136943 -0.0146
-0.013528 -0.0145
-0.0133619 -0.0144
-0.013196 -0.0143
-0.0130303 -0.0142
-0.0128648 -0.0141
-0.0126995 -0.014
-0.0125347 -0.0139
-0.0123701 -0.0138
-0.012206 -0.0137
-0.0120424 -0.0136
-0.0118793 -0.0135
-0.0117167 -0.0134
-0.0115548 -0.0133
-0.0113936 -0.0132
-0.0112331 -0.0131
-0.0110734 -0.013
-0.0109144 -0.0129
-0.0107564 -0.0128
-0.0105993 -0.0127
-0.010443 -0.0126
-0.0102878 -0.0125
-0.0101335 -0.0124
-0.00998027 -0.0123
-0.00982803 -0.0122
-0.00967682 -0.0121
-0.00952664 -0.012
-0.00937749 -0.0119
-0.00922938 -0.0118
-0.00908229 -0.0117
-0.00893621 -0.0116
-0.00879113 -0.0115
-0.00864704 -0.0114
-0.00850393 -0.0113
-0.00836176 -0.0112
-0.00822052 -0.0111
-0.00808019 -0.011
-0.00794075 -0.0109
-0.00780218 -0.0108
-0.00766444 -0.0107
-0.00752753 -0.0106
-0.00739141 -0.0105
-0.00725606 -0.0104
-0.00712146 -0.0103
-0.00698759 -0.0102
-0.00685443 -0.0101
-0.00672194 -0.01
-0.00659012 -0.0099
-0.00645894 -0.0098
-0.00632837 -0.0097
-0.00619841 -0.0096
-0.00606903 -0.0095
-0.00594021 -0.0094
-0.00581194 -0.0093
-0.00568419 -0.0092
-0.00555696 -0.0091
-0.00543022 -0.009
-0.00530396 -0.0089
-0.00517816 -0.0088
-0.00505282 -0.0087
-0.00492791 -0.0086
-0.00480342 -0.0085
-0.00467934 -0.0084
-0.00455567 -0.0083
-0.00443237 -0.0082
-0.00430945 -0.0081
-0.0041869 -0.008
-0.0040647 -0.0079
-0.00394284 -0.0078
-0.00382131 -0.0077
-0.00370011 -0.0076
-0.00357921 -0.0075
-0.00345863 -0.0074
-0.00333834 -0.0073
-0.00321834 -0.0072
-0.00309863 -0.0071
-0.00297918 -0.007
-0.00286 -0.0069
-0.00274108 -0.0068
-0.00262242 -0.0067
-0.002504 -0.0066
-0.00238581 -0.0065
-0.00226787 -0.0064
-0.00215015 -0.0063
-0.00203265 -0.0062
-0.00191537 -0.0061
-0.0017983 -0.006
-0.00168143 -0.0059
-0.00156477 -0.0058
-0.00144831 -0.0057
-0.00133203 -0.0056
-0.00121595 -0.0055
-0.00110004 -0.0054
-0.00098432 -0.0053
-0.000868771 -0.0052
-0.000753394 -0.0051
-0.000638184 -0.005
-0.000523138 -0.0049
-0.000408251 -0.0048
-0.000293522 -0.0047
-0.000178946 -0.0046
-6.45205e-05 -0.0045
4.97581e-05 -0.0044
0.000163893 -0.0043
0.000277886 -0.0042
0.000391741 -0.0041
0.000505461 -0.004
0.000619048 -0.0039
0.000732504 -0.0038
0.000845834 -0.0037
0.000959037 -0.0036
0.00107212 -0.0035
0.00118508 -0.0034
0.00129792 -0.0033
0.00141065 -0.0032
0.00152326 -0.0031
0.00163576 -0.003
0.00174815 -0.0029
0.00186044 -0.0028
0.00197262 -0.0027
0.00208469 -0.0026
0.00219666 -0.0025
0.00230854 -0.0024
0.00242031 -0.0023
0.00253199 -0.0022
0.00264357 -0.0021
0.00275505 -0.002
0.00286645 -0.0019
0.00297776 -0.0018
0.00308897 -0.0017
0.0032001 -0.0016
0.00331114 -0.0015
0.0034221 -0.0014
0.00353298 -0.0013
0.00364377 -0.0012
0.00375448 -0.0011
0.00386511 -0.001
0.00397567 -0.0009
0.00408615 -0.0008
0.00419655 -0.0007
0.00430687 -0.0006
0.00441713 -0.0005
0.00452731 -0.0004
0.00463742 -0.0003
0.00474746 -0.0002
0.00485742 -0.0001
0.00496733 -2.43945e-19
0.00507716 0.0001
0.00518693 0.0002
0.00529663 0.0003
0.00540627 0.0004
0.00551584 0.0005
0.00562535 0.0006
0.0057348 0.0007
0.00584419 0.0008
0.00595352 0.0009
0.00606279 0.001
0.006172 0.0011
0.00628115 0.0012
0.00639024 0.0013
0.00649928 0.0014
0.00660827 0.0015
0.00671719 0.0016
0.00682607 0.0017
0.00693489 0.0018
0.00704366 0.0019
0.00715238 0.002
0.00726104 0.0021
0.00736966 0.0022
0.00747822 0.0023
0.00758673 0.0024
0.0076952 0.0025
0.00780362 0.0026
0.00791199 0.0027
0.00802031 0.0028
0.00812859 0.0029
0.00823682 0.003
0.008345 0.0031
0.00845314 0.0032
0.00856124 0.0033
0.00866929 0.0034
0.0087773 0.0035
0.00888526 0.0036
0.00899318 0.0037
0.00910107 0.0038
0.0092089 0.0039
0.0093167 0.004
0.00942446 0.0041
0.00953218 0.0042
0.00963986 0.0043
0.0097475 0.0044
0.0098551 0.0045
0.00996266 0.0046
0.0100702 0.0047
0.0101777 0.0048
0.0102851 0.0049
0.0103925 0.005
0.0104999 0.0051
0.0106072 0.0052
0.0107146 0.0053
0.0108218 0.0054
0.0109291 0.0055
0.0110363 0.0056
0.0111434 0.0057
0.0112506 0.0058
0.0113577 0.0059
0.0114647 0.006
0.0115718 0.0061
0.0116788 0.0062
0.0117857 0.0063
0.0118927 0.0064
0.0119996 0.0065
0.0121064 0.0066
0.0122133 0.0067
0.0123201 0.0068
0.0124269 0.0069
0.0125336 0.007
0.0126404 0.0071
0.012747 0.0072
0.0128537 0.0073
0.0129603 0.0074
0.013067 0.0075
0.0131735 0.0076
0.0132801 0.0077
0.0133866 0.0078
0.0134931 0.0079
0.0135996 0.008
0.013706 0.0081
0.0138124 0.0082
0.0139188 0.0083
0.0140252 0.0084
0.0141315 0.0085
0.0142378 0.0086
0.0143441 0.0087
0.0144504 0.0088
0.0145566 0.0089
0.0146628 0.009
0.014769 0.0091
0.0148751 0.0092
0.0149813 0.0093
0.0150874 0.0094
0.0151935 0.0095
0.0152995 0.0096
0.0154056 0.0097
0.0155116 0.0098
0.0156176 0.0099
0.0157235 0.01
0.0158295 0.0101
0.0159354 0.0102
0.0160413 0.0103
0.0161472 0.0104
0.016253 0.0105
0.0163589 0.0106
0.0164647 0.0107
0.0165705 0.0108
0.0166763 0.0109
0.016782 0.011
0.0168877 0.0111
0.0169934 0.0112
0.0170991 0.0113
0.0172048 0.0114
0.0173104 0.0115
0.0174161 0.0116
0.0175217 0.0117
0.0176273 0.0118
0.0177328 0.0119
0.0178384 0.012
0.0179439 0.0121
0.0180494 0.0122
0.0181549 0.0123
0.0182604 0.0124
0.0183658 0.0125
0.0184713 0.0126
0.0185767 0.0127
0.0186821 0.0128
0.0187875 0.0129
0.0188928 0.013
0.0189982 0.0131
0.0191035 0.0132
0.0192088 0.0133
0.0193141 0.0134
0.0194193 0.0135
0.0195246 0.0136
0.0196298 0.0137
0.0197351 0.0138
0.0198403 0.0139
0.0199454 0.014
0.0200506 0.0141
0.0201558 0.0142
0.0202609 0.0143
0.020366 0.0144
0.0204711 0.0145
0.0205762 0.0146
0.0206813 0.0147
0.0207863 0.0148
0.0208914 0.0149
0.0209964 0.015
0.0211014 0.0151
0.0212064 0.0152
0.0213114 0.0153
0.0214163 0.0154
0.0215213 0.0155
0.0216262 0.0156
0.0217311 0.0157
0.021836 0.0158
0.0219409 0.0159
0.0220458 0.016
0.0221506 0.0161
0.0222555 0.0162
0.0223603 0.0163
0.0224651 0.0164
0.0225699 0.0165
0.0226747 0.0166
0.0227795 0.0167
0.0228842 0.0168
0.022989 0.0169
0.0230937 0.017
0.0231984 0.0171
0.0233031 0.0172
0.0234078 0.0173
0.0235125 0.0174
0.0236172 0.0175
0.0237218 0.0176
0.0238264 0.0177
0.0239311 0.0178
0.0240357 0.0179
0.0241403 0.018
0.0242449 0.0181
0.0243494 0.0182
0.024454 0.0183
0.0245585 0.0184
0.0246631 0.0185
0.0247676 0.0186
0.0248721 0.0187
0.0249766 0.0188
0.0250811 0.0189
0.0251855 0.019
0.02529 0.0191
0.0253944 0.0192
0.0254989 0.0193
0.0256033 0.0194
0.0257077 0.0195
0.0258121 0.0196
0.0259165 0.0197
0.0260209 0.0198
0.0261252 0.0199
0.0262296 0.02
0.0263339 0.0201
0.0264383 0.0202
0.0265426 0.0203
0.0266469 0.0204
0.0267512 0.0205
0.0268555 0.0206
0.0269598 0.0207
0.027064 0.0208
0.0271683 0.0209
0.0272725 0.021
0.0273768 0.0211
0.027481 0.0212
0.0275852 0.0213
0.0276894 0.0214
0.0277936 0.0215
0.0278977 0.0216
0.0280019 0.0217
0.0281061 0.0218
0.0282102 0.0219
0.0283144 0.022
0.0284185 0.0221
0.0285226 0.0222
0.0286267 0.0223
0.0287308 0.0224
0.0288349 0.0225
0.028939 0.0226
0.029043 0.0227
0.0291471 0.0228
0.0292511 0.0229
0.0293552 0.023
0.0294592 0.0231
0.0295632 0.0232
0.0296672 0.0233
0.0297712 0.0234
0.0298752 0.0235
0.0299792 0.0236
0.0300832 0.0237
0.0301871 0.0238
0.0302911 0.0239
0.030395 0.024
0.030499 0.0241
0.0306029 0.0242
0.0307068 0.0243
0.0308107 0.0244
0.0309146 0.0245
0.0310185 0.0246
0.0311224 0.0247
0.0312262 0.0248
0.0313301 0.0249
0.031434 0.025
0.0297673 0.024
0.0281006 0.023
0.026434 0.022
0.0247673 0.021
0.0231006 0.02
0.021434 0.019
0.0197673 0.018
0.0181006 0.017
0.016434 0.016
0.0147673 0.015
0.0131009 0.014
0.0114419 0.013
0.00982173 0.012
0.00828477 0.011
0.00684804 0.01
0.0054974 0.009
0.00421124 0.008
0.00297198 0.007
0.00176729 0.006
0.00058872 0.005
-0.000569578 0.004
-0.00171176 0.003
-0.00284087 0.002
-0.00395917 0.001
-0.00506838 -1.11022e-16
-0.00616987 -0.001
-0.00726471 -0.002
-0.00835376 -0.003
-0.00943772 -0.004
-0.0105172 -0.005
-0.0115926 -0.006
-0.0126645 -0.007
-0.0137331 -0.008
-0.0147987 -0.009
-0.0158617 -0.01
-0.0169222 -0.011
-0.0179805 -0.012
-0.0190366 -0.013
-0.0200909 -0.014
-0.0211433 -0.015
-0.0221941 -0.016
-0.0232434 -0.017
-0.0242911 -0.018
-0.0253376 -0.019
-0.0263827 -0.02
-0.0274267 -0.021
-0.0284695 -0.022
-0.0295112 -0.023
-0.0305519 -0.024
-0.0315917 -0.025
-0.0326305 -0.026
-0.0336685 -0.027
-0.0347056 -0.028
-0.035742 -0.029
-0.0367776 -0.03
-0.0378125 -0.031
-0.0388467 -0.032
-0.0398802 -0.033
-0.0409131 -0.034
-0.0419454 -0.035
-0.0402788 -0.034
-0.0386121 -0.033
-0.0369454 -0.032
-0.0352788 -0.031
-0.0336121 -0.03
-0.0319454 -0.029
-0.0302788 -0.028
-0.0286121 -0.027
-0.0269454 -0.026
-0.0252788 -0.025
-0.0236121 -0.024
-0.0219457 -0.023
-0.0202867 -0.022
-0.0186665 -0.021
-0.0171296 -0.02
-0.0156928 -0.019
-0.0143422 -0.018
-0.013056 -0.017
-0.0118168 -0.016
-0.0106121 -0.015
-0.00943352 -0.014
-0.00827522 -0.013
-0.00713303 -0.012
-0.00600393 -0.011
-0.00488563 -0.01
-0.00377641 -0.009
-0.00267492 -0.008
-0.00158009 -0.007
-0.000491041 -0.006
0.00059292 -0.005
0.00167238 -0.004
0.00274783 -0.003
0.00381967 -0.002
0.00488827 -0.001
0.00595393 -1.11022e-16
0.00701689 0.001
0.0080774 0.002
0.00913566 0.003
0.0101918 0.004
0.0112461 0.005
0.0122985 0.006
0.0133493 0.007
0.0143986 0.008
0.0154463 0.009
0.0164928 0.01
0.0175379 0.011
0.0185819 0.012
0.0196247 0.013
0.0206664 0.014
0.0217071 0.015
0.0227469 0.016
0.0237857 0.017
0.0248237 0.018
0.0258608 0.019
0.0268972 0.02
0.0279328 0.021
0.0289677 0.022
0.0300019 0.023
0.0310354 0.024
0.0320683 0.025
0.0331006 0.026
0.0341323 0.027
0.0351635 0.028
0.0361941 0.029
0.0372242 0.03
0.0382538 0.031
0.039283 0.032
0.0403116 0.033
0.0413399 0.034
0.0423676 0.035
0.040701 0.034
0.0390343 0.033
0.0373676 0.032
0.035701 0.031
0.0340343 0.03
0.0323676 0.029
0.030701 0.028
0.0290343 0.027
0.0273676 0.026
0.025701 0.025
0.0240343 0.024
0.0223676 0.023
0.0207012 0.022
0.0190423 0.021
0.0174221 0.02
0.0158851 0.019
0.0144484 0.018
0.0130978 0.017
0.0118116 0.016
0.0105723 0.015
0.00936764 0.014
0.00818908 0.013
0.00703078 0.012
0.00588859 0.011
0.00475949 0.01
0.00364119 0.009
0.00253197 0.008
0.00143048 0.007
0.000335645 0.006
-0.0007534 0.005
-0.00183736 0.004
-0.00291682 0.003
-0.00399227 0.002
-0.00506412 0.001
-0.00613271 -1.11022e-16
-0.00719837 -0.001
-0.00826134 -0.002
-0.00932185 -0.003
-0.0103801 -0.004
-0.0114363 -0.005
-0.0124905 -0.006
-0.013543 -0.007
-0.0145938 -0.008
-0.015643 -0.009
-0.0166908 -0.01
-0.0177372 -0.011
-0.0187824 -0.012
-0.0198263 -0.013
-0.0208691 -0.014
-0.0219108 -0.015
-0.0229516 -0.016
-0.0239913 -0.017
-0.0250302 -0.018
-0.0260681 -0.019
-0.0271053 -0.02
-0.0281416 -0.021
-0.0291772 -0.022
-0.0302121 -0.023
-0.0312463 -0.024
-0.0322799 -0.025
-0.0333128 -0.026
-0.0343451 -0.027
-0.0353768 -0.028
-0.0364079 -0.029
-0.0374386 -0.03
-0.0384687 -0.031
-0.0394983 -0.032
-0.0405274 -0.033
-0.0415561 -0.034
-0.0425843 -0.035
-0.0436121 -0.036
-0.0446395 -0.037
-0.0456664 -0.038
-0.046693 -0.039
-0.0477192 -0.04
-0.048745 -0.041
-0.0497705 -0.042
-0.0507956 -0.043
-0.0518204 -0.044
-0.0528449 -0.045
-0.0511782 -0.044
-0.0495115 -0.043
-0.0478449 -0.042
-0.0461782 -0.041
-0.0445115 -0.04
-0.0428449 -0.039
-0.0411782 -0.038
-0.0395115 -0.037
-0.0378449 -0.036
-0.0361782 -0.035
-0.0345115 -0.034
-0.0328449 -0.033
-0.0311785 -0.032
-0.0295195 -0.031
-0.0278993 -0.03
-0.0263624 -0.029
-0.0249256 -0.028
-0.023575 -0.027
-0.0222888 -0.026
-0.0210496 -0.025
-0.0198449 -0.024
-0.0186663 -0.023
-0.017508 -0.022
-0.0163658 -0.021
-0.0152367 -0.02
-0.0141184 -0.019
-0.0130092 -0.018
-0.0119077 -0.017
-0.0108129 -0.016
-0.00972382 -0.015
-0.00863986 -0.014
-0.0075604 -0.013
-0.00648495 -0.012
-0.00541311 -0.011
-0.00434451 -0.01
-0.00327886 -0.009
-0.00221589 -0.008
-0.00115538 -0.007
-9.71251e-05 -0.006
0.000959045 -0.005
0.00201329 -0.004
0.00306575 -0.003
0.00411654 -0.002
0.00516578 -0.001
0.00621356 -1.11022e-16
0.00725999 0.001
0.00830514 0.002
0.00934908 0.003
0.0103919 0.004
0.0114336 0.005
0.0124743 0.006
0.0135141 0.007
0.0145529 0.008
0.0155909 0.009
0.0166281 0.01
0.0176644 0.011
0.0187 0.012
0.0197349 0.013
0.0207691 0.014
0.0218026 0.015
0.0228355 0.016
0.0238678 0.017
0.0248996 0.018
0.0259307 0.019
0.0269613 0.02
0.0279915 0.021
0.0290211 0.022
0.0300502 0.023
0.0310789 0.024
0.0321071 0.025
0.0331349 0.026
0.0341622 0.027
0.0351892 0.028
0.0362158 0.029
0.037242 0.03
0.0382678 0.031
0.0392933 0.032
0.0403184 0.033
0.0413432 0.034
0.0423676 0.035
0.0433918 0.036
0.0444156 0.037
0.0454392 0.038
0.0464624 0.039
0.0474854 0.04
0.0485081 0.041
0.0495305 0.042
0.0505527 0.043
0.0515746 0.044
0.0525963 0.045
0.0509296 0.044
0.049263 0.043
0.0475963 0.042
0.0459296 0.041
0.044263 0.04
0.0425963 0.039
0.0409296 0.038
0.039263 0.037
0.0375963 0.036
0.0359296 0.035
0.034263 0.034
0.0325963 0.033
0.0309299 0.032
0.0292709 0.031
0.0276507 0.03
0.0261138 0.029
0.024677 0.028
0.0233264 0.027
0.0220403 0.026
0.020801 0.025
0.0195963 0.024
0.0184177 0.023
0.0172594 0.022
0.0161172 0.021
0.0149881 0.02
0.0138698 0.019
0.0127606 0.018
0.0116591 0.017
0.0105643 0.016
0.00947525 0.015
0.00839129 0.014
0.00731183 0.013
0.00623638 0.012
0.00516454 0.011
0.00409594 0.01
0.00303028 0.009
0.00196732 0.008
0.000906806 0.007
-0.000151446 0.006
-0.00120762 0.005
-0.00226186 0.004
-0.00331432 0.003
-0.00436511 0.002
-0.00541435 0.001
-0.00646214 -1.11022e-16
-0.00750856 -0.001
-0.00855371 -0.002
-0.00959765 -0.003
-0.0106405 -0.004
-0.0116822 -0.005
-0.0127229 -0.006
-0.0137627 -0.007
-0.0148015 -0.008
-0.0158395 -0.009
-0.0168766 -0.01
-0.017913 -0.011
-0.0189486 -0.012
-0.0199835 -0.013
-0.0210177 -0.014
-0.0220512 -0.015
-0.0230841 -0.016
-0.0241164 -0.017
-0.0251481 -0.018
-0.0261793 -0.019
-0.0272099 -0.02
-0.02824 -0.021
-0.0292696 -0.022
-0.0302988 -0.023
-0.0313274 -0.024
-0.0323556 -0.025
-0.0333834 -0.026
-0.0344108 -0.027
-0.0354378 -0.028
-0.0364643 -0.029
-0.0374905 -0.03
-0.0385164 -0.031
-0.0395418 -0.032
-0.040567 -0.033
-0.0415917 -0.034
-0.0426162 -0.035
-0.0436404 -0.036
-0.0446642 -0.037
-0.0456878 -0.038
-0.046711 -0.039
-0.047734 -0.04
-0.0487567 -0.041
-0.0497791 -0.042
-0.0508013 -0.043
-0.0518232 -0.044
-0.0528449 -0.045
-0.0538663 -0.046
-0.0548875 -0.047
-0.0559084 -0.048
-0.0569292 -0.049
-0.0579497 -0.05
-0.05897 -0.051
-0.0599901 -0.052
-0.06101 -0.053
-0.0620297 -0.054
-0.0630492 -0.055
-0.0613825 -0.054
-0.0597158 -0.053
-0.0580492 -0.052
-0.0563825 -0.051
-0.0547158 -0.05
-0.0530492 -0.049
-0.0513825 -0.048
-0.0497158 -0.047
-0.0480492 -0.046
-0.0463825 -0.045
-0.0447158 -0.044
-0.0430492 -0.043
-0.0413825 -0.042
-0.0397161 -0.041
-0.0380572 -0.04
-0.0364369 -0.039
-0.0349 -0.038
-0.0334633 -0.037
-0.0321126 -0.036
-0.0308265 -0.035
-0.0295872 -0.034
-0.0283825 -0.033
-0.0272039 -0.032
-0.0260456 -0.031
-0.0249035 -0.03
-0.0237743 -0.029
-0.0226561 -0.028
-0.0215468 -0.027
-0.0204453 -0.026
-0.0193505 -0.025
-0.0182615 -0.024
-0.0171775 -0.023
-0.016098 -0.022
-0.0150226 -0.021
-0.0139507 -0.02
-0.0128821 -0.019
-0.0118165 -0.018
-0.0107535 -0.017
-0.00969302 -0.016
-0.00863477 -0.015
-0.0075786 -0.014
-0.00652435 -0.013
-0.0054719 -0.012
-0.0044211 -0.011
-0.00337186 -0.01
-0.00232408 -0.009
-0.00127765 -0.008
-0.000232502 -0.007
0.000811441 -0.006
0.00185425 -0.005
0.00289598 -0.004
0.0039367 -0.003
0.00497645 -0.002
0.0060153 -0.001
0.00705327 -1.11022e-16
0.00809041 0.001
0.00912677 0.002
0.0101624 0.003
0.0111973 0.004
0.0122315 0.005
0.013265 0.006
0.0142979 0.007
0.0153302 0.008
0.0163619 0.009
0.0173931 0.01
0.0184237 0.011
0.0194538 0.012
0.0204834 0.013
0.0215126 0.014
0.0225412 0.015
0.0235694 0.016
0.0245972 0.017
0.0256246 0.018
0.0266516 0.019
0.0276781 0.02
0.0287043 0.021
0.0297301 0.022
0.0307556 0.023
0.0317807 0.024
0.0328055 0.025
0.03383 0.026
0.0348542 0.027
0.035878 0.028
0.0369015 0.029
0.0379248 0.03
0.0389478 0.031
0.0399705 0.032
0.0409929 0.033
0.0420151 0.034
0.043037 0.035
0.0440587 0.036
0.0450801 0.037
0.0461013 0.038
0.0471222 0.039
0.048143 0.04
0.0491635 0.041
0.0501838 0.042
0.0512039 0.043
0.0522238 0.044
0.0532435 0.045
0.054263 0.046
0.0552823 0.047
0.0563014 0.048
0.0573203 0.049
0.0583391 0.05
0.0566724 0.049
0.0550057 0.048
0.0533391 0.047
0.0516724 0.046
0.0500057 0.045
0.0483391 0.044
0.0466724 0.043
0.0450057 0.042
0.0433391 0.041
0.0416724 0.04
0.0400057 0.039
0.0383391 0.038
0.0366724 0.037
0.035006 0.036
0.0333471 0.035
0.0317268 0.034
0.0301899 0.033
0.0287532 0.032
0.0274025 0.031
0.0261164 0.03
0.0248771 0.029
0.0236724 0.028
0.0224938 0.027
0.0213355 0.026
0.0201934 0.025
0.0190642 0.024
0.017946 0.023
0.0168367 0.022
0.0157352 0.021
0.0146404 0.02
0.0135514 0.019
0.0124674 0.018
0.0113879 0.017
0.0103125 0.016
0.00924064 0.015
0.00817205 0.014
0.00710639 0.013
0.00604342 0.012
0.00498291 0.011
0.00392466 0.01
0.00286849 0.009
0.00181425 0.008
0.000761792 0.007
-0.000289 0.006
-0.00133824 0.005
-0.00238603 0.004
-0.00343245 0.003
-0.0044776 0.002
-0.00552154 0.001
-0.00656435 -1.11022e-16
