-0.000166666 6.66664
-0.000333329 13.3329
-0.000499979 19.9979
-0.000666601 26.6601
-0.000833173 33.3173
-0.000999668 39.9668
-0.00116605 46.6052
-0.00133229 53.2288
-0.00149833 59.8331
-0.00166413 66.4134
-0.00182964 72.9643
-0.0019948 79.4804
-0.00215956 85.9559
-0.00232385 92.3848
-0.00248761 98.7612
-0.00265079 105.079
-0.00281333 111.333
-0.00297517 117.517
-0.00313625 123.625
-0.00329654 129.654
-0.00345598 135.598
-0.00361454 141.454
-0.00377217 147.217
-0.00392886 152.886
-0.00408458 158.458
-0.0042393 163.93
-0.00439302 169.302
-0.00454573 174.573
-0.00469743 179.743
-0.0048481 184.81
-0.00499777 189.777
-0.00514644 194.644
-0.00529411 199.411
-0.0054408 204.08
-0.00558654 208.654
-0.00573132 213.132
-0.00587518 217.518
-0.00601813 221.813
-0.0061602 226.02
-0.0063014 230.14
-0.00644176 234.176
-0.0065813 238.13
-0.00672005 242.005
-0.00685802 245.802
-0.00699524 249.524
-0.00713173 253.173
-0.00726751 256.751
-0.0074026 260.26
-0.00753702 263.702
-0.0076708 267.08
-0.00750414 260.414
-0.00733747 253.747
-0.0071708 247.08
-0.00700414 240.414
-0.00683747 233.747
-0.0066708 227.08
-0.00650414 220.414
-0.00633747 213.747
-0.0061708 207.08
-0.00600414 200.414
-0.00583747 193.747
-0.0056708 187.08
-0.00550414 180.414
-0.00533747 173.747
-0.0051708 167.08
-0.00500414 160.414
-0.00483747 153.747
-0.0046708 147.08
-0.00450414 140.414
-0.00433747 133.747
-0.0041708 127.08
-0.00400414 120.414
-0.00383747 113.747
-0.0036708 107.08
-0.00350414 100.414
-0.00333747 93.7469
-0.0031708 87.0803
-0.00300414 80.4136
-0.00283747 73.7469
-0.0026708 67.0803
-0.00250414 60.4136
-0.00233747 53.7469
-0.0021708 47.0803
-0.00200414 40.4136
-0.00183747 33.7469
-0.0016708 27.0803
-0.00150414 20.4136
-0.00133747 13.7469
-0.0011708 7.08027
-0.00100414 0.4136
-0.000837469 -6.25307
-0.000670803 -12.9197
-0.00050414 -19.586
-0.00033749 -26.251
-0.000170868 -32.9132
-4.29645e-06 -39.5704
0.000162198 -46.2198
0.000328583 -52.8583
0.000494819 -59.4819
0.000660862 -66.0862
0.000826664 -72.6664
0.000992174 -79.2174
0.00115733 -85.7335
0.00132209 -92.2089
0.00148638 -98.6379
0.00165014 -105.014
0.00181332 -111.332
0.00197586 -117.586
0.0021377 -123.77
0.00229878 -129.878
0.00245907 -135.907
0.00261851 -141.851
0.00277707 -147.707
0.0029347 -153.47
0.00309139 -159.139
0.00324711 -164.711
0.00340183 -170.183
0.00355555 -175.555
0.00370826 -180.826
0.00385996 -185.996
0.00401064 -191.064
0.0041603 -196.03
0.00430897 -200.897
0.00445664 -205.664
0.00460333 -210.333
0.00474907 -214.907
0.00489385 -219.385
0.00503771 -223.771
0.00518066 -228.066
0.00532273 -232.273
0.00546393 -236.393
0.00560429 -240.429
0.00574384 -244.384
0.00588258 -248.258
0.00602055 -252.055
0.00615777 -255.777
0.00629426 -259.426
0.00643004 -263.004
0.00656513 -266.513
0.00669955 -269.955
0.00683333 -273.333
0.00696649 -276.649
0.00709903 -279.903
0.00723099 -283.099
0.00736238 -286.238
0.00749321 -289.321
0.00762351 -292.351
0.00775328 -295.328
0.00788256 -298.256
0.00801134 -301.134
0.00784467 -294.467
0.00767801 -287.801
0.00751134 -281.134
0.00734467 -274.467
0.00717801 -267.801
0.00701134 -261.134
0.00684467 -254.467
0.00667801 -247.801
0.00651134 -241.134
0.00634467 -234.467
0.00617801 -227.801
0.00601134 -221.134
0.00584467 -214.467
0.00567801 -207.801
0.00551134 -201.134
0.00534467 -194.467
0.00517801 -187.801
0.00501134 -181.134
0.00484467 -174.467
0.00467801 -167.801
0.00451134 -161.134
0.00434467 -154.467
0.00417801 -147.801
0.00401134 -141.134
0.00384467 -134.467
0.00367801 -127.801
0.00351134 -121.134
0.00334467 -114.467
0.00317801 -107.801
0.00301134 -101.134
0.00284467 -94.4674
0.00267801 -87.8007
0.00251134 -81.1341
0.00234467 -74.4674
0.00217801 -67.8007
0.00201134 -61.1341
0.00184467 -54.4674
0.00167801 -47.8007
0.00151134 -41.1341
0.00134467 -34.4674
0.00117801 -27.8007
0.00101134 -21.1341
0.000844674 -14.4674
0.000678007 -7.80074
0.000511341 -1.13407
0.000344674 5.53259
0.000178008 12.1992
1.13448e-05 18.8655
-0.000155305 25.5305
-0.000321927 32.1927
-0.000488499 38.8499
-0.000654994 45.4994
-0.000821378 52.1378
-0.000987614 58.7614
-0.00115366 65.3657
-0.00131946 71.9459
-0.00148497 78.4969
-0.00165013 85.013
-0.00181488 91.4885
-0.00197917 97.9174
-0.00214294 104.294
-0.00230612 110.612
-0.00246865 116.865
-0.00263049 123.049
-0.00279158 129.158
-0.00295186 135.186
-0.00311131 141.131
-0.00326986 146.986
-0.0034275 152.75
-0.00358419 158.419
-0.0037399 163.99
-0.00389463 169.463
-0.00404835 174.835
-0.00420106 180.106
-0.00435275 185.275
-0.00450343 190.343
-0.0046531 195.31
-0.00480176 200.176
-0.00494944 204.944
-0.00509613 209.613
-0.00524186 214.186
-0.00538665 218.665
-0.00553051 223.051
-0.00567346 227.346
-0.00581552 231.552
-0.00595673 235.673
-0.00609709 239.709
-0.00623663 243.663
-0.00637538 247.538
-0.00651335 251.335
-0.00665056 255.056
-0.00678705 258.705
-0.00692283 262.283
-0.00705792 265.792
-0.00719235 269.235
-0.00732613 272.613
-0.00745928 275.928
-0.00759183 279.183
-0.00772378 282.378
-0.00785517 285.517
-0.007986 288.6
-0.0081163 291.63
-0.00824608 294.608
-0.00837535 297.535
-0.00850414 300.414
-0.00863245 303.245
-0.0087603 306.03
-0.0088877 308.77
-0.00901467 311.467
-0.00914122 314.122
-0.00926737 316.737
-0.00939311 319.311
-0.00951847 321.847
-0.00964346 324.346
-0.00976809 326.809
-0.00989236 329.236
-0.0100163 331.628
-0.0101399 333.988
-0.0102631 336.314
-0.0103861 338.609
-0.0105087 340.874
-0.0106311 343.108
-0.0107531 345.313
-0.0108749 347.49
-0.0109964 349.639
-0.0111176 351.76
-0.0112386 353.856
-0.0113593 355.926
-0.0114797 357.971
-0.0115999 359.991
-0.0117199 361.987
-0.0118396 363.961
-0.0119591 365.911
-0.0120784 367.839
-0.0121975 369.746
-0.0123163 371.631
-0.012435 373.496
-0.0125534 375.341
-0.0126717 377.165
-0.0127897 378.971
-0.0129076 380.757
-0.0130252 382.525
-0.0131427 384.275
-0.0132601 386.007
-0.0133772 387.721
-0.0134942 389.419
-0.013611 391.1
-0.0137276 392.765
-0.0138441 394.413
-0.0139605 396.046
-0.0140766 397.664
-0.0141927 399.267
-0.0143085 400.855
-0.0144243 402.428
-0.0145399 403.987
-0.0146553 405.533
-0.0147706 407.064
-0.0148858 408.583
-0.0150009 410.088
-0.0151158 411.58
-0.0152306 413.059
-0.0153453 414.527
-0.0154598 415.981
-0.0155742 417.424
-0.0156886 418.855
-0.0158027 420.275
-0.0159168 421.683
-0.0160308 423.08
-0.0161447 424.466
-0.0162584 425.841
-0.0163721 427.205
-0.0164856 428.559
-0.016599 429.903
-0.0167124 431.236
-0.0168256 432.56
-0.0169387 433.874
-0.0170518 435.178
-0.0171647 436.472
-0.0172776 437.758
-0.0173903 439.034
-0.017503 440.301
-0.0176156 441.559
-0.0177281 442.808
-0.0178405 444.049
-0.0179528 445.281
-0.018065 446.505
-0.0181772 447.72
-0.0182893 448.928
-0.0184013 450.127
-0.0185132 451.318
-0.018625 452.502
-0.0187368 453.678
-0.0188485 454.846
-0.0189601 456.007
-0.0190716 457.161
-0.0191831 458.307
-0.0192945 459.446
-0.0194058 460.578
-0.019517 461.703
-0.0196282 462.821
-0.0194615 456.155
-0.0192949 449.488
-0.0191282 442.821
-0.0189615 436.155
-0.0187949 429.488
-0.0186282 422.821
-0.0184615 416.155
-0.0182949 409.488
-0.0181282 402.821
-0.0179615 396.155
-0.0177949 389.488
-0.0176282 382.821
-0.0174615 376.155
-0.0172949 369.488
-0.0171282 362.821
-0.0169615 356.155
-0.0167949 349.488
-0.0166282 342.821
-0.0164615 336.155
-0.0162949 329.488
-0.0161282 322.821
-0.0159615 316.155
-0.0157949 309.488
-0.0156282 302.821
-0.0154615 296.155
-0.0152949 289.488
-0.0151282 282.821
-0.0149615 276.155
-0.0147949 269.488
-0.0146282 262.821
-0.0144615 256.155
-0.0142949 249.488
-0.0141282 242.821
-0.0139615 236.155
-0.0137949 229.488
-0.0136282 222.821
-0.0134615 216.155
-0.0132949 209.488
-0.0131282 202.821
-0.0129615 196.155
-0.0127949 189.488
-0.0126282 182.821
-0.0124615 176.155
-0.0122949 169.488
-0.0121282 162.821
-0.0119615 156.155
-0.0117949 149.488
-0.0116282 142.821
-0.0114615 136.155
-0.0112949 129.488
-0.0111282 122.821
-0.0109615 116.155
-0.0107949 109.488
-0.0106282 102.821
-0.0104615 96.1546
-0.0102949 89.488
-0.0101282 82.8213
-0.00996155 76.1546
-0.00979488 69.488
-0.00962821 62.8213
-0.00946155 56.1546
-0.00929488 49.488
-0.00912821 42.8213
-0.00896155 36.1546
-0.00879488 29.488
-0.00862821 22.8213
-0.00846155 16.1546
-0.00829488 9.48796
-0.00812821 2.82129
-0.00796155 -3.84537
-0.00779488 -10.512
-0.00762822 -17.1783
-0.00746157 -23.8433
-0.00729495 -30.5055
-0.00712837 -37.1627
-0.00696188 -43.8122
-0.00679549 -50.4506
-0.00662926 -57.0742
-0.00646322 -63.6785
-0.00629741 -70.2587
-0.0061319 -76.8097
-0.00596674 -83.3258
-0.00580199 -89.8012
-0.0056377 -96.2302
-0.00547393 -102.607
-0.00531075 -108.925
-0.00514822 -115.178
-0.00498638 -121.362
-0.00482529 -127.471
-0.00466501 -133.499
-0.00450557 -139.443
-0.00434701 -145.299
-0.00418937 -151.063
-0.00403269 -156.731
-0.00387697 -162.303
-0.00372224 -167.776
-0.00356852 -173.148
-0.00341581 -178.419
-0.00326412 -183.588
-0.00311344 -188.656
-0.00296377 -193.623
-0.00281511 -198.489
-0.00266744 -203.256
-0.00252074 -207.926
-0.00237501 -212.499
-0.00223023 -216.977
-0.00208637 -221.363
-0.00194341 -225.659
-0.00180135 -229.865
-0.00166014 -233.986
-0.00151978 -238.022
-0.00138024 -241.976
-0.0012415 -245.85
-0.00110353 -249.647
-0.000966308 -253.369
-0.00082982 -257.018
-0.000694041 -260.596
-0.000558949 -264.105
-0.000424523 -267.548
-0.000290744 -270.926
-0.000157591 -274.241
-2.50451e-05 -277.495
0.000106912 -280.691
0.000238298 -283.83
0.000369132 -286.913
0.000499429 -289.943
0.000629206 -292.921
0.000758479 -295.848
0.000887264 -298.726
0.00101557 -301.557
0.00114342 -304.342
0.00127083 -307.083
0.0013978 -309.78
0.00152435 -312.435
0.00165049 -315.049
0.00177624 -317.624
0.0019016 -320.16
0.00202659 -322.659
0.00215121 -325.121
0.00227548 -327.548
0.00239941 -329.941
0.002523 -332.3
0.00264627 -334.627
0.00276922 -336.922
0.00289186 -339.186
0.00301421 -341.421
0.00313626 -343.626
0.00325802 -345.802
0.00337951 -347.951
0.00350073 -350.073
0.00362169 -352.169
0.00374239 -354.239
0.00386283 -356.283
0.00398304 -358.304
0.004103 -360.3
0.00422273 -362.273
0.00434224 -364.224
0.00446152 -366.152
0.00458059 -368.059
0.00469944 -369.944
0.00481809 -371.809
0.00493653 -373.653
0.00505478 -375.478
0.00517283 -377.283
0.0052907 -379.07
0.00540838 -380.838
0.00552587 -382.587
0.00564319 -384.319
0.00576034 -386.034
0.00587732 -387.732
0.00599413 -389.413
0.00611077 -391.077
0.00622726 -392.726
0.00634359 -394.359
0.00645977 -395.977
0.00657579 -397.579
0.00669167 -399.167
0.00680741 -400.741
0.006923 -402.3
0.00703845 -403.845
0.00715377 -405.377
0.00726895 -406.895
0.007384 -408.4
0.00749893 -409.893
0.00761372 -411.372
0.00772839 -412.839
0.00784294 -414.294
0.00795737 -415.737
0.00807168 -417.168
0.00818588 -418.588
0.00829996 -419.996
0.00841392 -421.392
0.00852778 -422.778
0.00864153 -424.153
0.00875518 -425.518
0.00886872 -426.872
0.00898215 -428.215
0.00909549 -429.549
0.00920873 -430.873
0.00932186 -432.186
0.0094349 -433.49
0.00954785 -434.785
0.0096607 -436.07
0.00977346 -437.346
0.00988613 -438.613
0.00999872 -439.872
0.0101112 -441.121
0.0102236 -442.362
0.0103359 -443.594
0.0104482 -444.818
0.0105603 -446.033
0.0106724 -447.24
0.0107844 -448.44
0.0108963 -449.631
0.0110081 -450.815
0.0111199 -451.991
0.0112316 -453.159
0.0113432 -454.32
0.0114547 -455.474
0.0115662 -456.62
0.0116776 -457.759
0.0117889 -458.891
0.0119002 -460.016
0.0120113 -461.134
0.0121225 -462.245
0.0122335 -463.35
0.0123445 -464.448
0.0124554 -465.54
0.0125662 -466.625
0.012677 -467.703
0.0127878 -468.776
0.0128984 -469.842
0.013009 -470.902
0.0131196 -471.956
0.01323 -473.005
0.0133405 -474.047
0.0134508 -475.083
0.0135611 -476.114
0.0136714 -477.139
0.0137816 -478.158
0.0138917 -479.172
0.0140018 -480.181
0.0141118 -481.184
0.0142218 -482.181
0.0143317 -483.174
0.0144416 -484.161
0.0145514 -485.143
0.0146612 -486.12
0.0147709 -487.091
0.0148806 -488.058
0.0149902 -489.02
0.0150998 -489.977
0.0152093 -490.929
0.0153188 -491.877
0.0154282 -492.82
0.0155376 -493.758
0.0156469 -494.691
0.0157562 -495.62
0.0158654 -496.544
0.0159746 -497.464
0.0160838 -498.38
0.0161929 -499.291
0.016302 -500.198
0.016411 -501.1
0.01652 -501.999
0.0166289 -502.893
0.0167378 -503.783
0.0168467 -504.669
0.0169555 -505.551
0.0170643 -506.429
0.017173 -507.302
0.0172817 -508.172
0.0173904 -509.038
0.017499 -509.9
0.0176076 -510.759
0.0177161 -511.613
0.0178246 -512.464
0.0179331 -513.311
0.0180415 -514.155
0.0181499 -514.994
0.0182583 -515.831
0.0183666 -516.663
0.0184749 -517.492
0.0185832 -518.318
0.0186914 -519.14
0.0187996 -519.959
0.0189077 -520.774
0.0190159 -521.586
0.0191239 -522.394
0.019232 -523.2
0.01934 -524.001
0.019448 -524.8
0.019556 -525.596
0.0196639 -526.388
0.0197718 -527.177
0.0198796 -527.963
0.0199875 -528.746
0.0200953 -529.526
0.020203 -530.303
0.0203108 -531.076
0.0201441 -524.41
0.0199774 -517.743
0.0198108 -511.076
0.0196441 -504.41
0.0194774 -497.743
0.0193108 -491.076
0.0191441 -484.41
0.0189774 -477.743
0.0188108 -471.076
0.0186441 -464.41
0.0184774 -457.743
0.0183108 -451.076
0.0181441 -444.41
0.0179774 -437.743
0.0178108 -431.076
0.0176441 -424.41
0.0174774 -417.743
0.0173108 -411.076
0.0171441 -404.41
0.0169774 -397.743
0.0168108 -391.076
0.0166441 -384.41
0.0164774 -377.743
0.0163108 -371.076
0.0161441 -364.41
0.0159774 -357.743
0.0158108 -351.076
0.0156441 -344.41
0.0154774 -337.743
0.0153108 -331.076
0.0151441 -324.41
0.0149774 -317.743
0.0148108 -311.076
0.0146441 -304.41
0.0144774 -297.743
0.0143108 -291.076
0.0141441 -284.41
0.0139774 -277.743
0.0138108 -271.076
0.0136441 -264.41
0.0134774 -257.743
0.0133108 -251.076
0.0131441 -244.41
0.0129774 -237.743
0.0128108 -231.076
0.0126441 -224.41
0.0124774 -217.743
0.0123108 -211.076
0.0121441 -204.41
0.0119774 -197.743
0.0118108 -191.076
0.0116441 -184.41
0.0114774 -177.743
0.0113108 -171.076
0.0111441 -164.41
0.0109774 -157.743
0.0108108 -151.076
0.0106441 -144.41
0.0104774 -137.743
0.0103108 -131.076
0.0101441 -124.41
0.00997743 -117.743
0.00981076 -111.076
0.0096441 -104.41
0.00947743 -97.7429
0.00931076 -91.0763
0.0091441 -84.4096
0.00897743 -77.7429
0.00881076 -71.0763
0.0086441 -64.4096
0.00847743 -57.7429
0.00831076 -51.0763
0.0081441 -44.4096
0.00797743 -37.7429
0.00781076 -31.0763
0.0076441 -24.4096
0.00747743 -17.7429
0.00731076 -11.0763
0.0071441 -4.40961
0.00697743 2.25706
0.00681076 8.9237
0.0066441 15.59
0.00647745 22.255
0.00631083 28.9171
0.00614426 35.5743
0.00597776 42.2238
0.00581138 48.8623
0.00564514 55.4859
0.0054791 62.0902
0.0053133 68.6704
0.00514779 75.2213
0.00498263 81.7374
0.00481787 88.2129
0.00465358 94.6419
0.00448982 101.018
0.00432664 107.336
0.0041641 113.59
0.00400226 119.774
0.00384118 125.882
0.00368089 131.911
0.00352145 137.855
0.00336289 143.711
0.00320526 149.474
0.00304857 155.143
0.00289285 160.715
0.00273813 166.187
0.00258441 171.559
0.0024317 176.83
0.00228 182
0.00212932 187.068
0.00197966 192.034
0.00183099 196.901
0.00168332 201.668
0.00153663 206.337
0.00139089 210.911
0.00124611 215.389
0.00110225 219.775
0.000959297 224.07
0.000817231 228.277
0.000676028 232.397
0.000535667 236.433
0.000396125 240.387
0.00025738 244.262
0.00011941 248.059
-1.78086e-05 251.781
-0.000154297 255.43
-0.000290076 259.008
-0.000425168 262.517
-0.000559594 265.959
-0.000693373 269.337
-0.000826526 272.653
-0.000959072 275.907
-0.00109103 279.103
-0.00122242 282.242
-0.00135325 285.325
-0.00148355 288.355
-0.00161332 291.332
-0.0017426 294.26
-0.00187138 297.138
-0.00199969 299.969
-0.00212754 302.754
-0.00225495 305.495
-0.00238192 308.192
-0.00250847 310.847
-0.00263461 313.461
-0.00276036 316.036
-0.00288572 318.572
-0.00301071 321.071
-0.00313533 323.533
-0.0032596 325.96
-0.00338353 328.353
-0.00350712 330.712
-0.00363039 333.039
-0.00375334 335.334
-0.00387598 337.598
-0.00399832 339.832
-0.00412037 342.037
-0.00424214 344.214
-0.00436363 346.363
-0.00448485 348.485
-0.0046058 350.58
-0.0047265 352.65
-0.00484695 354.695
-0.00496715 356.715
-0.00508712 358.712
-0.00520685 360.685
-0.00532636 362.636
-0.00544564 364.564
-0.00556471 366.471
-0.00568356 368.356
-0.00580221 370.221
-0.00592065 372.065
-0.0060389 373.89
-0.00615695 375.695
-0.00627481 377.481
-0.00639249 379.249
-0.00650999 380.999
-0.00662731 382.731
-0.00674446 384.446
-0.00686143 386.143
-0.00697824 387.824
-0.00709489 389.489
-0.00721138 391.138
-0.00732771 392.771
-0.00744388 394.388
-0.00755991 395.991
-0.00767579 397.579
-0.00779152 399.152
-0.00790712 400.712
-0.00802257 402.257
-0.00813789 403.789
-0.00825307 405.307
-0.00836812 406.812
-0.00848304 408.304
-0.00859784 409.784
-0.00871251 411.251
-0.00882706 412.706
-0.00894149 414.149
-0.0090558 415.58
-0.00916999 416.999
-0.00928407 418.407
-0.00939804 419.804
-0.0095119 421.19
-0.00962565 422.565
-0.00973929 423.929
-0.00985283 425.283
-0.00996627 426.627
-0.0100796 427.961
-0.0101928 429.284
-0.010306 430.598
-0.010419 431.902
-0.010532 433.197
-0.0106448 434.482
-0.0107576 435.758
-0.0108703 437.025
-0.0109828 438.283
-0.0110953 439.533
-0.0112077 440.773
-0.0113201 442.006
-0.0114323 443.229
-0.0115444 444.445
-0.0116565 445.652
-0.0117685 446.852
-0.0118804 448.043
-0.0119923 449.227
-0.012104 450.403
-0.0122157 451.571
-0.0123273 452.732
-0.0124389 453.885
-0.0125503 455.031
-0.0126617 456.171
-0.012773 457.303
-0.0128843 458.428
-0.0129955 459.546
-0.0131066 460.657
-0.0132176 461.762
-0.0133286 462.86
-0.0134395 463.951
-0.0135504 465.036
-0.0136612 466.115
-0.0137719 467.188
-0.0138825 468.254
-0.0139931 469.314
-0.0141037 470.368
-0.0142142 471.416
-0.0143246 472.459
-0.0144349 473.495
-0.0145453 474.526
-0.0146555 475.551
-0.0147657 476.57
-0.0148758 477.584
-0.0149859 478.592
-0.015096 479.595
-0.0152059 480.593
-0.0153159 481.585
-0.0154257 482.572
-0.0155355 483.554
-0.0156453 484.531
-0.015755 485.503
-0.0158647 486.47
-0.0159743 487.432
-0.0160839 488.389
-0.0161934 489.341
-0.0163029 490.289
-0.0164123 491.231
-0.0165217 492.169
-0.016631 493.103
-0.0167403 494.032
-0.0168496 494.956
-0.0169588 495.876
-0.0170679 496.792
-0.017177 497.703
-0.0172861 498.61
-0.0173951 499.512
-0.0175041 500.41
-0.017613 501.305
-0.0177219 502.195
-0.0178308 503.081
-0.0179396 503.962
-0.0180484 504.84
-0.0181571 505.714
-0.0182658 506.584
-0.0183745 507.45
-0.0184831 508.312
-0.0185917 509.17
-0.0187003 510.025
-0.0188088 510.876
-0.0189172 511.723
-0.0190257 512.566
-0.0191341 513.406
-0.0192424 514.242
-0.0193507 515.075
-0.019459 515.904
-0.0195673 516.73
-0.0196755 517.552
-0.0197837 518.37
-0.0198919 519.186
-0.02 519.997
-0.0201081 520.806
-0.0202161 521.611
-0.0203241 522.413
-0.0204321 523.212
-0.0205401 524.007
-0.020648 524.8
-0.0207559 525.589
-0.0208637 526.375
-0.0209716 527.158
-0.0210794 527.937
-0.0211871 528.714
-0.0212949 529.488
-0.0214026 530.259
-0.0215103 531.026
-0.0216179 531.791
-0.0217255 532.553
-0.0218331 533.312
-0.0219407 534.068
-0.0220482 534.821
-0.0221557 535.572
-0.0222632 536.32
-0.0223706 537.064
-0.0224781 537.806
-0.0225855 538.546
-0.0226928 539.283
-0.0228002 540.016
-0.0229075 540.748
-0.0230148 541.476
-0.023122 542.202
-0.0232293 542.926
-0.0233365 543.647
-0.0234437 544.365
-0.0235508 545.081
-0.0236579 545.794
-0.023765 546.505
-0.0238721 547.213
-0.0239792 547.919
-0.0240862 548.622
-0.0241932 549.323
-0.0243002 550.022
-0.0244072 550.718
-0.0245141 551.412
-0.024621 552.103
-0.0247279 552.792
-0.0248348 553.479
-0.0249416 554.163
-0.0250485 554.846
-0.0251553 555.526
-0.025262 556.203
-0.0253688 556.879
-0.0254755 557.552
-0.0255822 558.223
-0.0256889 558.892
-0.0257956 559.559
-0.0259022 560.223
-0.0260089 560.886
-0.0261155 561.546
-0.026222 562.204
-0.0263286 562.861
-0.0264351 563.515
-0.0265417 564.167
-0.0266482 564.817
-0.0267546 565.465
-0.0268611 566.111
-0.0269675 566.755
-0.027074 567.397
-0.0271804 568.037
-0.0272867 568.675
-0.0273931 569.311
-0.0274994 569.945
-0.0276058 570.577
-0.0277121 571.207
-0.0278184 571.836
-0.0279246 572.462
-0.0280309 573.087
-0.0281371 573.71
-0.0282433 574.331
-0.0283495 574.95
-0.0284557 575.568
-0.0285618 576.183
-0.028668 576.797
-0.0287741 577.409
-0.0288802 578.019
-0.0289863 578.627
-0.0290923 579.234
-0.0291984 579.839
-0.0293044 580.442
-0.0294104 581.044
-0.0295164 581.644
-0.0296224 582.242
-0.0297284 582.838
-0.0298343 583.433
-0.0299403 584.026
-0.0300462 584.618
-0.0301521 585.208
-0.030258 585.796
-0.0303638 586.383
-0.0304697 586.967
-0.0305755 587.551
-0.0306813 588.133
-0.0307871 588.713
-0.0308929 589.292
-0.0307262 582.625
-0.0305596 575.958
-0.0303929 569.292
-0.0302262 562.625
-0.0300596 555.958
-0.0298929 549.292
-0.0297262 542.625
-0.0295596 535.958
-0.0293929 529.292
-0.0292262 522.625
-0.0290596 515.958
-0.0288929 509.292
-0.0287262 502.625
-0.0285596 495.958
-0.0283929 489.292
-0.0282262 482.625
-0.0280596 475.958
-0.0278929 469.292
-0.0277262 462.625
-0.0275596 455.958
-0.0273929 449.292
-0.0272262 442.625
-0.0270596 435.958
-0.0268929 429.292
-0.0267262 422.625
-0.0265596 415.958
-0.0263929 409.292
-0.0262262 402.625
-0.0260596 395.958
-0.0258929 389.292
-0.0257262 382.625
-0.0255596 375.958
-0.0253929 369.292
-0.0252262 362.625
-0.0250596 355.958
-0.0248929 349.292
-0.0247262 342.625
-0.0245596 335.958
-0.0243929 329.292
-0.0242262 322.625
-0.0240596 315.958
-0.0238929 309.292
-0.0237262 302.625
-0.0235596 295.958
-0.0233929 289.292
-0.0232262 282.625
-0.0230596 275.958
-0.0228929 269.292
-0.0227262 262.625
-0.0225596 255.958
-0.0223929 249.292
-0.0222262 242.625
-0.0220596 235.958
-0.0218929 229.292
-0.0217262 222.625
-0.0215596 215.958
-0.0213929 209.292
-0.0212262 202.625
-0.0210596 195.958
-0.0208929 189.292
-0.0207262 182.625
-0.0205596 175.958
-0.0203929 169.292
-0.0202262 162.625
-0.0200596 155.958
-0.0198929 149.292
-0.0197262 142.625
-0.0195596 135.958
-0.0193929 129.292
-0.0192262 122.625
-0.0190596 115.958
-0.0188929 109.292
-0.0187262 102.625
-0.0185596 95.9583
-0.0183929 89.2916
-0.0182262 82.6249
-0.0180596 75.9583
-0.0178929 69.2916
-0.0177262 62.6249
-0.0175596 55.9583
-0.0173929 49.2916
-0.0172262 42.6249
-0.0170596 35.9583
-0.0168929 29.2916
-0.0167262 22.6249
-0.0165596 15.9583
-0.0163929 9.29161
-0.0162262 2.62494
-0.0160596 -4.04173
-0.0158929 -10.7084
-0.0157263 -17.3746
-0.0155596 -24.0396
-0.015393 -30.7018
-0.0152264 -37.359
-0.0150599 -44.0085
-0.0148935 -50.647
-0.0147273 -57.2705
-0.0145613 -63.8748
-0.0143954 -70.4551
-0.0142299 -77.006
-0.0140648 -83.5221
-0.0139 -89.9976
-0.0137357 -96.4266
-0.013572 -102.803
-0.0134088 -109.121
-0.0132463 -115.375
-0.0130844 -121.558
-0.0129233 -127.667
-0.012763 -133.696
-0.0126036 -139.64
-0.012445 -145.495
-0.0122874 -151.259
-0.0121307 -156.928
-0.011975 -162.499
-0.0118203 -167.972
-0.0116666 -173.344
-0.0115139 -178.615
-0.0113622 -183.784
-0.0112115 -188.852
-0.0110618 -193.819
-0.0109131 -198.685
-0.0107655 -203.453
-0.0106188 -208.122
-0.010473 -212.695
-0.0103283 -217.174
-0.0101844 -221.56
-0.0100415 -225.855
-0.00989938 -230.062
-0.00975818 -234.182
-0.00961782 -238.218
-0.00947828 -242.172
-0.00933953 -246.047
-0.00920156 -249.844
-0.00906434 -253.566
-0.00892786 -257.214
-0.00879208 -260.792
-0.00865699 -264.301
-0.00852256 -267.744
-0.00838878 -271.122
-0.00825563 -274.437
-0.00812308 -277.692
-0.00799112 -280.888
-0.00785974 -284.026
-0.0077289 -287.11
-0.00759861 -290.139
-0.00746883 -293.117
-0.00733956 -296.044
-0.00721077 -298.923
-0.00708246 -301.754
-0.00695461 -304.539
-0.00682721 -307.279
-0.00670024 -309.976
-0.00657368 -312.632
-0.00644754 -315.246
-0.0063218 -317.82
-0.00619643 -320.357
-0.00607145 -322.855
-0.00594682 -325.318
-0.00582255 -327.745
-0.00569863 -330.137
-0.00557503 -332.497
-0.00545177 -334.823
-0.00532882 -337.118
-0.00520617 -339.383
-0.00508383 -341.617
-0.00496178 -343.822
-0.00484001 -345.999
-0.00471852 -348.148
-0.0045973 -350.27
-0.00447635 -352.365
-0.00435565 -354.435
-0.0042352 -356.48
-0.004115 -358.5
-0.00399503 -360.497
-0.0038753 -362.47
-0.0037558 -364.42
-0.00363651 -366.349
-0.00351745 -368.255
-0.00339859 -370.141
-0.00327995 -372.005
-0.0031615 -373.85
-0.00304326 -375.674
-0.0029252 -377.48
-0.00280734 -379.266
-0.00268966 -381.034
-0.00257216 -382.784
-0.00245484 -384.516
-0.0023377 -386.23
-0.00222072 -387.928
-0.00210391 -389.609
-0.00198726 -391.274
-0.00187078 -392.922
-0.00175445 -394.555
-0.00163827 -396.173
-0.00152224 -397.776
-0.00140636 -399.364
-0.00129063 -400.937
-0.00117504 -402.496
-0.00105958 -404.042
-0.000944266 -405.573
-0.000829083 -407.092
-0.000714032 -408.597
-0.00059911 -410.089
-0.000484314 -411.569
-0.000369644 -413.036
-0.000255095 -414.491
-0.000140666 -415.933
-2.63558e-05 -417.364
8.78388e-05 -418.784
0.00020192 -420.192
0.000315888 -421.589
0.000429747 -422.975
0.000543498 -424.35
0.000657142 -425.714
0.000770681 -427.068
0.000884118 -428.412
0.000997453 -429.745
0.00111069 -431.069
0.00122383 -432.383
0.00133687 -433.687
0.00144981 -434.981
0.00156267 -436.267
0.00167543 -437.543
0.0017881 -438.81
0.00190068 -440.068
0.00201317 -441.317
0.00212558 -442.558
0.0022379 -443.79
0.00235014 -445.014
0.00246229 -446.229
0.00257437 -447.437
0.00268636 -448.636
0.00279828 -449.828
0.00291011 -451.011
0.00302187 -452.187
0.00313356 -453.356
0.00324516 -454.516
0.0033567 -455.67
0.00346816 -456.816
0.00357955 -457.955
0.00369087 -459.087
0.00380212 -460.212
0.0039133 -461.33
0.00402442 -462.442
0.00413546 -463.546
0.00424644 -464.644
0.00435736 -465.736
0.00446821 -466.821
0.004579 -467.9
0.00468972 -468.972
0.00480039 -470.039
0.00491099 -471.099
0.00502153 -472.153
0.00513201 -473.201
0.00524243 -474.243
0.0053528 -475.28
0.0054631 -476.31
0.00557335 -477.335
0.00568355 -478.355
0.00579369 -479.369
0.00590377 -480.377
0.0060138 -481.38
0.00612378 -482.378
0.0062337 -483.37
0.00634357 -484.357
0.00645339 -485.339
0.00656316 -486.316
0.00667288 -487.288
0.00678255 -488.255
0.00689216 -489.216
0.00700173 -490.173
0.00711126 -491.126
0.00722073 -492.073
0.00733016 -493.016
0.00743954 -493.954
0.00754887 -494.887
0.00765816 -495.816
0.00776741 -496.741
0.00787661 -497.661
0.00798576 -498.576
0.00809487 -499.487
0.00820394 -500.394
0.00831297 -501.297
0.00842195 -502.195
0.00853089 -503.089
0.00863979 -503.979
0.00874865 -504.865
0.00885747 -505.747
0.00896625 -506.625
0.00907499 -507.499
0.00918369 -508.369
0.00929235 -509.235
0.00940097 -510.097
0.00950955 -510.955
0.0096181 -511.81
0.0097266 -512.66
0.00983508 -513.508
0.00994351 -514.351
0.0100519 -515.191
0.0101603 -516.027
0.0102686 -516.86
0.0103769 -517.689
0.0104851 -518.514
0.0105934 -519.336
0.0107015 -520.155
0.0108097 -520.97
0.0109178 -521.782
0.0110259 -522.591
0.011134 -523.396
0.011242 -524.198
0.01135 -524.997
0.0114579 -525.792
0.0115658 -526.584
0.0116737 -527.373
0.0117816 -528.159
0.0118894 -528.942
0.0119972 -529.722
0.012105 -530.499
0.0122127 -531.273
0.0123204 -532.043
0.0124281 -532.811
0.0125358 -533.576
0.0126434 -534.338
0.012751 -535.097
0.0128585 -535.853
0.0129661 -536.606
0.0130736 -537.357
0.013181 -538.104
0.0132885 -538.849
0.0133959 -539.591
0.0135033 -540.331
0.0136107 -541.067
0.013718 -541.801
0.0138253 -542.532
0.0139326 -543.261
0.0140399 -543.987
0.0141471 -544.711
0.0142543 -545.431
0.0143615 -546.15
0.0144687 -546.866
0.0145758 -547.579
0.0146829 -548.289
0.01479 -548.998
0.014897 -549.704
0.0150041 -550.407
0.0151111 -551.108
0.0152181 -551.806
0.015325 -552.503
0.015432 -553.196
0.0155389 -553.888
0.0156458 -554.577
0.0157526 -555.264
0.0158595 -555.948
0.0159663 -556.63
0.0160731 -557.31
0.0161799 -557.988
0.0162866 -558.664
0.0163934 -559.337
0.0165001 -560.008
0.0166068 -560.677
0.0167134 -561.344
0.0168201 -562.008
0.0169267 -562.671
0.0170333 -563.331
0.0171399 -563.989
0.0172465 -564.645
0.017353 -565.299
0.0174595 -565.951
0.017566 -566.601
0.0176725 -567.249
0.017779 -567.895
0.0178854 -568.539
0.0179918 -569.181
0.0180982 -569.821
0.0182046 -570.459
0.018311 -571.095
0.0184173 -571.73
0.0185236 -572.362
0.0186299 -572.992
0.0187362 -573.621
0.0188425 -574.247
0.0189487 -574.872
0.0190549 -575.495
0.0191612 -576.116
0.0192673 -576.735
0.0193735 -577.352
0.0194797 -577.968
0.0195858 -578.582
0.0196919 -579.193
0.019798 -579.804
0.0199041 -580.412
0.0200102 -581.019
0.0201162 -581.624
0.0202223 -582.227
0.0203283 -582.829
0.0204343 -583.428
0.0205403 -584.027
0.0206462 -584.623
0.0207522 -585.218
0.0208581 -585.811
0.020964 -586.402
0.0210699 -586.992
0.0211758 -587.581
0.0212817 -588.167
0.0213875 -588.752
0.0214934 -589.336
0.0215992 -589.917
0.021705 -590.498
0.0218108 -591.076
0.0219165 -591.653
0.0220223 -592.229
0.022128 -592.803
0.0222338 -593.375
0.0223395 -593.946
0.0224452 -594.516
0.0225508 -595.084
0.0226565 -595.65
0.0227622 -596.215
0.0228678 -596.779
0.0229734 -597.341
0.023079 -597.901
0.0231846 -598.46
0.0232902 -599.018
0.0233957 -599.574
0.0235013 -600.129
0.0236068 -600.683
0.0237123 -601.235
0.0238179 -601.785
0.0239233 -602.334
0.0240288 -602.882
0.0241343 -603.429
0.0242397 -603.974
0.0243452 -604.517
0.0244506 -605.06
0.024556 -605.601
0.0246614 -606.14
0.0247668 -606.679
0.0248722 -607.216
0.0249775 -607.751
0.0250829 -608.286
0.0251882 -608.819
0.0252935 -609.351
0.0253988 -609.881
0.0255041 -610.411
0.0256094 -610.938
0.0257147 -611.465
0.0258199 -611.991
0.0259251 -612.515
0.0260304 -613.038
0.0261356 -613.559
0.0262408 -614.08
0.026346 -614.599
0.0264512 -615.117
0.0265563 -615.634
0.0266615 -616.15
0.0267666 -616.664
0.0268718 -617.177
0.0269769 -617.689
0.027082 -618.2
0.0271871 -618.71
0.0272922 -619.218
0.0273973 -619.726
0.0275023 -620.232
0.0276074 -620.737
0.0277124 -621.241
0.0278174 -621.743
0.0279225 -622.245
0.0280275 -622.746
0.0281324 -623.245
0.0282374 -623.743
0.0283424 -624.24
0.0284474 -624.736
0.0285523 -625.231
0.0286573 -625.725
0.0287622 -626.218
0.0288671 -626.71
0.028972 -627.2
0.0290769 -627.69
0.0291818 -628.178
0.0292867 -628.666
0.0293915 -629.152
0.0294964 -629.637
0.0296012 -630.121
0.029706 -630.605
0.0298109 -631.087
0.0299157 -631.568
0.0300205 -632.048
0.0301253 -632.527
0.0302301 -633.005
0.0303348 -633.482
0.0304396 -633.959
0.0305443 -634.434
0.0306491 -634.908
0.0307538 -635.381
0.0308585 -635.853
0.0309632 -636.324
0.0310679 -636.794
0.0311726 -637.263
0.0312773 -637.732
0.031382 -638.199
0.0297153 -571.532
0.0280487 -504.865
0.026382 -438.199
0.0247153 -371.532
0.0230487 -304.865
0.021382 -238.199
0.0197153 -171.532
0.0180487 -104.865
0.016382 -38.1987
0.0147153 28.4679
0.0130512 94.8811
0.0114188 158.122
0.00986721 213.278
0.00841392 258.608
0.00704452 295.548
0.0057382 326.18
0.00447829 352.171
0.00325304 374.696
0.00205433 394.567
0.000876457 412.354
-0.00028468 428.468
-0.0014321 443.21
-0.00256809 456.809
-0.0036944 469.44
-0.00481242 481.242
-0.00592326 492.326
-0.00702781 502.781
-0.00812681 512.681
-0.00922087 522.087
-0.0103105 531.051
-0.0113962 539.617
-0.0124782 547.822
-0.013557 555.699
-0.0146328 563.275
-0.0157058 570.576
-0.0167762 577.623
-0.0178443 584.434
-0.0189103 591.028
-0.0199742 597.418
-0.0210362 603.62
-0.0220964 609.644
-0.023155 615.502
-0.024212 621.205
-0.0252676 626.761
-0.0263218 632.178
-0.0273746 637.464
-0.0284263 642.626
-0.0294767 647.671
-0.030526 652.604
-0.0315743 657.432
-0.0326216 662.158
-0.0336679 666.788
-0.0347133 671.325
-0.0357578 675.775
-0.0368014 680.141
-0.0378443 684.427
-0.0388863 688.635
-0.0399277 692.769
-0.0409683 696.831
-0.0420083 700.826
-0.0403416 634.159
-0.0386749 567.493
-0.0370083 500.826
-0.0353416 434.159
-0.0336749 367.493
-0.0320083 300.826
-0.0303416 234.159
-0.0286749 167.493
-0.0270083 100.826
-0.0253416 34.1592
-0.0236749 -32.5075
-0.0220108 -98.9207
-0.0203784 -162.161
-0.0188268 -217.317
-0.0173735 -262.648
-0.0160041 -299.588
-0.0146978 -330.22
-0.0134379 -356.21
-0.0122126 -378.735
-0.0110139 -398.606
-0.00983606 -416.394
-0.00867492 -432.507
-0.0075275 -447.25
-0.00639152 -460.848
-0.0052652 -473.48
-0.00414718 -485.282
-0.00303634 -496.366
-0.0019318 -506.82
-0.000832797 -516.72
0.000261265 -526.127
0.00135091 -535.091
0.00243657 -543.657
0.00351862 -551.862
0.00459738 -559.738
0.00567315 -567.315
0.00674616 -574.616
0.00781662 -581.662
0.00888474 -588.474
0.00995067 -595.067
0.0110146 -601.458
0.0120766 -607.659
0.0131368 -613.684
0.0141954 -619.542
0.0152524 -625.245
0.016308 -630.8
0.0173622 -636.217
0.018415 -641.504
0.0194667 -646.666
0.0205171 -651.711
0.0215664 -656.644
0.0226147 -661.471
0.023662 -666.197
0.0247083 -670.827
0.0257536 -675.365
0.0267981 -679.815
0.0278418 -684.181
0.0288847 -688.466
0.0299267 -692.674
0.0309681 -696.808
0.0320087 -700.871
0.0330487 -704.865
0.0340879 -708.794
0.0351266 -712.659
0.0361646 -716.463
0.0372021 -720.208
0.038239 -723.896
0.0392753 -727.529
0.0403111 -731.109
0.0413464 -734.638
0.0423812 -738.117
0.0407145 -671.45
0.0390478 -604.784
0.0373812 -538.117
0.0357145 -471.45
0.0340478 -404.784
0.0323812 -338.117
0.0307145 -271.45
0.0290478 -204.784
0.0273812 -138.117
0.0257145 -71.4503
0.0240478 -4.78363
0.0223812 61.883
0.020717 128.296
0.0190846 191.537
0.0175331 246.693
0.0160798 292.023
0.0147104 328.963
0.013404 359.595
0.0121441 385.586
0.0109189 408.111
0.00972018 427.982
0.00854231 445.769
0.00738117 461.883
0.00623375 476.625
0.00509776 490.224
0.00397145 502.855
0.00285343 514.657
0.00174259 525.741
0.00063804 536.196
-0.000460959 546.096
-0.00155502 555.502
-0.00264466 564.466
-0.00373032 573.032
-0.00481237 581.237
-0.00589114 589.114
-0.0069669 596.69
-0.00803991 603.991
-0.00911038 611.038
-0.0101785 617.849
-0.0112444 624.443
-0.0123083 630.833
-0.0133703 637.035
-0.0144306 643.059
-0.0154892 648.918
-0.0165462 654.62
-0.0176018 660.176
-0.0186559 665.593
-0.0197088 670.879
-0.0207604 676.041
-0.0218109 681.086
-0.0228602 686.019
-0.0239085 690.847
-0.0249557 695.573
-0.026002 700.203
-0.0270474 704.74
-0.0280919 709.19
-0.0291356 713.556
-0.0301784 717.842
-0.0312205 722.05
-0.0322618 726.184
-0.0333025 730.247
-0.0343424 734.241
-0.0353817 738.169
-0.0364203 742.035
-0.0374584 745.838
-0.0384958 749.583
-0.0395327 753.272
-0.040569 756.905
-0.0416048 760.485
-0.0426401 764.014
-0.0436749 767.493
-0.0447092 770.923
-0.0457431 774.308
-0.0467765 777.647
-0.0478094 780.942
-0.0488419 784.195
-0.0498741 787.406
-0.0509058 790.577
-0.0519371 793.71
-0.052968 796.804
-0.0513014 730.138
-0.0496347 663.471
-0.047968 596.804
-0.0463014 530.138
-0.0446347 463.471
-0.042968 396.804
-0.0413014 330.138
-0.0396347 263.471
-0.037968 196.804
-0.0363014 130.138
-0.0346347 63.471
-0.032968 -3.19568
-0.0313039 -69.6089
-0.0296715 -132.849
-0.0281199 -188.006
-0.0266666 -233.336
-0.0252972 -270.276
-0.0239909 -300.908
-0.022731 -326.899
-0.0215058 -349.423
-0.0203071 -369.295
-0.0191292 -387.082
-0.017968 -403.196
-0.0168206 -417.938
-0.0156846 -431.537
-0.0145583 -444.168
-0.0134403 -455.97
-0.0123295 -467.054
-0.0112249 -477.509
-0.0101259 -487.409
-0.00903185 -496.815
-0.00794221 -505.779
-0.00685655 -514.345
-0.0057745 -522.55
-0.00469573 -530.427
-0.00361997 -538.003
-0.00254696 -545.304
-0.0014765 -552.35
-0.000408382 -559.162
0.000657554 -565.755
0.00172146 -572.146
0.00278347 -578.347
0.00384372 -584.372
0.0049023 -590.23
0.00595933 -595.933
0.00701488 -601.488
0.00806905 -606.905
0.00912192 -612.192
0.0101735 -617.354
0.011224 -622.399
0.0122733 -627.332
0.0133216 -632.159
0.0143689 -636.885
0.0154152 -641.515
0.0164605 -646.053
0.017505 -650.503
0.0185487 -654.869
0.0195915 -659.154
0.0206336 -663.362
0.021675 -667.496
0.0227156 -671.559
0.0237555 -675.554
0.0247948 -679.482
0.0258335 -683.347
0.0268715 -687.151
0.027909 -690.896
0.0289458 -694.584
0.0299822 -698.217
0.031018 -701.797
0.0320533 -705.326
0.0330881 -708.805
0.0341224 -712.236
0.0351562 -715.62
0.0361896 -718.959
0.0372225 -722.255
0.0382551 -725.507
0.0392872 -728.719
0.0403189 -731.89
0.0413502 -735.022
0.0423812 -738.117
0.0434117 -741.175
0.044442 -744.196
0.0454718 -747.183
0.0465014 -750.136
0.0475306 -753.056
0.0485594 -755.944
0.049588 -758.8
0.0506163 -761.625
0.0516442 -764.421
0.0526719 -767.187
0.0510052 -700.52
0.0493385 -633.854
0.0476719 -567.187
0.0460052 -500.52
0.0443385 -433.854
0.0426719 -367.187
0.0410052 -300.52
0.0393385 -233.854
0.0376719 -167.187
0.0360052 -100.52
0.0343385 -33.8536
0.0326719 32.813
0.0310077 99.2262
0.0293753 162.467
0.0278238 217.623
0.0263705 262.953
0.0250011 299.893
0.0236947 330.525
0.0224348 356.516
0.0212096 379.041
0.0200109 398.912
0.018833 416.699
0.0176719 432.813
0.0165244 447.555
0.0153885 461.154
0.0142621 473.785
0.0131441 485.587
0.0120333 496.671
0.0109287 507.126
0.00982974 517.026
0.00873568 526.432
0.00764604 535.396
0.00656038 543.962
0.00547833 552.167
0.00439956 560.044
0.0033238 567.62
0.00225079 574.921
0.00118032 581.968
0.000112208 588.779
-0.000953727 595.373
-0.00201763 601.763
-0.00307965 607.965
-0.00413989 613.989
-0.00519848 619.848
-0.0062555 625.55
-0.00731106 631.106
-0.00836523 636.523
-0.00941809 641.809
-0.0104697 646.971
-0.0115202 652.016
-0.0125695 656.949
-0.0136178 661.777
-0.014665 666.503
-0.0157113 671.133
-0.0167567 675.67
-0.0178012 680.12
-0.0188449 684.486
-0.0198877 688.772
-0.0209298 692.98
-0.0219711 697.114
-0.0230118 701.177
-0.0240517 705.171
-0.025091 709.099
-0.0261296 712.965
-0.0271677 716.768
-0.0282051 720.513
-0.029242 724.202
-0.0302783 727.835
-0.0313141 731.415
-0.0323494 734.944
-0.0333842 738.423
-0.0344185 741.853
-0.0354524 745.238
-0.0364858 748.577
-0.0375187 751.872
-0.0385512 755.125
-0.0395834 758.336
-0.0406151 761.507
-0.0416464 764.64
-0.0426773 767.734
-0.0437079 770.792
-0.0447381 773.814
-0.045768 776.801
-0.0467975 779.754
-0.0478267 782.673
-0.0488556 785.561
-0.0498842 788.417
-0.0509124 791.243
-0.0519404 794.038
-0.052968 796.804
-0.0539954 799.542
-0.0550225 802.252
-0.0560493 804.935
-0.0570759 807.591
-0.0581022 810.221
-0.0591283 812.826
-0.0601541 815.406
-0.0611796 817.961
-0.0622049 820.493
-0.06323 823.002
-0.0615634 756.335
-0.0598967 689.669
-0.05823 623.002
-0.0565634 556.335
-0.0548967 489.669
-0.05323 423.002
-0.0515634 356.335
-0.0498967 289.669
-0.04823 223.002
-0.0465634 156.335
-0.0448967 89.6686
-0.04323 23.0019
-0.0415634 -43.6647
-0.0398992 -110.078
-0.0382668 -173.318
-0.0367152 -228.475
-0.0352619 -273.805
-0.0338925 -310.745
-0.0325862 -341.377
-0.0313263 -367.368
-0.0301011 -389.893
-0.0289024 -409.764
-0.0277245 -427.551
-0.0265634 -443.665
-0.0254159 -458.407
-0.0242799 -472.006
-0.0231536 -484.637
-0.0220356 -496.439
-0.0209248 -507.523
-0.0198202 -517.978
-0.0187212 -527.878
-0.0176272 -537.284
-0.0165375 -546.248
-0.0154519 -554.814
-0.0143698 -563.019
-0.013291 -570.896
-0.0122153 -578.472
-0.0111423 -585.773
-0.0100718 -592.819
-0.00900369 -599.631
-0.00793776 -606.224
-0.00687385 -612.615
-0.00581184 -618.816
-0.00475159 -624.841
-0.00369301 -630.699
-0.00263598 -636.402
-0.00158043 -641.957
-0.000526255 -647.374
0.000526607 -652.661
0.00157823 -657.823
0.00262868 -662.868
0.00367801 -667.801
0.00472628 -672.628
0.00577354 -677.354
0.00681984 -681.984
0.00786522 -686.522
0.00890972 -690.972
0.00995338 -695.338
0.0109962 -699.623
0.0120383 -703.831
0.0130797 -707.965
0.0141203 -712.028
0.0151602 -716.023
0.0161995 -719.951
0.0172382 -723.816
0.0182762 -727.62
0.0193137 -731.365
0.0203505 -735.053
0.0213869 -738.686
0.0224227 -742.267
0.023458 -745.795
0.0244927 -749.274
0.0255271 -752.705
0.0265609 -756.089
0.0275943 -759.428
0.0286272 -762.724
0.0296598 -765.976
0.0306919 -769.188
0.0317236 -772.359
0.0327549 -775.492
0.0337859 -778.586
0.0348164 -781.644
0.0358467 -784.665
0.0368765 -787.652
0.0379061 -790.605
0.0389353 -793.525
0.0399641 -796.413
0.0409927 -799.269
0.0420209 -802.094
0.0430489 -804.89
0.0440766 -807.656
0.0451039 -810.394
0.046131 -813.104
0.0471579 -815.786
0.0481844 -818.443
0.0492107 -821.073
0.0502368 -823.678
0.0512626 -826.258
0.0522881 -828.813
0.0533135 -831.345
0.0543385 -833.854
0.0553634 -836.339
0.056388 -838.803
0.0574124 -841.245
0.0584366 -843.665
0.05677 -776.998
0.0551033 -710.331
0.0534366 -643.665
0.05177 -576.998
0.0501033 -510.331
0.0484366 -443.665
0.04677 -376.998
0.0451033 -310.331
0.0434366 -243.665
0.04177 -176.998
0.0401033 -110.331
0.0384366 -43.6647
0.03677 23.0019
0.0351058 89.4151
0.0334734 152.656
0.0319219 207.812
0.0304686 253.142
0.0290992 290.082
0.0277929 320.714
0.026533 346.705
0.0253077 369.23
0.024109 389.101
0.0229311 406.888
0.02177 423.002
0.0206226 437.744
0.0194866 451.343
0.0183603 463.974
0.0172422 475.776
0.0161314 486.86
0.0150269 497.315
0.0139279 507.215
0.0128338 516.621
0.0117441 525.585
0.0106585 534.151
0.00957644 542.356
0.00849767 550.233
0.00742191 557.809
0.0063489 565.11
0.00527843 572.157
0.00421032 578.968
0.00314438 585.562
0.00208048 591.952
0.00101846 598.154
-4.17808e-05 604.178
-0.00110036 610.036
-0.00215739 615.739
-0.00321295 621.295
-0.00426712 626.712
-0.00531998 631.998
-0.0063716 637.16
