-0.000166666 -0.0001
-0.00033333 -0.0002
-0.000499983 -0.0003
-0.000666614 -0.0004
-0.000833205 -0.0005
-0.000999734 -0.0006
-0.00116617 -0.0007
-0.0013325 -0.0008
-0.00149866 -0.0009
-0.00166463 -0.001
-0.00183037 -0.0011
-0.00199582 -0.0012
-0.00216094 -0.0013
-0.00232568 -0.0014
-0.00248999 -0.0015
-0.00265382 -0.0016
-0.00281711 -0.0017
-0.00297982 -0.0018
-0.00314189 -0.0019
-0.00330328 -0.002
-0.00346395 -0.0021
-0.00362385 -0.0022
-0.00378296 -0.0023
-0.00394123 -0.0024
-0.00409863 -0.0025
-0.00425516 -0.0026
-0.00441077 -0.0027
-0.00456547 -0.0028
-0.00471923 -0.0029
-0.00487206 -0.003
-0.00502394 -0.0031
-0.00517488 -0.0032
-0.00532488 -0.0033
-0.00547395 -0.0034
-0.00562209 -0.0035
-0.00576932 -0.0036
-0.00591564 -0.0037
-0.00606107 -0.0038
-0.00620563 -0.0039
-0.00634934 -0.004
-0.0064922 -0.0041
-0.00663425 -0.0042
-0.00677549 -0.0043
-0.00691595 -0.0044
-0.00705564 -0.0045
-0.0071946 -0.0046
-0.00733282 -0.0047
-0.00747034 -0.0048
-0.00760717 -0.0049
-0.00774334 -0.005
-0.00757667 -0.0049
-0.00741001 -0.0048
-0.00724334 -0.0047
-0.00707667 -0.0046
-0.00691001 -0.0045
-0.00674334 -0.0044
-0.00657667 -0.0043
-0.00641001 -0.0042
-0.00624334 -0.0041
-0.00607667 -0.004
-0.00591001 -0.0039
-0.00574334 -0.0038
-0.00557667 -0.0037
-0.00541001 -0.0036
-0.00524334 -0.0035
-0.00507667 -0.0034
-0.00491001 -0.0033
-0.00474334 -0.0032
-0.00457667 -0.0031
-0.00441001 -0.003
-0.00424334 -0.0029
-0.00407667 -0.0028
-0.00391001 -0.0027
-0.00374334 -0.0026
-0.00357667 -0.0025
-0.00341001 -0.0024
-0.00324334 -0.0023
-0.00307667 -0.0022
-0.00291001 -0.0021
-0.00274334 -0.002
-0.00257667 -0.0019
-0.00241001 -0.0018
-0.00224334 -0.0017
-0.00207667 -0.0016
-0.00191001 -0.0015
-0.00174334 -0.0014
-0.00157667 -0.0013
-0.00141001 -0.0012
-0.00124334 -0.0011
-0.00107667 -0.001
-0.000910007 -0.0009
-0.00074334 -0.0008
-0.000576673 -0.0007
-0.00041001 -0.0006
-0.000243357 -0.0005
-7.67258e-05 -0.0004
8.98651e-05 -0.0003
0.000256394 -0.0002
0.000422835 -0.0001
0.000589156 -2.43945e-19
0.000755322 0.0001
0.000921294 0.0002
0.00108703 0.0003
0.00125248 0.0004
0.0014176 0.0005
0.00158234 0.0006
0.00174665 0.0007
0.00191048 0.0008
0.00207377 0.0009
0.00223648 0.001
0.00239855 0.0011
0.00255994 0.0012
0.00272061 0.0013
0.00288051 0.0014
0.00303962 0.0015
0.00319789 0.0016
0.00335529 0.0017
0.00351182 0.0018
0.00366743 0.0019
0.00382213 0.002
0.00397589 0.0021
0.00412872 0.0022
0.0042806 0.0023
0.00443154 0.0024
0.00458154 0.0025
0.00473061 0.0026
0.00487875 0.0027
0.00502598 0.0028
0.0051723 0.0029
0.00531773 0.003
0.00546229 0.0031
0.005606 0.0032
0.00574886 0.0033
0.00589091 0.0034
0.00603215 0.0035
0.00617261 0.0036
0.0063123 0.0037
0.00645126 0.0038
0.00658948 0.0039
0.006727 0.004
0.00686383 0.0041
0.007 0.0042
0.00713552 0.0043
0.0072704 0.0044
0.00740467 0.0045
0.00753835 0.0046
0.00767144 0.0047
0.00780397 0.0048
0.00793596 0.0049
0.00806741 0.005
0.00790075 0.0049
0.00773408 0.0048
0.00756741 0.0047
0.00740075 0.0046
0.00723408 0.0045
0.00706741 0.0044
0.00690075 0.0043
0.00673408 0.0042
0.00656741 0.0041
0.00640075 0.004
0.00623408 0.0039
0.00606741 0.0038
0.00590075 0.0037
0.00573408 0.0036
0.00556741 0.0035
0.00540075 0.0034
0.00523408 0.0033
0.00506741 0.0032
0.00490075 0.0031
0.00473408 0.003
0.00456741 0.0029
0.00440075 0.0028
0.00423408 0.0027
0.00406741 0.0026
0.00390075 0.0025
0.00373408 0.0024
0.00356741 0.0023
0.00340075 0.0022
0.00323408 0.0021
0.00306741 0.002
0.00290075 0.0019
0.00273408 0.0018
0.00256741 0.0017
0.00240075 0.0016
0.00223408 0.0015
0.00206741 0.0014
0.00190075 0.0013
0.00173408 0.0012
0.00156741 0.0011
0.00140075 0.001
0.00123408 0.0009
0.00106741 0.0008
0.000900747 0.0007
0.00073408 0.0006
0.000567414 0.0005
0.000400747 0.0004
0.00023408 0.0003
6.7414e-05 0.0002
-9.92496e-05 0.0001
-0.000265903 2.43945e-19
-0.000432534 -0.0001
-0.000599124 -0.0002
-0.000765654 -0.0003
-0.000932094 -0.0004
-0.00109842 -0.0005
-0.00126458 -0.0006
-0.00143055 -0.0007
-0.00159629 -0.0008
-0.00176174 -0.0009
-0.00192686 -0.001
-0.0020916 -0.0011
-0.00225591 -0.0012
-0.00241974 -0.0013
-0.00258303 -0.0014
-0.00274574 -0.0015
-0.00290781 -0.0016
-0.0030692 -0.0017
-0.00322987 -0.0018
-0.00338977 -0.0019
-0.00354887 -0.002
-0.00370714 -0.0021
-0.00386455 -0.0022
-0.00402108 -0.0023
-0.00417669 -0.0024
-0.00433139 -0.0025
-0.00448515 -0.0026
-0.00463798 -0.0027
-0.00478986 -0.0028
-0.0049408 -0.0029
-0.0050908 -0.003
-0.00523987 -0.0031
-0.00538801 -0.0032
-0.00553523 -0.0033
-0.00568156 -0.0034
-0.00582699 -0.0035
-0.00597155 -0.0036
-0.00611526 -0.0037
-0.00625812 -0.0038
-0.00640017 -0.0039
-0.00654141 -0.004
-0.00668187 -0.0041
-0.00682156 -0.0042
-0.00696052 -0.0043
-0.00709874 -0.0044
-0.00723626 -0.0045
-0.00737309 -0.0046
-0.00750926 -0.0047
-0.00764478 -0.0048
-0.00777966 -0.0049
-0.00791393 -0.005
-0.0080476 -0.0051
-0.0081807 -0.0052
-0.00831323 -0.0053
-0.00844522 -0.0054
-0.00857667 -0.0055
-0.00870761 -0.0056
-0.00883805 -0.0057
-0.008968 -0.0058
-0.00909748 -0.0059
-0.00922649 -0.006
-0.00935506 -0.0061
-0.0094832 -0.0062
-0.00961091 -0.0063
-0.00973822 -0.0064
-0.00986512 -0.0065
-0.00999163 -0.0066
-0.0101178 -0.0067
-0.0102435 -0.0068
-0.0103689 -0.0069
-0.010494 -0.007
-0.0106187 -0.0071
-0.0107431 -0.0072
-0.0108672 -0.0073
-0.0109909 -0.0074
-0.0111144 -0.0075
-0.0112375 -0.0076
-0.0113604 -0.0077
-0.011483 -0.0078
-0.0116053 -0.0079
-0.0117273 -0.008
-0.011849 -0.0081
-0.0119705 -0.0082
-0.0120918 -0.0083
-0.0122128 -0.0084
-0.0123336 -0.0085
-0.0124541 -0.0086
-0.0125744 -0.0087
-0.0126945 -0.0088
-0.0128144 -0.0089
-0.012934 -0.009
-0.0130534 -0.0091
-0.0131727 -0.0092
-0.0132917 -0.0093
-0.0134105 -0.0094
-0.0135292 -0.0095
-0.0136476 -0.0096
-0.0137659 -0.0097
-0.013884 -0.0098
-0.0140019 -0.0099
-0.0141197 -0.01
-0.0142372 -0.0101
-0.0143546 -0.0102
-0.0144719 -0.0103
-0.014589 -0.0104
-0.0147059 -0.0105
-0.0148227 -0.0106
-0.0149393 -0.0107
-0.0150558 -0.0108
-0.0151721 -0.0109
-0.0152883 -0.011
-0.0154043 -0.0111
-0.0155202 -0.0112
-0.015636 -0.0113
-0.0157517 -0.0114
-0.0158672 -0.0115
-0.0159826 -0.0116
-0.0160978 -0.0117
-0.016213 -0.0118
-0.016328 -0.0119
-0.0164429 -0.012
-0.0165576 -0.0121
-0.0166723 -0.0122
-0.0167868 -0.0123
-0.0169013 -0.0124
-0.0170156 -0.0125
-0.0171298 -0.0126
-0.0172439 -0.0127
-0.0173579 -0.0128
-0.0174719 -0.0129
-0.0175857 -0.013
-0.0176994 -0.0131
-0.017813 -0.0132
-0.0179265 -0.0133
-0.0180399 -0.0134
-0.0181532 -0.0135
-0.0182664 -0.0136
-0.0183796 -0.0137
-0.0184926 -0.0138
-0.0186056 -0.0139
-0.0187185 -0.014
-0.0188312 -0.0141
-0.018944 -0.0142
-0.0190566 -0.0143
-0.0191691 -0.0144
-0.0192816 -0.0145
-0.0193939 -0.0146
-0.0195062 -0.0147
-0.0196185 -0.0148
-0.0197306 -0.0149
-0.0198427 -0.015
-0.019676 -0.0149
-0.0195093 -0.0148
-0.0193427 -0.0147
-0.019176 -0.0146
-0.0190093 -0.0145
-0.0188427 -0.0144
-0.018676 -0.0143
-0.0185093 -0.0142
-0.0183427 -0.0141
-0.018176 -0.014
-0.0180093 -0.0139
-0.0178427 -0.0138
-0.017676 -0.0137
-0.0175093 -0.0136
-0.0173427 -0.0135
-0.017176 -0.0134
-0.0170093 -0.0133
-0.0168427 -0.0132
-0.016676 -0.0131
-0.0165093 -0.013
-0.0163427 -0.0129
-0.016176 -0.0128
-0.0160093 -0.0127
-0.0158427 -0.0126
-0.015676 -0.0125
-0.0155093 -0.0124
-0.0153427 -0.0123
-0.015176 -0.0122
-0.0150093 -0.0121
-0.0148427 -0.012
-0.014676 -0.0119
-0.0145093 -0.0118
-0.0143427 -0.0117
-0.014176 -0.0116
-0.0140093 -0.0115
-0.0138427 -0.0114
-0.013676 -0.0113
-0.0135093 -0.0112
-0.0133427 -0.0111
-0.013176 -0.011
-0.0130093 -0.0109
-0.0128427 -0.0108
-0.012676 -0.0107
-0.0125093 -0.0106
-0.0123427 -0.0105
-0.012176 -0.0104
-0.0120093 -0.0103
-0.0118427 -0.0102
-0.011676 -0.0101
-0.0115093 -0.01
-0.0113427 -0.0099
-0.011176 -0.0098
-0.0110093 -0.0097
-0.0108427 -0.0096
-0.010676 -0.0095
-0.0105093 -0.0094
-0.0103427 -0.0093
-0.010176 -0.0092
-0.0100093 -0.0091
-0.00984267 -0.009
-0.009676 -0.0089
-0.00950934 -0.0088
-0.00934267 -0.0087
-0.009176 -0.0086
-0.00900934 -0.0085
-0.00884267 -0.0084
-0.008676 -0.0083
-0.00850934 -0.0082
-0.00834267 -0.0081
-0.008176 -0.008
-0.00800934 -0.0079
-0.00784267 -0.0078
-0.007676 -0.0077
-0.00750934 -0.0076
-0.00734267 -0.0075
-0.00717602 -0.0074
-0.00700939 -0.0073
-0.0068428 -0.0072
-0.00667627 -0.0071
-0.00650983 -0.007
-0.00634351 -0.0069
-0.00617734 -0.0068
-0.00601137 -0.0067
-0.00584564 -0.0066
-0.00568018 -0.0065
-0.00551506 -0.0064
-0.00535032 -0.0063
-0.00518601 -0.0062
-0.00502218 -0.0061
-0.00485889 -0.006
-0.00469619 -0.0059
-0.00453412 -0.0058
-0.00437272 -0.0057
-0.00421206 -0.0056
-0.00405215 -0.0055
-0.00389305 -0.0054
-0.00373478 -0.0053
-0.00357737 -0.0052
-0.00342085 -0.0051
-0.00326523 -0.005
-0.00311054 -0.0049
-0.00295677 -0.0048
-0.00280395 -0.0047
-0.00265206 -0.0046
-0.00250112 -0.0045
-0.00235112 -0.0044
-0.00220206 -0.0043
-0.00205392 -0.0042
-0.00190669 -0.0041
-0.00176037 -0.004
-0.00161493 -0.0039
-0.00147037 -0.0038
-0.00132667 -0.0037
-0.0011838 -0.0036
-0.00104176 -0.0035
-0.000900515 -0.0034
-0.000760056 -0.0033
-0.00062036 -0.0032
-0.000481409 -0.0031
-0.000343183 -0.003
-0.000205663 -0.0029
-6.883e-05 -0.0028
6.73351e-05 -0.0027
0.000202851 -0.0026
0.000337735 -0.0025
0.000472006 -0.0024
0.00060568 -0.0023
0.000738776 -0.0022
0.000871308 -0.0021
0.00100329 -0.002
0.00113475 -0.0019
0.00126569 -0.0018
0.00139613 -0.0017
0.00152608 -0.0016
0.00165555 -0.0015
0.00178457 -0.0014
0.00191314 -0.0013
0.00204128 -0.0012
0.00216899 -0.0011
0.00229629 -0.001
0.00242319 -0.0009
0.00254971 -0.0008
0.00267584 -0.0007
0.00280161 -0.0006
0.00292702 -0.0005
0.00305208 -0.0004
0.0031768 -0.0003
0.00330119 -0.0002
0.00342526 -0.0001
0.00354901 -2.1684e-19
0.00367246 0.0001
0.0037956 0.0002
0.00391846 0.0003
0.00404103 0.0004
0.00416333 0.0005
0.00428536 0.0006
0.00440712 0.0007
0.00452862 0.0008
0.00464988 0.0009
0.00477088 0.001
0.00489165 0.0011
0.00501219 0.0012
0.00513249 0.0013
0.00525257 0.0014
0.00537243 0.0015
0.00549208 0.0016
0.00561152 0.0017
0.00573075 0.0018
0.00584978 0.0019
0.00596862 0.002
0.00608727 0.0021
0.00620572 0.0022
0.006324 0.0023
0.00644209 0.0024
0.00656 0.0025
0.00667775 0.0026
0.00679532 0.0027
0.00691273 0.0028
0.00702997 0.0029
0.00714705 0.003
0.00726398 0.0031
0.00738075 0.0032
0.00749738 0.0033
0.00761385 0.0034
0.00773018 0.0035
0.00784637 0.0036
0.00796241 0.0037
0.00807832 0.0038
0.0081941 0.0039
0.00830974 0.004
0.00842525 0.0041
0.00854063 0.0042
0.00865589 0.0043
0.00877103 0.0044
0.00888604 0.0045
0.00900094 0.0046
0.00911571 0.0047
0.00923037 0.0048
0.00934492 0.0049
0.00945936 0.005
0.00957369 0.0051
0.0096879 0.0052
0.00980202 0.0053
0.00991603 0.0054
0.0100299 0.0055
0.0101437 0.0056
0.0102574 0.0057
0.010371 0.0058
0.0104846 0.0059
0.010598 0.006
0.0107113 0.0061
0.0108245 0.0062
0.0109377 0.0063
0.0110507 0.0064
0.0111637 0.0065
0.0112765 0.0066
0.0113893 0.0067
0.011502 0.0068
0.0116146 0.0069
0.0117272 0.007
0.0118396 0.0071
0.011952 0.0072
0.0120643 0.0073
0.0121765 0.0074
0.0122887 0.0075
0.0124007 0.0076
0.0125127 0.0077
0.0126247 0.0078
0.0127365 0.0079
0.0128483 0.008
0.01296 0.0081
0.0130716 0.0082
0.0131832 0.0083
0.0132947 0.0084
0.0134061 0.0085
0.0135175 0.0086
0.0136288 0.0087
0.01374 0.0088
0.0138512 0.0089
0.0139623 0.009
0.0140734 0.0091
0.0141843 0.0092
0.0142953 0.0093
0.0144061 0.0094
0.0145169 0.0095
0.0146277 0.0096
0.0147384 0.0097
0.014849 0.0098
0.0149596 0.0099
0.0150701 0.01
0.0151806 0.0101
0.015291 0.0102
0.0154013 0.0103
0.0155116 0.0104
0.0156219 0.0105
0.0157321 0.0106
0.0158422 0.0107
0.0159523 0.0108
0.0160624 0.0109
0.0161724 0.011
0.0162823 0.0111
0.0163922 0.0112
0.0165021 0.0113
0.0166119 0.0114
0.0167216 0.0115
0.0168313 0.0116
0.016941 0.0117
0.0170506 0.0118
0.0171602 0.0119
0.0172697 0.012
0.0173792 0.0121
0.0174886 0.0122
0.017598 0.0123
0.0177074 0.0124
0.0178167 0.0125
0.0179259 0.0126
0.0180352 0.0127
0.0181444 0.0128
0.0182535 0.0129
0.0183626 0.013
0.0184717 0.0131
0.0185807 0.0132
0.0186897 0.0133
0.0187986 0.0134
0.0189075 0.0135
0.0190164 0.0136
0.0191252 0.0137
0.019234 0.0138
0.0193428 0.0139
0.0194515 0.014
0.0195602 0.0141
0.0196688 0.0142
0.0197774 0.0143
0.019886 0.0144
0.0199946 0.0145
0.0201031 0.0146
0.0202115 0.0147
0.02032 0.0148
0.0204284 0.0149
0.0205367 0.015
0.0203701 0.0149
0.0202034 0.0148
0.0200367 0.0147
0.0198701 0.0146
0.0197034 0.0145
0.0195367 0.0144
0.0193701 0.0143
0.0192034 0.0142
0.0190367 0.0141
0.0188701 0.014
0.0187034 0.0139
0.0185367 0.0138
0.0183701 0.0137
0.0182034 0.0136
0.0180367 0.0135
0.0178701 0.0134
0.0177034 0.0133
0.0175367 0.0132
0.0173701 0.0131
0.0172034 0.013
0.0170367 0.0129
0.0168701 0.0128
0.0167034 0.0127
0.0165367 0.0126
0.0163701 0.0125
0.0162034 0.0124
0.0160367 0.0123
0.0158701 0.0122
0.0157034 0.0121
0.0155367 0.012
0.0153701 0.0119
0.0152034 0.0118
0.0150367 0.0117
0.0148701 0.0116
0.0147034 0.0115
0.0145367 0.0114
0.0143701 0.0113
0.0142034 0.0112
0.0140367 0.0111
0.0138701 0.011
0.0137034 0.0109
0.0135367 0.0108
0.0133701 0.0107
0.0132034 0.0106
0.0130367 0.0105
0.0128701 0.0104
0.0127034 0.0103
0.0125367 0.0102
0.0123701 0.0101
0.0122034 0.01
0.0120367 0.0099
0.0118701 0.0098
0.0117034 0.0097
0.0115367 0.0096
0.0113701 0.0095
0.0112034 0.0094
0.0110367 0.0093
0.0108701 0.0092
0.0107034 0.0091
0.0105367 0.009
0.0103701 0.0089
0.0102034 0.0088
0.0100367 0.0087
0.00987008 0.0086
0.00970341 0.0085
0.00953674 0.0084
0.00937008 0.0083
0.00920341 0.0082
0.00903674 0.0081
0.00887008 0.008
0.00870341 0.0079
0.00853674 0.0078
0.00837008 0.0077
0.00820341 0.0076
0.00803674 0.0075
0.00787008 0.0074
0.00770341 0.0073
0.00753674 0.0072
0.00737008 0.0071
0.00720341 0.007
0.00703674 0.0069
0.00687008 0.0068
0.00670341 0.0067
0.00653674 0.0066
0.00637008 0.0065
0.00620341 0.0064
0.00603676 0.0063
0.00587013 0.0062
0.00570354 0.0061
0.00553701 0.006
0.00537057 0.0059
0.00520425 0.0058
0.00503808 0.0057
0.00487211 0.0056
0.00470637 0.0055
0.00454092 0.0054
0.0043758 0.0053
0.00421106 0.0052
0.00404675 0.0051
0.00388292 0.005
0.00371963 0.0049
0.00355693 0.0048
0.00339485 0.0047
0.00323346 0.0046
0.0030728 0.0045
0.00291289 0.0044
0.00275379 0.0043
0.00259552 0.0042
0.00243811 0.0041
0.00228159 0.004
0.00212597 0.0039
0.00197127 0.0038
0.00181751 0.0037
0.00166468 0.0036
0.0015128 0.0035
0.00136186 0.0034
0.00121186 0.0033
0.00106279 0.0032
0.000914654 0.0031
0.000767429 0.003
0.000621106 0.0029
0.000475672 0.0028
0.000331111 0.0027
0.000187406 0.0026
4.4541e-05 0.0025
-9.75036e-05 0.0024
-0.000238746 0.0023
-0.000379205 0.0022
-0.000518901 0.0021
-0.000657852 0.002
-0.000796078 0.0019
-0.000933598 0.0018
-0.00107043 0.0017
-0.0012066 0.0016
-0.00134211 0.0015
-0.001477 0.0014
-0.00161127 0.0013
-0.00174494 0.0012
-0.00187804 0.0011
-0.00201057 0.001
-0.00214256 0.0009
-0.00227401 0.0008
-0.00240495 0.0007
-0.00253539 0.0006
-0.00266534 0.0005
-0.00279481 0.0004
-0.00292383 0.0003
-0.0030524 0.0002
-0.00318054 0.0001
-0.00330825 1.89735e-19
-0.00343555 -0.0001
-0.00356245 -0.0002
-0.00368897 -0.0003
-0.0038151 -0.0004
-0.00394087 -0.0005
-0.00406628 -0.0006
-0.00419134 -0.0007
-0.00431606 -0.0008
-0.00444045 -0.0009
-0.00456452 -0.001
-0.00468827 -0.0011
-0.00481172 -0.0012
-0.00493487 -0.0013
-0.00505772 -0.0014
-0.0051803 -0.0015
-0.00530259 -0.0016
-0.00542462 -0.0017
-0.00554638 -0.0018
-0.00566788 -0.0019
-0.00578914 -0.002
-0.00591015 -0.0021
-0.00603091 -0.0022
-0.00615145 -0.0023
-0.00627175 -0.0024
-0.00639183 -0.0025
-0.00651169 -0.0026
-0.00663134 -0.0027
-0.00675078 -0.0028
-0.00687001 -0.0029
-0.00698905 -0.003
-0.00710788 -0.0031
-0.00722653 -0.0032
-0.00734498 -0.0033
-0.00746326 -0.0034
-0.00758135 -0.0035
-0.00769926 -0.0036
-0.00781701 -0.0037
-0.00793458 -0.0038
-0.00805199 -0.0039
-0.00816923 -0.004
-0.00828631 -0.0041
-0.00840324 -0.0042
-0.00852001 -0.0043
-0.00863664 -0.0044
-0.00875311 -0.0045
-0.00886944 -0.0046
-0.00898563 -0.0047
-0.00910167 -0.0048
-0.00921758 -0.0049
-0.00933336 -0.005
-0.009449 -0.0051
-0.00956451 -0.0052
-0.0096799 -0.0053
-0.00979515 -0.0054
-0.00991029 -0.0055
-0.0100253 -0.0056
-0.0101402 -0.0057
-0.010255 -0.0058
-0.0103696 -0.0059
-0.0104842 -0.006
-0.0105986 -0.0061
-0.0107129 -0.0062
-0.0108272 -0.0063
-0.0109413 -0.0064
-0.0110553 -0.0065
-0.0111692 -0.0066
-0.011283 -0.0067
-0.0113967 -0.0068
-0.0115103 -0.0069
-0.0116238 -0.007
-0.0117372 -0.0071
-0.0118506 -0.0072
-0.0119638 -0.0073
-0.0120769 -0.0074
-0.01219 -0.0075
-0.0123029 -0.0076
-0.0124158 -0.0077
-0.0125286 -0.0078
-0.0126413 -0.0079
-0.0127539 -0.008
-0.0128664 -0.0081
-0.0129789 -0.0082
-0.0130913 -0.0083
-0.0132036 -0.0084
-0.0133158 -0.0085
-0.0134279 -0.0086
-0.01354 -0.0087
-0.013652 -0.0088
-0.0137639 -0.0089
-0.0138758 -0.009
-0.0139875 -0.0091
-0.0140993 -0.0092
-0.0142109 -0.0093
-0.0143225 -0.0094
-0.014434 -0.0095
-0.0145454 -0.0096
-0.0146568 -0.0097
-0.0147681 -0.0098
-0.0148793 -0.0099
-0.0149905 -0.01
-0.0151016 -0.0101
-0.0152126 -0.0102
-0.0153236 -0.0103
-0.0154345 -0.0104
-0.0155454 -0.0105
-0.0156562 -0.0106
-0.0157669 -0.0107
-0.0158776 -0.0108
-0.0159883 -0.0109
-0.0160988 -0.011
-0.0162094 -0.0111
-0.0163198 -0.0112
-0.0164302 -0.0113
-0.0165406 -0.0114
-0.0166509 -0.0115
-0.0167611 -0.0116
-0.0168713 -0.0117
-0.0169815 -0.0118
-0.0170916 -0.0119
-0.0172016 -0.012
-0.0173116 -0.0121
-0.0174216 -0.0122
-0.0175315 -0.0123
-0.0176413 -0.0124
-0.0177511 -0.0125
-0.0178609 -0.0126
-0.0179706 -0.0127
-0.0180803 -0.0128
-0.0181899 -0.0129
-0.0182994 -0.013
-0.018409 -0.0131
-0.0185184 -0.0132
-0.0186279 -0.0133
-0.0187373 -0.0134
-0.0188466 -0.0135
-0.0189559 -0.0136
-0.0190652 -0.0137
-0.0191744 -0.0138
-0.0192836 -0.0139
-0.0193928 -0.014
-0.0195019 -0.0141
-0.0196109 -0.0142
-0.01972 -0.0143
-0.0198289 -0.0144
-0.0199379 -0.0145
-0.0200468 -0.0146
-0.0201557 -0.0147
-0.0202645 -0.0148
-0.0203733 -0.0149
-0.020482 -0.015
-0.0205908 -0.0151
-0.0206994 -0.0152
-0.0208081 -0.0153
-0.0209167 -0.0154
-0.0210253 -0.0155
-0.0211338 -0.0156
-0.0212423 -0.0157
-0.0213508 -0.0158
-0.0214592 -0.0159
-0.0215676 -0.016
-0.021676 -0.0161
-0.0217843 -0.0162
-0.0218926 -0.0163
-0.0220009 -0.0164
-0.0221092 -0.0165
-0.0222174 -0.0166
-0.0223255 -0.0167
-0.0224337 -0.0168
-0.0225418 -0.0169
-0.0226499 -0.017
-0.0227579 -0.0171
-0.0228659 -0.0172
-0.0229739 -0.0173
-0.0230819 -0.0174
-0.0231898 -0.0175
-0.0232977 -0.0176
-0.0234056 -0.0177
-0.0235134 -0.0178
-0.0236213 -0.0179
-0.023729 -0.018
-0.0238368 -0.0181
-0.0239445 -0.0182
-0.0240522 -0.0183
-0.0241599 -0.0184
-0.0242676 -0.0185
-0.0243752 -0.0186
-0.0244828 -0.0187
-0.0245903 -0.0188
-0.0246979 -0.0189
-0.0248054 -0.019
-0.0249129 -0.0191
-0.0250203 -0.0192
-0.0251278 -0.0193
-0.0252352 -0.0194
-0.0253426 -0.0195
-0.0254499 -0.0196
-0.0255573 -0.0197
-0.0256646 -0.0198
-0.0257719 -0.0199
-0.0258791 -0.02
-0.0259864 -0.0201
-0.0260936 -0.0202
-0.0262008 -0.0203
-0.0263079 -0.0204
-0.0264151 -0.0205
-0.0265222 -0.0206
-0.0266293 -0.0207
-0.0267364 -0.0208
-0.0268434 -0.0209
-0.0269504 -0.021
-0.0270574 -0.0211
-0.0271644 -0.0212
-0.0272714 -0.0213
-0.0273783 -0.0214
-0.0274852 -0.0215
-0.0275921 -0.0216
-0.027699 -0.0217
-0.0278059 -0.0218
-0.0279127 -0.0219
-0.0280195 -0.022
-0.0281263 -0.0221
-0.0282331 -0.0222
-0.0283398 -0.0223
-0.0284465 -0.0224
-0.0285532 -0.0225
-0.0286599 -0.0226
-0.0287666 -0.0227
-0.0288732 -0.0228
-0.0289799 -0.0229
-0.0290865 -0.023
-0.0291931 -0.0231
-0.0292996 -0.0232
-0.0294062 -0.0233
-0.0295127 -0.0234
-0.0296192 -0.0235
-0.0297257 -0.0236
-0.0298322 -0.0237
-0.0299386 -0.0238
-0.0300451 -0.0239
-0.0301515 -0.024
-0.0302579 -0.0241
-0.0303643 -0.0242
-0.0304706 -0.0243
-0.030577 -0.0244
-0.0306833 -0.0245
-0.0307896 -0.0246
-0.0308959 -0.0247
-0.0310022 -0.0248
-0.0311084 -0.0249
-0.0312147 -0.025
-0.031048 -0.0249
-0.0308813 -0.0248
-0.0307147 -0.0247
-0.030548 -0.0246
-0.0303813 -0.0245
-0.0302147 -0.0244
-0.030048 -0.0243
-0.0298813 -0.0242
-0.0297147 -0.0241
-0.029548 -0.024
-0.0293813 -0.0239
-0.0292147 -0.0238
-0.029048 -0.0237
-0.0288813 -0.0236
-0.0287147 -0.0235
-0.028548 -0.0234
-0.0283813 -0.0233
-0.0282147 -0.0232
-0.028048 -0.0231
-0.0278813 -0.023
-0.0277147 -0.0229
-0.027548 -0.0228
-0.0273813 -0.0227
-0.0272147 -0.0226
-0.027048 -0.0225
-0.0268813 -0.0224
-0.0267147 -0.0223
-0.026548 -0.0222
-0.0263813 -0.0221
-0.0262147 -0.022
-0.026048 -0.0219
-0.0258813 -0.0218
-0.0257147 -0.0217
-0.025548 -0.0216
-0.0253813 -0.0215
-0.0252147 -0.0214
-0.025048 -0.0213
-0.0248813 -0.0212
-0.0247147 -0.0211
-0.024548 -0.021
-0.0243813 -0.0209
-0.0242147 -0.0208
-0.024048 -0.0207
-0.0238813 -0.0206
-0.0237147 -0.0205
-0.023548 -0.0204
-0.0233813 -0.0203
-0.0232147 -0.0202
-0.023048 -0.0201
-0.0228813 -0.02
-0.0227147 -0.0199
-0.022548 -0.0198
-0.0223813 -0.0197
-0.0222147 -0.0196
-0.022048 -0.0195
-0.0218813 -0.0194
-0.0217147 -0.0193
-0.021548 -0.0192
-0.0213813 -0.0191
-0.0212147 -0.019
-0.021048 -0.0189
-0.0208813 -0.0188
-0.0207147 -0.0187
-0.020548 -0.0186
-0.0203813 -0.0185
-0.0202147 -0.0184
-0.020048 -0.0183
-0.0198813 -0.0182
-0.0197147 -0.0181
-0.019548 -0.018
-0.0193813 -0.0179
-0.0192147 -0.0178
-0.019048 -0.0177
-0.0188813 -0.0176
-0.0187147 -0.0175
-0.018548 -0.0174
-0.0183813 -0.0173
-0.0182147 -0.0172
-0.018048 -0.0171
-0.0178813 -0.017
-0.0177147 -0.0169
-0.017548 -0.0168
-0.0173813 -0.0167
-0.0172147 -0.0166
-0.017048 -0.0165
-0.0168813 -0.0164
-0.0167147 -0.0163
-0.016548 -0.0162
-0.0163813 -0.0161
-0.0162147 -0.016
-0.016048 -0.0159
-0.0158813 -0.0158
-0.0157147 -0.0157
-0.015548 -0.0156
-0.0153813 -0.0155
-0.0152147 -0.0154
-0.015048 -0.0153
-0.0148814 -0.0152
-0.0147148 -0.0151
-0.0145483 -0.015
-0.0143818 -0.0149
-0.0142155 -0.0148
-0.0140493 -0.0147
-0.0138834 -0.0146
-0.0137176 -0.0145
-0.0135522 -0.0144
-0.0133871 -0.0143
-0.0132223 -0.0142
-0.013058 -0.0141
-0.0128942 -0.014
-0.0127309 -0.0139
-0.0125682 -0.0138
-0.0124061 -0.0137
-0.0122447 -0.0136
-0.0120841 -0.0135
-0.0119242 -0.0134
-0.0117651 -0.0133
-0.0116068 -0.0132
-0.0114494 -0.0131
-0.0112929 -0.013
-0.0111372 -0.0129
-0.0109825 -0.0128
-0.0108288 -0.0127
-0.010676 -0.0126
-0.0105241 -0.0125
-0.0103731 -0.0124
-0.0102231 -0.0123
-0.0100741 -0.0122
-0.00992592 -0.0121
-0.00977869 -0.012
-0.00963237 -0.0119
-0.00948694 -0.0118
-0.00934238 -0.0117
-0.00919867 -0.0116
-0.00905581 -0.0115
-0.00891376 -0.0114
-0.00877252 -0.0113
-0.00863206 -0.0112
-0.00849237 -0.0111
-0.00835341 -0.011
-0.00821519 -0.0109
-0.00807767 -0.0108
-0.00794084 -0.0107
-0.00780467 -0.0106
-0.00766915 -0.0105
-0.00753427 -0.0104
-0.0074 -0.0103
-0.00726632 -0.0102
-0.00713323 -0.0101
-0.0070007 -0.01
-0.00686871 -0.0099
-0.00673726 -0.0098
-0.00660632 -0.0097
-0.00647588 -0.0096
-0.00634593 -0.0095
-0.00621645 -0.0094
-0.00608744 -0.0093
-0.00595886 -0.0092
-0.00583073 -0.0091
-0.00570302 -0.009
-0.00557571 -0.0089
-0.00544881 -0.0088
-0.0053223 -0.0087
-0.00519616 -0.0086
-0.00507039 -0.0085
-0.00494499 -0.0084
-0.00481993 -0.0083
-0.00469521 -0.0082
-0.00457082 -0.0081
-0.00444675 -0.008
-0.004323 -0.0079
-0.00419955 -0.0078
-0.0040764 -0.0077
-0.00395354 -0.0076
-0.00383097 -0.0075
-0.00370867 -0.0074
-0.00358665 -0.0073
-0.00346489 -0.0072
-0.00334338 -0.0071
-0.00322213 -0.007
-0.00310112 -0.0069
-0.00298035 -0.0068
-0.00285982 -0.0067
-0.00273951 -0.0066
-0.00261943 -0.0065
-0.00249957 -0.0064
-0.00237993 -0.0063
-0.00226049 -0.0062
-0.00214125 -0.0061
-0.00202222 -0.006
-0.00190338 -0.0059
-0.00178474 -0.0058
-0.00166628 -0.0057
-0.00154801 -0.0056
-0.00142992 -0.0055
-0.001312 -0.0054
-0.00119426 -0.0053
-0.00107669 -0.0052
-0.00095928 -0.0051
-0.000842036 -0.005
-0.000724953 -0.0049
-0.000608026 -0.0048
-0.000491252 -0.0047
-0.00037463 -0.0046
-0.000258155 -0.0045
-0.000141826 -0.0044
-2.56392e-05 -0.0043
9.04076e-05 -0.0042
0.000206317 -0.0041
0.000322091 -0.004
0.000437733 -0.0039
0.000553245 -0.0038
0.000668629 -0.0037
0.000783887 -0.0036
0.000899022 -0.0035
0.00101404 -0.0034
0.00112893 -0.0033
0.00124371 -0.0032
0.00135837 -0.0031
0.00147292 -0.003
0.00158735 -0.0029
0.00170168 -0.0028
0.0018159 -0.0027
0.00193001 -0.0026
0.00204402 -0.0025
0.00215793 -0.0024
0.00227173 -0.0023
0.00238543 -0.0022
0.00249904 -0.0021
0.00261255 -0.002
0.00272596 -0.0019
0.00283929 -0.0018
0.00295251 -0.0017
0.00306565 -0.0016
0.0031787 -0.0015
0.00329166 -0.0014
0.00340453 -0.0013
0.00351732 -0.0012
0.00363002 -0.0011
0.00374264 -0.001
0.00385518 -0.0009
0.00396764 -0.0008
0.00408001 -0.0007
0.00419231 -0.0006
0.00430453 -0.0005
0.00441667 -0.0004
0.00452874 -0.0003
0.00464074 -0.0002
0.00475266 -0.0001
0.0048645 -2.43945e-19
0.00497628 0.0001
0.00508798 0.0002
0.00519962 0.0003
0.00531119 0.0004
0.00542269 0.0005
0.00553412 0.0006
0.00564548 0.0007
0.00575678 0.0008
0.00586802 0.0009
0.00597919 0.001
0.0060903 0.0011
0.00620135 0.0012
0.00631233 0.0013
0.00642326 0.0014
0.00653412 0.0015
0.00664493 0.0016
0.00675568 0.0017
0.00686637 0.0018
0.006977 0.0019
0.00708758 0.002
0.0071981 0.0021
0.00730856 0.0022
0.00741897 0.0023
0.00752933 0.0024
0.00763963 0.0025
0.00774988 0.0026
0.00786008 0.0027
0.00797023 0.0028
0.00808032 0.0029
0.00819037 0.003
0.00830037 0.0031
0.00841031 0.0032
0.00852021 0.0033
0.00863006 0.0034
0.00873986 0.0035
0.00884962 0.0036
0.00895933 0.0037
0.00906899 0.0038
0.0091786 0.0039
0.00928817 0.004
0.0093977 0.0041
0.00950718 0.0042
0.00961662 0.0043
0.00972602 0.0044
0.00983537 0.0045
0.00994468 0.0046
0.0100539 0.0047
0.0101632 0.0048
0.0102724 0.0049
0.0103815 0.005
0.0104906 0.0051
0.0105997 0.0052
0.0107087 0.0053
0.0108177 0.0054
0.0109266 0.0055
0.0110355 0.0056
0.0111444 0.0057
0.0112532 0.0058
0.011362 0.0059
0.0114708 0.006
0.0115795 0.0061
0.0116882 0.0062
0.0117968 0.0063
0.0119054 0.0064
0.012014 0.0065
0.0121225 0.0066
0.0122311 0.0067
0.0123395 0.0068
0.012448 0.0069
0.0125564 0.007
0.0126647 0.0071
0.0127731 0.0072
0.0128814 0.0073
0.0129897 0.0074
0.0130979 0.0075
0.0132061 0.0076
0.0133143 0.0077
0.0134224 0.0078
0.0135305 0.0079
0.0136386 0.008
0.0137467 0.0081
0.0138547 0.0082
0.0139627 0.0083
0.0140706 0.0084
0.0141786 0.0085
0.0142865 0.0086
0.0143943 0.0087
0.0145022 0.0088
0.01461 0.0089
0.0147178 0.009
0.0148255 0.0091
0.0149333 0.0092
0.015041 0.0093
0.0151486 0.0094
0.0152563 0.0095
0.0153639 0.0096
0.0154715 0.0097
0.0155791 0.0098
0.0156866 0.0099
0.0157941 0.01
0.0159016 0.0101
0.0160091 0.0102
0.0161165 0.0103
0.0162239 0.0104
0.0163313 0.0105
0.0164387 0.0106
0.016546 0.0107
0.0166533 0.0108
0.0167606 0.0109
0.0168678 0.011
0.0169751 0.0111
0.0170823 0.0112
0.0171895 0.0113
0.0172967 0.0114
0.0174038 0.0115
0.0175109 0.0116
0.017618 0.0117
0.0177251 0.0118
0.0178321 0.0119
0.0179392 0.012
0.0180462 0.0121
0.0181531 0.0122
0.0182601 0.0123
0.018367 0.0124
0.018474 0.0125
0.0185809 0.0126
0.0186877 0.0127
0.0187946 0.0128
0.0189014 0.0129
0.0190082 0.013
0.019115 0.0131
0.0192218 0.0132
0.0193285 0.0133
0.0194353 0.0134
0.019542 0.0135
0.0196487 0.0136
0.0197553 0.0137
0.019862 0.0138
0.0199686 0.0139
0.0200752 0.014
0.0201818 0.0141
0.0202884 0.0142
0.0203949 0.0143
0.0205014 0.0144
0.0206079 0.0145
0.0207144 0.0146
0.0208209 0.0147
0.0209274 0.0148
0.0210338 0.0149
0.0211402 0.015
0.0212466 0.0151
0.021353 0.0152
0.0214594 0.0153
0.0215657 0.0154
0.021672 0.0155
0.0217783 0.0156
0.0218846 0.0157
0.0219909 0.0158
0.0220972 0.0159
0.0222034 0.016
0.0223096 0.0161
0.0224158 0.0162
0.022522 0.0163
0.0226282 0.0164
0.0227344 0.0165
0.0228405 0.0166
0.0229466 0.0167
0.0230527 0.0168
0.0231588 0.0169
0.0232649 0.017
0.0233709 0.0171
0.023477 0.0172
0.023583 0.0173
0.023689 0.0174
0.023795 0.0175
0.023901 0.0176
0.0240069 0.0177
0.0241129 0.0178
0.0242188 0.0179
0.0243247 0.018
0.0244306 0.0181
0.0245365 0.0182
0.0246424 0.0183
0.0247483 0.0184
0.0248541 0.0185
0.0249599 0.0186
0.0250657 0.0187
0.0251715 0.0188
0.0252773 0.0189
0.0253831 0.019
0.0254888 0.0191
0.0255946 0.0192
0.0257003 0.0193
0.025806 0.0194
0.0259117 0.0195
0.0260174 0.0196
0.026123 0.0197
0.0262287 0.0198
0.0263343 0.0199
0.02644 0.02
0.0265456 0.0201
0.0266512 0.0202
0.0267568 0.0203
0.0268623 0.0204
0.0269679 0.0205
0.0270735 0.0206
0.027179 0.0207
0.0272845 0.0208
0.02739 0.0209
0.0274955 0.021
0.027601 0.0211
0.0277065 0.0212
0.0278119 0.0213
0.0279174 0.0214
0.0280228 0.0215
0.0281282 0.0216
0.0282336 0.0217
0.028339 0.0218
0.0284444 0.0219
0.0285498 0.022
0.0286551 0.0221
0.0287605 0.0222
0.0288658 0.0223
0.0289711 0.0224
0.0290764 0.0225
0.0291817 0.0226
0.029287 0.0227
0.0293923 0.0228
0.0294975 0.0229
0.0296028 0.023
0.029708 0.0231
0.0298133 0.0232
0.0299185 0.0233
0.0300237 0.0234
0.0301289 0.0235
0.030234 0.0236
0.0303392 0.0237
0.0304444 0.0238
0.0305495 0.0239
0.0306547 0.024
0.0307598 0.0241
0.0308649 0.0242
0.03097 0.0243
0.0310751 0.0244
0.0311802 0.0245
0.0312852 0.0246
0.0313903 0.0247
0.0314954 0.0248
0.0316004 0.0249
0.0317054 0.025
0.0300388 0.024
0.0283721 0.023
0.0267054 0.022
0.0250388 0.021
0.0233721 0.02
0.0217054 0.019
0.0200388 0.018
0.0183721 0.017
0.0167054 0.016
0.0150388 0.015
0.0133721 0.014
0.0117075 0.013
0.0100688 0.012
0.00850003 0.011
0.00702275 0.01
0.00562875 0.009
0.00429996 0.008
0.00302024 0.007
0.00177762 0.006
0.000563594 0.005
-0.000627911 0.004
-0.00180129 0.003
-0.00295981 0.002
-0.00410593 0.001
-0.00524157 -1.11022e-16
-0.00636823 -0.001
-0.00748711 -0.002
-0.00859918 -0.003
-0.00970525 -0.004
-0.010806 -0.005
-0.0119019 -0.006
-0.0129936 -0.007
-0.0140814 -0.008
-0.0151656 -0.009
-0.0162466 -0.01
-0.0173246 -0.011
-0.0183998 -0.012
-0.0194726 -0.013
-0.020543 -0.014
-0.0216112 -0.015
-0.0226774 -0.016
-0.0237416 -0.017
-0.0248041 -0.018
-0.0258649 -0.019
-0.0269242 -0.02
-0.0279819 -0.021
-0.0290383 -0.022
-0.0300933 -0.023
-0.031147 -0.024
-0.0321996 -0.025
-0.033251 -0.026
-0.0343014 -0.027
-0.0353507 -0.028
-0.036399 -0.029
-0.0374464 -0.03
-0.0384928 -0.031
-0.0395384 -0.032
-0.0405832 -0.033
-0.0416272 -0.034
-0.0426705 -0.035
-0.0410038 -0.034
-0.0393371 -0.033
-0.0376705 -0.032
-0.0360038 -0.031
-0.0343371 -0.03
-0.0326705 -0.029
-0.0310038 -0.028
-0.0293371 -0.027
-0.0276705 -0.026
-0.0260038 -0.025
-0.0243371 -0.024
-0.0226705 -0.023
-0.0210058 -0.022
-0.0193672 -0.021
-0.0177984 -0.02
-0.0163211 -0.019
-0.0149271 -0.018
-0.0135983 -0.017
-0.0123186 -0.016
-0.011076 -0.015
-0.00986197 -0.014
-0.00867046 -0.013
-0.00749708 -0.012
-0.00633856 -0.011
-0.00519244 -0.01
-0.0040568 -0.009
-0.00293014 -0.008
-0.00181126 -0.007
-0.000699193 -0.006
0.000406876 -0.005
0.00150761 -0.004
0.00260356 -0.003
0.00369522 -0.002
0.00478298 -0.001
0.0058672 -1.11022e-16
0.00694818 0.001
0.00802619 0.002
0.00910146 0.003
0.0101742 0.004
0.0112446 0.005
0.0123128 0.006
0.013379 0.007
0.0144433 0.008
0.0155057 0.009
0.0165666 0.01
0.0176258 0.011
0.0186835 0.012
0.0197399 0.013
0.0207949 0.014
0.0218487 0.015
0.0229012 0.016
0.0239526 0.017
0.025003 0.018
0.0260523 0.019
0.0271006 0.02
0.028148 0.021
0.0291945 0.022
0.0302401 0.023
0.0312849 0.024
0.0323289 0.025
0.0333721 0.026
0.0344146 0.027
0.0354564 0.028
0.0364975 0.029
0.037538 0.03
0.0385778 0.031
0.039617 0.032
0.0406557 0.033
0.0416937 0.034
0.0427313 0.035
0.0410646 0.034
0.0393979 0.033
0.0377313 0.032
0.0360646 0.031
0.0343979 0.03
0.0327313 0.029
0.0310646 0.028
0.0293979 0.027
0.0277313 0.026
0.0260646 0.025
0.0243979 0.024
0.0227313 0.023
0.0210666 0.022
0.019428 0.021
0.0178592 0.02
0.0163819 0.019
0.0149879 0.018
0.0136591 0.017
0.0123794 0.016
0.0111368 0.015
0.00992276 0.014
0.00873125 0.013
0.00755787 0.012
0.00639935 0.011
0.00525323 0.01
0.00411759 0.009
0.00299093 0.008
0.00187205 0.007
0.000759981 0.006
-0.000346087 0.005
-0.00144682 0.004
-0.00254277 0.003
-0.00363443 0.002
-0.00472219 0.001
-0.00580641 -1.11022e-16
-0.00688739 -0.001
-0.0079654 -0.002
-0.00904067 -0.003
-0.0101134 -0.004
-0.0111838 -0.005
-0.012252 -0.006
-0.0133182 -0.007
-0.0143825 -0.008
-0.015445 -0.009
-0.0165058 -0.01
-0.017565 -0.011
-0.0186228 -0.012
-0.0196791 -0.013
-0.0207341 -0.014
-0.0217879 -0.015
-0.0228404 -0.016
-0.0238919 -0.017
-0.0249422 -0.018
-0.0259915 -0.019
-0.0270398 -0.02
-0.0280872 -0.021
-0.0291337 -0.022
-0.0301793 -0.023
-0.0312241 -0.024
-0.0322681 -0.025
-0.0333113 -0.026
-0.0343538 -0.027
-0.0353956 -0.028
-0.0364367 -0.029
-0.0374772 -0.03
-0.038517 -0.031
-0.0395562 -0.032
-0.0405949 -0.033
-0.0416329 -0.034
-0.0426705 -0.035
-0.0437075 -0.036
-0.0447439 -0.037
-0.0457799 -0.038
-0.0468154 -0.039
-0.0478504 -0.04
-0.048885 -0.041
-0.0499191 -0.042
-0.0509528 -0.043
-0.0519861 -0.044
-0.053019 -0.045
-0.0513523 -0.044
-0.0496857 -0.043
-0.048019 -0.042
-0.0463523 -0.041
-0.0446857 -0.04
-0.043019 -0.039
-0.0413523 -0.038
-0.0396857 -0.037
-0.038019 -0.036
-0.0363523 -0.035
-0.0346857 -0.034
-0.033019 -0.033
-0.0313523 -0.032
-0.0296877 -0.031
-0.0280491 -0.03
-0.0264803 -0.029
-0.025003 -0.028
-0.023609 -0.027
-0.0222802 -0.026
-0.0210005 -0.025
-0.0197579 -0.024
-0.0185438 -0.023
-0.0173523 -0.022
-0.016179 -0.021
-0.0150204 -0.02
-0.0138743 -0.019
-0.0127387 -0.018
-0.011612 -0.017
-0.0104931 -0.016
-0.00938107 -0.015
-0.008275 -0.014
-0.00717427 -0.013
-0.00607831 -0.012
-0.00498665 -0.011
-0.00389889 -0.01
-0.00281467 -0.009
-0.00173369 -0.008
-0.000655685 -0.007
0.000419587 -0.006
0.00149233 -0.005
0.00256272 -0.004
0.00363093 -0.003
0.00469711 -0.002
0.00576138 -0.001
0.00682387 -1.11022e-16
0.00788469 0.001
0.00894392 0.002
0.0100017 0.003
0.011058 0.004
0.012113 0.005
0.0131668 0.006
0.0142193 0.007
0.0152708 0.008
0.0163211 0.009
0.0173704 0.01
0.0184187 0.011
0.0194661 0.012
0.0205126 0.013
0.0215582 0.014
0.022603 0.015
0.023647 0.016
0.0246902 0.017
0.0257327 0.018
0.0267745 0.019
0.0278156 0.02
0.0288561 0.021
0.0298959 0.022
0.0309352 0.023
0.0319738 0.024
0.0330119 0.025
0.0340494 0.026
0.0350864 0.027
0.0361228 0.028
0.0371588 0.029
0.0381943 0.03
0.0392293 0.031
0.0402639 0.032
0.041298 0.033
0.0423317 0.034
0.043365 0.035
0.0443979 0.036
0.0454304 0.037
0.0464625 0.038
0.0474942 0.039
0.0485256 0.04
0.0495566 0.041
0.0505873 0.042
0.0516177 0.043
0.0526477 0.044
0.0536774 0.045
0.0520107 0.044
0.050344 0.043
0.0486774 0.042
0.0470107 0.041
0.045344 0.04
0.0436774 0.039
0.0420107 0.038
0.040344 0.037
0.0386774 0.036
0.0370107 0.035
0.035344 0.034
0.0336774 0.033
0.0320107 0.032
0.030344 0.031
0.0286794 0.03
0.0270407 0.029
0.025472 0.028
0.0239947 0.027
0.0226007 0.026
0.0212719 0.025
0.0199922 0.024
0.0187496 0.023
0.0175355 0.022
0.016344 0.021
0.0151706 0.02
0.0140121 0.019
0.012866 0.018
0.0117304 0.017
0.0106037 0.016
0.00948483 0.015
0.00837275 0.014
0.00726669 0.013
0.00616595 0.012
0.00507 0.011
0.00397834 0.01
0.00289058 0.009
0.00180636 0.008
0.000725382 0.007
-0.000352628 0.006
-0.0014279 0.005
-0.00250064 0.004
-0.00357104 0.003
-0.00463925 0.002
-0.00570542 0.001
-0.0067697 -1.11022e-16
-0.00783219 -0.001
-0.008893 -0.002
-0.00995224 -0.003
-0.01101 -0.004
-0.0120663 -0.005
-0.0131213 -0.006
-0.0141751 -0.007
-0.0152277 -0.008
-0.0162791 -0.009
-0.0173294 -0.01
-0.0183787 -0.011
-0.019427 -0.012
-0.0204744 -0.013
-0.0215209 -0.014
-0.0225665 -0.015
-0.0236113 -0.016
-0.0246553 -0.017
-0.0256985 -0.018
-0.026741 -0.019
-0.0277828 -0.02
-0.0288239 -0.021
-0.0298644 -0.022
-0.0309042 -0.023
-0.0319435 -0.024
-0.0329821 -0.025
-0.0340202 -0.026
-0.0350577 -0.027
-0.0360947 -0.028
-0.0371312 -0.029
-0.0381671 -0.03
-0.0392026 -0.031
-0.0402377 -0.032
-0.0412722 -0.033
-0.0423064 -0.034
-0.0433401 -0.035
-0.0443733 -0.036
-0.0454062 -0.037
-0.0464387 -0.038
-0.0474708 -0.039
-0.0485026 -0.04
-0.0495339 -0.041
-0.050565 -0.042
-0.0515956 -0.043
-0.052626 -0.044
-0.053656 -0.045
-0.0546857 -0.046
-0.055715 -0.047
-0.0567441 -0.048
-0.0577729 -0.049
-0.0588014 -0.05
-0.0598296 -0.051
-0.0608575 -0.052
-0.0618852 -0.053
-0.0629126 -0.054
-0.0639397 -0.055
-0.0622731 -0.054
-0.0606064 -0.053
-0.0589397 -0.052
-0.0572731 -0.051
-0.0556064 -0.05
-0.0539397 -0.049
-0.0522731 -0.048
-0.0506064 -0.047
-0.0489397 -0.046
-0.0472731 -0.045
-0.0456064 -0.044
-0.0439397 -0.043
-0.0422731 -0.042
-0.0406064 -0.041
-0.0389418 -0.04
-0.0373031 -0.039
-0.0357343 -0.038
-0.034257 -0.037
-0.032863 -0.036
-0.0315343 -0.035
-0.0302545 -0.034
-0.0290119 -0.033
-0.0277979 -0.032
-0.0266064 -0.031
-0.025433 -0.03
-0.0242745 -0.029
-0.0231284 -0.028
-0.0219927 -0.027
-0.0208661 -0.026
-0.0197472 -0.025
-0.0186351 -0.024
-0.017529 -0.023
-0.0164283 -0.022
-0.0153324 -0.021
-0.0142407 -0.02
-0.0131529 -0.019
-0.0120687 -0.018
-0.0109877 -0.017
-0.00990974 -0.016
-0.00883446 -0.015
-0.00776172 -0.014
-0.00669133 -0.013
-0.00562312 -0.012
-0.00455694 -0.011
-0.00349267 -0.01
-0.00243018 -0.009
-0.00136936 -0.008
-0.000310127 -0.007
0.000747623 -0.006
0.00180397 -0.005
0.00285898 -0.004
0.00391274 -0.003
0.0049653 -0.002
0.00601672 -0.001
0.00706705 -1.11022e-16
0.00811636 0.001
0.00916468 0.002
0.0102121 0.003
0.0112585 0.004
0.0123041 0.005
0.0133489 0.006
0.0143929 0.007
0.0154362 0.008
0.0164787 0.009
0.0175205 0.01
0.0185616 0.011
0.019602 0.012
0.0206419 0.013
0.0216811 0.014
0.0227197 0.015
0.0237578 0.016
0.0247953 0.017
0.0258323 0.018
0.0268688 0.019
0.0279048 0.02
0.0289403 0.021
0.0299753 0.022
0.0310099 0.023
0.032044 0.024
0.0330777 0.025
0.034111 0.026
0.0351439 0.027
0.0361764 0.028
0.0372085 0.029
0.0382402 0.03
0.0392716 0.031
0.0403026 0.032
0.0413333 0.033
0.0423636 0.034
0.0433936 0.035
0.0444233 0.036
0.0454527 0.037
0.0464818 0.038
0.0475105 0.039
0.048539 0.04
0.0495672 0.041
0.0505952 0.042
0.0516228 0.043
0.0526502 0.044
0.0536774 0.045
0.0547042 0.046
0.0557309 0.047
0.0567573 0.048
0.0577834 0.049
0.0588093 0.05
0.0571427 0.049
0.055476 0.048
0.0538093 0.047
0.0521427 0.046
0.050476 0.045
0.0488093 0.044
0.0471427 0.043
0.045476 0.042
0.0438093 0.041
0.0421427 0.04
0.040476 0.039
0.0388093 0.038
0.0371427 0.037
0.035476 0.036
0.0338114 0.035
0.0321727 0.034
0.0306039 0.033
0.0291267 0.032
0.0277327 0.031
0.0264039 0.03
0.0251242 0.029
0.0238815 0.028
0.0226675 0.027
0.021476 0.026
0.0203026 0.025
0.0191441 0.024
0.017998 0.023
0.0168623 0.022
0.0157357 0.021
0.0146168 0.02
0.0135047 0.019
0.0123987 0.018
0.0112979 0.017
0.010202 0.016
0.00911032 0.015
0.00802256 0.014
0.00693834 0.013
0.00585736 0.012
0.00477935 0.011
0.00370408 0.01
0.00263134 0.009
0.00156094 0.008
0.000492731 0.007
-0.000573446 0.006
-0.00163772 0.005
-0.00270021 0.004
-0.00376102 0.003
-0.00482026 0.002
-0.00587801 0.001
-0.00693435 -1.11022e-16
