-0.000166654 -0.0001
-0.000333235 -0.0002
-0.000499668 -0.0003
-0.000665883 -0.0004
-0.000831811 -0.0005
-0.000997385 -0.0006
-0.00116254 -0.0007
-0.00132723 -0.0008
-0.00149138 -0.0009
-0.00165496 -0.001
-0.00181792 -0.0011
-0.00198021 -0.0012
-0.00214181 -0.0013
-0.00230269 -0.0014
-0.00246281 -0.0015
-0.00262217 -0.0016
-0.00278074 -0.0017
-0.00293851 -0.0018
-0.00309548 -0.0019
-0.00325163 -0.002
-0.00340698 -0.0021
-0.00356151 -0.0022
-0.00371523 -0.0023
-0.00386815 -0.0024
-0.00402026 -0.0025
-0.0041716 -0.0026
-0.00432215 -0.0027
-0.00447193 -0.0028
-0.00462096 -0.0029
-0.00476924 -0.003
-0.0049168 -0.0031
-0.00506364 -0.0032
-0.00520977 -0.0033
-0.00535522 -0.0034
-0.0055 -0.0035
-0.00564412 -0.0036
-0.00578759 -0.0037
-0.00593044 -0.0038
-0.00607267 -0.0039
-0.0062143 -0.004
-0.00635534 -0.0041
-0.00649581 -0.0042
-0.00663572 -0.0043
-0.00677509 -0.0044
-0.00691392 -0.0045
-0.00705223 -0.0046
-0.00719004 -0.0047
-0.00732735 -0.0048
-0.00746418 -0.0049
-0.00760054 -0.005
-0.00743388 -0.0049
-0.00726721 -0.0048
-0.00710054 -0.0047
-0.00693388 -0.0046
-0.00676721 -0.0045
-0.00660054 -0.0044
-0.00643388 -0.0043
-0.00626721 -0.0042
-0.00610054 -0.0041
-0.00593388 -0.004
-0.00576721 -0.0039
-0.00560054 -0.0038
-0.00543388 -0.0037
-0.00526721 -0.0036
-0.00510054 -0.0035
-0.00493388 -0.0034
-0.00476721 -0.0033
-0.00460054 -0.0032
-0.00443388 -0.0031
-0.00426721 -0.003
-0.00410054 -0.0029
-0.00393388 -0.0028
-0.00376721 -0.0027
-0.00360054 -0.0026
-0.00343388 -0.0025
-0.00326721 -0.0024
-0.00310054 -0.0023
-0.00293388 -0.0022
-0.00276721 -0.0021
-0.00260054 -0.002
-0.00243388 -0.0019
-0.00226721 -0.0018
-0.00210054 -0.0017
-0.00193388 -0.0016
-0.00176721 -0.0015
-0.00160054 -0.0014
-0.00143388 -0.0013
-0.00126721 -0.0012
-0.00110054 -0.0011
-0.000933875 -0.001
-0.000767221 -0.0009
-0.000600641 -0.0008
-0.000434207 -0.0007
-0.000267992 -0.0006
-0.000102064 -0.0005
6.351e-05 -0.0004
0.000228668 -0.0003
0.000393352 -0.0002
0.000557507 -0.0001
0.000721085 -2.43945e-19
0.000884041 0.0001
0.00104634 0.0002
0.00120794 0.0003
0.00136881 0.0004
0.00152894 0.0005
0.00168829 0.0006
0.00184686 0.0007
0.00200464 0.0008
0.0021616 0.0009
0.00231776 0.001
0.0024731 0.0011
0.00262763 0.0012
0.00278135 0.0013
0.00293427 0.0014
0.00308639 0.0015
0.00323772 0.0016
0.00338827 0.0017
0.00353806 0.0018
0.00368708 0.0019
0.00383537 0.002
0.00398292 0.0021
0.00412976 0.0022
0.0042759 0.0023
0.00442135 0.0024
0.00456612 0.0025
0.00471024 0.0026
0.00485372 0.0027
0.00499656 0.0028
0.00513879 0.0029
0.00528042 0.003
0.00542146 0.0031
0.00556193 0.0032
0.00570184 0.0033
0.00584121 0.0034
0.00598004 0.0035
0.00611836 0.0036
0.00625617 0.0037
0.00639348 0.0038
0.00653031 0.0039
0.00666667 0.004
0.00680257 0.0041
0.00693802 0.0042
0.00707303 0.0043
0.00720761 0.0044
0.00734178 0.0045
0.00747554 0.0046
0.0076089 0.0047
0.00774187 0.0048
0.00787446 0.0049
0.00800668 0.005
0.00784002 0.0049
0.00767335 0.0048
0.00750668 0.0047
0.00734002 0.0046
0.00717335 0.0045
0.00700668 0.0044
0.00684002 0.0043
0.00667335 0.0042
0.00650668 0.0041
0.00634002 0.004
0.00617335 0.0039
0.00600668 0.0038
0.00584002 0.0037
0.00567335 0.0036
0.00550668 0.0035
0.00534002 0.0034
0.00517335 0.0033
0.00500668 0.0032
0.00484002 0.0031
0.00467335 0.003
0.00450668 0.0029
0.00434002 0.0028
0.00417335 0.0027
0.00400668 0.0026
0.00384002 0.0025
0.00367335 0.0024
0.00350668 0.0023
0.00334002 0.0022
0.00317335 0.0021
0.00300668 0.002
0.00284002 0.0019
0.00267335 0.0018
0.00250668 0.0017
0.00234002 0.0016
0.00217335 0.0015
0.00200668 0.0014
0.00184002 0.0013
0.00167335 0.0012
0.00150668 0.0011
0.00134002 0.001
0.00117335 0.0009
0.00100668 0.0008
0.000840015 0.0007
0.000673348 0.0006
0.000506682 0.0005
0.000340015 0.0004
0.000173361 0.0003
6.78029e-06 0.0002
-0.000159653 0.0001
-0.000325868 2.43945e-19
-0.000491796 -0.0001
-0.00065737 -0.0002
-0.000822528 -0.0003
-0.000987212 -0.0004
-0.00115137 -0.0005
-0.00131494 -0.0006
-0.0014779 -0.0007
-0.0016402 -0.0008
-0.0018018 -0.0009
-0.00196267 -0.001
-0.0021228 -0.0011
-0.00228215 -0.0012
-0.00244072 -0.0013
-0.0025985 -0.0014
-0.00275546 -0.0015
-0.00291162 -0.0016
-0.00306696 -0.0017
-0.00322149 -0.0018
-0.00337521 -0.0019
-0.00352813 -0.002
-0.00368025 -0.0021
-0.00383158 -0.0022
-0.00398213 -0.0023
-0.00413192 -0.0024
-0.00428094 -0.0025
-0.00442923 -0.0026
-0.00457678 -0.0027
-0.00472362 -0.0028
-0.00486976 -0.0029
-0.00501521 -0.003
-0.00515998 -0.0031
-0.0053041 -0.0032
-0.00544758 -0.0033
-0.00559042 -0.0034
-0.00573265 -0.0035
-0.00587428 -0.0036
-0.00601532 -0.0037
-0.00615579 -0.0038
-0.0062957 -0.0039
-0.00643507 -0.004
-0.0065739 -0.0041
-0.00671222 -0.0042
-0.00685003 -0.0043
-0.00698734 -0.0044
-0.00712417 -0.0045
-0.00726053 -0.0046
-0.00739643 -0.0047
-0.00753188 -0.0048
-0.00766689 -0.0049
-0.00780147 -0.005
-0.00793564 -0.0051
-0.0080694 -0.0052
-0.00820276 -0.0053
-0.00833573 -0.0054
-0.00846832 -0.0055
-0.00860054 -0.0056
-0.0087324 -0.0057
-0.0088639 -0.0058
-0.00899506 -0.0059
-0.00912588 -0.006
-0.00925637 -0.0061
-0.00938653 -0.0062
-0.00951638 -0.0063
-0.00964592 -0.0064
-0.00977515 -0.0065
-0.00990409 -0.0066
-0.0100327 -0.0067
-0.0101611 -0.0068
-0.0102892 -0.0069
-0.010417 -0.007
-0.0105445 -0.0071
-0.0106718 -0.0072
-0.0107988 -0.0073
-0.0109256 -0.0074
-0.0110522 -0.0075
-0.0111784 -0.0076
-0.0113045 -0.0077
-0.0114303 -0.0078
-0.0115559 -0.0079
-0.0116813 -0.008
-0.0118064 -0.0081
-0.0119314 -0.0082
-0.0120561 -0.0083
-0.0121806 -0.0084
-0.0123049 -0.0085
-0.012429 -0.0086
-0.012553 -0.0087
-0.0126767 -0.0088
-0.0128002 -0.0089
-0.0129236 -0.009
-0.0130468 -0.0091
-0.0131697 -0.0092
-0.0132926 -0.0093
-0.0134152 -0.0094
-0.0135377 -0.0095
-0.01366 -0.0096
-0.0137821 -0.0097
-0.0139041 -0.0098
-0.0140259 -0.0099
-0.0141476 -0.01
-0.0142691 -0.0101
-0.0143905 -0.0102
-0.0145117 -0.0103
-0.0146327 -0.0104
-0.0147536 -0.0105
-0.0148744 -0.0106
-0.014995 -0.0107
-0.0151155 -0.0108
-0.0152359 -0.0109
-0.0153561 -0.011
-0.0154762 -0.0111
-0.0155962 -0.0112
-0.015716 -0.0113
-0.0158357 -0.0114
-0.0159553 -0.0115
-0.0160748 -0.0116
-0.0161941 -0.0117
-0.0163133 -0.0118
-0.0164324 -0.0119
-0.0165514 -0.012
-0.0166703 -0.0121
-0.0167891 -0.0122
-0.0169077 -0.0123
-0.0170262 -0.0124
-0.0171447 -0.0125
-0.017263 -0.0126
-0.0173812 -0.0127
-0.0174993 -0.0128
-0.0176174 -0.0129
-0.0177353 -0.013
-0.0178531 -0.0131
-0.0179708 -0.0132
-0.0180884 -0.0133
-0.0182059 -0.0134
-0.0183234 -0.0135
-0.0184407 -0.0136
-0.0185579 -0.0137
-0.0186751 -0.0138
-0.0187921 -0.0139
-0.0189091 -0.014
-0.019026 -0.0141
-0.0191428 -0.0142
-0.0192595 -0.0143
-0.0193761 -0.0144
-0.0194926 -0.0145
-0.0196091 -0.0146
-0.0197255 -0.0147
-0.0198418 -0.0148
-0.019958 -0.0149
-0.0200741 -0.015
-0.0199074 -0.0149
-0.0197408 -0.0148
-0.0195741 -0.0147
-0.0194074 -0.0146
-0.0192408 -0.0145
-0.0190741 -0.0144
-0.0189074 -0.0143
-0.0187408 -0.0142
-0.0185741 -0.0141
-0.0184074 -0.014
-0.0182408 -0.0139
-0.0180741 -0.0138
-0.0179074 -0.0137
-0.0177408 -0.0136
-0.0175741 -0.0135
-0.0174074 -0.0134
-0.0172408 -0.0133
-0.0170741 -0.0132
-0.0169074 -0.0131
-0.0167408 -0.013
-0.0165741 -0.0129
-0.0164074 -0.0128
-0.0162408 -0.0127
-0.0160741 -0.0126
-0.0159074 -0.0125
-0.0157408 -0.0124
-0.0155741 -0.0123
-0.0154074 -0.0122
-0.0152408 -0.0121
-0.0150741 -0.012
-0.0149074 -0.0119
-0.0147408 -0.0118
-0.0145741 -0.0117
-0.0144074 -0.0116
-0.0142408 -0.0115
-0.0140741 -0.0114
-0.0139074 -0.0113
-0.0137408 -0.0112
-0.0135741 -0.0111
-0.0134074 -0.011
-0.0132408 -0.0109
-0.0130741 -0.0108
-0.0129074 -0.0107
-0.0127408 -0.0106
-0.0125741 -0.0105
-0.0124074 -0.0104
-0.0122408 -0.0103
-0.0120741 -0.0102
-0.0119074 -0.0101
-0.0117408 -0.01
-0.0115741 -0.0099
-0.0114074 -0.0098
-0.0112408 -0.0097
-0.0110741 -0.0096
-0.0109074 -0.0095
-0.0107408 -0.0094
-0.0105741 -0.0093
-0.0104074 -0.0092
-0.0102408 -0.0091
-0.0100741 -0.009
-0.00990743 -0.0089
-0.00974076 -0.0088
-0.0095741 -0.0087
-0.00940743 -0.0086
-0.00924076 -0.0085
-0.0090741 -0.0084
-0.00890743 -0.0083
-0.00874076 -0.0082
-0.0085741 -0.0081
-0.00840743 -0.008
-0.00824076 -0.0079
-0.0080741 -0.0078
-0.00790743 -0.0077
-0.00774076 -0.0076
-0.0075741 -0.0075
-0.00740743 -0.0074
-0.00724076 -0.0073
-0.00707411 -0.0072
-0.00690753 -0.0071
-0.00674109 -0.007
-0.00657488 -0.0069
-0.00640895 -0.0068
-0.00624338 -0.0067
-0.00607822 -0.0066
-0.00591354 -0.0065
-0.00574938 -0.0064
-0.0055858 -0.0063
-0.00542285 -0.0062
-0.00526055 -0.0061
-0.00509895 -0.006
-0.00493808 -0.0059
-0.00477795 -0.0058
-0.0046186 -0.0057
-0.00446003 -0.0056
-0.00430225 -0.0055
-0.00414529 -0.0054
-0.00398913 -0.0053
-0.00383379 -0.0052
-0.00367926 -0.0051
-0.00352553 -0.005
-0.00337262 -0.0049
-0.0032205 -0.0048
-0.00306917 -0.0047
-0.00291862 -0.0046
-0.00276883 -0.0045
-0.0026198 -0.0044
-0.00247152 -0.0043
-0.00232396 -0.0042
-0.00217712 -0.0041
-0.00203099 -0.004
-0.00188554 -0.0039
-0.00174076 -0.0038
-0.00159665 -0.0037
-0.00145317 -0.0036
-0.00131033 -0.0035
-0.0011681 -0.0034
-0.00102647 -0.0033
-0.000885425 -0.0032
-0.000744954 -0.0031
-0.000605043 -0.003
-0.000465677 -0.0029
-0.000326843 -0.0028
-0.000188529 -0.0027
-5.07217e-05 -0.0026
8.65908e-05 -0.0025
0.000223421 -0.0024
0.000359779 -0.0023
0.000495678 -0.0022
0.000631128 -0.0021
0.00076614 -0.002
0.000900724 -0.0019
0.00103489 -0.0018
0.00116865 -0.0017
0.00130201 -0.0016
0.00143498 -0.0015
0.00156757 -0.0014
0.00169979 -0.0013
0.00183165 -0.0012
0.00196316 -0.0011
0.00209431 -0.001
0.00222513 -0.0009
0.00235562 -0.0008
0.00248578 -0.0007
0.00261563 -0.0006
0.00274517 -0.0005
0.0028744 -0.0004
0.00300334 -0.0003
0.00313199 -0.0002
0.00326035 -0.0001
0.00338843 -2.3038e-19
0.00351625 0.0001
0.00364379 0.0002
0.00377107 0.0003
0.0038981 0.0004
0.00402488 0.0005
0.00415141 0.0006
0.0042777 0.0007
0.00440375 0.0008
0.00452957 0.0009
0.00465516 0.001
0.00478053 0.0011
0.00490568 0.0012
0.00503062 0.0013
0.00515535 0.0014
0.00527987 0.0015
0.00540418 0.0016
0.0055283 0.0017
0.00565222 0.0018
0.00577595 0.0019
0.00589948 0.002
0.00602284 0.0021
0.00614601 0.0022
0.006269 0.0023
0.00639182 0.0024
0.00651446 0.0025
0.00663693 0.0026
0.00675924 0.0027
0.00688138 0.0028
0.00700336 0.0029
0.00712518 0.003
0.00724684 0.0031
0.00736835 0.0032
0.0074897 0.0033
0.00761091 0.0034
0.00773197 0.0035
0.00785289 0.0036
0.00797366 0.0037
0.00809429 0.0038
0.00821479 0.0039
0.00833515 0.004
0.00845537 0.0041
0.00857546 0.0042
0.00869543 0.0043
0.00881526 0.0044
0.00893497 0.0045
0.00905456 0.0046
0.00917402 0.0047
0.00929336 0.0048
0.00941258 0.0049
0.00953168 0.005
0.00965067 0.0051
0.00976954 0.0052
0.00988831 0.0053
0.010007 0.0054
0.0101255 0.0055
0.0102439 0.0056
0.0103623 0.0057
0.0104805 0.0058
0.0105986 0.0059
0.0107166 0.006
0.0108345 0.0061
0.0109523 0.0062
0.01107 0.0063
0.0111877 0.0064
0.0113052 0.0065
0.0114226 0.0066
0.0115399 0.0067
0.0116572 0.0068
0.0117743 0.0069
0.0118914 0.007
0.0120083 0.0071
0.0121252 0.0072
0.012242 0.0073
0.0123587 0.0074
0.0124753 0.0075
0.0125919 0.0076
0.0127083 0.0077
0.0128247 0.0078
0.012941 0.0079
0.0130572 0.008
0.0131733 0.0081
0.0132894 0.0082
0.0134054 0.0083
0.0135213 0.0084
0.0136371 0.0085
0.0137529 0.0086
0.0138685 0.0087
0.0139841 0.0088
0.0140997 0.0089
0.0142151 0.009
0.0143305 0.0091
0.0144458 0.0092
0.0145611 0.0093
0.0146762 0.0094
0.0147914 0.0095
0.0149064 0.0096
0.0150214 0.0097
0.0151363 0.0098
0.0152511 0.0099
0.0153659 0.01
0.0154806 0.0101
0.0155953 0.0102
0.0157099 0.0103
0.0158244 0.0104
0.0159389 0.0105
0.0160533 0.0106
0.0161676 0.0107
0.0162819 0.0108
0.0163961 0.0109
0.0165103 0.011
0.0166244 0.0111
0.0167385 0.0112
0.0168525 0.0113
0.0169664 0.0114
0.0170803 0.0115
0.0171941 0.0116
0.0173079 0.0117
0.0174216 0.0118
0.0175353 0.0119
0.0176489 0.012
0.0177625 0.0121
0.017876 0.0122
0.0179895 0.0123
0.0181029 0.0124
0.0182162 0.0125
0.0183295 0.0126
0.0184428 0.0127
0.018556 0.0128
0.0186692 0.0129
0.0187823 0.013
0.0188953 0.0131
0.0190083 0.0132
0.0191213 0.0133
0.0192342 0.0134
0.0193471 0.0135
0.0194599 0.0136
0.0195727 0.0137
0.0196855 0.0138
0.0197982 0.0139
0.0199108 0.014
0.0200234 0.0141
0.020136 0.0142
0.0202485 0.0143
0.020361 0.0144
0.0204734 0.0145
0.0205858 0.0146
0.0206981 0.0147
0.0208104 0.0148
0.0209227 0.0149
0.0210349 0.015
0.0208682 0.0149
0.0207016 0.0148
0.0205349 0.0147
0.0203682 0.0146
0.0202016 0.0145
0.0200349 0.0144
0.0198682 0.0143
0.0197016 0.0142
0.0195349 0.0141
0.0193682 0.014
0.0192016 0.0139
0.0190349 0.0138
0.0188682 0.0137
0.0187016 0.0136
0.0185349 0.0135
0.0183682 0.0134
0.0182016 0.0133
0.0180349 0.0132
0.0178682 0.0131
0.0177016 0.013
0.0175349 0.0129
0.0173682 0.0128
0.0172016 0.0127
0.0170349 0.0126
0.0168682 0.0125
0.0167016 0.0124
0.0165349 0.0123
0.0163682 0.0122
0.0162016 0.0121
0.0160349 0.012
0.0158682 0.0119
0.0157016 0.0118
0.0155349 0.0117
0.0153682 0.0116
0.0152016 0.0115
0.0150349 0.0114
0.0148682 0.0113
0.0147016 0.0112
0.0145349 0.0111
0.0143682 0.011
0.0142016 0.0109
0.0140349 0.0108
0.0138682 0.0107
0.0137016 0.0106
0.0135349 0.0105
0.0133682 0.0104
0.0132016 0.0103
0.0130349 0.0102
0.0128682 0.0101
0.0127016 0.01
0.0125349 0.0099
0.0123682 0.0098
0.0122016 0.0097
0.0120349 0.0096
0.0118682 0.0095
0.0117016 0.0094
0.0115349 0.0093
0.0113682 0.0092
0.0112016 0.0091
0.0110349 0.009
0.0108682 0.0089
0.0107016 0.0088
0.0105349 0.0087
0.0103682 0.0086
0.0102016 0.0085
0.0100349 0.0084
0.00986825 0.0083
0.00970158 0.0082
0.00953491 0.0081
0.00936825 0.008
0.00920158 0.0079
0.00903491 0.0078
0.00886825 0.0077
0.00870158 0.0076
0.00853491 0.0075
0.00836825 0.0074
0.00820158 0.0073
0.00803491 0.0072
0.00786825 0.0071
0.00770158 0.007
0.00753491 0.0069
0.00736825 0.0068
0.00720158 0.0067
0.00703491 0.0066
0.00686825 0.0065
0.00670158 0.0064
0.00653491 0.0063
0.00636825 0.0062
0.00620158 0.0061
0.00603491 0.006
0.00586825 0.0059
0.00570159 0.0058
0.00553501 0.0057
0.00536858 0.0056
0.00520236 0.0055
0.00503644 0.0054
0.00487086 0.0053
0.0047057 0.0052
0.00454102 0.0051
0.00437687 0.005
0.00421329 0.0049
0.00405033 0.0048
0.00388804 0.0047
0.00372644 0.0046
0.00356556 0.0045
0.00340544 0.0044
0.00324608 0.0043
0.00308751 0.0042
0.00292974 0.0041
0.00277277 0.004
0.00261661 0.0039
0.00246127 0.0038
0.00230674 0.0037
0.00215302 0.0036
0.0020001 0.0035
0.00184798 0.0034
0.00169665 0.0033
0.0015461 0.0032
0.00139632 0.0031
0.00124729 0.003
0.001099 0.0029
0.000951448 0.0028
0.00080461 0.0027
0.000658473 0.0026
0.000513024 0.0025
0.000368248 0.0024
0.00022413 0.0023
8.0656e-05 0.0022
-6.21886e-05 0.0021
-0.000204418 0.002
-0.000346048 0.0019
-0.00048709 0.0018
-0.000627561 0.0017
-0.000767472 0.0016
-0.000906838 0.0015
-0.00104567 0.0014
-0.00118399 0.0013
-0.00132179 0.0012
-0.00145911 0.0011
-0.00159594 0.001
-0.00173229 0.0009
-0.00186819 0.0008
-0.00200364 0.0007
-0.00213865 0.0006
-0.00227324 0.0005
-0.00240741 0.0004
-0.00254116 0.0003
-0.00267453 0.0002
-0.0028075 0.0001
-0.00294009 2.43945e-19
-0.00307231 -0.0001
-0.00320417 -0.0002
-0.00333567 -0.0003
-0.00346683 -0.0004
-0.00359765 -0.0005
-0.00372813 -0.0006
-0.0038583 -0.0007
-0.00398815 -0.0008
-0.00411768 -0.0009
-0.00424692 -0.001
-0.00437585 -0.0011
-0.0045045 -0.0012
-0.00463286 -0.0013
-0.00476095 -0.0014
-0.00488876 -0.0015
-0.00501631 -0.0016
-0.00514359 -0.0017
-0.00527062 -0.0018
-0.00539739 -0.0019
-0.00552392 -0.002
-0.00565021 -0.0021
-0.00577626 -0.0022
-0.00590209 -0.0023
-0.00602768 -0.0024
-0.00615305 -0.0025
-0.0062782 -0.0026
-0.00640314 -0.0027
-0.00652786 -0.0028
-0.00665238 -0.0029
-0.0067767 -0.003
-0.00690081 -0.0031
-0.00702473 -0.0032
-0.00714846 -0.0033
-0.007272 -0.0034
-0.00739535 -0.0035
-0.00751852 -0.0036
-0.00764152 -0.0037
-0.00776433 -0.0038
-0.00788698 -0.0039
-0.00800945 -0.004
-0.00813175 -0.0041
-0.00825389 -0.0042
-0.00837587 -0.0043
-0.00849769 -0.0044
-0.00861935 -0.0045
-0.00874086 -0.0046
-0.00886222 -0.0047
-0.00898343 -0.0048
-0.00910449 -0.0049
-0.0092254 -0.005
-0.00934617 -0.0051
-0.00946681 -0.0052
-0.0095873 -0.0053
-0.00970766 -0.0054
-0.00982789 -0.0055
-0.00994798 -0.0056
-0.0100679 -0.0057
-0.0101878 -0.0058
-0.0103075 -0.0059
-0.0104271 -0.006
-0.0105465 -0.0061
-0.0106659 -0.0062
-0.0107851 -0.0063
-0.0109042 -0.0064
-0.0110232 -0.0065
-0.0111421 -0.0066
-0.0112608 -0.0067
-0.0113795 -0.0068
-0.011498 -0.0069
-0.0116164 -0.007
-0.0117348 -0.0071
-0.011853 -0.0072
-0.0119711 -0.0073
-0.0120891 -0.0074
-0.012207 -0.0075
-0.0123248 -0.0076
-0.0124426 -0.0077
-0.0125602 -0.0078
-0.0126777 -0.0079
-0.0127951 -0.008
-0.0129125 -0.0081
-0.0130297 -0.0082
-0.0131468 -0.0083
-0.0132639 -0.0084
-0.0133809 -0.0085
-0.0134977 -0.0086
-0.0136145 -0.0087
-0.0137312 -0.0088
-0.0138479 -0.0089
-0.0139644 -0.009
-0.0140809 -0.0091
-0.0141972 -0.0092
-0.0143135 -0.0093
-0.0144297 -0.0094
-0.0145459 -0.0095
-0.0146619 -0.0096
-0.0147779 -0.0097
-0.0148938 -0.0098
-0.0150096 -0.0099
-0.0151254 -0.01
-0.015241 -0.0101
-0.0153566 -0.0102
-0.0154722 -0.0103
-0.0155876 -0.0104
-0.015703 -0.0105
-0.0158183 -0.0106
-0.0159336 -0.0107
-0.0160488 -0.0108
-0.0161639 -0.0109
-0.0162789 -0.011
-0.0163939 -0.0111
-0.0165088 -0.0112
-0.0166236 -0.0113
-0.0167384 -0.0114
-0.0168531 -0.0115
-0.0169678 -0.0116
-0.0170824 -0.0117
-0.0171969 -0.0118
-0.0173114 -0.0119
-0.0174258 -0.012
-0.0175401 -0.0121
-0.0176544 -0.0122
-0.0177687 -0.0123
-0.0178828 -0.0124
-0.0179969 -0.0125
-0.018111 -0.0126
-0.018225 -0.0127
-0.0183389 -0.0128
-0.0184528 -0.0129
-0.0185667 -0.013
-0.0186804 -0.0131
-0.0187942 -0.0132
-0.0189078 -0.0133
-0.0190214 -0.0134
-0.019135 -0.0135
-0.0192485 -0.0136
-0.019362 -0.0137
-0.0194754 -0.0138
-0.0195887 -0.0139
-0.019702 -0.014
-0.0198153 -0.0141
-0.0199285 -0.0142
-0.0200417 -0.0143
-0.0201548 -0.0144
-0.0202678 -0.0145
-0.0203809 -0.0146
-0.0204938 -0.0147
-0.0206068 -0.0148
-0.0207196 -0.0149
-0.0208325 -0.015
-0.0209452 -0.0151
-0.021058 -0.0152
-0.0211707 -0.0153
-0.0212833 -0.0154
-0.0213959 -0.0155
-0.0215085 -0.0156
-0.021621 -0.0157
-0.0217335 -0.0158
-0.0218459 -0.0159
-0.0219583 -0.016
-0.0220706 -0.0161
-0.0221829 -0.0162
-0.0222952 -0.0163
-0.0224074 -0.0164
-0.0225196 -0.0165
-0.0226318 -0.0166
-0.0227439 -0.0167
-0.0228559 -0.0168
-0.0229679 -0.0169
-0.0230799 -0.017
-0.0231919 -0.0171
-0.0233038 -0.0172
-0.0234156 -0.0173
-0.0235275 -0.0174
-0.0236393 -0.0175
-0.023751 -0.0176
-0.0238627 -0.0177
-0.0239744 -0.0178
-0.0240861 -0.0179
-0.0241977 -0.018
-0.0243092 -0.0181
-0.0244208 -0.0182
-0.0245323 -0.0183
-0.0246437 -0.0184
-0.0247552 -0.0185
-0.0248666 -0.0186
-0.0249779 -0.0187
-0.0250892 -0.0188
-0.0252005 -0.0189
-0.0253118 -0.019
-0.025423 -0.0191
-0.0255342 -0.0192
-0.0256454 -0.0193
-0.0257565 -0.0194
-0.0258676 -0.0195
-0.0259787 -0.0196
-0.0260897 -0.0197
-0.0262007 -0.0198
-0.0263117 -0.0199
-0.0264226 -0.02
-0.0265335 -0.0201
-0.0266444 -0.0202
-0.0267552 -0.0203
-0.026866 -0.0204
-0.0269768 -0.0205
-0.0270876 -0.0206
-0.0271983 -0.0207
-0.027309 -0.0208
-0.0274196 -0.0209
-0.0275303 -0.021
-0.0276409 -0.0211
-0.0277514 -0.0212
-0.027862 -0.0213
-0.0279725 -0.0214
-0.028083 -0.0215
-0.0281934 -0.0216
-0.0283039 -0.0217
-0.0284143 -0.0218
-0.0285247 -0.0219
-0.028635 -0.022
-0.0287453 -0.0221
-0.0288556 -0.0222
-0.0289659 -0.0223
-0.0290761 -0.0224
-0.0291863 -0.0225
-0.0292965 -0.0226
-0.0294067 -0.0227
-0.0295168 -0.0228
-0.0296269 -0.0229
-0.029737 -0.023
-0.0298471 -0.0231
-0.0299571 -0.0232
-0.0300671 -0.0233
-0.0301771 -0.0234
-0.0302871 -0.0235
-0.030397 -0.0236
-0.0305069 -0.0237
-0.0306168 -0.0238
-0.0307266 -0.0239
-0.0308365 -0.024
-0.0309463 -0.0241
-0.0310561 -0.0242
-0.0311658 -0.0243
-0.0312756 -0.0244
-0.0313853 -0.0245
-0.031495 -0.0246
-0.0316046 -0.0247
-0.0317143 -0.0248
-0.0318239 -0.0249
-0.0319335 -0.025
-0.0317668 -0.0249
-0.0316002 -0.0248
-0.0314335 -0.0247
-0.0312668 -0.0246
-0.0311002 -0.0245
-0.0309335 -0.0244
-0.0307668 -0.0243
-0.0306002 -0.0242
-0.0304335 -0.0241
-0.0302668 -0.024
-0.0301002 -0.0239
-0.0299335 -0.0238
-0.0297668 -0.0237
-0.0296002 -0.0236
-0.0294335 -0.0235
-0.0292668 -0.0234
-0.0291002 -0.0233
-0.0289335 -0.0232
-0.0287668 -0.0231
-0.0286002 -0.023
-0.0284335 -0.0229
-0.0282668 -0.0228
-0.0281002 -0.0227
-0.0279335 -0.0226
-0.0277668 -0.0225
-0.0276002 -0.0224
-0.0274335 -0.0223
-0.0272668 -0.0222
-0.0271002 -0.0221
-0.0269335 -0.022
-0.0267668 -0.0219
-0.0266002 -0.0218
-0.0264335 -0.0217
-0.0262668 -0.0216
-0.0261002 -0.0215
-0.0259335 -0.0214
-0.0257668 -0.0213
-0.0256002 -0.0212
-0.0254335 -0.0211
-0.0252668 -0.021
-0.0251002 -0.0209
-0.0249335 -0.0208
-0.0247668 -0.0207
-0.0246002 -0.0206
-0.0244335 -0.0205
-0.0242668 -0.0204
-0.0241002 -0.0203
-0.0239335 -0.0202
-0.0237668 -0.0201
-0.0236002 -0.02
-0.0234335 -0.0199
-0.0232668 -0.0198
-0.0231002 -0.0197
-0.0229335 -0.0196
-0.0227668 -0.0195
-0.0226002 -0.0194
-0.0224335 -0.0193
-0.0222668 -0.0192
-0.0221002 -0.0191
-0.0219335 -0.019
-0.0217668 -0.0189
-0.0216002 -0.0188
-0.0214335 -0.0187
-0.0212668 -0.0186
-0.0211002 -0.0185
-0.0209335 -0.0184
-0.0207668 -0.0183
-0.0206002 -0.0182
-0.0204335 -0.0181
-0.0202668 -0.018
-0.0201002 -0.0179
-0.0199335 -0.0178
-0.0197668 -0.0177
-0.0196002 -0.0176
-0.0194335 -0.0175
-0.0192668 -0.0174
-0.0191002 -0.0173
-0.0189335 -0.0172
-0.0187668 -0.0171
-0.0186002 -0.017
-0.0184335 -0.0169
-0.0182668 -0.0168
-0.0181002 -0.0167
-0.0179335 -0.0166
-0.0177668 -0.0165
-0.0176002 -0.0164
-0.0174335 -0.0163
-0.0172668 -0.0162
-0.0171002 -0.0161
-0.0169335 -0.016
-0.0167668 -0.0159
-0.0166002 -0.0158
-0.0164335 -0.0157
-0.0162668 -0.0156
-0.0161002 -0.0155
-0.0159335 -0.0154
-0.0157668 -0.0153
-0.0156002 -0.0152
-0.0154335 -0.0151
-0.0152668 -0.015
-0.0151002 -0.0149
-0.0149335 -0.0148
-0.0147668 -0.0147
-0.0146002 -0.0146
-0.0144335 -0.0145
-0.0142668 -0.0144
-0.0141003 -0.0143
-0.0139338 -0.0142
-0.0137676 -0.0141
-0.0136017 -0.014
-0.0134361 -0.0139
-0.013271 -0.0138
-0.0131063 -0.0137
-0.0129421 -0.0136
-0.0127785 -0.0135
-0.0126156 -0.0134
-0.0124533 -0.0133
-0.0122917 -0.0132
-0.0121308 -0.0131
-0.0119707 -0.013
-0.0118113 -0.0129
-0.0116528 -0.0128
-0.011495 -0.0127
-0.011338 -0.0126
-0.0111819 -0.0125
-0.0110265 -0.0124
-0.010872 -0.0123
-0.0107183 -0.0122
-0.0105654 -0.0121
-0.0104132 -0.012
-0.0102619 -0.0119
-0.0101113 -0.0118
-0.00996156 -0.0117
-0.00981254 -0.0116
-0.00966425 -0.0115
-0.0095167 -0.0114
-0.00936986 -0.0113
-0.00922372 -0.0112
-0.00907827 -0.0111
-0.0089335 -0.011
-0.00878938 -0.0109
-0.0086459 -0.0108
-0.00850306 -0.0107
-0.00836083 -0.0106
-0.0082192 -0.0105
-0.00807816 -0.0104
-0.00793769 -0.0103
-0.00779778 -0.0102
-0.00765841 -0.0101
-0.00751958 -0.01
-0.00738126 -0.0099
-0.00724346 -0.0098
-0.00710614 -0.0097
-0.00696931 -0.0096
-0.00683295 -0.0095
-0.00669706 -0.0094
-0.00656161 -0.0093
-0.00642659 -0.0092
-0.00629201 -0.0091
-0.00615784 -0.009
-0.00602408 -0.0089
-0.00589072 -0.0088
-0.00575775 -0.0087
-0.00562516 -0.0086
-0.00549294 -0.0085
-0.00536108 -0.0084
-0.00522958 -0.0083
-0.00509842 -0.0082
-0.0049676 -0.0081
-0.00483711 -0.008
-0.00470695 -0.0079
-0.0045771 -0.0078
-0.00444757 -0.0077
-0.00431833 -0.0076
-0.00418939 -0.0075
-0.00406075 -0.0074
-0.00393238 -0.0073
-0.0038043 -0.0072
-0.00367649 -0.0071
-0.00354894 -0.007
-0.00342166 -0.0069
-0.00329463 -0.0068
-0.00316786 -0.0067
-0.00304133 -0.0066
-0.00291504 -0.0065
-0.00278898 -0.0064
-0.00266316 -0.0063
-0.00253757 -0.0062
-0.0024122 -0.0061
-0.00228705 -0.006
-0.00216211 -0.0059
-0.00203739 -0.0058
-0.00191287 -0.0057
-0.00178855 -0.0056
-0.00166444 -0.0055
-0.00154052 -0.0054
-0.00141679 -0.0053
-0.00129325 -0.0052
-0.0011699 -0.0051
-0.00104672 -0.005
-0.000923732 -0.0049
-0.000800916 -0.0048
-0.000678274 -0.0047
-0.000555801 -0.0046
-0.000433496 -0.0045
-0.000311356 -0.0044
-0.000189378 -0.0043
-6.75583e-05 -0.0042
5.41042e-05 -0.0041
0.000175613 -0.004
0.000296969 -0.0039
0.000418177 -0.0038
0.000539237 -0.0037
0.000660153 -0.0036
0.000780926 -0.0035
0.000901559 -0.0034
0.00102205 -0.0033
0.00114241 -0.0032
0.00126264 -0.0031
0.00138273 -0.003
0.00150269 -0.0029
0.00162253 -0.0028
0.00174224 -0.0027
0.00186182 -0.0026
0.00198128 -0.0025
0.00210062 -0.0024
0.00221985 -0.0023
0.00233895 -0.0022
0.00245794 -0.0021
0.00257681 -0.002
0.00269557 -0.0019
0.00281422 -0.0018
0.00293276 -0.0017
0.00305119 -0.0016
0.00316952 -0.0015
0.00328774 -0.0014
0.00340586 -0.0013
0.00352387 -0.0012
0.00364178 -0.0011
0.00375959 -0.001
0.00387731 -0.0009
0.00399492 -0.0008
0.00411245 -0.0007
0.00422987 -0.0006
0.0043472 -0.0005
0.00446444 -0.0004
0.00458159 -0.0003
0.00469865 -0.0002
0.00481561 -0.0001
0.00493249 -2.43945e-19
0.00504929 0.0001
0.00516599 0.0002
0.00528262 0.0003
0.00539915 0.0004
0.00551561 0.0005
0.00563198 0.0006
0.00574827 0.0007
0.00586448 0.0008
0.00598061 0.0009
0.00609667 0.001
0.00621264 0.0011
0.00632854 0.0012
0.00644437 0.0013
0.00656012 0.0014
0.00667579 0.0015
0.00679139 0.0016
0.00690692 0.0017
0.00702238 0.0018
0.00713777 0.0019
0.00725308 0.002
0.00736833 0.0021
0.00748351 0.0022
0.00759862 0.0023
0.00771366 0.0024
0.00782864 0.0025
0.00794355 0.0026
0.00805839 0.0027
0.00817317 0.0028
0.00828789 0.0029
0.00840255 0.003
0.00851714 0.0031
0.00863167 0.0032
0.00874613 0.0033
0.00886054 0.0034
0.00897489 0.0035
0.00908918 0.0036
0.00920341 0.0037
0.00931758 0.0038
0.00943169 0.0039
0.00954574 0.004
0.00965974 0.0041
0.00977369 0.0042
0.00988757 0.0043
0.0100014 0.0044
0.0101152 0.0045
0.0102289 0.0046
0.0103426 0.0047
0.0104562 0.0048
0.0105698 0.0049
0.0106833 0.005
0.0107967 0.0051
0.0109101 0.0052
0.0110235 0.0053
0.0111368 0.0054
0.0112501 0.0055
0.0113633 0.0056
0.0114764 0.0057
0.0115895 0.0058
0.0117026 0.0059
0.0118156 0.006
0.0119286 0.0061
0.0120415 0.0062
0.0121544 0.0063
0.0122672 0.0064
0.01238 0.0065
0.0124927 0.0066
0.0126054 0.0067
0.0127181 0.0068
0.0128307 0.0069
0.0129432 0.007
0.0130558 0.0071
0.0131682 0.0072
0.0132807 0.0073
0.013393 0.0074
0.0135054 0.0075
0.0136177 0.0076
0.01373 0.0077
0.0138422 0.0078
0.0139544 0.0079
0.0140665 0.008
0.0141786 0.0081
0.0142907 0.0082
0.0144027 0.0083
0.0145147 0.0084
0.0146266 0.0085
0.0147385 0.0086
0.0148504 0.0087
0.0149622 0.0088
0.015074 0.0089
0.0151858 0.009
0.0152975 0.0091
0.0154092 0.0092
0.0155208 0.0093
0.0156324 0.0094
0.015744 0.0095
0.0158555 0.0096
0.015967 0.0097
0.0160785 0.0098
0.0161899 0.0099
0.0163013 0.01
0.0164127 0.0101
0.016524 0.0102
0.0166353 0.0103
0.0167466 0.0104
0.0168578 0.0105
0.016969 0.0106
0.0170801 0.0107
0.0171913 0.0108
0.0173024 0.0109
0.0174134 0.011
0.0175244 0.0111
0.0176354 0.0112
0.0177464 0.0113
0.0178573 0.0114
0.0179682 0.0115
0.0180791 0.0116
0.01819 0.0117
0.0183008 0.0118
0.0184116 0.0119
0.0185223 0.012
0.018633 0.0121
0.0187437 0.0122
0.0188544 0.0123
0.018965 0.0124
0.0190756 0.0125
0.0191862 0.0126
0.0192967 0.0127
0.0194073 0.0128
0.0195177 0.0129
0.0196282 0.013
0.0197386 0.0131
0.019849 0.0132
0.0199594 0.0133
0.0200698 0.0134
0.0201801 0.0135
0.0202904 0.0136
0.0204006 0.0137
0.0205109 0.0138
0.0206211 0.0139
0.0207313 0.014
0.0208414 0.0141
0.0209516 0.0142
0.0210617 0.0143
0.0211718 0.0144
0.0212818 0.0145
0.0213919 0.0146
0.0215019 0.0147
0.0216119 0.0148
0.0217218 0.0149
0.0218317 0.015
0.0219416 0.0151
0.0220515 0.0152
0.0221614 0.0153
0.0222712 0.0154
0.022381 0.0155
0.0224908 0.0156
0.0226006 0.0157
0.0227103 0.0158
0.02282 0.0159
0.0229297 0.016
0.0230394 0.0161
0.023149 0.0162
0.0232586 0.0163
0.0233682 0.0164
0.0234778 0.0165
0.0235874 0.0166
0.0236969 0.0167
0.0238064 0.0168
0.0239159 0.0169
0.0240254 0.017
0.0241348 0.0171
0.0242442 0.0172
0.0243536 0.0173
0.024463 0.0174
0.0245723 0.0175
0.0246817 0.0176
0.024791 0.0177
0.0249003 0.0178
0.0250096 0.0179
0.0251188 0.018
0.025228 0.0181
0.0253372 0.0182
0.0254464 0.0183
0.0255556 0.0184
0.0256647 0.0185
0.0257739 0.0186
0.025883 0.0187
0.025992 0.0188
0.0261011 0.0189
0.0262102 0.019
0.0263192 0.0191
0.0264282 0.0192
0.0265372 0.0193
0.0266461 0.0194
0.0267551 0.0195
0.026864 0.0196
0.0269729 0.0197
0.0270818 0.0198
0.0271907 0.0199
0.0272995 0.02
0.0274084 0.0201
0.0275172 0.0202
0.027626 0.0203
0.0277347 0.0204
0.0278435 0.0205
0.0279522 0.0206
0.028061 0.0207
0.0281697 0.0208
0.0282784 0.0209
0.028387 0.021
0.0284957 0.0211
0.0286043 0.0212
0.0287129 0.0213
0.0288215 0.0214
0.0289301 0.0215
0.0290387 0.0216
0.0291472 0.0217
0.0292557 0.0218
0.0293643 0.0219
0.0294727 0.022
0.0295812 0.0221
0.0296897 0.0222
0.0297981 0.0223
0.0299066 0.0224
0.030015 0.0225
0.0301234 0.0226
0.0302317 0.0227
0.0303401 0.0228
0.0304484 0.0229
0.0305568 0.023
0.0306651 0.0231
0.0307734 0.0232
0.0308817 0.0233
0.0309899 0.0234
0.0310982 0.0235
0.0312064 0.0236
0.0313146 0.0237
0.0314228 0.0238
0.031531 0.0239
0.0316392 0.024
0.0317473 0.0241
0.0318555 0.0242
0.0319636 0.0243
0.0320717 0.0244
0.0321798 0.0245
0.0322879 0.0246
0.0323959 0.0247
0.032504 0.0248
0.032612 0.0249
0.03272 0.025
0.0310534 0.024
0.0293867 0.023
0.02772 0.022
0.0260534 0.021
0.0243867 0.02
0.02272 0.019
0.0210534 0.018
0.0193867 0.017
0.01772 0.016
0.0160534 0.015
0.0143867 0.014
0.01272 0.013
0.0110651 0.012
0.00946839 0.011
0.00795078 0.01
0.00650573 0.009
0.00511948 0.008
0.00377947 0.007
0.00247592 0.006
0.00120156 0.005
-4.90358e-05 0.004
-0.00127998 0.003
-0.0024944 0.002
-0.00369476 0.001
-0.00488299 -1.11022e-16
-0.00606067 -0.001
-0.00722908 -0.002
-0.00838926 -0.003
-0.00954211 -0.004
-0.0106884 -0.005
-0.0118287 -0.006
-0.0129635 -0.007
-0.0140935 -0.008
-0.0152189 -0.009
-0.0163401 -0.01
-0.0174575 -0.011
-0.0185712 -0.012
-0.0196817 -0.013
-0.0207891 -0.014
-0.0218936 -0.015
-0.0229953 -0.016
-0.0240945 -0.017
-0.0251913 -0.018
-0.0262858 -0.019
-0.0273782 -0.02
-0.0284686 -0.021
-0.029557 -0.022
-0.0306436 -0.023
-0.0317284 -0.024
-0.0328116 -0.025
-0.0338933 -0.026
-0.0349734 -0.027
-0.036052 -0.028
-0.0371293 -0.029
-0.0382053 -0.03
-0.03928 -0.031
-0.0403534 -0.032
-0.0414257 -0.033
-0.0424969 -0.034
-0.043567 -0.035
-0.0419003 -0.034
-0.0402337 -0.033
-0.038567 -0.032
-0.0369003 -0.031
-0.0352337 -0.03
-0.033567 -0.029
-0.0319003 -0.028
-0.0302337 -0.027
-0.028567 -0.026
-0.0269003 -0.025
-0.0252337 -0.024
-0.023567 -0.023
-0.0219003 -0.022
-0.0202454 -0.021
-0.0186487 -0.02
-0.0171311 -0.019
-0.015686 -0.018
-0.0142998 -0.017
-0.0129598 -0.016
-0.0116562 -0.015
-0.0103819 -0.014
-0.00913128 -0.013
-0.00790034 -0.012
-0.00668592 -0.011
-0.00548556 -0.01
-0.00429733 -0.009
-0.00311964 -0.008
-0.00195124 -0.007
-0.000791053 -0.006
0.000361792 -0.005
0.00150804 -0.004
0.00264834 -0.003
0.00378321 -0.002
0.00491315 -0.001
0.00603854 -1.11022e-16
0.00715977 0.001
0.00827714 0.002
0.00939093 0.003
0.0105014 0.004
0.0116088 0.005
0.0127132 0.006
0.013815 0.007
0.0149142 0.008
0.016011 0.009
0.0171055 0.01
0.0181979 0.011
0.0192882 0.012
0.0203767 0.013
0.0214633 0.014
0.0225481 0.015
0.0236313 0.016
0.0247129 0.017
0.025793 0.018
0.0268717 0.019
0.027949 0.02
0.029025 0.021
0.0300997 0.022
0.0311731 0.023
0.0322454 0.024
0.0333166 0.025
0.0343867 0.026
0.0354557 0.027
0.0365238 0.028
0.0375908 0.029
0.0386569 0.03
0.0397222 0.031
0.0407865 0.032
0.04185 0.033
0.0429126 0.034
0.0439745 0.035
0.0423078 0.034
0.0406412 0.033
0.0389745 0.032
0.0373078 0.031
0.0356412 0.03
0.0339745 0.029
0.0323078 0.028
0.0306412 0.027
0.0289745 0.026
0.0273078 0.025
0.0256412 0.024
0.0239745 0.023
0.0223078 0.022
0.0206412 0.021
0.0189862 0.02
0.0173895 0.019
0.0158719 0.018
0.0144269 0.017
0.0130406 0.016
0.0117006 0.015
0.0103971 0.014
0.00912269 0.013
0.00787209 0.012
0.00664115 0.011
0.00542673 0.01
0.00422637 0.009
0.00303814 0.008
0.00186045 0.007
0.000692048 0.006
-0.000468136 0.005
-0.00162098 0.004
-0.00276723 0.003
-0.00390753 0.002
-0.0050424 0.001
-0.00617233 -1.11022e-16
-0.00729773 -0.001
-0.00841896 -0.002
-0.00953633 -0.003
-0.0106501 -0.004
-0.0117606 -0.005
-0.012868 -0.006
-0.0139724 -0.007
-0.0150742 -0.008
-0.0161734 -0.009
-0.0172702 -0.01
-0.0183647 -0.011
-0.0194571 -0.012
-0.0205474 -0.013
-0.0216359 -0.014
-0.0227224 -0.015
-0.0238073 -0.016
-0.0248905 -0.017
-0.0259721 -0.018
-0.0270522 -0.019
-0.0281309 -0.02
-0.0292082 -0.021
-0.0302842 -0.022
-0.0313588 -0.023
-0.0324323 -0.024
-0.0335046 -0.025
-0.0345758 -0.026
-0.0356459 -0.027
-0.0367149 -0.028
-0.037783 -0.029
-0.03885 -0.03
-0.0399161 -0.031
-0.0409813 -0.032
-0.0420457 -0.033
-0.0431092 -0.034
-0.0441718 -0.035
-0.0452337 -0.036
-0.0462948 -0.037
-0.0473551 -0.038
-0.0484147 -0.039
-0.0494736 -0.04
-0.0505318 -0.041
-0.0515894 -0.042
-0.0526463 -0.043
-0.0537026 -0.044
-0.0547582 -0.045
-0.0530915 -0.044
-0.0514249 -0.043
-0.0497582 -0.042
-0.0480915 -0.041
-0.0464249 -0.04
-0.0447582 -0.039
-0.0430915 -0.038
-0.0414249 -0.037
-0.0397582 -0.036
-0.0380915 -0.035
-0.0364249 -0.034
-0.0347582 -0.033
-0.0330915 -0.032
-0.0314249 -0.031
-0.0297582 -0.03
-0.0281033 -0.029
-0.0265066 -0.028
-0.024989 -0.027
-0.0235439 -0.026
-0.0221577 -0.025
-0.0208177 -0.024
-0.0195141 -0.023
-0.0182398 -0.022
-0.0169892 -0.021
-0.0157582 -0.02
-0.0145438 -0.019
-0.0133434 -0.018
-0.0121552 -0.017
-0.0109775 -0.016
-0.00980911 -0.015
-0.00864892 -0.014
-0.00749608 -0.013
-0.00634983 -0.012
-0.00520953 -0.011
-0.00407466 -0.01
-0.00294472 -0.009
-0.00181932 -0.008
-0.000698099 -0.007
0.000419269 -0.006
0.00153306 -0.005
0.00264353 -0.004
0.0037509 -0.003
0.00485537 -0.002
0.00595712 -0.001
0.00705632 -1.11022e-16
0.00815311 0.001
0.00924763 0.002
0.01034 0.003
0.0114304 0.004
0.0125188 0.005
0.0136054 0.006
0.0146902 0.007
0.0157734 0.008
0.0168551 0.009
0.0179352 0.01
0.0190138 0.011
0.0200911 0.012
0.0211671 0.013
0.0222418 0.014
0.0233153 0.015
0.0243876 0.016
0.0254587 0.017
0.0265288 0.018
0.0275979 0.019
0.0286659 0.02
0.029733 0.021
0.0307991 0.022
0.0318643 0.023
0.0329286 0.024
0.0339921 0.025
0.0350548 0.026
0.0361166 0.027
0.0371777 0.028
0.038238 0.029
0.0392977 0.03
0.0403566 0.031
0.0414148 0.032
0.0424723 0.033
0.0435292 0.034
0.0445855 0.035
0.0456412 0.036
0.0466962 0.037
0.0477507 0.038
0.0488046 0.039
0.049858 0.04
0.0509108 0.041
0.0519631 0.042
0.0530148 0.043
0.0540661 0.044
0.0551169 0.045
0.0534502 0.044
0.0517836 0.043
0.0501169 0.042
0.0484502 0.041
0.0467836 0.04
0.0451169 0.039
0.0434502 0.038
0.0417836 0.037
0.0401169 0.036
0.0384502 0.035
0.0367836 0.034
0.0351169 0.033
0.0334502 0.032
0.0317836 0.031
0.0301169 0.03
0.0284502 0.029
0.0267953 0.028
0.0251986 0.027
0.023681 0.026
0.0222359 0.025
0.0208497 0.024
0.0195097 0.023
0.0182061 0.022
0.0169318 0.021
0.0156812 0.02
0.0144502 0.019
0.0132358 0.018
0.0120354 0.017
0.0108472 0.016
0.00966953 0.015
0.00850112 0.014
0.00734094 0.013
0.00618809 0.012
0.00504184 0.011
0.00390155 0.01
0.00276667 0.009
0.00163674 0.008
0.000511341 0.007
-0.000609885 0.006
-0.00172725 0.005
-0.00284105 0.004
-0.00395152 0.003
-0.00505888 0.002
-0.00616335 0.001
-0.0072651 -1.11022e-16
-0.0083643 -0.001
-0.00946109 -0.002
-0.0105556 -0.003
-0.011648 -0.004
-0.0127383 -0.005
-0.0138268 -0.006
-0.0149134 -0.007
-0.0159982 -0.008
-0.0170814 -0.009
-0.0181631 -0.01
-0.0192432 -0.011
-0.0203218 -0.012
-0.0213991 -0.013
-0.0224751 -0.014
-0.0235498 -0.015
-0.0246232 -0.016
-0.0256955 -0.017
-0.0267667 -0.018
-0.0278368 -0.019
-0.0289058 -0.02
-0.0299739 -0.021
-0.0310409 -0.022
-0.0321071 -0.023
-0.0331723 -0.024
-0.0342366 -0.025
-0.0353001 -0.026
-0.0363627 -0.027
-0.0374246 -0.028
-0.0384857 -0.029
-0.039546 -0.03
-0.0406056 -0.031
-0.0416645 -0.032
-0.0427228 -0.033
-0.0437803 -0.034
-0.0448372 -0.035
-0.0458935 -0.036
-0.0469491 -0.037
-0.0480042 -0.038
-0.0490587 -0.039
-0.0501126 -0.04
-0.0511659 -0.041
-0.0522188 -0.042
-0.053271 -0.043
-0.0543228 -0.044
-0.0553741 -0.045
-0.0564249 -0.046
-0.0574752 -0.047
-0.058525 -0.048
-0.0595744 -0.049
-0.0606233 -0.05
-0.0616718 -0.051
-0.0627199 -0.052
-0.0637676 -0.053
-0.0648148 -0.054
-0.0658617 -0.055
-0.064195 -0.054
-0.0625283 -0.053
-0.0608617 -0.052
-0.059195 -0.051
-0.0575283 -0.05
-0.0558617 -0.049
-0.054195 -0.048
-0.0525283 -0.047
-0.0508617 -0.046
-0.049195 -0.045
-0.0475283 -0.044
-0.0458617 -0.043
-0.044195 -0.042
-0.0425283 -0.041
-0.0408617 -0.04
-0.039195 -0.039
-0.0375283 -0.038
-0.0358734 -0.037
-0.0342767 -0.036
-0.0327591 -0.035
-0.031314 -0.034
-0.0299278 -0.033
-0.0285878 -0.032
-0.0272842 -0.031
-0.0260099 -0.03
-0.0247593 -0.029
-0.0235283 -0.028
-0.0223139 -0.027
-0.0211135 -0.026
-0.0199253 -0.025
-0.0187476 -0.024
-0.0175792 -0.023
-0.016419 -0.022
-0.0152662 -0.021
-0.0141199 -0.02
-0.0129796 -0.019
-0.0118448 -0.018
-0.0107148 -0.017
-0.00958944 -0.016
-0.00846822 -0.015
-0.00735085 -0.014
-0.00623705 -0.013
-0.00512658 -0.012
-0.00401922 -0.011
-0.00291475 -0.01
-0.001813 -0.009
-0.000713801 -0.008
0.000382992 -0.007
0.00147752 -0.006
0.0025699 -0.005
0.00366025 -0.004
0.00474868 -0.003
0.00583527 -0.002
0.00692013 -0.001
0.00800333 -1.11022e-16
0.00908495 0.001
0.0101651 0.002
0.0112437 0.003
0.012321 0.004
0.013397 0.005
0.0144717 0.006
0.0155451 0.007
0.0166174 0.008
0.0176886 0.009
0.0187587 0.01
0.0198277 0.011
0.0208958 0.012
0.0219628 0.013
0.023029 0.014
0.0240942 0.015
0.0251585 0.016
0.026222 0.017
0.0272846 0.018
0.0283465 0.019
0.0294076 0.02
0.0304679 0.021
0.0315275 0.022
0.0325864 0.023
0.0336447 0.024
0.0347022 0.025
0.0357591 0.026
0.0368154 0.027
0.037871 0.028
0.0389261 0.029
0.0399806 0.03
0.0410345 0.031
0.0420878 0.032
0.0431407 0.033
0.0441929 0.034
0.0452447 0.035
0.046296 0.036
0.0473468 0.037
0.0483971 0.038
0.0494469 0.039
0.0504963 0.04
0.0515452 0.041
0.0525937 0.042
0.0536418 0.043
0.0546895 0.044
0.0557367 0.045
0.0567836 0.046
0.05783 0.047
0.0588761 0.048
0.0599218 0.049
0.0609671 0.05
0.0593004 0.049
0.0576338 0.048
0.0559671 0.047
0.0543004 0.046
0.0526338 0.045
0.0509671 0.044
0.0493004 0.043
0.0476338 0.042
0.0459671 0.041
0.0443004 0.04
0.0426338 0.039
0.0409671 0.038
0.0393004 0.037
0.0376338 0.036
0.0359671 0.035
0.0343004 0.034
0.0326338 0.033
0.0309788 0.032
0.0293821 0.031
0.0278645 0.03
0.0264195 0.029
0.0250332 0.028
0.0236932 0.027
0.0223897 0.026
0.0211153 0.025
0.0198647 0.024
0.0186338 0.023
0.0174193 0.022
0.016219 0.021
0.0150307 0.02
0.0138531 0.019
0.0126847 0.018
0.0115245 0.017
0.0103716 0.016
0.00922537 0.015
0.00808508 0.014
0.0069502 0.013
0.00582027 0.012
0.00469487 0.011
0.00357365 0.01
0.00245628 0.009
0.00134248 0.008
0.000232015 0.007
-0.000875353 0.006
-0.00197982 0.005
-0.00308157 0.004
-0.00418077 0.003
-0.00527756 0.002
-0.00637209 0.001
-0.00746447 -1.11022e-16
