-0.000166654 6.66543
-0.000333235 13.3235
-0.000499668 19.9668
-0.000665883 26.5883
-0.000831811 33.1811
-0.000997385 39.7385
-0.00116254 46.2543
-0.00132723 52.7227
-0.00149138 59.1382
-0.00165496 65.496
-0.00181792 71.7916
-0.00198021 78.0211
-0.00214181 84.1811
-0.00230269 90.2686
-0.00246281 96.2811
-0.00262217 102.217
-0.00278074 108.074
-0.00293851 113.851
-0.00309548 119.548
-0.00325163 125.163
-0.00340698 130.698
-0.00356151 136.151
-0.00371523 141.523
-0.00386815 146.815
-0.00402026 152.026
-0.0041716 157.16
-0.00432215 162.215
-0.00447193 167.193
-0.00462096 172.096
-0.00476924 176.924
-0.0049168 181.68
-0.00506364 186.364
-0.00520977 190.977
-0.00535522 195.522
-0.0055 200
-0.00564412 204.412
-0.00578759 208.759
-0.00593044 213.044
-0.00607267 217.267
-0.0062143 221.43
-0.00635534 225.534
-0.00649581 229.581
-0.00663572 233.572
-0.00677509 237.509
-0.00691392 241.392
-0.00705223 245.223
-0.00719004 249.004
-0.00732735 252.735
-0.00746418 256.418
-0.00760054 260.054
-0.00743388 253.388
-0.00726721 246.721
-0.00710054 240.054
-0.00693388 233.388
-0.00676721 226.721
-0.00660054 220.054
-0.00643388 213.388
-0.00626721 206.721
-0.00610054 200.054
-0.00593388 193.388
-0.00576721 186.721
-0.00560054 180.054
-0.00543388 173.388
-0.00526721 166.721
-0.00510054 160.054
-0.00493388 153.388
-0.00476721 146.721
-0.00460054 140.054
-0.00443388 133.388
-0.00426721 126.721
-0.00410054 120.054
-0.00393388 113.388
-0.00376721 106.721
-0.00360054 100.054
-0.00343388 93.3875
-0.00326721 86.7209
-0.00310054 80.0542
-0.00293388 73.3875
-0.00276721 66.7209
-0.00260054 60.0542
-0.00243388 53.3875
-0.00226721 46.7209
-0.00210054 40.0542
-0.00193388 33.3875
-0.00176721 26.7209
-0.00160054 20.0542
-0.00143388 13.3875
-0.00126721 6.72086
-0.00110054 0.0541955
-0.000933875 -6.61247
-0.000767221 -13.2779
-0.000600641 -19.9359
-0.000434207 -26.5793
-0.000267992 -33.2008
-0.000102064 -39.7936
6.351e-05 -46.351
0.000228668 -52.8668
0.000393352 -59.3352
0.000557507 -65.7507
0.000721085 -72.1085
0.000884041 -78.4041
0.00104634 -84.6336
0.00120794 -90.7935
0.00136881 -96.881
0.00152894 -102.894
0.00168829 -108.829
0.00184686 -114.686
0.00200464 -120.464
0.0021616 -126.16
0.00231776 -131.776
0.0024731 -137.31
0.00262763 -142.763
0.00278135 -148.135
0.00293427 -153.427
0.00308639 -158.639
0.00323772 -163.772
0.00338827 -168.827
0.00353806 -173.806
0.00368708 -178.708
0.00383537 -183.537
0.00398292 -188.292
0.00412976 -192.976
0.0042759 -197.59
0.00442135 -202.135
0.00456612 -206.612
0.00471024 -211.024
0.00485372 -215.372
0.00499656 -219.656
0.00513879 -223.879
0.00528042 -228.042
0.00542146 -232.146
0.00556193 -236.193
0.00570184 -240.184
0.00584121 -244.121
0.00598004 -248.004
0.00611836 -251.836
0.00625617 -255.617
0.00639348 -259.348
0.00653031 -263.031
0.00666667 -266.667
0.00680257 -270.257
0.00693802 -273.802
0.00707303 -277.303
0.00720761 -280.761
0.00734178 -284.178
0.00747554 -287.554
0.0076089 -290.89
0.00774187 -294.187
0.00787446 -297.446
0.00800668 -300.668
0.00784002 -294.002
0.00767335 -287.335
0.00750668 -280.668
0.00734002 -274.002
0.00717335 -267.335
0.00700668 -260.668
0.00684002 -254.002
0.00667335 -247.335
0.00650668 -240.668
0.00634002 -234.002
0.00617335 -227.335
0.00600668 -220.668
0.00584002 -214.002
0.00567335 -207.335
0.00550668 -200.668
0.00534002 -194.002
0.00517335 -187.335
0.00500668 -180.668
0.00484002 -174.002
0.00467335 -167.335
0.00450668 -160.668
0.00434002 -154.002
0.00417335 -147.335
0.00400668 -140.668
0.00384002 -134.002
0.00367335 -127.335
0.00350668 -120.668
0.00334002 -114.002
0.00317335 -107.335
0.00300668 -100.668
0.00284002 -94.0015
0.00267335 -87.3348
0.00250668 -80.6682
0.00234002 -74.0015
0.00217335 -67.3348
0.00200668 -60.6682
0.00184002 -54.0015
0.00167335 -47.3348
0.00150668 -40.6682
0.00134002 -34.0015
0.00117335 -27.3348
0.00100668 -20.6682
0.000840015 -14.0015
0.000673348 -7.33484
0.000506682 -0.668175
0.000340015 5.99849
0.000173361 12.6639
6.78029e-06 19.322
-0.000159653 25.9653
-0.000325868 32.5868
-0.000491796 39.1796
-0.00065737 45.737
-0.000822528 52.2528
-0.000987212 58.7212
-0.00115137 65.1367
-0.00131494 71.4945
-0.0014779 77.7901
-0.0016402 84.0196
-0.0018018 90.1795
-0.00196267 96.267
-0.0021228 102.28
-0.00228215 108.215
-0.00244072 114.072
-0.0025985 119.85
-0.00275546 125.546
-0.00291162 131.162
-0.00306696 136.696
-0.00322149 142.149
-0.00337521 147.521
-0.00352813 152.813
-0.00368025 158.025
-0.00383158 163.158
-0.00398213 168.213
-0.00413192 173.192
-0.00428094 178.094
-0.00442923 182.923
-0.00457678 187.678
-0.00472362 192.362
-0.00486976 196.976
-0.00501521 201.521
-0.00515998 205.998
-0.0053041 210.41
-0.00544758 214.758
-0.00559042 219.042
-0.00573265 223.265
-0.00587428 227.428
-0.00601532 231.532
-0.00615579 235.579
-0.0062957 239.57
-0.00643507 243.507
-0.0065739 247.39
-0.00671222 251.222
-0.00685003 255.003
-0.00698734 258.734
-0.00712417 262.417
-0.00726053 266.053
-0.00739643 269.643
-0.00753188 273.188
-0.00766689 276.689
-0.00780147 280.147
-0.00793564 283.564
-0.0080694 286.94
-0.00820276 290.276
-0.00833573 293.573
-0.00846832 296.832
-0.00860054 300.054
-0.0087324 303.24
-0.0088639 306.39
-0.00899506 309.506
-0.00912588 312.588
-0.00925637 315.637
-0.00938653 318.653
-0.00951638 321.638
-0.00964592 324.592
-0.00977515 327.515
-0.00990409 330.409
-0.0100327 333.273
-0.0101611 336.11
-0.0102892 338.918
-0.010417 341.699
-0.0105445 344.454
-0.0106718 347.182
-0.0107988 349.885
-0.0109256 352.563
-0.0110522 355.216
-0.0111784 357.844
-0.0113045 360.45
-0.0114303 363.032
-0.0115559 365.591
-0.0116813 368.128
-0.0118064 370.643
-0.0119314 373.137
-0.0120561 375.609
-0.0121806 378.061
-0.0123049 380.493
-0.012429 382.904
-0.012553 385.297
-0.0126767 387.669
-0.0128002 390.023
-0.0129236 392.359
-0.0130468 394.676
-0.0131697 396.975
-0.0132926 399.256
-0.0134152 401.521
-0.0135377 403.768
-0.01366 405.998
-0.0137821 408.213
-0.0139041 410.41
-0.0140259 412.592
-0.0141476 414.759
-0.0142691 416.909
-0.0143905 419.045
-0.0145117 421.166
-0.0146327 423.272
-0.0147536 425.363
-0.0148744 427.441
-0.014995 429.504
-0.0151155 431.554
-0.0152359 433.589
-0.0153561 435.612
-0.0154762 437.621
-0.0155962 439.618
-0.015716 441.601
-0.0158357 443.572
-0.0159553 445.53
-0.0160748 447.476
-0.0161941 449.411
-0.0163133 451.333
-0.0164324 453.243
-0.0165514 455.142
-0.0166703 457.029
-0.0167891 458.905
-0.0169077 460.77
-0.0170262 462.624
-0.0171447 464.468
-0.017263 466.3
-0.0173812 468.122
-0.0174993 469.934
-0.0176174 471.735
-0.0177353 473.526
-0.0178531 475.308
-0.0179708 477.079
-0.0180884 478.841
-0.0182059 480.593
-0.0183234 482.335
-0.0184407 484.068
-0.0185579 485.792
-0.0186751 487.507
-0.0187921 489.213
-0.0189091 490.91
-0.019026 492.598
-0.0191428 494.277
-0.0192595 495.947
-0.0193761 497.61
-0.0194926 499.263
-0.0196091 500.909
-0.0197255 502.546
-0.0198418 504.175
-0.019958 505.796
-0.0200741 507.41
-0.0199074 500.743
-0.0197408 494.076
-0.0195741 487.41
-0.0194074 480.743
-0.0192408 474.076
-0.0190741 467.41
-0.0189074 460.743
-0.0187408 454.076
-0.0185741 447.41
-0.0184074 440.743
-0.0182408 434.076
-0.0180741 427.41
-0.0179074 420.743
-0.0177408 414.076
-0.0175741 407.41
-0.0174074 400.743
-0.0172408 394.076
-0.0170741 387.41
-0.0169074 380.743
-0.0167408 374.076
-0.0165741 367.41
-0.0164074 360.743
-0.0162408 354.076
-0.0160741 347.41
-0.0159074 340.743
-0.0157408 334.076
-0.0155741 327.41
-0.0154074 320.743
-0.0152408 314.076
-0.0150741 307.41
-0.0149074 300.743
-0.0147408 294.076
-0.0145741 287.41
-0.0144074 280.743
-0.0142408 274.076
-0.0140741 267.41
-0.0139074 260.743
-0.0137408 254.076
-0.0135741 247.41
-0.0134074 240.743
-0.0132408 234.076
-0.0130741 227.41
-0.0129074 220.743
-0.0127408 214.076
-0.0125741 207.41
-0.0124074 200.743
-0.0122408 194.076
-0.0120741 187.41
-0.0119074 180.743
-0.0117408 174.076
-0.0115741 167.41
-0.0114074 160.743
-0.0112408 154.076
-0.0110741 147.41
-0.0109074 140.743
-0.0107408 134.076
-0.0105741 127.41
-0.0104074 120.743
-0.0102408 114.076
-0.0100741 107.41
-0.00990743 100.743
-0.00974076 94.0763
-0.0095741 87.4096
-0.00940743 80.7429
-0.00924076 74.0763
-0.0090741 67.4096
-0.00890743 60.7429
-0.00874076 54.0763
-0.0085741 47.4096
-0.00840743 40.7429
-0.00824076 34.0763
-0.0080741 27.4096
-0.00790743 20.7429
-0.00774076 14.0763
-0.0075741 7.40961
-0.00740743 0.742947
-0.00724076 -5.92372
-0.00707411 -12.5892
-0.00690753 -19.2472
-0.00674109 -25.8906
-0.00657488 -32.5121
-0.00640895 -39.1048
-0.00624338 -45.6622
-0.00607822 -52.1781
-0.00591354 -58.6464
-0.00574938 -65.0619
-0.0055858 -71.4197
-0.00542285 -77.7153
-0.00526055 -83.9448
-0.00509895 -90.1048
-0.00493808 -96.1923
-0.00477795 -102.205
-0.0046186 -108.14
-0.00446003 -113.997
-0.00430225 -119.775
-0.00414529 -125.471
-0.00398913 -131.087
-0.00383379 -136.621
-0.00367926 -142.074
-0.00352553 -147.447
-0.00337262 -152.738
-0.0032205 -157.95
-0.00306917 -163.083
-0.00291862 -168.138
-0.00276883 -173.117
-0.0026198 -178.02
-0.00247152 -182.848
-0.00232396 -187.604
-0.00217712 -192.288
-0.00203099 -196.901
-0.00188554 -201.446
-0.00174076 -205.924
-0.00159665 -210.335
-0.00145317 -214.683
-0.00131033 -218.967
-0.0011681 -223.19
-0.00102647 -227.353
-0.000885425 -231.458
-0.000744954 -235.505
-0.000605043 -239.496
-0.000465677 -243.432
-0.000326843 -247.316
-0.000188529 -251.147
-5.07217e-05 -254.928
8.65908e-05 -258.659
0.000223421 -262.342
0.000359779 -265.978
0.000495678 -269.568
0.000631128 -273.113
0.00076614 -276.614
0.000900724 -280.072
0.00103489 -283.489
0.00116865 -286.865
0.00130201 -290.201
0.00143498 -293.498
0.00156757 -296.757
0.00169979 -299.979
0.00183165 -303.165
0.00196316 -306.316
0.00209431 -309.431
0.00222513 -312.513
0.00235562 -315.562
0.00248578 -318.578
0.00261563 -321.563
0.00274517 -324.517
0.0028744 -327.44
0.00300334 -330.334
0.00313199 -333.199
0.00326035 -336.035
0.00338843 -338.843
0.00351625 -341.625
0.00364379 -344.379
0.00377107 -347.107
0.0038981 -349.81
0.00402488 -352.488
0.00415141 -355.141
0.0042777 -357.77
0.00440375 -360.375
0.00452957 -362.957
0.00465516 -365.516
0.00478053 -368.053
0.00490568 -370.568
0.00503062 -373.062
0.00515535 -375.535
0.00527987 -377.987
0.00540418 -380.418
0.0055283 -382.83
0.00565222 -385.222
0.00577595 -387.595
0.00589948 -389.948
0.00602284 -392.284
0.00614601 -394.601
0.006269 -396.9
0.00639182 -399.182
0.00651446 -401.446
0.00663693 -403.693
0.00675924 -405.924
0.00688138 -408.138
0.00700336 -410.336
0.00712518 -412.518
0.00724684 -414.684
0.00736835 -416.835
0.0074897 -418.97
0.00761091 -421.091
0.00773197 -423.197
0.00785289 -425.289
0.00797366 -427.366
0.00809429 -429.429
0.00821479 -431.479
0.00833515 -433.515
0.00845537 -435.537
0.00857546 -437.546
0.00869543 -439.543
0.00881526 -441.526
0.00893497 -443.497
0.00905456 -445.456
0.00917402 -447.402
0.00929336 -449.336
0.00941258 -451.258
0.00953168 -453.168
0.00965067 -455.067
0.00976954 -456.954
0.00988831 -458.831
0.010007 -460.696
0.0101255 -462.55
0.0102439 -464.393
0.0103623 -466.225
0.0104805 -468.047
0.0105986 -469.859
0.0107166 -471.66
0.0108345 -473.452
0.0109523 -475.233
0.01107 -477.004
0.0111877 -478.766
0.0113052 -480.518
0.0114226 -482.26
0.0115399 -483.994
0.0116572 -485.717
0.0117743 -487.432
0.0118914 -489.138
0.0120083 -490.835
0.0121252 -492.523
0.012242 -494.202
0.0123587 -495.873
0.0124753 -497.535
0.0125919 -499.189
0.0127083 -500.834
0.0128247 -502.471
0.012941 -504.101
0.0130572 -505.722
0.0131733 -507.335
0.0132894 -508.94
0.0134054 -510.538
0.0135213 -512.128
0.0136371 -513.71
0.0137529 -515.285
0.0138685 -516.853
0.0139841 -518.413
0.0140997 -519.966
0.0142151 -521.511
0.0143305 -523.05
0.0144458 -524.582
0.0145611 -526.106
0.0146762 -527.624
0.0147914 -529.135
0.0149064 -530.639
0.0150214 -532.137
0.0151363 -533.628
0.0152511 -535.113
0.0153659 -536.591
0.0154806 -538.063
0.0155953 -539.528
0.0157099 -540.987
0.0158244 -542.44
0.0159389 -543.887
0.0160533 -545.328
0.0161676 -546.762
0.0162819 -548.191
0.0163961 -549.614
0.0165103 -551.031
0.0166244 -552.442
0.0167385 -553.848
0.0168525 -555.248
0.0169664 -556.642
0.0170803 -558.031
0.0171941 -559.414
0.0173079 -560.792
0.0174216 -562.164
0.0175353 -563.531
0.0176489 -564.892
0.0177625 -566.249
0.017876 -567.6
0.0179895 -568.946
0.0181029 -570.287
0.0182162 -571.623
0.0183295 -572.953
0.0184428 -574.279
0.018556 -575.6
0.0186692 -576.916
0.0187823 -578.227
0.0188953 -579.533
0.0190083 -580.835
0.0191213 -582.132
0.0192342 -583.424
0.0193471 -584.711
0.0194599 -585.994
0.0195727 -587.272
0.0196855 -588.546
0.0197982 -589.815
0.0199108 -591.08
0.0200234 -592.341
0.020136 -593.597
0.0202485 -594.848
0.020361 -596.096
0.0204734 -597.339
0.0205858 -598.578
0.0206981 -599.812
0.0208104 -601.043
0.0209227 -602.269
0.0210349 -603.491
0.0208682 -596.825
0.0207016 -590.158
0.0205349 -583.491
0.0203682 -576.825
0.0202016 -570.158
0.0200349 -563.491
0.0198682 -556.825
0.0197016 -550.158
0.0195349 -543.491
0.0193682 -536.825
0.0192016 -530.158
0.0190349 -523.491
0.0188682 -516.825
0.0187016 -510.158
0.0185349 -503.491
0.0183682 -496.825
0.0182016 -490.158
0.0180349 -483.491
0.0178682 -476.825
0.0177016 -470.158
0.0175349 -463.491
0.0173682 -456.825
0.0172016 -450.158
0.0170349 -443.491
0.0168682 -436.825
0.0167016 -430.158
0.0165349 -423.491
0.0163682 -416.825
0.0162016 -410.158
0.0160349 -403.491
0.0158682 -396.825
0.0157016 -390.158
0.0155349 -383.491
0.0153682 -376.825
0.0152016 -370.158
0.0150349 -363.491
0.0148682 -356.825
0.0147016 -350.158
0.0145349 -343.491
0.0143682 -336.825
0.0142016 -330.158
0.0140349 -323.491
0.0138682 -316.825
0.0137016 -310.158
0.0135349 -303.491
0.0133682 -296.825
0.0132016 -290.158
0.0130349 -283.491
0.0128682 -276.825
0.0127016 -270.158
0.0125349 -263.491
0.0123682 -256.825
0.0122016 -250.158
0.0120349 -243.491
0.0118682 -236.825
0.0117016 -230.158
0.0115349 -223.491
0.0113682 -216.825
0.0112016 -210.158
0.0110349 -203.491
0.0108682 -196.825
0.0107016 -190.158
0.0105349 -183.491
0.0103682 -176.825
0.0102016 -170.158
0.0100349 -163.491
0.00986825 -156.825
0.00970158 -150.158
0.00953491 -143.491
0.00936825 -136.825
0.00920158 -130.158
0.00903491 -123.491
0.00886825 -116.825
0.00870158 -110.158
0.00853491 -103.491
0.00836825 -96.8248
0.00820158 -90.1581
0.00803491 -83.4914
0.00786825 -76.8248
0.00770158 -70.1581
0.00753491 -63.4914
0.00736825 -56.8248
0.00720158 -50.1581
0.00703491 -43.4914
0.00686825 -36.8248
0.00670158 -30.1581
0.00653491 -23.4914
0.00636825 -16.8248
0.00620158 -10.1581
0.00603491 -3.49142
0.00586825 3.17525
0.00570159 9.84068
0.00553501 16.4987
0.00536858 23.1421
0.00520236 29.7636
0.00503644 36.3564
0.00487086 42.9138
0.0047057 49.4296
0.00454102 55.8979
0.00437687 62.3135
0.00421329 68.6712
0.00405033 74.9668
0.00388804 81.1963
0.00372644 87.3563
0.00356556 93.4438
0.00340544 99.4564
0.00324608 105.392
0.00308751 111.249
0.00292974 117.026
0.00277277 122.723
0.00261661 128.339
0.00246127 133.873
0.00230674 139.326
0.00215302 144.698
0.0020001 149.99
0.00184798 155.202
0.00169665 160.335
0.0015461 165.39
0.00139632 170.368
0.00124729 175.271
0.001099 180.1
0.000951448 184.855
0.00080461 189.539
0.000658473 194.153
0.000513024 198.698
0.000368248 203.175
0.00022413 207.587
8.0656e-05 211.934
-6.21886e-05 216.219
-0.000204418 220.442
-0.000346048 224.605
-0.00048709 228.709
-0.000627561 232.756
-0.000767472 236.747
-0.000906838 240.684
-0.00104567 244.567
-0.00118399 248.399
-0.00132179 252.179
-0.00145911 255.911
-0.00159594 259.594
-0.00173229 263.229
-0.00186819 266.819
-0.00200364 270.364
-0.00213865 273.865
-0.00227324 277.324
-0.00240741 280.741
-0.00254116 284.116
-0.00267453 287.453
-0.0028075 290.75
-0.00294009 294.009
-0.00307231 297.231
-0.00320417 300.417
-0.00333567 303.567
-0.00346683 306.683
-0.00359765 309.765
-0.00372813 312.813
-0.0038583 315.83
-0.00398815 318.815
-0.00411768 321.768
-0.00424692 324.692
-0.00437585 327.585
-0.0045045 330.45
-0.00463286 333.286
-0.00476095 336.095
-0.00488876 338.876
-0.00501631 341.631
-0.00514359 344.359
-0.00527062 347.062
-0.00539739 349.739
-0.00552392 352.392
-0.00565021 355.021
-0.00577626 357.626
-0.00590209 360.209
-0.00602768 362.768
-0.00615305 365.305
-0.0062782 367.82
-0.00640314 370.314
-0.00652786 372.786
-0.00665238 375.238
-0.0067767 377.67
-0.00690081 380.081
-0.00702473 382.473
-0.00714846 384.846
-0.007272 387.2
-0.00739535 389.535
-0.00751852 391.852
-0.00764152 394.152
-0.00776433 396.433
-0.00788698 398.698
-0.00800945 400.945
-0.00813175 403.175
-0.00825389 405.389
-0.00837587 407.587
-0.00849769 409.769
-0.00861935 411.935
-0.00874086 414.086
-0.00886222 416.222
-0.00898343 418.343
-0.00910449 420.449
-0.0092254 422.54
-0.00934617 424.617
-0.00946681 426.681
-0.0095873 428.73
-0.00970766 430.766
-0.00982789 432.789
-0.00994798 434.798
-0.0100679 436.794
-0.0101878 438.778
-0.0103075 440.749
-0.0104271 442.707
-0.0105465 444.653
-0.0106659 446.587
-0.0107851 448.509
-0.0109042 450.42
-0.0110232 452.319
-0.0111421 454.206
-0.0112608 456.082
-0.0113795 457.947
-0.011498 459.801
-0.0116164 461.644
-0.0117348 463.477
-0.011853 465.299
-0.0119711 467.111
-0.0120891 468.912
-0.012207 470.703
-0.0123248 472.484
-0.0124426 474.256
-0.0125602 476.017
-0.0126777 477.769
-0.0127951 479.512
-0.0129125 481.245
-0.0130297 482.969
-0.0131468 484.684
-0.0132639 486.389
-0.0133809 488.086
-0.0134977 489.774
-0.0136145 491.454
-0.0137312 493.124
-0.0138479 494.786
-0.0139644 496.44
-0.0140809 498.086
-0.0141972 499.723
-0.0143135 501.352
-0.0144297 502.973
-0.0145459 504.586
-0.0146619 506.192
-0.0147779 507.789
-0.0148938 509.379
-0.0150096 510.962
-0.0151254 512.537
-0.015241 514.104
-0.0153566 515.664
-0.0154722 517.217
-0.0155876 518.763
-0.015703 520.302
-0.0158183 521.833
-0.0159336 523.358
-0.0160488 524.876
-0.0161639 526.387
-0.0162789 527.891
-0.0163939 529.389
-0.0165088 530.88
-0.0166236 532.364
-0.0167384 533.842
-0.0168531 535.314
-0.0169678 536.779
-0.0170824 538.239
-0.0171969 539.692
-0.0173114 541.138
-0.0174258 542.579
-0.0175401 544.014
-0.0176544 545.443
-0.0177687 546.865
-0.0178828 548.283
-0.0179969 549.694
-0.018111 551.099
-0.018225 552.499
-0.0183389 553.893
-0.0184528 555.282
-0.0185667 556.665
-0.0186804 558.043
-0.0187942 559.415
-0.0189078 560.782
-0.0190214 562.144
-0.019135 563.5
-0.0192485 564.851
-0.019362 566.197
-0.0194754 567.538
-0.0195887 568.874
-0.019702 570.205
-0.0198153 571.531
-0.0199285 572.852
-0.0200417 574.168
-0.0201548 575.479
-0.0202678 576.785
-0.0203809 578.086
-0.0204938 579.383
-0.0206068 580.675
-0.0207196 581.963
-0.0208325 583.246
-0.0209452 584.524
-0.021058 585.798
-0.0211707 587.067
-0.0212833 588.332
-0.0213959 589.592
-0.0215085 590.848
-0.021621 592.1
-0.0217335 593.347
-0.0218459 594.59
-0.0219583 595.829
-0.0220706 597.064
-0.0221829 598.294
-0.0222952 599.521
-0.0224074 600.743
-0.0225196 601.961
-0.0226318 603.175
-0.0227439 604.385
-0.0228559 605.592
-0.0229679 606.794
-0.0230799 607.992
-0.0231919 609.186
-0.0233038 610.377
-0.0234156 611.564
-0.0235275 612.747
-0.0236393 613.926
-0.023751 615.101
-0.0238627 616.273
-0.0239744 617.441
-0.0240861 618.605
-0.0241977 619.766
-0.0243092 620.923
-0.0244208 622.077
-0.0245323 623.227
-0.0246437 624.373
-0.0247552 625.516
-0.0248666 626.656
-0.0249779 627.792
-0.0250892 628.925
-0.0252005 630.054
-0.0253118 631.18
-0.025423 632.303
-0.0255342 633.422
-0.0256454 634.538
-0.0257565 635.651
-0.0258676 636.76
-0.0259787 637.866
-0.0260897 638.969
-0.0262007 640.069
-0.0263117 641.166
-0.0264226 642.259
-0.0265335 643.349
-0.0266444 644.437
-0.0267552 645.521
-0.026866 646.602
-0.0269768 647.68
-0.0270876 648.755
-0.0271983 649.827
-0.027309 650.897
-0.0274196 651.963
-0.0275303 653.026
-0.0276409 654.086
-0.0277514 655.144
-0.027862 656.198
-0.0279725 657.25
-0.028083 658.299
-0.0281934 659.345
-0.0283039 660.388
-0.0284143 661.428
-0.0285247 662.466
-0.028635 663.501
-0.0287453 664.533
-0.0288556 665.563
-0.0289659 666.589
-0.0290761 667.613
-0.0291863 668.635
-0.0292965 669.654
-0.0294067 670.67
-0.0295168 671.683
-0.0296269 672.694
-0.029737 673.702
-0.0298471 674.708
-0.0299571 675.711
-0.0300671 676.712
-0.0301771 677.71
-0.0302871 678.706
-0.030397 679.699
-0.0305069 680.69
-0.0306168 681.678
-0.0307266 682.664
-0.0308365 683.647
-0.0309463 684.628
-0.0310561 685.606
-0.0311658 686.582
-0.0312756 687.556
-0.0313853 688.528
-0.031495 689.497
-0.0316046 690.463
-0.0317143 691.428
-0.0318239 692.39
-0.0319335 693.35
-0.0317668 686.683
-0.0316002 680.016
-0.0314335 673.35
-0.0312668 666.683
-0.0311002 660.016
-0.0309335 653.35
-0.0307668 646.683
-0.0306002 640.016
-0.0304335 633.35
-0.0302668 626.683
-0.0301002 620.016
-0.0299335 613.35
-0.0297668 606.683
-0.0296002 600.016
-0.0294335 593.35
-0.0292668 586.683
-0.0291002 580.016
-0.0289335 573.35
-0.0287668 566.683
-0.0286002 560.016
-0.0284335 553.35
-0.0282668 546.683
-0.0281002 540.016
-0.0279335 533.35
-0.0277668 526.683
-0.0276002 520.016
-0.0274335 513.35
-0.0272668 506.683
-0.0271002 500.016
-0.0269335 493.35
-0.0267668 486.683
-0.0266002 480.016
-0.0264335 473.35
-0.0262668 466.683
-0.0261002 460.016
-0.0259335 453.35
-0.0257668 446.683
-0.0256002 440.016
-0.0254335 433.35
-0.0252668 426.683
-0.0251002 420.016
-0.0249335 413.35
-0.0247668 406.683
-0.0246002 400.016
-0.0244335 393.35
-0.0242668 386.683
-0.0241002 380.016
-0.0239335 373.35
-0.0237668 366.683
-0.0236002 360.016
-0.0234335 353.35
-0.0232668 346.683
-0.0231002 340.016
-0.0229335 333.35
-0.0227668 326.683
-0.0226002 320.016
-0.0224335 313.35
-0.0222668 306.683
-0.0221002 300.016
-0.0219335 293.35
-0.0217668 286.683
-0.0216002 280.016
-0.0214335 273.35
-0.0212668 266.683
-0.0211002 260.016
-0.0209335 253.35
-0.0207668 246.683
-0.0206002 240.016
-0.0204335 233.35
-0.0202668 226.683
-0.0201002 220.016
-0.0199335 213.35
-0.0197668 206.683
-0.0196002 200.016
-0.0194335 193.35
-0.0192668 186.683
-0.0191002 180.016
-0.0189335 173.35
-0.0187668 166.683
-0.0186002 160.016
-0.0184335 153.35
-0.0182668 146.683
-0.0181002 140.016
-0.0179335 133.35
-0.0177668 126.683
-0.0176002 120.016
-0.0174335 113.35
-0.0172668 106.683
-0.0171002 100.016
-0.0169335 93.3496
-0.0167668 86.683
-0.0166002 80.0163
-0.0164335 73.3496
-0.0162668 66.683
-0.0161002 60.0163
-0.0159335 53.3496
-0.0157668 46.683
-0.0156002 40.0163
-0.0154335 33.3496
-0.0152668 26.683
-0.0151002 20.0163
-0.0149335 13.3496
-0.0147668 6.68297
-0.0146002 0.0163036
-0.0144335 -6.65036
-0.0142668 -13.3158
-0.0141003 -19.9738
-0.0139338 -26.6172
-0.0137676 -33.2387
-0.0136017 -39.8315
-0.0134361 -46.3889
-0.013271 -52.9047
-0.0131063 -59.3731
-0.0129421 -65.7886
-0.0127785 -72.1464
-0.0126156 -78.442
-0.0124533 -84.6715
-0.0122917 -90.8314
-0.0121308 -96.9189
-0.0119707 -102.931
-0.0118113 -108.867
-0.0116528 -114.724
-0.011495 -120.501
-0.011338 -126.198
-0.0111819 -131.814
-0.0110265 -137.348
-0.010872 -142.801
-0.0107183 -148.173
-0.0105654 -153.465
-0.0104132 -158.677
-0.0102619 -163.81
-0.0101113 -168.865
-0.00996156 -173.844
-0.00981254 -178.746
-0.00966425 -183.575
-0.0095167 -188.33
-0.00936986 -193.014
-0.00922372 -197.628
-0.00907827 -202.173
-0.0089335 -206.65
-0.00878938 -211.062
-0.0086459 -215.41
-0.00850306 -219.694
-0.00836083 -223.917
-0.0082192 -228.08
-0.00807816 -232.184
-0.00793769 -236.231
-0.00779778 -240.222
-0.00765841 -244.159
-0.00751958 -248.042
-0.00738126 -251.874
-0.00724346 -255.654
-0.00710614 -259.386
-0.00696931 -263.069
-0.00683295 -266.705
-0.00669706 -270.294
-0.00656161 -273.839
-0.00642659 -277.341
-0.00629201 -280.799
-0.00615784 -284.216
-0.00602408 -287.592
-0.00589072 -290.928
-0.00575775 -294.225
-0.00562516 -297.484
-0.00549294 -300.706
-0.00536108 -303.892
-0.00522958 -307.042
-0.00509842 -310.158
-0.0049676 -313.24
-0.00483711 -316.289
-0.00470695 -319.305
-0.0045771 -322.29
-0.00444757 -325.243
-0.00431833 -328.167
-0.00418939 -331.061
-0.00406075 -333.925
-0.00393238 -336.762
-0.0038043 -339.57
-0.00367649 -342.351
-0.00354894 -345.106
-0.00342166 -347.834
-0.00329463 -350.537
-0.00316786 -353.214
-0.00304133 -355.867
-0.00291504 -358.496
-0.00278898 -361.102
-0.00266316 -363.684
-0.00253757 -366.243
-0.0024122 -368.78
-0.00228705 -371.295
-0.00216211 -373.789
-0.00203739 -376.261
-0.00191287 -378.713
-0.00178855 -381.145
-0.00166444 -383.556
-0.00154052 -385.948
-0.00141679 -388.321
-0.00129325 -390.675
-0.0011699 -393.01
-0.00104672 -395.328
-0.000923732 -397.627
-0.000800916 -399.908
-0.000678274 -402.173
-0.000555801 -404.42
-0.000433496 -406.65
-0.000311356 -408.864
-0.000189378 -411.062
-6.75583e-05 -413.244
5.41042e-05 -415.41
0.000175613 -417.561
0.000296969 -419.697
0.000418177 -421.818
0.000539237 -423.924
0.000660153 -426.015
0.000780926 -428.093
0.000901559 -430.156
0.00102205 -432.205
0.00114241 -434.241
0.00126264 -436.264
0.00138273 -438.273
0.00150269 -440.269
0.00162253 -442.253
0.00174224 -444.224
0.00186182 -446.182
0.00198128 -448.128
0.00210062 -450.062
0.00221985 -451.985
0.00233895 -453.895
0.00245794 -455.794
0.00257681 -457.681
0.00269557 -459.557
0.00281422 -461.422
0.00293276 -463.276
0.00305119 -465.119
0.00316952 -466.952
0.00328774 -468.774
0.00340586 -470.586
0.00352387 -472.387
0.00364178 -474.178
0.00375959 -475.959
0.00387731 -477.731
0.00399492 -479.492
0.00411245 -481.245
0.00422987 -482.987
0.0043472 -484.72
0.00446444 -486.444
0.00458159 -488.159
0.00469865 -489.865
0.00481561 -491.561
0.00493249 -493.249
0.00504929 -494.929
0.00516599 -496.599
0.00528262 -498.262
0.00539915 -499.915
0.00551561 -501.561
0.00563198 -503.198
0.00574827 -504.827
0.00586448 -506.448
0.00598061 -508.061
0.00609667 -509.667
0.00621264 -511.264
0.00632854 -512.854
0.00644437 -514.437
0.00656012 -516.012
0.00667579 -517.579
0.00679139 -519.139
0.00690692 -520.692
0.00702238 -522.238
0.00713777 -523.777
0.00725308 -525.308
0.00736833 -526.833
0.00748351 -528.351
0.00759862 -529.862
0.00771366 -531.366
0.00782864 -532.864
0.00794355 -534.355
0.00805839 -535.839
0.00817317 -537.317
0.00828789 -538.789
0.00840255 -540.255
0.00851714 -541.714
0.00863167 -543.167
0.00874613 -544.613
0.00886054 -546.054
0.00897489 -547.489
0.00908918 -548.918
0.00920341 -550.341
0.00931758 -551.758
0.00943169 -553.169
0.00954574 -554.574
0.00965974 -555.974
0.00977369 -557.369
0.00988757 -558.757
0.0100014 -560.14
0.0101152 -561.518
0.0102289 -562.89
0.0103426 -564.257
0.0104562 -565.619
0.0105698 -566.975
0.0106833 -568.327
0.0107967 -569.673
0.0109101 -571.013
0.0110235 -572.349
0.0111368 -573.68
0.0112501 -575.006
0.0113633 -576.327
0.0114764 -577.643
0.0115895 -578.954
0.0117026 -580.26
0.0118156 -581.562
0.0119286 -582.858
0.0120415 -584.15
0.0121544 -585.438
0.0122672 -586.721
0.01238 -587.999
0.0124927 -589.273
0.0126054 -590.542
0.0127181 -591.807
0.0128307 -593.067
0.0129432 -594.323
0.0130558 -595.575
0.0131682 -596.822
0.0132807 -598.065
0.013393 -599.304
0.0135054 -600.539
0.0136177 -601.769
0.01373 -602.996
0.0138422 -604.218
0.0139544 -605.436
0.0140665 -606.65
0.0141786 -607.86
0.0142907 -609.067
0.0144027 -610.269
0.0145147 -611.467
0.0146266 -612.662
0.0147385 -613.852
0.0148504 -615.039
0.0149622 -616.222
0.015074 -617.401
0.0151858 -618.576
0.0152975 -619.748
0.0154092 -620.916
0.0155208 -622.08
0.0156324 -623.241
0.015744 -624.398
0.0158555 -625.552
0.015967 -626.702
0.0160785 -627.849
0.0161899 -628.992
0.0163013 -630.131
0.0164127 -631.267
0.016524 -632.4
0.0166353 -633.529
0.0167466 -634.655
0.0168578 -635.778
0.016969 -636.897
0.0170801 -638.013
0.0171913 -639.126
0.0173024 -640.235
0.0174134 -641.341
0.0175244 -642.444
0.0176354 -643.544
0.0177464 -644.641
0.0178573 -645.734
0.0179682 -646.825
0.0180791 -647.912
0.01819 -648.996
0.0183008 -650.077
0.0184116 -651.155
0.0185223 -652.23
0.018633 -653.303
0.0187437 -654.372
0.0188544 -655.438
0.018965 -656.501
0.0190756 -657.561
0.0191862 -658.619
0.0192967 -659.673
0.0194073 -660.725
0.0195177 -661.774
0.0196282 -662.82
0.0197386 -663.863
0.019849 -664.904
0.0199594 -665.941
0.0200698 -666.976
0.0201801 -668.008
0.0202904 -669.038
0.0204006 -670.064
0.0205109 -671.089
0.0206211 -672.11
0.0207313 -673.129
0.0208414 -674.145
0.0209516 -675.158
0.0210617 -676.169
0.0211718 -677.178
0.0212818 -678.183
0.0213919 -679.186
0.0215019 -680.187
0.0216119 -681.185
0.0217218 -682.181
0.0218317 -683.174
0.0219416 -684.165
0.0220515 -685.153
0.0221614 -686.139
0.0222712 -687.122
0.022381 -688.103
0.0224908 -689.081
0.0226006 -690.058
0.0227103 -691.031
0.02282 -692.003
0.0229297 -692.972
0.0230394 -693.938
0.023149 -694.903
0.0232586 -695.865
0.0233682 -696.825
0.0234778 -697.782
0.0235874 -698.738
0.0236969 -699.69
0.0238064 -700.641
0.0239159 -701.59
0.0240254 -702.536
0.0241348 -703.48
0.0242442 -704.422
0.0243536 -705.362
0.024463 -706.299
0.0245723 -707.235
0.0246817 -708.168
0.024791 -709.099
0.0249003 -710.028
0.0250096 -710.955
0.0251188 -711.88
0.025228 -712.803
0.0253372 -713.723
0.0254464 -714.642
0.0255556 -715.558
0.0256647 -716.473
0.0257739 -717.385
0.025883 -718.296
0.025992 -719.204
0.0261011 -720.111
0.0262102 -721.015
0.0263192 -721.918
0.0264282 -722.818
0.0265372 -723.717
0.0266461 -724.613
0.0267551 -725.508
0.026864 -726.401
0.0269729 -727.292
0.0270818 -728.181
0.0271907 -729.068
0.0272995 -729.953
0.0274084 -730.836
0.0275172 -731.717
0.027626 -732.597
0.0277347 -733.475
0.0278435 -734.351
0.0279522 -735.225
0.028061 -736.097
0.0281697 -736.967
0.0282784 -737.836
0.028387 -738.703
0.0284957 -739.568
0.0286043 -740.431
0.0287129 -741.293
0.0288215 -742.152
0.0289301 -743.01
0.0290387 -743.867
0.0291472 -744.721
0.0292557 -745.574
0.0293643 -746.425
0.0294727 -747.275
0.0295812 -748.122
0.0296897 -748.968
0.0297981 -749.813
0.0299066 -750.655
0.030015 -751.496
0.0301234 -752.336
0.0302317 -753.173
0.0303401 -754.009
0.0304484 -754.844
0.0305568 -755.676
0.0306651 -756.508
0.0307734 -757.337
0.0308817 -758.165
0.0309899 -758.992
0.0310982 -759.816
0.0312064 -760.64
0.0313146 -761.461
0.0314228 -762.281
0.031531 -763.1
0.0316392 -763.917
0.0317473 -764.732
0.0318555 -765.546
0.0319636 -766.358
0.0320717 -767.169
0.0321798 -767.978
0.0322879 -768.786
0.0323959 -769.592
0.032504 -770.397
0.032612 -771.201
0.03272 -772.002
0.0310534 -705.336
0.0293867 -638.669
0.02772 -572.002
0.0260534 -505.336
0.0243867 -438.669
0.02272 -372.002
0.0210534 -305.336
0.0193867 -238.669
0.01772 -172.002
0.0160534 -105.336
0.0143867 -38.6691
0.01272 27.9976
0.0110651 93.4936
0.00946839 153.161
0.00795078 204.922
0.00650573 249.427
0.00511948 288.052
0.00377947 322.053
0.00247592 352.408
0.00120156 379.844
-4.90358e-05 404.904
-0.00127998 427.998
-0.0024944 449.44
-0.00369476 469.476
-0.00488299 488.299
-0.00606067 506.067
-0.00722908 522.908
-0.00838926 538.926
-0.00954211 554.211
-0.0106884 568.836
-0.0118287 582.865
-0.0129635 596.353
-0.0140935 609.346
-0.0152189 621.886
-0.0163401 634.009
-0.0174575 645.746
-0.0185712 657.125
-0.0196817 668.172
-0.0207891 678.909
-0.0218936 689.355
-0.0229953 699.53
-0.0240945 709.45
-0.0251913 719.129
-0.0262858 728.582
-0.0273782 737.82
-0.0284686 746.855
-0.029557 755.698
-0.0306436 764.358
-0.0317284 772.843
-0.0328116 781.164
-0.0338933 789.326
-0.0349734 797.337
-0.036052 805.204
-0.0371293 812.932
-0.0382053 820.528
-0.03928 827.998
-0.0403534 835.345
-0.0414257 842.575
-0.0424969 849.692
-0.043567 856.701
-0.0419003 790.034
-0.0402337 723.368
-0.038567 656.701
-0.0369003 590.034
-0.0352337 523.368
-0.033567 456.701
-0.0319003 390.034
-0.0302337 323.368
-0.028567 256.701
-0.0269003 190.034
-0.0252337 123.368
-0.023567 56.7008
-0.0219003 -9.96582
-0.0202454 -75.4618
-0.0186487 -135.129
-0.0171311 -186.89
-0.015686 -231.395
-0.0142998 -270.02
-0.0129598 -304.022
-0.0116562 -334.376
-0.0103819 -361.812
-0.00913128 -386.872
-0.00790034 -409.966
-0.00668592 -431.408
-0.00548556 -451.444
-0.00429733 -470.267
-0.00311964 -488.036
-0.00195124 -504.876
-0.000791053 -520.895
0.000361792 -536.179
0.00150804 -550.804
0.00264834 -564.834
0.00378321 -578.321
0.00491315 -591.315
0.00603854 -603.854
0.00715977 -615.977
0.00827714 -627.714
0.00939093 -639.093
0.0105014 -650.14
0.0116088 -660.877
0.0127132 -671.324
0.013815 -681.499
0.0149142 -691.418
0.016011 -701.098
0.0171055 -710.55
0.0181979 -719.788
0.0192882 -728.823
0.0203767 -737.666
0.0214633 -746.326
0.0225481 -754.812
0.0236313 -763.132
0.0247129 -771.294
0.025793 -779.305
0.0268717 -787.172
0.027949 -794.9
0.029025 -802.497
0.0300997 -809.966
0.0311731 -817.313
0.0322454 -824.543
0.0333166 -831.66
0.0343867 -838.669
0.0354557 -845.573
0.0365238 -852.376
0.0375908 -859.082
0.0386569 -865.694
0.0397222 -872.215
0.0407865 -878.648
0.04185 -884.997
0.0429126 -891.262
0.0439745 -897.449
0.0423078 -830.782
0.0406412 -764.115
0.0389745 -697.449
0.0373078 -630.782
0.0356412 -564.115
0.0339745 -497.449
0.0323078 -430.782
0.0306412 -364.115
0.0289745 -297.449
0.0273078 -230.782
0.0256412 -164.115
0.0239745 -97.4486
0.0223078 -30.7819
0.0206412 35.8848
0.0189862 101.381
0.0173895 161.048
0.0158719 212.809
0.0144269 257.314
0.0130406 295.939
0.0117006 329.94
0.0103971 360.295
0.00912269 387.731
0.00787209 412.791
0.00664115 435.885
0.00542673 457.327
0.00422637 477.363
0.00303814 496.186
0.00186045 513.955
0.000692048 530.795
-0.000468136 546.814
-0.00162098 562.098
-0.00276723 576.723
-0.00390753 590.753
-0.0050424 604.24
-0.00617233 617.233
-0.00729773 629.773
-0.00841896 641.896
-0.00953633 653.633
-0.0106501 665.012
-0.0117606 676.059
-0.012868 686.796
-0.0139724 697.243
-0.0150742 707.418
-0.0161734 717.337
-0.0172702 727.017
-0.0183647 736.469
-0.0194571 745.707
-0.0205474 754.742
-0.0216359 763.585
-0.0227224 772.245
-0.0238073 780.731
-0.0248905 789.051
-0.0259721 797.213
-0.0270522 805.224
-0.0281309 813.091
-0.0292082 820.819
-0.0302842 828.416
-0.0313588 835.885
-0.0324323 843.232
-0.0335046 850.462
-0.0345758 857.579
-0.0356459 864.588
-0.0367149 871.492
-0.037783 878.295
-0.03885 885.001
-0.0399161 891.613
-0.0409813 898.134
-0.0420457 904.567
-0.0431092 910.916
-0.0441718 917.181
-0.0452337 923.368
-0.0462948 929.476
-0.0473551 935.51
-0.0484147 941.471
-0.0494736 947.361
-0.0505318 953.183
-0.0515894 958.938
-0.0526463 964.628
-0.0537026 970.255
-0.0547582 975.821
-0.0530915 909.154
-0.0514249 842.488
-0.0497582 775.821
-0.0480915 709.154
-0.0464249 642.488
-0.0447582 575.821
-0.0430915 509.154
-0.0414249 442.488
-0.0397582 375.821
-0.0380915 309.154
-0.0364249 242.488
-0.0347582 175.821
-0.0330915 109.154
-0.0314249 42.4878
-0.0297582 -24.1789
-0.0281033 -89.6749
-0.0265066 -149.342
-0.024989 -201.103
-0.0235439 -245.608
-0.0221577 -284.233
-0.0208177 -318.235
-0.0195141 -348.589
-0.0182398 -376.025
-0.0169892 -401.085
-0.0157582 -424.179
-0.0145438 -445.621
-0.0133434 -465.657
-0.0121552 -484.481
-0.0109775 -502.249
-0.00980911 -519.089
-0.00864892 -535.108
-0.00749608 -550.392
-0.00634983 -565.017
-0.00520953 -579.047
-0.00407466 -592.534
-0.00294472 -605.528
-0.00181932 -618.068
-0.000698099 -630.19
0.000419269 -641.927
0.00153306 -653.306
0.00264353 -664.353
0.0037509 -675.09
0.00485537 -685.537
0.00595712 -695.712
0.00705632 -705.631
0.00815311 -715.311
0.00924763 -724.763
0.01034 -734.001
0.0114304 -743.036
0.0125188 -751.879
0.0136054 -760.539
0.0146902 -769.025
0.0157734 -777.345
0.0168551 -785.507
0.0179352 -793.518
0.0190138 -801.385
0.0200911 -809.113
0.0211671 -816.71
0.0222418 -824.179
0.0233153 -831.526
0.0243876 -838.756
0.0254587 -845.873
0.0265288 -852.882
0.0275979 -859.786
0.0286659 -866.59
0.029733 -873.295
0.0307991 -879.907
0.0318643 -886.428
0.0329286 -892.862
0.0339921 -899.21
0.0350548 -905.476
0.0361166 -911.662
0.0371777 -917.77
0.038238 -923.804
0.0392977 -929.765
0.0403566 -935.656
0.0414148 -941.477
0.0424723 -947.232
0.0435292 -952.923
0.0445855 -958.55
0.0456412 -964.115
0.0466962 -969.621
0.0477507 -975.069
0.0488046 -980.46
0.049858 -985.795
0.0509108 -991.077
0.0519631 -996.306
0.0530148 -1001.48
0.0540661 -1006.61
0.0551169 -1011.69
0.0534502 -945.023
0.0517836 -878.356
0.0501169 -811.689
0.0484502 -745.023
0.0467836 -678.356
0.0451169 -611.689
0.0434502 -545.023
0.0417836 -478.356
0.0401169 -411.689
0.0384502 -345.023
0.0367836 -278.356
0.0351169 -211.689
0.0334502 -145.023
0.0317836 -78.356
0.0301169 -11.6894
0.0284502 54.9773
0.0267953 120.473
0.0251986 180.14
0.023681 231.902
0.0222359 276.407
0.0208497 315.031
0.0195097 349.033
0.0182061 379.387
0.0169318 406.823
0.0156812 431.883
0.0144502 454.977
0.0132358 476.42
0.0120354 496.455
0.0108472 515.279
0.00966953 533.047
0.00850112 549.888
0.00734094 565.906
0.00618809 581.191
0.00504184 595.816
0.00390155 609.845
0.00276667 623.333
0.00163674 636.326
0.000511341 648.866
-0.000609885 660.988
-0.00172725 672.725
-0.00284105 684.105
-0.00395152 695.152
-0.00505888 705.888
-0.00616335 716.335
-0.0072651 726.51
-0.0083643 736.43
-0.00946109 746.109
-0.0105556 755.562
-0.011648 764.8
-0.0127383 773.835
-0.0138268 782.678
-0.0149134 791.337
-0.0159982 799.823
-0.0170814 808.143
-0.0181631 816.305
-0.0192432 824.316
-0.0203218 832.183
-0.0213991 839.912
-0.0224751 847.508
-0.0235498 854.977
-0.0246232 862.325
-0.0256955 869.555
-0.0267667 876.672
-0.0278368 883.681
-0.0289058 890.585
-0.0299739 897.388
-0.0310409 904.094
-0.0321071 910.706
-0.0331723 917.227
-0.0342366 923.66
-0.0353001 930.008
-0.0363627 936.274
-0.0374246 942.46
-0.0384857 948.569
-0.039546 954.603
-0.0406056 960.564
-0.0416645 966.454
-0.0427228 972.276
-0.0437803 978.031
-0.0448372 983.721
-0.0458935 989.348
-0.0469491 994.914
-0.0480042 1000.42
-0.0490587 1005.87
-0.0501126 1011.26
-0.0511659 1016.59
-0.0522188 1021.88
-0.053271 1027.1
-0.0543228 1032.28
-0.0553741 1037.41
-0.0564249 1042.49
-0.0574752 1047.52
-0.058525 1052.5
-0.0595744 1057.44
-0.0606233 1062.33
-0.0616718 1067.18
-0.0627199 1071.99
-0.0637676 1076.76
-0.0648148 1081.48
-0.0658617 1086.17
-0.064195 1019.5
-0.0625283 952.833
-0.0608617 886.166
-0.059195 819.499
-0.0575283 752.833
-0.0558617 686.166
-0.054195 619.499
-0.0525283 552.833
-0.0508617 486.166
-0.049195 419.499
-0.0475283 352.833
-0.0458617 286.166
-0.044195 219.499
-0.0425283 152.833
-0.0408617 86.166
-0.039195 19.4993
-0.0375283 -47.1673
-0.0358734 -112.663
-0.0342767 -172.33
-0.0327591 -224.092
-0.031314 -268.597
-0.0299278 -307.222
-0.0285878 -341.223
-0.0272842 -371.577
-0.0260099 -399.013
-0.0247593 -424.073
-0.0235283 -447.167
-0.0223139 -468.61
-0.0211135 -488.645
-0.0199253 -507.469
-0.0187476 -525.237
-0.0175792 -542.078
-0.016419 -558.096
-0.0152662 -573.381
-0.0141199 -588.006
-0.0129796 -602.035
-0.0118448 -615.523
-0.0107148 -628.516
-0.00958944 -641.056
-0.00846822 -653.178
-0.00735085 -664.915
-0.00623705 -676.295
-0.00512658 -687.342
-0.00401922 -698.078
-0.00291475 -708.525
-0.001813 -718.7
-0.000713801 -728.62
0.000382992 -738.299
0.00147752 -747.752
0.0025699 -756.99
0.00366025 -766.025
0.00474868 -774.868
0.00583527 -783.527
0.00692013 -792.013
0.00800333 -800.333
0.00908495 -808.495
0.0101651 -816.506
0.0112437 -824.373
0.012321 -832.102
0.013397 -839.698
0.0144717 -847.167
0.0155451 -854.515
0.0166174 -861.745
0.0176886 -868.862
0.0187587 -875.871
0.0198277 -882.775
0.0208958 -889.578
0.0219628 -896.284
0.023029 -902.896
0.0240942 -909.417
0.0251585 -915.85
0.026222 -922.198
0.0272846 -928.464
0.0283465 -934.65
0.0294076 -940.759
0.0304679 -946.793
0.0315275 -952.754
0.0325864 -958.644
0.0336447 -964.466
0.0347022 -970.221
0.0357591 -975.911
0.0368154 -981.538
0.037871 -987.104
0.0389261 -992.61
0.0399806 -998.057
0.0410345 -1003.45
0.0420878 -1008.78
0.0431407 -1014.07
0.0441929 -1019.29
0.0452447 -1024.47
0.046296 -1029.6
0.0473468 -1034.68
0.0483971 -1039.71
0.0494469 -1044.69
0.0504963 -1049.63
0.0515452 -1054.52
0.0525937 -1059.37
0.0536418 -1064.18
0.0546895 -1068.95
0.0557367 -1073.67
0.0567836 -1078.36
0.05783 -1083
0.0588761 -1087.61
0.0599218 -1092.18
0.0609671 -1096.71
0.0593004 -1030.04
0.0576338 -963.376
0.0559671 -896.709
0.0543004 -830.042
0.0526338 -763.376
0.0509671 -696.709
0.0493004 -630.042
0.0476338 -563.376
0.0459671 -496.709
0.0443004 -430.042
0.0426338 -363.376
0.0409671 -296.709
0.0393004 -230.042
0.0376338 -163.376
0.0359671 -96.7091
0.0343004 -30.0424
0.0326338 36.6243
0.0309788 102.12
0.0293821 161.787
0.0278645 213.549
0.0264195 258.054
0.0250332 296.678
0.0236932 330.68
0.0223897 361.034
0.0211153 388.47
0.0198647 413.53
0.0186338 436.624
0.0174193 458.066
0.016219 478.102
0.0150307 496.926
0.0138531 514.694
0.0126847 531.535
0.0115245 547.553
0.0103716 562.838
0.00922537 577.463
0.00808508 591.492
0.0069502 604.98
0.00582027 617.973
0.00469487 630.513
0.00357365 642.635
0.00245628 654.372
0.00134248 665.752
0.000232015 676.799
-0.000875353 687.535
-0.00197982 697.982
-0.00308157 708.157
-0.00418077 718.077
-0.00527756 727.756
-0.00637209 737.209
-0.00746447 746.447
