-0.000166701 6.67011
-0.000333404 13.3404
-0.00050011 20.011
-0.000666818 26.6818
-0.000833528 33.3528
-0.00100024 40.024
-0.00116695 46.6954
-0.00133367 53.3671
-0.00150039 60.039
-0.00166711 66.711
-0.00183383 73.3833
-0.00200056 80.0557
-0.00216728 86.728
-0.002334 93.4002
-0.00250072 100.072
-0.00266742 106.742
-0.00283409 113.409
-0.00300072 120.072
-0.00316727 126.727
-0.00333368 133.368
-0.00349988 139.988
-0.00366574 146.574
-0.0038311 153.11
-0.00399567 159.567
-0.00415907 165.907
-0.00432072 172.072
-0.00447978 177.977
-0.004635 183.499
-0.00478464 188.462
-0.00492648 192.644
-0.00505839 195.835
-0.0051797 197.968
-0.0052922 199.22
-0.00539895 199.895
-0.00550255 200.255
-0.00560456 200.456
-0.00570578 200.578
-0.00580662 200.662
-0.00590726 200.726
-0.0060078 200.78
-0.00610827 200.827
-0.00620872 200.872
-0.00630915 200.915
-0.00640957 200.957
-0.00650998 200.998
-0.00661039 201.039
-0.00671079 201.079
-0.0068112 201.12
-0.0069116 201.16
-0.00701201 201.201
-0.00684661 194.661
-0.00668124 188.124
-0.00651589 181.589
-0.0063506 175.06
-0.00618535 168.535
-0.00602018 162.018
-0.00585508 155.508
-0.00569006 149.006
-0.00552514 142.514
-0.00536032 136.032
-0.00519562 129.562
-0.00503104 123.104
-0.00486659 116.659
-0.00470228 110.228
-0.00453812 103.812
-0.00437411 97.4114
-0.00421028 91.0281
-0.00404663 84.6626
-0.00388316 78.3158
-0.00371989 71.9888
-0.00355682 65.6824
-0.00339398 59.3978
-0.00323136 53.1359
-0.00306898 46.8977
-0.00290684 40.6845
-0.00274497 34.4972
-0.00258337 28.337
-0.00242205 22.205
-0.00226102 16.1024
-0.00210031 10.0306
-0.00193991 3.99058
-0.00177984 -2.01617
-0.00162012 -7.98835
-0.00146075 -13.9246
-0.00130177 -19.8234
-0.00114317 -25.6834
-0.000984971 -31.5029
-0.000827195 -37.2805
-0.000669857 -43.0143
-0.000512973 -48.7027
-0.000356562 -54.3438
-0.000200642 -59.9358
-4.52322e-05 -65.4768
0.000109646 -70.9646
0.000263971 -76.3971
0.000417721 -81.7721
0.000570872 -87.0872
0.0007234 -92.34
0.000875278 -97.5278
0.00102648 -102.648
0.00117697 -107.697
0.00132673 -112.673
0.00147573 -117.573
0.00162392 -122.392
0.00177127 -127.127
0.00191775 -131.775
0.00206331 -136.331
0.00220791 -140.791
0.00235151 -145.151
0.00249406 -149.406
0.00263551 -153.551
0.00277579 -157.579
0.00291486 -161.486
0.00305265 -165.265
0.00318908 -168.908
0.0033241 -172.41
0.00345761 -175.761
0.00358953 -178.953
0.00371977 -181.977
0.00384822 -184.822
0.00397479 -187.479
0.00409933 -189.933
0.00422174 -192.173
0.00434184 -194.184
0.0044595 -195.95
0.00457452 -197.452
0.00468672 -198.672
0.00479586 -199.586
0.00490171 -200.171
0.00500397 -200.397
0.00510399 -200.399
0.00520399 -200.399
0.00530399 -200.399
0.00540399 -200.399
0.00550399 -200.399
0.00560399 -200.399
0.00570399 -200.399
0.00580399 -200.399
0.00590399 -200.399
0.00600399 -200.399
0.00610399 -200.399
0.00620399 -200.399
0.00630399 -200.399
0.00640398 -200.398
0.00650398 -200.398
0.00660397 -200.397
0.00670396 -200.396
0.00680394 -200.394
0.00690392 -200.392
0.0070039 -200.39
0.00683882 -193.882
0.00667378 -187.378
0.00650878 -180.878
0.00634384 -174.384
0.00617899 -167.899
0.00601425 -161.425
0.00584961 -154.961
0.00568511 -148.511
0.00552076 -142.076
0.00535656 -135.656
0.00519254 -129.254
0.00502871 -122.871
0.00486508 -116.508
0.00470167 -110.167
0.00453849 -103.849
0.00437555 -97.5554
0.00421288 -91.2876
0.00405047 -85.0471
0.00388835 -78.8352
0.00372653 -72.6535
0.00356503 -66.5032
0.00340386 -60.3859
0.00324303 -54.303
0.00308256 -48.2559
0.00292246 -42.2462
0.00276275 -36.2753
0.00260345 -30.3448
0.00244456 -24.4561
0.00228611 -18.6107
0.0021281 -12.8104
0.00197057 -7.05652
0.00181351 -1.35076
0.00165695 4.3053
0.0015009 9.91003
0.00134538 15.4618
0.00119041 20.959
0.001036 26.3999
0.000882171 31.7829
0.000728937 37.1063
0.000576317 42.3683
0.000424326 47.5674
0.000272983 52.7017
0.000122304 57.7696
-2.7694e-05 62.7694
-0.000176993 67.6993
-0.000325578 72.5578
-0.000473429 77.3429
-0.000620532 82.0532
-0.000766869 86.6869
-0.000912423 91.2423
-0.00105718 95.718
-0.00120112 100.112
-0.00134423 104.423
-0.0014865 108.65
-0.00162791 112.791
-0.00176844 116.844
-0.00190808 120.808
-0.00204682 124.682
-0.00218465 128.465
-0.00232155 132.155
-0.00245751 135.751
-0.00259253 139.253
-0.00272659 142.659
-0.00285968 145.968
-0.00299179 149.179
-0.00312293 152.293
-0.00325308 155.308
-0.00338223 158.223
-0.00351039 161.039
-0.00363755 163.755
-0.00376371 166.371
-0.00388887 168.887
-0.00401303 171.303
-0.00413619 173.619
-0.00425835 175.835
-0.00437952 177.952
-0.00449971 179.971
-0.00461891 181.891
-0.00473713 183.713
-0.00485439 185.439
-0.0049707 187.07
-0.00508605 188.605
-0.00520047 190.047
-0.00531396 191.396
-0.00542654 192.654
-0.00553822 193.822
-0.00564902 194.902
-0.00575894 195.894
-0.00586801 196.801
-0.00597623 197.623
-0.00608364 198.364
-0.00619023 199.023
-0.00629603 199.603
-0.00640106 200.106
-0.00650533 200.533
-0.00660885 200.885
-0.00671166 201.166
-0.00681376 201.376
-0.00691517 201.517
-0.00701591 201.591
-0.00711629 201.629
-0.00721666 201.666
-0.00731779 201.779
-0.00741839 201.839
-0.007519 201.9
-0.0076196 201.96
-0.00772021 202.021
-0.00782081 202.081
-0.00792142 202.142
-0.00802203 202.203
-0.00812264 202.264
-0.00822324 202.324
-0.00832385 202.385
-0.00842446 202.446
-0.00852507 202.507
-0.00862568 202.568
-0.00872629 202.629
-0.0088269 202.69
-0.00892751 202.751
-0.00902812 202.812
-0.00912873 202.873
-0.00922934 202.934
-0.00932995 202.995
-0.00943056 203.056
-0.00953118 203.118
-0.00963179 203.179
-0.0097324 203.24
-0.00983301 203.301
-0.00993363 203.363
-0.0100342 203.424
-0.0101349 203.486
-0.0102355 203.547
-0.0103361 203.609
-0.0104367 203.67
-0.0105373 203.732
-0.0106379 203.793
-0.0107385 203.855
-0.0108392 203.917
-0.0109398 203.978
-0.0110404 204.04
-0.011141 204.102
-0.0112416 204.164
-0.0113423 204.226
-0.0114429 204.287
-0.0115435 204.349
-0.0116441 204.411
-0.0117447 204.473
-0.0118454 204.535
-0.011946 204.598
-0.0120466 204.66
-0.0121472 204.722
-0.0122478 204.784
-0.0123485 204.846
-0.0124491 204.908
-0.0125497 204.971
-0.0126503 205.033
-0.012751 205.095
-0.0128516 205.158
-0.0129522 205.22
-0.0130528 205.283
-0.0131535 205.345
-0.0132541 205.408
-0.0133547 205.471
-0.0134553 205.533
-0.013556 205.596
-0.0136566 205.659
-0.0137572 205.721
-0.0138578 205.784
-0.0139585 205.847
-0.0140591 205.91
-0.0141597 205.973
-0.0142604 206.036
-0.014361 206.099
-0.0144616 206.162
-0.0145622 206.225
-0.0146629 206.288
-0.0147635 206.351
-0.0148641 206.414
-0.0149648 206.477
-0.0150654 206.541
-0.015166 206.604
-0.0152667 206.667
-0.0153673 206.731
-0.0154679 206.794
-0.0155686 206.858
-0.0156692 206.921
-0.0157698 206.985
-0.0158705 207.048
-0.0159711 207.112
-0.0160718 207.175
-0.0161724 207.239
-0.016273 207.303
-0.0163737 207.367
-0.0164743 207.43
-0.0165749 207.494
-0.0166756 207.558
-0.0167762 207.622
-0.0168769 207.686
-0.0169775 207.75
-0.0170781 207.814
-0.0169139 201.389
-0.0167497 194.968
-0.0165856 188.556
-0.0164216 182.155
-0.0162577 175.768
-0.016094 169.396
-0.0159304 163.043
-0.0157671 156.709
-0.015604 150.396
-0.0154411 144.108
-0.0152785 137.845
-0.0151161 131.61
-0.014954 125.404
-0.0147923 119.229
-0.0146309 113.087
-0.0144698 106.98
-0.0143091 100.908
-0.0141488 94.8756
-0.0139888 88.8825
-0.0138293 82.9311
-0.0136702 77.023
-0.0135116 71.16
-0.0133534 65.3437
-0.0131958 59.576
-0.0130386 53.8584
-0.0128819 48.1927
-0.0127258 42.5805
-0.0125702 37.0236
-0.0124152 31.5236
-0.0122608 26.0821
-0.012107 20.7007
-0.0119538 15.381
-0.0118012 10.1247
-0.0116493 4.93311
-0.0114981 -0.192116
-0.0113475 -5.24956
-0.0111976 -10.2378
-0.0110484 -15.1555
-0.0109 -20.0012
-0.0107523 -24.7739
-0.0106053 -29.4721
-0.0104591 -34.0948
-0.0103136 -38.641
-0.0101689 -43.1096
-0.010025 -47.4996
-0.0098819 -51.8104
-0.00973959 -56.0411
-0.00959809 -60.191
-0.0094574 -64.2596
-0.00931754 -68.2464
-0.00917849 -72.1511
-0.00904027 -75.9733
-0.00890287 -79.7129
-0.0087663 -83.3698
-0.00863056 -86.9441
-0.00849564 -90.4358
-0.00836155 -93.8453
-0.00822827 -97.1728
-0.00809581 -100.419
-0.00796416 -103.584
-0.00783332 -106.668
-0.00770327 -109.673
-0.007574 -112.6
-0.00744552 -115.448
-0.00731781 -118.219
-0.00719085 -120.915
-0.00706465 -123.535
-0.00693918 -126.082
-0.00681444 -128.556
-0.00669041 -130.959
-0.00656707 -133.293
-0.00644443 -135.557
-0.00632245 -137.755
-0.00620113 -139.887
-0.00608045 -141.955
-0.0059604 -143.96
-0.00584096 -145.904
-0.00572212 -147.788
-0.00560386 -149.614
-0.00548616 -151.384
-0.00536902 -153.098
-0.00525242 -154.758
-0.00513634 -156.366
-0.00502077 -157.923
-0.00490569 -159.431
-0.00479109 -160.891
-0.00467696 -162.304
-0.00456327 -163.673
-0.00445003 -164.997
-0.0043372 -166.28
-0.00422479 -167.521
-0.00411278 -168.722
-0.00400115 -169.885
-0.00388989 -171.011
-0.00377899 -172.101
-0.00366845 -173.155
-0.00355824 -174.176
-0.00344836 -175.164
-0.00333879 -176.121
-0.00322953 -177.047
-0.00312057 -177.943
-0.00301189 -178.811
-0.00290349 -179.651
-0.00279535 -180.465
-0.00268747 -181.253
-0.00257985 -182.015
-0.00247246 -182.754
-0.00236531 -183.469
-0.00225839 -184.161
-0.00215168 -184.832
-0.00204518 -185.482
-0.00193889 -186.111
-0.00183279 -186.721
-0.00172689 -187.311
-0.00162117 -187.883
-0.00151562 -188.438
-0.00141025 -188.975
-0.00130505 -189.495
-0.00120001 -189.999
-0.00109512 -190.488
-0.000990386 -190.961
-0.000885797 -191.42
-0.000781349 -191.865
-0.000677038 -192.296
-0.00057286 -192.714
-0.000468809 -193.119
-0.000364883 -193.512
-0.000261077 -193.892
-0.000157388 -194.261
-5.38115e-05 -194.619
4.96558e-05 -194.966
0.000153017 -195.302
0.000256276 -195.628
0.000359435 -195.944
0.000462498 -196.25
0.000565468 -196.547
0.000668346 -196.835
0.000771137 -197.114
0.000873843 -197.384
0.000976466 -197.647
0.00107901 -197.901
0.00118147 -198.147
0.00128386 -198.386
0.00138618 -198.618
0.00148842 -198.842
0.0015906 -199.06
0.00169271 -199.271
0.00179475 -199.475
0.00189673 -199.673
0.00199865 -199.865
0.0021005 -200.05
0.0022023 -200.23
0.00230405 -200.405
0.00240573 -200.573
0.00250737 -200.737
0.00260895 -200.895
0.00271048 -201.048
0.00281197 -201.197
0.0029134 -201.34
0.00301479 -201.479
0.00311613 -201.613
0.00321743 -201.743
0.00331869 -201.869
0.0034199 -201.99
0.00352107 -202.107
0.00362221 -202.221
0.0037233 -202.33
0.00382436 -202.436
0.00392538 -202.538
0.00402636 -202.636
0.00412731 -202.731
0.00422823 -202.823
0.00432911 -202.911
0.00442996 -202.996
0.00453078 -203.078
0.00463156 -203.156
0.00473232 -203.232
0.00483305 -203.305
0.00493375 -203.375
0.00503442 -203.442
0.00513506 -203.506
0.00523568 -203.568
0.00533627 -203.627
0.00543684 -203.684
0.00553738 -203.738
0.0056379 -203.79
0.00573839 -203.839
0.00583887 -203.887
0.00593931 -203.931
0.00603974 -203.974
0.00614014 -204.014
0.00624053 -204.053
0.00634089 -204.089
0.00644124 -204.124
0.00654156 -204.156
0.00664186 -204.186
0.00674215 -204.215
0.00684242 -204.242
0.00694266 -204.266
0.0070429 -204.29
0.00714311 -204.311
0.00724333 -204.333
0.00734354 -204.354
0.00744376 -204.376
0.00754398 -204.398
0.00764419 -204.419
0.00774441 -204.441
0.00784463 -204.463
0.00794484 -204.484
0.00804506 -204.506
0.00814528 -204.528
0.00824549 -204.549
0.00834571 -204.571
0.00844593 -204.593
0.00854615 -204.615
0.00864636 -204.636
0.00874658 -204.658
0.0088468 -204.68
0.00894702 -204.702
0.00904724 -204.724
0.00914745 -204.745
0.00924767 -204.767
0.00934789 -204.789
0.00944811 -204.811
0.00954833 -204.833
0.00964855 -204.855
0.00974877 -204.877
0.00984899 -204.899
0.00994921 -204.921
0.0100494 -204.943
0.0101496 -204.965
0.0102499 -204.987
0.0103501 -205.009
0.0104503 -205.031
0.0105505 -205.053
0.0106508 -205.075
0.010751 -205.097
0.0108512 -205.119
0.0109514 -205.141
0.0110516 -205.164
0.0111519 -205.186
0.0112521 -205.208
0.0113523 -205.23
0.0114525 -205.252
0.0115527 -205.275
0.011653 -205.297
0.0117532 -205.319
0.0118534 -205.342
0.0119536 -205.364
0.0120539 -205.386
0.0121541 -205.409
0.0122543 -205.431
0.0123545 -205.453
0.0124548 -205.476
0.012555 -205.498
0.0126552 -205.521
0.0127554 -205.543
0.0128557 -205.566
0.0129559 -205.588
0.0130561 -205.611
0.0131563 -205.633
0.0132566 -205.656
0.0133568 -205.679
0.013457 -205.701
0.0135572 -205.724
0.0136575 -205.747
0.0137577 -205.769
0.0138579 -205.792
0.0139581 -205.815
0.0140584 -205.837
0.0141586 -205.86
0.0142588 -205.883
0.0143591 -205.906
0.0144593 -205.929
0.0145595 -205.951
0.0146597 -205.974
0.01476 -205.997
0.0148602 -206.02
0.0149604 -206.043
0.0150607 -206.066
0.0151609 -206.089
0.0152611 -206.112
0.0153613 -206.135
0.0154616 -206.158
0.0155618 -206.181
0.015662 -206.204
0.0157623 -206.227
0.0158625 -206.25
0.0159627 -206.274
0.016063 -206.297
0.0161632 -206.32
0.0162634 -206.343
0.0163637 -206.366
0.0164639 -206.39
0.0165641 -206.413
0.0166644 -206.436
0.0167646 -206.46
0.0168648 -206.483
0.0169651 -206.506
0.0170653 -206.53
0.0169023 -200.23
0.0167394 -193.936
0.0165765 -187.653
0.0164138 -181.384
0.0162513 -175.131
0.016089 -168.897
0.0159268 -162.684
0.0157649 -156.495
0.0156033 -150.331
0.0154419 -144.195
0.0152809 -138.088
0.0151201 -132.013
0.0149597 -125.972
0.0147997 -119.966
0.01464 -113.997
0.0144807 -108.067
0.0143218 -102.178
0.0141633 -96.3314
0.0140053 -90.5291
0.0138477 -84.7729
0.0136906 -79.0644
0.0135341 -73.4053
0.013378 -67.7972
0.0132224 -62.2419
0.0130674 -56.741
0.012913 -51.296
0.0127591 -45.9085
0.0126058 -40.58
0.0124531 -35.3121
0.0123011 -30.1062
0.0121496 -24.9637
0.0119989 -19.8861
0.0118487 -14.8747
0.0116993 -9.93072
0.0115506 -5.05549
0.0114025 -0.250171
0.0112552 4.48411
0.0111085 9.14628
0.0109626 13.7354
0.0108175 18.2504
0.0106731 22.6905
0.0105294 27.055
0.0103866 31.3432
0.0102445 35.5544
0.0101031 39.6881
0.00996256 43.7438
0.00982279 47.7213
0.0096838 51.6203
0.00954559 55.4406
0.00940818 59.1821
0.00927155 62.8449
0.00913571 66.4291
0.00900065 69.9349
0.00886637 73.3625
0.00873288 76.7125
0.00860015 79.9852
0.00846819 83.1812
0.00833699 86.3012
0.00820654 89.3458
0.00807684 92.316
0.00794788 95.2125
0.00781964 98.0363
0.00769212 100.788
0.0075653 103.47
0.00743918 106.082
0.00731375 108.625
0.00718899 111.101
0.00706489 113.511
0.00694143 115.857
0.00681861 118.139
0.00669641 120.359
0.00657481 122.519
0.00645381 124.619
0.0063334 126.66
0.00621354 128.646
0.00609424 130.576
0.00597548 132.452
0.00585724 134.276
0.00573952 136.048
0.00562229 137.771
0.00550554 139.446
0.00538927 141.073
0.00527345 142.655
0.00515808 144.192
0.00504314 145.686
0.00492862 147.138
0.00481451 148.549
0.00470079 149.921
0.00458745 151.255
0.00447449 152.551
0.00436188 153.812
0.00424963 155.037
0.00413771 156.229
0.00402612 157.388
0.00391485 158.515
0.00380388 159.612
0.00369321 160.679
0.00358283 161.717
0.00347273 162.727
0.0033629 163.71
0.00325333 164.667
0.00314402 165.598
0.00303495 166.505
0.00292612 167.388
0.00281752 168.248
0.00270914 169.086
0.00260097 169.903
0.00249302 170.698
0.00238526 171.474
0.0022777 172.23
0.00217034 172.966
0.00206315 173.685
0.00195614 174.386
0.00184931 175.069
0.00174264 175.736
0.00163613 176.387
0.00152978 177.022
0.00142358 177.642
0.00131753 178.247
0.00121162 178.838
0.00110584 179.416
0.0010002 179.98
0.000894692 180.531
0.000789308 181.069
0.000684045 181.595
0.0005789 182.11
0.00047387 182.613
0.000368951 183.105
0.000264139 183.586
0.000159432 184.057
5.48268e-05 184.517
-4.96802e-05 184.968
-0.000154092 185.409
-0.000258411 185.841
-0.000362639 186.264
-0.00046678 186.678
-0.000570837 187.084
-0.00067481 187.481
-0.000778704 187.87
-0.00088252 188.252
-0.000986259 188.626
-0.00108993 188.993
-0.00119352 189.352
-0.00129705 189.705
-0.0014005 190.05
-0.0015039 190.39
-0.00160722 190.722
-0.00171049 191.049
-0.00181369 191.369
-0.00191684 191.684
-0.00201993 191.993
-0.00212296 192.296
-0.00222594 192.594
-0.00232887 192.887
-0.00243174 193.174
-0.00253456 193.456
-0.00263734 193.734
-0.00274007 194.007
-0.00284275 194.275
-0.00294538 194.538
-0.00304798 194.798
-0.00315052 195.052
-0.00325303 195.303
-0.0033555 195.55
-0.00345792 195.792
-0.00356031 196.031
-0.00366266 196.266
-0.00376497 196.497
-0.00386725 196.725
-0.00396949 196.949
-0.0040717 197.17
-0.00417387 197.387
-0.00427601 197.601
-0.00437812 197.812
-0.0044802 198.02
-0.00458224 198.224
-0.00468426 198.426
-0.00478625 198.625
-0.00488821 198.821
-0.00499014 199.014
-0.00509205 199.205
-0.00519392 199.392
-0.00529578 199.578
-0.0053976 199.76
-0.0054994 199.94
-0.00560118 200.118
-0.00570294 200.294
-0.00580467 200.467
-0.00590638 200.638
-0.00600806 200.806
-0.00610973 200.973
-0.00621137 201.137
-0.00631299 201.299
-0.00641451 201.451
-0.00651453 201.453
-0.00661453 201.453
-0.00671453 201.453
-0.00681451 201.451
-0.00691448 201.448
-0.00701443 201.443
-0.00711438 201.438
-0.00721431 201.431
-0.00731423 201.423
-0.00741415 201.415
-0.00751405 201.405
-0.00761394 201.394
-0.00771382 201.382
-0.0078137 201.37
-0.00791356 201.356
-0.00801341 201.341
-0.00811326 201.326
-0.0082131 201.31
-0.00831293 201.293
-0.00841275 201.275
-0.00851257 201.257
-0.00861237 201.237
-0.00871217 201.217
-0.00881197 201.197
-0.00891176 201.176
-0.00901154 201.154
-0.00911131 201.131
-0.00921108 201.108
-0.00931084 201.084
-0.0094106 201.06
-0.00951035 201.035
-0.0096101 201.01
-0.00970984 200.984
-0.00980958 200.958
-0.00990931 200.931
-0.010009 200.904
-0.0101088 200.876
-0.0102085 200.848
-0.0103082 200.82
-0.0104079 200.791
-0.0105076 200.761
-0.0106073 200.732
-0.010707 200.702
-0.0108067 200.671
-0.0109064 200.641
-0.0110061 200.61
-0.0111058 200.578
-0.0112055 200.547
-0.0113051 200.515
-0.0114048 200.483
-0.0115045 200.45
-0.0116042 200.418
-0.0117038 200.385
-0.0118035 200.352
-0.0119032 200.318
-0.0120028 200.285
-0.0121025 200.251
-0.0122022 200.217
-0.0123018 200.183
-0.0124015 200.148
-0.0125011 200.114
-0.0126008 200.079
-0.0127004 200.044
-0.0128001 200.009
-0.0128997 199.974
-0.0129994 199.939
-0.013099 199.903
-0.0131987 199.868
-0.0132983 199.832
-0.013398 199.796
-0.0134976 199.76
-0.0135972 199.725
-0.0136969 199.688
-0.0137965 199.652
-0.0138962 199.616
-0.0139958 199.58
-0.0140954 199.544
-0.0141951 199.507
-0.0142947 199.471
-0.0143943 199.434
-0.014494 199.398
-0.0145936 199.361
-0.0146932 199.324
-0.0147929 199.288
-0.0148925 199.251
-0.0149921 199.214
-0.0150918 199.177
-0.0151914 199.141
-0.015291 199.104
-0.0153907 199.067
-0.0154903 199.03
-0.0155899 198.993
-0.0156896 198.956
-0.0157892 198.92
-0.0158888 198.883
-0.0159885 198.846
-0.0160881 198.809
-0.0161877 198.772
-0.0162874 198.736
-0.016387 198.699
-0.0164866 198.662
-0.0165863 198.626
-0.0166859 198.589
-0.0167855 198.552
-0.0168852 198.516
-0.0169848 198.479
-0.0170844 198.443
-0.0171841 198.408
-0.0172837 198.372
-0.0173834 198.338
-0.017483 198.303
-0.0175827 198.269
-0.0176824 198.236
-0.017782 198.202
-0.0178817 198.17
-0.0179814 198.137
-0.018081 198.105
-0.0181807 198.073
-0.0182804 198.042
-0.0183801 198.011
-0.0184798 197.98
-0.0185795 197.95
-0.0186792 197.92
-0.0187789 197.891
-0.0188786 197.862
-0.0189783 197.833
-0.019078 197.805
-0.0191778 197.777
-0.0192775 197.749
-0.0193772 197.722
-0.0194769 197.695
-0.0195767 197.668
-0.0196764 197.642
-0.0197762 197.616
-0.0198759 197.59
-0.0199757 197.565
-0.0200754 197.54
-0.0201752 197.516
-0.0202749 197.492
-0.0203747 197.468
-0.0204744 197.444
-0.0205742 197.421
-0.0206738 197.382
-0.0207734 197.337
-0.0208729 197.293
-0.0209725 197.248
-0.021072 197.204
-0.0211716 197.16
-0.0212712 197.116
-0.0213707 197.072
-0.0214703 197.029
-0.0215699 196.986
-0.0216694 196.942
-0.021769 196.9
-0.0218686 196.857
-0.0219681 196.814
-0.0220677 196.772
-0.0221673 196.729
-0.0222669 196.687
-0.0223665 196.646
-0.022466 196.604
-0.0225656 196.562
-0.0226652 196.521
-0.0227648 196.48
-0.0228644 196.439
-0.022964 196.398
-0.0230636 196.358
-0.0231632 196.317
-0.0232628 196.277
-0.0233624 196.237
-0.023462 196.197
-0.0235616 196.157
-0.0236612 196.118
-0.0237608 196.079
-0.0238604 196.039
-0.02396 196.001
-0.0240596 195.962
-0.0241592 195.923
-0.0242588 195.885
-0.0243585 195.847
-0.0244581 195.809
-0.0245577 195.771
-0.0246573 195.733
-0.024757 195.696
-0.0248566 195.659
-0.0249562 195.621
-0.0250558 195.585
-0.0251555 195.548
-0.0252551 195.511
-0.0253548 195.475
-0.0254544 195.439
-0.025554 195.403
-0.0256537 195.367
-0.0257533 195.332
-0.025853 195.296
-0.0259526 195.261
-0.0260523 195.226
-0.0261519 195.191
-0.0262516 195.157
-0.0263512 195.122
-0.0264509 195.088
-0.0265505 195.054
-0.0266502 195.02
-0.0267499 194.986
-0.0268495 194.953
-0.0269492 194.919
-0.0267876 188.762
-0.0266259 182.638
-0.0264646 176.504
-0.0263034 170.388
-0.0261425 164.292
-0.0259818 158.22
-0.0258213 152.176
-0.0256612 146.16
-0.0255013 140.177
-0.0253418 134.227
-0.0251827 128.313
-0.025024 122.437
-0.0248656 116.602
-0.0247077 110.809
-0.0245502 105.06
-0.0243932 99.357
-0.0242366 93.7019
-0.0240806 88.0964
-0.023925 82.5424
-0.02377 77.0415
-0.0236156 71.5955
-0.0234617 66.2059
-0.0233084 60.8745
-0.0231557 55.6027
-0.0230036 50.3921
-0.0228521 45.2441
-0.0227013 40.1602
-0.0225511 35.1416
-0.0224016 30.1899
-0.0222528 25.306
-0.0221046 20.4914
-0.0219572 15.747
-0.0218105 11.0739
-0.0216645 6.47315
-0.0215192 1.94559
-0.0213747 -2.50795
-0.0212309 -6.88672
-0.0210879 -11.1901
-0.0209456 -15.4174
-0.0208041 -19.5683
-0.0206634 -23.6423
-0.0205234 -27.6391
-0.0203842 -31.5586
-0.0202458 -35.4005
-0.0201082 -39.1649
-0.0199713 -42.8519
-0.0198352 -46.4616
-0.0196999 -49.9942
-0.0195654 -53.4501
-0.0194316 -56.8297
-0.0192985 -60.1336
-0.0191663 -63.3623
-0.0190347 -66.5164
-0.0189039 -69.5968
-0.0187739 -72.6042
-0.0186445 -75.5396
-0.0185159 -78.4038
-0.0183879 -81.1979
-0.0182607 -83.9229
-0.0181341 -86.5799
-0.0180082 -89.1701
-0.017883 -91.6946
-0.0177584 -94.1548
-0.0176344 -96.5517
-0.0175111 -98.8868
-0.0173883 -101.161
-0.0172662 -103.377
-0.0171446 -105.534
-0.0170236 -107.635
-0.0169032 -109.68
-0.0167832 -111.671
-0.0166639 -113.61
-0.016545 -115.498
-0.0164266 -117.336
-0.0163087 -119.125
-0.0161913 -120.867
-0.0160743 -122.563
-0.0159578 -124.214
-0.0158418 -125.822
-0.0157261 -127.388
-0.0156109 -128.913
-0.015496 -130.397
-0.0153815 -131.844
-0.0152675 -133.252
-0.0151537 -134.625
-0.0150404 -135.962
-0.0149273 -137.265
-0.0148146 -138.535
-0.0147023 -139.772
-0.0145902 -140.979
-0.0144784 -142.155
-0.014367 -143.303
-0.0142558 -144.421
-0.0141449 -145.513
-0.0140342 -146.578
-0.0139238 -147.617
-0.0138137 -148.631
-0.0137038 -149.621
-0.0135942 -150.582
-0.0134848 -151.515
-0.0133757 -152.426
-0.0132668 -153.316
-0.0131581 -154.185
-0.0130497 -155.034
-0.0129414 -155.864
-0.0128332 -156.675
-0.0127253 -157.467
-0.0126176 -158.242
-0.01251 -159
-0.0124026 -159.741
-0.0122953 -160.466
-0.0121882 -161.176
-0.0120813 -161.87
-0.0119745 -162.55
-0.0118678 -163.216
-0.0117613 -163.868
-0.0116549 -164.507
-0.0115487 -165.133
-0.0114425 -165.746
-0.0113365 -166.347
-0.0112306 -166.937
-0.0111248 -167.515
-0.0110192 -168.082
-0.0109136 -168.639
-0.0108081 -169.185
-0.0107028 -169.721
-0.0105975 -170.247
-0.0104924 -170.764
-0.0103873 -171.272
-0.0102823 -171.77
-0.0101774 -172.26
-0.0100726 -172.742
-0.00996785 -173.215
-0.00986319 -173.681
-0.00975861 -174.139
-0.00965411 -174.589
-0.00954968 -175.032
-0.00944532 -175.468
-0.00934103 -175.897
-0.0092368 -176.32
-0.00913264 -176.736
-0.00902854 -177.146
-0.0089245 -177.55
-0.00882053 -177.947
-0.00871661 -178.339
-0.00861274 -178.726
-0.00850893 -179.107
-0.00840517 -179.483
-0.00830147 -179.853
-0.00819781 -180.219
-0.00809421 -180.579
-0.00799065 -180.935
-0.00788713 -181.287
-0.00778366 -181.634
-0.00768024 -181.976
-0.00757685 -182.315
-0.00747351 -182.649
-0.00737021 -182.979
-0.00726695 -183.305
-0.00716372 -183.628
-0.00706053 -183.947
-0.00695738 -184.262
-0.00685426 -184.574
-0.00675118 -184.882
-0.00664813 -185.187
-0.00654511 -185.489
-0.00644212 -185.788
-0.00633916 -186.084
-0.00623623 -186.376
-0.00613334 -186.666
-0.00603047 -186.953
-0.00592762 -187.238
-0.0058248 -187.52
-0.00572201 -187.799
-0.00561925 -188.075
-0.0055165 -188.35
-0.00541379 -188.621
-0.00531109 -188.891
-0.00520842 -189.158
-0.00510577 -189.423
-0.00500314 -189.686
-0.00490053 -189.947
-0.00479794 -190.206
-0.00469537 -190.463
-0.00459282 -190.718
-0.00449029 -190.971
-0.00438778 -191.222
-0.00428528 -191.472
-0.0041828 -191.72
-0.00408034 -191.966
-0.00397789 -192.211
-0.00387546 -192.454
-0.00377304 -192.696
-0.00367064 -192.936
-0.00356826 -193.174
-0.00346588 -193.412
-0.00336352 -193.648
-0.00326118 -193.882
-0.00315884 -194.116
-0.00305652 -194.348
-0.00295421 -194.579
-0.00285191 -194.809
-0.00274962 -195.038
-0.00264735 -195.265
-0.00254508 -195.492
-0.00244282 -195.718
-0.00234058 -195.942
-0.00223834 -196.166
-0.00213611 -196.389
-0.00203389 -196.611
-0.00193168 -196.832
-0.00182948 -197.052
-0.00172729 -197.271
-0.0016251 -197.49
-0.00152292 -197.708
-0.00142075 -197.925
-0.00131858 -198.142
-0.00121642 -198.358
-0.00111427 -198.573
-0.00101212 -198.788
-0.000909978 -199.002
-0.000807842 -199.216
-0.000705711 -199.429
-0.000603584 -199.642
-0.000501463 -199.854
-0.000399346 -200.065
-0.000297233 -200.277
-0.000195123 -200.488
-9.30182e-05 -200.698
9.08366e-06 -200.908
0.000111182 -201.118
0.000213278 -201.328
0.00031537 -201.537
0.00041746 -201.746
0.000519548 -201.955
0.000621634 -202.163
0.000723717 -202.372
0.000825799 -202.58
0.000927879 -202.788
0.00102996 -202.996
0.00113204 -203.204
0.00123411 -203.411
0.00133619 -203.619
0.00143826 -203.826
0.00154034 -204.034
0.00164241 -204.241
0.00174403 -204.403
0.00184484 -204.484
0.00194564 -204.564
0.00204643 -204.643
0.00214722 -204.722
0.00224799 -204.799
0.00234876 -204.876
0.00244952 -204.952
0.00255028 -205.028
0.00265102 -205.102
0.00275176 -205.176
0.00285249 -205.249
0.00295322 -205.322
0.00305394 -205.394
0.00315465 -205.465
0.00325535 -205.535
0.00335605 -205.605
0.00345674 -205.674
0.00355743 -205.743
0.00365811 -205.811
0.00375878 -205.878
0.00385945 -205.945
0.00396011 -206.011
0.00406076 -206.076
0.00416141 -206.141
0.00426205 -206.205
0.00436269 -206.269
0.00446332 -206.332
0.00456395 -206.395
0.00466457 -206.457
0.00476518 -206.518
0.00486579 -206.579
0.0049664 -206.64
0.005067 -206.7
0.00516759 -206.759
0.00526818 -206.818
0.00536877 -206.877
0.00546935 -206.935
0.00556992 -206.992
0.00567049 -207.049
0.00577106 -207.106
0.00587162 -207.162
0.00597217 -207.217
0.00607273 -207.273
0.00617327 -207.327
0.00627382 -207.382
0.00637435 -207.435
0.00647489 -207.489
0.00657542 -207.542
0.00667595 -207.595
0.00677647 -207.647
0.00687699 -207.699
0.0069775 -207.75
0.00707801 -207.801
0.00717852 -207.852
0.00727902 -207.902
0.00737952 -207.952
0.00748001 -208.001
0.0075805 -208.05
0.00768099 -208.099
0.00778147 -208.147
0.00788195 -208.195
0.00798243 -208.243
0.0080829 -208.29
0.00818337 -208.337
0.00828384 -208.384
0.0083843 -208.43
0.00848476 -208.476
0.00858522 -208.522
0.00868567 -208.567
0.00878612 -208.612
0.00888657 -208.657
0.00898701 -208.701
0.00908745 -208.745
0.00918789 -208.789
0.00928833 -208.833
0.00938876 -208.876
0.00948919 -208.919
0.00958961 -208.961
0.00969004 -209.004
0.00979046 -209.046
0.00989087 -209.087
0.00999129 -209.129
0.0100917 -209.17
0.0101921 -209.211
0.0102925 -209.252
0.0103929 -209.292
0.0104933 -209.332
0.0105937 -209.372
0.0106941 -209.412
0.0107945 -209.451
0.0108949 -209.49
0.0109953 -209.529
0.0110957 -209.568
0.0111961 -209.606
0.0112964 -209.644
0.0113968 -209.682
0.0114972 -209.72
0.0115976 -209.757
0.0116979 -209.795
0.0117983 -209.832
0.0118987 -209.868
0.011999 -209.905
0.0120994 -209.941
0.0121998 -209.977
0.0123001 -210.013
0.0124005 -210.049
0.0125008 -210.085
0.0126012 -210.12
0.0127015 -210.155
0.0128019 -210.19
0.0129022 -210.225
0.0130026 -210.259
0.0131029 -210.293
0.0132033 -210.327
0.0133036 -210.361
0.013404 -210.395
0.0135043 -210.429
0.0136046 -210.462
0.013705 -210.495
0.0138053 -210.528
0.0139056 -210.561
0.0140059 -210.593
0.0141063 -210.626
0.0142066 -210.658
0.0143069 -210.69
0.0144072 -210.722
0.0145075 -210.754
0.0146079 -210.786
0.0147082 -210.817
0.0148085 -210.848
0.0149088 -210.879
0.0150091 -210.91
0.0151094 -210.941
0.0152097 -210.972
0.01531 -211.002
0.0154103 -211.032
0.0155106 -211.063
0.0156109 -211.093
0.0157112 -211.122
0.0158115 -211.152
0.0159118 -211.182
0.0160121 -211.211
0.0161124 -211.24
0.0162127 -211.269
0.016313 -211.298
0.0164133 -211.327
0.0165136 -211.356
0.0166138 -211.384
0.0167141 -211.413
0.0168144 -211.441
0.0169147 -211.469
0.017015 -211.497
0.0171153 -211.525
0.0172155 -211.553
0.0173158 -211.581
0.0174161 -211.609
0.0175164 -211.637
0.0176166 -211.665
0.0177169 -211.693
0.0178172 -211.721
0.0179175 -211.749
0.0180178 -211.777
0.0181181 -211.805
0.0182183 -211.833
0.0183186 -211.862
0.0184189 -211.89
0.0185192 -211.918
0.0186195 -211.947
0.0187198 -211.975
0.01882 -212.004
0.0189203 -212.033
0.0190206 -212.061
0.0191209 -212.09
0.0192212 -212.119
0.0193215 -212.148
0.0194218 -212.177
0.0195221 -212.206
0.0196223 -212.235
0.0197226 -212.264
0.0198229 -212.293
0.0199232 -212.322
0.0200235 -212.352
0.0201238 -212.381
0.0202241 -212.41
0.0203244 -212.44
0.0204247 -212.469
0.020525 -212.499
0.0206253 -212.529
0.0207256 -212.558
0.0208259 -212.588
0.0209262 -212.618
0.0210265 -212.648
0.0211268 -212.678
0.0212271 -212.708
0.0213274 -212.738
0.0214277 -212.768
0.021528 -212.799
0.0216283 -212.829
0.0217286 -212.859
0.0218289 -212.89
0.0219292 -212.92
0.0220295 -212.951
0.0221298 -212.982
0.0222301 -213.012
0.0223304 -213.043
0.0224307 -213.074
0.0225311 -213.105
0.0226314 -213.136
0.0227317 -213.167
0.022832 -213.199
0.0229323 -213.23
0.0230326 -213.261
0.0231329 -213.293
0.0232332 -213.324
0.0233336 -213.356
0.0234339 -213.387
0.0235342 -213.419
0.0236345 -213.451
0.0237348 -213.483
0.0238352 -213.515
0.0239355 -213.547
0.0240358 -213.579
0.0241361 -213.612
0.0242364 -213.644
0.0243368 -213.677
0.0244371 -213.709
0.0245374 -213.742
0.0246377 -213.774
0.0247381 -213.807
0.0248384 -213.84
0.0249387 -213.873
0.0250391 -213.906
0.0251394 -213.94
0.0252397 -213.973
0.0253401 -214.006
0.0254404 -214.04
0.0255407 -214.073
0.0256411 -214.107
0.0257414 -214.141
0.0258417 -214.175
0.0259421 -214.209
0.0260424 -214.243
0.0261428 -214.277
0.0262431 -214.312
0.0263435 -214.346
0.0264438 -214.381
0.0265442 -214.415
0.0266445 -214.45
0.0267448 -214.485
0.0268452 -214.52
0.0269456 -214.555
0.0270459 -214.59
0.0271463 -214.626
0.0255365 -153.467
0.0239614 -96.1393
0.0224401 -44.0069
0.0209839 1.60623
0.0195996 40.0441
0.0182865 71.3452
0.0170382 96.1847
0.0158447 115.528
0.014701 129.9
0.0135916 140.839
0.0125078 149.217
0.011443 155.7
0.0103922 160.774
0.00935203 164.796
0.00831976 168.023
0.00729356 170.644
0.00627203 172.797
0.00525414 174.585
0.00423913 176.087
0.00322639 177.361
0.00221546 178.453
0.00120601 179.399
0.000197743 180.225
-0.000807752 180.775
-0.0018121 181.21
-0.00281567 181.567
-0.00381858 181.858
-0.00482095 182.095
-0.00582286 182.285
-0.00682438 182.437
-0.00782557 182.557
-0.00882649 182.649
-0.00982718 182.718
-0.0108277 182.767
-0.011828 182.801
-0.0128282 182.821
-0.0138283 182.829
-0.0148283 182.829
-0.0158282 182.821
-0.0168281 182.808
-0.0178279 182.789
-0.0188277 182.768
-0.0198274 182.743
-0.0208272 182.718
-0.0218269 182.691
-0.0228266 182.664
-0.0238264 182.637
-0.0248261 182.611
-0.0258259 182.586
-0.0268256 182.563
-0.0278255 182.554
-0.0288257 182.567
-0.029826 182.604
-0.0308264 182.637
-0.0318244 182.438
-0.0328228 182.282
-0.0338217 182.173
-0.0348212 182.121
-0.0358214 182.139
-0.0368225 182.25
-0.0352486 124.88
-0.0337263 72.6424
-0.0322735 27.3645
-0.0308983 -10.1585
-0.0295991 -40.0904
-0.0283661 -63.3869
-0.0271864 -81.3609
-0.026047 -95.2976
-0.0249374 -106.258
-0.0238506 -114.935
-0.02278 -121.998
-0.0217213 -127.866
-0.0206716 -132.84
-0.0196287 -137.135
-0.0185909 -140.906
-0.0175573 -144.271
-0.0165268 -147.313
-0.015499 -150.099
-0.0144732 -152.679
-0.0134491 -155.091
-0.0124263 -157.365
-0.0114047 -159.528
-0.010384 -161.597
-0.0093641 -163.589
-0.00834482 -165.517
-0.00732607 -167.392
-0.00630776 -169.224
-0.00528981 -171.019
-0.00427216 -172.784
-0.00325475 -174.525
-0.00223754 -176.246
-0.00122048 -177.952
-0.000203534 -179.646
0.000813325 -181.332
0.00183013 -183.013
0.0028469 -184.69
0.00386366 -186.365
0.00488042 -188.042
0.00589722 -189.722
0.00691406 -191.406
0.00793035 -193.035
0.00894578 -194.578
0.0099614 -196.14
0.0109772 -197.723
0.0119933 -199.33
0.0130096 -200.965
0.0140263 -202.63
0.0150433 -204.328
0.0160606 -206.065
0.0170784 -207.842
0.0180967 -209.665
0.0191154 -211.538
0.0201347 -213.466
0.0211545 -215.455
0.0221751 -217.51
0.0231889 -218.893
0.0241968 -219.678
0.0252046 -220.457
0.0262123 -221.23
0.02722 -221.997
0.0282283 -222.825
0.0292388 -223.884
0.0302565 -225.646
0.0312729 -227.291
0.0322729 -227.291
0.0332729 -227.291
0.0342729 -227.29
0.0352729 -227.289
0.0362729 -227.288
0.0372729 -227.287
0.0356495 -164.846
0.0340947 -109.466
0.0325942 -59.4236
0.031156 -15.5979
0.0297832 21.6816
0.0284741 52.5874
0.0272229 77.7076
0.0260213 97.8715
0.0248603 113.969
0.0237318 126.822
0.0226287 137.128
0.0215455 145.448
0.0204785 152.149
0.0194246 157.54
0.0183804 161.952
0.0173441 165.585
0.016314 168.593
0.015289 171.095
0.0142681 173.184
0.0132507 174.934
0.012236 176.402
0.0112236 177.636
0.0102133 178.672
0.00920456 179.543
0.00819726 180.273
0.00719116 180.883
0.00618609 181.391
0.0051819 181.809
0.00417848 182.152
0.00317571 182.429
0.00217351 182.648
0.00117181 182.818
0.00017055 182.945
-0.000830337 183.033
-0.00183089 183.089
-0.00283116 183.116
-0.00383117 183.117
-0.00483096 183.096
-0.00583056 183.056
-0.00682999 182.998
-0.00782926 182.926
-0.00882841 182.841
-0.00982744 182.744
-0.0108264 182.637
-0.0118231 182.306
-0.012819 181.902
-0.013815 181.499
-0.014811 181.098
-0.015807 180.699
-0.016803 180.304
-0.0177991 179.912
-0.0187952 179.524
-0.0197914 179.14
-0.0207876 178.761
-0.0217839 178.386
-0.0227802 178.016
-0.0237765 177.65
-0.0247729 177.29
-0.0257694 176.935
-0.0267659 176.585
-0.0277624 176.241
-0.028759 175.902
-0.0297557 175.568
-0.0307524 175.239
-0.0317492 174.916
-0.032746 174.598
-0.0337429 174.286
-0.0347398 173.979
-0.0357368 173.677
-0.0367338 173.381
-0.0377309 173.091
-0.0387281 172.81
-0.0397254 172.536
-0.0407227 172.27
-0.0417201 172.012
-0.0427176 171.76
-0.0437152 171.516
-0.0447128 171.279
-0.0457105 171.049
-0.0467083 170.825
-0.0451599 116.251
-0.0436707 67.0718
-0.0422429 25.1062
-0.0408949 -10.5041
-0.0396076 -39.2402
-0.0383771 -62.283
-0.0371934 -80.6548
-0.0360467 -95.3343
-0.0349285 -107.154
-0.0338323 -116.775
-0.032753 -124.704
-0.0316867 -131.325
-0.0306307 -136.926
-0.0295828 -141.721
-0.0285412 -145.877
-0.0275048 -149.517
-0.0264726 -152.739
-0.0254438 -155.619
-0.0244178 -158.215
-0.0233942 -160.577
-0.0223726 -162.741
-0.0213526 -164.739
-0.020334 -166.596
-0.0193167 -168.333
-0.0183003 -169.968
-0.0172848 -171.515
-0.0162701 -172.987
-0.0152561 -174.393
-0.0142426 -175.744
-0.0132295 -177.047
-0.0122169 -178.309
-0.0112046 -179.535
-0.0101927 -180.731
-0.00918099 -181.901
-0.0081695 -183.05
-0.0071582 -184.18
-0.00614703 -185.296
-0.00513599 -186.401
-0.00412503 -187.497
-0.00311541 -188.459
-0.00210695 -189.305
-0.00109861 -190.139
-9.03586e-05 -190.964
0.000917811 -191.781
0.00192592 -192.592
0.00293397 -193.397
0.00394198 -194.198
0.00494996 -194.996
0.00595792 -195.792
0.00696587 -196.587
0.00797382 -197.382
0.00898178 -198.178
0.00998976 -198.976
0.0109978 -199.776
0.0120058 -200.579
0.0130139 -201.386
0.014022 -202.198
0.0150301 -203.014
0.0160384 -203.836
0.0170466 -204.665
0.018055 -205.5
0.0190634 -206.343
0.0200719 -207.194
0.0210805 -208.053
0.0220892 -208.921
0.023098 -209.799
0.0241069 -210.686
0.0251158 -211.583
0.0261249 -212.49
0.0271341 -213.408
0.0281434 -214.338
0.0291512 -215.12
0.0301591 -215.908
0.0311672 -216.721
0.0321756 -217.562
0.0331843 -218.432
0.0341934 -219.335
0.0352027 -220.273
0.0362125 -221.248
0.0372226 -222.263
0.0382332 -223.324
0.0392443 -224.434
0.040256 -225.597
0.0412682 -226.819
0.042281 -228.104
0.0432946 -229.458
0.0442962 -229.619
0.0452961 -229.614
0.0462961 -229.609
0.047296 -229.603
0.0456527 -165.052
0.0441279 -112.79
0.0426651 -66.5114
0.0412668 -26.6827
0.0399316 6.83812
0.0386542 34.5752
0.0374272 57.2798
0.0362423 75.774
0.0350916 90.8364
0.0339686 103.144
0.0328674 113.256
0.0317838 121.618
0.0307142 128.582
0.0296558 134.423
0.0286064 139.357
0.0275645 143.55
0.0265286 147.135
0.0254978 150.218
0.0244711 152.882
0.023448 155.194
0.0224279 157.209
0.0214103 158.971
0.0203948 160.518
0.0193812 161.879
0.0183692 163.079
0.0173586 164.14
0.0163492 165.08
0.0153408 165.914
0.0143334 166.655
0.0133269 167.313
0.012321 167.899
0.0113158 168.421
0.0103111 168.885
0.00930704 169.295
0.00830597 169.402
0.00730525 169.474
0.00630484 169.515
0.00530471 169.529
0.00430481 169.519
0.00330512 169.488
0.00230562 169.438
0.00130628 169.371
0.00030709 169.291
-0.000691975 169.197
-0.00169093 169.093
-0.00268979 168.978
-0.00368856 168.856
-0.00468726 168.725
-0.00568589 168.589
-0.00668447 168.447
-0.007683 168.3
-0.00868149 168.149
-0.00967995 167.995
-0.0106784 167.838
-0.0116768 167.679
-0.0126752 167.518
-0.0136736 167.356
-0.0146719 167.193
-0.0156703 167.029
-0.0166687 166.865
-0.017667 166.701
-0.0186654 166.537
-0.0196637 166.374
-0.0206621 166.212
-0.0216605 166.05
-0.0226589 165.889
-0.0236573 165.73
-0.0246557 165.572
-0.0256542 165.415
-0.0266526 165.26
-0.0276511 165.107
-0.0286496 164.956
-0.0296481 164.806
-0.0306466 164.658
-0.0316451 164.513
-0.0326437 164.369
-0.0336423 164.227
-0.0346409 164.088
-0.0356395 163.951
-0.0366382 163.816
-0.0376368 163.683
-0.0386355 163.553
-0.0396342 163.424
-0.040633 163.299
-0.0416318 163.175
-0.0426305 163.054
-0.0436294 162.935
-0.0446282 162.819
-0.0456271 162.705
-0.0466259 162.593
-0.0476249 162.485
-0.0486238 162.381
-0.0496228 162.281
-0.0506218 162.184
-0.0516209 162.092
-0.05262 162.004
-0.0536192 161.919
-0.0546184 161.839
-0.0556176 161.762
-0.0566169 161.688
-0.0550926 109.634
-0.0536428 64.3409
-0.0522651 26.5348
-0.0509558 -4.40925
-0.0497058 -29.4131
-0.0485046 -49.5325
-0.0473423 -65.7677
-0.0462103 -78.965
-0.045102 -89.8011
-0.044012 -98.7991
-0.0429364 -106.357
-0.0418722 -112.779
-0.0408171 -118.293
-0.0397692 -123.076
-0.0387274 -127.264
-0.0376904 -130.964
-0.0366574 -134.259
-0.0356278 -137.216
-0.0346011 -139.887
-0.0335768 -142.317
-0.0325545 -144.539
-0.0315341 -146.584
-0.0305152 -148.476
-0.0294976 -150.234
-0.0284812 -151.876
-0.0274658 -153.416
-0.0264513 -154.867
-0.0254376 -156.239
-0.0244246 -157.54
-0.0234122 -158.78
-0.0224003 -159.964
-0.021389 -161.099
-0.0203781 -162.19
-0.0193676 -163.242
-0.0183574 -164.259
-0.0173475 -165.245
-0.016338 -166.202
-0.0153287 -167.134
-0.0143196 -168.044
-0.0133107 -168.934
-0.0123019 -169.805
-0.0112934 -170.661
-0.010285 -171.503
-0.00927667 -172.333
-0.00826848 -173.152
-0.00726039 -173.961
-0.00625238 -174.762
-0.00524443 -175.557
-0.00423654 -176.346
-0.0032287 -177.13
-0.00222089 -177.911
-0.00121311 -178.689
-0.000205345 -179.465
0.000802412 -180.241
0.00181017 -181.017
0.00281794 -181.794
0.00382572 -182.572
0.00483353 -183.352
0.00584136 -184.136
0.00684924 -184.924
0.00785716 -185.716
0.00886513 -186.513
0.00987316 -187.316
0.0108813 -188.126
0.0118894 -188.943
0.0128977 -189.768
0.013906 -190.601
0.0149144 -191.444
0.015923 -192.296
0.0169307 -193.074
0.0179371 -193.707
0.0189434 -194.344
0.0199499 -194.985
0.0209563 -195.63
0.0219628 -196.28
0.0229693 -196.934
0.0239759 -197.594
0.0249826 -198.259
0.0259893 -198.93
0.0269961 -199.607
0.0280029 -200.291
0.0290098 -200.981
0.0300168 -201.679
0.0310238 -202.384
0.032031 -203.097
0.0330382 -203.818
0.0340455 -204.548
0.0350529 -205.286
0.0360603 -206.034
0.0370679 -206.79
0.0380756 -207.557
0.0390833 -208.333
0.0400912 -209.12
0.0410992 -209.918
0.0421073 -210.726
0.0431155 -211.545
0.0441238 -212.376
0.0451322 -213.219
0.0461407 -214.073
0.0471494 -214.939
0.0481582 -215.819
0.0491669 -216.694
0.0501743 -217.429
0.0511819 -218.189
0.0521898 -218.978
0.0505826 -158.158
0.0490933 -109.34
0.0476714 -67.1486
0.0463144 -31.4429
0.0450166 -1.66003
0.0437703 22.9687
0.0425673 43.2685
0.0413998 60.0165
0.0402611 73.8891
0.0391455 85.4471
0.0380486 95.1423
0.0369667 103.334
0.035897 110.305
0.0348372 116.279
0.0337857 121.432
0.032741 125.905
0.0317019 129.81
0.0306676 133.236
0.0296374 136.258
0.0286106 138.935
0.0275868 141.317
0.0265655 143.443
0.0255466 145.34
0.0245316 146.832
0.0235184 148.156
0.0225066 149.334
0.0214962 150.382
0.0204868 151.317
0.0194785 152.151
0.018471 152.897
0.0174644 153.563
0.0164584 154.159
0.0154531 154.692
0.0144483 155.169
0.013444 155.595
0.0124402 155.976
0.0114368 156.316
0.0104338 156.619
0.00943111 156.889
0.00842871 157.128
0.00742659 157.34
0.00642472 157.528
0.00542307 157.693
0.00442162 157.837
0.00342036 157.964
0.00241927 158.073
0.00141833 158.167
0.000417525 158.247
-0.000583149 158.314
-0.00158371 158.37
