-0.000166701 -0.0001
-0.000333404 -0.0002
-0.00050011 -0.0003
-0.000666818 -0.0004
-0.000833528 -0.0005
-0.00100024 -0.0006
-0.00116695 -0.0007
-0.00133367 -0.0008
-0.00150039 -0.0009
-0.00166711 -0.001
-0.00183383 -0.0011
-0.00200056 -0.0012
-0.00216728 -0.0013
-0.002334 -0.0014
-0.00250072 -0.0015
-0.00266742 -0.0016
-0.00283409 -0.0017
-0.00300072 -0.0018
-0.00316727 -0.0019
-0.00333368 -0.002
-0.00349988 -0.0021
-0.00366574 -0.0022
-0.0038311 -0.0023
-0.00399567 -0.0024
-0.00415907 -0.0025
-0.00432072 -0.0026
-0.00447978 -0.0027
-0.004635 -0.0028
-0.00478464 -0.0029
-0.00492648 -0.003
-0.00505839 -0.0031
-0.0051797 -0.0032
-0.0052922 -0.0033
-0.00539895 -0.0034
-0.00550255 -0.0035
-0.00560456 -0.0036
-0.00570578 -0.0037
-0.00580662 -0.0038
-0.00590726 -0.0039
-0.0060078 -0.004
-0.00610827 -0.0041
-0.00620872 -0.0042
-0.00630915 -0.0043
-0.00640957 -0.0044
-0.00650998 -0.0045
-0.00661039 -0.0046
-0.00671079 -0.0047
-0.0068112 -0.0048
-0.0069116 -0.0049
-0.00701201 -0.005
-0.00684661 -0.0049
-0.00668124 -0.0048
-0.00651589 -0.0047
-0.0063506 -0.0046
-0.00618535 -0.0045
-0.00602018 -0.0044
-0.00585508 -0.0043
-0.00569006 -0.0042
-0.00552514 -0.0041
-0.00536032 -0.004
-0.00519562 -0.0039
-0.00503104 -0.0038
-0.00486659 -0.0037
-0.00470228 -0.0036
-0.00453812 -0.0035
-0.00437411 -0.0034
-0.00421028 -0.0033
-0.00404663 -0.0032
-0.00388316 -0.0031
-0.00371989 -0.003
-0.00355682 -0.0029
-0.00339398 -0.0028
-0.00323136 -0.0027
-0.00306898 -0.0026
-0.00290684 -0.0025
-0.00274497 -0.0024
-0.00258337 -0.0023
-0.00242205 -0.0022
-0.00226102 -0.0021
-0.00210031 -0.002
-0.00193991 -0.0019
-0.00177984 -0.0018
-0.00162012 -0.0017
-0.00146075 -0.0016
-0.00130177 -0.0015
-0.00114317 -0.0014
-0.000984971 -0.0013
-0.000827195 -0.0012
-0.000669857 -0.0011
-0.000512973 -0.001
-0.000356562 -0.0009
-0.000200642 -0.0008
-4.52322e-05 -0.0007
0.000109646 -0.0006
0.000263971 -0.0005
0.000417721 -0.0004
0.000570872 -0.0003
0.0007234 -0.0002
0.000875278 -0.0001
0.00102648 -2.43919e-19
0.00117697 0.0001
0.00132673 0.0002
0.00147573 0.0003
0.00162392 0.0004
0.00177127 0.0005
0.00191775 0.0006
0.00206331 0.0007
0.00220791 0.0008
0.00235151 0.0009
0.00249406 0.001
0.00263551 0.0011
0.00277579 0.0012
0.00291486 0.0013
0.00305265 0.0014
0.00318908 0.0015
0.0033241 0.0016
0.00345761 0.0017
0.00358953 0.0018
0.00371977 0.0019
0.00384822 0.002
0.00397479 0.0021
0.00409933 0.0022
0.00422174 0.0023
0.00434184 0.0024
0.0044595 0.0025
0.00457452 0.0026
0.00468672 0.0027
0.00479586 0.0028
0.00490171 0.0029
0.00500397 0.003
0.00510399 0.0031
0.00520399 0.0032
0.00530399 0.0033
0.00540399 0.0034
0.00550399 0.0035
0.00560399 0.0036
0.00570399 0.0037
0.00580399 0.0038
0.00590399 0.0039
0.00600399 0.004
0.00610399 0.0041
0.00620399 0.0042
0.00630399 0.0043
0.00640398 0.0044
0.00650398 0.0045
0.00660397 0.0046
0.00670396 0.0047
0.00680394 0.0048
0.00690392 0.0049
0.0070039 0.005
0.00683882 0.0049
0.00667378 0.0048
0.00650878 0.0047
0.00634384 0.0046
0.00617899 0.0045
0.00601425 0.0044
0.00584961 0.0043
0.00568511 0.0042
0.00552076 0.0041
0.00535656 0.004
0.00519254 0.0039
0.00502871 0.0038
0.00486508 0.0037
0.00470167 0.0036
0.00453849 0.0035
0.00437555 0.0034
0.00421288 0.0033
0.00405047 0.0032
0.00388835 0.0031
0.00372653 0.003
0.00356503 0.0029
0.00340386 0.0028
0.00324303 0.0027
0.00308256 0.0026
0.00292246 0.0025
0.00276275 0.0024
0.00260345 0.0023
0.00244456 0.0022
0.00228611 0.0021
0.0021281 0.002
0.00197057 0.0019
0.00181351 0.0018
0.00165695 0.0017
0.0015009 0.0016
0.00134538 0.0015
0.00119041 0.0014
0.001036 0.0013
0.000882171 0.0012
0.000728937 0.0011
0.000576317 0.001
0.000424326 0.0009
0.000272983 0.0008
0.000122304 0.0007
-2.7694e-05 0.0006
-0.000176993 0.0005
-0.000325578 0.0004
-0.000473429 0.0003
-0.000620532 0.0002
-0.000766869 0.0001
-0.000912423 2.30393e-19
-0.00105718 -0.0001
-0.00120112 -0.0002
-0.00134423 -0.0003
-0.0014865 -0.0004
-0.00162791 -0.0005
-0.00176844 -0.0006
-0.00190808 -0.0007
-0.00204682 -0.0008
-0.00218465 -0.0009
-0.00232155 -0.001
-0.00245751 -0.0011
-0.00259253 -0.0012
-0.00272659 -0.0013
-0.00285968 -0.0014
-0.00299179 -0.0015
-0.00312293 -0.0016
-0.00325308 -0.0017
-0.00338223 -0.0018
-0.00351039 -0.0019
-0.00363755 -0.002
-0.00376371 -0.0021
-0.00388887 -0.0022
-0.00401303 -0.0023
-0.00413619 -0.0024
-0.00425835 -0.0025
-0.00437952 -0.0026
-0.00449971 -0.0027
-0.00461891 -0.0028
-0.00473713 -0.0029
-0.00485439 -0.003
-0.0049707 -0.0031
-0.00508605 -0.0032
-0.00520047 -0.0033
-0.00531396 -0.0034
-0.00542654 -0.0035
-0.00553822 -0.0036
-0.00564902 -0.0037
-0.00575894 -0.0038
-0.00586801 -0.0039
-0.00597623 -0.004
-0.00608364 -0.0041
-0.00619023 -0.0042
-0.00629603 -0.0043
-0.00640106 -0.0044
-0.00650533 -0.0045
-0.00660885 -0.0046
-0.00671166 -0.0047
-0.00681376 -0.0048
-0.00691517 -0.0049
-0.00701591 -0.005
-0.00711629 -0.0051
-0.00721666 -0.0052
-0.00731779 -0.0053
-0.00741839 -0.0054
-0.007519 -0.0055
-0.0076196 -0.0056
-0.00772021 -0.0057
-0.00782081 -0.0058
-0.00792142 -0.0059
-0.00802203 -0.006
-0.00812264 -0.0061
-0.00822324 -0.0062
-0.00832385 -0.0063
-0.00842446 -0.0064
-0.00852507 -0.0065
-0.00862568 -0.0066
-0.00872629 -0.0067
-0.0088269 -0.0068
-0.00892751 -0.0069
-0.00902812 -0.007
-0.00912873 -0.0071
-0.00922934 -0.0072
-0.00932995 -0.0073
-0.00943056 -0.0074
-0.00953118 -0.0075
-0.00963179 -0.0076
-0.0097324 -0.0077
-0.00983301 -0.0078
-0.00993363 -0.0079
-0.0100342 -0.008
-0.0101349 -0.0081
-0.0102355 -0.0082
-0.0103361 -0.0083
-0.0104367 -0.0084
-0.0105373 -0.0085
-0.0106379 -0.0086
-0.0107385 -0.0087
-0.0108392 -0.0088
-0.0109398 -0.0089
-0.0110404 -0.009
-0.011141 -0.0091
-0.0112416 -0.0092
-0.0113423 -0.0093
-0.0114429 -0.0094
-0.0115435 -0.0095
-0.0116441 -0.0096
-0.0117447 -0.0097
-0.0118454 -0.0098
-0.011946 -0.0099
-0.0120466 -0.01
-0.0121472 -0.0101
-0.0122478 -0.0102
-0.0123485 -0.0103
-0.0124491 -0.0104
-0.0125497 -0.0105
-0.0126503 -0.0106
-0.012751 -0.0107
-0.0128516 -0.0108
-0.0129522 -0.0109
-0.0130528 -0.011
-0.0131535 -0.0111
-0.0132541 -0.0112
-0.0133547 -0.0113
-0.0134553 -0.0114
-0.013556 -0.0115
-0.0136566 -0.0116
-0.0137572 -0.0117
-0.0138578 -0.0118
-0.0139585 -0.0119
-0.0140591 -0.012
-0.0141597 -0.0121
-0.0142604 -0.0122
-0.014361 -0.0123
-0.0144616 -0.0124
-0.0145622 -0.0125
-0.0146629 -0.0126
-0.0147635 -0.0127
-0.0148641 -0.0128
-0.0149648 -0.0129
-0.0150654 -0.013
-0.015166 -0.0131
-0.0152667 -0.0132
-0.0153673 -0.0133
-0.0154679 -0.0134
-0.0155686 -0.0135
-0.0156692 -0.0136
-0.0157698 -0.0137
-0.0158705 -0.0138
-0.0159711 -0.0139
-0.0160718 -0.014
-0.0161724 -0.0141
-0.016273 -0.0142
-0.0163737 -0.0143
-0.0164743 -0.0144
-0.0165749 -0.0145
-0.0166756 -0.0146
-0.0167762 -0.0147
-0.0168769 -0.0148
-0.0169775 -0.0149
-0.0170781 -0.015
-0.0169139 -0.0149
-0.0167497 -0.0148
-0.0165856 -0.0147
-0.0164216 -0.0146
-0.0162577 -0.0145
-0.016094 -0.0144
-0.0159304 -0.0143
-0.0157671 -0.0142
-0.015604 -0.0141
-0.0154411 -0.014
-0.0152785 -0.0139
-0.0151161 -0.0138
-0.014954 -0.0137
-0.0147923 -0.0136
-0.0146309 -0.0135
-0.0144698 -0.0134
-0.0143091 -0.0133
-0.0141488 -0.0132
-0.0139888 -0.0131
-0.0138293 -0.013
-0.0136702 -0.0129
-0.0135116 -0.0128
-0.0133534 -0.0127
-0.0131958 -0.0126
-0.0130386 -0.0125
-0.0128819 -0.0124
-0.0127258 -0.0123
-0.0125702 -0.0122
-0.0124152 -0.0121
-0.0122608 -0.012
-0.012107 -0.0119
-0.0119538 -0.0118
-0.0118012 -0.0117
-0.0116493 -0.0116
-0.0114981 -0.0115
-0.0113475 -0.0114
-0.0111976 -0.0113
-0.0110484 -0.0112
-0.0109 -0.0111
-0.0107523 -0.011
-0.0106053 -0.0109
-0.0104591 -0.0108
-0.0103136 -0.0107
-0.0101689 -0.0106
-0.010025 -0.0105
-0.0098819 -0.0104
-0.00973959 -0.0103
-0.00959809 -0.0102
-0.0094574 -0.0101
-0.00931754 -0.01
-0.00917849 -0.0099
-0.00904027 -0.0098
-0.00890287 -0.0097
-0.0087663 -0.0096
-0.00863056 -0.0095
-0.00849564 -0.0094
-0.00836155 -0.0093
-0.00822827 -0.0092
-0.00809581 -0.0091
-0.00796416 -0.009
-0.00783332 -0.0089
-0.00770327 -0.0088
-0.007574 -0.0087
-0.00744552 -0.0086
-0.00731781 -0.0085
-0.00719085 -0.0084
-0.00706465 -0.0083
-0.00693918 -0.0082
-0.00681444 -0.0081
-0.00669041 -0.008
-0.00656707 -0.0079
-0.00644443 -0.0078
-0.00632245 -0.0077
-0.00620113 -0.0076
-0.00608045 -0.0075
-0.0059604 -0.0074
-0.00584096 -0.0073
-0.00572212 -0.0072
-0.00560386 -0.0071
-0.00548616 -0.007
-0.00536902 -0.0069
-0.00525242 -0.0068
-0.00513634 -0.0067
-0.00502077 -0.0066
-0.00490569 -0.0065
-0.00479109 -0.0064
-0.00467696 -0.0063
-0.00456327 -0.0062
-0.00445003 -0.0061
-0.0043372 -0.006
-0.00422479 -0.0059
-0.00411278 -0.0058
-0.00400115 -0.0057
-0.00388989 -0.0056
-0.00377899 -0.0055
-0.00366845 -0.0054
-0.00355824 -0.0053
-0.00344836 -0.0052
-0.00333879 -0.0051
-0.00322953 -0.005
-0.00312057 -0.0049
-0.00301189 -0.0048
-0.00290349 -0.0047
-0.00279535 -0.0046
-0.00268747 -0.0045
-0.00257985 -0.0044
-0.00247246 -0.0043
-0.00236531 -0.0042
-0.00225839 -0.0041
-0.00215168 -0.004
-0.00204518 -0.0039
-0.00193889 -0.0038
-0.00183279 -0.0037
-0.00172689 -0.0036
-0.00162117 -0.0035
-0.00151562 -0.0034
-0.00141025 -0.0033
-0.00130505 -0.0032
-0.00120001 -0.0031
-0.00109512 -0.003
-0.000990386 -0.0029
-0.000885797 -0.0028
-0.000781349 -0.0027
-0.000677038 -0.0026
-0.00057286 -0.0025
-0.000468809 -0.0024
-0.000364883 -0.0023
-0.000261077 -0.0022
-0.000157388 -0.0021
-5.38115e-05 -0.002
4.96558e-05 -0.0019
0.000153017 -0.0018
0.000256276 -0.0017
0.000359435 -0.0016
0.000462498 -0.0015
0.000565468 -0.0014
0.000668346 -0.0013
0.000771137 -0.0012
0.000873843 -0.0011
0.000976466 -0.001
0.00107901 -0.0009
0.00118147 -0.0008
0.00128386 -0.0007
0.00138618 -0.0006
0.00148842 -0.0005
0.0015906 -0.0004
0.00169271 -0.0003
0.00179475 -0.0002
0.00189673 -0.0001
0.00199865 -2.43945e-19
0.0021005 0.0001
0.0022023 0.0002
0.00230405 0.0003
0.00240573 0.0004
0.00250737 0.0005
0.00260895 0.0006
0.00271048 0.0007
0.00281197 0.0008
0.0029134 0.0009
0.00301479 0.001
0.00311613 0.0011
0.00321743 0.0012
0.00331869 0.0013
0.0034199 0.0014
0.00352107 0.0015
0.00362221 0.0016
0.0037233 0.0017
0.00382436 0.0018
0.00392538 0.0019
0.00402636 0.002
0.00412731 0.0021
0.00422823 0.0022
0.00432911 0.0023
0.00442996 0.0024
0.00453078 0.0025
0.00463156 0.0026
0.00473232 0.0027
0.00483305 0.0028
0.00493375 0.0029
0.00503442 0.003
0.00513506 0.0031
0.00523568 0.0032
0.00533627 0.0033
0.00543684 0.0034
0.00553738 0.0035
0.0056379 0.0036
0.00573839 0.0037
0.00583887 0.0038
0.00593931 0.0039
0.00603974 0.004
0.00614014 0.0041
0.00624053 0.0042
0.00634089 0.0043
0.00644124 0.0044
0.00654156 0.0045
0.00664186 0.0046
0.00674215 0.0047
0.00684242 0.0048
0.00694266 0.0049
0.0070429 0.005
0.00714311 0.0051
0.00724333 0.0052
0.00734354 0.0053
0.00744376 0.0054
0.00754398 0.0055
0.00764419 0.0056
0.00774441 0.0057
0.00784463 0.0058
0.00794484 0.0059
0.00804506 0.006
0.00814528 0.0061
0.00824549 0.0062
0.00834571 0.0063
0.00844593 0.0064
0.00854615 0.0065
0.00864636 0.0066
0.00874658 0.0067
0.0088468 0.0068
0.00894702 0.0069
0.00904724 0.007
0.00914745 0.0071
0.00924767 0.0072
0.00934789 0.0073
0.00944811 0.0074
0.00954833 0.0075
0.00964855 0.0076
0.00974877 0.0077
0.00984899 0.0078
0.00994921 0.0079
0.0100494 0.008
0.0101496 0.0081
0.0102499 0.0082
0.0103501 0.0083
0.0104503 0.0084
0.0105505 0.0085
0.0106508 0.0086
0.010751 0.0087
0.0108512 0.0088
0.0109514 0.0089
0.0110516 0.009
0.0111519 0.0091
0.0112521 0.0092
0.0113523 0.0093
0.0114525 0.0094
0.0115527 0.0095
0.011653 0.0096
0.0117532 0.0097
0.0118534 0.0098
0.0119536 0.0099
0.0120539 0.01
0.0121541 0.0101
0.0122543 0.0102
0.0123545 0.0103
0.0124548 0.0104
0.012555 0.0105
0.0126552 0.0106
0.0127554 0.0107
0.0128557 0.0108
0.0129559 0.0109
0.0130561 0.011
0.0131563 0.0111
0.0132566 0.0112
0.0133568 0.0113
0.013457 0.0114
0.0135572 0.0115
0.0136575 0.0116
0.0137577 0.0117
0.0138579 0.0118
0.0139581 0.0119
0.0140584 0.012
0.0141586 0.0121
0.0142588 0.0122
0.0143591 0.0123
0.0144593 0.0124
0.0145595 0.0125
0.0146597 0.0126
0.01476 0.0127
0.0148602 0.0128
0.0149604 0.0129
0.0150607 0.013
0.0151609 0.0131
0.0152611 0.0132
0.0153613 0.0133
0.0154616 0.0134
0.0155618 0.0135
0.015662 0.0136
0.0157623 0.0137
0.0158625 0.0138
0.0159627 0.0139
0.016063 0.014
0.0161632 0.0141
0.0162634 0.0142
0.0163637 0.0143
0.0164639 0.0144
0.0165641 0.0145
0.0166644 0.0146
0.0167646 0.0147
0.0168648 0.0148
0.0169651 0.0149
0.0170653 0.015
0.0169023 0.0149
0.0167394 0.0148
0.0165765 0.0147
0.0164138 0.0146
0.0162513 0.0145
0.016089 0.0144
0.0159268 0.0143
0.0157649 0.0142
0.0156033 0.0141
0.0154419 0.014
0.0152809 0.0139
0.0151201 0.0138
0.0149597 0.0137
0.0147997 0.0136
0.01464 0.0135
0.0144807 0.0134
0.0143218 0.0133
0.0141633 0.0132
0.0140053 0.0131
0.0138477 0.013
0.0136906 0.0129
0.0135341 0.0128
0.013378 0.0127
0.0132224 0.0126
0.0130674 0.0125
0.012913 0.0124
0.0127591 0.0123
0.0126058 0.0122
0.0124531 0.0121
0.0123011 0.012
0.0121496 0.0119
0.0119989 0.0118
0.0118487 0.0117
0.0116993 0.0116
0.0115506 0.0115
0.0114025 0.0114
0.0112552 0.0113
0.0111085 0.0112
0.0109626 0.0111
0.0108175 0.011
0.0106731 0.0109
0.0105294 0.0108
0.0103866 0.0107
0.0102445 0.0106
0.0101031 0.0105
0.00996256 0.0104
0.00982279 0.0103
0.0096838 0.0102
0.00954559 0.0101
0.00940818 0.01
0.00927155 0.0099
0.00913571 0.0098
0.00900065 0.0097
0.00886637 0.0096
0.00873288 0.0095
0.00860015 0.0094
0.00846819 0.0093
0.00833699 0.0092
0.00820654 0.0091
0.00807684 0.009
0.00794788 0.0089
0.00781964 0.0088
0.00769212 0.0087
0.0075653 0.0086
0.00743918 0.0085
0.00731375 0.0084
0.00718899 0.0083
0.00706489 0.0082
0.00694143 0.0081
0.00681861 0.008
0.00669641 0.0079
0.00657481 0.0078
0.00645381 0.0077
0.0063334 0.0076
0.00621354 0.0075
0.00609424 0.0074
0.00597548 0.0073
0.00585724 0.0072
0.00573952 0.0071
0.00562229 0.007
0.00550554 0.0069
0.00538927 0.0068
0.00527345 0.0067
0.00515808 0.0066
0.00504314 0.0065
0.00492862 0.0064
0.00481451 0.0063
0.00470079 0.0062
0.00458745 0.0061
0.00447449 0.006
0.00436188 0.0059
0.00424963 0.0058
0.00413771 0.0057
0.00402612 0.0056
0.00391485 0.0055
0.00380388 0.0054
0.00369321 0.0053
0.00358283 0.0052
0.00347273 0.0051
0.0033629 0.005
0.00325333 0.0049
0.00314402 0.0048
0.00303495 0.0047
0.00292612 0.0046
0.00281752 0.0045
0.00270914 0.0044
0.00260097 0.0043
0.00249302 0.0042
0.00238526 0.0041
0.0022777 0.004
0.00217034 0.0039
0.00206315 0.0038
0.00195614 0.0037
0.00184931 0.0036
0.00174264 0.0035
0.00163613 0.0034
0.00152978 0.0033
0.00142358 0.0032
0.00131753 0.0031
0.00121162 0.003
0.00110584 0.0029
0.0010002 0.0028
0.000894692 0.0027
0.000789308 0.0026
0.000684045 0.0025
0.0005789 0.0024
0.00047387 0.0023
0.000368951 0.0022
0.000264139 0.0021
0.000159432 0.002
5.48268e-05 0.0019
-4.96802e-05 0.0018
-0.000154092 0.0017
-0.000258411 0.0016
-0.000362639 0.0015
-0.00046678 0.0014
-0.000570837 0.0013
-0.00067481 0.0012
-0.000778704 0.0011
-0.00088252 0.001
-0.000986259 0.0009
-0.00108993 0.0008
-0.00119352 0.0007
-0.00129705 0.0006
-0.0014005 0.0005
-0.0015039 0.0004
-0.00160722 0.0003
-0.00171049 0.0002
-0.00181369 0.0001
-0.00191684 2.43945e-19
-0.00201993 -0.0001
-0.00212296 -0.0002
-0.00222594 -0.0003
-0.00232887 -0.0004
-0.00243174 -0.0005
-0.00253456 -0.0006
-0.00263734 -0.0007
-0.00274007 -0.0008
-0.00284275 -0.0009
-0.00294538 -0.001
-0.00304798 -0.0011
-0.00315052 -0.0012
-0.00325303 -0.0013
-0.0033555 -0.0014
-0.00345792 -0.0015
-0.00356031 -0.0016
-0.00366266 -0.0017
-0.00376497 -0.0018
-0.00386725 -0.0019
-0.00396949 -0.002
-0.0040717 -0.0021
-0.00417387 -0.0022
-0.00427601 -0.0023
-0.00437812 -0.0024
-0.0044802 -0.0025
-0.00458224 -0.0026
-0.00468426 -0.0027
-0.00478625 -0.0028
-0.00488821 -0.0029
-0.00499014 -0.003
-0.00509205 -0.0031
-0.00519392 -0.0032
-0.00529578 -0.0033
-0.0053976 -0.0034
-0.0054994 -0.0035
-0.00560118 -0.0036
-0.00570294 -0.0037
-0.00580467 -0.0038
-0.00590638 -0.0039
-0.00600806 -0.004
-0.00610973 -0.0041
-0.00621137 -0.0042
-0.00631299 -0.0043
-0.00641451 -0.0044
-0.00651453 -0.0045
-0.00661453 -0.0046
-0.00671453 -0.0047
-0.00681451 -0.0048
-0.00691448 -0.0049
-0.00701443 -0.005
-0.00711438 -0.0051
-0.00721431 -0.0052
-0.00731423 -0.0053
-0.00741415 -0.0054
-0.00751405 -0.0055
-0.00761394 -0.0056
-0.00771382 -0.0057
-0.0078137 -0.0058
-0.00791356 -0.0059
-0.00801341 -0.006
-0.00811326 -0.0061
-0.0082131 -0.0062
-0.00831293 -0.0063
-0.00841275 -0.0064
-0.00851257 -0.0065
-0.00861237 -0.0066
-0.00871217 -0.0067
-0.00881197 -0.0068
-0.00891176 -0.0069
-0.00901154 -0.007
-0.00911131 -0.0071
-0.00921108 -0.0072
-0.00931084 -0.0073
-0.0094106 -0.0074
-0.00951035 -0.0075
-0.0096101 -0.0076
-0.00970984 -0.0077
-0.00980958 -0.0078
-0.00990931 -0.0079
-0.010009 -0.008
-0.0101088 -0.0081
-0.0102085 -0.0082
-0.0103082 -0.0083
-0.0104079 -0.0084
-0.0105076 -0.0085
-0.0106073 -0.0086
-0.010707 -0.0087
-0.0108067 -0.0088
-0.0109064 -0.0089
-0.0110061 -0.009
-0.0111058 -0.0091
-0.0112055 -0.0092
-0.0113051 -0.0093
-0.0114048 -0.0094
-0.0115045 -0.0095
-0.0116042 -0.0096
-0.0117038 -0.0097
-0.0118035 -0.0098
-0.0119032 -0.0099
-0.0120028 -0.01
-0.0121025 -0.0101
-0.0122022 -0.0102
-0.0123018 -0.0103
-0.0124015 -0.0104
-0.0125011 -0.0105
-0.0126008 -0.0106
-0.0127004 -0.0107
-0.0128001 -0.0108
-0.0128997 -0.0109
-0.0129994 -0.011
-0.013099 -0.0111
-0.0131987 -0.0112
-0.0132983 -0.0113
-0.013398 -0.0114
-0.0134976 -0.0115
-0.0135972 -0.0116
-0.0136969 -0.0117
-0.0137965 -0.0118
-0.0138962 -0.0119
-0.0139958 -0.012
-0.0140954 -0.0121
-0.0141951 -0.0122
-0.0142947 -0.0123
-0.0143943 -0.0124
-0.014494 -0.0125
-0.0145936 -0.0126
-0.0146932 -0.0127
-0.0147929 -0.0128
-0.0148925 -0.0129
-0.0149921 -0.013
-0.0150918 -0.0131
-0.0151914 -0.0132
-0.015291 -0.0133
-0.0153907 -0.0134
-0.0154903 -0.0135
-0.0155899 -0.0136
-0.0156896 -0.0137
-0.0157892 -0.0138
-0.0158888 -0.0139
-0.0159885 -0.014
-0.0160881 -0.0141
-0.0161877 -0.0142
-0.0162874 -0.0143
-0.016387 -0.0144
-0.0164866 -0.0145
-0.0165863 -0.0146
-0.0166859 -0.0147
-0.0167855 -0.0148
-0.0168852 -0.0149
-0.0169848 -0.015
-0.0170844 -0.0151
-0.0171841 -0.0152
-0.0172837 -0.0153
-0.0173834 -0.0154
-0.017483 -0.0155
-0.0175827 -0.0156
-0.0176824 -0.0157
-0.017782 -0.0158
-0.0178817 -0.0159
-0.0179814 -0.016
-0.018081 -0.0161
-0.0181807 -0.0162
-0.0182804 -0.0163
-0.0183801 -0.0164
-0.0184798 -0.0165
-0.0185795 -0.0166
-0.0186792 -0.0167
-0.0187789 -0.0168
-0.0188786 -0.0169
-0.0189783 -0.017
-0.019078 -0.0171
-0.0191778 -0.0172
-0.0192775 -0.0173
-0.0193772 -0.0174
-0.0194769 -0.0175
-0.0195767 -0.0176
-0.0196764 -0.0177
-0.0197762 -0.0178
-0.0198759 -0.0179
-0.0199757 -0.018
-0.0200754 -0.0181
-0.0201752 -0.0182
-0.0202749 -0.0183
-0.0203747 -0.0184
-0.0204744 -0.0185
-0.0205742 -0.0186
-0.0206738 -0.0187
-0.0207734 -0.0188
-0.0208729 -0.0189
-0.0209725 -0.019
-0.021072 -0.0191
-0.0211716 -0.0192
-0.0212712 -0.0193
-0.0213707 -0.0194
-0.0214703 -0.0195
-0.0215699 -0.0196
-0.0216694 -0.0197
-0.021769 -0.0198
-0.0218686 -0.0199
-0.0219681 -0.02
-0.0220677 -0.0201
-0.0221673 -0.0202
-0.0222669 -0.0203
-0.0223665 -0.0204
-0.022466 -0.0205
-0.0225656 -0.0206
-0.0226652 -0.0207
-0.0227648 -0.0208
-0.0228644 -0.0209
-0.022964 -0.021
-0.0230636 -0.0211
-0.0231632 -0.0212
-0.0232628 -0.0213
-0.0233624 -0.0214
-0.023462 -0.0215
-0.0235616 -0.0216
-0.0236612 -0.0217
-0.0237608 -0.0218
-0.0238604 -0.0219
-0.02396 -0.022
-0.0240596 -0.0221
-0.0241592 -0.0222
-0.0242588 -0.0223
-0.0243585 -0.0224
-0.0244581 -0.0225
-0.0245577 -0.0226
-0.0246573 -0.0227
-0.024757 -0.0228
-0.0248566 -0.0229
-0.0249562 -0.023
-0.0250558 -0.0231
-0.0251555 -0.0232
-0.0252551 -0.0233
-0.0253548 -0.0234
-0.0254544 -0.0235
-0.025554 -0.0236
-0.0256537 -0.0237
-0.0257533 -0.0238
-0.025853 -0.0239
-0.0259526 -0.024
-0.0260523 -0.0241
-0.0261519 -0.0242
-0.0262516 -0.0243
-0.0263512 -0.0244
-0.0264509 -0.0245
-0.0265505 -0.0246
-0.0266502 -0.0247
-0.0267499 -0.0248
-0.0268495 -0.0249
-0.0269492 -0.025
-0.0267876 -0.0249
-0.0266259 -0.0248
-0.0264646 -0.0247
-0.0263034 -0.0246
-0.0261425 -0.0245
-0.0259818 -0.0244
-0.0258213 -0.0243
-0.0256612 -0.0242
-0.0255013 -0.0241
-0.0253418 -0.024
-0.0251827 -0.0239
-0.025024 -0.0238
-0.0248656 -0.0237
-0.0247077 -0.0236
-0.0245502 -0.0235
-0.0243932 -0.0234
-0.0242366 -0.0233
-0.0240806 -0.0232
-0.023925 -0.0231
-0.02377 -0.023
-0.0236156 -0.0229
-0.0234617 -0.0228
-0.0233084 -0.0227
-0.0231557 -0.0226
-0.0230036 -0.0225
-0.0228521 -0.0224
-0.0227013 -0.0223
-0.0225511 -0.0222
-0.0224016 -0.0221
-0.0222528 -0.022
-0.0221046 -0.0219
-0.0219572 -0.0218
-0.0218105 -0.0217
-0.0216645 -0.0216
-0.0215192 -0.0215
-0.0213747 -0.0214
-0.0212309 -0.0213
-0.0210879 -0.0212
-0.0209456 -0.0211
-0.0208041 -0.021
-0.0206634 -0.0209
-0.0205234 -0.0208
-0.0203842 -0.0207
-0.0202458 -0.0206
-0.0201082 -0.0205
-0.0199713 -0.0204
-0.0198352 -0.0203
-0.0196999 -0.0202
-0.0195654 -0.0201
-0.0194316 -0.02
-0.0192985 -0.0199
-0.0191663 -0.0198
-0.0190347 -0.0197
-0.0189039 -0.0196
-0.0187739 -0.0195
-0.0186445 -0.0194
-0.0185159 -0.0193
-0.0183879 -0.0192
-0.0182607 -0.0191
-0.0181341 -0.019
-0.0180082 -0.0189
-0.017883 -0.0188
-0.0177584 -0.0187
-0.0176344 -0.0186
-0.0175111 -0.0185
-0.0173883 -0.0184
-0.0172662 -0.0183
-0.0171446 -0.0182
-0.0170236 -0.0181
-0.0169032 -0.018
-0.0167832 -0.0179
-0.0166639 -0.0178
-0.016545 -0.0177
-0.0164266 -0.0176
-0.0163087 -0.0175
-0.0161913 -0.0174
-0.0160743 -0.0173
-0.0159578 -0.0172
-0.0158418 -0.0171
-0.0157261 -0.017
-0.0156109 -0.0169
-0.015496 -0.0168
-0.0153815 -0.0167
-0.0152675 -0.0166
-0.0151537 -0.0165
-0.0150404 -0.0164
-0.0149273 -0.0163
-0.0148146 -0.0162
-0.0147023 -0.0161
-0.0145902 -0.016
-0.0144784 -0.0159
-0.014367 -0.0158
-0.0142558 -0.0157
-0.0141449 -0.0156
-0.0140342 -0.0155
-0.0139238 -0.0154
-0.0138137 -0.0153
-0.0137038 -0.0152
-0.0135942 -0.0151
-0.0134848 -0.015
-0.0133757 -0.0149
-0.0132668 -0.0148
-0.0131581 -0.0147
-0.0130497 -0.0146
-0.0129414 -0.0145
-0.0128332 -0.0144
-0.0127253 -0.0143
-0.0126176 -0.0142
-0.01251 -0.0141
-0.0124026 -0.014
-0.0122953 -0.0139
-0.0121882 -0.0138
-0.0120813 -0.0137
-0.0119745 -0.0136
-0.0118678 -0.0135
-0.0117613 -0.0134
-0.0116549 -0.0133
-0.0115487 -0.0132
-0.0114425 -0.0131
-0.0113365 -0.013
-0.0112306 -0.0129
-0.0111248 -0.0128
-0.0110192 -0.0127
-0.0109136 -0.0126
-0.0108081 -0.0125
-0.0107028 -0.0124
-0.0105975 -0.0123
-0.0104924 -0.0122
-0.0103873 -0.0121
-0.0102823 -0.012
-0.0101774 -0.0119
-0.0100726 -0.0118
-0.00996785 -0.0117
-0.00986319 -0.0116
-0.00975861 -0.0115
-0.00965411 -0.0114
-0.00954968 -0.0113
-0.00944532 -0.0112
-0.00934103 -0.0111
-0.0092368 -0.011
-0.00913264 -0.0109
-0.00902854 -0.0108
-0.0089245 -0.0107
-0.00882053 -0.0106
-0.00871661 -0.0105
-0.00861274 -0.0104
-0.00850893 -0.0103
-0.00840517 -0.0102
-0.00830147 -0.0101
-0.00819781 -0.01
-0.00809421 -0.0099
-0.00799065 -0.0098
-0.00788713 -0.0097
-0.00778366 -0.0096
-0.00768024 -0.0095
-0.00757685 -0.0094
-0.00747351 -0.0093
-0.00737021 -0.0092
-0.00726695 -0.0091
-0.00716372 -0.009
-0.00706053 -0.0089
-0.00695738 -0.0088
-0.00685426 -0.0087
-0.00675118 -0.0086
-0.00664813 -0.0085
-0.00654511 -0.0084
-0.00644212 -0.0083
-0.00633916 -0.0082
-0.00623623 -0.0081
-0.00613334 -0.008
-0.00603047 -0.0079
-0.00592762 -0.0078
-0.0058248 -0.0077
-0.00572201 -0.0076
-0.00561925 -0.0075
-0.0055165 -0.0074
-0.00541379 -0.0073
-0.00531109 -0.0072
-0.00520842 -0.0071
-0.00510577 -0.007
-0.00500314 -0.0069
-0.00490053 -0.0068
-0.00479794 -0.0067
-0.00469537 -0.0066
-0.00459282 -0.0065
-0.00449029 -0.0064
-0.00438778 -0.0063
-0.00428528 -0.0062
-0.0041828 -0.0061
-0.00408034 -0.006
-0.00397789 -0.0059
-0.00387546 -0.0058
-0.00377304 -0.0057
-0.00367064 -0.0056
-0.00356826 -0.0055
-0.00346588 -0.0054
-0.00336352 -0.0053
-0.00326118 -0.0052
-0.00315884 -0.0051
-0.00305652 -0.005
-0.00295421 -0.0049
-0.00285191 -0.0048
-0.00274962 -0.0047
-0.00264735 -0.0046
-0.00254508 -0.0045
-0.00244282 -0.0044
-0.00234058 -0.0043
-0.00223834 -0.0042
-0.00213611 -0.0041
-0.00203389 -0.004
-0.00193168 -0.0039
-0.00182948 -0.0038
-0.00172729 -0.0037
-0.0016251 -0.0036
-0.00152292 -0.0035
-0.00142075 -0.0034
-0.00131858 -0.0033
-0.00121642 -0.0032
-0.00111427 -0.0031
-0.00101212 -0.003
-0.000909978 -0.0029
-0.000807842 -0.0028
-0.000705711 -0.0027
-0.000603584 -0.0026
-0.000501463 -0.0025
-0.000399346 -0.0024
-0.000297233 -0.0023
-0.000195123 -0.0022
-9.30182e-05 -0.0021
9.08366e-06 -0.002
0.000111182 -0.0019
0.000213278 -0.0018
0.00031537 -0.0017
0.00041746 -0.0016
0.000519548 -0.0015
0.000621634 -0.0014
0.000723717 -0.0013
0.000825799 -0.0012
0.000927879 -0.0011
0.00102996 -0.001
0.00113204 -0.0009
0.00123411 -0.0008
0.00133619 -0.0007
0.00143826 -0.0006
0.00154034 -0.0005
0.00164241 -0.0004
0.00174403 -0.0003
0.00184484 -0.0002
0.00194564 -0.0001
0.00204643 -2.43945e-19
0.00214722 0.0001
0.00224799 0.0002
0.00234876 0.0003
0.00244952 0.0004
0.00255028 0.0005
0.00265102 0.0006
0.00275176 0.0007
0.00285249 0.0008
0.00295322 0.0009
0.00305394 0.001
0.00315465 0.0011
0.00325535 0.0012
0.00335605 0.0013
0.00345674 0.0014
0.00355743 0.0015
0.00365811 0.0016
0.00375878 0.0017
0.00385945 0.0018
0.00396011 0.0019
0.00406076 0.002
0.00416141 0.0021
0.00426205 0.0022
0.00436269 0.0023
0.00446332 0.0024
0.00456395 0.0025
0.00466457 0.0026
0.00476518 0.0027
0.00486579 0.0028
0.0049664 0.0029
0.005067 0.003
0.00516759 0.0031
0.00526818 0.0032
0.00536877 0.0033
0.00546935 0.0034
0.00556992 0.0035
0.00567049 0.0036
0.00577106 0.0037
0.00587162 0.0038
0.00597217 0.0039
0.00607273 0.004
0.00617327 0.0041
0.00627382 0.0042
0.00637435 0.0043
0.00647489 0.0044
0.00657542 0.0045
0.00667595 0.0046
0.00677647 0.0047
0.00687699 0.0048
0.0069775 0.0049
0.00707801 0.005
0.00717852 0.0051
0.00727902 0.0052
0.00737952 0.0053
0.00748001 0.0054
0.0075805 0.0055
0.00768099 0.0056
0.00778147 0.0057
0.00788195 0.0058
0.00798243 0.0059
0.0080829 0.006
0.00818337 0.0061
0.00828384 0.0062
0.0083843 0.0063
0.00848476 0.0064
0.00858522 0.0065
0.00868567 0.0066
0.00878612 0.0067
0.00888657 0.0068
0.00898701 0.0069
0.00908745 0.007
0.00918789 0.0071
0.00928833 0.0072
0.00938876 0.0073
0.00948919 0.0074
0.00958961 0.0075
0.00969004 0.0076
0.00979046 0.0077
0.00989087 0.0078
0.00999129 0.0079
0.0100917 0.008
0.0101921 0.0081
0.0102925 0.0082
0.0103929 0.0083
0.0104933 0.0084
0.0105937 0.0085
0.0106941 0.0086
0.0107945 0.0087
0.0108949 0.0088
0.0109953 0.0089
0.0110957 0.009
0.0111961 0.0091
0.0112964 0.0092
0.0113968 0.0093
0.0114972 0.0094
0.0115976 0.0095
0.0116979 0.0096
0.0117983 0.0097
0.0118987 0.0098
0.011999 0.0099
0.0120994 0.01
0.0121998 0.0101
0.0123001 0.0102
0.0124005 0.0103
0.0125008 0.0104
0.0126012 0.0105
0.0127015 0.0106
0.0128019 0.0107
0.0129022 0.0108
0.0130026 0.0109
0.0131029 0.011
0.0132033 0.0111
0.0133036 0.0112
0.013404 0.0113
0.0135043 0.0114
0.0136046 0.0115
0.013705 0.0116
0.0138053 0.0117
0.0139056 0.0118
0.0140059 0.0119
0.0141063 0.012
0.0142066 0.0121
0.0143069 0.0122
0.0144072 0.0123
0.0145075 0.0124
0.0146079 0.0125
0.0147082 0.0126
0.0148085 0.0127
0.0149088 0.0128
0.0150091 0.0129
0.0151094 0.013
0.0152097 0.0131
0.01531 0.0132
0.0154103 0.0133
0.0155106 0.0134
0.0156109 0.0135
0.0157112 0.0136
0.0158115 0.0137
0.0159118 0.0138
0.0160121 0.0139
0.0161124 0.014
0.0162127 0.0141
0.016313 0.0142
0.0164133 0.0143
0.0165136 0.0144
0.0166138 0.0145
0.0167141 0.0146
0.0168144 0.0147
0.0169147 0.0148
0.017015 0.0149
0.0171153 0.015
0.0172155 0.0151
0.0173158 0.0152
0.0174161 0.0153
0.0175164 0.0154
0.0176166 0.0155
0.0177169 0.0156
0.0178172 0.0157
0.0179175 0.0158
0.0180178 0.0159
0.0181181 0.016
0.0182183 0.0161
0.0183186 0.0162
0.0184189 0.0163
0.0185192 0.0164
0.0186195 0.0165
0.0187198 0.0166
0.01882 0.0167
0.0189203 0.0168
0.0190206 0.0169
0.0191209 0.017
0.0192212 0.0171
0.0193215 0.0172
0.0194218 0.0173
0.0195221 0.0174
0.0196223 0.0175
0.0197226 0.0176
0.0198229 0.0177
0.0199232 0.0178
0.0200235 0.0179
0.0201238 0.018
0.0202241 0.0181
0.0203244 0.0182
0.0204247 0.0183
0.020525 0.0184
0.0206253 0.0185
0.0207256 0.0186
0.0208259 0.0187
0.0209262 0.0188
0.0210265 0.0189
0.0211268 0.019
0.0212271 0.0191
0.0213274 0.0192
0.0214277 0.0193
0.021528 0.0194
0.0216283 0.0195
0.0217286 0.0196
0.0218289 0.0197
0.0219292 0.0198
0.0220295 0.0199
0.0221298 0.02
0.0222301 0.0201
0.0223304 0.0202
0.0224307 0.0203
0.0225311 0.0204
0.0226314 0.0205
0.0227317 0.0206
0.022832 0.0207
0.0229323 0.0208
0.0230326 0.0209
0.0231329 0.021
0.0232332 0.0211
0.0233336 0.0212
0.0234339 0.0213
0.0235342 0.0214
0.0236345 0.0215
0.0237348 0.0216
0.0238352 0.0217
0.0239355 0.0218
0.0240358 0.0219
0.0241361 0.022
0.0242364 0.0221
0.0243368 0.0222
0.0244371 0.0223
0.0245374 0.0224
0.0246377 0.0225
0.0247381 0.0226
0.0248384 0.0227
0.0249387 0.0228
0.0250391 0.0229
0.0251394 0.023
0.0252397 0.0231
0.0253401 0.0232
0.0254404 0.0233
0.0255407 0.0234
0.0256411 0.0235
0.0257414 0.0236
0.0258417 0.0237
0.0259421 0.0238
0.0260424 0.0239
0.0261428 0.024
0.0262431 0.0241
0.0263435 0.0242
0.0264438 0.0243
0.0265442 0.0244
0.0266445 0.0245
0.0267448 0.0246
0.0268452 0.0247
0.0269456 0.0248
0.0270459 0.0249
0.0271463 0.025
0.0255365 0.024
0.0239614 0.023
0.0224401 0.022
0.0209839 0.021
0.0195996 0.02
0.0182865 0.019
0.0170382 0.018
0.0158447 0.017
0.014701 0.016
0.0135916 0.015
0.0125078 0.014
0.011443 0.013
0.0103922 0.012
0.00935203 0.011
0.00831976 0.01
0.00729356 0.009
0.00627203 0.008
0.00525414 0.007
0.00423913 0.006
0.00322639 0.005
0.00221546 0.004
0.00120601 0.003
0.000197743 0.002
-0.000807752 0.001
-0.0018121 -1.11022e-16
-0.00281567 -0.001
-0.00381858 -0.002
-0.00482095 -0.003
-0.00582286 -0.004
-0.00682438 -0.005
-0.00782557 -0.006
-0.00882649 -0.007
-0.00982718 -0.008
-0.0108277 -0.009
-0.011828 -0.01
-0.0128282 -0.011
-0.0138283 -0.012
-0.0148283 -0.013
-0.0158282 -0.014
-0.0168281 -0.015
-0.0178279 -0.016
-0.0188277 -0.017
-0.0198274 -0.018
-0.0208272 -0.019
-0.0218269 -0.02
-0.0228266 -0.021
-0.0238264 -0.022
-0.0248261 -0.023
-0.0258259 -0.024
-0.0268256 -0.025
-0.0278255 -0.026
-0.0288257 -0.027
-0.029826 -0.028
-0.0308264 -0.029
-0.0318244 -0.03
-0.0328228 -0.031
-0.0338217 -0.032
-0.0348212 -0.033
-0.0358214 -0.034
-0.0368225 -0.035
-0.0352486 -0.034
-0.0337263 -0.033
-0.0322735 -0.032
-0.0308983 -0.031
-0.0295991 -0.03
-0.0283661 -0.029
-0.0271864 -0.028
-0.026047 -0.027
-0.0249374 -0.026
-0.0238506 -0.025
-0.02278 -0.024
-0.0217213 -0.023
-0.0206716 -0.022
-0.0196287 -0.021
-0.0185909 -0.02
-0.0175573 -0.019
-0.0165268 -0.018
-0.015499 -0.017
-0.0144732 -0.016
-0.0134491 -0.015
-0.0124263 -0.014
-0.0114047 -0.013
-0.010384 -0.012
-0.0093641 -0.011
-0.00834482 -0.01
-0.00732607 -0.009
-0.00630776 -0.008
-0.00528981 -0.007
-0.00427216 -0.006
-0.00325475 -0.005
-0.00223754 -0.004
-0.00122048 -0.003
-0.000203534 -0.002
0.000813325 -0.001
0.00183013 -1.11022e-16
0.0028469 0.001
0.00386366 0.002
0.00488042 0.003
0.00589722 0.004
0.00691406 0.005
0.00793035 0.006
0.00894578 0.007
0.0099614 0.008
0.0109772 0.009
0.0119933 0.01
0.0130096 0.011
0.0140263 0.012
0.0150433 0.013
0.0160606 0.014
0.0170784 0.015
0.0180967 0.016
0.0191154 0.017
0.0201347 0.018
0.0211545 0.019
0.0221751 0.02
0.0231889 0.021
0.0241968 0.022
0.0252046 0.023
0.0262123 0.024
0.02722 0.025
0.0282283 0.026
0.0292388 0.027
0.0302565 0.028
0.0312729 0.029
0.0322729 0.03
0.0332729 0.031
0.0342729 0.032
0.0352729 0.033
0.0362729 0.034
0.0372729 0.035
0.0356495 0.034
0.0340947 0.033
0.0325942 0.032
0.031156 0.031
0.0297832 0.03
0.0284741 0.029
0.0272229 0.028
0.0260213 0.027
0.0248603 0.026
0.0237318 0.025
0.0226287 0.024
0.0215455 0.023
0.0204785 0.022
0.0194246 0.021
0.0183804 0.02
0.0173441 0.019
0.016314 0.018
0.015289 0.017
0.0142681 0.016
0.0132507 0.015
0.012236 0.014
0.0112236 0.013
0.0102133 0.012
0.00920456 0.011
0.00819726 0.01
0.00719116 0.009
0.00618609 0.008
0.0051819 0.007
0.00417848 0.006
0.00317571 0.005
0.00217351 0.004
0.00117181 0.003
0.00017055 0.002
-0.000830337 0.001
-0.00183089 -1.11022e-16
-0.00283116 -0.001
-0.00383117 -0.002
-0.00483096 -0.003
-0.00583056 -0.004
-0.00682999 -0.005
-0.00782926 -0.006
-0.00882841 -0.007
-0.00982744 -0.008
-0.0108264 -0.009
-0.0118231 -0.01
-0.012819 -0.011
-0.013815 -0.012
-0.014811 -0.013
-0.015807 -0.014
-0.016803 -0.015
-0.0177991 -0.016
-0.0187952 -0.017
-0.0197914 -0.018
-0.0207876 -0.019
-0.0217839 -0.02
-0.0227802 -0.021
-0.0237765 -0.022
-0.0247729 -0.023
-0.0257694 -0.024
-0.0267659 -0.025
-0.0277624 -0.026
-0.028759 -0.027
-0.0297557 -0.028
-0.0307524 -0.029
-0.0317492 -0.03
-0.032746 -0.031
-0.0337429 -0.032
-0.0347398 -0.033
-0.0357368 -0.034
-0.0367338 -0.035
-0.0377309 -0.036
-0.0387281 -0.037
-0.0397254 -0.038
-0.0407227 -0.039
-0.0417201 -0.04
-0.0427176 -0.041
-0.0437152 -0.042
-0.0447128 -0.043
-0.0457105 -0.044
-0.0467083 -0.045
-0.0451599 -0.044
-0.0436707 -0.043
-0.0422429 -0.042
-0.0408949 -0.041
-0.0396076 -0.04
-0.0383771 -0.039
-0.0371934 -0.038
-0.0360467 -0.037
-0.0349285 -0.036
-0.0338323 -0.035
-0.032753 -0.034
-0.0316867 -0.033
-0.0306307 -0.032
-0.0295828 -0.031
-0.0285412 -0.03
-0.0275048 -0.029
-0.0264726 -0.028
-0.0254438 -0.027
-0.0244178 -0.026
-0.0233942 -0.025
-0.0223726 -0.024
-0.0213526 -0.023
-0.020334 -0.022
-0.0193167 -0.021
-0.0183003 -0.02
-0.0172848 -0.019
-0.0162701 -0.018
-0.0152561 -0.017
-0.0142426 -0.016
-0.0132295 -0.015
-0.0122169 -0.014
-0.0112046 -0.013
-0.0101927 -0.012
-0.00918099 -0.011
-0.0081695 -0.01
-0.0071582 -0.009
-0.00614703 -0.008
-0.00513599 -0.007
-0.00412503 -0.006
-0.00311541 -0.005
-0.00210695 -0.004
-0.00109861 -0.003
-9.03586e-05 -0.002
0.000917811 -0.001
0.00192592 -1.11022e-16
0.00293397 0.001
0.00394198 0.002
0.00494996 0.003
0.00595792 0.004
0.00696587 0.005
0.00797382 0.006
0.00898178 0.007
0.00998976 0.008
0.0109978 0.009
0.0120058 0.01
0.0130139 0.011
0.014022 0.012
0.0150301 0.013
0.0160384 0.014
0.0170466 0.015
0.018055 0.016
0.0190634 0.017
0.0200719 0.018
0.0210805 0.019
0.0220892 0.02
0.023098 0.021
0.0241069 0.022
0.0251158 0.023
0.0261249 0.024
0.0271341 0.025
0.0281434 0.026
0.0291512 0.027
0.0301591 0.028
0.0311672 0.029
0.0321756 0.03
0.0331843 0.031
0.0341934 0.032
0.0352027 0.033
0.0362125 0.034
0.0372226 0.035
0.0382332 0.036
0.0392443 0.037
0.040256 0.038
0.0412682 0.039
0.042281 0.04
0.0432946 0.041
0.0442962 0.042
0.0452961 0.043
0.0462961 0.044
0.047296 0.045
0.0456527 0.044
0.0441279 0.043
0.0426651 0.042
0.0412668 0.041
0.0399316 0.04
0.0386542 0.039
0.0374272 0.038
0.0362423 0.037
0.0350916 0.036
0.0339686 0.035
0.0328674 0.034
0.0317838 0.033
0.0307142 0.032
0.0296558 0.031
0.0286064 0.03
0.0275645 0.029
0.0265286 0.028
0.0254978 0.027
0.0244711 0.026
0.023448 0.025
0.0224279 0.024
0.0214103 0.023
0.0203948 0.022
0.0193812 0.021
0.0183692 0.02
0.0173586 0.019
0.0163492 0.018
0.0153408 0.017
0.0143334 0.016
0.0133269 0.015
0.012321 0.014
0.0113158 0.013
0.0103111 0.012
0.00930704 0.011
0.00830597 0.01
0.00730525 0.009
0.00630484 0.008
0.00530471 0.007
0.00430481 0.006
0.00330512 0.005
0.00230562 0.004
0.00130628 0.003
0.00030709 0.002
-0.000691975 0.001
-0.00169093 -1.11022e-16
-0.00268979 -0.001
-0.00368856 -0.002
-0.00468726 -0.003
-0.00568589 -0.004
-0.00668447 -0.005
-0.007683 -0.006
-0.00868149 -0.007
-0.00967995 -0.008
-0.0106784 -0.009
-0.0116768 -0.01
-0.0126752 -0.011
-0.0136736 -0.012
-0.0146719 -0.013
-0.0156703 -0.014
-0.0166687 -0.015
-0.017667 -0.016
-0.0186654 -0.017
-0.0196637 -0.018
-0.0206621 -0.019
-0.0216605 -0.02
-0.0226589 -0.021
-0.0236573 -0.022
-0.0246557 -0.023
-0.0256542 -0.024
-0.0266526 -0.025
-0.0276511 -0.026
-0.0286496 -0.027
-0.0296481 -0.028
-0.0306466 -0.029
-0.0316451 -0.03
-0.0326437 -0.031
-0.0336423 -0.032
-0.0346409 -0.033
-0.0356395 -0.034
-0.0366382 -0.035
-0.0376368 -0.036
-0.0386355 -0.037
-0.0396342 -0.038
-0.040633 -0.039
-0.0416318 -0.04
-0.0426305 -0.041
-0.0436294 -0.042
-0.0446282 -0.043
-0.0456271 -0.044
-0.0466259 -0.045
-0.0476249 -0.046
-0.0486238 -0.047
-0.0496228 -0.048
-0.0506218 -0.049
-0.0516209 -0.05
-0.05262 -0.051
-0.0536192 -0.052
-0.0546184 -0.053
-0.0556176 -0.054
-0.0566169 -0.055
-0.0550926 -0.054
-0.0536428 -0.053
-0.0522651 -0.052
-0.0509558 -0.051
-0.0497058 -0.05
-0.0485046 -0.049
-0.0473423 -0.048
-0.0462103 -0.047
-0.045102 -0.046
-0.044012 -0.045
-0.0429364 -0.044
-0.0418722 -0.043
-0.0408171 -0.042
-0.0397692 -0.041
-0.0387274 -0.04
-0.0376904 -0.039
-0.0366574 -0.038
-0.0356278 -0.037
-0.0346011 -0.036
-0.0335768 -0.035
-0.0325545 -0.034
-0.0315341 -0.033
-0.0305152 -0.032
-0.0294976 -0.031
-0.0284812 -0.03
-0.0274658 -0.029
-0.0264513 -0.028
-0.0254376 -0.027
-0.0244246 -0.026
-0.0234122 -0.025
-0.0224003 -0.024
-0.021389 -0.023
-0.0203781 -0.022
-0.0193676 -0.021
-0.0183574 -0.02
-0.0173475 -0.019
-0.016338 -0.018
-0.0153287 -0.017
-0.0143196 -0.016
-0.0133107 -0.015
-0.0123019 -0.014
-0.0112934 -0.013
-0.010285 -0.012
-0.00927667 -0.011
-0.00826848 -0.01
-0.00726039 -0.009
-0.00625238 -0.008
-0.00524443 -0.007
-0.00423654 -0.006
-0.0032287 -0.005
-0.00222089 -0.004
-0.00121311 -0.003
-0.000205345 -0.002
0.000802412 -0.001
0.00181017 -1.11022e-16
0.00281794 0.001
0.00382572 0.002
0.00483353 0.003
0.00584136 0.004
0.00684924 0.005
0.00785716 0.006
0.00886513 0.007
0.00987316 0.008
0.0108813 0.009
0.0118894 0.01
0.0128977 0.011
0.013906 0.012
0.0149144 0.013
0.015923 0.014
0.0169307 0.015
0.0179371 0.016
0.0189434 0.017
0.0199499 0.018
0.0209563 0.019
0.0219628 0.02
0.0229693 0.021
0.0239759 0.022
0.0249826 0.023
0.0259893 0.024
0.0269961 0.025
0.0280029 0.026
0.0290098 0.027
0.0300168 0.028
0.0310238 0.029
0.032031 0.03
0.0330382 0.031
0.0340455 0.032
0.0350529 0.033
0.0360603 0.034
0.0370679 0.035
0.0380756 0.036
0.0390833 0.037
0.0400912 0.038
0.0410992 0.039
0.0421073 0.04
0.0431155 0.041
0.0441238 0.042
0.0451322 0.043
0.0461407 0.044
0.0471494 0.045
0.0481582 0.046
0.0491669 0.047
0.0501743 0.048
0.0511819 0.049
0.0521898 0.05
0.0505826 0.049
0.0490933 0.048
0.0476714 0.047
0.0463144 0.046
0.0450166 0.045
0.0437703 0.044
0.0425673 0.043
0.0413998 0.042
0.0402611 0.041
0.0391455 0.04
0.0380486 0.039
0.0369667 0.038
0.035897 0.037
0.0348372 0.036
0.0337857 0.035
0.032741 0.034
0.0317019 0.033
0.0306676 0.032
0.0296374 0.031
0.0286106 0.03
0.0275868 0.029
0.0265655 0.028
0.0255466 0.027
0.0245316 0.026
0.0235184 0.025
0.0225066 0.024
0.0214962 0.023
0.0204868 0.022
0.0194785 0.021
0.018471 0.02
0.0174644 0.019
0.0164584 0.018
0.0154531 0.017
0.0144483 0.016
0.013444 0.015
0.0124402 0.014
0.0114368 0.013
0.0104338 0.012
0.00943111 0.011
0.00842871 0.01
0.00742659 0.009
0.00642472 0.008
0.00542307 0.007
0.00442162 0.006
0.00342036 0.005
0.00241927 0.004
0.00141833 0.003
0.000417525 0.002
-0.000583149 0.001
-0.00158371 -1.11022e-16
