-0.000166701 6.67011
-0.000333404 13.3404
-0.00050011 20.011
-0.000666818 26.6818
-0.000833528 33.3528
-0.00100024 40.024
-0.00116695 46.6954
-0.00133367 53.3671
-0.00150039 60.039
-0.00166711 66.711
-0.00183383 73.3833
-0.00200056 80.0557
-0.00216728 86.728
-0.002334 93.4002
-0.00250072 100.072
-0.00266742 106.742
-0.00283409 113.409
-0.00300072 120.072
-0.00316727 126.727
-0.00333368 133.368
-0.00349988 139.988
-0.00366574 146.574
-0.0038311 153.11
-0.00399567 159.567
-0.00415907 165.907
-0.00432072 172.072
-0.00447978 177.977
-0.004635 183.499
-0.00478464 188.462
-0.00492648 192.644
-0.00505839 195.835
-0.0051797 197.968
-0.0052922 199.22
-0.00539895 199.895
-0.00550255 200.255
-0.00560456 200.456
-0.00570578 200.578
-0.00580662 200.662
-0.00590726 200.726
-0.0060078 200.78
-0.00610827 200.827
-0.00620872 200.872
-0.00630915 200.915
-0.00640957 200.957
-0.00650998 200.998
-0.00661039 201.039
-0.00671079 201.079
-0.0068112 201.12
-0.0069116 201.16
-0.00701201 201.201
-0.00684661 194.661
-0.00668124 188.124
-0.00651589 181.589
-0.0063506 175.06
-0.00618535 168.535
-0.00602018 162.018
-0.00585508 155.508
-0.00569006 149.006
-0.00552514 142.514
-0.00536032 136.032
-0.00519562 129.562
-0.00503104 123.104
-0.00486659 116.659
-0.00470228 110.228
-0.00453812 103.812
-0.00437411 97.4114
-0.00421028 91.0281
-0.00404663 84.6626
-0.00388316 78.3158
-0.00371989 71.9888
-0.00355682 65.6824
-0.00339398 59.3978
-0.00323136 53.1359
-0.00306898 46.8977
-0.00290684 40.6845
-0.00274497 34.4972
-0.00258337 28.337
-0.00242205 22.205
-0.00226102 16.1024
-0.00210031 10.0306
-0.00193991 3.99058
-0.00177984 -2.01617
-0.00162012 -7.98835
-0.00146075 -13.9246
-0.00130177 -19.8234
-0.00114317 -25.6834
-0.000984971 -31.5029
-0.000827195 -37.2805
-0.000669857 -43.0143
-0.000512973 -48.7027
-0.000356562 -54.3438
-0.000200642 -59.9358
-4.52322e-05 -65.4768
0.000109646 -70.9646
0.000263971 -76.3971
0.000417721 -81.7721
0.000570872 -87.0872
0.0007234 -92.34
0.000875278 -97.5278
0.00102648 -102.648
0.00117697 -107.697
0.00132673 -112.673
0.00147573 -117.573
0.00162392 -122.392
0.00177127 -127.127
0.00191775 -131.775
0.00206331 -136.331
0.00220791 -140.791
0.00235151 -145.151
0.00249406 -149.406
0.00263551 -153.551
0.00277579 -157.579
0.00291486 -161.486
0.00305265 -165.265
0.00318908 -168.908
0.0033241 -172.41
0.00345761 -175.761
0.00358953 -178.953
0.00371977 -181.977
0.00384822 -184.822
0.00397479 -187.479
0.00409933 -189.933
0.00422174 -192.173
0.00434184 -194.184
0.0044595 -195.95
0.00457452 -197.452
0.00468672 -198.672
0.00479586 -199.586
0.00490171 -200.171
0.00500397 -200.397
0.00510399 -200.399
0.00520399 -200.399
0.00530399 -200.399
0.00540399 -200.399
0.00550399 -200.399
0.00560399 -200.399
0.00570399 -200.399
0.00580399 -200.399
0.00590399 -200.399
0.00600399 -200.399
0.00610399 -200.399
0.00620399 -200.399
0.00630399 -200.399
0.00640398 -200.398
0.00650398 -200.398
0.00660397 -200.397
0.00670396 -200.396
0.00680394 -200.394
0.00690392 -200.392
0.0070039 -200.39
0.00683882 -193.882
0.00667378 -187.378
0.00650878 -180.878
0.00634384 -174.384
0.00617899 -167.899
0.00601425 -161.425
0.00584961 -154.961
0.00568511 -148.511
0.00552076 -142.076
0.00535656 -135.656
0.00519254 -129.254
0.00502871 -122.871
0.00486508 -116.508
0.00470167 -110.167
0.00453849 -103.849
0.00437555 -97.5554
0.00421288 -91.2876
0.00405047 -85.0471
0.00388835 -78.8352
0.00372653 -72.6535
0.00356503 -66.5032
0.00340386 -60.3859
0.00324303 -54.303
0.00308256 -48.2559
0.00292246 -42.2462
0.00276275 -36.2753
0.00260345 -30.3448
0.00244456 -24.4561
0.00228611 -18.6107
0.0021281 -12.8104
0.00197057 -7.05652
0.00181351 -1.35076
0.00165695 4.3053
0.0015009 9.91003
0.00134538 15.4618
0.00119041 20.959
0.001036 26.3999
0.000882171 31.7829
0.000728937 37.1063
0.000576317 42.3683
0.000424326 47.5674
0.000272983 52.7017
0.000122304 57.7696
-2.7694e-05 62.7694
-0.000176993 67.6993
-0.000325578 72.5578
-0.000473429 77.3429
-0.000620532 82.0532
-0.000766869 86.6869
-0.000912423 91.2423
-0.00105718 95.718
-0.00120112 100.112
-0.00134423 104.423
-0.0014865 108.65
-0.00162791 112.791
-0.00176844 116.844
-0.00190808 120.808
-0.00204682 124.682
-0.00218465 128.465
-0.00232155 132.155
-0.00245751 135.751
-0.00259253 139.253
-0.00272659 142.659
-0.00285968 145.968
-0.00299179 149.179
-0.00312293 152.293
-0.00325308 155.308
-0.00338223 158.223
-0.00351039 161.039
-0.00363755 163.755
-0.00376371 166.371
-0.00388887 168.887
-0.00401303 171.303
-0.00413619 173.619
-0.00425835 175.835
-0.00437952 177.952
-0.00449971 179.971
-0.00461891 181.891
-0.00473713 183.713
-0.00485439 185.439
-0.0049707 187.07
-0.00508605 188.605
-0.00520047 190.047
-0.00531396 191.396
-0.00542654 192.654
-0.00553822 193.822
-0.00564902 194.902
-0.00575894 195.894
-0.00586801 196.801
-0.00597623 197.623
-0.00608364 198.364
-0.00619023 199.023
-0.00629603 199.603
-0.00640106 200.106
-0.00650533 200.533
-0.00660885 200.885
-0.00671166 201.166
-0.00681376 201.376
-0.00691517 201.517
-0.00701591 201.591
-0.00711629 201.629
-0.00721666 201.666
-0.00731779 201.779
-0.00741839 201.839
-0.007519 201.9
-0.0076196 201.96
-0.00772021 202.021
-0.00782081 202.081
-0.00792142 202.142
-0.00802203 202.203
-0.00812264 202.264
-0.00822324 202.324
-0.00832385 202.385
-0.00842446 202.446
-0.00852507 202.507
-0.00862568 202.568
-0.00872629 202.629
-0.0088269 202.69
-0.00892751 202.751
-0.00902812 202.812
-0.00912873 202.873
-0.00922934 202.934
-0.00932995 202.995
-0.00943056 203.056
-0.00953118 203.118
-0.00963179 203.179
-0.0097324 203.24
-0.00983301 203.301
-0.00993363 203.363
-0.0100342 203.424
-0.0101349 203.486
-0.0102355 203.547
-0.0103361 203.609
-0.0104367 203.67
-0.0105373 203.732
-0.0106379 203.793
-0.0107385 203.855
-0.0108392 203.917
-0.0109398 203.978
-0.0110404 204.04
-0.011141 204.102
-0.0112416 204.164
-0.0113423 204.226
-0.0114429 204.287
-0.0115435 204.349
-0.0116441 204.411
-0.0117447 204.473
-0.0118454 204.535
-0.011946 204.598
-0.0120466 204.66
-0.0121472 204.722
-0.0122478 204.784
-0.0123485 204.846
-0.0124491 204.908
-0.0125497 204.971
-0.0126503 205.033
-0.012751 205.095
-0.0128516 205.158
-0.0129522 205.22
-0.0130528 205.283
-0.0131535 205.345
-0.0132541 205.408
-0.0133547 205.471
-0.0134553 205.533
-0.013556 205.596
-0.0136566 205.659
-0.0137572 205.721
-0.0138578 205.784
-0.0139585 205.847
-0.0140591 205.91
-0.0141597 205.973
-0.0142604 206.036
-0.014361 206.099
-0.0144616 206.162
-0.0145622 206.225
-0.014662 206.196
-0.0147611 206.115
-0.0148604 206.035
-0.0149596 205.957
-0.0150588 205.88
-0.015158 205.804
-0.0152573 205.73
-0.0153566 205.658
-0.0154559 205.586
-0.0155552 205.516
-0.0156545 205.447
-0.0157538 205.38
-0.0158531 205.313
-0.0159525 205.248
-0.0160518 205.184
-0.0161512 205.121
-0.0162506 205.06
-0.01635 204.999
-0.0164494 204.94
-0.0165488 204.882
-0.0166482 204.825
-0.0167477 204.769
-0.0168471 204.714
-0.0169466 204.66
-0.0170461 204.607
-0.0168823 198.229
-0.0167185 191.856
-0.0165549 185.49
-0.0163913 179.135
-0.0162279 172.793
-0.0160647 166.466
-0.0159016 160.157
-0.0157387 153.868
-0.015576 147.6
-0.0154135 141.356
-0.0152514 135.137
-0.0150894 128.946
-0.0149278 122.784
-0.0147665 116.652
-0.0146055 110.554
-0.0144449 104.49
-0.0142846 98.4632
-0.0141247 92.474
-0.0139652 86.5247
-0.0138062 80.617
-0.0136475 74.7526
-0.0134893 68.9333
-0.0133316 63.1607
-0.0131744 57.4365
-0.0130176 51.7625
-0.0128614 46.1402
-0.0127057 40.5714
-0.0125506 35.0576
-0.012396 29.6005
-0.012242 24.2016
-0.0120886 18.8626
-0.0119358 13.585
-0.0117837 8.37026
-0.0116322 3.21985
-0.0114813 -1.86478
-0.0113312 -6.88225
-0.0111817 -11.8312
-0.0110329 -16.7104
-0.0108848 -21.5185
-0.0107375 -26.2545
-0.0105908 -30.9171
-0.0104449 -35.5054
-0.0102998 -40.0184
-0.0101554 -44.4552
-0.0100118 -48.8149
-0.00986903 -53.097
-0.00972699 -57.3006
-0.00958575 -61.4254
-0.00944529 -65.4708
-0.00930563 -69.4365
-0.00916678 -73.3222
-0.00902872 -77.1278
-0.00889147 -80.8532
-0.00875509 -84.4909
-0.00861962 -88.0381
-0.00848497 -91.5027
-0.00835115 -94.8852
-0.00821814 -98.1859
-0.00808595 -101.405
-0.00795456 -104.544
-0.00782398 -107.602
-0.00769419 -110.581
-0.00756518 -113.482
-0.00743695 -116.305
-0.00730949 -119.051
-0.00718278 -121.722
-0.00705682 -124.318
-0.00693159 -126.841
-0.00680708 -129.292
-0.00668328 -131.672
-0.00656017 -133.983
-0.00643774 -136.226
-0.00631598 -138.402
-0.00619486 -140.514
-0.00607439 -142.561
-0.00595454 -144.546
-0.0058353 -146.47
-0.00571664 -148.336
-0.00559857 -150.143
-0.00548106 -151.894
-0.00536409 -153.591
-0.00524766 -155.234
-0.00513174 -156.826
-0.00501633 -158.367
-0.00490141 -159.859
-0.00478696 -161.304
-0.00467297 -162.703
-0.00455943 -164.057
-0.00444632 -165.368
-0.00433363 -166.637
-0.00422134 -167.866
-0.00410945 -169.055
-0.00399794 -170.206
-0.0038868 -171.32
-0.00377601 -172.399
-0.00366557 -173.443
-0.00355547 -174.453
-0.00344569 -175.431
-0.00333622 -176.378
-0.00322705 -177.295
-0.00311818 -178.182
-0.00300959 -179.041
-0.00290127 -179.873
-0.00279321 -180.679
-0.00268542 -181.458
-0.00257786 -182.214
-0.00247055 -182.945
-0.00236347 -183.653
-0.00225661 -184.339
-0.00214997 -185.003
-0.00204353 -185.647
-0.0019373 -186.27
-0.00183126 -186.874
-0.00172541 -187.459
-0.00161974 -188.026
-0.00151425 -188.575
-0.00140893 -189.107
-0.00130378 -189.622
-0.00119878 -190.122
-0.00109394 -190.606
-0.000989247 -191.075
-0.000884699 -191.53
-0.000780291 -191.971
-0.000676019 -192.398
-0.000571877 -192.812
-0.000467862 -193.214
-0.00036397 -193.603
-0.000260197 -193.98
-0.00015654 -194.346
-5.29937e-05 -194.701
5.04442e-05 -195.044
0.000153777 -195.378
0.000257009 -195.701
0.000360142 -196.014
0.00046318 -196.318
0.000566125 -196.612
0.00066898 -196.898
0.000771749 -197.175
0.000874433 -197.443
0.000977035 -197.703
0.00107956 -197.956
0.001182 -198.2
0.00128437 -198.437
0.00138667 -198.667
0.0014889 -198.89
0.00159106 -199.106
0.00169315 -199.315
0.00179518 -199.518
0.00189714 -199.714
0.00199905 -199.905
0.00210089 -200.089
0.00220268 -200.268
0.00230441 -200.441
0.00240608 -200.608
0.00250771 -200.771
0.00260928 -200.928
0.0027108 -201.08
0.00281227 -201.227
0.0029137 -201.37
0.00301508 -201.508
0.00311641 -201.641
0.0032177 -201.77
0.00331895 -201.895
0.00342015 -202.015
0.00352132 -202.132
0.00362245 -202.245
0.00372353 -202.353
0.00382458 -202.458
0.0039256 -202.56
0.00402658 -202.658
0.00412752 -202.752
0.00422843 -202.843
0.00432931 -202.931
0.00443015 -203.015
0.00453097 -203.097
0.00463175 -203.175
0.0047325 -203.25
0.00483323 -203.323
0.00493392 -203.392
0.00503459 -203.459
0.00513523 -203.523
0.00523585 -203.585
0.00533644 -203.644
0.005437 -203.7
0.00553754 -203.754
0.00563806 -203.806
0.00573855 -203.855
0.00583902 -203.902
0.00593946 -203.946
0.00603989 -203.989
0.00614029 -204.029
0.00624068 -204.068
0.00634104 -204.104
0.00644138 -204.138
0.0065417 -204.17
0.00664201 -204.201
0.00674229 -204.229
0.00684256 -204.256
0.00694281 -204.281
0.00704304 -204.304
0.00714326 -204.326
0.00724347 -204.347
0.00734369 -204.369
0.0074439 -204.39
0.00754412 -204.412
0.00764434 -204.434
0.00774455 -204.455
0.00784477 -204.477
0.00794499 -204.499
0.0080452 -204.52
0.00814542 -204.542
0.00824564 -204.564
0.00834585 -204.585
0.00844607 -204.607
0.00854629 -204.629
0.00864651 -204.651
0.00874672 -204.672
0.00884694 -204.694
0.00894716 -204.716
0.00904738 -204.738
0.0091476 -204.76
0.00924782 -204.782
0.00934804 -204.804
0.00944825 -204.825
0.00954847 -204.847
0.00964869 -204.869
0.00974891 -204.891
0.00984913 -204.913
0.00994935 -204.935
0.0100496 -204.957
0.0101498 -204.979
0.01025 -205.001
0.0103502 -205.023
0.0104505 -205.045
0.0105507 -205.067
0.0106509 -205.09
0.0107511 -205.112
0.0108513 -205.134
0.0109516 -205.156
0.0110518 -205.178
0.011152 -205.2
0.0112522 -205.223
0.0113524 -205.245
0.0114527 -205.267
0.0115529 -205.289
0.0116531 -205.312
0.0117533 -205.334
0.0118536 -205.356
0.0119538 -205.379
0.012054 -205.401
0.0121542 -205.423
0.0122545 -205.446
0.0123547 -205.468
0.0124549 -205.491
0.0125551 -205.513
0.0126554 -205.536
0.0127556 -205.558
0.0128558 -205.581
0.012956 -205.603
0.0130563 -205.626
0.0131565 -205.648
0.0132567 -205.671
0.0133569 -205.693
0.0134572 -205.716
0.0135574 -205.739
0.0136576 -205.761
0.0137578 -205.784
0.0138581 -205.807
0.0139583 -205.829
0.0140585 -205.852
0.0141587 -205.875
0.014259 -205.898
0.0143592 -205.921
0.0144594 -205.943
0.0145597 -205.966
0.0146599 -205.989
0.0147601 -206.012
0.0148603 -206.035
0.0149606 -206.058
0.0150608 -206.081
0.015161 -206.104
0.0152613 -206.127
0.0153615 -206.15
0.0154617 -206.173
0.015562 -206.196
0.0156622 -206.219
0.0157624 -206.242
0.0158627 -206.265
0.0159629 -206.289
0.0160631 -206.312
0.0161633 -206.335
0.0162636 -206.358
0.0163638 -206.381
0.016464 -206.405
0.0165643 -206.428
0.0166645 -206.451
0.0167647 -206.475
0.016865 -206.498
0.0169652 -206.521
0.0170654 -206.545
0.0169024 -200.245
0.0167395 -193.952
0.0165767 -187.669
0.016414 -181.4
0.0162515 -175.147
0.0160891 -168.914
0.015927 -162.701
0.0157651 -156.512
0.0156035 -150.349
0.0154421 -144.213
0.0152811 -138.107
0.0151203 -132.032
0.0149599 -125.991
0.0147999 -119.985
0.0146402 -114.017
0.0144809 -108.087
0.014322 -102.199
0.0141635 -96.3523
0.0140055 -90.5505
0.0138479 -84.7947
0.0136909 -79.0866
0.0135343 -73.4279
0.0133782 -67.8203
0.0132227 -62.2655
0.0130676 -56.765
0.0129132 -51.3204
0.0127593 -45.9334
0.0126061 -40.6054
0.0124534 -35.3379
0.0123013 -30.1325
0.0121499 -24.9905
0.0119991 -19.9133
0.011849 -14.9024
0.0116996 -9.95889
0.0115508 -5.08412
0.0114028 -0.279267
0.0112555 4.45455
0.0111088 9.11627
0.010963 13.7049
0.0108178 18.2195
0.0106734 22.6592
0.0105298 27.0233
0.0103869 31.311
0.0102448 35.5218
0.0101034 39.6551
0.0099629 43.7105
0.00982312 47.6876
0.00968414 51.5862
0.00954594 55.4061
0.00940853 59.1473
0.0092719 62.8098
0.00913606 66.3936
0.00900101 69.8991
0.00886673 73.3265
0.00873324 76.6762
0.00860051 79.9486
0.00846856 83.1444
0.00833736 86.2642
0.00820691 89.3087
0.00807721 92.2787
0.00794825 95.175
0.00782001 97.9987
0.00769249 100.751
0.00756568 103.432
0.00743956 106.044
0.00731413 108.587
0.00718937 111.063
0.00706527 113.473
0.00694181 115.819
0.00681899 118.101
0.00669679 120.321
0.0065752 122.48
0.0064542 124.58
0.00633401 126.598
0.00621477 128.523
0.00609611 130.389
0.005978 132.2
0.00586044 133.956
0.00574341 135.659
0.0056269 137.31
0.0055109 138.91
0.00539538 140.462
0.00528033 141.967
0.00516575 143.425
0.00505162 144.838
0.00493791 146.209
0.00482463 147.537
0.00471176 148.824
0.00459928 150.072
0.00448718 151.282
0.00437545 152.455
0.00426408 153.592
0.00415306 154.694
0.00404238 155.762
0.00393202 156.798
0.00382197 157.803
0.00371223 158.777
0.00360278 159.722
0.00349362 160.638
0.00338473 161.527
0.00327611 162.389
0.00316774 163.226
0.00305962 164.038
0.00295175 164.825
0.0028441 165.59
0.00273668 166.332
0.00262948 167.052
0.00252249 167.751
0.0024157 168.43
0.0023091 169.09
0.0022027 169.73
0.00209647 170.353
0.00199043 170.957
0.00188455 171.545
0.00177885 172.115
0.0016733 172.67
0.0015679 173.21
0.00146266 173.734
0.00135756 174.244
0.0012526 174.74
0.00114778 175.222
0.00104309 175.691
0.000938521 176.148
0.000834079 176.592
0.000729755 177.024
0.000625546 177.445
0.000521449 177.855
0.000417459 178.254
0.000313574 178.643
0.00020979 179.021
0.000106104 179.39
2.51221e-06 179.749
-0.000100987 180.099
-0.000204398 180.44
-0.000307722 180.772
-0.000410963 181.096
-0.000514122 181.412
-0.000617203 181.72
-0.000720208 182.021
-0.000823139 182.314
-0.000925999 182.6
-0.00102879 182.879
-0.00113151 183.151
-0.00123417 183.417
-0.00133676 183.676
-0.00143929 183.929
-0.00154177 184.177
-0.00164418 184.418
-0.00174654 184.654
-0.00184884 184.884
-0.00195109 185.109
-0.00205329 185.329
-0.00215544 185.544
-0.00225754 185.754
-0.00235959 185.959
-0.0024616 186.16
-0.00256356 186.356
-0.00266548 186.548
-0.00276736 186.736
-0.00286919 186.919
-0.00297099 187.099
-0.0030726 187.26
-0.00317415 187.415
-0.00327566 187.566
-0.00337713 187.713
-0.00347856 187.856
-0.00357995 187.995
-0.00368132 188.131
-0.00378264 188.264
-0.00388394 188.394
-0.0039852 188.52
-0.00408643 188.643
-0.00418762 188.762
-0.00428879 188.879
-0.00438993 188.993
-0.00449104 189.104
-0.00459213 189.213
-0.00469318 189.318
-0.00479421 189.421
-0.00489522 189.522
-0.0049962 189.62
-0.00509715 189.715
-0.00519808 189.808
-0.00529899 189.899
-0.00539988 189.988
-0.00550074 190.074
-0.00560158 190.158
-0.0057024 190.24
-0.0058032 190.32
-0.00590398 190.398
-0.00600474 190.474
-0.00610549 190.549
-0.00620621 190.621
-0.00630691 190.691
-0.0064076 190.76
-0.00650827 190.827
-0.00660893 190.893
-0.00670956 190.956
-0.00681018 191.018
-0.00691079 191.079
-0.00701138 191.138
-0.00711195 191.195
-0.00721251 191.251
-0.00731306 191.306
-0.00741359 191.359
-0.00751411 191.411
-0.00761461 191.461
-0.00771511 191.511
-0.00781559 191.559
-0.00791605 191.605
-0.00801651 191.651
-0.00811695 191.695
-0.00821738 191.738
-0.0083178 191.78
-0.00841821 191.821
-0.00851861 191.861
-0.008619 191.9
-0.00871938 191.938
-0.00881974 191.974
-0.0089201 192.01
-0.00902045 192.045
-0.00912079 192.079
-0.00922112 192.112
-0.00932144 192.144
-0.00942175 192.175
-0.00952205 192.205
-0.00962235 192.235
-0.00972263 192.263
-0.00982291 192.291
-0.00992318 192.318
-0.0100234 192.345
-0.0101237 192.37
-0.0102239 192.395
-0.0103242 192.419
-0.0104244 192.442
-0.0105247 192.465
-0.0106249 192.487
-0.0107251 192.508
-0.0108253 192.529
-0.0109255 192.549
-0.0110257 192.569
-0.0111259 192.587
-0.0112261 192.606
-0.0113262 192.623
-0.0114264 192.641
-0.0115266 192.657
-0.0116267 192.673
-0.0117269 192.689
-0.011827 192.704
-0.0119272 192.718
-0.0120273 192.732
-0.0121275 192.745
-0.0122276 192.758
-0.0123277 192.771
-0.0124278 192.783
-0.0125279 192.795
-0.0126281 192.806
-0.0127282 192.817
-0.0128283 192.827
-0.0129284 192.837
-0.0130285 192.847
-0.0131286 192.856
-0.0132286 192.865
-0.0133287 192.873
-0.0134288 192.881
-0.0135289 192.889
-0.013629 192.896
-0.013729 192.903
-0.0138291 192.91
-0.0139292 192.916
-0.0140292 192.922
-0.0141293 192.928
-0.0142293 192.933
-0.0143294 192.938
-0.0144294 192.943
-0.0145295 192.948
-0.0146295 192.952
-0.0147296 192.956
-0.0148296 192.959
-0.0149296 192.963
-0.0150297 192.966
-0.0151297 192.969
-0.0152297 192.972
-0.0153297 192.974
-0.0154298 192.976
-0.0155298 192.978
-0.0156298 192.98
-0.0157298 192.981
-0.0158298 192.983
-0.0159298 192.984
-0.0160298 192.985
-0.0161299 192.985
-0.0162299 192.986
-0.0163299 192.986
-0.0164299 192.986
-0.0165299 192.986
-0.0166299 192.986
-0.0167299 192.985
-0.0168298 192.985
-0.0169298 192.984
-0.0170298 192.984
-0.0171298 192.984
-0.0172298 192.984
-0.0173298 192.984
-0.0174298 192.984
-0.0175298 192.985
-0.0176299 192.986
-0.0177299 192.987
-0.0178299 192.988
-0.0179299 192.989
-0.0180299 192.991
-0.0181299 192.992
-0.0182299 192.994
-0.01833 192.996
-0.01843 192.998
-0.01853 193.001
-0.01863 193.003
-0.0187301 193.006
-0.0188301 193.009
-0.0189301 193.012
-0.0190302 193.015
-0.0191302 193.019
-0.0192302 193.022
-0.0193303 193.026
-0.0194303 193.03
-0.0195303 193.034
-0.0196304 193.039
-0.0197304 193.043
-0.0198305 193.048
-0.0199305 193.053
-0.0200306 193.058
-0.0201306 193.063
-0.0202307 193.069
-0.0203307 193.074
-0.0204308 193.08
-0.0205307 193.074
-0.0206306 193.055
-0.0207304 193.037
-0.0208302 193.019
-0.02093 193.002
-0.0210298 192.984
-0.0211297 192.968
-0.0212295 192.951
-0.0213293 192.935
-0.0214292 192.919
-0.021529 192.903
-0.0216289 192.888
-0.0217287 192.873
-0.0218286 192.858
-0.0219284 192.843
-0.0220283 192.829
-0.0221282 192.815
-0.022228 192.802
-0.0223279 192.788
-0.0224278 192.775
-0.0225276 192.762
-0.0226275 192.75
-0.0227274 192.738
-0.0228273 192.726
-0.0229271 192.714
-0.023027 192.703
-0.0231269 192.692
-0.0232268 192.681
-0.0233267 192.671
-0.0234266 192.66
-0.0235265 192.651
-0.0236264 192.641
-0.0237263 192.632
-0.0238262 192.622
-0.0239261 192.614
-0.0240261 192.605
-0.024126 192.597
-0.0242259 192.589
-0.0243258 192.581
-0.0244257 192.574
-0.0245257 192.566
-0.0246256 192.559
-0.0247255 192.553
-0.0248255 192.546
-0.0249254 192.54
-0.0250253 192.534
-0.0251253 192.529
-0.0252252 192.523
-0.0253252 192.518
-0.0254251 192.513
-0.0255251 192.509
-0.025625 192.504
-0.025725 192.5
-0.025825 192.497
-0.0259249 192.493
-0.0260249 192.49
-0.0261249 192.487
-0.0262248 192.484
-0.0263248 192.481
-0.0264248 192.479
-0.0265248 192.477
-0.0266248 192.475
-0.0267247 192.474
-0.0268247 192.473
-0.0269247 192.472
-0.0267633 186.337
-0.0266019 180.24
-0.0264408 174.131
-0.0262798 168.038
-0.0261191 161.966
-0.0259586 155.919
-0.0257984 149.9
-0.0256386 143.91
-0.025479 137.952
-0.0253198 132.03
-0.0251609 126.143
-0.0250024 120.296
-0.0248444 114.49
-0.0246868 108.726
-0.0245296 103.008
-0.0243729 97.3362
-0.0242166 91.7132
-0.0240609 86.1406
-0.0239057 80.6203
-0.0237511 75.1541
-0.023597 69.7435
-0.0234435 64.3903
-0.0232905 59.0961
-0.0231382 53.8625
-0.0229865 48.691
-0.0228354 43.583
-0.022685 38.54
-0.0225353 33.5634
-0.0223862 28.6544
-0.0222378 23.8144
-0.0220901 19.0444
-0.0219431 14.3456
-0.0217969 9.71906
-0.0216513 5.16571
-0.0215066 0.686437
-0.0213625 -3.71795
-0.0212192 -8.04672
-0.0210767 -12.2993
-0.020935 -16.475
-0.020794 -20.5735
-0.0206538 -24.5945
-0.0205144 -28.5375
-0.0203757 -32.4026
-0.0202379 -36.1895
-0.0201008 -39.8983
-0.0199645 -43.5291
-0.019829 -47.0822
-0.0196942 -50.5577
-0.0195603 -53.9562
-0.0194271 -57.278
-0.0192946 -60.5237
-0.0191629 -63.694
-0.019032 -66.7896
-0.0189018 -69.8113
-0.0187723 -72.7599
-0.0186435 -75.6364
-0.0185155 -78.4417
-0.0183881 -81.1769
-0.0182615 -83.8431
-0.0181355 -86.4414
-0.0180102 -88.973
-0.0178855 -91.4392
-0.0177615 -93.8412
-0.0176381 -96.1803
-0.0175153 -98.4578
-0.0173932 -100.675
-0.0172716 -102.833
-0.0171506 -104.934
-0.0170302 -106.979
-0.0169103 -108.968
-0.0167909 -110.905
-0.0166721 -112.789
-0.0165537 -114.622
-0.0164359 -116.406
-0.0163185 -118.142
-0.0162017 -119.831
-0.0160852 -121.475
-0.0159692 -123.074
-0.0158537 -124.631
-0.0157385 -126.146
-0.0156238 -127.62
-0.0155094 -129.056
-0.0153954 -130.453
-0.0152818 -131.813
-0.0151686 -133.137
-0.0150557 -134.427
-0.0149431 -135.683
-0.0148309 -136.907
-0.014719 -138.099
-0.0146074 -139.26
-0.0144961 -140.392
-0.014385 -141.495
-0.0142743 -142.57
-0.0141638 -143.618
-0.0140536 -144.64
-0.0139436 -145.637
-0.0138339 -146.609
-0.0137244 -147.558
-0.0136152 -148.48
-0.0135063 -149.371
-0.0133976 -150.241
-0.0132891 -151.09
-0.0131808 -151.918
-0.0130727 -152.726
-0.0129648 -153.515
-0.0128571 -154.286
-0.0127496 -155.039
-0.0126423 -155.774
-0.0125351 -156.492
-0.0124281 -157.194
-0.0123212 -157.881
-0.0122145 -158.551
-0.0121079 -159.207
-0.0120015 -159.849
-0.0118952 -160.476
-0.0117891 -161.09
-0.0116831 -161.691
-0.0115772 -162.279
-0.0114715 -162.855
-0.0113658 -163.418
-0.0112603 -163.97
-0.0111549 -164.511
-0.0110496 -165.041
-0.0109444 -165.56
-0.0108393 -166.069
-0.0107343 -166.568
-0.0106294 -167.057
-0.0105246 -167.537
-0.0104199 -168.008
-0.0103153 -168.469
-0.0102108 -168.923
-0.0101063 -169.367
-0.010002 -169.804
-0.00989767 -170.232
-0.00979346 -170.653
-0.00968933 -171.067
-0.00958527 -171.473
-0.00948127 -171.872
-0.00937735 -172.265
-0.0092735 -172.65
-0.0091697 -173.03
-0.00906598 -173.402
-0.00896231 -173.769
-0.0088587 -174.13
-0.00875515 -174.485
-0.00865166 -174.834
-0.00854822 -175.178
-0.00844484 -175.516
-0.00834151 -175.849
-0.00823823 -176.177
-0.00813499 -176.5
-0.00803181 -176.819
-0.00792867 -177.132
-0.00782558 -177.442
-0.00772254 -177.746
-0.00761954 -178.046
-0.00751657 -178.343
-0.00741365 -178.634
-0.00731078 -178.922
-0.00720794 -179.206
-0.00710513 -179.487
-0.00700237 -179.763
-0.00689964 -180.036
-0.00679695 -180.305
-0.00669429 -180.571
-0.00659166 -180.834
-0.00648907 -181.093
-0.00638651 -181.349
-0.00628398 -181.602
-0.00618148 -181.852
-0.00607901 -182.099
-0.00597657 -182.343
-0.00587416 -182.584
-0.00577177 -182.823
-0.00566942 -183.058
-0.00556708 -183.291
-0.00546478 -183.522
-0.0053625 -183.75
-0.00526024 -183.976
-0.00515801 -184.199
-0.0050558 -184.42
-0.00495362 -184.638
-0.00485145 -184.855
-0.00474931 -185.069
-0.00464719 -185.281
-0.00454509 -185.491
-0.00444301 -185.699
-0.00434095 -185.905
-0.00423891 -186.109
-0.00413689 -186.311
-0.00403488 -186.512
-0.0039329 -186.71
-0.00383093 -186.907
-0.00372898 -187.102
-0.00362705 -187.295
-0.00352513 -187.487
-0.00342323 -187.677
-0.00332135 -187.865
-0.00321948 -188.052
-0.00311762 -188.238
-0.00301578 -188.422
-0.00291396 -188.604
-0.00281215 -188.785
-0.00271035 -188.965
-0.00260856 -189.144
-0.00250679 -189.321
-0.00240503 -189.497
-0.00230329 -189.671
-0.00220156 -189.844
-0.00209983 -190.017
-0.00199812 -190.188
-0.00189643 -190.357
-0.00179474 -190.526
-0.00169306 -190.694
-0.0015914 -190.86
-0.00148974 -191.026
-0.0013881 -191.19
-0.00128646 -191.354
-0.00118484 -191.516
-0.00108323 -191.677
-0.00098162 -191.838
-0.000880023 -191.998
-0.000778436 -192.156
-0.000676857 -192.314
-0.000575287 -192.471
-0.000473726 -192.627
-0.000372172 -192.783
-0.000270627 -192.937
-0.000169089 -193.091
-6.75594e-05 -193.244
3.3963e-05 -193.396
0.000135478 -193.548
0.000236986 -193.699
0.000338487 -193.849
0.000439981 -193.998
0.000541468 -194.147
0.000642949 -194.295
0.000744424 -194.442
0.000845892 -194.589
0.000947354 -194.735
0.00104881 -194.881
0.00115026 -195.026
0.00125171 -195.171
0.00135314 -195.314
0.00145458 -195.458
0.00155601 -195.601
0.00165743 -195.743
0.00175885 -195.885
0.00186026 -196.026
0.00196167 -196.167
0.00206307 -196.307
0.00216447 -196.447
0.00226587 -196.587
0.00236726 -196.726
0.00246864 -196.864
0.00257003 -197.003
0.0026714 -197.14
0.00277278 -197.278
0.00287415 -197.415
0.00297552 -197.552
0.00307688 -197.688
0.00317824 -197.824
0.00327959 -197.959
0.00338095 -198.095
0.00348229 -198.229
0.00358364 -198.364
0.00368498 -198.498
0.00378632 -198.632
0.00388766 -198.766
0.00398899 -198.899
0.00409032 -199.032
0.00419165 -199.165
0.00429298 -199.298
0.0043943 -199.43
0.00449562 -199.562
0.00459694 -199.694
0.00469826 -199.826
0.0047995 -199.95
0.00490067 -200.067
0.00500184 -200.184
0.005103 -200.3
0.00520417 -200.417
0.00530533 -200.533
0.0054065 -200.65
0.00550767 -200.766
0.00560883 -200.883
0.00571 -201
0.00581116 -201.116
0.00591233 -201.233
0.0060135 -201.35
0.00611466 -201.466
0.00621583 -201.583
0.006317 -201.7
0.00641817 -201.817
0.00651934 -201.934
0.00662051 -202.051
0.00672169 -202.169
0.00682286 -202.286
0.00692404 -202.404
0.00702521 -202.521
0.00712639 -202.639
0.00722757 -202.757
0.00732875 -202.875
0.00742994 -202.994
0.00753113 -203.113
0.00763231 -203.231
0.0077335 -203.35
0.0078347 -203.47
0.00793589 -203.589
0.00803709 -203.709
0.00813829 -203.829
0.0082395 -203.95
0.0083407 -204.07
0.00844191 -204.191
0.00854313 -204.313
0.00864434 -204.434
0.00874556 -204.556
0.00884679 -204.679
0.00894801 -204.801
0.00904924 -204.924
0.00915048 -205.048
0.00925171 -205.171
0.00935296 -205.296
0.0094542 -205.42
0.00955545 -205.545
0.00965671 -205.671
0.00975797 -205.797
0.00985923 -205.923
0.0099605 -206.05
0.0100618 -206.178
0.0101631 -206.306
0.0102643 -206.434
0.0103656 -206.563
0.0104669 -206.693
0.0105682 -206.823
0.0106695 -206.954
0.0107708 -207.085
0.0108722 -207.217
0.0109735 -207.349
0.0110748 -207.482
0.0111762 -207.616
0.0112775 -207.751
0.0113789 -207.886
0.0114802 -208.022
0.0115816 -208.158
0.011683 -208.295
0.0117843 -208.434
0.0118857 -208.572
0.0119871 -208.712
0.0120885 -208.852
0.0121899 -208.993
0.0122914 -209.135
0.0123928 -209.278
0.0124942 -209.422
0.0125957 -209.567
0.0126971 -209.712
0.0127986 -209.859
0.0129001 -210.006
0.0130015 -210.154
0.013103 -210.304
0.0132034 -210.339
0.0133037 -210.373
0.0134041 -210.407
0.0135044 -210.441
0.0136047 -210.474
0.0137051 -210.507
0.0138054 -210.54
0.0139057 -210.573
0.0140061 -210.606
0.0141064 -210.638
0.0142067 -210.67
0.014307 -210.702
0.0144073 -210.734
0.0145077 -210.766
0.014608 -210.798
0.0147083 -210.829
0.0148086 -210.86
0.0149089 -210.891
0.0150092 -210.922
0.0151095 -210.953
0.0152098 -210.984
0.0153101 -211.014
0.0154104 -211.045
0.0155107 -211.075
0.015611 -211.105
0.0157113 -211.135
0.0158116 -211.164
0.0159119 -211.194
0.0160122 -211.223
0.0161125 -211.253
0.0162128 -211.282
0.0163131 -211.311
0.0164134 -211.339
0.0165137 -211.368
0.016614 -211.397
0.0167143 -211.425
0.0168145 -211.453
0.0169148 -211.482
0.0170151 -211.51
0.0171154 -211.538
0.0172157 -211.565
0.0173159 -211.593
0.0174162 -211.621
0.0175165 -211.649
0.0176168 -211.677
0.017717 -211.705
0.0178173 -211.733
0.0179176 -211.761
0.0180179 -211.789
0.0181182 -211.818
0.0182185 -211.846
0.0183187 -211.874
0.018419 -211.903
0.0185193 -211.931
0.0186196 -211.959
0.0187199 -211.988
0.0188202 -212.017
0.0189205 -212.045
0.0190207 -212.074
0.019121 -212.103
0.0192213 -212.132
0.0193216 -212.161
0.0194219 -212.189
0.0195222 -212.218
0.0196225 -212.248
0.0197228 -212.277
0.0198231 -212.306
0.0199234 -212.335
0.0200236 -212.364
0.0201239 -212.394
0.0202242 -212.423
0.0203245 -212.453
0.0204248 -212.482
0.0205251 -212.512
0.0206254 -212.542
0.0207257 -212.571
0.020826 -212.601
0.0209263 -212.631
0.0210266 -212.661
0.0211269 -212.691
0.0212272 -212.721
0.0213275 -212.751
0.0214278 -212.781
0.0215281 -212.812
0.0216284 -212.842
0.0217287 -212.872
0.021829 -212.903
0.0219293 -212.933
0.0220296 -212.964
0.0221299 -212.995
0.0222303 -213.026
0.0223306 -213.056
0.0224309 -213.087
0.0225312 -213.118
0.0226315 -213.149
0.0227318 -213.181
0.0228321 -213.212
0.0229324 -213.243
0.0230327 -213.275
0.0231331 -213.306
0.0232334 -213.338
0.0233337 -213.369
0.023434 -213.401
0.0235343 -213.433
0.0236346 -213.465
0.023735 -213.497
0.0238353 -213.529
0.0239356 -213.561
0.0240359 -213.593
0.0241363 -213.625
0.0242366 -213.658
0.0243369 -213.69
0.0244372 -213.723
0.0245376 -213.755
0.0246379 -213.788
0.0247382 -213.821
0.0248385 -213.854
0.0249389 -213.887
0.0250392 -213.92
0.0251395 -213.953
0.0252399 -213.987
0.0253402 -214.02
0.0254405 -214.054
0.0255409 -214.087
0.0256412 -214.121
0.0257415 -214.155
0.0258419 -214.189
0.0259422 -214.223
0.0260426 -214.257
0.0261429 -214.291
0.0262433 -214.326
0.0263436 -214.36
0.0264439 -214.395
0.0265443 -214.43
0.0266446 -214.464
0.026745 -214.499
0.0268453 -214.534
0.0269457 -214.569
0.027046 -214.605
0.0271464 -214.64
0.0255219 -151.244
0.0239498 -94.982
0.0224361 -43.6096
0.0209894 1.06089
0.0196164 38.362
0.0183162 68.3815
0.0170813 91.8712
0.0159005 109.955
0.0147619 123.809
0.0136554 134.465
0.0125726 142.739
0.0115075 149.245
0.0104556 154.433
0.00941371 158.627
0.00837934 162.065
0.00735079 164.92
0.00632678 167.321
0.00530635 169.364
0.00428878 171.122
0.0032735 172.65
0.00226008 173.992
0.00124818 175.182
0.000237541 176.246
-0.000770011 177.001
-0.00177669 177.669
-0.00278273 178.272
-0.00378823 178.823
-0.0047933 179.33
-0.005798 179.8
-0.0068024 180.24
-0.00780655 180.655
-0.00881049 181.049
-0.00981425 181.425
-0.0108179 181.787
-0.0118214 182.137
-0.0128248 182.478
-0.0138281 182.811
-0.0148314 183.137
-0.0158346 183.459
-0.0168378 183.777
-0.0178409 184.092
-0.0188441 184.405
-0.0198472 184.717
-0.0208503 185.029
-0.0218534 185.34
-0.0228565 185.652
-0.0238596 185.965
-0.0248628 186.279
-0.0258659 186.594
-0.0268691 186.912
-0.0278724 187.241
-0.0288759 187.594
-0.0298797 187.971
-0.0308837 188.374
-0.0318881 188.808
-0.0328928 189.276
-0.0338979 189.785
-0.0349034 190.344
-0.0359097 190.966
-0.0369168 191.676
-0.03533 133.123
-0.0337938 79.3908
-0.0323248 32.4897
-0.0309328 -6.71426
-0.0296178 -38.2169
-0.0283717 -62.8288
-0.027182 -81.8018
-0.0260357 -96.4327
-0.0249217 -107.831
-0.0238314 -116.856
-0.0227586 -124.136
-0.0216988 -130.124
-0.0206486 -135.144
-0.0196057 -139.429
-0.0185685 -143.148
-0.0175357 -146.425
-0.0165064 -149.354
-0.0154799 -152.004
-0.0144557 -154.429
-0.0134333 -156.672
-0.0124123 -158.765
-0.0113926 -160.734
-0.010374 -162.601
-0.00935616 -164.383
-0.00833905 -166.094
-0.00732254 -167.746
-0.00630651 -169.348
-0.0052909 -170.909
-0.00427563 -172.437
-0.00326063 -173.937
-0.00224586 -175.414
-0.00123126 -176.874
-0.000216786 -178.321
0.000797589 -179.759
0.00181191 -181.191
0.0028262 -182.62
0.0038405 -184.049
0.00485483 -185.483
0.00586922 -186.922
0.0068837 -188.37
0.00789758 -189.758
0.00891038 -191.037
0.00992319 -192.319
0.0109361 -193.605
0.011949 -194.896
0.0129619 -196.194
0.013975 -197.5
0.0149882 -198.815
0.0160014 -200.141
0.0170148 -201.479
0.0180283 -202.831
0.019042 -204.196
0.0200558 -205.578
0.0210698 -206.976
0.0220839 -208.393
0.0230983 -209.829
0.0241128 -211.285
0.0251276 -212.762
0.026142 -214.2
0.0271559 -215.586
0.0281709 -217.086
0.0291886 -218.856
0.030213 -221.305
0.0312397 -223.968
0.0322496 -224.957
0.0332604 -226.036
0.0342722 -227.218
0.0352727 -227.267
0.0362727 -227.266
0.0372726 -227.265
0.0356306 -162.656
0.034081 -108.106
0.0325875 -58.7561
0.0311565 -15.6471
0.0297907 20.9284
0.0284881 51.1909
0.0272423 75.7679
0.0260449 95.5083
0.024887 111.301
0.0237604 123.957
0.0226585 134.153
0.0215757 142.433
0.0205085 149.152
0.0194541 154.593
0.0184089 159.101
0.0173713 162.869
0.0163395 166.044
0.0153126 168.74
0.0142895 171.045
0.0132697 173.03
0.0122525 174.749
0.0112375 176.248
0.0102244 177.561
0.00921281 178.718
0.00820257 179.742
0.00719346 180.654
0.00618531 181.468
0.005178 182.199
0.00417141 182.858
0.00316544 183.455
0.00216002 183.998
0.00115507 184.493
0.000150532 184.947
-0.000853643 185.364
-0.0018575 185.75
-0.00286107 186.107
-0.0038644 186.44
-0.00486751 186.75
-0.00587042 187.042
-0.00687316 187.316
-0.00787575 187.575
-0.00887821 187.821
-0.00988055 188.054
-0.0108828 188.278
-0.0118849 188.491
-0.012887 188.697
-0.0138889 188.894
-0.0148909 189.086
-0.0158927 189.272
-0.0168945 189.452
-0.0178963 189.628
-0.018898 189.8
-0.0198997 189.969
-0.0209013 190.135
-0.021903 190.298
-0.0229046 190.459
-0.0239062 190.618
-0.0249078 190.776
-0.0259093 190.932
-0.0269109 191.087
-0.0279124 191.241
-0.028914 191.395
-0.0299155 191.548
-0.030917 191.701
-0.0319185 191.854
-0.0329201 192.007
-0.0339216 192.16
-0.0349231 192.313
-0.0359247 192.466
-0.0369262 192.62
-0.0379278 192.777
-0.0389294 192.936
-0.039931 193.1
-0.0409327 193.267
-0.0419344 193.437
-0.0429361 193.611
-0.0439379 193.788
-0.0449397 193.968
-0.0459415 194.152
-0.0469434 194.339
-0.0453646 136.745
-0.0438403 84.0502
-0.0423788 37.8909
-0.0409858 -1.40591
-0.0396602 -33.9774
-0.0383955 -60.4513
-0.0371827 -81.7319
-0.0360122 -98.7834
-0.0348751 -112.487
-0.0337642 -123.578
-0.0326736 -132.64
-0.0315988 -140.123
-0.0305363 -146.37
-0.0294836 -151.64
-0.0284387 -156.131
-0.0274 -159.997
-0.0263664 -163.354
-0.025337 -166.293
-0.0243111 -168.888
-0.023288 -171.194
-0.0222674 -173.259
-0.0212488 -175.119
-0.0202319 -176.805
-0.0192166 -178.341
-0.0182025 -179.749
-0.0171895 -181.045
-0.0161776 -182.244
-0.0151664 -183.359
-0.014156 -184.4
-0.0131462 -185.375
-0.0121371 -186.293
-0.0111284 -187.161
-0.0101202 -187.983
-0.00911234 -188.766
-0.00810486 -189.514
-0.0070977 -190.23
-0.00609081 -190.919
-0.00508417 -191.583
-0.00407775 -192.225
-0.00307153 -192.847
-0.00206547 -193.453
-0.00105956 -194.044
-5.37819e-05 -194.622
0.000951884 -195.188
0.00195745 -195.745
0.00296294 -196.294
0.00396836 -196.836
0.00497372 -197.372
0.00597905 -197.905
0.00698434 -198.434
0.00798961 -198.961
0.00899487 -199.487
0.0100001 -200.014
0.0110054 -200.541
0.0120107 -201.071
0.013016 -201.604
0.0140214 -202.14
0.0150268 -202.682
0.0160323 -203.229
0.0170378 -203.784
0.0180435 -204.346
0.0190492 -204.916
0.020055 -205.497
0.0210609 -206.088
0.0220669 -206.691
0.0230731 -207.307
0.0240794 -207.937
0.0250858 -208.583
0.0260924 -209.245
0.0270992 -209.924
0.0281062 -210.617
0.0291113 -211.125
0.0301164 -211.643
0.0311217 -212.17
0.0321271 -212.708
0.0331326 -213.257
0.0341382 -213.818
0.0351439 -214.392
0.0361498 -214.979
0.0371558 -215.58
0.038162 -216.198
0.0391683 -216.833
0.0401749 -217.487
0.0411816 -218.161
0.0421885 -218.854
0.0431957 -219.568
0.044203 -220.304
0.0452106 -221.061
0.0462184 -221.841
0.0472252 -222.518
0.0456026 -160.191
0.0440856 -108.56
0.0426304 -63.0476
0.0412398 -23.9866
0.0399118 8.81918
0.0386406 35.9366
0.0374186 58.141
0.0362374 76.2589
0.0350894 91.0613
0.0339679 103.211
0.0328675 113.25
0.0317839 121.61
0.0307137 128.63
0.0296543 134.574
0.0286035 139.648
0.0275599 144.012
0.026522 147.793
0.025489 151.092
0.0244601 153.989
0.0234345 156.548
0.0224118 158.821
0.0213915 160.851
0.0203732 162.674
0.0193568 164.317
0.0183419 165.805
0.0173284 167.159
0.016316 168.395
0.0153047 169.528
0.0142943 170.57
0.0132847 171.532
0.0122758 172.423
0.0112675 173.251
0.0102598 174.023
0.00925256 174.744
0.00824579 175.42
0.00723944 176.056
0.00623345 176.655
0.00522778 177.221
0.00422242 177.758
0.00321733 178.267
0.00221248 178.752
0.00120785 179.215
0.000203426 179.657
-0.000800814 180.081
-0.00180489 180.488
-0.0028088 180.88
-0.00381258 181.258
-0.00481623 181.623
-0.00581976 181.976
-0.00682318 182.318
-0.0078265 182.65
-0.00882974 182.974
-0.00983289 183.288
-0.010836 183.596
-0.011839 183.896
-0.0128419 184.19
-0.0138448 184.477
-0.0148476 184.76
-0.0158504 185.037
-0.0168531 185.309
-0.0178558 185.578
-0.0188584 185.842
-0.019861 186.103
-0.0208636 186.361
-0.0218662 186.615
-0.0228687 186.867
-0.0238712 187.117
-0.0248736 187.364
-0.0258761 187.609
-0.0268785 187.852
-0.0278809 188.093
-0.0288833 188.333
-0.0298857 188.571
-0.0308881 188.808
-0.0318904 189.044
-0.0328928 189.279
-0.0338951 189.514
-0.0348975 189.747
-0.0358998 189.98
-0.0369021 190.212
-0.0379044 190.444
-0.0389068 190.675
-0.0399091 190.906
-0.0409114 191.137
-0.0419137 191.367
-0.042916 191.598
-0.0439183 191.828
-0.0449206 192.059
-0.0459229 192.289
-0.0469252 192.52
-0.0479275 192.752
-0.0489299 192.986
-0.0499322 193.222
-0.0509346 193.461
-0.051937 193.702
-0.0529395 193.945
-0.0539419 194.19
-0.0549444 194.437
-0.0559469 194.687
-0.0569494 194.938
-0.0553781 138.758
-0.0538798 88.0143
-0.0524473 44.7467
-0.0510837 8.37691
-0.0497833 -21.6651
-0.0485377 -46.2293
-0.0473375 -66.2476
-0.046174 -82.595
-0.0450398 -96.0221
-0.0439286 -107.139
-0.0428357 -116.427
-0.0417574 -124.261
-0.0406907 -130.93
-0.0396334 -136.658
-0.0385838 -141.62
-0.0375405 -145.952
-0.0365024 -149.762
-0.0354686 -153.136
-0.0344385 -156.141
-0.0334116 -158.836
-0.0323873 -161.264
-0.0313653 -163.462
-0.0303453 -165.463
-0.0293271 -167.291
-0.0283103 -168.969
-0.0272948 -170.515
-0.0262806 -171.944
-0.0252673 -173.269
-0.024255 -174.502
-0.0232435 -175.654
-0.0222327 -176.732
-0.0212226 -177.744
-0.020213 -178.697
-0.019204 -179.596
-0.0181955 -180.447
-0.0171875 -181.254
-0.0161798 -182.021
-0.0151725 -182.751
-0.0141655 -183.448
-0.0131588 -184.115
-0.0121524 -184.755
-0.0111463 -185.369
-0.0101404 -185.96
-0.0091347 -186.53
-0.0081292 -187.08
-0.00712388 -187.612
-0.00611871 -188.128
-0.0051137 -188.629
-0.00410883 -189.117
-0.00310409 -189.591
-0.00209945 -190.055
-0.00109493 -190.507
-9.04988e-05 -190.95
0.000913844 -191.384
0.00191811 -191.811
0.0029223 -192.23
0.00392643 -192.643
0.00493049 -193.049
0.00593451 -193.451
0.00693849 -193.849
0.00794242 -194.242
0.00894632 -194.632
0.00995019 -195.019
0.010954 -195.404
0.0119579 -195.787
0.0129617 -196.169
0.0139655 -196.549
0.0149693 -196.93
0.0159731 -197.31
0.0169769 -197.691
0.0179807 -198.073
0.0189846 -198.456
0.0199884 -198.84
0.0209923 -199.227
0.0219962 -199.617
0.0230001 -200.009
0.0240041 -200.405
0.025008 -200.805
0.0260121 -201.209
0.0270162 -201.618
0.0280203 -202.032
0.0290245 -202.452
0.0300288 -202.877
0.0310331 -203.31
0.0320375 -203.75
0.033042 -204.197
0.0340465 -204.652
0.0350512 -205.117
0.0360559 -205.59
0.0370607 -206.074
0.0380657 -206.568
0.0390707 -207.074
0.0400759 -207.592
0.0410812 -208.122
0.0420867 -208.666
0.0430922 -209.225
0.044098 -209.799
0.0451039 -210.389
0.04611 -210.997
0.0471162 -211.623
0.0481227 -212.27
0.0491287 -212.872
0.0501335 -213.351
0.0511384 -213.843
0.0521435 -214.347
0.0505574 -155.676
0.0490715 -107.155
0.0476524 -65.2457
0.0462977 -29.7688
0.0450015 -0.14792
0.0437561 24.3899
0.0425533 44.6665
0.0413855 61.4516
0.0402459 75.4121
0.039129 87.0999
0.0380304 96.959
0.0369466 105.342
0.0358747 112.526
0.0348127 118.73
0.0337587 124.128
0.0327114 128.856
0.0316697 133.026
0.0306327 136.724
0.0295997 140.025
0.0285701 142.985
0.0275434 145.653
0.0265193 148.069
0.0254973 150.266
0.0244772 152.273
0.0234589 154.113
0.0224419 155.805
0.0214263 157.368
0.0204118 158.815
0.0193984 160.159
0.0183859 161.412
0.0173742 162.582
0.0163632 163.679
0.0153529 164.709
0.0143432 165.678
0.0133341 166.593
0.0123254 167.459
0.0113172 168.279
0.0103094 169.058
0.009302 169.799
0.00829493 170.506
0.00728818 171.182
0.00628171 171.828
0.00527552 172.448
0.00426957 173.043
0.00326384 173.615
0.00225833 174.167
0.00125301 174.699
0.000247867 175.213
-0.000757106 175.71
-0.00176193 176.192
