-0.000166667 -0.0001
-0.000333333 -0.0002
-0.0005 -0.0003
-0.000666667 -0.0004
-0.000833333 -0.0005
-0.001 -0.0006
-0.00116667 -0.0007
-0.00133333 -0.0008
-0.0015 -0.0009
-0.00166667 -0.001
-0.00183333 -0.0011
-0.002 -0.0012
-0.00216667 -0.0013
-0.00233333 -0.0014
-0.0025 -0.0015
-0.00266667 -0.0016
-0.00283333 -0.0017
-0.003 -0.0018
-0.00316667 -0.0019
-0.00333333 -0.002
-0.0035 -0.0021
-0.00366667 -0.0022
-0.00383333 -0.0023
-0.004 -0.0024
-0.00416667 -0.0025
-0.00433333 -0.0026
-0.0045 -0.0027
-0.00466667 -0.0028
-0.00483333 -0.0029
-0.005 -0.003
-0.00516667 -0.0031
-0.00533333 -0.0032
-0.0055 -0.0033
-0.00566667 -0.0034
-0.00583333 -0.0035
-0.006 -0.0036
-0.00616667 -0.0037
-0.00633333 -0.0038
-0.0065 -0.0039
-0.00666667 -0.004
-0.00683333 -0.0041
-0.007 -0.0042
-0.00716667 -0.0043
-0.00733333 -0.0044
-0.0075 -0.0045
-0.00766667 -0.0046
-0.00783333 -0.0047
-0.008 -0.0048
-0.00816667 -0.0049
-0.00833333 -0.005
-0.00816667 -0.0049
-0.008 -0.0048
-0.00783333 -0.0047
-0.00766667 -0.0046
-0.0075 -0.0045
-0.00733333 -0.0044
-0.00716667 -0.0043
-0.007 -0.0042
-0.00683333 -0.0041
-0.00666667 -0.004
-0.0065 -0.0039
-0.00633333 -0.0038
-0.00616667 -0.0037
-0.006 -0.0036
-0.00583333 -0.0035
-0.00566667 -0.0034
-0.0055 -0.0033
-0.00533333 -0.0032
-0.00516667 -0.0031
-0.005 -0.003
-0.00483333 -0.0029
-0.00466667 -0.0028
-0.0045 -0.0027
-0.00433333 -0.0026
-0.00416667 -0.0025
-0.004 -0.0024
-0.00383333 -0.0023
-0.00366667 -0.0022
-0.0035 -0.0021
-0.00333333 -0.002
-0.00316667 -0.0019
-0.003 -0.0018
-0.00283333 -0.0017
-0.00266667 -0.0016
-0.0025 -0.0015
-0.00233333 -0.0014
-0.00216667 -0.0013
-0.002 -0.0012
-0.00183333 -0.0011
-0.00166667 -0.001
-0.0015 -0.0009
-0.00133333 -0.0008
-0.00116667 -0.0007
-0.001 -0.0006
-0.000833333 -0.0005
-0.000666667 -0.0004
-0.0005 -0.0003
-0.000333333 -0.0002
-0.000166667 -0.0001
-1.123e-19 -2.43945e-19
0.000166667 0.0001
0.000333333 0.0002
0.0005 0.0003
0.000666667 0.0004
0.000833333 0.0005
0.001 0.0006
0.00116667 0.0007
0.00133333 0.0008
0.0015 0.0009
0.00166667 0.001
0.00183333 0.0011
0.002 0.0012
0.00216667 0.0013
0.00233333 0.0014
0.0025 0.0015
0.00266667 0.0016
0.00283333 0.0017
0.003 0.0018
0.00316667 0.0019
0.00333333 0.002
0.0035 0.0021
0.00366667 0.0022
0.00383333 0.0023
0.004 0.0024
0.00416667 0.0025
0.00433333 0.0026
0.0045 0.0027
0.00466667 0.0028
0.00483333 0.0029
0.005 0.003
0.00516667 0.0031
0.00533333 0.0032
0.0055 0.0033
0.00566667 0.0034
0.00583333 0.0035
0.006 0.0036
0.00616667 0.0037
0.00633333 0.0038
0.0065 0.0039
0.00666667 0.004
0.00683333 0.0041
0.007 0.0042
0.00716667 0.0043
0.00733333 0.0044
0.0075 0.0045
0.00766667 0.0046
0.00783333 0.0047
0.008 0.0048
0.00816667 0.0049
0.00833333 0.005
0.00816667 0.0049
0.008 0.0048
0.00783333 0.0047
0.00766667 0.0046
0.0075 0.0045
0.00733333 0.0044
0.00716667 0.0043
0.007 0.0042
0.00683333 0.0041
0.00666667 0.004
0.0065 0.0039
0.00633333 0.0038
0.00616667 0.0037
0.006 0.0036
0.00583333 0.0035
0.00566667 0.0034
0.0055 0.0033
0.00533333 0.0032
0.00516667 0.0031
0.005 0.003
0.00483333 0.0029
0.00466667 0.0028
0.0045 0.0027
0.00433333 0.0026
0.00416667 0.0025
0.004 0.0024
0.00383333 0.0023
0.00366667 0.0022
0.0035 0.0021
0.00333333 0.002
0.00316667 0.0019
0.003 0.0018
0.00283333 0.0017
0.00266667 0.0016
0.0025 0.0015
0.00233333 0.0014
0.00216667 0.0013
0.002 0.0012
0.00183333 0.0011
0.00166667 0.001
0.0015 0.0009
0.00133333 0.0008
0.00116667 0.0007
0.001 0.0006
0.000833333 0.0005
0.000666667 0.0004
0.0005 0.0003
0.000333333 0.0002
0.000166667 0.0001
6.03201e-19 2.43945e-19
-0.000166667 -0.0001
-0.000333333 -0.0002
-0.0005 -0.0003
-0.000666667 -0.0004
-0.000833333 -0.0005
-0.001 -0.0006
-0.00116667 -0.0007
-0.00133333 -0.0008
-0.0015 -0.0009
-0.00166667 -0.001
-0.00183333 -0.0011
-0.002 -0.0012
-0.00216667 -0.0013
-0.00233333 -0.0014
-0.0025 -0.0015
-0.00266667 -0.0016
-0.00283333 -0.0017
-0.003 -0.0018
-0.00316667 -0.0019
-0.00333333 -0.002
-0.0035 -0.0021
-0.00366667 -0.0022
-0.00383333 -0.0023
-0.004 -0.0024
-0.00416667 -0.0025
-0.00433333 -0.0026
-0.0045 -0.0027
-0.00466667 -0.0028
-0.00483333 -0.0029
-0.005 -0.003
-0.00516667 -0.0031
-0.00533333 -0.0032
-0.0055 -0.0033
-0.00566667 -0.0034
-0.00583333 -0.0035
-0.006 -0.0036
-0.00616667 -0.0037
-0.00633333 -0.0038
-0.0065 -0.0039
-0.00666667 -0.004
-0.00683333 -0.0041
-0.007 -0.0042
-0.00716667 -0.0043
-0.00733333 -0.0044
-0.0075 -0.0045
-0.00766667 -0.0046
-0.00783333 -0.0047
-0.008 -0.0048
-0.00816667 -0.0049
-0.00833333 -0.005
-0.0085 -0.0051
-0.00866667 -0.0052
-0.00883333 -0.0053
-0.009 -0.0054
-0.00916667 -0.0055
-0.00933333 -0.0056
-0.0095 -0.0057
-0.00966667 -0.0058
-0.00983333 -0.0059
-0.01 -0.006
-0.0101421 -0.0061
-0.0102423 -0.0062
-0.0103425 -0.0063
-0.0104427 -0.0064
-0.0105429 -0.0065
-0.0106431 -0.0066
-0.0107433 -0.0067
-0.0108435 -0.0068
-0.0109437 -0.0069
-0.0110439 -0.007
-0.0111441 -0.0071
-0.0112443 -0.0072
-0.0113445 -0.0073
-0.0114447 -0.0074
-0.0115449 -0.0075
-0.0116451 -0.0076
-0.0117453 -0.0077
-0.0118455 -0.0078
-0.0119457 -0.0079
-0.0120459 -0.008
-0.0121461 -0.0081
-0.0122463 -0.0082
-0.0123465 -0.0083
-0.0124467 -0.0084
-0.0125469 -0.0085
-0.0126471 -0.0086
-0.0127473 -0.0087
-0.0128475 -0.0088
-0.0129477 -0.0089
-0.0130479 -0.009
-0.0131481 -0.0091
-0.0132483 -0.0092
-0.0133485 -0.0093
-0.0134487 -0.0094
-0.0135489 -0.0095
-0.0136491 -0.0096
-0.0137493 -0.0097
-0.0138495 -0.0098
-0.0139497 -0.0099
-0.0140499 -0.01
-0.0141501 -0.0101
-0.0142503 -0.0102
-0.0143505 -0.0103
-0.0144507 -0.0104
-0.0145509 -0.0105
-0.0146511 -0.0106
-0.0147513 -0.0107
-0.0148515 -0.0108
-0.0149517 -0.0109
-0.0150519 -0.011
-0.0151521 -0.0111
-0.0152523 -0.0112
-0.0153525 -0.0113
-0.0154527 -0.0114
-0.0155529 -0.0115
-0.0156531 -0.0116
-0.0157533 -0.0117
-0.0158535 -0.0118
-0.0159537 -0.0119
-0.0160539 -0.012
-0.0161541 -0.0121
-0.0162543 -0.0122
-0.0163545 -0.0123
-0.0164547 -0.0124
-0.0165549 -0.0125
-0.0166551 -0.0126
-0.0167553 -0.0127
-0.0168555 -0.0128
-0.0169557 -0.0129
-0.0170559 -0.013
-0.0171561 -0.0131
-0.0172563 -0.0132
-0.0173565 -0.0133
-0.0174567 -0.0134
-0.0175569 -0.0135
-0.0176571 -0.0136
-0.0177573 -0.0137
-0.0178575 -0.0138
-0.0179577 -0.0139
-0.0180579 -0.014
-0.0181581 -0.0141
-0.0182583 -0.0142
-0.0183585 -0.0143
-0.0184587 -0.0144
-0.0185589 -0.0145
-0.0186591 -0.0146
-0.0187593 -0.0147
-0.0188595 -0.0148
-0.0189597 -0.0149
-0.0190599 -0.015
-0.0188932 -0.0149
-0.0187265 -0.0148
-0.0185599 -0.0147
-0.0183932 -0.0146
-0.0182265 -0.0145
-0.0180599 -0.0144
-0.0178932 -0.0143
-0.0177265 -0.0142
-0.0175599 -0.0141
-0.0173932 -0.014
-0.0172265 -0.0139
-0.0170599 -0.0138
-0.0168932 -0.0137
-0.0167265 -0.0136
-0.0165599 -0.0135
-0.0163932 -0.0134
-0.0162265 -0.0133
-0.0160599 -0.0132
-0.0158932 -0.0131
-0.0157265 -0.013
-0.0155599 -0.0129
-0.0153932 -0.0128
-0.0152265 -0.0127
-0.0150599 -0.0126
-0.0148932 -0.0125
-0.0147265 -0.0124
-0.0145599 -0.0123
-0.0143932 -0.0122
-0.0142265 -0.0121
-0.0140599 -0.012
-0.0138932 -0.0119
-0.0137265 -0.0118
-0.0135599 -0.0117
-0.0133932 -0.0116
-0.0132265 -0.0115
-0.0130599 -0.0114
-0.0128932 -0.0113
-0.0127265 -0.0112
-0.0125599 -0.0111
-0.0123932 -0.011
-0.0122265 -0.0109
-0.0120599 -0.0108
-0.0118932 -0.0107
-0.0117265 -0.0106
-0.0115599 -0.0105
-0.0113932 -0.0104
-0.0112265 -0.0103
-0.0110599 -0.0102
-0.0108932 -0.0101
-0.0107265 -0.01
-0.0105599 -0.0099
-0.0103932 -0.0098
-0.0102265 -0.0097
-0.0100599 -0.0096
-0.0098932 -0.0095
-0.00972653 -0.0094
-0.00955987 -0.0093
-0.0093932 -0.0092
-0.00922653 -0.0091
-0.00905987 -0.009
-0.0088932 -0.0089
-0.00872653 -0.0088
-0.00855987 -0.0087
-0.0083932 -0.0086
-0.00822653 -0.0085
-0.00805987 -0.0084
-0.0078932 -0.0083
-0.00772653 -0.0082
-0.00755987 -0.0081
-0.0073932 -0.008
-0.00722653 -0.0079
-0.00705987 -0.0078
-0.0068932 -0.0077
-0.00672653 -0.0076
-0.00655987 -0.0075
-0.0063932 -0.0074
-0.00622653 -0.0073
-0.00605987 -0.0072
-0.0058932 -0.0071
-0.00572653 -0.007
-0.00555987 -0.0069
-0.0053932 -0.0068
-0.00522653 -0.0067
-0.00505987 -0.0066
-0.0048932 -0.0065
-0.00472653 -0.0064
-0.00455987 -0.0063
-0.0043932 -0.0062
-0.00422653 -0.0061
-0.00405987 -0.006
-0.0038932 -0.0059
-0.00372653 -0.0058
-0.00355987 -0.0057
-0.0033932 -0.0056
-0.00322653 -0.0055
-0.00305987 -0.0054
-0.0028932 -0.0053
-0.00272653 -0.0052
-0.00255987 -0.0051
-0.0023932 -0.005
-0.00222653 -0.0049
-0.00205987 -0.0048
-0.0018932 -0.0047
-0.00172653 -0.0046
-0.00155987 -0.0045
-0.0013932 -0.0044
-0.00122653 -0.0043
-0.00105987 -0.0042
-0.0008932 -0.0041
-0.000726534 -0.004
-0.000559867 -0.0039
-0.0003932 -0.0038
-0.000226534 -0.0037
-5.9867e-05 -0.0036
0.0001068 -0.0035
0.000273466 -0.0034
0.000440133 -0.0033
0.0006068 -0.0032
0.000773466 -0.0031
0.000940133 -0.003
0.0011068 -0.0029
0.00127347 -0.0028
0.00140409 -0.0027
0.00150429 -0.0026
0.00160449 -0.0025
0.00170469 -0.0024
0.00180489 -0.0023
0.00190509 -0.0022
0.00200529 -0.0021
0.00210549 -0.002
0.00220569 -0.0019
0.00230589 -0.0018
0.00240609 -0.0017
0.00250629 -0.0016
0.00260649 -0.0015
0.00270669 -0.0014
0.00280689 -0.0013
0.00290709 -0.0012
0.00300729 -0.0011
0.00310749 -0.001
0.00320769 -0.0009
0.00330788 -0.0008
0.00340808 -0.0007
0.00350828 -0.0006
0.00360848 -0.0005
0.00370868 -0.0004
0.00380888 -0.0003
0.00390908 -0.0002
0.00400928 -0.0001
0.00410948 -2.43945e-19
0.00420968 0.0001
0.00430988 0.0002
0.00441008 0.0003
0.00451028 0.0004
0.00461048 0.0005
0.00471068 0.0006
0.00481088 0.0007
0.00491108 0.0008
0.00501128 0.0009
0.00511148 0.001
0.00521168 0.0011
0.00531188 0.0012
0.00541208 0.0013
0.00551228 0.0014
0.00561248 0.0015
0.00571268 0.0016
0.00581287 0.0017
0.00591307 0.0018
0.00601327 0.0019
0.00611347 0.002
0.00621367 0.0021
0.00631387 0.0022
0.00641407 0.0023
0.00651427 0.0024
0.00661447 0.0025
0.00671467 0.0026
0.00681487 0.0027
0.00691507 0.0028
0.00701527 0.0029
0.00711547 0.003
0.00721567 0.0031
0.00731587 0.0032
0.00741607 0.0033
0.00751627 0.0034
0.00761647 0.0035
0.00771667 0.0036
0.00781687 0.0037
0.00791707 0.0038
0.00801727 0.0039
0.00811747 0.004
0.00821767 0.0041
0.00831786 0.0042
0.00841806 0.0043
0.00851826 0.0044
0.00861846 0.0045
0.00871866 0.0046
0.00881886 0.0047
0.00891906 0.0048
0.00901926 0.0049
0.00911946 0.005
0.00921966 0.0051
0.00931986 0.0052
0.00942006 0.0053
0.00952026 0.0054
0.00962046 0.0055
0.00972066 0.0056
0.00982086 0.0057
0.00992106 0.0058
0.0100213 0.0059
0.0101215 0.006
0.0102217 0.0061
0.0103219 0.0062
0.0104221 0.0063
0.0105223 0.0064
0.0106225 0.0065
0.0107227 0.0066
0.0108229 0.0067
0.0109231 0.0068
0.0110233 0.0069
0.0111235 0.007
0.0112237 0.0071
0.0113239 0.0072
0.0114241 0.0073
0.0115243 0.0074
0.0116245 0.0075
0.0117247 0.0076
0.0118249 0.0077
0.0119251 0.0078
0.0120253 0.0079
0.0121254 0.008
0.0122256 0.0081
0.0123258 0.0082
0.012426 0.0083
0.0125262 0.0084
0.0126264 0.0085
0.0127266 0.0086
0.0128268 0.0087
0.012927 0.0088
0.0130272 0.0089
0.0131274 0.009
0.0132276 0.0091
0.0133278 0.0092
0.013428 0.0093
0.0135282 0.0094
0.0136284 0.0095
0.0137286 0.0096
0.0138288 0.0097
0.013929 0.0098
0.0140292 0.0099
0.0141294 0.01
0.0142296 0.0101
0.0143298 0.0102
0.01443 0.0103
0.0145302 0.0104
0.0146304 0.0105
0.0147306 0.0106
0.0148308 0.0107
0.014931 0.0108
0.0150312 0.0109
0.0151314 0.011
0.0152316 0.0111
0.0153318 0.0112
0.015432 0.0113
0.0155322 0.0114
0.0156324 0.0115
0.0157326 0.0116
0.0158328 0.0117
0.015933 0.0118
0.0160332 0.0119
0.0161334 0.012
0.0162336 0.0121
0.0163338 0.0122
0.016434 0.0123
0.0165342 0.0124
0.0166344 0.0125
0.0167346 0.0126
0.0168348 0.0127
0.016935 0.0128
0.0170352 0.0129
0.0171354 0.013
0.0172356 0.0131
0.0173358 0.0132
0.017436 0.0133
0.0175362 0.0134
0.0176364 0.0135
0.0177366 0.0136
0.0178368 0.0137
0.017937 0.0138
0.0180372 0.0139
0.0181374 0.014
0.0182376 0.0141
0.0183378 0.0142
0.018438 0.0143
0.0185382 0.0144
0.0186384 0.0145
0.0187386 0.0146
0.0188388 0.0147
0.018939 0.0148
0.0190392 0.0149
0.0191394 0.015
0.0189728 0.0149
0.0188061 0.0148
0.0186394 0.0147
0.0184728 0.0146
0.0183061 0.0145
0.0181394 0.0144
0.0179728 0.0143
0.0178061 0.0142
0.0176394 0.0141
0.0174728 0.014
0.0173061 0.0139
0.0171394 0.0138
0.0169728 0.0137
0.0168061 0.0136
0.0166394 0.0135
0.0164728 0.0134
0.0163061 0.0133
0.0161394 0.0132
0.0159728 0.0131
0.0158061 0.013
0.0156394 0.0129
0.0154728 0.0128
0.0153061 0.0127
0.0151394 0.0126
0.0149728 0.0125
0.0148061 0.0124
0.0146394 0.0123
0.0144728 0.0122
0.0143061 0.0121
0.0141394 0.012
0.0139728 0.0119
0.0138061 0.0118
0.0136394 0.0117
0.0134728 0.0116
0.0133061 0.0115
0.0131394 0.0114
0.0129728 0.0113
0.0128061 0.0112
0.0126394 0.0111
0.0124728 0.011
0.0123061 0.0109
0.0121394 0.0108
0.0119728 0.0107
0.0118061 0.0106
0.0116394 0.0105
0.0114728 0.0104
0.0113061 0.0103
0.0111394 0.0102
0.0109728 0.0101
0.0108061 0.01
0.0106394 0.0099
0.0104728 0.0098
0.0103061 0.0097
0.0101394 0.0096
0.00997276 0.0095
0.00980609 0.0094
0.00963942 0.0093
0.00947276 0.0092
0.00930609 0.0091
0.00913942 0.009
0.00897276 0.0089
0.00880609 0.0088
0.00863942 0.0087
0.00847276 0.0086
0.00830609 0.0085
0.00813942 0.0084
0.00797276 0.0083
0.00780609 0.0082
0.00763942 0.0081
0.00747276 0.008
0.00730609 0.0079
0.00713942 0.0078
0.00697276 0.0077
0.00680609 0.0076
0.00663942 0.0075
0.00647276 0.0074
0.00630609 0.0073
0.00613942 0.0072
0.00597276 0.0071
0.00580609 0.007
0.00563942 0.0069
0.00547276 0.0068
0.00530609 0.0067
0.00513942 0.0066
0.00497276 0.0065
0.00480609 0.0064
0.00463942 0.0063
0.00447276 0.0062
0.00430609 0.0061
0.00413942 0.006
0.00397276 0.0059
0.00380609 0.0058
0.00363942 0.0057
0.00347276 0.0056
0.00330609 0.0055
0.00313942 0.0054
0.00297276 0.0053
0.00280609 0.0052
0.00263942 0.0051
0.00247276 0.005
0.00230609 0.0049
0.00213942 0.0048
0.00197276 0.0047
0.00180609 0.0046
0.00163942 0.0045
0.00147276 0.0044
0.00130609 0.0043
0.00113942 0.0042
0.000972755 0.0041
0.000806088 0.004
0.000639422 0.0039
0.000472755 0.0038
0.000306088 0.0037
0.000139422 0.0036
-2.7245e-05 0.0035
-0.000193912 0.0034
-0.000360578 0.0033
-0.000527245 0.0032
-0.000693912 0.0031
-0.000860578 0.003
-0.00102724 0.0029
-0.00119391 0.0028
-0.00136058 0.0027
-0.00152724 0.0026
-0.00167128 0.0025
-0.00177148 0.0024
-0.00187168 0.0023
-0.00197188 0.0022
-0.00207207 0.0021
-0.00217227 0.002
-0.00227247 0.0019
-0.00237267 0.0018
-0.00247287 0.0017
-0.00257307 0.0016
-0.00267327 0.0015
-0.00277347 0.0014
-0.00287367 0.0013
-0.00297387 0.0012
-0.00307407 0.0011
-0.00317427 0.001
-0.00327447 0.0009
-0.00337467 0.0008
-0.00347487 0.0007
-0.00357507 0.0006
-0.00367527 0.0005
-0.00377547 0.0004
-0.00387567 0.0003
-0.00397587 0.0002
-0.00407607 0.0001
-0.00417627 2.43945e-19
-0.00427647 -0.0001
-0.00437667 -0.0002
-0.00447687 -0.0003
-0.00457706 -0.0004
-0.00467726 -0.0005
-0.00477746 -0.0006
-0.00487766 -0.0007
-0.00497786 -0.0008
-0.00507806 -0.0009
-0.00517826 -0.001
-0.00527846 -0.0011
-0.00537866 -0.0012
-0.00547886 -0.0013
-0.00557906 -0.0014
-0.00567926 -0.0015
-0.00577946 -0.0016
-0.00587966 -0.0017
-0.00597986 -0.0018
-0.00608006 -0.0019
-0.00618026 -0.002
-0.00628046 -0.0021
-0.00638066 -0.0022
-0.00648086 -0.0023
-0.00658106 -0.0024
-0.00668126 -0.0025
-0.00678146 -0.0026
-0.00688166 -0.0027
-0.00698186 -0.0028
-0.00708205 -0.0029
-0.00718225 -0.003
-0.00728245 -0.0031
-0.00738265 -0.0032
-0.00748285 -0.0033
-0.00758305 -0.0034
-0.00768325 -0.0035
-0.00778345 -0.0036
-0.00788365 -0.0037
-0.00798385 -0.0038
-0.00808405 -0.0039
-0.00818425 -0.004
-0.00828445 -0.0041
-0.00838465 -0.0042
-0.00848485 -0.0043
-0.00858505 -0.0044
-0.00868525 -0.0045
-0.00878545 -0.0046
-0.00888565 -0.0047
-0.00898585 -0.0048
-0.00908605 -0.0049
-0.00918625 -0.005
-0.00928645 -0.0051
-0.00938665 -0.0052
-0.00948685 -0.0053
-0.00958704 -0.0054
-0.00968724 -0.0055
-0.00978744 -0.0056
-0.00988764 -0.0057
-0.00998784 -0.0058
-0.010088 -0.0059
-0.0101882 -0.006
-0.0102884 -0.0061
-0.0103886 -0.0062
-0.0104888 -0.0063
-0.010589 -0.0064
-0.0106892 -0.0065
-0.0107894 -0.0066
-0.0108896 -0.0067
-0.0109898 -0.0068
-0.01109 -0.0069
-0.0111902 -0.007
-0.0112904 -0.0071
-0.0113906 -0.0072
-0.0114908 -0.0073
-0.011591 -0.0074
-0.0116912 -0.0075
-0.0117914 -0.0076
-0.0118916 -0.0077
-0.0119918 -0.0078
-0.012092 -0.0079
-0.0121922 -0.008
-0.0122924 -0.0081
-0.0123926 -0.0082
-0.0124928 -0.0083
-0.012593 -0.0084
-0.0126932 -0.0085
-0.0127934 -0.0086
-0.0128936 -0.0087
-0.0129938 -0.0088
-0.013094 -0.0089
-0.0131942 -0.009
-0.0132944 -0.0091
-0.0133946 -0.0092
-0.0134948 -0.0093
-0.013595 -0.0094
-0.0136952 -0.0095
-0.0137954 -0.0096
-0.0138956 -0.0097
-0.0139958 -0.0098
-0.014096 -0.0099
-0.0141962 -0.01
-0.0142964 -0.0101
-0.0143966 -0.0102
-0.0144968 -0.0103
-0.014597 -0.0104
-0.0146972 -0.0105
-0.0147974 -0.0106
-0.0148976 -0.0107
-0.0149978 -0.0108
-0.015098 -0.0109
-0.0151982 -0.011
-0.0152984 -0.0111
-0.0153986 -0.0112
-0.0154988 -0.0113
-0.015599 -0.0114
-0.0156992 -0.0115
-0.0157994 -0.0116
-0.0158996 -0.0117
-0.0159998 -0.0118
-0.0161 -0.0119
-0.0162002 -0.012
-0.0163004 -0.0121
-0.0164006 -0.0122
-0.0165008 -0.0123
-0.016601 -0.0124
-0.0167012 -0.0125
-0.0168014 -0.0126
-0.0169016 -0.0127
-0.0170018 -0.0128
-0.017102 -0.0129
-0.0172022 -0.013
-0.0173024 -0.0131
-0.0174026 -0.0132
-0.0175028 -0.0133
-0.017603 -0.0134
-0.0177032 -0.0135
-0.0178034 -0.0136
-0.0179036 -0.0137
-0.0180038 -0.0138
-0.018104 -0.0139
-0.0182042 -0.014
-0.0183044 -0.0141
-0.0184046 -0.0142
-0.0185048 -0.0143
-0.018605 -0.0144
-0.0187052 -0.0145
-0.0188054 -0.0146
-0.0189056 -0.0147
-0.0190058 -0.0148
-0.019106 -0.0149
-0.0192062 -0.015
-0.0193064 -0.0151
-0.0194066 -0.0152
-0.0195068 -0.0153
-0.019607 -0.0154
-0.0197072 -0.0155
-0.0198074 -0.0156
-0.0199076 -0.0157
-0.0200078 -0.0158
-0.020108 -0.0159
-0.0202082 -0.016
-0.0203084 -0.0161
-0.0204086 -0.0162
-0.0205088 -0.0163
-0.020609 -0.0164
-0.0207092 -0.0165
-0.0208094 -0.0166
-0.0209096 -0.0167
-0.0210098 -0.0168
-0.02111 -0.0169
-0.0212102 -0.017
-0.0213104 -0.0171
-0.0214106 -0.0172
-0.0215108 -0.0173
-0.021611 -0.0174
-0.0217112 -0.0175
-0.0218114 -0.0176
-0.0219116 -0.0177
-0.0220118 -0.0178
-0.022112 -0.0179
-0.0222122 -0.018
-0.0223124 -0.0181
-0.0224126 -0.0182
-0.0225128 -0.0183
-0.022613 -0.0184
-0.0227132 -0.0185
-0.0228134 -0.0186
-0.0229136 -0.0187
-0.0230138 -0.0188
-0.023114 -0.0189
-0.0232142 -0.019
-0.0233144 -0.0191
-0.0234146 -0.0192
-0.0235148 -0.0193
-0.023615 -0.0194
-0.0237152 -0.0195
-0.0238154 -0.0196
-0.0239156 -0.0197
-0.0240158 -0.0198
-0.024116 -0.0199
-0.0242162 -0.02
-0.0243164 -0.0201
-0.0244166 -0.0202
-0.0245168 -0.0203
-0.024617 -0.0204
-0.0247172 -0.0205
-0.0248174 -0.0206
-0.0249176 -0.0207
-0.0250178 -0.0208
-0.025118 -0.0209
-0.0252182 -0.021
-0.0253184 -0.0211
-0.0254186 -0.0212
-0.0255188 -0.0213
-0.025619 -0.0214
-0.0257192 -0.0215
-0.0258194 -0.0216
-0.0259196 -0.0217
-0.0260198 -0.0218
-0.02612 -0.0219
-0.0262202 -0.022
-0.0263204 -0.0221
-0.0264206 -0.0222
-0.0265208 -0.0223
-0.026621 -0.0224
-0.0267212 -0.0225
-0.0268214 -0.0226
-0.0269216 -0.0227
-0.0270218 -0.0228
-0.027122 -0.0229
-0.0272222 -0.023
-0.0273224 -0.0231
-0.0274226 -0.0232
-0.0275228 -0.0233
-0.027623 -0.0234
-0.0277232 -0.0235
-0.0278234 -0.0236
-0.0279236 -0.0237
-0.0280238 -0.0238
-0.028124 -0.0239
-0.0282242 -0.024
-0.0283244 -0.0241
-0.0284246 -0.0242
-0.0285248 -0.0243
-0.028625 -0.0244
-0.0287252 -0.0245
-0.0288254 -0.0246
-0.0289256 -0.0247
-0.0290258 -0.0248
-0.029126 -0.0249
-0.0292262 -0.025
-0.0290595 -0.0249
-0.0288928 -0.0248
-0.0287262 -0.0247
-0.0285595 -0.0246
-0.0283928 -0.0245
-0.0282262 -0.0244
-0.0280595 -0.0243
-0.0278928 -0.0242
-0.0277262 -0.0241
-0.0275595 -0.024
-0.0273928 -0.0239
-0.0272262 -0.0238
-0.0270595 -0.0237
-0.0268928 -0.0236
-0.0267262 -0.0235
-0.0265595 -0.0234
-0.0263928 -0.0233
-0.0262262 -0.0232
-0.0260595 -0.0231
-0.0258928 -0.023
-0.0257262 -0.0229
-0.0255595 -0.0228
-0.0253928 -0.0227
-0.0252262 -0.0226
-0.0250595 -0.0225
-0.0248928 -0.0224
-0.0247262 -0.0223
-0.0245595 -0.0222
-0.0243928 -0.0221
-0.0242262 -0.022
-0.0240595 -0.0219
-0.0238928 -0.0218
-0.0237262 -0.0217
-0.0235595 -0.0216
-0.0233928 -0.0215
-0.0232262 -0.0214
-0.0230595 -0.0213
-0.0228928 -0.0212
-0.0227262 -0.0211
-0.0225595 -0.021
-0.0223928 -0.0209
-0.0222262 -0.0208
-0.0220595 -0.0207
-0.0218928 -0.0206
-0.0217262 -0.0205
-0.0215595 -0.0204
-0.0213928 -0.0203
-0.0212262 -0.0202
-0.0210595 -0.0201
-0.0208928 -0.02
-0.0207262 -0.0199
-0.0205595 -0.0198
-0.0203928 -0.0197
-0.0202262 -0.0196
-0.0200595 -0.0195
-0.0198928 -0.0194
-0.0197262 -0.0193
-0.0195595 -0.0192
-0.0193928 -0.0191
-0.0192262 -0.019
-0.0190595 -0.0189
-0.0188928 -0.0188
-0.0187262 -0.0187
-0.0185595 -0.0186
-0.0183928 -0.0185
-0.0182262 -0.0184
-0.0180595 -0.0183
-0.0178928 -0.0182
-0.0177262 -0.0181
-0.0175595 -0.018
-0.0173928 -0.0179
-0.0172262 -0.0178
-0.0170595 -0.0177
-0.0168928 -0.0176
-0.0167262 -0.0175
-0.0165595 -0.0174
-0.0163928 -0.0173
-0.0162262 -0.0172
-0.0160595 -0.0171
-0.0158928 -0.017
-0.0157262 -0.0169
-0.0155595 -0.0168
-0.0153928 -0.0167
-0.0152262 -0.0166
-0.0150595 -0.0165
-0.0148928 -0.0164
-0.0147262 -0.0163
-0.0145595 -0.0162
-0.0143928 -0.0161
-0.0142262 -0.016
-0.0140595 -0.0159
-0.0138928 -0.0158
-0.0137262 -0.0157
-0.0135595 -0.0156
-0.0133928 -0.0155
-0.0132262 -0.0154
-0.0130595 -0.0153
-0.0128928 -0.0152
-0.0127262 -0.0151
-0.0125595 -0.015
-0.0123928 -0.0149
-0.0122262 -0.0148
-0.0120595 -0.0147
-0.0118928 -0.0146
-0.0117262 -0.0145
-0.0115595 -0.0144
-0.0113928 -0.0143
-0.0112262 -0.0142
-0.0110595 -0.0141
-0.0108928 -0.014
-0.0107262 -0.0139
-0.0105595 -0.0138
-0.0103928 -0.0137
-0.0102262 -0.0136
-0.0100595 -0.0135
-0.00989283 -0.0134
-0.00972617 -0.0133
-0.0095595 -0.0132
-0.00939283 -0.0131
-0.00922617 -0.013
-0.0090595 -0.0129
-0.00889283 -0.0128
-0.00872617 -0.0127
-0.0085595 -0.0126
-0.00839283 -0.0125
-0.00822617 -0.0124
-0.00808297 -0.0123
-0.00798277 -0.0122
-0.00788257 -0.0121
-0.00778238 -0.012
-0.00768218 -0.0119
-0.00758198 -0.0118
-0.00748178 -0.0117
-0.00738158 -0.0116
-0.00728138 -0.0115
-0.00718118 -0.0114
-0.00708098 -0.0113
-0.00698078 -0.0112
-0.00688058 -0.0111
-0.00678038 -0.011
-0.00668018 -0.0109
-0.00657998 -0.0108
-0.00647978 -0.0107
-0.00637958 -0.0106
-0.00627938 -0.0105
-0.00617918 -0.0104
-0.00607898 -0.0103
-0.00597878 -0.0102
-0.00587858 -0.0101
-0.00577838 -0.01
-0.00567818 -0.0099
-0.00557798 -0.0098
-0.00547778 -0.0097
-0.00537758 -0.0096
-0.00527739 -0.0095
-0.00517719 -0.0094
-0.00507699 -0.0093
-0.00497679 -0.0092
-0.00487659 -0.0091
-0.00477639 -0.009
-0.00467619 -0.0089
-0.00457599 -0.0088
-0.00447579 -0.0087
-0.00437559 -0.0086
-0.00427539 -0.0085
-0.00417519 -0.0084
-0.00407499 -0.0083
-0.00397479 -0.0082
-0.00387459 -0.0081
-0.00377439 -0.008
-0.00367419 -0.0079
-0.00357399 -0.0078
-0.00347379 -0.0077
-0.00337359 -0.0076
-0.00327339 -0.0075
-0.00317319 -0.0074
-0.00307299 -0.0073
-0.00297279 -0.0072
-0.00287259 -0.0071
-0.0027724 -0.007
-0.0026722 -0.0069
-0.002572 -0.0068
-0.0024718 -0.0067
-0.0023716 -0.0066
-0.0022714 -0.0065
-0.0021712 -0.0064
-0.002071 -0.0063
-0.0019708 -0.0062
-0.0018706 -0.0061
-0.0017704 -0.006
-0.0016702 -0.0059
-0.00157 -0.0058
-0.0014698 -0.0057
-0.0013696 -0.0056
-0.0012694 -0.0055
-0.0011692 -0.0054
-0.001069 -0.0053
-0.000968802 -0.0052
-0.000868603 -0.0051
-0.000768403 -0.005
-0.000668204 -0.0049
-0.000568004 -0.0048
-0.000467804 -0.0047
-0.000367605 -0.0046
-0.000267405 -0.0045
-0.000167206 -0.0044
-6.70059e-05 -0.0043
3.31937e-05 -0.0042
0.000133393 -0.0041
0.000233593 -0.004
0.000333792 -0.0039
0.000433992 -0.0038
0.000534192 -0.0037
0.000634391 -0.0036
0.000734591 -0.0035
0.00083479 -0.0034
0.00093499 -0.0033
0.00103519 -0.0032
0.00113539 -0.0031
0.00123559 -0.003
0.00133579 -0.0029
0.00143599 -0.0028
0.00153619 -0.0027
0.00163639 -0.0026
0.00173659 -0.0025
0.00183679 -0.0024
0.00193699 -0.0023
0.00203719 -0.0022
0.00213739 -0.0021
0.00223758 -0.002
0.00233778 -0.0019
0.00243798 -0.0018
0.00253818 -0.0017
0.00263838 -0.0016
0.00273858 -0.0015
0.00283878 -0.0014
0.00293898 -0.0013
0.00303918 -0.0012
0.00313938 -0.0011
0.00323958 -0.001
0.00333978 -0.0009
0.00343998 -0.0008
0.00354018 -0.0007
0.00364038 -0.0006
0.00374058 -0.0005
0.00384078 -0.0004
0.00394098 -0.0003
0.00404118 -0.0002
0.00414138 -0.0001
0.00424158 -2.43945e-19
0.00434178 0.0001
0.00444198 0.0002
0.00454218 0.0003
0.00464238 0.0004
0.00474257 0.0005
0.00484277 0.0006
0.00494297 0.0007
0.00504317 0.0008
0.00514337 0.0009
0.00524357 0.001
0.00534377 0.0011
0.00544397 0.0012
0.00554417 0.0013
0.00564437 0.0014
0.00574457 0.0015
0.00584477 0.0016
0.00594497 0.0017
0.00604517 0.0018
0.00614537 0.0019
0.00624557 0.002
0.00634577 0.0021
0.00644597 0.0022
0.00654617 0.0023
0.00664637 0.0024
0.00674657 0.0025
0.00684677 0.0026
0.00694697 0.0027
0.00704717 0.0028
0.00714737 0.0029
0.00724756 0.003
0.00734776 0.0031
0.00744796 0.0032
0.00754816 0.0033
0.00764836 0.0034
0.00774856 0.0035
0.00784876 0.0036
0.00794896 0.0037
0.00804916 0.0038
0.00814936 0.0039
0.00824956 0.004
0.00834976 0.0041
0.00844996 0.0042
0.00855016 0.0043
0.00865036 0.0044
0.00875056 0.0045
0.00885076 0.0046
0.00895096 0.0047
0.00905116 0.0048
0.00915136 0.0049
0.00925156 0.005
0.00935176 0.0051
0.00945196 0.0052
0.00955216 0.0053
0.00965236 0.0054
0.00975255 0.0055
0.00985275 0.0056
0.00995295 0.0057
0.0100532 0.0058
0.0101534 0.0059
0.0102536 0.006
0.0103538 0.0061
0.010454 0.0062
0.0105542 0.0063
0.0106544 0.0064
0.0107546 0.0065
0.0108548 0.0066
0.010955 0.0067
0.0110551 0.0068
0.0111553 0.0069
0.0112555 0.007
0.0113557 0.0071
0.0114559 0.0072
0.0115561 0.0073
0.0116563 0.0074
0.0117565 0.0075
0.0118567 0.0076
0.0119569 0.0077
0.0120571 0.0078
0.0121573 0.0079
0.0122575 0.008
0.0123577 0.0081
0.0124579 0.0082
0.0125581 0.0083
0.0126583 0.0084
0.0127585 0.0085
0.0128587 0.0086
0.0129589 0.0087
0.0130591 0.0088
0.0131593 0.0089
0.0132595 0.009
0.0133597 0.0091
0.0134599 0.0092
0.0135601 0.0093
0.0136603 0.0094
0.0137605 0.0095
0.0138607 0.0096
0.0139609 0.0097
0.0140611 0.0098
0.0141613 0.0099
0.0142615 0.01
0.0143617 0.0101
0.0144619 0.0102
0.0145621 0.0103
0.0146623 0.0104
0.0147625 0.0105
0.0148627 0.0106
0.0149629 0.0107
0.0150631 0.0108
0.0151633 0.0109
0.0152635 0.011
0.0153637 0.0111
0.0154639 0.0112
0.0155641 0.0113
0.0156643 0.0114
0.0157645 0.0115
0.0158647 0.0116
0.0159649 0.0117
0.0160651 0.0118
0.0161653 0.0119
0.0162655 0.012
0.0163657 0.0121
0.0164659 0.0122
0.0165661 0.0123
0.0166663 0.0124
0.0167665 0.0125
0.0168667 0.0126
0.0169669 0.0127
0.0170671 0.0128
0.0171673 0.0129
0.0172675 0.013
0.0173677 0.0131
0.0174679 0.0132
0.0175681 0.0133
0.0176683 0.0134
0.0177685 0.0135
0.0178687 0.0136
0.0179689 0.0137
0.0180691 0.0138
0.0181693 0.0139
0.0182695 0.014
0.0183697 0.0141
0.0184699 0.0142
0.0185701 0.0143
0.0186703 0.0144
0.0187705 0.0145
0.0188707 0.0146
0.0189709 0.0147
0.0190711 0.0148
0.0191713 0.0149
0.0192715 0.015
0.0193717 0.0151
0.0194719 0.0152
0.0195721 0.0153
0.0196723 0.0154
0.0197725 0.0155
0.0198727 0.0156
0.0199729 0.0157
0.0200731 0.0158
0.0201733 0.0159
0.0202735 0.016
0.0203737 0.0161
0.0204739 0.0162
0.0205741 0.0163
0.0206743 0.0164
0.0207745 0.0165
0.0208747 0.0166
0.0209749 0.0167
0.0210751 0.0168
0.0211753 0.0169
0.0212755 0.017
0.0213757 0.0171
0.0214759 0.0172
0.0215761 0.0173
0.0216763 0.0174
0.0217765 0.0175
0.0218767 0.0176
0.0219769 0.0177
0.0220771 0.0178
0.0221773 0.0179
0.0222775 0.018
0.0223777 0.0181
0.0224779 0.0182
0.0225781 0.0183
0.0226783 0.0184
0.0227785 0.0185
0.0228787 0.0186
0.0229789 0.0187
0.0230791 0.0188
0.0231793 0.0189
0.0232795 0.019
0.0233797 0.0191
0.0234799 0.0192
0.0235801 0.0193
0.0236803 0.0194
0.0237805 0.0195
0.0238807 0.0196
0.0239809 0.0197
0.0240811 0.0198
0.0241813 0.0199
0.0242815 0.02
0.0243817 0.0201
0.0244819 0.0202
0.0245821 0.0203
0.0246823 0.0204
0.0247825 0.0205
0.0248827 0.0206
0.0249829 0.0207
0.0250831 0.0208
0.0251833 0.0209
0.0252835 0.021
0.0253837 0.0211
0.0254839 0.0212
0.0255841 0.0213
0.0256843 0.0214
0.0257845 0.0215
0.0258847 0.0216
0.0259849 0.0217
0.0260851 0.0218
0.0261853 0.0219
0.0262855 0.022
0.0263857 0.0221
0.0264859 0.0222
0.0265861 0.0223
0.0266863 0.0224
0.0267865 0.0225
0.0268867 0.0226
0.0269869 0.0227
0.0270871 0.0228
0.0271873 0.0229
0.0272875 0.023
0.0273877 0.0231
0.0274879 0.0232
0.0275881 0.0233
0.0276883 0.0234
0.0277885 0.0235
0.0278887 0.0236
0.0279889 0.0237
0.0280891 0.0238
0.0281893 0.0239
0.0282895 0.024
0.0283897 0.0241
0.0284899 0.0242
0.0285901 0.0243
0.0286903 0.0244
0.0287905 0.0245
0.0288907 0.0246
0.0289909 0.0247
0.0290911 0.0248
0.0291913 0.0249
0.0292915 0.025
0.0276248 0.024
0.0259581 0.023
0.0242915 0.022
0.0226248 0.021
0.0209581 0.02
0.0192915 0.019
0.0176248 0.018
0.0159581 0.017
0.0142915 0.016
0.0126248 0.015
0.0109581 0.014
0.00929148 0.013
0.00772099 0.012
0.00671899 0.011
0.00571699 0.01
0.004715 0.009
0.003713 0.008
0.00271101 0.007
0.00170901 0.006
0.000707013 0.005
-0.000294983 0.004
-0.00129698 0.003
-0.00229897 0.002
-0.00330097 0.001
-0.00430297 -1.11022e-16
-0.00530496 -0.001
-0.00630696 -0.002
-0.00730895 -0.003
-0.00831095 -0.004
-0.00931295 -0.005
-0.0103149 -0.006
-0.0113169 -0.007
-0.0123189 -0.008
-0.0133209 -0.009
-0.0143229 -0.01
-0.0153249 -0.011
-0.0163269 -0.012
-0.0173289 -0.013
-0.0183309 -0.014
-0.0193329 -0.015
-0.0203349 -0.016
-0.0213369 -0.017
-0.0223389 -0.018
-0.0233409 -0.019
-0.0243429 -0.02
-0.0253449 -0.021
-0.0263469 -0.022
-0.0273489 -0.023
-0.0283509 -0.024
-0.0293529 -0.025
-0.0303549 -0.026
-0.0313569 -0.027
-0.0323589 -0.028
-0.0333609 -0.029
-0.0343628 -0.03
-0.0353648 -0.031
-0.0363668 -0.032
-0.0373688 -0.033
-0.0383708 -0.034
-0.0393728 -0.035
-0.0377062 -0.034
-0.0360395 -0.033
-0.0343728 -0.032
-0.0327062 -0.031
-0.0310395 -0.03
-0.0293728 -0.029
-0.0277062 -0.028
-0.0260395 -0.027
-0.0243728 -0.026
-0.0227062 -0.025
-0.0210395 -0.024
-0.0193728 -0.023
-0.0177062 -0.022
-0.0166804 -0.021
-0.0156784 -0.02
-0.0146764 -0.019
-0.0136744 -0.018
-0.0126724 -0.017
-0.0116704 -0.016
-0.0106684 -0.015
-0.00966643 -0.014
-0.00866444 -0.013
-0.00766244 -0.012
-0.00666044 -0.011
-0.00565845 -0.01
-0.00465645 -0.009
-0.00365446 -0.008
-0.00265246 -0.007
-0.00165046 -0.006
-0.000648468 -0.005
0.000353528 -0.004
0.00135552 -0.003
0.00235752 -0.002
0.00335952 -0.001
0.00436151 -1.11022e-16
0.00536351 0.001
0.0063655 0.002
0.0073675 0.003
0.0083695 0.004
0.00937149 0.005
0.0103735 0.006
0.0113755 0.007
0.0123775 0.008
0.0133795 0.009
0.0143815 0.01
0.0153835 0.011
0.0163855 0.012
0.0173875 0.013
0.0183895 0.014
0.0193915 0.015
0.0203934 0.016
0.0213954 0.017
0.0223974 0.018
0.0233994 0.019
0.0244014 0.02
0.0254034 0.021
0.0264054 0.022
0.0274074 0.023
0.0284094 0.024
0.0294114 0.025
0.0304134 0.026
0.0314154 0.027
0.0324174 0.028
0.0334194 0.029
0.0344214 0.03
0.0354234 0.031
0.0364254 0.032
0.0374274 0.033
0.0384294 0.034
0.0394314 0.035
0.0377647 0.034
0.036098 0.033
0.0344314 0.032
0.0327647 0.031
0.031098 0.03
0.0294314 0.029
0.0277647 0.028
0.026098 0.027
0.0244314 0.026
0.0227647 0.025
0.021098 0.024
0.0194314 0.023
0.0177647 0.022
0.016624 0.021
0.015622 0.02
0.01462 0.019
0.0136181 0.018
0.0126161 0.017
0.0116141 0.016
0.0106121 0.015
0.00961007 0.014
0.00860807 0.013
0.00760608 0.012
0.00660408 0.011
0.00560208 0.01
0.00460009 0.009
0.00359809 0.008
0.0025961 0.007
0.0015941 0.006
0.000592105 0.005
-0.000409891 0.004
-0.00141189 0.003
-0.00241388 0.002
-0.00341588 0.001
-0.00441788 -1.11022e-16
-0.00541987 -0.001
-0.00642187 -0.002
-0.00742386 -0.003
-0.00842586 -0.004
-0.00942786 -0.005
-0.0104299 -0.006
-0.0114318 -0.007
-0.0124338 -0.008
-0.0134358 -0.009
-0.0144378 -0.01
-0.0154398 -0.011
-0.0164418 -0.012
-0.0174438 -0.013
-0.0184458 -0.014
-0.0194478 -0.015
-0.0204498 -0.016
-0.0214518 -0.017
-0.0224538 -0.018
-0.0234558 -0.019
-0.0244578 -0.02
-0.0254598 -0.021
-0.0264618 -0.022
-0.0274638 -0.023
-0.0284658 -0.024
-0.0294678 -0.025
-0.0304698 -0.026
-0.0314718 -0.027
-0.0324738 -0.028
-0.0334758 -0.029
-0.0344778 -0.03
-0.0354798 -0.031
-0.0364817 -0.032
-0.0374837 -0.033
-0.0384857 -0.034
-0.0394877 -0.035
-0.0404897 -0.036
-0.0414917 -0.037
-0.0424937 -0.038
-0.0434957 -0.039
-0.0444977 -0.04
-0.0454997 -0.041
-0.0465017 -0.042
-0.0475037 -0.043
-0.0485057 -0.044
-0.0495077 -0.045
-0.047841 -0.044
-0.0461744 -0.043
-0.0445077 -0.042
-0.042841 -0.041
-0.0411744 -0.04
-0.0395077 -0.039
-0.037841 -0.038
-0.0361744 -0.037
-0.0345077 -0.036
-0.032841 -0.035
-0.0311744 -0.034
-0.0295077 -0.033
-0.027841 -0.032
-0.0265894 -0.031
-0.0255874 -0.03
-0.0245854 -0.029
-0.0235834 -0.028
-0.0225814 -0.027
-0.0215794 -0.026
-0.0205774 -0.025
-0.0195754 -0.024
-0.0185734 -0.023
-0.0175714 -0.022
-0.0165694 -0.021
-0.0155674 -0.02
-0.0145655 -0.019
-0.0135635 -0.018
-0.0125615 -0.017
-0.0115595 -0.016
-0.0105575 -0.015
-0.00955547 -0.014
-0.00855348 -0.013
-0.00755148 -0.012
-0.00654949 -0.011
-0.00554749 -0.01
-0.00454549 -0.009
-0.0035435 -0.008
-0.0025415 -0.007
-0.00153951 -0.006
-0.00053751 -0.005
0.000464486 -0.004
0.00146648 -0.003
0.00246848 -0.002
0.00347047 -0.001
0.00447247 -1.11022e-16
0.00547447 0.001
0.00647646 0.002
0.00747846 0.003
0.00848045 0.004
0.00948245 0.005
0.0104844 0.006
0.0114864 0.007
0.0124884 0.008
0.0134904 0.009
0.0144924 0.01
0.0154944 0.011
0.0164964 0.012
0.0174984 0.013
0.0185004 0.014
0.0195024 0.015
0.0205044 0.016
0.0215064 0.017
0.0225084 0.018
0.0235104 0.019
0.0245124 0.02
0.0255144 0.021
0.0265164 0.022
0.0275184 0.023
0.0285204 0.024
0.0295224 0.025
0.0305244 0.026
0.0315264 0.027
0.0325284 0.028
0.0335304 0.029
0.0345324 0.03
0.0355343 0.031
0.0365363 0.032
0.0375383 0.033
0.0385403 0.034
0.0395423 0.035
0.0405443 0.036
0.0415463 0.037
0.0425483 0.038
0.0435503 0.039
0.0445523 0.04
0.0455543 0.041
0.0465563 0.042
0.0475583 0.043
0.0485603 0.044
0.0495623 0.045
0.0478956 0.044
0.046229 0.043
0.0445623 0.042
0.0428956 0.041
0.041229 0.04
0.0395623 0.039
0.0378956 0.038
0.036229 0.037
0.0345623 0.036
0.0328956 0.035
0.031229 0.034
0.0295623 0.033
0.0278956 0.032
0.0265363 0.031
0.0255343 0.03
0.0245323 0.029
0.0235303 0.028
0.0225283 0.027
0.0215263 0.026
0.0205243 0.025
0.0195223 0.024
0.0185203 0.023
0.0175183 0.022
0.0165163 0.021
0.0155143 0.02
0.0145123 0.019
0.0135103 0.018
0.0125083 0.017
0.0115064 0.016
0.0105044 0.015
0.00950236 0.014
0.00850036 0.013
0.00749837 0.012
0.00649637 0.011
0.00549437 0.01
0.00449238 0.009
0.00349038 0.008
0.00248839 0.007
0.00148639 0.006
0.000484394 0.005
-0.000517602 0.004
-0.0015196 0.003
-0.00252159 0.002
-0.00352359 0.001
-0.00452559 -1.11022e-16
-0.00552758 -0.001
-0.00652958 -0.002
-0.00753157 -0.003
-0.00853357 -0.004
-0.00953557 -0.005
-0.0105376 -0.006
-0.0115396 -0.007
-0.0125416 -0.008
-0.0135436 -0.009
-0.0145455 -0.01
-0.0155475 -0.011
-0.0165495 -0.012
-0.0175515 -0.013
-0.0185535 -0.014
-0.0195555 -0.015
-0.0205575 -0.016
-0.0215595 -0.017
-0.0225615 -0.018
-0.0235635 -0.019
-0.0245655 -0.02
-0.0255675 -0.021
-0.0265695 -0.022
-0.0275715 -0.023
-0.0285735 -0.024
-0.0295755 -0.025
-0.0305775 -0.026
-0.0315795 -0.027
-0.0325815 -0.028
-0.0335835 -0.029
-0.0345855 -0.03
-0.0355875 -0.031
-0.0365895 -0.032
-0.0375915 -0.033
-0.0385935 -0.034
-0.0395954 -0.035
-0.0405974 -0.036
-0.0415994 -0.037
-0.0426014 -0.038
-0.0436034 -0.039
-0.0446054 -0.04
-0.0456074 -0.041
-0.0466094 -0.042
-0.0476114 -0.043
-0.0486134 -0.044
-0.0496154 -0.045
-0.0506174 -0.046
-0.0516194 -0.047
-0.0526214 -0.048
-0.0536234 -0.049
-0.0546254 -0.05
-0.0556274 -0.051
-0.0566294 -0.052
-0.0576314 -0.053
-0.0586334 -0.054
-0.0596354 -0.055
-0.0579687 -0.054
-0.056302 -0.053
-0.0546354 -0.052
-0.0529687 -0.051
-0.051302 -0.05
-0.0496354 -0.049
-0.0479687 -0.048
-0.046302 -0.047
-0.0446354 -0.046
-0.0429687 -0.045
-0.041302 -0.044
-0.0396354 -0.043
-0.0379687 -0.042
-0.0365044 -0.041
-0.0355024 -0.04
-0.0345004 -0.039
-0.0334984 -0.038
-0.0324964 -0.037
-0.0314944 -0.036
-0.0304924 -0.035
-0.0294904 -0.034
-0.0284884 -0.033
-0.0274864 -0.032
-0.0264844 -0.031
-0.0254824 -0.03
-0.0244804 -0.029
-0.0234785 -0.028
-0.0224765 -0.027
-0.0214745 -0.026
-0.0204725 -0.025
-0.0194705 -0.024
-0.0184685 -0.023
-0.0174665 -0.022
-0.0164645 -0.021
-0.0154625 -0.02
-0.0144605 -0.019
-0.0134585 -0.018
-0.0124565 -0.017
-0.0114545 -0.016
-0.0104525 -0.015
-0.00945051 -0.014
-0.00844851 -0.013
-0.00744652 -0.012
-0.00644452 -0.011
-0.00544252 -0.01
-0.00444053 -0.009
-0.00343853 -0.008
-0.00243654 -0.007
-0.00143454 -0.006
-0.000432545 -0.005
0.000569451 -0.004
0.00157145 -0.003
0.00257344 -0.002
0.00357544 -0.001
0.00457744 -1.11022e-16
0.00557943 0.001
0.00658143 0.002
0.00758342 0.003
0.00858542 0.004
0.00958742 0.005
0.0105894 0.006
0.0115914 0.007
0.0125934 0.008
0.0135954 0.009
0.0145974 0.01
0.0155994 0.011
0.0166014 0.012
0.0176034 0.013
0.0186054 0.014
0.0196074 0.015
0.0206094 0.016
0.0216114 0.017
0.0226134 0.018
0.0236154 0.019
0.0246174 0.02
0.0256194 0.021
0.0266213 0.022
0.0276233 0.023
0.0286253 0.024
0.0296273 0.025
0.0306293 0.026
0.0316313 0.027
0.0326333 0.028
0.0336353 0.029
0.0346373 0.03
0.0356393 0.031
0.0366413 0.032
0.0376433 0.033
0.0386453 0.034
0.0396473 0.035
0.0406493 0.036
0.0416513 0.037
0.0426533 0.038
0.0436553 0.039
0.0446573 0.04
0.0456593 0.041
0.0466613 0.042
0.0476633 0.043
0.0486653 0.044
0.0496673 0.045
0.0506693 0.046
0.0516712 0.047
0.0526732 0.048
0.0536752 0.049
0.0546772 0.05
0.0530106 0.049
0.0513439 0.048
0.0496772 0.047
0.0480106 0.046
0.0463439 0.045
0.0446772 0.044
0.0430106 0.043
0.0413439 0.042
0.0396772 0.041
0.0380106 0.04
0.0363439 0.039
0.0346772 0.038
0.0330106 0.037
0.0314692 0.036
0.0304672 0.035
0.0294652 0.034
0.0284632 0.033
0.0274612 0.032
0.0264592 0.031
0.0254572 0.03
0.0244552 0.029
0.0234532 0.028
0.0224512 0.027
0.0214492 0.026
0.0204472 0.025
0.0194452 0.024
0.0184432 0.023
0.0174412 0.022
0.0164392 0.021
0.0154373 0.02
0.0144353 0.019
0.0134333 0.018
0.0124313 0.017
0.0114293 0.016
0.0104273 0.015
0.00942527 0.014
0.00842328 0.013
0.00742128 0.012
0.00641929 0.011
0.00541729 0.01
0.00441529 0.009
0.0034133 0.008
0.0024113 0.007
0.00140931 0.006
0.000407311 0.005
-0.000594685 0.004
-0.00159668 0.003
-0.00259868 0.002
-0.00360067 0.001
-0.00460267 -1.11022e-16
