-0.000166667 6.66667
-0.000333333 13.3333
-0.0005 20
-0.000666667 26.6667
-0.000833333 33.3333
-0.001 40
-0.00116667 46.6667
-0.00133333 53.3333
-0.0015 60
-0.00166667 66.6667
-0.00183333 73.3333
-0.002 80
-0.00216667 86.6667
-0.00233333 93.3333
-0.0025 100
-0.00266667 106.667
-0.00283333 113.333
-0.003 120
-0.00316667 126.667
-0.00333333 133.333
-0.0035 140
-0.00366667 146.667
-0.00383333 153.333
-0.004 160
-0.00416667 166.667
-0.00433333 173.333
-0.0045 180
-0.00466667 186.667
-0.00483333 193.333
-0.005 200
-0.00516667 206.667
-0.00533333 213.333
-0.0055 220
-0.00566667 226.667
-0.00583333 233.333
-0.006 240
-0.00616667 246.667
-0.00633333 253.333
-0.0065 260
-0.00666667 266.667
-0.00683333 273.333
-0.007 280
-0.00716667 286.667
-0.00733333 293.333
-0.0075 300
-0.00766667 306.667
-0.00783333 313.333
-0.008 320
-0.00816667 326.667
-0.00833333 333.333
-0.00816667 326.667
-0.008 320
-0.00783333 313.333
-0.00766667 306.667
-0.0075 300
-0.00733333 293.333
-0.00716667 286.667
-0.007 280
-0.00683333 273.333
-0.00666667 266.667
-0.0065 260
-0.00633333 253.333
-0.00616667 246.667
-0.006 240
-0.00583333 233.333
-0.00566667 226.667
-0.0055 220
-0.00533333 213.333
-0.00516667 206.667
-0.005 200
-0.00483333 193.333
-0.00466667 186.667
-0.0045 180
-0.00433333 173.333
-0.00416667 166.667
-0.004 160
-0.00383333 153.333
-0.00366667 146.667
-0.0035 140
-0.00333333 133.333
-0.00316667 126.667
-0.003 120
-0.00283333 113.333
-0.00266667 106.667
-0.0025 100
-0.00233333 93.3333
-0.00216667 86.6667
-0.002 80
-0.00183333 73.3333
-0.00166667 66.6667
-0.0015 60
-0.00133333 53.3333
-0.00116667 46.6667
-0.001 40
-0.000833333 33.3333
-0.000666667 26.6667
-0.0005 20
-0.000333333 13.3333
-0.000166667 6.66667
-1.123e-19 -1.42109e-14
0.000166667 -6.66667
0.000333333 -13.3333
0.0005 -20
0.000666667 -26.6667
0.000833333 -33.3333
0.001 -40
0.00116667 -46.6667
0.00133333 -53.3333
0.0015 -60
0.00166667 -66.6667
0.00183333 -73.3333
0.002 -80
0.00216667 -86.6667
0.00233333 -93.3333
0.0025 -100
0.00266667 -106.667
0.00283333 -113.333
0.003 -120
0.00316667 -126.667
0.00333333 -133.333
0.0035 -140
0.00366667 -146.667
0.00383333 -153.333
0.004 -160
0.00416667 -166.667
0.00433333 -173.333
0.0045 -180
0.00466667 -186.667
0.00483333 -193.333
0.005 -200
0.00516667 -206.667
0.00533333 -213.333
0.0055 -220
0.00566667 -226.667
0.00583333 -233.333
0.006 -240
0.00616667 -246.667
0.00633333 -253.333
0.0065 -260
0.00666667 -266.667
0.00683333 -273.333
0.007 -280
0.00716667 -286.667
0.00733333 -293.333
0.0075 -300
0.00766667 -306.667
0.00783333 -313.333
0.008 -320
0.00816667 -326.667
0.00833333 -333.333
0.00816667 -326.667
0.008 -320
0.00783333 -313.333
0.00766667 -306.667
0.0075 -300
0.00733333 -293.333
0.00716667 -286.667
0.007 -280
0.00683333 -273.333
0.00666667 -266.667
0.0065 -260
0.00633333 -253.333
0.00616667 -246.667
0.006 -240
0.00583333 -233.333
0.00566667 -226.667
0.0055 -220
0.00533333 -213.333
0.00516667 -206.667
0.005 -200
0.00483333 -193.333
0.00466667 -186.667
0.0045 -180
0.00433333 -173.333
0.00416667 -166.667
0.004 -160
0.00383333 -153.333
0.00366667 -146.667
0.0035 -140
0.00333333 -133.333
0.00316667 -126.667
0.003 -120
0.00283333 -113.333
0.00266667 -106.667
0.0025 -100
0.00233333 -93.3333
0.00216667 -86.6667
0.002 -80
0.00183333 -73.3333
0.00166667 -66.6667
0.0015 -60
0.00133333 -53.3333
0.00116667 -46.6667
0.001 -40
0.000833333 -33.3333
0.000666667 -26.6667
0.0005 -20
0.000333333 -13.3333
0.000166667 -6.66667
6.03201e-19 -3.55271e-14
-0.000166667 6.66667
-0.000333333 13.3333
-0.0005 20
-0.000666667 26.6667
-0.000833333 33.3333
-0.001 40
-0.00116667 46.6667
-0.00133333 53.3333
-0.0015 60
-0.00166667 66.6667
-0.00183333 73.3333
-0.002 80
-0.00216667 86.6667
-0.00233333 93.3333
-0.0025 100
-0.00266667 106.667
-0.00283333 113.333
-0.003 120
-0.00316667 126.667
-0.00333333 133.333
-0.0035 140
-0.00366667 146.667
-0.00383333 153.333
-0.004 160
-0.00416667 166.667
-0.00433333 173.333
-0.0045 180
-0.00466667 186.667
-0.00483333 193.333
-0.005 200
-0.00516667 206.667
-0.00533333 213.333
-0.0055 220
-0.00566667 226.667
-0.00583333 233.333
-0.006 240
-0.00616667 246.667
-0.00633333 253.333
-0.0065 260
-0.00666667 266.667
-0.00683333 273.333
-0.007 280
-0.00716667 286.667
-0.00733333 293.333
-0.0075 300
-0.00766667 306.667
-0.00783333 313.333
-0.008 320
-0.00816667 326.667
-0.00833333 333.333
-0.0085 340
-0.00866667 346.667
-0.00883333 353.333
-0.009 360
-0.00916667 366.667
-0.00933333 373.333
-0.0095 380
-0.00966667 386.667
-0.00983333 393.333
-0.01 400
-0.0101002 400.02
-0.0102004 400.04
-0.0103006 400.06
-0.0104008 400.08
-0.010501 400.1
-0.0106012 400.12
-0.0107014 400.14
-0.0108016 400.16
-0.0109018 400.18
-0.011002 400.2
-0.0111022 400.22
-0.0112024 400.24
-0.0113026 400.259
-0.0114028 400.279
-0.011503 400.299
-0.0116032 400.319
-0.0117034 400.339
-0.0118036 400.359
-0.0119038 400.379
-0.012004 400.399
-0.0121042 400.419
-0.0122044 400.439
-0.0123046 400.459
-0.0124048 400.479
-0.012505 400.499
-0.0126052 400.519
-0.0127054 400.539
-0.0128056 400.559
-0.0129058 400.579
-0.013006 400.599
-0.0131062 400.619
-0.0132064 400.639
-0.0133066 400.659
-0.0134068 400.679
-0.013507 400.699
-0.0136072 400.719
-0.0137074 400.739
-0.0138076 400.758
-0.0139078 400.778
-0.014008 400.798
-0.0141082 400.818
-0.0142084 400.838
-0.0143086 400.858
-0.0144088 400.878
-0.014509 400.898
-0.0146092 400.918
-0.0147094 400.938
-0.0148096 400.958
-0.0149098 400.978
-0.01501 400.998
-0.0151102 401.018
-0.0152104 401.038
-0.0153106 401.058
-0.0154108 401.078
-0.015511 401.098
-0.0156112 401.118
-0.0157114 401.138
-0.0158116 401.158
-0.0159118 401.178
-0.016012 401.198
-0.0161122 401.218
-0.0162124 401.238
-0.0163126 401.257
-0.0164128 401.277
-0.016513 401.297
-0.0166132 401.317
-0.0167134 401.337
-0.0168136 401.357
-0.0169138 401.377
-0.017014 401.397
-0.0171142 401.417
-0.0172144 401.437
-0.0173146 401.457
-0.0174148 401.477
-0.017515 401.497
-0.0176152 401.517
-0.0177154 401.537
-0.0178156 401.557
-0.0179158 401.577
-0.018016 401.597
-0.0181162 401.617
-0.0182164 401.637
-0.0183166 401.657
-0.0184168 401.677
-0.018517 401.697
-0.0186172 401.717
-0.0187174 401.737
-0.0188176 401.756
-0.0189178 401.776
-0.019018 401.796
-0.0188513 395.13
-0.0186846 388.463
-0.018518 381.796
-0.0183513 375.13
-0.0181846 368.463
-0.018018 361.796
-0.0178513 355.13
-0.0176846 348.463
-0.017518 341.796
-0.0173513 335.13
-0.0171846 328.463
-0.017018 321.796
-0.0168513 315.13
-0.0166846 308.463
-0.016518 301.796
-0.0163513 295.13
-0.0161846 288.463
-0.016018 281.796
-0.0158513 275.13
-0.0156846 268.463
-0.015518 261.796
-0.0153513 255.13
-0.0151846 248.463
-0.015018 241.796
-0.0148513 235.13
-0.0146846 228.463
-0.014518 221.796
-0.0143513 215.13
-0.0141846 208.463
-0.014018 201.796
-0.0138513 195.13
-0.0136846 188.463
-0.013518 181.796
-0.0133513 175.13
-0.0131846 168.463
-0.013018 161.796
-0.0128513 155.13
-0.0126846 148.463
-0.012518 141.796
-0.0123513 135.13
-0.0121846 128.463
-0.012018 121.796
-0.0118513 115.13
-0.0116846 108.463
-0.011518 101.796
-0.0113513 95.1297
-0.0111846 88.4631
-0.011018 81.7964
-0.0108513 75.1297
-0.0106846 68.4631
-0.010518 61.7964
-0.0103513 55.1297
-0.0101846 48.4631
-0.010018 41.7964
-0.0098513 35.1297
-0.00968463 28.4631
-0.00951796 21.7964
-0.0093513 15.1297
-0.00918463 8.46307
-0.00901796 1.79641
-0.0088513 -4.87026
-0.00868463 -11.5369
-0.00851796 -18.2036
-0.0083513 -24.8703
-0.00818463 -31.5369
-0.00801796 -38.2036
-0.0078513 -44.8703
-0.00768463 -51.5369
-0.00751796 -58.2036
-0.0073513 -64.8703
-0.00718463 -71.5369
-0.00701796 -78.2036
-0.0068513 -84.8703
-0.00668463 -91.5369
-0.00651796 -98.2036
-0.0063513 -104.87
-0.00618463 -111.537
-0.00601796 -118.204
-0.0058513 -124.87
-0.00568463 -131.537
-0.00551796 -138.204
-0.0053513 -144.87
-0.00518463 -151.537
-0.00501796 -158.204
-0.0048513 -164.87
-0.00468463 -171.537
-0.00451796 -178.204
-0.0043513 -184.87
-0.00418463 -191.537
-0.00401796 -198.204
-0.0038513 -204.87
-0.00368463 -211.537
-0.00351796 -218.204
-0.0033513 -224.87
-0.00318463 -231.537
-0.00301796 -238.204
-0.0028513 -244.87
-0.00268463 -251.537
-0.00251796 -258.204
-0.0023513 -264.87
-0.00218463 -271.537
-0.00201796 -278.204
-0.0018513 -284.87
-0.00168463 -291.537
-0.00151796 -298.204
-0.0013513 -304.87
-0.00118463 -311.537
-0.00101796 -318.204
-0.000851297 -324.87
-0.000684631 -331.537
-0.000517964 -338.204
-0.000351297 -344.87
-0.000184631 -351.537
-1.79641e-05 -358.204
0.000148703 -364.87
0.000315369 -371.537
0.000482036 -378.204
0.000648703 -384.87
0.000815369 -391.537
0.000982036 -398.204
0.0011487 -404.87
0.00130422 -410.422
0.00140442 -410.442
0.00150461 -410.461
0.00160481 -410.481
0.00170501 -410.501
0.00180521 -410.521
0.00190541 -410.541
0.00200561 -410.561
0.00210581 -410.581
0.00220601 -410.601
0.00230621 -410.621
0.00240641 -410.641
0.00250661 -410.661
0.00260681 -410.681
0.00270701 -410.701
0.00280721 -410.721
0.00290741 -410.741
0.00300761 -410.761
0.00310781 -410.781
0.00320801 -410.801
0.00330821 -410.821
0.00340841 -410.841
0.00350861 -410.861
0.00360881 -410.881
0.00370901 -410.901
0.00380921 -410.921
0.00390941 -410.941
0.0040096 -410.96
0.0041098 -410.98
0.00421 -411
0.0043102 -411.02
0.0044104 -411.04
0.0045106 -411.06
0.0046108 -411.08
0.004711 -411.1
0.0048112 -411.12
0.0049114 -411.14
0.0050116 -411.16
0.0051118 -411.18
0.005212 -411.2
0.0053122 -411.22
0.0054124 -411.24
0.0055126 -411.26
0.0056128 -411.28
0.005713 -411.3
0.0058132 -411.32
0.0059134 -411.34
0.0060136 -411.36
0.0061138 -411.38
0.006214 -411.4
0.0063142 -411.42
0.0064144 -411.44
0.00651459 -411.459
0.00661479 -411.479
0.00671499 -411.499
0.00681519 -411.519
0.00691539 -411.539
0.00701559 -411.559
0.00711579 -411.579
0.00721599 -411.599
0.00731619 -411.619
0.00741639 -411.639
0.00751659 -411.659
0.00761679 -411.679
0.00771699 -411.699
0.00781719 -411.719
0.00791739 -411.739
0.00801759 -411.759
0.00811779 -411.779
0.00821799 -411.799
0.00831819 -411.819
0.00841839 -411.839
0.00851859 -411.859
0.00861879 -411.879
0.00871899 -411.899
0.00881919 -411.919
0.00891939 -411.939
0.00901958 -411.958
0.00911978 -411.978
0.00921998 -411.998
0.00932018 -412.018
0.00942038 -412.038
0.00952058 -412.058
0.00962078 -412.078
0.00972098 -412.098
0.00982118 -412.118
0.00992138 -412.138
0.0100216 -412.158
0.0101218 -412.178
0.010222 -412.198
0.0103222 -412.218
0.0104224 -412.238
0.0105226 -412.258
0.0106228 -412.278
0.010723 -412.298
0.0108232 -412.318
0.0109234 -412.338
0.0110236 -412.358
0.0111238 -412.378
0.011224 -412.398
0.0113242 -412.418
0.0114244 -412.438
0.0115246 -412.457
0.0116248 -412.477
0.011725 -412.497
0.0118252 -412.517
0.0119254 -412.537
0.0120256 -412.557
0.0121258 -412.577
0.012226 -412.597
0.0123262 -412.617
0.0124264 -412.637
0.0125266 -412.657
0.0126268 -412.677
0.012727 -412.697
0.0128272 -412.717
0.0129274 -412.737
0.0130276 -412.757
0.0131278 -412.777
0.013228 -412.797
0.0133282 -412.817
0.0134284 -412.837
0.0135286 -412.857
0.0136288 -412.877
0.013729 -412.897
0.0138292 -412.917
0.0139294 -412.937
0.0140296 -412.956
0.0141298 -412.976
0.01423 -412.996
0.0143302 -413.016
0.0144304 -413.036
0.0145306 -413.056
0.0146308 -413.076
0.014731 -413.096
0.0148312 -413.116
0.0149314 -413.136
0.0150316 -413.156
0.0151318 -413.176
0.015232 -413.196
0.0153322 -413.216
0.0154324 -413.236
0.0155326 -413.256
0.0156328 -413.276
0.015733 -413.296
0.0158332 -413.316
0.0159334 -413.336
0.0160336 -413.356
0.0161338 -413.376
0.016234 -413.396
0.0163342 -413.416
0.0164344 -413.436
0.0165346 -413.455
0.0166348 -413.475
0.016735 -413.495
0.0168352 -413.515
0.0169354 -413.535
0.0170356 -413.555
0.0171358 -413.575
0.017236 -413.595
0.0173362 -413.615
0.0174364 -413.635
0.0175366 -413.655
0.0176368 -413.675
0.017737 -413.695
0.0178371 -413.715
0.0179373 -413.735
0.0180375 -413.755
0.0181377 -413.775
0.0182379 -413.795
0.0183381 -413.815
0.0184383 -413.835
0.0185385 -413.855
0.0186387 -413.875
0.0187389 -413.895
0.0188391 -413.915
0.0189393 -413.935
0.0190395 -413.954
0.0191397 -413.974
0.0189731 -407.308
0.0188064 -400.641
0.0186397 -393.974
0.0184731 -387.308
0.0183064 -380.641
0.0181397 -373.974
0.0179731 -367.308
0.0178064 -360.641
0.0176397 -353.974
0.0174731 -347.308
0.0173064 -340.641
0.0171397 -333.974
0.0169731 -327.308
0.0168064 -320.641
0.0166397 -313.974
0.0164731 -307.308
0.0163064 -300.641
0.0161397 -293.974
0.0159731 -287.308
0.0158064 -280.641
0.0156397 -273.974
0.0154731 -267.308
0.0153064 -260.641
0.0151397 -253.974
0.0149731 -247.308
0.0148064 -240.641
0.0146397 -233.974
0.0144731 -227.308
0.0143064 -220.641
0.0141397 -213.974
0.0139731 -207.308
0.0138064 -200.641
0.0136397 -193.974
0.0134731 -187.308
0.0133064 -180.641
0.0131397 -173.974
0.0129731 -167.308
0.0128064 -160.641
0.0126397 -153.974
0.0124731 -147.308
0.0123064 -140.641
0.0121397 -133.974
0.0119731 -127.308
0.0118064 -120.641
0.0116397 -113.974
0.0114731 -107.308
0.0113064 -100.641
0.0111397 -93.9745
0.0109731 -87.3078
0.0108064 -80.6411
0.0106397 -73.9745
0.0104731 -67.3078
0.0103064 -60.6411
0.0101397 -53.9745
0.00997308 -47.3078
0.00980641 -40.6411
0.00963974 -33.9745
0.00947308 -27.3078
0.00930641 -20.6411
0.00913974 -13.9745
0.00897308 -7.30779
0.00880641 -0.641121
0.00863974 6.02555
0.00847308 12.6922
0.00830641 19.3589
0.00813974 26.0255
0.00797308 32.6922
0.00780641 39.3589
0.00763974 46.0255
0.00747308 52.6922
0.00730641 59.3589
0.00713974 66.0255
0.00697308 72.6922
0.00680641 79.3589
0.00663974 86.0255
0.00647308 92.6922
0.00630641 99.3589
0.00613974 106.026
0.00597308 112.692
0.00580641 119.359
0.00563974 126.026
0.00547308 132.692
0.00530641 139.359
0.00513974 146.026
0.00497308 152.692
0.00480641 159.359
0.00463974 166.026
0.00447308 172.692
0.00430641 179.359
0.00413974 186.026
0.00397308 192.692
0.00380641 199.359
0.00363974 206.026
0.00347308 212.692
0.00330641 219.359
0.00313974 226.026
0.00297308 232.692
0.00280641 239.359
0.00263974 246.026
0.00247308 252.692
0.00230641 259.359
0.00213974 266.026
0.00197308 272.692
0.00180641 279.359
0.00163974 286.026
0.00147308 292.692
0.00130641 299.359
0.00113974 306.026
0.000973078 312.692
0.000806411 319.359
0.000639745 326.026
0.000473078 332.692
0.000306411 339.359
0.000139745 346.026
-2.69221e-05 352.692
-0.000193589 359.359
-0.000360255 366.026
-0.000526922 372.692
-0.000693589 379.359
-0.000860255 386.026
-0.00102692 392.692
-0.00118244 398.244
-0.00128263 398.263
-0.00138283 398.283
-0.00148303 398.303
-0.00158323 398.323
-0.00168343 398.343
-0.00178363 398.363
-0.00188383 398.383
-0.00198403 398.403
-0.00208423 398.423
-0.00218443 398.443
-0.00228463 398.463
-0.00238483 398.483
-0.00248503 398.503
-0.00258523 398.523
-0.00268543 398.543
-0.00278563 398.563
-0.00288583 398.583
-0.00298603 398.603
-0.00308623 398.623
-0.00318643 398.643
-0.00328663 398.663
-0.00338683 398.683
-0.00348703 398.703
-0.00358723 398.723
-0.00368743 398.743
-0.00378762 398.762
-0.00388782 398.782
-0.00398802 398.802
-0.00408822 398.822
-0.00418842 398.842
-0.00428862 398.862
-0.00438882 398.882
-0.00448902 398.902
-0.00458922 398.922
-0.00468942 398.942
-0.00478962 398.962
-0.00488982 398.982
-0.00499002 399.002
-0.00509022 399.022
-0.00519042 399.042
-0.00529062 399.062
-0.00539082 399.082
-0.00549102 399.102
-0.00559122 399.122
-0.00569142 399.142
-0.00579162 399.162
-0.00589182 399.182
-0.00599202 399.202
-0.00609222 399.222
-0.00619242 399.242
-0.00629261 399.261
-0.00639281 399.281
-0.00649301 399.301
-0.00659321 399.321
-0.00669341 399.341
-0.00679361 399.361
-0.00689381 399.381
-0.00699401 399.401
-0.00709421 399.421
-0.00719441 399.441
-0.00729461 399.461
-0.00739481 399.481
-0.00749501 399.501
-0.00759521 399.521
-0.00769541 399.541
-0.00779561 399.561
-0.00789581 399.581
-0.00799601 399.601
-0.00809621 399.621
-0.00819641 399.641
-0.00829661 399.661
-0.00839681 399.681
-0.00849701 399.701
-0.00859721 399.721
-0.00869741 399.741
-0.0087976 399.76
-0.0088978 399.78
-0.008998 399.8
-0.0090982 399.82
-0.0091984 399.84
-0.0092986 399.86
-0.0093988 399.88
-0.009499 399.9
-0.0095992 399.92
-0.0096994 399.94
-0.0097996 399.96
-0.0098998 399.98
-0.01 400
-0.0101002 400.02
-0.0102004 400.04
-0.0103006 400.06
-0.0104008 400.08
-0.010501 400.1
-0.0106012 400.12
-0.0107014 400.14
-0.0108016 400.16
-0.0109018 400.18
-0.011002 400.2
-0.0111022 400.22
-0.0112024 400.24
-0.0113026 400.259
-0.0114028 400.279
-0.011503 400.299
-0.0116032 400.319
-0.0117034 400.339
-0.0118036 400.359
-0.0119038 400.379
-0.012004 400.399
-0.0121042 400.419
-0.0122044 400.439
-0.0123046 400.459
-0.0124048 400.479
-0.012505 400.499
-0.0126052 400.519
-0.0127054 400.539
-0.0128056 400.559
-0.0129058 400.579
-0.013006 400.599
-0.0131062 400.619
-0.0132064 400.639
-0.0133066 400.659
-0.0134068 400.679
-0.013507 400.699
-0.0136072 400.719
-0.0137074 400.739
-0.0138076 400.758
-0.0139078 400.778
-0.014008 400.798
-0.0141082 400.818
-0.0142084 400.838
-0.0143086 400.858
-0.0144088 400.878
-0.014509 400.898
-0.0146092 400.918
-0.0147094 400.938
-0.0148096 400.958
-0.0149098 400.978
-0.01501 400.998
-0.0151102 401.018
-0.0152104 401.038
-0.0153106 401.058
-0.0154108 401.078
-0.015511 401.098
-0.0156112 401.118
-0.0157114 401.138
-0.0158116 401.158
-0.0159118 401.178
-0.016012 401.198
-0.0161122 401.218
-0.0162124 401.238
-0.0163126 401.257
-0.0164128 401.277
-0.016513 401.297
-0.0166132 401.317
-0.0167134 401.337
-0.0168136 401.357
-0.0169138 401.377
-0.017014 401.397
-0.0171142 401.417
-0.0172144 401.437
-0.0173146 401.457
-0.0174148 401.477
-0.017515 401.497
-0.0176152 401.517
-0.0177154 401.537
-0.0178156 401.557
-0.0179158 401.577
-0.018016 401.597
-0.0181162 401.617
-0.0182164 401.637
-0.0183166 401.657
-0.0184168 401.677
-0.018517 401.697
-0.0186172 401.717
-0.0187174 401.737
-0.0188176 401.756
-0.0189178 401.776
-0.019018 401.796
-0.0191182 401.816
-0.0192184 401.836
-0.0193186 401.856
-0.0194188 401.876
-0.019519 401.896
-0.0196192 401.916
-0.0197194 401.936
-0.0198196 401.956
-0.0199198 401.976
-0.02002 401.996
-0.0201202 402.016
-0.0202204 402.036
-0.0203206 402.056
-0.0204208 402.076
-0.020521 402.096
-0.0206212 402.116
-0.0207214 402.136
-0.0208216 402.156
-0.0209218 402.176
-0.021022 402.196
-0.0211222 402.216
-0.0212224 402.236
-0.0213226 402.255
-0.0214228 402.275
-0.021523 402.295
-0.0216232 402.315
-0.0217234 402.335
-0.0218236 402.355
-0.0219238 402.375
-0.022024 402.395
-0.0221242 402.415
-0.0222244 402.435
-0.0223246 402.455
-0.0224248 402.475
-0.022525 402.495
-0.0226251 402.515
-0.0227253 402.535
-0.0228255 402.555
-0.0229257 402.575
-0.0230259 402.595
-0.0231261 402.615
-0.0232263 402.635
-0.0233265 402.655
-0.0234267 402.675
-0.0235269 402.695
-0.0236271 402.715
-0.0237273 402.735
-0.0238275 402.754
-0.0239277 402.774
-0.0240279 402.794
-0.0241281 402.814
-0.0242283 402.834
-0.0243285 402.854
-0.0244287 402.874
-0.0245289 402.894
-0.0246291 402.914
-0.0247293 402.934
-0.0248295 402.954
-0.0249297 402.974
-0.0250299 402.994
-0.0251301 403.014
-0.0252303 403.034
-0.0253305 403.054
-0.0254307 403.074
-0.0255309 403.094
-0.0256311 403.114
-0.0257313 403.134
-0.0258315 403.154
-0.0259317 403.174
-0.0260319 403.194
-0.0261321 403.214
-0.0262323 403.234
-0.0263325 403.253
-0.0264327 403.273
-0.0265329 403.293
-0.0266331 403.313
-0.0267333 403.333
-0.0268335 403.353
-0.0269337 403.373
-0.0270339 403.393
-0.0271341 403.413
-0.0272343 403.433
-0.0273345 403.453
-0.0274347 403.473
-0.0275349 403.493
-0.0276351 403.513
-0.0277353 403.533
-0.0278355 403.553
-0.0279357 403.573
-0.0280359 403.593
-0.0281361 403.613
-0.0282363 403.633
-0.0283365 403.653
-0.0284367 403.673
-0.0285369 403.693
-0.0286371 403.713
-0.0287373 403.733
-0.0288375 403.752
-0.0289377 403.772
-0.0290379 403.792
-0.0288713 397.126
-0.0287046 390.459
-0.0285379 383.792
-0.0283713 377.126
-0.0282046 370.459
-0.0280379 363.792
-0.0278713 357.126
-0.0277046 350.459
-0.0275379 343.792
-0.0273713 337.126
-0.0272046 330.459
-0.0270379 323.792
-0.0268713 317.126
-0.0267046 310.459
-0.0265379 303.792
-0.0263713 297.126
-0.0262046 290.459
-0.0260379 283.792
-0.0258713 277.126
-0.0257046 270.459
-0.0255379 263.792
-0.0253713 257.126
-0.0252046 250.459
-0.0250379 243.792
-0.0248713 237.126
-0.0247046 230.459
-0.0245379 223.792
-0.0243713 217.126
-0.0242046 210.459
-0.0240379 203.792
-0.0238713 197.126
-0.0237046 190.459
-0.0235379 183.792
-0.0233713 177.126
-0.0232046 170.459
-0.0230379 163.792
-0.0228713 157.126
-0.0227046 150.459
-0.0225379 143.792
-0.0223713 137.126
-0.0222046 130.459
-0.0220379 123.792
-0.0218713 117.126
-0.0217046 110.459
-0.0215379 103.792
-0.0213713 97.1257
-0.0212046 90.4591
-0.0210379 83.7924
-0.0208713 77.1257
-0.0207046 70.4591
-0.0205379 63.7924
-0.0203713 57.1257
-0.0202046 50.4591
-0.0200379 43.7924
-0.0198713 37.1257
-0.0197046 30.4591
-0.0195379 23.7924
-0.0193713 17.1257
-0.0192046 10.4591
-0.0190379 3.79242
-0.0188713 -2.87425
-0.0187046 -9.54092
-0.0185379 -16.2076
-0.0183713 -22.8743
-0.0182046 -29.5409
-0.0180379 -36.2076
-0.0178713 -42.8743
-0.0177046 -49.5409
-0.0175379 -56.2076
-0.0173713 -62.8743
-0.0172046 -69.5409
-0.0170379 -76.2076
-0.0168713 -82.8743
-0.0167046 -89.5409
-0.0165379 -96.2076
-0.0163713 -102.874
-0.0162046 -109.541
-0.0160379 -116.208
-0.0158713 -122.874
-0.0157046 -129.541
-0.0155379 -136.208
-0.0153713 -142.874
-0.0152046 -149.541
-0.0150379 -156.208
-0.0148713 -162.874
-0.0147046 -169.541
-0.0145379 -176.208
-0.0143713 -182.874
-0.0142046 -189.541
-0.0140379 -196.208
-0.0138713 -202.874
-0.0137046 -209.541
-0.0135379 -216.208
-0.0133713 -222.874
-0.0132046 -229.541
-0.0130379 -236.208
-0.0128713 -242.874
-0.0127046 -249.541
-0.0125379 -256.208
-0.0123713 -262.874
-0.0122046 -269.541
-0.0120379 -276.208
-0.0118713 -282.874
-0.0117046 -289.541
-0.0115379 -296.208
-0.0113713 -302.874
-0.0112046 -309.541
-0.0110379 -316.208
-0.0108713 -322.874
-0.0107046 -329.541
-0.0105379 -336.208
-0.0103713 -342.874
-0.0102046 -349.541
-0.0100379 -356.208
-0.00987126 -362.874
-0.00970459 -369.541
-0.00953792 -376.208
-0.00937126 -382.874
-0.00920459 -389.541
-0.00903792 -396.208
-0.00887126 -402.874
-0.00870459 -409.541
-0.00853792 -416.208
-0.00838237 -421.763
-0.00828217 -421.783
-0.00818197 -421.803
-0.00808177 -421.823
-0.00798157 -421.843
-0.00788137 -421.863
-0.00778117 -421.883
-0.00768097 -421.903
-0.00758077 -421.923
-0.00748057 -421.943
-0.00738037 -421.963
-0.00728017 -421.983
-0.00717997 -422.003
-0.00707977 -422.023
-0.00697957 -422.043
-0.00687937 -422.063
-0.00677917 -422.083
-0.00667898 -422.102
-0.00657878 -422.122
-0.00647858 -422.142
-0.00637838 -422.162
-0.00627818 -422.182
-0.00617798 -422.202
-0.00607778 -422.222
-0.00597758 -422.242
-0.00587738 -422.262
-0.00577718 -422.282
-0.00567698 -422.302
-0.00557678 -422.322
-0.00547658 -422.342
-0.00537638 -422.362
-0.00527618 -422.382
-0.00517598 -422.402
-0.00507578 -422.422
-0.00497558 -422.442
-0.00487538 -422.462
-0.00477518 -422.482
-0.00467498 -422.502
-0.00457478 -422.522
-0.00447458 -422.542
-0.00437438 -422.562
-0.00427418 -422.582
-0.00417399 -422.601
-0.00407379 -422.621
-0.00397359 -422.641
-0.00387339 -422.661
-0.00377319 -422.681
-0.00367299 -422.701
-0.00357279 -422.721
-0.00347259 -422.741
-0.00337239 -422.761
-0.00327219 -422.781
-0.00317199 -422.801
-0.00307179 -422.821
-0.00297159 -422.841
-0.00287139 -422.861
-0.00277119 -422.881
-0.00267099 -422.901
-0.00257079 -422.921
-0.00247059 -422.941
-0.00237039 -422.961
-0.00227019 -422.981
-0.00216999 -423.001
-0.00206979 -423.021
-0.00196959 -423.041
-0.00186939 -423.061
-0.00176919 -423.081
-0.001669 -423.1
-0.0015688 -423.12
-0.0014686 -423.14
-0.0013684 -423.16
-0.0012682 -423.18
-0.001168 -423.2
-0.0010678 -423.22
-0.000967598 -423.24
-0.000867398 -423.26
-0.000767199 -423.28
-0.000666999 -423.3
-0.0005668 -423.32
-0.0004666 -423.34
-0.0003664 -423.36
-0.000266201 -423.38
-0.000166001 -423.4
-6.58017e-05 -423.42
3.43979e-05 -423.44
0.000134598 -423.46
0.000234797 -423.48
0.000334997 -423.5
0.000435196 -423.52
0.000535396 -423.54
0.000635596 -423.56
0.000735795 -423.58
0.000835995 -423.599
0.000936194 -423.619
0.00103639 -423.639
0.00113659 -423.659
0.00123679 -423.679
0.00133699 -423.699
0.00143719 -423.719
0.00153739 -423.739
0.00163759 -423.759
0.00173779 -423.779
0.00183799 -423.799
0.00193819 -423.819
0.00203839 -423.839
0.00213859 -423.859
0.00223879 -423.879
0.00233899 -423.899
0.00243919 -423.919
0.00253939 -423.939
0.00263959 -423.959
0.00273979 -423.979
0.00283999 -423.999
0.00294019 -424.019
0.00304039 -424.039
0.00314059 -424.059
0.00324079 -424.079
0.00334098 -424.098
0.00344118 -424.118
0.00354138 -424.138
0.00364158 -424.158
0.00374178 -424.178
0.00384198 -424.198
0.00394218 -424.218
0.00404238 -424.238
0.00414258 -424.258
0.00424278 -424.278
0.00434298 -424.298
0.00444318 -424.318
0.00454338 -424.338
0.00464358 -424.358
0.00474378 -424.378
0.00484398 -424.398
0.00494418 -424.418
0.00504438 -424.438
0.00514458 -424.458
0.00524478 -424.478
0.00534498 -424.498
0.00544518 -424.518
0.00554538 -424.538
0.00564558 -424.558
0.00574578 -424.578
0.00584597 -424.597
0.00594617 -424.617
0.00604637 -424.637
0.00614657 -424.657
0.00624677 -424.677
0.00634697 -424.697
0.00644717 -424.717
0.00654737 -424.737
0.00664757 -424.757
0.00674777 -424.777
0.00684797 -424.797
0.00694817 -424.817
0.00704837 -424.837
0.00714857 -424.857
0.00724877 -424.877
0.00734897 -424.897
0.00744917 -424.917
0.00754937 -424.937
0.00764957 -424.957
0.00774977 -424.977
0.00784997 -424.997
0.00795017 -425.017
0.00805037 -425.037
0.00815057 -425.057
0.00825077 -425.077
0.00835096 -425.096
0.00845116 -425.116
0.00855136 -425.136
0.00865156 -425.156
0.00875176 -425.176
0.00885196 -425.196
0.00895216 -425.216
0.00905236 -425.236
0.00915256 -425.256
0.00925276 -425.276
0.00935296 -425.296
0.00945316 -425.316
0.00955336 -425.336
0.00965356 -425.356
0.00975376 -425.376
0.00985396 -425.396
0.00995416 -425.416
0.0100544 -425.436
0.0101546 -425.456
0.0102548 -425.476
0.010355 -425.496
0.0104552 -425.516
0.0105554 -425.536
0.0106556 -425.556
0.0107558 -425.576
0.010856 -425.595
0.0109562 -425.615
0.0110564 -425.635
0.0111566 -425.655
0.0112568 -425.675
0.011357 -425.695
0.0114572 -425.715
0.0115574 -425.735
0.0116576 -425.755
0.0117578 -425.775
0.011858 -425.795
0.0119582 -425.815
0.0120584 -425.835
0.0121585 -425.855
0.0122587 -425.875
0.0123589 -425.895
0.0124591 -425.915
0.0125593 -425.935
0.0126595 -425.955
0.0127597 -425.975
0.0128599 -425.995
0.0129601 -426.015
0.0130603 -426.035
0.0131605 -426.055
0.0132607 -426.075
0.0133609 -426.094
0.0134611 -426.114
0.0135613 -426.134
0.0136615 -426.154
0.0137617 -426.174
0.0138619 -426.194
0.0139621 -426.214
0.0140623 -426.234
0.0141625 -426.254
0.0142627 -426.274
0.0143629 -426.294
0.0144631 -426.314
0.0145633 -426.334
0.0146635 -426.354
0.0147637 -426.374
0.0148639 -426.394
0.0149641 -426.414
0.0150643 -426.434
0.0151645 -426.454
0.0152647 -426.474
0.0153649 -426.494
0.0154651 -426.514
0.0155653 -426.534
0.0156655 -426.554
0.0157657 -426.574
0.0158659 -426.593
0.0159661 -426.613
0.0160663 -426.633
0.0161665 -426.653
0.0162667 -426.673
0.0163669 -426.693
0.0164671 -426.713
0.0165673 -426.733
0.0166675 -426.753
0.0167677 -426.773
0.0168679 -426.793
0.0169681 -426.813
0.0170683 -426.833
0.0171685 -426.853
0.0172687 -426.873
0.0173689 -426.893
0.0174691 -426.913
0.0175693 -426.933
0.0176695 -426.953
0.0177697 -426.973
0.0178699 -426.993
0.0179701 -427.013
0.0180703 -427.033
0.0181705 -427.053
0.0182707 -427.073
0.0183709 -427.092
0.0184711 -427.112
0.0185713 -427.132
0.0186715 -427.152
0.0187717 -427.172
0.0188719 -427.192
0.0189721 -427.212
0.0190723 -427.232
0.0191725 -427.252
0.0192727 -427.272
0.0193729 -427.292
0.0194731 -427.312
0.0195733 -427.332
0.0196735 -427.352
0.0197737 -427.372
0.0198739 -427.392
0.0199741 -427.412
0.0200743 -427.432
0.0201745 -427.452
0.0202747 -427.472
0.0203749 -427.492
0.0204751 -427.512
0.0205753 -427.532
0.0206755 -427.552
0.0207757 -427.572
0.0208759 -427.591
0.0209761 -427.611
0.0210763 -427.631
0.0211765 -427.651
0.0212767 -427.671
0.0213769 -427.691
0.0214771 -427.711
0.0215773 -427.731
0.0216775 -427.751
0.0217777 -427.771
0.0218779 -427.791
0.0219781 -427.811
0.0220783 -427.831
0.0221785 -427.851
0.0222787 -427.871
0.0223789 -427.891
0.0224791 -427.911
0.0225793 -427.931
0.0226795 -427.951
0.0227797 -427.971
0.0228799 -427.991
0.0229801 -428.011
0.0230803 -428.031
0.0231805 -428.051
0.0232807 -428.071
0.0233809 -428.09
0.0234811 -428.11
0.0235813 -428.13
0.0236815 -428.15
0.0237817 -428.17
0.0238819 -428.19
0.0239821 -428.21
0.0240823 -428.23
0.0241825 -428.25
0.0242827 -428.27
0.0243829 -428.29
0.0244831 -428.31
0.0245833 -428.33
0.0246835 -428.35
0.0247837 -428.37
0.0248839 -428.39
0.0249841 -428.41
0.0250843 -428.43
0.0251845 -428.45
0.0252847 -428.47
0.0253849 -428.49
0.0254851 -428.51
0.0255853 -428.53
0.0256855 -428.55
0.0257857 -428.57
0.0258859 -428.589
0.0259861 -428.609
0.0260863 -428.629
0.0261865 -428.649
0.0262867 -428.669
0.0263869 -428.689
0.0264871 -428.709
0.0265873 -428.729
0.0266875 -428.749
0.0267877 -428.769
0.0268879 -428.789
0.0269881 -428.809
0.0270883 -428.829
0.0271885 -428.849
0.0272887 -428.869
0.0273889 -428.889
0.0274891 -428.909
0.0275893 -428.929
0.0276895 -428.949
0.0277897 -428.969
0.0278899 -428.989
0.0279901 -429.009
0.0280903 -429.029
0.0281905 -429.049
0.0282907 -429.069
0.0283909 -429.088
0.0284911 -429.108
0.0285913 -429.128
0.0286915 -429.148
0.0287917 -429.168
0.0288919 -429.188
0.0289921 -429.208
0.0290923 -429.228
0.0291925 -429.248
0.0292927 -429.268
0.027626 -362.601
0.0259593 -295.935
0.0242927 -229.268
0.022626 -162.601
0.0209593 -95.9348
0.0192927 -29.2681
0.017626 37.3985
0.0159593 104.065
0.0142927 170.732
0.012626 237.399
0.0109593 304.065
0.00929268 370.732
0.00803593 396.407
0.00703393 396.607
0.00603194 396.806
0.00502994 397.006
0.00402794 397.206
0.00302595 397.405
0.00202395 397.605
0.00102196 397.804
1.99601e-05 398.004
-0.000982036 398.204
-0.00198403 398.403
-0.00298603 398.603
-0.00398802 398.802
-0.00499002 399.002
-0.00599202 399.202
-0.00699401 399.401
-0.00799601 399.601
-0.008998 399.8
-0.01 400
-0.011002 400.2
-0.012004 400.399
-0.013006 400.599
-0.014008 400.798
-0.01501 400.998
-0.016012 401.198
-0.017014 401.397
-0.018016 401.597
-0.019018 401.796
-0.02002 401.996
-0.021022 402.196
-0.022024 402.395
-0.0230259 402.595
-0.0240279 402.794
-0.0250299 402.994
-0.0260319 403.194
-0.0270339 403.393
-0.0280359 403.593
-0.0290379 403.792
-0.0300399 403.992
-0.0310419 404.192
-0.0320439 404.391
-0.0330459 404.591
-0.0340479 404.79
-0.0350499 404.99
-0.0360519 405.19
-0.0370539 405.389
-0.0380559 405.589
-0.0390579 405.788
-0.0373912 339.122
-0.0357246 272.455
-0.0340579 205.788
-0.0323912 139.122
-0.0307246 72.4551
-0.0290579 5.78842
-0.0273912 -60.8782
-0.0257246 -127.545
-0.0240579 -194.212
-0.0223912 -260.878
-0.0207246 -327.545
-0.0190579 -394.212
-0.0176806 -431.942
-0.0166786 -432.142
-0.0156766 -432.342
-0.0146746 -432.541
-0.0136726 -432.741
-0.0126706 -432.94
-0.0116686 -433.14
-0.0106666 -433.34
-0.00966461 -433.539
-0.00866261 -433.739
-0.00766062 -433.938
-0.00665862 -434.138
-0.00565662 -434.338
-0.00465463 -434.537
-0.00365263 -434.737
-0.00265064 -434.936
-0.00164864 -435.136
-0.000646643 -435.336
0.000355353 -435.535
0.00135735 -435.735
0.00235934 -435.934
0.00336134 -436.134
0.00436334 -436.334
0.00536533 -436.533
0.00636733 -436.733
0.00736932 -436.932
0.00837132 -437.132
0.00937332 -437.332
0.0103753 -437.531
0.0113773 -437.731
0.0123793 -437.93
0.0133813 -438.13
0.0143833 -438.33
0.0153853 -438.529
0.0163873 -438.729
0.0173893 -438.928
0.0183913 -439.128
0.0193933 -439.328
0.0203953 -439.527
0.0213973 -439.727
0.0223993 -439.926
0.0234013 -440.126
0.0244033 -440.326
0.0254053 -440.525
0.0264072 -440.725
0.0274092 -440.924
0.0284112 -441.124
0.0294132 -441.324
0.0304152 -441.523
0.0314172 -441.723
0.0324192 -441.922
0.0334212 -442.122
0.0344232 -442.322
0.0354252 -442.521
0.0364272 -442.721
0.0374292 -442.92
0.0384312 -443.12
0.0394332 -443.32
0.0377665 -376.653
0.0360999 -309.986
0.0344332 -243.32
0.0327665 -176.653
0.0310999 -109.986
0.0294332 -43.3197
0.0277665 23.347
0.0260999 90.0136
0.0244332 156.68
0.0227665 223.347
0.0210999 290.014
0.0194332 356.68
0.0180559 394.411
0.0170539 394.611
0.0160519 394.81
0.0150499 395.01
0.0140479 395.21
0.0130459 395.409
0.0120439 395.609
0.0110419 395.808
0.0100399 396.008
0.00903792 396.208
0.00803593 396.407
0.00703393 396.607
0.00603194 396.806
0.00502994 397.006
0.00402794 397.206
0.00302595 397.405
0.00202395 397.605
0.00102196 397.804
1.99601e-05 398.004
-0.000982036 398.204
-0.00198403 398.403
-0.00298603 398.603
-0.00398802 398.802
-0.00499002 399.002
-0.00599202 399.202
-0.00699401 399.401
-0.00799601 399.601
-0.008998 399.8
-0.01 400
-0.011002 400.2
-0.012004 400.399
-0.013006 400.599
-0.014008 400.798
-0.01501 400.998
-0.016012 401.198
-0.017014 401.397
-0.018016 401.597
-0.019018 401.796
-0.02002 401.996
-0.021022 402.196
-0.022024 402.395
-0.0230259 402.595
-0.0240279 402.794
-0.0250299 402.994
-0.0260319 403.194
-0.0270339 403.393
-0.0280359 403.593
-0.0290379 403.792
-0.0300399 403.992
-0.0310419 404.192
-0.0320439 404.391
-0.0330459 404.591
-0.0340479 404.79
-0.0350499 404.99
-0.0360519 405.19
-0.0370539 405.389
-0.0380559 405.589
-0.0390579 405.788
-0.0400599 405.988
-0.0410619 406.188
-0.0420639 406.387
-0.0430659 406.587
-0.0440679 406.786
-0.0450699 406.986
-0.0460719 407.186
-0.0470739 407.385
-0.0480758 407.585
-0.0490778 407.784
-0.0474112 341.118
-0.0457445 274.451
-0.0440778 207.784
-0.0424112 141.118
-0.0407445 74.4511
-0.0390778 7.78443
-0.0374112 -58.8822
-0.0357445 -125.549
-0.0340778 -192.216
-0.0324112 -258.882
-0.0307445 -325.549
-0.0290778 -392.216
-0.0275891 -441.093
-0.0265871 -441.293
-0.0255851 -441.492
-0.0245831 -441.692
-0.0235811 -441.891
-0.0225791 -442.091
-0.0215771 -442.291
-0.0205751 -442.49
-0.0195731 -442.69
-0.0185711 -442.89
-0.0175691 -443.089
-0.0165671 -443.289
-0.0155651 -443.488
-0.0145631 -443.688
-0.0135611 -443.888
-0.0125591 -444.087
-0.0115571 -444.287
-0.0105551 -444.486
-0.00955314 -444.686
-0.00855114 -444.886
-0.00754915 -445.085
-0.00654715 -445.285
-0.00554516 -445.484
-0.00454316 -445.684
-0.00354116 -445.884
-0.00253917 -446.083
-0.00153717 -446.283
-0.000535177 -446.482
0.000466819 -446.682
0.00146882 -446.882
0.00247081 -447.081
0.00347281 -447.281
0.0044748 -447.48
0.0054768 -447.68
0.0064788 -447.88
0.00748079 -448.079
0.00848279 -448.279
0.00948478 -448.478
0.0104868 -448.678
0.0114888 -448.878
0.0124908 -449.077
0.0134928 -449.277
0.0144948 -449.476
0.0154968 -449.676
0.0164988 -449.876
0.0175008 -450.075
0.0185027 -450.275
0.0195047 -450.474
0.0205067 -450.674
0.0215087 -450.874
0.0225107 -451.073
0.0235127 -451.273
0.0245147 -451.472
0.0255167 -451.672
0.0265187 -451.872
0.0275207 -452.071
0.0285227 -452.271
0.0295247 -452.47
0.0305267 -452.67
0.0315287 -452.87
0.0325307 -453.069
0.0335327 -453.269
0.0345347 -453.468
0.0355367 -453.668
0.0365387 -453.868
0.0375407 -454.067
0.0385427 -454.267
0.0395447 -454.466
0.0405467 -454.666
0.0415487 -454.866
0.0425507 -455.065
0.0435526 -455.265
0.0445546 -455.464
0.0455566 -455.664
0.0465586 -455.864
0.0475606 -456.063
0.0485626 -456.263
0.0495646 -456.462
0.047898 -389.796
0.0462313 -323.129
0.0445646 -256.462
0.042898 -189.796
0.0412313 -123.129
0.0395646 -56.4624
0.037898 10.2043
0.0362313 76.871
0.0345646 143.538
0.032898 210.204
0.0312313 276.871
0.0295646 343.538
0.0280758 392.415
0.0270739 392.615
0.0260719 392.814
0.0250699 393.014
0.0240679 393.214
0.0230659 393.413
0.0220639 393.613
0.0210619 393.812
0.0200599 394.012
0.0190579 394.212
0.0180559 394.411
0.0170539 394.611
0.0160519 394.81
0.0150499 395.01
0.0140479 395.21
0.0130459 395.409
0.0120439 395.609
0.0110419 395.808
0.0100399 396.008
0.00903792 396.208
0.00803593 396.407
0.00703393 396.607
0.00603194 396.806
0.00502994 397.006
0.00402794 397.206
0.00302595 397.405
0.00202395 397.605
0.00102196 397.804
1.99601e-05 398.004
-0.000982036 398.204
-0.00198403 398.403
-0.00298603 398.603
-0.00398802 398.802
-0.00499002 399.002
-0.00599202 399.202
-0.00699401 399.401
-0.00799601 399.601
-0.008998 399.8
-0.01 400
-0.011002 400.2
-0.012004 400.399
-0.013006 400.599
-0.014008 400.798
-0.01501 400.998
-0.016012 401.198
-0.017014 401.397
-0.018016 401.597
-0.019018 401.796
-0.02002 401.996
-0.021022 402.196
-0.022024 402.395
-0.0230259 402.595
-0.0240279 402.794
-0.0250299 402.994
-0.0260319 403.194
-0.0270339 403.393
-0.0280359 403.593
-0.0290379 403.792
-0.0300399 403.992
-0.0310419 404.192
-0.0320439 404.391
-0.0330459 404.591
-0.0340479 404.79
-0.0350499 404.99
-0.0360519 405.19
-0.0370539 405.389
-0.0380559 405.589
-0.0390579 405.788
-0.0400599 405.988
-0.0410619 406.188
-0.0420639 406.387
-0.0430659 406.587
-0.0440679 406.786
-0.0450699 406.986
-0.0460719 407.186
-0.0470739 407.385
-0.0480758 407.585
-0.0490778 407.784
-0.0500798 407.984
-0.0510818 408.184
-0.0520838 408.383
-0.0530858 408.583
-0.0540878 408.782
-0.0550898 408.982
-0.0560918 409.182
-0.0570938 409.381
-0.0580958 409.581
-0.0590978 409.78
-0.0574311 343.114
-0.0557645 276.447
-0.0540978 209.78
-0.0524311 143.114
-0.0507645 76.4471
-0.0490978 9.78044
-0.0474311 -56.8862
-0.0457645 -123.553
-0.0440978 -190.22
-0.0424311 -256.886
-0.0407645 -323.553
-0.0390978 -390.22
-0.0375036 -449.638
-0.0365016 -449.838
-0.0354996 -450.037
-0.0344976 -450.237
-0.0334956 -450.436
-0.0324936 -450.636
-0.0314916 -450.836
-0.0304896 -451.035
-0.0294877 -451.235
-0.0284857 -451.434
-0.0274837 -451.634
-0.0264817 -451.834
-0.0254797 -452.033
-0.0244777 -452.233
-0.0234757 -452.432
-0.0224737 -452.632
-0.0214717 -452.832
-0.0204697 -453.031
-0.0194677 -453.231
-0.0184657 -453.43
-0.0174637 -453.63
-0.0164617 -453.83
-0.0154597 -454.029
-0.0144577 -454.229
-0.0134557 -454.428
-0.0124537 -454.628
-0.0114517 -454.828
-0.0104497 -455.027
-0.00944773 -455.227
-0.00844574 -455.426
-0.00744374 -455.626
-0.00644174 -455.826
-0.00543975 -456.025
-0.00443775 -456.225
-0.00343575 -456.425
-0.00243376 -456.624
-0.00143176 -456.824
-0.000429767 -457.023
0.000572229 -457.223
0.00157423 -457.423
0.00257622 -457.622
0.00357822 -457.822
0.00458021 -458.021
0.00558221 -458.221
0.00658421 -458.421
0.0075862 -458.62
0.0085882 -458.82
0.00959019 -459.019
0.0105922 -459.219
0.0115942 -459.419
0.0125962 -459.618
0.0135982 -459.818
0.0146002 -460.017
0.0156022 -460.217
0.0166042 -460.417
0.0176062 -460.616
0.0186082 -460.816
0.0196102 -461.015
0.0206121 -461.215
0.0216141 -461.415
0.0226161 -461.614
0.0236181 -461.814
0.0246201 -462.013
0.0256221 -462.213
0.0266241 -462.413
0.0276261 -462.612
0.0286281 -462.812
0.0296301 -463.011
0.0306321 -463.211
0.0316341 -463.411
0.0326361 -463.61
0.0336381 -463.81
0.0346401 -464.009
0.0356421 -464.209
0.0366441 -464.409
0.0376461 -464.608
0.0386481 -464.808
0.0396501 -465.007
0.0406521 -465.207
0.0416541 -465.407
0.0426561 -465.606
0.0436581 -465.806
0.0446601 -466.005
0.045662 -466.205
0.046664 -466.405
0.047666 -466.604
0.048668 -466.804
0.04967 -467.003
0.050672 -467.203
0.051674 -467.403
0.052676 -467.602
0.053678 -467.802
0.05468 -468.001
0.0530133 -401.335
0.0513467 -334.668
0.04968 -268.001
0.0480133 -201.335
0.0463467 -134.668
0.04468 -68.0013
0.0430133 -1.33468
0.0413467 65.332
0.03968 131.999
0.0380133 198.665
0.0363467 265.332
0.03468 331.999
0.0330858 391.417
0.0320838 391.617
0.0310818 391.816
0.0300798 392.016
0.0290778 392.216
0.0280758 392.415
0.0270739 392.615
0.0260719 392.814
0.0250699 393.014
0.0240679 393.214
0.0230659 393.413
0.0220639 393.613
0.0210619 393.812
0.0200599 394.012
0.0190579 394.212
0.0180559 394.411
0.0170539 394.611
0.0160519 394.81
0.0150499 395.01
0.0140479 395.21
0.0130459 395.409
0.0120439 395.609
0.0110419 395.808
0.0100399 396.008
0.00903792 396.208
0.00803593 396.407
0.00703393 396.607
0.00603194 396.806
0.00502994 397.006
0.00402794 397.206
0.00302595 397.405
0.00202395 397.605
0.00102196 397.804
1.99601e-05 398.004
-0.000982036 398.204
-0.00198403 398.403
-0.00298603 398.603
-0.00398802 398.802
