-3.00342e-05 0.503418
-6.00684e-05 1.00684
-9.01025e-05 1.51025
-0.000120137 2.01367
-0.000150171 2.51709
-0.000180205 3.02051
-0.000210239 3.52392
-0.000240273 4.02734
-0.000270308 4.53076
-0.000300342 5.03418
-0.000330376 5.53759
-0.00036041 6.04101
-0.000390444 6.54443
-0.000420478 7.04785
-0.000450513 7.55126
-0.000480547 8.05468
-0.000510581 8.5581
-0.000540615 9.06152
-0.000570649 9.56493
-0.000600684 10.0684
-0.000630718 10.5718
-0.000660752 11.0752
-0.000690786 11.5786
-0.00072082 12.082
-0.000750854 12.5854
-0.00077933 12.933
-0.000807736 13.2736
-0.000836142 13.6142
-0.000864548 13.9548
-0.000892954 14.2954
-0.00092136 14.636
-0.000949766 14.9766
-0.000978172 15.3172
-0.00100658 15.6578
-0.00103498 15.9984
-0.00106339 16.3389
-0.0010918 16.6795
-0.0011202 17.0201
-0.00114861 17.3607
-0.00117701 17.7013
-0.00120542 18.0419
-0.00123383 18.3825
-0.00126223 18.7231
-0.00129064 19.0637
-0.00131904 19.4043
-0.00134745 19.7449
-0.00137585 20.0855
-0.00140426 20.4261
-0.00143151 20.6511
-0.00145848 20.8476
-0.00142863 20.3629
-0.00139878 19.8782
-0.00136893 19.3935
-0.00133909 18.9088
-0.00130924 18.4241
-0.00127939 17.9394
-0.00124955 17.4547
-0.0012197 16.97
-0.00118985 16.4853
-0.00116001 16.0006
-0.00113016 15.5159
-0.00110031 15.0312
-0.00107046 14.5465
-0.00104062 14.0618
-0.00101077 13.5771
-0.000980924 13.0924
-0.000951077 12.6077
-0.00092123 12.123
-0.000891383 11.6383
-0.000861536 11.1536
-0.000831689 10.6689
-0.000801842 10.1842
-0.000771994 9.69945
-0.000742147 9.21475
-0.0007123 8.73005
-0.000682453 8.24534
-0.000652606 7.76064
-0.000622759 7.27594
-0.000592912 6.79124
-0.000563065 6.30653
-0.000533218 5.82183
-0.000503371 5.33713
-0.000473524 4.85243
-0.000443677 4.36773
-0.00041383 3.88302
-0.000383983 3.39832
-0.000354136 2.91362
-0.000324289 2.42892
-0.000294442 1.94422
-0.000264595 1.45951
-0.000234748 0.974811
-0.000204901 0.490109
-0.000175054 0.00540704
-0.00015 0
-0.000125 0
-0.0001 0
-7.5e-05 0
-5e-05 0
-2.5e-05 0
-6.09864e-20 0
2.5e-05 0
5e-05 0
7.5e-05 0
0.0001 0
0.000125 0
0.0001 0
7.5e-05 0
5e-05 0
2.5e-05 0
-4.74338e-20 0
-2.5e-05 0
-5e-05 0
-7.5e-05 0
-0.0001 0
-0.000125 0
-0.00015 0
-0.000175054 0.00540704
-0.000204901 0.490109
-0.000234748 0.974811
-0.000264595 1.45951
-0.000294442 1.94422
-0.000324289 2.42892
-0.000354136 2.91362
-0.000383983 3.39832
-0.00041383 3.88302
-0.000443677 4.36773
-0.000473524 4.85243
-0.000503371 5.33713
-0.000533218 5.82183
-0.000563065 6.30653
-0.000592912 6.79124
-0.000622759 7.27594
-0.000652606 7.76064
-0.000682453 8.24534
-0.0007123 8.73005
-0.000742147 9.21475
-0.000771994 9.69945
-0.000801842 10.1842
-0.000831689 10.6689
-0.000861536 11.1536
-0.000891383 11.6383
-0.00092123 12.123
-0.000951077 12.6077
-0.000980924 13.0924
-0.00101077 13.5771
-0.00104062 14.0618
-0.00107046 14.5465
-0.00110031 15.0312
-0.00113016 15.5159
-0.00116001 16.0006
-0.00118985 16.4853
-0.0012197 16.97
-0.00124955 17.4547
-0.00127939 17.9394
-0.00130924 18.4241
-0.00133909 18.9088
-0.00136893 19.3935
-0.00139878 19.8782
-0.00142863 20.3629
-0.00145848 20.8476
-0.00148544 21.0441
-0.00151241 21.2407
-0.00153937 21.4372
-0.00156634 21.6338
-0.0015933 21.8303
-0.00162027 22.0269
-0.00164723 22.2234
-0.0016742 22.4199
-0.00170116 22.6165
-0.00172813 22.813
-0.0017551 23.0096
-0.00178206 23.2061
-0.00180903 23.4027
-0.00183599 23.5992
-0.00186296 23.7957
-0.00188992 23.9923
-0.00191689 24.1888
-0.00194385 24.3854
-0.00197082 24.5819
-0.0019977 24.7703
-0.00202382 24.8816
-0.00204993 24.9929
-0.00207604 25.1042
-0.00210216 25.2155
-0.00212827 25.3268
-0.00215438 25.4382
-0.00218049 25.5495
-0.00220661 25.6608
-0.00223272 25.7721
-0.00225883 25.8834
-0.00228495 25.9947
-0.00231106 26.106
-0.00233717 26.2174
-0.00236329 26.3287
-0.0023894 26.44
-0.00241551 26.5513
-0.00244163 26.6626
-0.00246774 26.7739
-0.00249385 26.8853
-0.00251997 26.9966
-0.00254606 27.1055
-0.00257202 27.2023
-0.00259799 27.2991
-0.00262396 27.3959
-0.00264993 27.4927
-0.0026759 27.5895
-0.00270186 27.6863
-0.00272783 27.7831
-0.0027538 27.8799
-0.00277977 27.9767
-0.00280574 28.0735
-0.0028317 28.1703
-0.00285767 28.2671
-0.00288364 28.3639
-0.00290961 28.4607
-0.00293558 28.5575
-0.00296154 28.6543
-0.00298751 28.7511
-0.00301348 28.8479
-0.00303945 28.9447
-0.00306542 29.0415
-0.00309118 29.1184
-0.00311659 29.1594
-0.00314201 29.2005
-0.00316742 29.2416
-0.00319283 29.2827
-0.00321824 29.3237
-0.00324365 29.3648
-0.00326906 29.4059
-0.00329447 29.447
-0.00331988 29.488
-0.00334529 29.5291
-0.0033707 29.5702
-0.00339611 29.6112
-0.00342152 29.6523
-0.00344693 29.6934
-0.00347234 29.7345
-0.00349776 29.7755
-0.00352317 29.8166
-0.00354858 29.8577
-0.00357399 29.8988
-0.00359939 29.9393
-0.0036246 29.96
-0.00364981 29.9806
-0.00367501 30.0013
-0.00370022 30.0219
-0.00372543 30.0426
-0.00375063 30.0632
-0.00377584 30.0839
-0.00380105 30.1045
-0.00382625 30.1252
-0.00385146 30.1458
-0.00387666 30.1665
-0.00390187 30.1871
-0.00392708 30.2078
-0.00395228 30.2284
-0.00397749 30.2491
-0.0040027 30.2697
-0.0040279 30.2904
-0.00405311 30.311
-0.00402547 30.0471
-0.00399783 29.7832
-0.00397019 29.5193
-0.00394255 29.2553
-0.00391491 28.9914
-0.00388728 28.7275
-0.00385964 28.4636
-0.003832 28.1997
-0.00380436 27.9357
-0.00377672 27.6718
-0.00374908 27.4079
-0.00372144 27.144
-0.0036938 26.8801
-0.00366616 26.6161
-0.00363852 26.3522
-0.00361088 26.0883
-0.00358324 25.8244
-0.0035556 25.5604
-0.00352797 25.2965
-0.00350033 25.0326
-0.00347269 24.7687
-0.00344505 24.5048
-0.00341741 24.2408
-0.00338977 23.9769
-0.00336213 23.713
-0.00333449 23.4491
-0.00330685 23.1852
-0.00327921 22.9212
-0.00325157 22.6573
-0.00322393 22.3934
-0.00319629 22.1295
-0.00316866 21.8655
-0.00314102 21.6016
-0.00311338 21.3377
-0.00308574 21.0738
-0.0030581 20.8099
-0.00303046 20.5459
-0.00300282 20.282
-0.00297518 20.0181
-0.00294754 19.7542
-0.0029199 19.4903
-0.00289226 19.2263
-0.00286462 18.9624
-0.00283698 18.6985
-0.00280935 18.4346
-0.00278171 18.1706
-0.00275407 17.9067
-0.00272643 17.6428
-0.00269879 17.3789
-0.00267115 17.115
-0.00264351 16.851
-0.00261587 16.5871
-0.00258823 16.3232
-0.00256059 16.0593
-0.00253295 15.7953
-0.00250531 15.5314
-0.00247768 15.2675
-0.00245004 15.0036
-0.0024224 14.7397
-0.00239476 14.4757
-0.00236712 14.2118
-0.00233948 13.9479
-0.00231184 13.684
-0.0022842 13.4201
-0.00225656 13.1561
-0.00222892 12.8922
-0.00220128 12.6283
-0.00217364 12.3644
-0.002146 12.1004
-0.00211837 11.8365
-0.00209073 11.5726
-0.00206309 11.3087
-0.00203545 11.0448
-0.00200781 10.7808
-0.00198017 10.5169
-0.00195253 10.253
-0.00192489 9.98908
-0.00189725 9.72515
-0.00186961 9.46123
-0.00184197 9.19731
-0.00181433 8.93339
-0.00178669 8.66947
-0.00175906 8.40555
-0.00173142 8.14162
-0.00170378 7.8777
-0.00167614 7.61378
-0.0016485 7.34986
-0.00162086 7.08594
-0.00159322 6.82202
-0.00156558 6.5581
-0.00153794 6.29417
-0.0015103 6.03025
-0.00148266 5.76633
-0.00145502 5.50241
-0.00142738 5.23849
-0.00139975 4.97457
-0.00137211 4.71064
-0.00134447 4.44672
-0.00131683 4.1828
-0.00128919 3.91888
-0.00126155 3.65496
-0.00123391 3.39104
-0.00120627 3.12712
-0.00117863 2.86319
-0.00115099 2.59927
-0.00112335 2.33535
-0.00109571 2.07143
-0.00106808 1.80751
-0.00104044 1.54359
-0.0010128 1.27966
-0.000985157 1.01574
-0.000957518 0.751821
-0.000929879 0.4879
-0.00090224 0.223978
-0.000875 0
-0.00085 0
-0.000825 0
-0.0008 0
-0.000775 0
-0.00075 0
-0.000725 0
-0.0007 0
-0.000675 0
-0.00065 0
-0.000625 0
-0.0006 0
-0.000575 0
-0.00055 0
-0.000525 0
-0.0005 0
-0.000475 0
-0.00045 0
-0.000425 0
-0.0004 0
-0.000375 0
-0.00035 0
-0.000325 0
-0.0003 0
-0.000275 0
-0.00025 0
-0.000225 0
-0.0002 0
-0.000175 0
-0.00015 0
-0.000125 0
-0.0001 0
-7.5e-05 0
-5e-05 0
-2.5e-05 0
-6.09864e-20 0
2.5e-05 0
5e-05 0
7.5e-05 0
0.0001 0
0.000125 0
0.00015 0
0.000175 0
0.0002 0
0.000225 0
0.00025 0
0.000275 0
0.0003 0
0.000325 0
0.00035 0
0.000375 0
0.00035 0
0.000325 0
0.0003 0
0.000275 0
0.00025 0
0.000225 0
0.0002 0
0.000175 0
0.00015 0
0.000125 0
0.0001 0
7.5e-05 0
5e-05 0
2.5e-05 0
-4.74338e-20 0
-2.5e-05 0
-5e-05 0
-7.5e-05 0
-0.0001 0
-0.000125 0
-0.00015 0
-0.000175 0
-0.0002 0
-0.000225 0
-0.00025 0
-0.000275 0
-0.0003 0
-0.000325 0
-0.00035 0
-0.000375 0
-0.0004 0
-0.000425 0
-0.00045 0
-0.000475 0
-0.0005 0
-0.000525 0
-0.00055 0
-0.000575 0
-0.0006 0
-0.000625 0
-0.00065 0
-0.000675 0
-0.0007 0
-0.000725 0
-0.00075 0
-0.000775 0
-0.0008 0
-0.000825 0
-0.00085 0
-0.000875 0
-0.00090224 0.223978
-0.000929879 0.4879
-0.000957518 0.751821
-0.000985157 1.01574
-0.0010128 1.27966
-0.00104044 1.54359
-0.00106808 1.80751
-0.00109571 2.07143
-0.00112335 2.33535
-0.00115099 2.59927
-0.00117863 2.86319
-0.00120627 3.12712
-0.00123391 3.39104
-0.00126155 3.65496
-0.00128919 3.91888
-0.00131683 4.1828
-0.00134447 4.44672
-0.00137211 4.71064
-0.00139975 4.97457
-0.00142738 5.23849
-0.00145502 5.50241
-0.00148266 5.76633
-0.0015103 6.03025
-0.00153794 6.29417
-0.00156558 6.5581
-0.00159322 6.82202
-0.00162086 7.08594
-0.0016485 7.34986
-0.00167614 7.61378
-0.00170378 7.8777
-0.00173142 8.14162
-0.00175906 8.40555
-0.00178669 8.66947
-0.00181433 8.93339
-0.00184197 9.19731
-0.00186961 9.46123
-0.00189725 9.72515
-0.00192489 9.98908
-0.00195253 10.253
-0.00198017 10.5169
-0.00200781 10.7808
-0.00203545 11.0448
-0.00206309 11.3087
-0.00209073 11.5726
-0.00211837 11.8365
-0.002146 12.1004
-0.00217364 12.3644
-0.00220128 12.6283
-0.00222892 12.8922
-0.00225656 13.1561
-0.0022842 13.4201
-0.00231184 13.684
-0.00233948 13.9479
-0.00236712 14.2118
-0.00239476 14.4757
-0.0024224 14.7397
-0.00245004 15.0036
-0.00247768 15.2675
-0.00250531 15.5314
-0.00253295 15.7953
-0.00256059 16.0593
-0.00258823 16.3232
-0.00261587 16.5871
-0.00264351 16.851
-0.00267115 17.115
-0.00269879 17.3789
-0.00272643 17.6428
-0.00275407 17.9067
-0.00278171 18.1706
-0.00280935 18.4346
-0.00283698 18.6985
-0.00286462 18.9624
-0.00289226 19.2263
-0.0029199 19.4903
-0.00294754 19.7542
-0.00297518 20.0181
-0.00300282 20.282
-0.00303046 20.5459
-0.0030581 20.8099
-0.00308574 21.0738
-0.00311338 21.3377
-0.00314102 21.6016
-0.00316866 21.8655
-0.00319629 22.1295
-0.00322393 22.3934
-0.00325157 22.6573
-0.00327921 22.9212
-0.00330685 23.1852
-0.00333449 23.4491
-0.00336213 23.713
-0.00338977 23.9769
-0.00341741 24.2408
-0.00344505 24.5048
-0.00347269 24.7687
-0.00350033 25.0326
-0.00352797 25.2965
-0.0035556 25.5604
-0.00358324 25.8244
-0.00361088 26.0883
-0.00363852 26.3522
-0.00366616 26.6161
-0.0036938 26.8801
-0.00372144 27.144
-0.00374908 27.4079
-0.00377672 27.6718
-0.00380436 27.9357
-0.003832 28.1997
-0.00385964 28.4636
-0.00388728 28.7275
-0.00391491 28.9914
-0.00394255 29.2553
-0.00397019 29.5193
-0.00399783 29.7832
-0.00402547 30.0471
-0.00405311 30.311
-0.00407832 30.3317
-0.00410352 30.3523
-0.0041286 30.3604
-0.00415366 30.3665
-0.00417872 30.3725
-0.00420379 30.3785
-0.00422885 30.3845
-0.00425391 30.3906
-0.00427897 30.3966
-0.00430403 30.4026
-0.00432909 30.4086
-0.00435415 30.4147
-0.00437921 30.4207
-0.00440427 30.4267
-0.00442933 30.4327
-0.00445439 30.4388
-0.00447945 30.4448
-0.00450451 30.4508
-0.00452957 30.4568
-0.00455463 30.4629
-0.00457969 30.4689
-0.00460475 30.4749
-0.00462961 30.4611
-0.00465443 30.4427
-0.00467924 30.4242
-0.00470406 30.4058
-0.00472887 30.3873
-0.00475369 30.3689
-0.0047785 30.3504
-0.00480332 30.332
-0.00482814 30.3135
-0.00485295 30.2951
-0.00487777 30.2766
-0.00490258 30.2582
-0.0049274 30.2397
-0.00495221 30.2212
-0.00497703 30.2028
-0.00500184 30.1843
-0.00502666 30.1659
-0.00505147 30.1474
-0.00507629 30.129
-0.00510111 30.1105
-0.00512575 30.0748
-0.00515038 30.0382
-0.00517502 30.0017
-0.00519965 29.9652
-0.00522429 29.9286
-0.00524892 29.8921
-0.00527356 29.8556
-0.00529819 29.819
-0.00527111 29.6112
-0.00524403 29.4034
-0.00521696 29.1956
-0.00518988 28.9878
-0.0051628 28.78
-0.00513572 28.5722
-0.00510864 28.3644
-0.00508157 28.1566
-0.00505449 27.9488
-0.00502741 27.741
-0.00500033 27.5332
-0.00497325 27.3254
-0.00494618 27.1176
-0.0049191 26.9097
-0.00489202 26.7019
-0.00486494 26.4941
-0.00483786 26.2863
-0.00481079 26.0785
-0.00478371 25.8707
-0.00475663 25.6629
-0.00472955 25.4551
-0.00470247 25.2473
-0.0046754 25.0395
-0.00464832 24.8317
-0.00462124 24.6239
-0.00459416 24.4161
-0.00456708 24.2083
-0.00454 24.0005
-0.00451293 23.7927
-0.00448585 23.5849
-0.00445877 23.3771
-0.00443169 23.1693
-0.00440461 22.9615
-0.00437754 22.7537
-0.00435046 22.5458
-0.00432338 22.338
-0.0042963 22.1302
-0.00426922 21.9224
-0.00424215 21.7146
-0.00421507 21.5068
-0.00418799 21.299
-0.00416091 21.0912
-0.00413383 20.8834
-0.00410676 20.6756
-0.00407968 20.4678
-0.0040526 20.26
-0.00402552 20.0522
-0.00399844 19.8444
-0.00397137 19.6366
-0.00394429 19.4288
-0.00391721 19.221
-0.00389013 19.0132
-0.00386305 18.8054
-0.00383598 18.5976
-0.0038089 18.3898
-0.00378182 18.182
-0.00375474 17.9741
-0.00372766 17.7663
-0.00370059 17.5585
-0.00367351 17.3507
-0.00364643 17.1429
-0.00361935 16.9351
-0.00359227 16.7273
-0.0035652 16.5195
-0.00353812 16.3117
-0.00351104 16.1039
-0.00348396 15.8961
-0.00345688 15.6883
-0.0034298 15.4805
-0.00340273 15.2727
-0.00337565 15.0649
-0.00334857 14.8571
-0.00332149 14.6493
-0.00329441 14.4415
-0.00326734 14.2337
-0.00324026 14.0259
-0.00321318 13.8181
-0.0031861 13.6103
-0.00315902 13.4024
-0.00313195 13.1946
-0.00310487 12.9868
-0.00307779 12.779
-0.00305071 12.5712
-0.00302363 12.3634
-0.00299656 12.1556
-0.00296948 11.9478
-0.0029424 11.74
-0.00291532 11.5322
-0.00288824 11.3244
-0.00286117 11.1166
-0.00283409 10.9088
-0.00280701 10.701
-0.00277993 10.4932
-0.00275285 10.2854
-0.00272578 10.0776
-0.0026987 9.86977
-0.00267162 9.66196
-0.00264454 9.45416
-0.00261746 9.24635
-0.00259039 9.03855
-0.00256331 8.83074
-0.00253623 8.62294
-0.00250915 8.41513
-0.00248207 8.20733
-0.002455 7.99953
-0.00242792 7.79172
-0.00240084 7.58392
-0.00237376 7.37611
-0.00234668 7.16831
-0.00231961 6.9605
-0.00229253 6.7527
-0.00226545 6.54489
-0.00223837 6.33709
-0.00221129 6.12928
-0.00218421 5.92148
-0.00215714 5.71367
-0.00213006 5.50587
-0.00210298 5.29807
-0.0020759 5.09026
-0.00204882 4.88246
-0.00202175 4.67465
-0.00199467 4.46685
-0.00196759 4.25904
-0.00194051 4.05124
-0.00191343 3.84343
-0.00188636 3.63563
-0.00185928 3.42782
-0.0018322 3.22002
-0.00180512 3.01221
-0.00177804 2.80441
-0.00175097 2.59661
-0.00172389 2.3888
-0.00169681 2.181
-0.00166973 1.97319
-0.00164265 1.76539
-0.00161558 1.55758
-0.0015885 1.34978
-0.00156142 1.14197
-0.00153434 0.934168
-0.00150726 0.726363
-0.00148019 0.518559
-0.00145311 0.310754
-0.00142603 0.10295
-0.0014 0
-0.001375 0
-0.00135 0
-0.001325 0
-0.0013 0
-0.001275 0
-0.00125 0
-0.001225 0
-0.0012 0
-0.001175 0
-0.00115 0
-0.001125 0
-0.0011 0
-0.001075 0
-0.00105 0
-0.001025 0
-0.001 0
-0.000975 0
-0.00095 0
-0.000925 0
-0.0009 0
-0.000875 0
-0.00085 0
-0.000825 0
-0.0008 0
-0.000775 0
-0.00075 0
-0.000725 0
-0.0007 0
-0.000675 0
-0.00065 0
-0.000625 0
-0.0006 0
-0.000575 0
-0.00055 0
-0.000525 0
-0.0005 0
-0.000475 0
-0.00045 0
-0.000425 0
-0.0004 0
-0.000375 0
-0.00035 0
-0.000325 0
-0.0003 0
-0.000275 0
-0.00025 0
-0.000225 0
-0.0002 0
-0.000175 0
-0.00015 0
-0.000125 0
-0.0001 0
-7.5e-05 0
-5e-05 0
-2.5e-05 0
-6.09864e-20 0
2.5e-05 0
5e-05 0
7.5e-05 0
0.0001 0
0.000125 0
0.00015 0
0.000175 0
0.0002 0
0.000225 0
0.00025 0
0.000275 0
0.0003 0
0.000325 0
0.00035 0
0.000375 0
0.0004 0
0.000425 0
0.00045 0
0.000475 0
0.0005 0
0.000475 0
0.00045 0
0.000425 0
0.0004 0
0.000375 0
0.00035 0
0.000325 0
0.0003 0
0.000275 0
0.00025 0
0.000225 0
0.0002 0
0.000175 0
0.00015 0
0.000125 0
0.0001 0
7.5e-05 0
5e-05 0
2.5e-05 0
-4.74338e-20 0
-2.5e-05 0
-5e-05 0
-7.5e-05 0
-0.0001 0
-0.000125 0
-0.00015 0
-0.000175 0
-0.0002 0
-0.000225 0
-0.00025 0
-0.000275 0
-0.0003 0
-0.000325 0
-0.00035 0
-0.000375 0
-0.0004 0
-0.000425 0
-0.00045 0
-0.000475 0
-0.0005 0
-0.000525 0
-0.00055 0
-0.000575 0
-0.0006 0
-0.000625 0
-0.00065 0
-0.000675 0
-0.0007 0
-0.000725 0
-0.00075 0
-0.000775 0
-0.0008 0
-0.000825 0
-0.00085 0
-0.000875 0
-0.0009 0
-0.000925 0
-0.00095 0
-0.000975 0
-0.001 0
-0.001025 0
-0.00105 0
-0.001075 0
-0.0011 0
-0.001125 0
-0.00115 0
-0.001175 0
-0.0012 0
-0.001225 0
-0.00125 0
-0.001275 0
-0.0013 0
-0.001325 0
-0.00135 0
-0.001375 0
-0.0014 0
-0.00142603 0.10295
-0.00145311 0.310754
-0.00148019 0.518559
-0.00150726 0.726363
-0.00153434 0.934168
-0.00156142 1.14197
-0.0015885 1.34978
-0.00161558 1.55758
-0.00164265 1.76539
-0.00166973 1.97319
-0.00169681 2.181
-0.00172389 2.3888
-0.00175097 2.59661
-0.00177804 2.80441
-0.00180512 3.01221
-0.0018322 3.22002
-0.00185928 3.42782
-0.00188636 3.63563
-0.00191343 3.84343
-0.00194051 4.05124
-0.00196759 4.25904
-0.00199467 4.46685
-0.00202175 4.67465
-0.00204882 4.88246
-0.0020759 5.09026
-0.00210298 5.29807
-0.00213006 5.50587
-0.00215714 5.71367
-0.00218421 5.92148
-0.00221129 6.12928
-0.00223837 6.33709
-0.00226545 6.54489
-0.00229253 6.7527
-0.00231961 6.9605
-0.00234668 7.16831
-0.00237376 7.37611
-0.00240084 7.58392
-0.00242792 7.79172
-0.002455 7.99953
-0.00248207 8.20733
-0.00250915 8.41513
-0.00253623 8.62294
-0.00256331 8.83074
-0.00259039 9.03855
-0.00261746 9.24635
-0.00264454 9.45416
-0.00267162 9.66196
-0.0026987 9.86977
-0.00272578 10.0776
-0.00275285 10.2854
-0.00277993 10.4932
-0.00280701 10.701
-0.00283409 10.9088
-0.00286117 11.1166
-0.00288824 11.3244
-0.00291532 11.5322
-0.0029424 11.74
-0.00296948 11.9478
-0.00299656 12.1556
-0.00302363 12.3634
-0.00305071 12.5712
-0.00307779 12.779
-0.00310487 12.9868
-0.00313195 13.1946
-0.00315902 13.4024
-0.0031861 13.6103
-0.00321318 13.8181
-0.00324026 14.0259
-0.00326734 14.2337
-0.00329441 14.4415
-0.00332149 14.6493
-0.00334857 14.8571
-0.00337565 15.0649
-0.00340273 15.2727
-0.0034298 15.4805
-0.00345688 15.6883
-0.00348396 15.8961
-0.00351104 16.1039
-0.00353812 16.3117
-0.0035652 16.5195
-0.00359227 16.7273
-0.00361935 16.9351
-0.00364643 17.1429
-0.00367351 17.3507
-0.00370059 17.5585
-0.00372766 17.7663
-0.00375474 17.9741
-0.00378182 18.182
-0.0038089 18.3898
-0.00383598 18.5976
-0.00386305 18.8054
-0.00389013 19.0132
-0.00391721 19.221
-0.00394429 19.4288
-0.00397137 19.6366
-0.00399844 19.8444
-0.00402552 20.0522
-0.0040526 20.26
-0.00407968 20.4678
-0.00410676 20.6756
-0.00413383 20.8834
-0.00416091 21.0912
-0.00418799 21.299
-0.00421507 21.5068
-0.00424215 21.7146
-0.00426922 21.9224
-0.0042963 22.1302
-0.00432338 22.338
-0.00435046 22.5458
-0.00437754 22.7537
-0.00440461 22.9615
-0.00443169 23.1693
-0.00445877 23.3771
-0.00448585 23.5849
-0.00451293 23.7927
-0.00454 24.0005
-0.00456708 24.2083
-0.00459416 24.4161
-0.00462124 24.6239
-0.00464832 24.8317
-0.0046754 25.0395
-0.00470247 25.2473
-0.00472955 25.4551
-0.00475663 25.6629
-0.00478371 25.8707
-0.00481079 26.0785
-0.00483786 26.2863
-0.00486494 26.4941
-0.00489202 26.7019
-0.0049191 26.9097
-0.00494618 27.1176
-0.00497325 27.3254
-0.00500033 27.5332
-0.00502741 27.741
-0.00505449 27.9488
-0.00508157 28.1566
-0.00510864 28.3644
-0.00513572 28.5722
-0.0051628 28.78
-0.00518988 28.9878
-0.00521696 29.1956
-0.00524403 29.4034
-0.00527111 29.6112
-0.00529819 29.819
-0.00532282 29.7825
-0.00534746 29.7459
-0.00537209 29.7094
-0.00539673 29.6729
-0.00542136 29.6363
-0.005446 29.5998
-0.00547063 29.5632
-0.00549527 29.5267
-0.0055199 29.4902
-0.00554454 29.4536
-0.00556917 29.4171
-0.0055938 29.3796
-0.00561839 29.3391
-0.00564299 29.2985
-0.00566758 29.258
-0.00569218 29.2175
-0.00571677 29.177
-0.00574136 29.1365
-0.00576596 29.096
-0.00579055 29.0555
-0.00581515 29.0149
-0.00583974 28.9744
-0.00586434 28.9339
-0.00588893 28.8934
-0.00591353 28.8529
-0.00593812 28.8124
-0.00596272 28.7719
-0.00598731 28.7313
-0.00601191 28.6908
-0.0060365 28.6503
-0.0060611 28.6098
-0.00608568 28.5682
-0.00611026 28.5258
-0.00613483 28.4834
-0.00615941 28.441
-0.00618399 28.3986
-0.00620856 28.3562
-0.00623314 28.3138
-0.00625771 28.2714
-0.00628229 28.229
-0.00630687 28.1866
-0.00633144 28.1442
-0.00635602 28.1018
-0.00638059 28.0593
-0.00640517 28.0169
-0.00642975 27.9745
-0.00645432 27.9321
-0.0064789 27.8897
-0.00650347 27.8473
-0.00652805 27.8049
-0.00650139 27.6386
-0.00647472 27.4724
-0.00644806 27.3061
-0.0064214 27.1399
-0.00639474 26.9736
-0.00636807 26.8073
-0.00634141 26.6411
-0.00631475 26.4748
-0.00628809 26.3085
-0.00626142 26.1423
-0.00623476 25.976
-0.0062081 25.8097
-0.00618143 25.6435
-0.00615477 25.4772
-0.00612811 25.3109
-0.00610145 25.1447
-0.00607478 24.9784
-0.00604812 24.8121
-0.00602146 24.6459
-0.0059948 24.4796
-0.00596813 24.3134
-0.00594147 24.1471
-0.00591481 23.9808
-0.00588815 23.8146
-0.00586148 23.6483
-0.00583482 23.482
-0.00580816 23.3158
-0.00578149 23.1495
-0.00575483 22.9832
-0.00572817 22.817
-0.00570151 22.6507
-0.00567484 22.4844
-0.00564818 22.3182
-0.00562152 22.1519
-0.00559486 21.9856
-0.00556819 21.8194
-0.00554153 21.6531
-0.00551487 21.4869
-0.00548821 21.3206
-0.00546154 21.1543
-0.00543488 20.9881
-0.00540822 20.8218
-0.00538156 20.6555
-0.00535489 20.4893
-0.00532823 20.323
-0.00530157 20.1567
-0.0052749 19.9905
-0.00524824 19.8242
-0.00522158 19.6579
-0.00519492 19.4917
-0.00516825 19.3254
-0.00514159 19.1591
-0.00511493 18.9929
-0.00508827 18.8266
-0.0050616 18.6604
-0.00503494 18.4941
-0.00500828 18.3278
-0.00498162 18.1616
-0.00495495 17.9953
-0.00492829 17.829
-0.00490163 17.6628
-0.00487496 17.4965
-0.0048483 17.3302
-0.00482164 17.164
-0.00479498 16.9977
-0.00476831 16.8314
-0.00474165 16.6652
-0.00471499 16.4989
-0.00468833 16.3326
-0.00466166 16.1664
-0.004635 16.0001
-0.00460834 15.8339
-0.00458168 15.6676
-0.00455501 15.5013
-0.00452835 15.3351
-0.00450169 15.1688
-0.00447503 15.0025
-0.00444836 14.8363
-0.0044217 14.67
-0.00439504 14.5037
-0.00436837 14.3375
-0.00434171 14.1712
-0.00431505 14.0049
-0.00428839 13.8387
-0.00426172 13.6724
-0.00423506 13.5061
-0.0042084 13.3399
-0.00418174 13.1736
-0.00415507 13.0073
-0.00412841 12.8411
-0.00410175 12.6748
-0.00407509 12.5086
-0.00404842 12.3423
-0.00402176 12.176
-0.0039951 12.0098
-0.00396843 11.8435
-0.00394177 11.6772
-0.00391511 11.511
-0.00388845 11.3447
-0.00386178 11.1784
-0.00383512 11.0122
-0.00380846 10.8459
-0.0037818 10.6796
-0.00375513 10.5134
-0.00372847 10.3471
-0.00370181 10.1808
-0.00367515 10.0146
-0.00364848 9.84832
-0.00362182 9.68206
-0.00359516 9.51579
-0.0035685 9.34953
-0.00354183 9.18326
-0.00351517 9.017
-0.00348851 8.85073
-0.00346184 8.68447
-0.00343518 8.5182
-0.00340852 8.35194
-0.00338186 8.18567
-0.00335519 8.01941
-0.00332853 7.85314
-0.00330187 7.68688
-0.00327521 7.52061
-0.00324854 7.35435
-0.00322188 7.18808
-0.00319522 7.02182
-0.00316856 6.85556
-0.00314189 6.68929
-0.00311523 6.52303
-0.00308857 6.35676
-0.0030619 6.1905
-0.00303524 6.02423
-0.00300858 5.85797
-0.00298192 5.6917
-0.00295525 5.52544
-0.00292859 5.35917
-0.00290193 5.19291
-0.00287527 5.02664
-0.0028486 4.86038
-0.00282194 4.69411
-0.00279528 4.52785
-0.00276862 4.36158
-0.00274195 4.19532
-0.00271529 4.02905
-0.00268863 3.86279
-0.00266197 3.69653
-0.0026353 3.53026
-0.00260864 3.364
-0.00258198 3.19773
-0.00255531 3.03147
-0.00252865 2.8652
-0.00250199 2.69894
-0.00247533 2.53267
-0.00244866 2.36641
-0.002422 2.20014
-0.00239534 2.03388
-0.00236868 1.86761
-0.00234201 1.70135
-0.00231535 1.53508
-0.00228869 1.36882
-0.00226203 1.20255
-0.00223536 1.03629
-0.0022087 0.870025
-0.00218204 0.70376
-0.00215537 0.537495
-0.00212871 0.371231
-0.00210205 0.204966
-0.00207539 0.0387013
-0.00205 0
-0.002025 0
-0.002 0
-0.001975 0
-0.00195 0
-0.001925 0
-0.0019 0
-0.001875 0
-0.00185 0
-0.001825 0
-0.0018 0
-0.001775 0
-0.00175 0
-0.001725 0
-0.0017 0
-0.001675 0
-0.00165 0
-0.001625 0
-0.0016 0
-0.001575 0
-0.00155 0
-0.001525 0
-0.0015 0
-0.001475 0
-0.00145 0
-0.001425 0
-0.0014 0
-0.001375 0
-0.00135 0
-0.001325 0
-0.0013 0
-0.001275 0
-0.00125 0
-0.001225 0
-0.0012 0
-0.001175 0
-0.00115 0
-0.001125 0
-0.0011 0
-0.001075 0
-0.00105 0
-0.001025 0
-0.001 0
-0.000975 0
-0.00095 0
-0.000925 0
-0.0009 0
-0.000875 0
-0.00085 0
-0.000825 0
-0.0008 0
-0.000775 0
-0.00075 0
-0.000725 0
-0.0007 0
-0.000675 0
-0.00065 0
-0.000625 0
-0.0006 0
-0.000575 0
-0.00055 0
-0.000525 0
-0.0005 0
-0.000475 0
-0.00045 0
-0.000425 0
-0.0004 0
-0.000375 0
-0.00035 0
-0.000325 0
-0.0003 0
-0.000275 0
-0.00025 0
-0.000225 0
-0.0002 0
-0.000175 0
-0.00015 0
-0.000125 0
-0.0001 0
-7.5e-05 0
-5e-05 0
-2.5e-05 0
-6.09864e-20 0
2.5e-05 0
5e-05 0
7.5e-05 0
0.0001 0
0.000125 0
0.00015 0
0.000175 0
0.0002 0
0.000225 0
0.00025 0
0.000275 0
0.0003 0
0.000325 0
0.00035 0
0.000375 0
0.0004 0
0.000425 0
0.00045 0
0.000475 0
0.0005 0
0.000525 0
0.00055 0
0.000575 0
0.0006 0
0.000625 0
0.0006 0
0.000575 0
0.00055 0
0.000525 0
0.0005 0
0.000475 0
0.00045 0
0.000425 0
0.0004 0
0.000375 0
0.00035 0
0.000325 0
0.0003 0
0.000275 0
0.00025 0
0.000225 0
0.0002 0
0.000175 0
0.00015 0
0.000125 0
0.0001 0
7.5e-05 0
5e-05 0
2.5e-05 0
-4.74338e-20 0
-2.5e-05 0
-5e-05 0
-7.5e-05 0
-0.0001 0
-0.000125 0
-0.00015 0
-0.000175 0
-0.0002 0
-0.000225 0
-0.00025 0
-0.000275 0
-0.0003 0
-0.000325 0
-0.00035 0
-0.000375 0
-0.0004 0
-0.000425 0
-0.00045 0
-0.000475 0
-0.0005 0
-0.000525 0
-0.00055 0
-0.000575 0
-0.0006 0
-0.000625 0
-0.00065 0
-0.000675 0
-0.0007 0
-0.000725 0
-0.00075 0
-0.000775 0
-0.0008 0
-0.000825 0
-0.00085 0
-0.000875 0
-0.0009 0
-0.000925 0
-0.00095 0
-0.000975 0
-0.001 0
-0.001025 0
-0.00105 0
-0.001075 0
-0.0011 0
-0.001125 0
-0.00115 0
-0.001175 0
-0.0012 0
-0.001225 0
-0.00125 0
-0.001275 0
-0.0013 0
-0.001325 0
-0.00135 0
-0.001375 0
-0.0014 0
-0.001425 0
-0.00145 0
-0.001475 0
-0.0015 0
-0.001525 0
-0.00155 0
-0.001575 0
-0.0016 0
-0.001625 0
-0.00165 0
-0.001675 0
-0.0017 0
-0.001725 0
-0.00175 0
-0.001775 0
-0.0018 0
-0.001825 0
-0.00185 0
-0.001875 0
-0.0019 0
-0.001925 0
-0.00195 0
-0.001975 0
-0.002 0
-0.002025 0
-0.00205 0
-0.00207539 0.0387013
-0.00210205 0.204966
-0.00212871 0.371231
-0.00215537 0.537495
-0.00218204 0.70376
-0.0022087 0.870025
-0.00223536 1.03629
-0.00226203 1.20255
-0.00228869 1.36882
-0.00231535 1.53508
-0.00234201 1.70135
-0.00236868 1.86761
-0.00239534 2.03388
-0.002422 2.20014
-0.00244866 2.36641
-0.00247533 2.53267
-0.00250199 2.69894
-0.00252865 2.8652
-0.00255531 3.03147
-0.00258198 3.19773
-0.00260864 3.364
-0.0026353 3.53026
-0.00266197 3.69653
-0.00268863 3.86279
-0.00271529 4.02905
-0.00274195 4.19532
-0.00276862 4.36158
-0.00279528 4.52785
-0.00282194 4.69411
-0.0028486 4.86038
-0.00287527 5.02664
-0.00290193 5.19291
-0.00292859 5.35917
-0.00295525 5.52544
-0.00298192 5.6917
-0.00300858 5.85797
-0.00303524 6.02423
-0.0030619 6.1905
-0.00308857 6.35676
-0.00311523 6.52303
-0.00314189 6.68929
-0.00316856 6.85556
-0.00319522 7.02182
-0.00322188 7.18808
-0.00324854 7.35435
-0.00327521 7.52061
-0.00330187 7.68688
-0.00332853 7.85314
-0.00335519 8.01941
-0.00338186 8.18567
-0.00340852 8.35194
-0.00343518 8.5182
-0.00346184 8.68447
-0.00348851 8.85073
-0.00351517 9.017
-0.00354183 9.18326
-0.0035685 9.34953
-0.00359516 9.51579
-0.00362182 9.68206
-0.00364848 9.84832
-0.00367515 10.0146
-0.00370181 10.1808
-0.00372847 10.3471
-0.00375513 10.5134
-0.0037818 10.6796
-0.00380846 10.8459
-0.00383512 11.0122
-0.00386178 11.1784
-0.00388845 11.3447
-0.00391511 11.511
-0.00394177 11.6772
-0.00396843 11.8435
-0.0039951 12.0098
-0.00402176 12.176
-0.00404842 12.3423
-0.00407509 12.5086
-0.00410175 12.6748
-0.00412841 12.8411
-0.00415507 13.0073
-0.00418174 13.1736
-0.0042084 13.3399
-0.00423506 13.5061
-0.00426172 13.6724
-0.00428839 13.8387
-0.00431505 14.0049
-0.00434171 14.1712
-0.00436837 14.3375
-0.00439504 14.5037
-0.0044217 14.67
-0.00444836 14.8363
-0.00447503 15.0025
-0.00450169 15.1688
-0.00452835 15.3351
-0.00455501 15.5013
-0.00458168 15.6676
-0.00460834 15.8339
-0.004635 16.0001
-0.00466166 16.1664
-0.00468833 16.3326
-0.00471499 16.4989
-0.00474165 16.6652
-0.00476831 16.8314
-0.00479498 16.9977
-0.00482164 17.164
-0.0048483 17.3302
-0.00487496 17.4965
-0.00490163 17.6628
-0.00492829 17.829
-0.00495495 17.9953
-0.00498162 18.1616
-0.00500828 18.3278
-0.00503494 18.4941
-0.0050616 18.6604
-0.00508827 18.8266
-0.00511493 18.9929
-0.00514159 19.1591
-0.00516825 19.3254
-0.00519492 19.4917
-0.00522158 19.6579
-0.00524824 19.8242
-0.0052749 19.9905
-0.00530157 20.1567
-0.00532823 20.323
-0.00535489 20.4893
-0.00538156 20.6555
-0.00540822 20.8218
-0.00543488 20.9881
-0.00546154 21.1543
-0.00548821 21.3206
-0.00551487 21.4869
-0.00554153 21.6531
-0.00556819 21.8194
-0.00559486 21.9856
-0.00562152 22.1519
-0.00564818 22.3182
-0.00567484 22.4844
-0.00570151 22.6507
-0.00572817 22.817
-0.00575483 22.9832
-0.00578149 23.1495
-0.00580816 23.3158
-0.00583482 23.482
-0.00586148 23.6483
-0.00588815 23.8146
-0.00591481 23.9808
-0.00594147 24.1471
-0.00596813 24.3134
-0.0059948 24.4796
-0.00602146 24.6459
-0.00604812 24.8121
-0.00607478 24.9784
-0.00610145 25.1447
-0.00612811 25.3109
-0.00615477 25.4772
-0.00618143 25.6435
-0.0062081 25.8097
-0.00623476 25.976
-0.00626142 26.1423
-0.00628809 26.3085
-0.00631475 26.4748
-0.00634141 26.6411
-0.00636807 26.8073
-0.00639474 26.9736
-0.0064214 27.1399
-0.00644806 27.3061
-0.00647472 27.4724
-0.00650139 27.6386
-0.00652805 27.8049
-0.00655263 27.7625
-0.0065772 27.7196
-0.00660177 27.6767
-0.00662634 27.6338
-0.00665091 27.5909
-0.00667548 27.548
-0.00670005 27.5051
-0.00672462 27.4622
-0.00674919 27.4192
-0.00677376 27.3763
-0.00679833 27.3334
-0.0068229 27.2905
-0.00684748 27.2476
-0.00687205 27.2047
-0.00689662 27.1617
-0.00692119 27.1188
-0.00694576 27.0759
-0.00697033 27.033
-0.0069949 26.9901
-0.00701947 26.9472
-0.00704404 26.9043
-0.00706862 26.8618
-0.00709319 26.8192
-0.00711777 26.7767
-0.00714234 26.7341
-0.00716692 26.6916
-0.00719149 26.649
-0.00721606 26.6064
-0.00724064 26.5639
-0.00726521 26.5213
-0.00728979 26.4788
-0.00731436 26.4362
-0.00733894 26.3937
-0.00736351 26.3511
-0.00738809 26.3085
-0.00741266 26.266
-0.00743723 26.2234
-0.00746181 26.1809
-0.00748638 26.1383
-0.00751096 26.0958
-0.00753554 26.0537
-0.00756012 26.0121
-0.00758471 25.9705
-0.00760929 25.9289
-0.00763387 25.8873
-0.00765846 25.8457
-0.00768304 25.8041
-0.00770762 25.7625
-0.00773221 25.7209
-0.00775679 25.6793
-0.00773041 25.5414
-0.00770404 25.4035
-0.00767766 25.2657
-0.00765128 25.1278
-0.0076249 24.9899
-0.00759852 24.8521
-0.00757214 24.7142
-0.00754576 24.5763
-0.00751938 24.4385
-0.00749301 24.3006
-0.00746663 24.1627
-0.00744025 24.0249
-0.00741387 23.887
-0.00738749 23.7491
-0.00736111 23.6113
-0.00733473 23.4734
-0.00730836 23.3355
-0.00728198 23.1977
-0.0072556 23.0598
-0.00722922 22.9219
-0.00720284 22.7841
-0.00717646 22.6462
-0.00715008 22.5083
-0.0071237 22.3705
-0.00709733 22.2326
-0.00707095 22.0947
-0.00704457 21.9569
-0.00701819 21.819
-0.00699181 21.6811
-0.00696543 21.5433
-0.00693905 21.4054
-0.00691268 21.2676
-0.0068863 21.1297
-0.00685992 20.9918
-0.00683354 20.854
-0.00680716 20.7161
-0.00678078 20.5782
-0.0067544 20.4404
-0.00672802 20.3025
-0.00670165 20.1646
-0.00667527 20.0268
-0.00664889 19.8889
-0.00662251 19.751
-0.00659613 19.6132
-0.00656975 19.4753
-0.00654337 19.3374
-0.006517 19.1996
-0.00649062 19.0617
-0.00646424 18.9238
-0.00643786 18.786
-0.00641148 18.6481
-0.0063851 18.5102
-0.00635872 18.3724
-0.00633234 18.2345
-0.00630597 18.0966
-0.00627959 17.9588
-0.00625321 17.8209
-0.00622683 17.683
-0.00620045 17.5452
-0.00617407 17.4073
-0.00614769 17.2694
-0.00612132 17.1316
-0.00609494 16.9937
-0.00606856 16.8558
-0.00604218 16.718
-0.0060158 16.5801
-0.00598942 16.4422
-0.00596304 16.3044
-0.00593667 16.1665
-0.00591029 16.0286
-0.00588391 15.8908
-0.00585753 15.7529
-0.00583115 15.615
-0.00580477 15.4772
-0.00577839 15.3393
-0.00575201 15.2014
-0.00572564 15.0636
-0.00569926 14.9257
-0.00567288 14.7878
-0.0056465 14.65
-0.00562012 14.5121
-0.00559374 14.3742
-0.00556736 14.2364
-0.00554099 14.0985
-0.00551461 13.9607
-0.00548823 13.8228
-0.00546185 13.6849
-0.00543547 13.5471
-0.00540909 13.4092
-0.00538271 13.2713
-0.00535633 13.1335
-0.00532996 12.9956
-0.00530358 12.8577
-0.0052772 12.7199
-0.00525082 12.582
-0.00522444 12.4441
-0.00519806 12.3063
-0.00517168 12.1684
-0.00514531 12.0305
-0.00511893 11.8927
-0.00509255 11.7548
-0.00506617 11.6169
-0.00503979 11.4791
-0.00501341 11.3412
-0.00498703 11.2033
-0.00496065 11.0655
-0.00493428 10.9276
-0.0049079 10.7897
-0.00488152 10.6519
-0.00485514 10.514
-0.00482876 10.3761
-0.00480238 10.2383
-0.004776 10.1004
-0.00474963 9.96254
-0.00472325 9.82467
-0.00469687 9.6868
-0.00467049 9.54894
-0.00464411 9.41107
-0.00461773 9.27321
-0.00459135 9.13534
-0.00456497 8.99747
-0.0045386 8.85961
-0.00451222 8.72174
-0.00448584 8.58388
-0.00445946 8.44601
-0.00443308 8.30814
-0.0044067 8.17028
-0.00438032 8.03241
-0.00435395 7.89455
-0.00432757 7.75668
-0.00430119 7.61881
-0.00427481 7.48095
-0.00424843 7.34308
-0.00422205 7.20522
-0.00419567 7.06735
-0.00416929 6.92948
-0.00414292 6.79162
-0.00411654 6.65375
-0.00409016 6.51589
-0.00406378 6.37802
-0.0040374 6.24015
-0.00401102 6.10229
-0.00398464 5.96442
-0.00395827 5.82656
-0.00393189 5.68869
-0.00390551 5.55082
-0.00387913 5.41296
-0.00385275 5.27509
-0.00382637 5.13723
-0.00379999 4.99936
-0.00377361 4.86149
-0.00374724 4.72363
-0.00372086 4.58576
-0.00369448 4.4479
-0.0036681 4.31003
-0.00364172 4.17216
-0.00361534 4.0343
-0.00358896 3.89643
-0.00356259 3.75857
-0.00353621 3.6207
-0.00350983 3.48283
-0.00348345 3.34497
-0.00345707 3.2071
-0.00343069 3.06923
-0.00340431 2.93137
-0.00337794 2.7935
-0.00335156 2.65564
-0.00332518 2.51777
-0.0032988 2.3799
-0.00327242 2.24204
-0.00324604 2.10417
-0.00321966 1.96631
-0.00319328 1.82844
-0.00316691 1.69057
-0.00314053 1.55271
-0.00311415 1.41484
-0.00308777 1.27698
-0.00306139 1.13911
-0.00303501 1.00124
-0.00300863 0.863378
-0.00298226 0.725512
-0.00295588 0.587646
-0.0029295 0.44978
-0.00290312 0.311914
-0.00287674 0.174048
-0.00285036 0.0361822
-0.002825 0
-0.0028 0
-0.002775 0
-0.00275 0
-0.002725 0
-0.0027 0
-0.002675 0
-0.00265 0
-0.002625 0
-0.0026 0
-0.002575 0
-0.00255 0
-0.002525 0
-0.0025 0
-0.002475 0
-0.00245 0
-0.002425 0
-0.0024 0
-0.002375 0
-0.00235 0
-0.002325 0
-0.0023 0
-0.002275 0
-0.00225 0
-0.002225 0
-0.0022 0
-0.002175 0
-0.00215 0
-0.002125 0
-0.0021 0
-0.002075 0
-0.00205 0
-0.002025 0
-0.002 0
-0.001975 0
-0.00195 0
-0.001925 0
-0.0019 0
-0.001875 0
-0.00185 0
-0.001825 0
-0.0018 0
-0.001775 0
-0.00175 0
-0.001725 0
-0.0017 0
-0.001675 0
-0.00165 0
-0.001625 0
-0.0016 0
-0.001575 0
-0.00155 0
-0.001525 0
-0.0015 0
-0.001475 0
-0.00145 0
-0.001425 0
-0.0014 0
-0.001375 0
-0.00135 0
-0.001325 0
-0.0013 0
-0.001275 0
-0.00125 0
-0.001225 0
-0.0012 0
-0.001175 0
-0.00115 0
-0.001125 0
-0.0011 0
-0.001075 0
-0.00105 0
-0.001025 0
-0.001 0
-0.000975 0
-0.00095 0
-0.000925 0
-0.0009 0
-0.000875 0
-0.00085 0
-0.000825 0
-0.0008 0
-0.000775 0
-0.00075 0
-0.000725 0
-0.0007 0
-0.000675 0
-0.00065 0
-0.000625 0
-0.0006 0
-0.000575 0
-0.00055 0
-0.000525 0
-0.0005 0
-0.000475 0
-0.00045 0
-0.000425 0
-0.0004 0
-0.000375 0
-0.00035 0
-0.000325 0
-0.0003 0
-0.000275 0
-0.00025 0
-0.000225 0
-0.0002 0
-0.000175 0
-0.00015 0
-0.000125 0
-0.0001 0
-7.5e-05 0
-5e-05 0
-2.5e-05 0
-6.09864e-20 0
2.5e-05 0
5e-05 0
7.5e-05 0
0.0001 0
0.000125 0
0.00015 0
0.000175 0
0.0002 0
0.000225 0
0.00025 0
0.000275 0
0.0003 0
0.000325 0
0.00035 0
0.000375 0
0.0004 0
0.000425 0
0.00045 0
0.000475 0
0.0005 0
0.000525 0
0.00055 0
0.000575 0
0.0006 0
0.000625 0
0.00065 0
0.000675 0
0.0007 0
0.000725 0
0.00075 0
0.000725 0
0.0007 0
0.000675 0
0.00065 0
0.000625 0
0.0006 0
0.000575 0
0.00055 0
0.000525 0
0.0005 0
0.000475 0
0.00045 0
0.000425 0
0.0004 0
0.000375 0
0.00035 0
0.000325 0
0.0003 0
0.000275 0
0.00025 0
0.000225 0
0.0002 0
0.000175 0
0.00015 0
0.000125 0
0.0001 0
7.5e-05 0
5e-05 0
2.5e-05 0
-4.74338e-20 0
-2.5e-05 0
-5e-05 0
-7.5e-05 0
-0.0001 0
-0.000125 0
-0.00015 0
-0.000175 0
-0.0002 0
-0.000225 0
-0.00025 0
-0.000275 0
-0.0003 0
-0.000325 0
-0.00035 0
-0.000375 0
-0.0004 0
-0.000425 0
-0.00045 0
-0.000475 0
-0.0005 0
-0.000525 0
-0.00055 0
-0.000575 0
-0.0006 0
-0.000625 0
-0.00065 0
-0.000675 0
-0.0007 0
-0.000725 0
-0.00075 0
-0.000775 0
-0.0008 0
-0.000825 0
-0.00085 0
-0.000875 0
-0.0009 0
-0.000925 0
-0.00095 0
-0.000975 0
-0.001 0
-0.001025 0
-0.00105 0
-0.001075 0
-0.0011 0
-0.001125 0
-0.00115 0
-0.001175 0
-0.0012 0
-0.001225 0
-0.00125 0
-0.001275 0
-0.0013 0
-0.001325 0
-0.00135 0
-0.001375 0
-0.0014 0
-0.001425 0
-0.00145 0
-0.001475 0
-0.0015 0
-0.001525 0
-0.00155 0
-0.001575 0
-0.0016 0
-0.001625 0
-0.00165 0
-0.001675 0
-0.0017 0
-0.001725 0
-0.00175 0
-0.001775 0
-0.0018 0
-0.001825 0
-0.00185 0
-0.001875 0
-0.0019 0
-0.001925 0
-0.00195 0
-0.001975 0
-0.002 0
-0.002025 0
-0.00205 0
-0.002075 0
-0.0021 0
-0.002125 0
-0.00215 0
-0.002175 0
-0.0022 0
-0.002225 0
-0.00225 0
-0.002275 0
-0.0023 0
-0.002325 0
-0.00235 0
-0.002375 0
-0.0024 0
-0.002425 0
-0.00245 0
-0.002475 0
-0.0025 0
-0.002525 0
-0.00255 0
-0.002575 0
-0.0026 0
-0.002625 0
-0.00265 0
-0.002675 0
-0.0027 0
-0.002725 0
-0.00275 0
-0.002775 0
-0.0028 0
-0.002825 0
-0.00285036 0.0361822
-0.00287674 0.174048
-0.00290312 0.311914
-0.0029295 0.44978
-0.00295588 0.587646
-0.00298226 0.725512
-0.00300863 0.863378
-0.00303501 1.00124
-0.00306139 1.13911
-0.00308777 1.27698
-0.00311415 1.41484
-0.00314053 1.55271
-0.00316691 1.69057
-0.00319328 1.82844
-0.00321966 1.96631
-0.00324604 2.10417
-0.00327242 2.24204
-0.0032988 2.3799
-0.00332518 2.51777
-0.00335156 2.65564
-0.00337794 2.7935
-0.00340431 2.93137
-0.00343069 3.06923
-0.00345707 3.2071
-0.00348345 3.34497
-0.00350983 3.48283
-0.00353621 3.6207
-0.00356259 3.75857
-0.00358896 3.89643
-0.00361534 4.0343
-0.00364172 4.17216
-0.0036681 4.31003
-0.00369448 4.4479
-0.00372086 4.58576
-0.00374724 4.72363
-0.00377361 4.86149
-0.00379999 4.99936
-0.00382637 5.13723
-0.00385275 5.27509
-0.00387913 5.41296
-0.00390551 5.55082
-0.00393189 5.68869
-0.00395827 5.82656
-0.00398464 5.96442
-0.00401102 6.10229
-0.0040374 6.24015
-0.00406378 6.37802
-0.00409016 6.51589
-0.00411654 6.65375
-0.00414292 6.79162
-0.00416929 6.92948
-0.00419567 7.06735
-0.00422205 7.20522
-0.00424843 7.34308
-0.00427481 7.48095
-0.00430119 7.61881
-0.00432757 7.75668
-0.00435395 7.89455
-0.00438032 8.03241
-0.0044067 8.17028
-0.00443308 8.30814
-0.00445946 8.44601
-0.00448584 8.58388
-0.00451222 8.72174
-0.0045386 8.85961
-0.00456497 8.99747
-0.00459135 9.13534
-0.00461773 9.27321
-0.00464411 9.41107
-0.00467049 9.54894
-0.00469687 9.6868
-0.00472325 9.82467
-0.00474963 9.96254
-0.004776 10.1004
-0.00480238 10.2383
-0.00482876 10.3761
-0.00485514 10.514
-0.00488152 10.6519
-0.0049079 10.7897
-0.00493428 10.9276
-0.00496065 11.0655
-0.00498703 11.2033
-0.00501341 11.3412
-0.00503979 11.4791
-0.00506617 11.6169
-0.00509255 11.7548
-0.00511893 11.8927
-0.00514531 12.0305
-0.00517168 12.1684
-0.00519806 12.3063
-0.00522444 12.4441
-0.00525082 12.582
-0.0052772 12.7199
-0.00530358 12.8577
-0.00532996 12.9956
-0.00535633 13.1335
-0.00538271 13.2713
-0.00540909 13.4092
-0.00543547 13.5471
-0.00546185 13.6849
-0.00548823 13.8228
-0.00551461 13.9607
-0.00554099 14.0985
-0.00556736 14.2364
-0.00559374 14.3742
-0.00562012 14.5121
-0.0056465 14.65
-0.00567288 14.7878
-0.00569926 14.9257
-0.00572564 15.0636
-0.00575201 15.2014
-0.00577839 15.3393
-0.00580477 15.4772
-0.00583115 15.615
-0.00585753 15.7529
-0.00588391 15.8908
-0.00591029 16.0286
-0.00593667 16.1665
-0.00596304 16.3044
-0.00598942 16.4422
-0.0060158 16.5801
-0.00604218 16.718
-0.00606856 16.8558
-0.00609494 16.9937
-0.00612132 17.1316
-0.00614769 17.2694
-0.00617407 17.4073
-0.00620045 17.5452
-0.00622683 17.683
-0.00625321 17.8209
-0.00627959 17.9588
-0.00630597 18.0966
-0.00633234 18.2345
-0.00635872 18.3724
-0.0063851 18.5102
-0.00641148 18.6481
-0.00643786 18.786
-0.00646424 18.9238
-0.00649062 19.0617
-0.006517 19.1996
-0.00654337 19.3374
-0.00656975 19.4753
-0.00659613 19.6132
-0.00662251 19.751
-0.00664889 19.8889
-0.00667527 20.0268
-0.00670165 20.1646
-0.00672802 20.3025
-0.0067544 20.4404
-0.00678078 20.5782
-0.00680716 20.7161
-0.00683354 20.854
-0.00685992 20.9918
-0.0068863 21.1297
-0.00691268 21.2676
-0.00693905 21.4054
-0.00696543 21.5433
-0.00699181 21.6811
-0.00701819 21.819
-0.00704457 21.9569
-0.00707095 22.0947
-0.00709733 22.2326
-0.0071237 22.3705
-0.00715008 22.5083
-0.00717646 22.6462
-0.00720284 22.7841
-0.00722922 22.9219
-0.0072556 23.0598
-0.00728198 23.1977
-0.00730836 23.3355
-0.00733473 23.4734
-0.00736111 23.6113
-0.00738749 23.7491
-0.00741387 23.887
-0.00744025 24.0249
-0.00746663 24.1627
-0.00749301 24.3006
-0.00751938 24.4385
-0.00754576 24.5763
-0.00757214 24.7142
-0.00759852 24.8521
-0.0076249 24.9899
-0.00765128 25.1278
-0.00767766 25.2657
-0.00770404 25.4035
-0.00773041 25.5414
-0.00775679 25.6793
-0.00778138 25.6377
-0.00780596 25.596
-0.00783054 25.5544
-0.00785513 25.5128
-0.00787971 25.4712
-0.0079043 25.4296
-0.00792888 25.388
-0.00795346 25.3464
-0.00797805 25.3048
-0.00800263 25.2632
-0.00802723 25.2227
-0.00805182 25.1824
-0.00807642 25.1421
-0.00810102 25.1018
-0.00812561 25.0615
-0.00815021 25.0211
-0.00817481 24.9808
-0.00819941 24.9405
-0.008224 24.9002
-0.0082486 24.8599
-0.0082732 24.8196
-0.00829779 24.7792
-0.00832239 24.7389
-0.00834699 24.6986
-0.00837158 24.6583
-0.00839618 24.618
-0.00842078 24.5777
-0.00844537 24.5373
-0.00846997 24.497
-0.00849457 24.457
-0.00851918 24.4182
-0.00854379 24.3794
-0.00856841 24.3405
-0.00859302 24.3017
-0.00861763 24.2629
-0.00864224 24.2241
-0.00866685 24.1852
-0.00869146 24.1464
-0.00871608 24.1076
-0.00874069 24.0688
-0.0087653 24.03
-0.00878991 23.9911
-0.00881452 23.9523
-0.00883913 23.9135
-0.00886375 23.8747
-0.00888836 23.8358
-0.00891297 23.797
-0.00893758 23.7582
-0.00896219 23.7194
-0.00898681 23.6814
-0.00896064 23.5642
-0.00893447 23.4469
-0.0089083 23.3297
-0.00888213 23.2125
-0.00885595 23.0953
-0.00882978 22.9781
-0.00880361 22.8609
-0.00877744 22.7437
-0.00875126 22.6265
-0.00872509 22.5093
-0.00869892 22.3921
-0.00867275 22.2749
-0.00864658 22.1577
-0.0086204 22.0405
-0.00859423 21.9233
-0.00856806 21.806
-0.00854189 21.6888
-0.00851572 21.5716
-0.00848954 21.4544
-0.00846337 21.3372
-0.0084372 21.22
-0.00841103 21.1028
-0.00838486 20.9856
-0.00835868 20.8684
-0.00833251 20.7512
-0.00830634 20.634
-0.00828017 20.5168
-0.008254 20.3996
-0.00822782 20.2824
-0.00820165 20.1651
-0.00817548 20.0479
-0.00814931 19.9307
-0.00812314 19.8135
-0.00809696 19.6963
-0.00807079 19.5791
-0.00804462 19.4619
-0.00801845 19.3447
-0.00799227 19.2275
-0.0079661 19.1103
-0.00793993 18.9931
-0.00791376 18.8759
-0.00788759 18.7587
-0.00786141 18.6415
-0.00783524 18.5242
-0.00780907 18.407
-0.0077829 18.2898
-0.00775673 18.1726
-0.00773055 18.0554
-0.00770438 17.9382
-0.00767821 17.821
-0.00765204 17.7038
-0.00762587 17.5866
-0.00759969 17.4694
-0.00757352 17.3522
-0.00754735 17.235
-0.00752118 17.1178
-0.00749501 17.0006
-0.00746883 16.8833
-0.00744266 16.7661
-0.00741649 16.6489
-0.00739032 16.5317
-0.00736415 16.4145
-0.00733797 16.2973
-0.0073118 16.1801
-0.00728563 16.0629
-0.00725946 15.9457
-0.00723328 15.8285
-0.00720711 15.7113
-0.00718094 15.5941
-0.00715477 15.4769
-0.0071286 15.3597
-0.00710242 15.2424
-0.00707625 15.1252
-0.00705008 15.008
-0.00702391 14.8908
-0.00699774 14.7736
-0.00697156 14.6564
-0.00694539 14.5392
-0.00691922 14.422
-0.00689305 14.3048
-0.00686688 14.1876
-0.0068407 14.0704
-0.00681453 13.9532
-0.00678836 13.836
-0.00676219 13.7188
-0.00673602 13.6015
-0.00670984 13.4843
-0.00668367 13.3671
-0.0066575 13.2499
-0.00663133 13.1327
-0.00660516 13.0155
-0.00657898 12.8983
-0.00655281 12.7811
-0.00652664 12.6639
-0.00650047 12.5467
-0.00647429 12.4295
-0.00644812 12.3123
-0.00642195 12.1951
-0.00639578 12.0779
-0.00636961 11.9606
-0.00634343 11.8434
-0.00631726 11.7262
-0.00629109 11.609
-0.00626492 11.4918
-0.00623875 11.3746
-0.00621257 11.2574
-0.0061864 11.1402
-0.00616023 11.023
-0.00613406 10.9058
-0.00610789 10.7886
-0.00608171 10.6714
-0.00605554 10.5542
-0.00602937 10.437
-0.0060032 10.3197
-0.00597703 10.2025
-0.00595085 10.0853
-0.00592468 9.96812
-0.00589851 9.85092
-0.00587234 9.73371
-0.00584617 9.6165
-0.00581999 9.4993
-0.00579382 9.38209
-0.00576765 9.26488
-0.00574148 9.14767
-0.0057153 9.03047
-0.00568913 8.91326
-0.00566296 8.79605
-0.00563679 8.67885
-0.00561062 8.56164
-0.00558444 8.44443
-0.00555827 8.32722
-0.0055321 8.21002
-0.00550593 8.09281
-0.00547976 7.9756
-0.00545358 7.8584
-0.00542741 7.74119
-0.00540124 7.62398
-0.00537507 7.50677
-0.0053489 7.38957
-0.00532272 7.27236
-0.00529655 7.15515
-0.00527038 7.03795
-0.00524421 6.92074
-0.00521804 6.80353
-0.00519186 6.68633
-0.00516569 6.56912
-0.00513952 6.45191
-0.00511335 6.3347
-0.00508717 6.2175
-0.005061 6.10029
-0.00503483 5.98308
-0.00500866 5.86588
-0.00498249 5.74867
-0.00495631 5.63146
-0.00493014 5.51425
-0.00490397 5.39705
-0.0048778 5.27984
-0.00485163 5.16263
-0.00482545 5.04543
-0.00479928 4.92822
-0.00477311 4.81101
-0.00474694 4.6938
-0.00472077 4.5766
-0.00469459 4.45939
-0.00466842 4.34218
-0.00464225 4.22498
-0.00461608 4.10777
-0.00458991 3.99056
-0.00456373 3.87335
-0.00453756 3.75615
-0.00451139 3.63894
-0.00448522 3.52173
-0.00445905 3.40453
-0.00443287 3.28732
-0.0044067 3.17011
-0.00438053 3.0529
-0.00435436 2.9357
-0.00432818 2.81849
-0.00430201 2.70128
-0.00427584 2.58408
-0.00424967 2.46687
-0.0042235 2.34966
-0.00419732 2.23245
-0.00417115 2.11525
-0.00414498 1.99804
-0.00411881 1.88083
-0.00409264 1.76363
-0.00406646 1.64642
-0.00404029 1.52921
-0.00401412 1.412
-0.00398795 1.2948
-0.00396178 1.17759
-0.0039356 1.06038
-0.00390943 0.943176
-0.00388326 0.825969
-0.00385709 0.708762
-0.00383092 0.591555
-0.00380474 0.474348
-0.00377857 0.35714
-0.0037524 0.239933
-0.00372623 0.122726
-0.00370006 0.00551905
-0.003675 0
-0.00365 0
-0.003625 0
-0.0036 0
-0.003575 0
-0.00355 0
-0.003525 0
-0.0035 0
-0.003475 0
-0.00345 0
-0.003425 0
-0.0034 0
-0.003375 0
-0.00335 0
-0.003325 0
-0.0033 0
-0.003275 0
-0.00325 0
-0.003225 0
-0.0032 0
-0.003175 0
-0.00315 0
-0.003125 0
-0.0031 0
-0.003075 0
-0.00305 0
-0.003025 0
-0.003 0
-0.002975 0
-0.00295 0
-0.002925 0
-0.0029 0
-0.002875 0
-0.00285 0
-0.002825 0
-0.0028 0
-0.002775 0
-0.00275 0
-0.002725 0
-0.0027 0
-0.002675 0
-0.00265 0
-0.002625 0
-0.0026 0
-0.002575 0
-0.00255 0
-0.002525 0
-0.0025 0
-0.002475 0
-0.00245 0
-0.002425 0
-0.0024 0
-0.002375 0
-0.00235 0
-0.002325 0
-0.0023 0
-0.002275 0
-0.00225 0
-0.002225 0
-0.0022 0
-0.002175 0
-0.00215 0
-0.002125 0
-0.0021 0
-0.002075 0
-0.00205 0
-0.002025 0
-0.002 0
-0.001975 0
-0.00195 0
-0.001925 0
-0.0019 0
-0.001875 0
-0.00185 0
-0.001825 0
-0.0018 0
-0.001775 0
-0.00175 0
-0.001725 0
-0.0017 0
-0.001675 0
-0.00165 0
-0.001625 0
-0.0016 0
-0.001575 0
-0.00155 0
-0.001525 0
-0.0015 0
-0.001475 0
-0.00145 0
-0.001425 0
-0.0014 0
-0.001375 0
-0.00135 0
-0.001325 0
-0.0013 0
-0.001275 0
-0.00125 0
-0.001225 0
-0.0012 0
-0.001175 0
-0.00115 0
-0.001125 0
-0.0011 0
-0.001075 0
-0.00105 0
-0.001025 0
-0.001 0
-0.000975 0
-0.00095 0
-0.000925 0
-0.0009 0
-0.000875 0
-0.00085 0
-0.000825 0
-0.0008 0
-0.000775 0
-0.00075 0
-0.000725 0
-0.0007 0
-0.000675 0
-0.00065 0
-0.000625 0
-0.0006 0
-0.000575 0
-0.00055 0
-0.000525 0
-0.0005 0
-0.000475 0
-0.00045 0
-0.000425 0
-0.0004 0
-0.000375 0
-0.00035 0
-0.000325 0
-0.0003 0
-0.000275 0
-0.00025 0
-0.000225 0
-0.0002 0
-0.000175 0
-0.00015 0
-0.000125 0
-0.0001 0
-7.5e-05 0
-5e-05 0
-2.5e-05 0
-9.28348e-19 0
2.5e-05 0
5e-05 0
7.5e-05 0
0.0001 0
0.000125 0
0.00015 0
0.000175 0
0.0002 0
0.000225 0
0.00025 0
0.000275 0
0.0003 0
0.000325 0
0.00035 0
0.000375 0
0.0004 0
0.000425 0
0.00045 0
0.000475 0
0.0005 0
0.000525 0
0.00055 0
0.000575 0
0.0006 0
0.000625 0
0.00065 0
0.000675 0
0.0007 0
0.000725 0
0.00075 0
0.000775 0
0.0008 0
0.000825 0
0.00085 0
0.000875 0
0.00085 0
0.000825 0
0.0008 0
0.000775 0
0.00075 0
0.000725 0
0.0007 0
0.000675 0
0.00065 0
0.000625 0
0.0006 0
0.000575 0
0.00055 0
0.000525 0
0.0005 0
0.000475 0
0.00045 0
0.000425 0
0.0004 0
0.000375 0
0.00035 0
0.000325 0
0.0003 0
0.000275 0
0.00025 0
0.000225 0
0.0002 0
0.000175 0
0.00015 0
0.000125 0
0.0001 0
7.5e-05 0
5e-05 0
2.5e-05 0
-9.14796e-19 0
