-2.75567e-05 -2.5e-05
-5.50987e-05 -5e-05
-8.26258e-05 -7.5e-05
-0.000110138 -0.0001
-0.000137636 -0.000125
-0.000165118 -0.00015
-0.000192586 -0.000175
-0.000220038 -0.0002
-0.000247476 -0.000225
-0.000274899 -0.00025
-0.000302306 -0.000275
-0.000329699 -0.0003
-0.000357076 -0.000325
-0.000384438 -0.00035
-0.000411786 -0.000375
-0.000439117 -0.0004
-0.000466434 -0.000425
-0.000493736 -0.00045
-0.000521022 -0.000475
-0.000548292 -0.0005
-0.000575548 -0.000525
-0.000602788 -0.00055
-0.000630013 -0.000575
-0.000657222 -0.0006
-0.000684416 -0.000625
-0.000711594 -0.00065
-0.000738757 -0.000675
-0.000765904 -0.0007
-0.000793035 -0.000725
-0.000820151 -0.00075
-0.000847251 -0.000775
-0.000874336 -0.0008
-0.000901404 -0.000825
-0.000928457 -0.00085
-0.000955495 -0.000875
-0.000982516 -0.0009
-0.00100952 -0.000925
-0.00103651 -0.00095
-0.00106348 -0.000975
-0.00109044 -0.001
-0.00111738 -0.001025
-0.00114431 -0.00105
-0.00117122 -0.001075
-0.00119811 -0.0011
-0.00122499 -0.001125
-0.00125185 -0.00115
-0.0012787 -0.001175
-0.00130553 -0.0012
-0.00133234 -0.001225
-0.00135913 -0.00125
-0.00133157 -0.001225
-0.00130401 -0.0012
-0.00127644 -0.001175
-0.00124888 -0.00115
-0.00122131 -0.001125
-0.00119375 -0.0011
-0.00116619 -0.001075
-0.00113862 -0.00105
-0.00111106 -0.001025
-0.00108349 -0.001
-0.00105593 -0.000975
-0.00102837 -0.00095
-0.0010008 -0.000925
-0.000973237 -0.0009
-0.000945673 -0.000875
-0.000918109 -0.00085
-0.000890545 -0.000825
-0.000862981 -0.0008
-0.000835416 -0.000775
-0.000807852 -0.00075
-0.000780288 -0.000725
-0.000752724 -0.0007
-0.00072516 -0.000675
-0.000697596 -0.00065
-0.000670032 -0.000625
-0.000642468 -0.0006
-0.000614904 -0.000575
-0.00058734 -0.00055
-0.000559775 -0.000525
-0.000532211 -0.0005
-0.000504647 -0.000475
-0.000477083 -0.00045
-0.000449519 -0.000425
-0.000421955 -0.0004
-0.000394391 -0.000375
-0.000366827 -0.00035
-0.000339263 -0.000325
-0.000311699 -0.0003
-0.000284134 -0.000275
-0.00025657 -0.00025
-0.000229006 -0.000225
-0.000201442 -0.0002
-0.000175 -0.000175
-0.00015 -0.00015
-0.000125 -0.000125
-0.0001 -0.0001
-7.5e-05 -7.5e-05
-5e-05 -5e-05
-2.5e-05 -2.5e-05
-6.09864e-20 -6.09864e-20
2.5e-05 2.5e-05
5e-05 5e-05
7.5e-05 7.5e-05
0.0001 0.0001
0.000125 0.000125
0.0001 0.0001
7.5e-05 7.5e-05
5e-05 5e-05
2.5e-05 2.5e-05
-4.74338e-20 -4.74338e-20
-2.5e-05 -2.5e-05
-5e-05 -5e-05
-7.5e-05 -7.5e-05
-0.0001 -0.0001
-0.000125 -0.000125
-0.00015 -0.00015
-0.000175 -0.000175
-0.000201442 -0.0002
-0.000229006 -0.000225
-0.00025657 -0.00025
-0.000284134 -0.000275
-0.000311699 -0.0003
-0.000339263 -0.000325
-0.000366827 -0.00035
-0.000394391 -0.000375
-0.000421955 -0.0004
-0.000449519 -0.000425
-0.000477083 -0.00045
-0.000504647 -0.000475
-0.000532211 -0.0005
-0.000559775 -0.000525
-0.00058734 -0.00055
-0.000614904 -0.000575
-0.000642468 -0.0006
-0.000670032 -0.000625
-0.000697596 -0.00065
-0.00072516 -0.000675
-0.000752724 -0.0007
-0.000780288 -0.000725
-0.000807852 -0.00075
-0.000835416 -0.000775
-0.000862981 -0.0008
-0.000890545 -0.000825
-0.000918109 -0.00085
-0.000945673 -0.000875
-0.000973237 -0.0009
-0.0010008 -0.000925
-0.00102837 -0.00095
-0.00105593 -0.000975
-0.00108349 -0.001
-0.00111106 -0.001025
-0.00113862 -0.00105
-0.00116619 -0.001075
-0.00119375 -0.0011
-0.00122131 -0.001125
-0.00124888 -0.00115
-0.00127644 -0.001175
-0.00130401 -0.0012
-0.00133157 -0.001225
-0.00135913 -0.00125
-0.00138591 -0.001275
-0.00141268 -0.0013
-0.00143943 -0.001325
-0.00146616 -0.00135
-0.00149287 -0.001375
-0.00151957 -0.0014
-0.00154625 -0.001425
-0.00157291 -0.00145
-0.00159956 -0.001475
-0.00162619 -0.0015
-0.00165281 -0.001525
-0.00167941 -0.00155
-0.00170599 -0.001575
-0.00173255 -0.0016
-0.0017591 -0.001625
-0.00178563 -0.00165
-0.00181214 -0.001675
-0.00183864 -0.0017
-0.00186512 -0.001725
-0.00189158 -0.00175
-0.00191803 -0.001775
-0.00194446 -0.0018
-0.00197087 -0.001825
-0.00199726 -0.00185
-0.00202364 -0.001875
-0.00205 -0.0019
-0.00207634 -0.001925
-0.00210267 -0.00195
-0.00212898 -0.001975
-0.00215527 -0.002
-0.00218154 -0.002025
-0.0022078 -0.00205
-0.00223403 -0.002075
-0.00226025 -0.0021
-0.00228646 -0.002125
-0.00231264 -0.00215
-0.00233881 -0.002175
-0.00236496 -0.0022
-0.00239109 -0.002225
-0.00241721 -0.00225
-0.00244331 -0.002275
-0.00246938 -0.0023
-0.00249545 -0.002325
-0.00252149 -0.00235
-0.00254751 -0.002375
-0.00257352 -0.0024
-0.00259951 -0.002425
-0.00262548 -0.00245
-0.00265143 -0.002475
-0.00267737 -0.0025
-0.00270328 -0.002525
-0.00272918 -0.00255
-0.00275506 -0.002575
-0.00278092 -0.0026
-0.00280677 -0.002625
-0.00283259 -0.00265
-0.0028584 -0.002675
-0.00288419 -0.0027
-0.00290995 -0.002725
-0.00293571 -0.00275
-0.00296144 -0.002775
-0.00298715 -0.0028
-0.00301284 -0.002825
-0.00303852 -0.00285
-0.00306418 -0.002875
-0.00308982 -0.0029
-0.00311543 -0.002925
-0.00314103 -0.00295
-0.00316662 -0.002975
-0.00319218 -0.003
-0.00321772 -0.003025
-0.00324324 -0.00305
-0.00326875 -0.003075
-0.00329423 -0.0031
-0.0033197 -0.003125
-0.00334515 -0.00315
-0.00337058 -0.003175
-0.00339598 -0.0032
-0.00342137 -0.003225
-0.00344674 -0.00325
-0.00347209 -0.003275
-0.00349742 -0.0033
-0.00352273 -0.003325
-0.00354802 -0.00335
-0.00357329 -0.003375
-0.00359854 -0.0034
-0.00362378 -0.003425
-0.00364899 -0.00345
-0.00367418 -0.003475
-0.00369935 -0.0035
-0.0037245 -0.003525
-0.00374963 -0.00355
-0.00377475 -0.003575
-0.00379984 -0.0036
-0.00382491 -0.003625
-0.00384996 -0.00365
-0.00387499 -0.003675
-0.0039 -0.0037
-0.00392444 -0.003725
-0.00394888 -0.00375
-0.00392209 -0.003725
-0.00389529 -0.0037
-0.00386849 -0.003675
-0.00384169 -0.00365
-0.0038149 -0.003625
-0.0037881 -0.0036
-0.0037613 -0.003575
-0.0037345 -0.00355
-0.00370771 -0.003525
-0.00368091 -0.0035
-0.00365411 -0.003475
-0.00362731 -0.00345
-0.00360052 -0.003425
-0.00357372 -0.0034
-0.00354692 -0.003375
-0.00352012 -0.00335
-0.00349332 -0.003325
-0.00346653 -0.0033
-0.00343973 -0.003275
-0.00341293 -0.00325
-0.00338613 -0.003225
-0.00335934 -0.0032
-0.00333254 -0.003175
-0.00330574 -0.00315
-0.00327894 -0.003125
-0.00325215 -0.0031
-0.00322535 -0.003075
-0.00319855 -0.00305
-0.00317175 -0.003025
-0.00314496 -0.003
-0.00311816 -0.002975
-0.00309136 -0.00295
-0.00306456 -0.002925
-0.00303777 -0.0029
-0.00301097 -0.002875
-0.00298417 -0.00285
-0.00295737 -0.002825
-0.00293057 -0.0028
-0.00290378 -0.002775
-0.00287698 -0.00275
-0.00285018 -0.002725
-0.00282338 -0.0027
-0.00279659 -0.002675
-0.00276979 -0.00265
-0.00274299 -0.002625
-0.00271619 -0.0026
-0.0026894 -0.002575
-0.0026626 -0.00255
-0.0026358 -0.002525
-0.002609 -0.0025
-0.00258221 -0.002475
-0.00255541 -0.00245
-0.00252861 -0.002425
-0.00250181 -0.0024
-0.00247501 -0.002375
-0.00244822 -0.00235
-0.00242142 -0.002325
-0.00239462 -0.0023
-0.00236782 -0.002275
-0.00234103 -0.00225
-0.00231423 -0.002225
-0.00228743 -0.0022
-0.00226063 -0.002175
-0.00223384 -0.00215
-0.00220704 -0.002125
-0.00218024 -0.0021
-0.00215344 -0.002075
-0.00212665 -0.00205
-0.00209985 -0.002025
-0.00207305 -0.002
-0.00204625 -0.001975
-0.00201946 -0.00195
-0.00199266 -0.001925
-0.00196586 -0.0019
-0.00193906 -0.001875
-0.00191226 -0.00185
-0.00188547 -0.001825
-0.00185867 -0.0018
-0.00183187 -0.001775
-0.00180507 -0.00175
-0.00177828 -0.001725
-0.00175148 -0.0017
-0.00172468 -0.001675
-0.00169788 -0.00165
-0.00167109 -0.001625
-0.00164429 -0.0016
-0.00161749 -0.001575
-0.00159069 -0.00155
-0.0015639 -0.001525
-0.0015371 -0.0015
-0.0015103 -0.001475
-0.0014835 -0.00145
-0.0014567 -0.001425
-0.00142991 -0.0014
-0.00140311 -0.001375
-0.00137631 -0.00135
-0.00134951 -0.001325
-0.00132272 -0.0013
-0.00129592 -0.001275
-0.00126912 -0.00125
-0.00124232 -0.001225
-0.00121553 -0.0012
-0.00118873 -0.001175
-0.00116193 -0.00115
-0.00113513 -0.001125
-0.00110834 -0.0011
-0.00108154 -0.001075
-0.00105474 -0.00105
-0.00102794 -0.001025
-0.00100114 -0.001
-0.000975 -0.000975
-0.00095 -0.00095
-0.000925 -0.000925
-0.0009 -0.0009
-0.000875 -0.000875
-0.00085 -0.00085
-0.000825 -0.000825
-0.0008 -0.0008
-0.000775 -0.000775
-0.00075 -0.00075
-0.000725 -0.000725
-0.0007 -0.0007
-0.000675 -0.000675
-0.00065 -0.00065
-0.000625 -0.000625
-0.0006 -0.0006
-0.000575 -0.000575
-0.00055 -0.00055
-0.000525 -0.000525
-0.0005 -0.0005
-0.000475 -0.000475
-0.00045 -0.00045
-0.000425 -0.000425
-0.0004 -0.0004
-0.000375 -0.000375
-0.00035 -0.00035
-0.000325 -0.000325
-0.0003 -0.0003
-0.000275 -0.000275
-0.00025 -0.00025
-0.000225 -0.000225
-0.0002 -0.0002
-0.000175 -0.000175
-0.00015 -0.00015
-0.000125 -0.000125
-0.0001 -0.0001
-7.5e-05 -7.5e-05
-5e-05 -5e-05
-2.5e-05 -2.5e-05
-6.09864e-20 -6.09864e-20
2.5e-05 2.5e-05
5e-05 5e-05
7.5e-05 7.5e-05
0.0001 0.0001
0.000125 0.000125
0.00015 0.00015
0.000175 0.000175
0.0002 0.0002
0.000225 0.000225
0.00025 0.00025
0.000275 0.000275
0.0003 0.0003
0.000325 0.000325
0.00035 0.00035
0.000375 0.000375
0.00035 0.00035
0.000325 0.000325
0.0003 0.0003
0.000275 0.000275
0.00025 0.00025
0.000225 0.000225
0.0002 0.0002
0.000175 0.000175
0.00015 0.00015
0.000125 0.000125
0.0001 0.0001
7.5e-05 7.5e-05
5e-05 5e-05
2.5e-05 2.5e-05
-4.74338e-20 -4.74338e-20
-2.5e-05 -2.5e-05
-5e-05 -5e-05
-7.5e-05 -7.5e-05
-0.0001 -0.0001
-0.000125 -0.000125
-0.00015 -0.00015
-0.000175 -0.000175
-0.0002 -0.0002
-0.000225 -0.000225
-0.00025 -0.00025
-0.000275 -0.000275
-0.0003 -0.0003
-0.000325 -0.000325
-0.00035 -0.00035
-0.000375 -0.000375
-0.0004 -0.0004
-0.000425 -0.000425
-0.00045 -0.00045
-0.000475 -0.000475
-0.0005 -0.0005
-0.000525 -0.000525
-0.00055 -0.00055
-0.000575 -0.000575
-0.0006 -0.0006
-0.000625 -0.000625
-0.00065 -0.00065
-0.000675 -0.000675
-0.0007 -0.0007
-0.000725 -0.000725
-0.00075 -0.00075
-0.000775 -0.000775
-0.0008 -0.0008
-0.000825 -0.000825
-0.00085 -0.00085
-0.000875 -0.000875
-0.0009 -0.0009
-0.000925 -0.000925
-0.00095 -0.00095
-0.000975 -0.000975
-0.00100114 -0.001
-0.00102794 -0.001025
-0.00105474 -0.00105
-0.00108154 -0.001075
-0.00110834 -0.0011
-0.00113513 -0.001125
-0.00116193 -0.00115
-0.00118873 -0.001175
-0.00121553 -0.0012
-0.00124232 -0.001225
-0.00126912 -0.00125
-0.00129592 -0.001275
-0.00132272 -0.0013
-0.00134951 -0.001325
-0.00137631 -0.00135
-0.00140311 -0.001375
-0.00142991 -0.0014
-0.0014567 -0.001425
-0.0014835 -0.00145
-0.0015103 -0.001475
-0.0015371 -0.0015
-0.0015639 -0.001525
-0.00159069 -0.00155
-0.00161749 -0.001575
-0.00164429 -0.0016
-0.00167109 -0.001625
-0.00169788 -0.00165
-0.00172468 -0.001675
-0.00175148 -0.0017
-0.00177828 -0.001725
-0.00180507 -0.00175
-0.00183187 -0.001775
-0.00185867 -0.0018
-0.00188547 -0.001825
-0.00191226 -0.00185
-0.00193906 -0.001875
-0.00196586 -0.0019
-0.00199266 -0.001925
-0.00201946 -0.00195
-0.00204625 -0.001975
-0.00207305 -0.002
-0.00209985 -0.002025
-0.00212665 -0.00205
-0.00215344 -0.002075
-0.00218024 -0.0021
-0.00220704 -0.002125
-0.00223384 -0.00215
-0.00226063 -0.002175
-0.00228743 -0.0022
-0.00231423 -0.002225
-0.00234103 -0.00225
-0.00236782 -0.002275
-0.00239462 -0.0023
-0.00242142 -0.002325
-0.00244822 -0.00235
-0.00247501 -0.002375
-0.00250181 -0.0024
-0.00252861 -0.002425
-0.00255541 -0.00245
-0.00258221 -0.002475
-0.002609 -0.0025
-0.0026358 -0.002525
-0.0026626 -0.00255
-0.0026894 -0.002575
-0.00271619 -0.0026
-0.00274299 -0.002625
-0.00276979 -0.00265
-0.00279659 -0.002675
-0.00282338 -0.0027
-0.00285018 -0.002725
-0.00287698 -0.00275
-0.00290378 -0.002775
-0.00293057 -0.0028
-0.00295737 -0.002825
-0.00298417 -0.00285
-0.00301097 -0.002875
-0.00303777 -0.0029
-0.00306456 -0.002925
-0.00309136 -0.00295
-0.00311816 -0.002975
-0.00314496 -0.003
-0.00317175 -0.003025
-0.00319855 -0.00305
-0.00322535 -0.003075
-0.00325215 -0.0031
-0.00327894 -0.003125
-0.00330574 -0.00315
-0.00333254 -0.003175
-0.00335934 -0.0032
-0.00338613 -0.003225
-0.00341293 -0.00325
-0.00343973 -0.003275
-0.00346653 -0.0033
-0.00349332 -0.003325
-0.00352012 -0.00335
-0.00354692 -0.003375
-0.00357372 -0.0034
-0.00360052 -0.003425
-0.00362731 -0.00345
-0.00365411 -0.003475
-0.00368091 -0.0035
-0.00370771 -0.003525
-0.0037345 -0.00355
-0.0037613 -0.003575
-0.0037881 -0.0036
-0.0038149 -0.003625
-0.00384169 -0.00365
-0.00386849 -0.003675
-0.00389529 -0.0037
-0.00392209 -0.003725
-0.00394888 -0.00375
-0.00397333 -0.003775
-0.00399777 -0.0038
-0.00402221 -0.003825
-0.00404665 -0.00385
-0.0040711 -0.003875
-0.00409554 -0.0039
-0.00411998 -0.003925
-0.00414442 -0.00395
-0.00416887 -0.003975
-0.00419331 -0.004
-0.00421775 -0.004025
-0.00424219 -0.00405
-0.00426664 -0.004075
-0.00429108 -0.0041
-0.00431552 -0.004125
-0.00433996 -0.00415
-0.00436441 -0.004175
-0.00438885 -0.0042
-0.00441329 -0.004225
-0.00443773 -0.00425
-0.00446217 -0.004275
-0.00448662 -0.0043
-0.00451106 -0.004325
-0.0045355 -0.00435
-0.00455994 -0.004375
-0.00458439 -0.0044
-0.00460883 -0.004425
-0.00463327 -0.00445
-0.00465771 -0.004475
-0.00468216 -0.0045
-0.0047066 -0.004525
-0.00473104 -0.00455
-0.00475548 -0.004575
-0.00477993 -0.0046
-0.00480437 -0.004625
-0.00482881 -0.00465
-0.00485325 -0.004675
-0.0048777 -0.0047
-0.00490214 -0.004725
-0.00492658 -0.00475
-0.00495102 -0.004775
-0.00497546 -0.0048
-0.00499991 -0.004825
-0.00502435 -0.00485
-0.00504879 -0.004875
-0.00507323 -0.0049
-0.00509768 -0.004925
-0.00512212 -0.00495
-0.00514656 -0.004975
-0.005171 -0.005
-0.00514475 -0.004975
-0.00511849 -0.00495
-0.00509224 -0.004925
-0.00506598 -0.0049
-0.00503973 -0.004875
-0.00501347 -0.00485
-0.00498722 -0.004825
-0.00496096 -0.0048
-0.00493471 -0.004775
-0.00490845 -0.00475
-0.0048822 -0.004725
-0.00485594 -0.0047
-0.00482969 -0.004675
-0.00480343 -0.00465
-0.00477718 -0.004625
-0.00475092 -0.0046
-0.00472467 -0.004575
-0.00469841 -0.00455
-0.00467216 -0.004525
-0.0046459 -0.0045
-0.00461965 -0.004475
-0.00459339 -0.00445
-0.00456714 -0.004425
-0.00454088 -0.0044
-0.00451463 -0.004375
-0.00448837 -0.00435
-0.00446212 -0.004325
-0.00443586 -0.0043
-0.00440961 -0.004275
-0.00438335 -0.00425
-0.0043571 -0.004225
-0.00433084 -0.0042
-0.00430459 -0.004175
-0.00427833 -0.00415
-0.00425207 -0.004125
-0.00422582 -0.0041
-0.00419956 -0.004075
-0.00417331 -0.00405
-0.00414705 -0.004025
-0.0041208 -0.004
-0.00409454 -0.003975
-0.00406829 -0.00395
-0.00404203 -0.003925
-0.00401578 -0.0039
-0.00398952 -0.003875
-0.00396327 -0.00385
-0.00393701 -0.003825
-0.00391076 -0.0038
-0.0038845 -0.003775
-0.00385825 -0.00375
-0.00383199 -0.003725
-0.00380574 -0.0037
-0.00377948 -0.003675
-0.00375323 -0.00365
-0.00372697 -0.003625
-0.00370072 -0.0036
-0.00367446 -0.003575
-0.00364821 -0.00355
-0.00362195 -0.003525
-0.0035957 -0.0035
-0.00356944 -0.003475
-0.00354319 -0.00345
-0.00351693 -0.003425
-0.00349068 -0.0034
-0.00346442 -0.003375
-0.00343817 -0.00335
-0.00341191 -0.003325
-0.00338566 -0.0033
-0.0033594 -0.003275
-0.00333315 -0.00325
-0.00330689 -0.003225
-0.00328064 -0.0032
-0.00325438 -0.003175
-0.00322813 -0.00315
-0.00320187 -0.003125
-0.00317562 -0.0031
-0.00314936 -0.003075
-0.00312311 -0.00305
-0.00309685 -0.003025
-0.00307059 -0.003
-0.00304434 -0.002975
-0.00301808 -0.00295
-0.00299183 -0.002925
-0.00296557 -0.0029
-0.00293932 -0.002875
-0.00291306 -0.00285
-0.00288681 -0.002825
-0.00286055 -0.0028
-0.0028343 -0.002775
-0.00280804 -0.00275
-0.00278179 -0.002725
-0.00275553 -0.0027
-0.00272928 -0.002675
-0.00270302 -0.00265
-0.00267677 -0.002625
-0.00265051 -0.0026
-0.00262426 -0.002575
-0.002598 -0.00255
-0.00257175 -0.002525
-0.00254549 -0.0025
-0.00251924 -0.002475
-0.00249298 -0.00245
-0.00246673 -0.002425
-0.00244047 -0.0024
-0.00241422 -0.002375
-0.00238796 -0.00235
-0.00236171 -0.002325
-0.00233545 -0.0023
-0.0023092 -0.002275
-0.00228294 -0.00225
-0.00225669 -0.002225
-0.00223043 -0.0022
-0.00220418 -0.002175
-0.00217792 -0.00215
-0.00215167 -0.002125
-0.00212541 -0.0021
-0.00209916 -0.002075
-0.0020729 -0.00205
-0.00204665 -0.002025
-0.00202039 -0.002
-0.00199414 -0.001975
-0.00196788 -0.00195
-0.00194163 -0.001925
-0.00191537 -0.0019
-0.00188911 -0.001875
-0.00186286 -0.00185
-0.0018366 -0.001825
-0.00181035 -0.0018
-0.00178409 -0.001775
-0.00175784 -0.00175
-0.00173158 -0.001725
-0.00170533 -0.0017
-0.00167907 -0.001675
-0.00165282 -0.00165
-0.00162656 -0.001625
-0.00160031 -0.0016
-0.001575 -0.001575
-0.00155 -0.00155
-0.001525 -0.001525
-0.0015 -0.0015
-0.001475 -0.001475
-0.00145 -0.00145
-0.001425 -0.001425
-0.0014 -0.0014
-0.001375 -0.001375
-0.00135 -0.00135
-0.001325 -0.001325
-0.0013 -0.0013
-0.001275 -0.001275
-0.00125 -0.00125
-0.001225 -0.001225
-0.0012 -0.0012
-0.001175 -0.001175
-0.00115 -0.00115
-0.001125 -0.001125
-0.0011 -0.0011
-0.001075 -0.001075
-0.00105 -0.00105
-0.001025 -0.001025
-0.001 -0.001
-0.000975 -0.000975
-0.00095 -0.00095
-0.000925 -0.000925
-0.0009 -0.0009
-0.000875 -0.000875
-0.00085 -0.00085
-0.000825 -0.000825
-0.0008 -0.0008
-0.000775 -0.000775
-0.00075 -0.00075
-0.000725 -0.000725
-0.0007 -0.0007
-0.000675 -0.000675
-0.00065 -0.00065
-0.000625 -0.000625
-0.0006 -0.0006
-0.000575 -0.000575
-0.00055 -0.00055
-0.000525 -0.000525
-0.0005 -0.0005
-0.000475 -0.000475
-0.00045 -0.00045
-0.000425 -0.000425
-0.0004 -0.0004
-0.000375 -0.000375
-0.00035 -0.00035
-0.000325 -0.000325
-0.0003 -0.0003
-0.000275 -0.000275
-0.00025 -0.00025
-0.000225 -0.000225
-0.0002 -0.0002
-0.000175 -0.000175
-0.00015 -0.00015
-0.000125 -0.000125
-0.0001 -0.0001
-7.5e-05 -7.5e-05
-5e-05 -5e-05
-2.5e-05 -2.5e-05
-6.09864e-20 -6.09864e-20
2.5e-05 2.5e-05
5e-05 5e-05
7.5e-05 7.5e-05
0.0001 0.0001
0.000125 0.000125
0.00015 0.00015
0.000175 0.000175
0.0002 0.0002
0.000225 0.000225
0.00025 0.00025
0.000275 0.000275
0.0003 0.0003
0.000325 0.000325
0.00035 0.00035
0.000375 0.000375
0.0004 0.0004
0.000425 0.000425
0.00045 0.00045
0.000475 0.000475
0.0005 0.0005
0.000475 0.000475
0.00045 0.00045
0.000425 0.000425
0.0004 0.0004
0.000375 0.000375
0.00035 0.00035
0.000325 0.000325
0.0003 0.0003
0.000275 0.000275
0.00025 0.00025
0.000225 0.000225
0.0002 0.0002
0.000175 0.000175
0.00015 0.00015
0.000125 0.000125
0.0001 0.0001
7.5e-05 7.5e-05
5e-05 5e-05
2.5e-05 2.5e-05
-4.74338e-20 -4.74338e-20
-2.5e-05 -2.5e-05
-5e-05 -5e-05
-7.5e-05 -7.5e-05
-0.0001 -0.0001
-0.000125 -0.000125
-0.00015 -0.00015
-0.000175 -0.000175
-0.0002 -0.0002
-0.000225 -0.000225
-0.00025 -0.00025
-0.000275 -0.000275
-0.0003 -0.0003
-0.000325 -0.000325
-0.00035 -0.00035
-0.000375 -0.000375
-0.0004 -0.0004
-0.000425 -0.000425
-0.00045 -0.00045
-0.000475 -0.000475
-0.0005 -0.0005
-0.000525 -0.000525
-0.00055 -0.00055
-0.000575 -0.000575
-0.0006 -0.0006
-0.000625 -0.000625
-0.00065 -0.00065
-0.000675 -0.000675
-0.0007 -0.0007
-0.000725 -0.000725
-0.00075 -0.00075
-0.000775 -0.000775
-0.0008 -0.0008
-0.000825 -0.000825
-0.00085 -0.00085
-0.000875 -0.000875
-0.0009 -0.0009
-0.000925 -0.000925
-0.00095 -0.00095
-0.000975 -0.000975
-0.001 -0.001
-0.001025 -0.001025
-0.00105 -0.00105
-0.001075 -0.001075
-0.0011 -0.0011
-0.001125 -0.001125
-0.00115 -0.00115
-0.001175 -0.001175
-0.0012 -0.0012
-0.001225 -0.001225
-0.00125 -0.00125
-0.001275 -0.001275
-0.0013 -0.0013
-0.001325 -0.001325
-0.00135 -0.00135
-0.001375 -0.001375
-0.0014 -0.0014
-0.001425 -0.001425
-0.00145 -0.00145
-0.001475 -0.001475
-0.0015 -0.0015
-0.001525 -0.001525
-0.00155 -0.00155
-0.001575 -0.001575
-0.00160031 -0.0016
-0.00162656 -0.001625
-0.00165282 -0.00165
-0.00167907 -0.001675
-0.00170533 -0.0017
-0.00173158 -0.001725
-0.00175784 -0.00175
-0.00178409 -0.001775
-0.00181035 -0.0018
-0.0018366 -0.001825
-0.00186286 -0.00185
-0.00188911 -0.001875
-0.00191537 -0.0019
-0.00194163 -0.001925
-0.00196788 -0.00195
-0.00199414 -0.001975
-0.00202039 -0.002
-0.00204665 -0.002025
-0.0020729 -0.00205
-0.00209916 -0.002075
-0.00212541 -0.0021
-0.00215167 -0.002125
-0.00217792 -0.00215
-0.00220418 -0.002175
-0.00223043 -0.0022
-0.00225669 -0.002225
-0.00228294 -0.00225
-0.0023092 -0.002275
-0.00233545 -0.0023
-0.00236171 -0.002325
-0.00238796 -0.00235
-0.00241422 -0.002375
-0.00244047 -0.0024
-0.00246673 -0.002425
-0.00249298 -0.00245
-0.00251924 -0.002475
-0.00254549 -0.0025
-0.00257175 -0.002525
-0.002598 -0.00255
-0.00262426 -0.002575
-0.00265051 -0.0026
-0.00267677 -0.002625
-0.00270302 -0.00265
-0.00272928 -0.002675
-0.00275553 -0.0027
-0.00278179 -0.002725
-0.00280804 -0.00275
-0.0028343 -0.002775
-0.00286055 -0.0028
-0.00288681 -0.002825
-0.00291306 -0.00285
-0.00293932 -0.002875
-0.00296557 -0.0029
-0.00299183 -0.002925
-0.00301808 -0.00295
-0.00304434 -0.002975
-0.00307059 -0.003
-0.00309685 -0.003025
-0.00312311 -0.00305
-0.00314936 -0.003075
-0.00317562 -0.0031
-0.00320187 -0.003125
-0.00322813 -0.00315
-0.00325438 -0.003175
-0.00328064 -0.0032
-0.00330689 -0.003225
-0.00333315 -0.00325
-0.0033594 -0.003275
-0.00338566 -0.0033
-0.00341191 -0.003325
-0.00343817 -0.00335
-0.00346442 -0.003375
-0.00349068 -0.0034
-0.00351693 -0.003425
-0.00354319 -0.00345
-0.00356944 -0.003475
-0.0035957 -0.0035
-0.00362195 -0.003525
-0.00364821 -0.00355
-0.00367446 -0.003575
-0.00370072 -0.0036
-0.00372697 -0.003625
-0.00375323 -0.00365
-0.00377948 -0.003675
-0.00380574 -0.0037
-0.00383199 -0.003725
-0.00385825 -0.00375
-0.0038845 -0.003775
-0.00391076 -0.0038
-0.00393701 -0.003825
-0.00396327 -0.00385
-0.00398952 -0.003875
-0.00401578 -0.0039
-0.00404203 -0.003925
-0.00406829 -0.00395
-0.00409454 -0.003975
-0.0041208 -0.004
-0.00414705 -0.004025
-0.00417331 -0.00405
-0.00419956 -0.004075
-0.00422582 -0.0041
-0.00425207 -0.004125
-0.00427833 -0.00415
-0.00430459 -0.004175
-0.00433084 -0.0042
-0.0043571 -0.004225
-0.00438335 -0.00425
-0.00440961 -0.004275
-0.00443586 -0.0043
-0.00446212 -0.004325
-0.00448837 -0.00435
-0.00451463 -0.004375
-0.00454088 -0.0044
-0.00456714 -0.004425
-0.00459339 -0.00445
-0.00461965 -0.004475
-0.0046459 -0.0045
-0.00467216 -0.004525
-0.00469841 -0.00455
-0.00472467 -0.004575
-0.00475092 -0.0046
-0.00477718 -0.004625
-0.00480343 -0.00465
-0.00482969 -0.004675
-0.00485594 -0.0047
-0.0048822 -0.004725
-0.00490845 -0.00475
-0.00493471 -0.004775
-0.00496096 -0.0048
-0.00498722 -0.004825
-0.00501347 -0.00485
-0.00503973 -0.004875
-0.00506598 -0.0049
-0.00509224 -0.004925
-0.00511849 -0.00495
-0.00514475 -0.004975
-0.005171 -0.005
-0.00519545 -0.005025
-0.00521989 -0.00505
-0.00524433 -0.005075
-0.00526877 -0.0051
-0.00529322 -0.005125
-0.00531766 -0.00515
-0.0053421 -0.005175
-0.00536654 -0.0052
-0.00539099 -0.005225
-0.00541543 -0.00525
-0.00543987 -0.005275
-0.00546431 -0.0053
-0.00548875 -0.005325
-0.0055132 -0.00535
-0.00553764 -0.005375
-0.00556208 -0.0054
-0.00558652 -0.005425
-0.00561097 -0.00545
-0.00563541 -0.005475
-0.00565985 -0.0055
-0.00568429 -0.005525
-0.00570874 -0.00555
-0.00573318 -0.005575
-0.00575762 -0.0056
-0.00578206 -0.005625
-0.00580651 -0.00565
-0.00583095 -0.005675
-0.00585539 -0.0057
-0.00587983 -0.005725
-0.00590428 -0.00575
-0.00592872 -0.005775
-0.00595316 -0.0058
-0.0059776 -0.005825
-0.00600204 -0.00585
-0.00602649 -0.005875
-0.00605093 -0.0059
-0.00607537 -0.005925
-0.00609981 -0.00595
-0.00612426 -0.005975
-0.0061487 -0.006
-0.00617314 -0.006025
-0.00619758 -0.00605
-0.00622203 -0.006075
-0.00624647 -0.0061
-0.00627091 -0.006125
-0.00629535 -0.00615
-0.0063198 -0.006175
-0.00634424 -0.0062
-0.00636868 -0.006225
-0.00639312 -0.00625
-0.00636721 -0.006225
-0.00634129 -0.0062
-0.00631538 -0.006175
-0.00628946 -0.00615
-0.00626355 -0.006125
-0.00623763 -0.0061
-0.00621172 -0.006075
-0.0061858 -0.00605
-0.00615989 -0.006025
-0.00613397 -0.006
-0.00610806 -0.005975
-0.00608214 -0.00595
-0.00605623 -0.005925
-0.00603031 -0.0059
-0.0060044 -0.005875
-0.00597848 -0.00585
-0.00595257 -0.005825
-0.00592666 -0.0058
-0.00590074 -0.005775
-0.00587483 -0.00575
-0.00584891 -0.005725
-0.005823 -0.0057
-0.00579708 -0.005675
-0.00577117 -0.00565
-0.00574525 -0.005625
-0.00571934 -0.0056
-0.00569342 -0.005575
-0.00566751 -0.00555
-0.00564159 -0.005525
-0.00561568 -0.0055
-0.00558976 -0.005475
-0.00556385 -0.00545
-0.00553793 -0.005425
-0.00551202 -0.0054
-0.0054861 -0.005375
-0.00546019 -0.00535
-0.00543427 -0.005325
-0.00540836 -0.0053
-0.00538244 -0.005275
-0.00535653 -0.00525
-0.00533061 -0.005225
-0.0053047 -0.0052
-0.00527878 -0.005175
-0.00525287 -0.00515
-0.00522695 -0.005125
-0.00520104 -0.0051
-0.00517512 -0.005075
-0.00514921 -0.00505
-0.00512329 -0.005025
-0.00509738 -0.005
-0.00507147 -0.004975
-0.00504555 -0.00495
-0.00501964 -0.004925
-0.00499372 -0.0049
-0.00496781 -0.004875
-0.00494189 -0.00485
-0.00491598 -0.004825
-0.00489006 -0.0048
-0.00486415 -0.004775
-0.00483823 -0.00475
-0.00481232 -0.004725
-0.0047864 -0.0047
-0.00476049 -0.004675
-0.00473457 -0.00465
-0.00470866 -0.004625
-0.00468274 -0.0046
-0.00465683 -0.004575
-0.00463091 -0.00455
-0.004605 -0.004525
-0.00457908 -0.0045
-0.00455317 -0.004475
-0.00452725 -0.00445
-0.00450134 -0.004425
-0.00447542 -0.0044
-0.00444951 -0.004375
-0.00442359 -0.00435
-0.00439768 -0.004325
-0.00437176 -0.0043
-0.00434585 -0.004275
-0.00431993 -0.00425
-0.00429402 -0.004225
-0.0042681 -0.0042
-0.00424219 -0.004175
-0.00421627 -0.00415
-0.00419036 -0.004125
-0.00416445 -0.0041
-0.00413853 -0.004075
-0.00411262 -0.00405
-0.0040867 -0.004025
-0.00406079 -0.004
-0.00403487 -0.003975
-0.00400896 -0.00395
-0.00398304 -0.003925
-0.00395713 -0.0039
-0.00393121 -0.003875
-0.0039053 -0.00385
-0.00387938 -0.003825
-0.00385347 -0.0038
-0.00382755 -0.003775
-0.00380164 -0.00375
-0.00377572 -0.003725
-0.00374981 -0.0037
-0.00372389 -0.003675
-0.00369798 -0.00365
-0.00367206 -0.003625
-0.00364615 -0.0036
-0.00362023 -0.003575
-0.00359432 -0.00355
-0.0035684 -0.003525
-0.00354249 -0.0035
-0.00351657 -0.003475
-0.00349066 -0.00345
-0.00346474 -0.003425
-0.00343883 -0.0034
-0.00341291 -0.003375
-0.003387 -0.00335
-0.00336108 -0.003325
-0.00333517 -0.0033
-0.00330925 -0.003275
-0.00328334 -0.00325
-0.00325743 -0.003225
-0.00323151 -0.0032
-0.0032056 -0.003175
-0.00317968 -0.00315
-0.00315377 -0.003125
-0.00312785 -0.0031
-0.00310194 -0.003075
-0.00307602 -0.00305
-0.00305011 -0.003025
-0.00302419 -0.003
-0.00299828 -0.002975
-0.00297236 -0.00295
-0.00294645 -0.002925
-0.00292053 -0.0029
-0.00289462 -0.002875
-0.0028687 -0.00285
-0.00284279 -0.002825
-0.00281687 -0.0028
-0.00279096 -0.002775
-0.00276504 -0.00275
-0.00273913 -0.002725
-0.00271321 -0.0027
-0.0026873 -0.002675
-0.00266138 -0.00265
-0.00263547 -0.002625
-0.00260955 -0.0026
-0.00258364 -0.002575
-0.00255772 -0.00255
-0.00253181 -0.002525
-0.00250589 -0.0025
-0.00247998 -0.002475
-0.00245406 -0.00245
-0.00242815 -0.002425
-0.00240223 -0.0024
-0.00237632 -0.002375
-0.00235041 -0.00235
-0.002325 -0.002325
-0.0023 -0.0023
-0.002275 -0.002275
-0.00225 -0.00225
-0.002225 -0.002225
-0.0022 -0.0022
-0.002175 -0.002175
-0.00215 -0.00215
-0.002125 -0.002125
-0.0021 -0.0021
-0.002075 -0.002075
-0.00205 -0.00205
-0.002025 -0.002025
-0.002 -0.002
-0.001975 -0.001975
-0.00195 -0.00195
-0.001925 -0.001925
-0.0019 -0.0019
-0.001875 -0.001875
-0.00185 -0.00185
-0.001825 -0.001825
-0.0018 -0.0018
-0.001775 -0.001775
-0.00175 -0.00175
-0.001725 -0.001725
-0.0017 -0.0017
-0.001675 -0.001675
-0.00165 -0.00165
-0.001625 -0.001625
-0.0016 -0.0016
-0.001575 -0.001575
-0.00155 -0.00155
-0.001525 -0.001525
-0.0015 -0.0015
-0.001475 -0.001475
-0.00145 -0.00145
-0.001425 -0.001425
-0.0014 -0.0014
-0.001375 -0.001375
-0.00135 -0.00135
-0.001325 -0.001325
-0.0013 -0.0013
-0.001275 -0.001275
-0.00125 -0.00125
-0.001225 -0.001225
-0.0012 -0.0012
-0.001175 -0.001175
-0.00115 -0.00115
-0.001125 -0.001125
-0.0011 -0.0011
-0.001075 -0.001075
-0.00105 -0.00105
-0.001025 -0.001025
-0.001 -0.001
-0.000975 -0.000975
-0.00095 -0.00095
-0.000925 -0.000925
-0.0009 -0.0009
-0.000875 -0.000875
-0.00085 -0.00085
-0.000825 -0.000825
-0.0008 -0.0008
-0.000775 -0.000775
-0.00075 -0.00075
-0.000725 -0.000725
-0.0007 -0.0007
-0.000675 -0.000675
-0.00065 -0.00065
-0.000625 -0.000625
-0.0006 -0.0006
-0.000575 -0.000575
-0.00055 -0.00055
-0.000525 -0.000525
-0.0005 -0.0005
-0.000475 -0.000475
-0.00045 -0.00045
-0.000425 -0.000425
-0.0004 -0.0004
-0.000375 -0.000375
-0.00035 -0.00035
-0.000325 -0.000325
-0.0003 -0.0003
-0.000275 -0.000275
-0.00025 -0.00025
-0.000225 -0.000225
-0.0002 -0.0002
-0.000175 -0.000175
-0.00015 -0.00015
-0.000125 -0.000125
-0.0001 -0.0001
-7.5e-05 -7.5e-05
-5e-05 -5e-05
-2.5e-05 -2.5e-05
-6.09864e-20 -6.09864e-20
2.5e-05 2.5e-05
5e-05 5e-05
7.5e-05 7.5e-05
0.0001 0.0001
0.000125 0.000125
0.00015 0.00015
0.000175 0.000175
0.0002 0.0002
0.000225 0.000225
0.00025 0.00025
0.000275 0.000275
0.0003 0.0003
0.000325 0.000325
0.00035 0.00035
0.000375 0.000375
0.0004 0.0004
0.000425 0.000425
0.00045 0.00045
0.000475 0.000475
0.0005 0.0005
0.000525 0.000525
0.00055 0.00055
0.000575 0.000575
0.0006 0.0006
0.000625 0.000625
0.0006 0.0006
0.000575 0.000575
0.00055 0.00055
0.000525 0.000525
0.0005 0.0005
0.000475 0.000475
0.00045 0.00045
0.000425 0.000425
0.0004 0.0004
0.000375 0.000375
0.00035 0.00035
0.000325 0.000325
0.0003 0.0003
0.000275 0.000275
0.00025 0.00025
0.000225 0.000225
0.0002 0.0002
0.000175 0.000175
0.00015 0.00015
0.000125 0.000125
0.0001 0.0001
7.5e-05 7.5e-05
5e-05 5e-05
2.5e-05 2.5e-05
-4.74338e-20 -4.74338e-20
-2.5e-05 -2.5e-05
-5e-05 -5e-05
-7.5e-05 -7.5e-05
-0.0001 -0.0001
-0.000125 -0.000125
-0.00015 -0.00015
-0.000175 -0.000175
-0.0002 -0.0002
-0.000225 -0.000225
-0.00025 -0.00025
-0.000275 -0.000275
-0.0003 -0.0003
-0.000325 -0.000325
-0.00035 -0.00035
-0.000375 -0.000375
-0.0004 -0.0004
-0.000425 -0.000425
-0.00045 -0.00045
-0.000475 -0.000475
-0.0005 -0.0005
-0.000525 -0.000525
-0.00055 -0.00055
-0.000575 -0.000575
-0.0006 -0.0006
-0.000625 -0.000625
-0.00065 -0.00065
-0.000675 -0.000675
-0.0007 -0.0007
-0.000725 -0.000725
-0.00075 -0.00075
-0.000775 -0.000775
-0.0008 -0.0008
-0.000825 -0.000825
-0.00085 -0.00085
-0.000875 -0.000875
-0.0009 -0.0009
-0.000925 -0.000925
-0.00095 -0.00095
-0.000975 -0.000975
-0.001 -0.001
-0.001025 -0.001025
-0.00105 -0.00105
-0.001075 -0.001075
-0.0011 -0.0011
-0.001125 -0.001125
-0.00115 -0.00115
-0.001175 -0.001175
-0.0012 -0.0012
-0.001225 -0.001225
-0.00125 -0.00125
-0.001275 -0.001275
-0.0013 -0.0013
-0.001325 -0.001325
-0.00135 -0.00135
-0.001375 -0.001375
-0.0014 -0.0014
-0.001425 -0.001425
-0.00145 -0.00145
-0.001475 -0.001475
-0.0015 -0.0015
-0.001525 -0.001525
-0.00155 -0.00155
-0.001575 -0.001575
-0.0016 -0.0016
-0.001625 -0.001625
-0.00165 -0.00165
-0.001675 -0.001675
-0.0017 -0.0017
-0.001725 -0.001725
-0.00175 -0.00175
-0.001775 -0.001775
-0.0018 -0.0018
-0.001825 -0.001825
-0.00185 -0.00185
-0.001875 -0.001875
-0.0019 -0.0019
-0.001925 -0.001925
-0.00195 -0.00195
-0.001975 -0.001975
-0.002 -0.002
-0.002025 -0.002025
-0.00205 -0.00205
-0.002075 -0.002075
-0.0021 -0.0021
-0.002125 -0.002125
-0.00215 -0.00215
-0.002175 -0.002175
-0.0022 -0.0022
-0.002225 -0.002225
-0.00225 -0.00225
-0.002275 -0.002275
-0.0023 -0.0023
-0.002325 -0.002325
-0.00235041 -0.00235
-0.00237632 -0.002375
-0.00240223 -0.0024
-0.00242815 -0.002425
-0.00245406 -0.00245
-0.00247998 -0.002475
-0.00250589 -0.0025
-0.00253181 -0.002525
-0.00255772 -0.00255
-0.00258364 -0.002575
-0.00260955 -0.0026
-0.00263547 -0.002625
-0.00266138 -0.00265
-0.0026873 -0.002675
-0.00271321 -0.0027
-0.00273913 -0.002725
-0.00276504 -0.00275
-0.00279096 -0.002775
-0.00281687 -0.0028
-0.00284279 -0.002825
-0.0028687 -0.00285
-0.00289462 -0.002875
-0.00292053 -0.0029
-0.00294645 -0.002925
-0.00297236 -0.00295
-0.00299828 -0.002975
-0.00302419 -0.003
-0.00305011 -0.003025
-0.00307602 -0.00305
-0.00310194 -0.003075
-0.00312785 -0.0031
-0.00315377 -0.003125
-0.00317968 -0.00315
-0.0032056 -0.003175
-0.00323151 -0.0032
-0.00325743 -0.003225
-0.00328334 -0.00325
-0.00330925 -0.003275
-0.00333517 -0.0033
-0.00336108 -0.003325
-0.003387 -0.00335
-0.00341291 -0.003375
-0.00343883 -0.0034
-0.00346474 -0.003425
-0.00349066 -0.00345
-0.00351657 -0.003475
-0.00354249 -0.0035
-0.0035684 -0.003525
-0.00359432 -0.00355
-0.00362023 -0.003575
-0.00364615 -0.0036
-0.00367206 -0.003625
-0.00369798 -0.00365
-0.00372389 -0.003675
-0.00374981 -0.0037
-0.00377572 -0.003725
-0.00380164 -0.00375
-0.00382755 -0.003775
-0.00385347 -0.0038
-0.00387938 -0.003825
-0.0039053 -0.00385
-0.00393121 -0.003875
-0.00395713 -0.0039
-0.00398304 -0.003925
-0.00400896 -0.00395
-0.00403487 -0.003975
-0.00406079 -0.004
-0.0040867 -0.004025
-0.00411262 -0.00405
-0.00413853 -0.004075
-0.00416445 -0.0041
-0.00419036 -0.004125
-0.00421627 -0.00415
-0.00424219 -0.004175
-0.0042681 -0.0042
-0.00429402 -0.004225
-0.00431993 -0.00425
-0.00434585 -0.004275
-0.00437176 -0.0043
-0.00439768 -0.004325
-0.00442359 -0.00435
-0.00444951 -0.004375
-0.00447542 -0.0044
-0.00450134 -0.004425
-0.00452725 -0.00445
-0.00455317 -0.004475
-0.00457908 -0.0045
-0.004605 -0.004525
-0.00463091 -0.00455
-0.00465683 -0.004575
-0.00468274 -0.0046
-0.00470866 -0.004625
-0.00473457 -0.00465
-0.00476049 -0.004675
-0.0047864 -0.0047
-0.00481232 -0.004725
-0.00483823 -0.00475
-0.00486415 -0.004775
-0.00489006 -0.0048
-0.00491598 -0.004825
-0.00494189 -0.00485
-0.00496781 -0.004875
-0.00499372 -0.0049
-0.00501964 -0.004925
-0.00504555 -0.00495
-0.00507147 -0.004975
-0.00509738 -0.005
-0.00512329 -0.005025
-0.00514921 -0.00505
-0.00517512 -0.005075
-0.00520104 -0.0051
-0.00522695 -0.005125
-0.00525287 -0.00515
-0.00527878 -0.005175
-0.0053047 -0.0052
-0.00533061 -0.005225
-0.00535653 -0.00525
-0.00538244 -0.005275
-0.00540836 -0.0053
-0.00543427 -0.005325
-0.00546019 -0.00535
-0.0054861 -0.005375
-0.00551202 -0.0054
-0.00553793 -0.005425
-0.00556385 -0.00545
-0.00558976 -0.005475
-0.00561568 -0.0055
-0.00564159 -0.005525
-0.00566751 -0.00555
-0.00569342 -0.005575
-0.00571934 -0.0056
-0.00574525 -0.005625
-0.00577117 -0.00565
-0.00579708 -0.005675
-0.005823 -0.0057
-0.00584891 -0.005725
-0.00587483 -0.00575
-0.00590074 -0.005775
-0.00592666 -0.0058
-0.00595257 -0.005825
-0.00597848 -0.00585
-0.0060044 -0.005875
-0.00603031 -0.0059
-0.00605623 -0.005925
-0.00608214 -0.00595
-0.00610806 -0.005975
-0.00613397 -0.006
-0.00615989 -0.006025
-0.0061858 -0.00605
-0.00621172 -0.006075
-0.00623763 -0.0061
-0.00626355 -0.006125
-0.00628946 -0.00615
-0.00631538 -0.006175
-0.00634129 -0.0062
-0.00636721 -0.006225
-0.00639312 -0.00625
-0.00641757 -0.006275
-0.00644201 -0.0063
-0.00646645 -0.006325
-0.00649089 -0.00635
-0.00651533 -0.006375
-0.00653978 -0.0064
-0.00656422 -0.006425
-0.00658866 -0.00645
-0.0066131 -0.006475
-0.00663755 -0.0065
-0.00666199 -0.006525
-0.00668643 -0.00655
-0.00671087 -0.006575
-0.00673532 -0.0066
-0.00675976 -0.006625
-0.0067842 -0.00665
-0.00680864 -0.006675
-0.00683309 -0.0067
-0.00685753 -0.006725
-0.00688197 -0.00675
-0.00690641 -0.006775
-0.00693086 -0.0068
-0.0069553 -0.006825
-0.00697974 -0.00685
-0.00700418 -0.006875
-0.00702862 -0.0069
-0.00705307 -0.006925
-0.00707751 -0.00695
-0.00710195 -0.006975
-0.00712639 -0.007
-0.00715084 -0.007025
-0.00717528 -0.00705
-0.00719972 -0.007075
-0.00722416 -0.0071
-0.00724861 -0.007125
-0.00727305 -0.00715
-0.00729749 -0.007175
-0.00732193 -0.0072
-0.00734638 -0.007225
-0.00737082 -0.00725
-0.00739526 -0.007275
-0.0074197 -0.0073
-0.00744414 -0.007325
-0.00746859 -0.00735
-0.00749303 -0.007375
-0.00751747 -0.0074
-0.00754191 -0.007425
-0.00756636 -0.00745
-0.0075908 -0.007475
-0.00761524 -0.0075
-0.00758957 -0.007475
-0.0075639 -0.00745
-0.00753824 -0.007425
-0.00751257 -0.0074
-0.0074869 -0.007375
-0.00746123 -0.00735
-0.00743556 -0.007325
-0.00740989 -0.0073
-0.00738422 -0.007275
-0.00735856 -0.00725
-0.00733289 -0.007225
-0.00730722 -0.0072
-0.00728155 -0.007175
-0.00725588 -0.00715
-0.00723021 -0.007125
-0.00720454 -0.0071
-0.00717888 -0.007075
-0.00715321 -0.00705
-0.00712754 -0.007025
-0.00710187 -0.007
-0.0070762 -0.006975
-0.00705053 -0.00695
-0.00702486 -0.006925
-0.00699919 -0.0069
-0.00697353 -0.006875
-0.00694786 -0.00685
-0.00692219 -0.006825
-0.00689652 -0.0068
-0.00687085 -0.006775
-0.00684518 -0.00675
-0.00681951 -0.006725
-0.00679385 -0.0067
-0.00676818 -0.006675
-0.00674251 -0.00665
-0.00671684 -0.006625
-0.00669117 -0.0066
-0.0066655 -0.006575
-0.00663983 -0.00655
-0.00661417 -0.006525
-0.0065885 -0.0065
-0.00656283 -0.006475
-0.00653716 -0.00645
-0.00651149 -0.006425
-0.00648582 -0.0064
-0.00646015 -0.006375
-0.00643449 -0.00635
-0.00640882 -0.006325
-0.00638315 -0.0063
-0.00635748 -0.006275
-0.00633181 -0.00625
-0.00630614 -0.006225
-0.00628047 -0.0062
-0.00625481 -0.006175
-0.00622914 -0.00615
-0.00620347 -0.006125
-0.0061778 -0.0061
-0.00615213 -0.006075
-0.00612646 -0.00605
-0.00610079 -0.006025
-0.00607512 -0.006
-0.00604946 -0.005975
-0.00602379 -0.00595
-0.00599812 -0.005925
-0.00597245 -0.0059
-0.00594678 -0.005875
-0.00592111 -0.00585
-0.00589544 -0.005825
-0.00586978 -0.0058
-0.00584411 -0.005775
-0.00581844 -0.00575
-0.00579277 -0.005725
-0.0057671 -0.0057
-0.00574143 -0.005675
-0.00571576 -0.00565
-0.0056901 -0.005625
-0.00566443 -0.0056
-0.00563876 -0.005575
-0.00561309 -0.00555
-0.00558742 -0.005525
-0.00556175 -0.0055
-0.00553608 -0.005475
-0.00551042 -0.00545
-0.00548475 -0.005425
-0.00545908 -0.0054
-0.00543341 -0.005375
-0.00540774 -0.00535
-0.00538207 -0.005325
-0.0053564 -0.0053
-0.00533074 -0.005275
-0.00530507 -0.00525
-0.0052794 -0.005225
-0.00525373 -0.0052
-0.00522806 -0.005175
-0.00520239 -0.00515
-0.00517672 -0.005125
-0.00515105 -0.0051
-0.00512539 -0.005075
-0.00509972 -0.00505
-0.00507405 -0.005025
-0.00504838 -0.005
-0.00502271 -0.004975
-0.00499704 -0.00495
-0.00497137 -0.004925
-0.00494571 -0.0049
-0.00492004 -0.004875
-0.00489437 -0.00485
-0.0048687 -0.004825
-0.00484303 -0.0048
-0.00481736 -0.004775
-0.00479169 -0.00475
-0.00476603 -0.004725
-0.00474036 -0.0047
-0.00471469 -0.004675
-0.00468902 -0.00465
-0.00466335 -0.004625
-0.00463768 -0.0046
-0.00461201 -0.004575
-0.00458635 -0.00455
-0.00456068 -0.004525
-0.00453501 -0.0045
-0.00450934 -0.004475
-0.00448367 -0.00445
-0.004458 -0.004425
-0.00443233 -0.0044
-0.00440666 -0.004375
-0.004381 -0.00435
-0.00435533 -0.004325
-0.00432966 -0.0043
-0.00430399 -0.004275
-0.00427832 -0.00425
-0.00425265 -0.004225
-0.00422698 -0.0042
-0.00420132 -0.004175
-0.00417565 -0.00415
-0.00414998 -0.004125
-0.00412431 -0.0041
-0.00409864 -0.004075
-0.00407297 -0.00405
-0.0040473 -0.004025
-0.00402164 -0.004
-0.00399597 -0.003975
-0.0039703 -0.00395
-0.00394463 -0.003925
-0.00391896 -0.0039
-0.00389329 -0.003875
-0.00386762 -0.00385
-0.00384196 -0.003825
-0.00381629 -0.0038
-0.00379062 -0.003775
-0.00376495 -0.00375
-0.00373928 -0.003725
-0.00371361 -0.0037
-0.00368794 -0.003675
-0.00366228 -0.00365
-0.00363661 -0.003625
-0.00361094 -0.0036
-0.00358527 -0.003575
-0.0035596 -0.00355
-0.00353393 -0.003525
-0.00350826 -0.0035
-0.00348259 -0.003475
-0.00345693 -0.00345
-0.00343126 -0.003425
-0.00340559 -0.0034
-0.00337992 -0.003375
-0.00335425 -0.00335
-0.00332858 -0.003325
-0.00330291 -0.0033
-0.00327725 -0.003275
-0.00325158 -0.00325
-0.00322591 -0.003225
-0.00320024 -0.0032
-0.003175 -0.003175
-0.00315 -0.00315
-0.003125 -0.003125
-0.0031 -0.0031
-0.003075 -0.003075
-0.00305 -0.00305
-0.003025 -0.003025
-0.003 -0.003
-0.002975 -0.002975
-0.00295 -0.00295
-0.002925 -0.002925
-0.0029 -0.0029
-0.002875 -0.002875
-0.00285 -0.00285
-0.002825 -0.002825
-0.0028 -0.0028
-0.002775 -0.002775
-0.00275 -0.00275
-0.002725 -0.002725
-0.0027 -0.0027
-0.002675 -0.002675
-0.00265 -0.00265
-0.002625 -0.002625
-0.0026 -0.0026
-0.002575 -0.002575
-0.00255 -0.00255
-0.002525 -0.002525
-0.0025 -0.0025
-0.002475 -0.002475
-0.00245 -0.00245
-0.002425 -0.002425
-0.0024 -0.0024
-0.002375 -0.002375
-0.00235 -0.00235
-0.002325 -0.002325
-0.0023 -0.0023
-0.002275 -0.002275
-0.00225 -0.00225
-0.002225 -0.002225
-0.0022 -0.0022
-0.002175 -0.002175
-0.00215 -0.00215
-0.002125 -0.002125
-0.0021 -0.0021
-0.002075 -0.002075
-0.00205 -0.00205
-0.002025 -0.002025
-0.002 -0.002
-0.001975 -0.001975
-0.00195 -0.00195
-0.001925 -0.001925
-0.0019 -0.0019
-0.001875 -0.001875
-0.00185 -0.00185
-0.001825 -0.001825
-0.0018 -0.0018
-0.001775 -0.001775
-0.00175 -0.00175
-0.001725 -0.001725
-0.0017 -0.0017
-0.001675 -0.001675
-0.00165 -0.00165
-0.001625 -0.001625
-0.0016 -0.0016
-0.001575 -0.001575
-0.00155 -0.00155
-0.001525 -0.001525
-0.0015 -0.0015
-0.001475 -0.001475
-0.00145 -0.00145
-0.001425 -0.001425
-0.0014 -0.0014
-0.001375 -0.001375
-0.00135 -0.00135
-0.001325 -0.001325
-0.0013 -0.0013
-0.001275 -0.001275
-0.00125 -0.00125
-0.001225 -0.001225
-0.0012 -0.0012
-0.001175 -0.001175
-0.00115 -0.00115
-0.001125 -0.001125
-0.0011 -0.0011
-0.001075 -0.001075
-0.00105 -0.00105
-0.001025 -0.001025
-0.001 -0.001
-0.000975 -0.000975
-0.00095 -0.00095
-0.000925 -0.000925
-0.0009 -0.0009
-0.000875 -0.000875
-0.00085 -0.00085
-0.000825 -0.000825
-0.0008 -0.0008
-0.000775 -0.000775
-0.00075 -0.00075
-0.000725 -0.000725
-0.0007 -0.0007
-0.000675 -0.000675
-0.00065 -0.00065
-0.000625 -0.000625
-0.0006 -0.0006
-0.000575 -0.000575
-0.00055 -0.00055
-0.000525 -0.000525
-0.0005 -0.0005
-0.000475 -0.000475
-0.00045 -0.00045
-0.000425 -0.000425
-0.0004 -0.0004
-0.000375 -0.000375
-0.00035 -0.00035
-0.000325 -0.000325
-0.0003 -0.0003
-0.000275 -0.000275
-0.00025 -0.00025
-0.000225 -0.000225
-0.0002 -0.0002
-0.000175 -0.000175
-0.00015 -0.00015
-0.000125 -0.000125
-0.0001 -0.0001
-7.5e-05 -7.5e-05
-5e-05 -5e-05
-2.5e-05 -2.5e-05
-6.09864e-20 -6.09864e-20
2.5e-05 2.5e-05
5e-05 5e-05
7.5e-05 7.5e-05
0.0001 0.0001
0.000125 0.000125
0.00015 0.00015
0.000175 0.000175
0.0002 0.0002
0.000225 0.000225
0.00025 0.00025
0.000275 0.000275
0.0003 0.0003
0.000325 0.000325
0.00035 0.00035
0.000375 0.000375
0.0004 0.0004
0.000425 0.000425
0.00045 0.00045
0.000475 0.000475
0.0005 0.0005
0.000525 0.000525
0.00055 0.00055
0.000575 0.000575
0.0006 0.0006
0.000625 0.000625
0.00065 0.00065
0.000675 0.000675
0.0007 0.0007
0.000725 0.000725
0.00075 0.00075
0.000725 0.000725
0.0007 0.0007
0.000675 0.000675
0.00065 0.00065
0.000625 0.000625
0.0006 0.0006
0.000575 0.000575
0.00055 0.00055
0.000525 0.000525
0.0005 0.0005
0.000475 0.000475
0.00045 0.00045
0.000425 0.000425
0.0004 0.0004
0.000375 0.000375
0.00035 0.00035
0.000325 0.000325
0.0003 0.0003
0.000275 0.000275
0.00025 0.00025
0.000225 0.000225
0.0002 0.0002
0.000175 0.000175
0.00015 0.00015
0.000125 0.000125
0.0001 0.0001
7.5e-05 7.5e-05
5e-05 5e-05
2.5e-05 2.5e-05
-4.74338e-20 -4.74338e-20
-2.5e-05 -2.5e-05
-5e-05 -5e-05
-7.5e-05 -7.5e-05
-0.0001 -0.0001
-0.000125 -0.000125
-0.00015 -0.00015
-0.000175 -0.000175
-0.0002 -0.0002
-0.000225 -0.000225
-0.00025 -0.00025
-0.000275 -0.000275
-0.0003 -0.0003
-0.000325 -0.000325
-0.00035 -0.00035
-0.000375 -0.000375
-0.0004 -0.0004
-0.000425 -0.000425
-0.00045 -0.00045
-0.000475 -0.000475
-0.0005 -0.0005
-0.000525 -0.000525
-0.00055 -0.00055
-0.000575 -0.000575
-0.0006 -0.0006
-0.000625 -0.000625
-0.00065 -0.00065
-0.000675 -0.000675
-0.0007 -0.0007
-0.000725 -0.000725
-0.00075 -0.00075
-0.000775 -0.000775
-0.0008 -0.0008
-0.000825 -0.000825
-0.00085 -0.00085
-0.000875 -0.000875
-0.0009 -0.0009
-0.000925 -0.000925
-0.00095 -0.00095
-0.000975 -0.000975
-0.001 -0.001
-0.001025 -0.001025
-0.00105 -0.00105
-0.001075 -0.001075
-0.0011 -0.0011
-0.001125 -0.001125
-0.00115 -0.00115
-0.001175 -0.001175
-0.0012 -0.0012
-0.001225 -0.001225
-0.00125 -0.00125
-0.001275 -0.001275
-0.0013 -0.0013
-0.001325 -0.001325
-0.00135 -0.00135
-0.001375 -0.001375
-0.0014 -0.0014
-0.001425 -0.001425
-0.00145 -0.00145
-0.001475 -0.001475
-0.0015 -0.0015
-0.001525 -0.001525
-0.00155 -0.00155
-0.001575 -0.001575
-0.0016 -0.0016
-0.001625 -0.001625
-0.00165 -0.00165
-0.001675 -0.001675
-0.0017 -0.0017
-0.001725 -0.001725
-0.00175 -0.00175
-0.001775 -0.001775
-0.0018 -0.0018
-0.001825 -0.001825
-0.00185 -0.00185
-0.001875 -0.001875
-0.0019 -0.0019
-0.001925 -0.001925
-0.00195 -0.00195
-0.001975 -0.001975
-0.002 -0.002
-0.002025 -0.002025
-0.00205 -0.00205
-0.002075 -0.002075
-0.0021 -0.0021
-0.002125 -0.002125
-0.00215 -0.00215
-0.002175 -0.002175
-0.0022 -0.0022
-0.002225 -0.002225
-0.00225 -0.00225
-0.002275 -0.002275
-0.0023 -0.0023
-0.002325 -0.002325
-0.00235 -0.00235
-0.002375 -0.002375
-0.0024 -0.0024
-0.002425 -0.002425
-0.00245 -0.00245
-0.002475 -0.002475
-0.0025 -0.0025
-0.002525 -0.002525
-0.00255 -0.00255
-0.002575 -0.002575
-0.0026 -0.0026
-0.002625 -0.002625
-0.00265 -0.00265
-0.002675 -0.002675
-0.0027 -0.0027
-0.002725 -0.002725
-0.00275 -0.00275
-0.002775 -0.002775
-0.0028 -0.0028
-0.002825 -0.002825
-0.00285 -0.00285
-0.002875 -0.002875
-0.0029 -0.0029
-0.002925 -0.002925
-0.00295 -0.00295
-0.002975 -0.002975
-0.003 -0.003
-0.003025 -0.003025
-0.00305 -0.00305
-0.003075 -0.003075
-0.0031 -0.0031
-0.003125 -0.003125
-0.00315 -0.00315
-0.003175 -0.003175
-0.00320024 -0.0032
-0.00322591 -0.003225
-0.00325158 -0.00325
-0.00327725 -0.003275
-0.00330291 -0.0033
-0.00332858 -0.003325
-0.00335425 -0.00335
-0.00337992 -0.003375
-0.00340559 -0.0034
-0.00343126 -0.003425
-0.00345693 -0.00345
-0.00348259 -0.003475
-0.00350826 -0.0035
-0.00353393 -0.003525
-0.0035596 -0.00355
-0.00358527 -0.003575
-0.00361094 -0.0036
-0.00363661 -0.003625
-0.00366228 -0.00365
-0.00368794 -0.003675
-0.00371361 -0.0037
-0.00373928 -0.003725
-0.00376495 -0.00375
-0.00379062 -0.003775
-0.00381629 -0.0038
-0.00384196 -0.003825
-0.00386762 -0.00385
-0.00389329 -0.003875
-0.00391896 -0.0039
-0.00394463 -0.003925
-0.0039703 -0.00395
-0.00399597 -0.003975
-0.00402164 -0.004
-0.0040473 -0.004025
-0.00407297 -0.00405
-0.00409864 -0.004075
-0.00412431 -0.0041
-0.00414998 -0.004125
-0.00417565 -0.00415
-0.00420132 -0.004175
-0.00422698 -0.0042
-0.00425265 -0.004225
-0.00427832 -0.00425
-0.00430399 -0.004275
-0.00432966 -0.0043
-0.00435533 -0.004325
-0.004381 -0.00435
-0.00440666 -0.004375
-0.00443233 -0.0044
-0.004458 -0.004425
-0.00448367 -0.00445
-0.00450934 -0.004475
-0.00453501 -0.0045
-0.00456068 -0.004525
-0.00458635 -0.00455
-0.00461201 -0.004575
-0.00463768 -0.0046
-0.00466335 -0.004625
-0.00468902 -0.00465
-0.00471469 -0.004675
-0.00474036 -0.0047
-0.00476603 -0.004725
-0.00479169 -0.00475
-0.00481736 -0.004775
-0.00484303 -0.0048
-0.0048687 -0.004825
-0.00489437 -0.00485
-0.00492004 -0.004875
-0.00494571 -0.0049
-0.00497137 -0.004925
-0.00499704 -0.00495
-0.00502271 -0.004975
-0.00504838 -0.005
-0.00507405 -0.005025
-0.00509972 -0.00505
-0.00512539 -0.005075
-0.00515105 -0.0051
-0.00517672 -0.005125
-0.00520239 -0.00515
-0.00522806 -0.005175
-0.00525373 -0.0052
-0.0052794 -0.005225
-0.00530507 -0.00525
-0.00533074 -0.005275
-0.0053564 -0.0053
-0.00538207 -0.005325
-0.00540774 -0.00535
-0.00543341 -0.005375
-0.00545908 -0.0054
-0.00548475 -0.005425
-0.00551042 -0.00545
-0.00553608 -0.005475
-0.00556175 -0.0055
-0.00558742 -0.005525
-0.00561309 -0.00555
-0.00563876 -0.005575
-0.00566443 -0.0056
-0.0056901 -0.005625
-0.00571576 -0.00565
-0.00574143 -0.005675
-0.0057671 -0.0057
-0.00579277 -0.005725
-0.00581844 -0.00575
-0.00584411 -0.005775
-0.00586978 -0.0058
-0.00589544 -0.005825
-0.00592111 -0.00585
-0.00594678 -0.005875
-0.00597245 -0.0059
-0.00599812 -0.005925
-0.00602379 -0.00595
-0.00604946 -0.005975
-0.00607512 -0.006
-0.00610079 -0.006025
-0.00612646 -0.00605
-0.00615213 -0.006075
-0.0061778 -0.0061
-0.00620347 -0.006125
-0.00622914 -0.00615
-0.00625481 -0.006175
-0.00628047 -0.0062
-0.00630614 -0.006225
-0.00633181 -0.00625
-0.00635748 -0.006275
-0.00638315 -0.0063
-0.00640882 -0.006325
-0.00643449 -0.00635
-0.00646015 -0.006375
-0.00648582 -0.0064
-0.00651149 -0.006425
-0.00653716 -0.00645
-0.00656283 -0.006475
-0.0065885 -0.0065
-0.00661417 -0.006525
-0.00663983 -0.00655
-0.0066655 -0.006575
-0.00669117 -0.0066
-0.00671684 -0.006625
-0.00674251 -0.00665
-0.00676818 -0.006675
-0.00679385 -0.0067
-0.00681951 -0.006725
-0.00684518 -0.00675
-0.00687085 -0.006775
-0.00689652 -0.0068
-0.00692219 -0.006825
-0.00694786 -0.00685
-0.00697353 -0.006875
-0.00699919 -0.0069
-0.00702486 -0.006925
-0.00705053 -0.00695
-0.0070762 -0.006975
-0.00710187 -0.007
-0.00712754 -0.007025
-0.00715321 -0.00705
-0.00717888 -0.007075
-0.00720454 -0.0071
-0.00723021 -0.007125
-0.00725588 -0.00715
-0.00728155 -0.007175
-0.00730722 -0.0072
-0.00733289 -0.007225
-0.00735856 -0.00725
-0.00738422 -0.007275
-0.00740989 -0.0073
-0.00743556 -0.007325
-0.00746123 -0.00735
-0.0074869 -0.007375
-0.00751257 -0.0074
-0.00753824 -0.007425
-0.0075639 -0.00745
-0.00758957 -0.007475
-0.00761524 -0.0075
-0.00763968 -0.007525
-0.00766413 -0.00755
-0.00768857 -0.007575
-0.00771301 -0.0076
-0.00773745 -0.007625
-0.0077619 -0.00765
-0.00778634 -0.007675
-0.00781078 -0.0077
-0.00783522 -0.007725
-0.00785967 -0.00775
-0.00788411 -0.007775
-0.00790855 -0.0078
-0.00793299 -0.007825
-0.00795743 -0.00785
-0.00798188 -0.007875
-0.00800632 -0.0079
-0.00803076 -0.007925
-0.0080552 -0.00795
-0.00807965 -0.007975
-0.00810409 -0.008
-0.00812853 -0.008025
-0.00815297 -0.00805
-0.00817742 -0.008075
-0.00820186 -0.0081
-0.0082263 -0.008125
-0.00825074 -0.00815
-0.00827519 -0.008175
-0.00829963 -0.0082
-0.00832407 -0.008225
-0.00834851 -0.00825
-0.00837296 -0.008275
-0.0083974 -0.0083
-0.00842184 -0.008325
-0.00844628 -0.00835
-0.00847072 -0.008375
-0.00849517 -0.0084
-0.00851961 -0.008425
-0.00854405 -0.00845
-0.00856849 -0.008475
-0.00859294 -0.0085
-0.00861738 -0.008525
-0.00864182 -0.00855
-0.00866626 -0.008575
-0.00869071 -0.0086
-0.00871515 -0.008625
-0.00873959 -0.00865
-0.00876403 -0.008675
-0.00878848 -0.0087
-0.00881292 -0.008725
-0.00883736 -0.00875
-0.00881189 -0.008725
-0.00878642 -0.0087
-0.00876095 -0.008675
-0.00873548 -0.00865
-0.00871001 -0.008625
-0.00868455 -0.0086
-0.00865908 -0.008575
-0.00863361 -0.00855
-0.00860814 -0.008525
-0.00858267 -0.0085
-0.0085572 -0.008475
-0.00853173 -0.00845
-0.00850626 -0.008425
-0.00848079 -0.0084
-0.00845532 -0.008375
-0.00842985 -0.00835
-0.00840439 -0.008325
-0.00837892 -0.0083
-0.00835345 -0.008275
-0.00832798 -0.00825
-0.00830251 -0.008225
-0.00827704 -0.0082
-0.00825157 -0.008175
-0.0082261 -0.00815
-0.00820063 -0.008125
-0.00817516 -0.0081
-0.00814969 -0.008075
-0.00812423 -0.00805
-0.00809876 -0.008025
-0.00807329 -0.008
-0.00804782 -0.007975
-0.00802235 -0.00795
-0.00799688 -0.007925
-0.00797141 -0.0079
-0.00794594 -0.007875
-0.00792047 -0.00785
-0.007895 -0.007825
-0.00786953 -0.0078
-0.00784406 -0.007775
-0.0078186 -0.00775
-0.00779313 -0.007725
-0.00776766 -0.0077
-0.00774219 -0.007675
-0.00771672 -0.00765
-0.00769125 -0.007625
-0.00766578 -0.0076
-0.00764031 -0.007575
-0.00761484 -0.00755
-0.00758937 -0.007525
-0.0075639 -0.0075
-0.00753844 -0.007475
-0.00751297 -0.00745
-0.0074875 -0.007425
-0.00746203 -0.0074
-0.00743656 -0.007375
-0.00741109 -0.00735
-0.00738562 -0.007325
-0.00736015 -0.0073
-0.00733468 -0.007275
-0.00730921 -0.00725
-0.00728374 -0.007225
-0.00725827 -0.0072
-0.00723281 -0.007175
-0.00720734 -0.00715
-0.00718187 -0.007125
-0.0071564 -0.0071
-0.00713093 -0.007075
-0.00710546 -0.00705
-0.00707999 -0.007025
-0.00705452 -0.007
-0.00702905 -0.006975
-0.00700358 -0.00695
-0.00697811 -0.006925
-0.00695265 -0.0069
-0.00692718 -0.006875
-0.00690171 -0.00685
-0.00687624 -0.006825
-0.00685077 -0.0068
-0.0068253 -0.006775
-0.00679983 -0.00675
-0.00677436 -0.006725
-0.00674889 -0.0067
-0.00672342 -0.006675
-0.00669795 -0.00665
-0.00667249 -0.006625
-0.00664702 -0.0066
-0.00662155 -0.006575
-0.00659608 -0.00655
-0.00657061 -0.006525
-0.00654514 -0.0065
-0.00651967 -0.006475
-0.0064942 -0.00645
-0.00646873 -0.006425
-0.00644326 -0.0064
-0.00641779 -0.006375
-0.00639232 -0.00635
-0.00636686 -0.006325
-0.00634139 -0.0063
-0.00631592 -0.006275
-0.00629045 -0.00625
-0.00626498 -0.006225
-0.00623951 -0.0062
-0.00621404 -0.006175
-0.00618857 -0.00615
-0.0061631 -0.006125
-0.00613763 -0.0061
-0.00611216 -0.006075
-0.0060867 -0.00605
-0.00606123 -0.006025
-0.00603576 -0.006
-0.00601029 -0.005975
-0.00598482 -0.00595
-0.00595935 -0.005925
-0.00593388 -0.0059
-0.00590841 -0.005875
-0.00588294 -0.00585
-0.00585747 -0.005825
-0.005832 -0.0058
-0.00580653 -0.005775
-0.00578107 -0.00575
-0.0057556 -0.005725
-0.00573013 -0.0057
-0.00570466 -0.005675
-0.00567919 -0.00565
-0.00565372 -0.005625
-0.00562825 -0.0056
-0.00560278 -0.005575
-0.00557731 -0.00555
-0.00555184 -0.005525
-0.00552637 -0.0055
-0.00550091 -0.005475
-0.00547544 -0.00545
-0.00544997 -0.005425
-0.0054245 -0.0054
-0.00539903 -0.005375
-0.00537356 -0.00535
-0.00534809 -0.005325
-0.00532262 -0.0053
-0.00529715 -0.005275
-0.00527168 -0.00525
-0.00524621 -0.005225
-0.00522074 -0.0052
-0.00519528 -0.005175
-0.00516981 -0.00515
-0.00514434 -0.005125
-0.00511887 -0.0051
-0.0050934 -0.005075
-0.00506793 -0.00505
-0.00504246 -0.005025
-0.00501699 -0.005
-0.00499152 -0.004975
-0.00496605 -0.00495
-0.00494058 -0.004925
-0.00491512 -0.0049
-0.00488965 -0.004875
-0.00486418 -0.00485
-0.00483871 -0.004825
-0.00481324 -0.0048
-0.00478777 -0.004775
-0.0047623 -0.00475
-0.00473683 -0.004725
-0.00471136 -0.0047
-0.00468589 -0.004675
-0.00466042 -0.00465
-0.00463496 -0.004625
-0.00460949 -0.0046
-0.00458402 -0.004575
-0.00455855 -0.00455
-0.00453308 -0.004525
-0.00450761 -0.0045
-0.00448214 -0.004475
-0.00445667 -0.00445
-0.0044312 -0.004425
-0.00440573 -0.0044
-0.00438026 -0.004375
-0.00435479 -0.00435
-0.00432933 -0.004325
-0.00430386 -0.0043
-0.00427839 -0.004275
-0.00425292 -0.00425
-0.00422745 -0.004225
-0.00420198 -0.0042
-0.00417651 -0.004175
-0.00415104 -0.00415
-0.00412557 -0.004125
-0.0041001 -0.0041
-0.004075 -0.004075
-0.00405 -0.00405
-0.004025 -0.004025
-0.004 -0.004
-0.003975 -0.003975
-0.00395 -0.00395
-0.003925 -0.003925
-0.0039 -0.0039
-0.003875 -0.003875
-0.00385 -0.00385
-0.003825 -0.003825
-0.0038 -0.0038
-0.003775 -0.003775
-0.00375 -0.00375
-0.003725 -0.003725
-0.0037 -0.0037
-0.003675 -0.003675
-0.00365 -0.00365
-0.003625 -0.003625
-0.0036 -0.0036
-0.003575 -0.003575
-0.00355 -0.00355
-0.003525 -0.003525
-0.0035 -0.0035
-0.003475 -0.003475
-0.00345 -0.00345
-0.003425 -0.003425
-0.0034 -0.0034
-0.003375 -0.003375
-0.00335 -0.00335
-0.003325 -0.003325
-0.0033 -0.0033
-0.003275 -0.003275
-0.00325 -0.00325
-0.003225 -0.003225
-0.0032 -0.0032
-0.003175 -0.003175
-0.00315 -0.00315
-0.003125 -0.003125
-0.0031 -0.0031
-0.003075 -0.003075
-0.00305 -0.00305
-0.003025 -0.003025
-0.003 -0.003
-0.002975 -0.002975
-0.00295 -0.00295
-0.002925 -0.002925
-0.0029 -0.0029
-0.002875 -0.002875
-0.00285 -0.00285
-0.002825 -0.002825
-0.0028 -0.0028
-0.002775 -0.002775
-0.00275 -0.00275
-0.002725 -0.002725
-0.0027 -0.0027
-0.002675 -0.002675
-0.00265 -0.00265
-0.002625 -0.002625
-0.0026 -0.0026
-0.002575 -0.002575
-0.00255 -0.00255
-0.002525 -0.002525
-0.0025 -0.0025
-0.002475 -0.002475
-0.00245 -0.00245
-0.002425 -0.002425
-0.0024 -0.0024
-0.002375 -0.002375
-0.00235 -0.00235
-0.002325 -0.002325
-0.0023 -0.0023
-0.002275 -0.002275
-0.00225 -0.00225
-0.002225 -0.002225
-0.0022 -0.0022
-0.002175 -0.002175
-0.00215 -0.00215
-0.002125 -0.002125
-0.0021 -0.0021
-0.002075 -0.002075
-0.00205 -0.00205
-0.002025 -0.002025
-0.002 -0.002
-0.001975 -0.001975
-0.00195 -0.00195
-0.001925 -0.001925
-0.0019 -0.0019
-0.001875 -0.001875
-0.00185 -0.00185
-0.001825 -0.001825
-0.0018 -0.0018
-0.001775 -0.001775
-0.00175 -0.00175
-0.001725 -0.001725
-0.0017 -0.0017
-0.001675 -0.001675
-0.00165 -0.00165
-0.001625 -0.001625
-0.0016 -0.0016
-0.001575 -0.001575
-0.00155 -0.00155
-0.001525 -0.001525
-0.0015 -0.0015
-0.001475 -0.001475
-0.00145 -0.00145
-0.001425 -0.001425
-0.0014 -0.0014
-0.001375 -0.001375
-0.00135 -0.00135
-0.001325 -0.001325
-0.0013 -0.0013
-0.001275 -0.001275
-0.00125 -0.00125
-0.001225 -0.001225
-0.0012 -0.0012
-0.001175 -0.001175
-0.00115 -0.00115
-0.001125 -0.001125
-0.0011 -0.0011
-0.001075 -0.001075
-0.00105 -0.00105
-0.001025 -0.001025
-0.001 -0.001
-0.000975 -0.000975
-0.00095 -0.00095
-0.000925 -0.000925
-0.0009 -0.0009
-0.000875 -0.000875
-0.00085 -0.00085
-0.000825 -0.000825
-0.0008 -0.0008
-0.000775 -0.000775
-0.00075 -0.00075
-0.000725 -0.000725
-0.0007 -0.0007
-0.000675 -0.000675
-0.00065 -0.00065
-0.000625 -0.000625
-0.0006 -0.0006
-0.000575 -0.000575
-0.00055 -0.00055
-0.000525 -0.000525
-0.0005 -0.0005
-0.000475 -0.000475
-0.00045 -0.00045
-0.000425 -0.000425
-0.0004 -0.0004
-0.000375 -0.000375
-0.00035 -0.00035
-0.000325 -0.000325
-0.0003 -0.0003
-0.000275 -0.000275
-0.00025 -0.00025
-0.000225 -0.000225
-0.0002 -0.0002
-0.000175 -0.000175
-0.00015 -0.00015
-0.000125 -0.000125
-0.0001 -0.0001
-7.5e-05 -7.5e-05
-5e-05 -5e-05
-2.5e-05 -2.5e-05
-9.28348e-19 -9.28348e-19
2.5e-05 2.5e-05
5e-05 5e-05
7.5e-05 7.5e-05
0.0001 0.0001
0.000125 0.000125
0.00015 0.00015
0.000175 0.000175
0.0002 0.0002
0.000225 0.000225
0.00025 0.00025
0.000275 0.000275
0.0003 0.0003
0.000325 0.000325
0.00035 0.00035
0.000375 0.000375
0.0004 0.0004
0.000425 0.000425
0.00045 0.00045
0.000475 0.000475
0.0005 0.0005
0.000525 0.000525
0.00055 0.00055
0.000575 0.000575
0.0006 0.0006
0.000625 0.000625
0.00065 0.00065
0.000675 0.000675
0.0007 0.0007
0.000725 0.000725
0.00075 0.00075
0.000775 0.000775
0.0008 0.0008
0.000825 0.000825
0.00085 0.00085
0.000875 0.000875
0.00085 0.00085
0.000825 0.000825
0.0008 0.0008
0.000775 0.000775
0.00075 0.00075
0.000725 0.000725
0.0007 0.0007
0.000675 0.000675
0.00065 0.00065
0.000625 0.000625
0.0006 0.0006
0.000575 0.000575
0.00055 0.00055
0.000525 0.000525
0.0005 0.0005
0.000475 0.000475
0.00045 0.00045
0.000425 0.000425
0.0004 0.0004
0.000375 0.000375
0.00035 0.00035
0.000325 0.000325
0.0003 0.0003
0.000275 0.000275
0.00025 0.00025
0.000225 0.000225
0.0002 0.0002
0.000175 0.000175
0.00015 0.00015
0.000125 0.000125
0.0001 0.0001
7.5e-05 7.5e-05
5e-05 5e-05
2.5e-05 2.5e-05
-9.14796e-19 -9.14796e-19
