-3.07478e-05 0.574785
-6.14527e-05 1.14527
-9.21144e-05 1.71144
-0.000122732 2.27325
-0.000153307 2.83068
-0.000183837 3.38369
-0.000214323 3.93226
-0.000244764 4.47636
-0.000275159 5.01595
-0.00030551 5.551
-0.000335815 6.08149
-0.000366074 6.60738
-0.000396286 7.12863
-0.000426452 7.64522
-0.000456571 8.15711
-0.000486643 8.66427
-0.000516667 9.16667
-0.000546643 9.66426
-0.00057657 10.157
-0.000606449 10.6449
-0.000636279 11.1279
-0.000666059 11.6059
-0.00069579 12.079
-0.00072547 12.547
-0.0007551 13.01
-0.00078468 13.468
-0.000814207 13.9207
-0.000843683 14.3683
-0.000873107 14.8107
-0.000902479 15.2479
-0.000931798 15.6798
-0.000961063 16.1063
-0.000990275 16.5275
-0.00101943 16.9432
-0.00104854 17.3535
-0.00107758 17.7584
-0.00110658 18.1576
-0.00113551 18.5513
-0.00116439 18.9394
-0.00119322 19.3217
-0.00122198 19.6984
-0.00125069 20.0693
-0.00127934 20.4344
-0.00130794 20.7936
-0.00133647 21.1469
-0.00136494 21.4942
-0.00139336 21.8356
-0.00142171 22.1708
-0.00145 22.5
-0.00147823 22.823
-0.00144775 22.2751
-0.00141727 21.7273
-0.00138679 21.1794
-0.00135632 20.6316
-0.00132584 20.0837
-0.00129536 19.5359
-0.00126488 18.988
-0.0012344 18.4402
-0.00120392 17.8923
-0.00117344 17.3445
-0.00114297 16.7966
-0.00111249 16.2488
-0.00108201 15.7009
-0.00105153 15.1531
-0.00102105 14.6052
-0.000990574 14.0574
-0.000960095 13.5095
-0.000929617 12.9617
-0.000899138 12.4138
-0.00086866 11.866
-0.000838181 11.3181
-0.000807703 10.7703
-0.000777224 10.2224
-0.000746746 9.67458
-0.000716267 9.12673
-0.000685789 8.57888
-0.00065531 8.03103
-0.000624832 7.48318
-0.000594353 6.93533
-0.000563875 6.38748
-0.000533396 5.83963
-0.000502918 5.29177
-0.000472439 4.74392
-0.000441961 4.19607
-0.000411482 3.64822
-0.000381004 3.10037
-0.000350525 2.55252
-0.000320047 2.00467
-0.000289568 1.45682
-0.00025909 0.908969
-0.000228611 0.361119
-0.0002 0
-0.000175 0
-0.00015 0
-0.000125 0
-0.0001 0
-7.5e-05 0
-5e-05 0
-2.5e-05 0
-6.09864e-20 0
2.5e-05 0
5e-05 0
7.5e-05 0
0.0001 0
0.000125 0
0.0001 0
7.5e-05 0
5e-05 0
2.5e-05 0
-4.74338e-20 0
-2.5e-05 0
-5e-05 0
-7.5e-05 0
-0.0001 0
-0.000125 0
-0.00015 0
-0.000175 0
-0.0002 0
-0.000228611 0.361119
-0.00025909 0.908969
-0.000289568 1.45682
-0.000320047 2.00467
-0.000350525 2.55252
-0.000381004 3.10037
-0.000411482 3.64822
-0.000441961 4.19607
-0.000472439 4.74392
-0.000502918 5.29177
-0.000533396 5.83963
-0.000563875 6.38748
-0.000594353 6.93533
-0.000624832 7.48318
-0.00065531 8.03103
-0.000685789 8.57888
-0.000716267 9.12673
-0.000746746 9.67458
-0.000777224 10.2224
-0.000807703 10.7703
-0.000838181 11.3181
-0.00086866 11.866
-0.000899138 12.4138
-0.000929617 12.9617
-0.000960095 13.5095
-0.000990574 14.0574
-0.00102105 14.6052
-0.00105153 15.1531
-0.00108201 15.7009
-0.00111249 16.2488
-0.00114297 16.7966
-0.00117344 17.3445
-0.00120392 17.8923
-0.0012344 18.4402
-0.00126488 18.988
-0.00129536 19.5359
-0.00132584 20.0837
-0.00135632 20.6316
-0.00138679 21.1794
-0.00141727 21.7273
-0.00144775 22.2751
-0.00147823 22.823
-0.0015064 23.1398
-0.0015345 23.4503
-0.00156254 23.7545
-0.00159052 24.0523
-0.00161844 24.3436
-0.00164629 24.6285
-0.00167407 24.9068
-0.00170179 25.1786
-0.00172944 25.4436
-0.00175702 25.7019
-0.00178453 25.9534
-0.00181198 26.1981
-0.00183936 26.4359
-0.00186667 26.6667
-0.0018939 26.8904
-0.00192107 27.107
-0.00194816 27.3165
-0.00197519 27.5187
-0.00200214 27.7136
-0.00202901 27.9011
-0.00205581 28.0812
-0.00208254 28.2537
-0.00210919 28.4186
-0.00213576 28.5759
-0.00216225 28.7254
-0.00218867 28.867
-0.00221501 29.0008
-0.00224127 29.1265
-0.00226744 29.2442
-0.00229354 29.3538
-0.00231955 29.4551
-0.00234548 29.548
-0.00237133 29.6326
-0.00239709 29.7087
-0.00242276 29.7762
-0.00244835 29.8349
-0.00247385 29.885
-0.00249926 29.9261
-0.00252458 29.9583
-0.00254981 29.9814
-0.00257495 29.9953
-0.0026 30
-0.00262312 29.8118
-0.00264624 29.6237
-0.00266935 29.4355
-0.00269247 29.2473
-0.00271559 29.0591
-0.00273871 28.871
-0.00276183 28.6828
-0.00278495 28.4946
-0.00280806 28.3065
-0.00283118 28.1183
-0.0028543 27.9301
-0.00287742 27.7419
-0.00290054 27.5538
-0.00292366 27.3656
-0.00294677 27.1774
-0.00296989 26.9892
-0.00299301 26.8011
-0.00301613 26.6129
-0.00303925 26.4247
-0.00306237 26.2366
-0.00308548 26.0484
-0.0031086 25.8602
-0.00313172 25.672
-0.00315484 25.4839
-0.00317796 25.2957
-0.00320108 25.1075
-0.00322419 24.9194
-0.00324731 24.7312
-0.00327043 24.543
-0.00329355 24.3548
-0.00331667 24.1667
-0.00333978 23.9785
-0.0033629 23.7903
-0.00338602 23.6022
-0.00340914 23.414
-0.00343226 23.2258
-0.00345538 23.0376
-0.00347849 22.8495
-0.00350161 22.6613
-0.00352473 22.4731
-0.00354785 22.2849
-0.00357097 22.0968
-0.00359409 21.9086
-0.0036172 21.7204
-0.00364032 21.5323
-0.00366344 21.3441
-0.00368656 21.1559
-0.00370968 20.9677
-0.0037328 20.7796
-0.00375591 20.5914
-0.00377903 20.4032
-0.00380215 20.2151
-0.00382527 20.0269
-0.00384839 19.8387
-0.00387151 19.6505
-0.00389462 19.4624
-0.00391774 19.2742
-0.00394086 19.086
-0.00391385 18.8846
-0.00388683 18.6832
-0.00385982 18.4818
-0.0038328 18.2803
-0.00380579 18.0789
-0.00377877 17.8775
-0.00375176 17.6761
-0.00372475 17.4747
-0.00369773 17.2732
-0.00367072 17.0718
-0.0036437 16.8704
-0.00361669 16.669
-0.00358968 16.4675
-0.00356266 16.2661
-0.00353565 16.0647
-0.00350863 15.8633
-0.00348162 15.6619
-0.0034546 15.4604
-0.00342759 15.259
-0.00340058 15.0576
-0.00337356 14.8562
-0.00334655 14.6548
-0.00331953 14.4533
-0.00329252 14.2519
-0.0032655 14.0505
-0.00323849 13.8491
-0.00321148 13.6477
-0.00318446 13.4462
-0.00315745 13.2448
-0.00313043 13.0434
-0.00310342 12.842
-0.00307641 12.6405
-0.00304939 12.4391
-0.00302238 12.2377
-0.00299536 12.0363
-0.00296835 11.8349
-0.00294133 11.6334
-0.00291432 11.432
-0.00288731 11.2306
-0.00286029 11.0292
-0.00283328 10.8278
-0.00280626 10.6263
-0.00277925 10.4249
-0.00275223 10.2235
-0.00272522 10.0221
-0.00269821 9.82065
-0.00267119 9.61923
-0.00264418 9.41781
-0.00261716 9.21639
-0.00259015 9.01496
-0.00256314 8.81354
-0.00253612 8.61212
-0.00250911 8.4107
-0.00248209 8.20928
-0.00245508 8.00786
-0.00242806 7.80644
-0.00240105 7.60502
-0.00237404 7.4036
-0.00234702 7.20217
-0.00232001 7.00075
-0.00229299 6.79933
-0.00226598 6.59791
-0.00223896 6.39649
-0.00221195 6.19507
-0.00218494 5.99365
-0.00215792 5.79223
-0.00213091 5.5908
-0.00210389 5.38938
-0.00207688 5.18796
-0.00204987 4.98654
-0.00202285 4.78512
-0.00199584 4.5837
-0.00196882 4.38228
-0.00194181 4.18086
-0.00191479 3.97944
-0.00188778 3.77801
-0.00186077 3.57659
-0.00183375 3.37517
-0.00180674 3.17375
-0.00177972 2.97233
-0.00175271 2.77091
-0.00172569 2.56949
-0.00169868 2.36807
-0.00167167 2.16665
-0.00164465 1.96522
-0.00161764 1.7638
-0.00159062 1.56238
-0.00156361 1.36096
-0.0015366 1.15954
-0.00150958 0.958119
-0.00148257 0.756697
-0.00145555 0.555276
-0.00142854 0.353855
-0.00140152 0.152434
-0.001375 0
-0.00135 0
-0.001325 0
-0.0013 0
-0.001275 0
-0.00125 0
-0.001225 0
-0.0012 0
-0.001175 0
-0.00115 0
-0.001125 0
-0.0011 0
-0.001075 0
-0.00105 0
-0.001025 0
-0.001 0
-0.000975 0
-0.00095 0
-0.000925 0
-0.0009 0
-0.000875 0
-0.00085 0
-0.000825 0
-0.0008 0
-0.000775 0
-0.00075 0
-0.000725 0
-0.0007 0
-0.000675 0
-0.00065 0
-0.000625 0
-0.0006 0
-0.000575 0
-0.00055 0
-0.000525 0
-0.0005 0
-0.000475 0
-0.00045 0
-0.000425 0
-0.0004 0
-0.000375 0
-0.00035 0
-0.000325 0
-0.0003 0
-0.000275 0
-0.00025 0
-0.000225 0
-0.0002 0
-0.000175 0
-0.00015 0
-0.000125 0
-0.0001 0
-7.5e-05 0
-5e-05 0
-2.5e-05 0
-6.09864e-20 0
2.5e-05 0
5e-05 0
7.5e-05 0
0.0001 0
0.000125 0
0.00015 0
0.000175 0
0.0002 0
0.000225 0
0.00025 0
0.000275 0
0.0003 0
0.000325 0
0.00035 0
0.000375 0
0.00035 0
0.000325 0
0.0003 0
0.000275 0
0.00025 0
0.000225 0
0.0002 0
0.000175 0
0.00015 0
0.000125 0
0.0001 0
7.5e-05 0
5e-05 0
2.5e-05 0
-4.74338e-20 0
-2.5e-05 0
-5e-05 0
-7.5e-05 0
-0.0001 0
-0.000125 0
-0.00015 0
-0.000175 0
-0.0002 0
-0.000225 0
-0.00025 0
-0.000275 0
-0.0003 0
-0.000325 0
-0.00035 0
-0.000375 0
-0.0004 0
-0.000425 0
-0.00045 0
-0.000475 0
-0.0005 0
-0.000525 0
-0.00055 0
-0.000575 0
-0.0006 0
-0.000625 0
-0.00065 0
-0.000675 0
-0.0007 0
-0.000725 0
-0.00075 0
-0.000775 0
-0.0008 0
-0.000825 0
-0.00085 0
-0.000875 0
-0.0009 0
-0.000925 0
-0.00095 0
-0.000975 0
-0.001 0
-0.001025 0
-0.00105 0
-0.001075 0
-0.0011 0
-0.001125 0
-0.00115 0
-0.001175 0
-0.0012 0
-0.001225 0
-0.00125 0
-0.001275 0
-0.0013 0
-0.001325 0
-0.00135 0
-0.001375 0
-0.00140152 0.152434
-0.00142854 0.353855
-0.00145555 0.555276
-0.00148257 0.756697
-0.00150958 0.958119
-0.0015366 1.15954
-0.00156361 1.36096
-0.00159062 1.56238
-0.00161764 1.7638
-0.00164465 1.96522
-0.00167167 2.16665
-0.00169868 2.36807
-0.00172569 2.56949
-0.00175271 2.77091
-0.00177972 2.97233
-0.00180674 3.17375
-0.00183375 3.37517
-0.00186077 3.57659
-0.00188778 3.77801
-0.00191479 3.97944
-0.00194181 4.18086
-0.00196882 4.38228
-0.00199584 4.5837
-0.00202285 4.78512
-0.00204987 4.98654
-0.00207688 5.18796
-0.00210389 5.38938
-0.00213091 5.5908
-0.00215792 5.79223
-0.00218494 5.99365
-0.00221195 6.19507
-0.00223896 6.39649
-0.00226598 6.59791
-0.00229299 6.79933
-0.00232001 7.00075
-0.00234702 7.20217
-0.00237404 7.4036
-0.00240105 7.60502
-0.00242806 7.80644
-0.00245508 8.00786
-0.00248209 8.20928
-0.00250911 8.4107
-0.00253612 8.61212
-0.00256314 8.81354
-0.00259015 9.01496
-0.00261716 9.21639
-0.00264418 9.41781
-0.00267119 9.61923
-0.00269821 9.82065
-0.00272522 10.0221
-0.00275223 10.2235
-0.00277925 10.4249
-0.00280626 10.6263
-0.00283328 10.8278
-0.00286029 11.0292
-0.00288731 11.2306
-0.00291432 11.432
-0.00294133 11.6334
-0.00296835 11.8349
-0.00299536 12.0363
-0.00302238 12.2377
-0.00304939 12.4391
-0.00307641 12.6405
-0.00310342 12.842
-0.00313043 13.0434
-0.00315745 13.2448
-0.00318446 13.4462
-0.00321148 13.6477
-0.00323849 13.8491
-0.0032655 14.0505
-0.00329252 14.2519
-0.00331953 14.4533
-0.00334655 14.6548
-0.00337356 14.8562
-0.00340058 15.0576
-0.00342759 15.259
-0.0034546 15.4604
-0.00348162 15.6619
-0.00350863 15.8633
-0.00353565 16.0647
-0.00356266 16.2661
-0.00358968 16.4675
-0.00361669 16.669
-0.0036437 16.8704
-0.00367072 17.0718
-0.00369773 17.2732
-0.00372475 17.4747
-0.00375176 17.6761
-0.00377877 17.8775
-0.00380579 18.0789
-0.0038328 18.2803
-0.00385982 18.4818
-0.00388683 18.6832
-0.00391385 18.8846
-0.00394086 19.086
-0.00396398 18.8978
-0.0039871 18.7097
-0.00401022 18.5215
-0.00403333 18.3333
-0.00405645 18.1452
-0.00407957 17.957
-0.00410269 17.7688
-0.00412581 17.5806
-0.00414892 17.3925
-0.00417204 17.2043
-0.00419516 17.0161
-0.00421828 16.828
-0.0042414 16.6398
-0.00426452 16.4516
-0.00428763 16.2634
-0.00431075 16.0753
-0.00433387 15.8871
-0.00435699 15.6989
-0.00438011 15.5108
-0.00440323 15.3226
-0.00442634 15.1344
-0.00444946 14.9462
-0.00447258 14.7581
-0.0044957 14.5699
-0.00451882 14.3817
-0.00454194 14.1935
-0.00456505 14.0054
-0.00458817 13.8172
-0.00461129 13.629
-0.00463441 13.4409
-0.00465753 13.2527
-0.00468065 13.0645
-0.00470376 12.8763
-0.00472688 12.6882
-0.00475 12.5
-0.00477312 12.3118
-0.00479624 12.1237
-0.00481935 11.9355
-0.00484247 11.7473
-0.00486559 11.5591
-0.00488871 11.371
-0.00491183 11.1828
-0.00493495 10.9946
-0.00495806 10.8065
-0.00498118 10.6183
-0.0050043 10.4301
-0.00502742 10.2419
-0.00505054 10.0538
-0.00507366 9.86559
-0.00509677 9.67742
-0.00507088 9.58759
-0.00504498 9.49777
-0.00501908 9.40795
-0.00499318 9.31812
-0.00496728 9.2283
-0.00494138 9.13847
-0.00491549 9.04865
-0.00488959 8.95882
-0.00486369 8.869
-0.00483779 8.77917
-0.00481189 8.68935
-0.004786 8.59952
-0.0047601 8.5097
-0.0047342 8.41987
-0.0047083 8.33005
-0.0046824 8.24022
-0.0046565 8.1504
-0.00463061 8.06058
-0.00460471 7.97075
-0.00457881 7.88093
-0.00455291 7.7911
-0.00452701 7.70128
-0.00450111 7.61145
-0.00447522 7.52163
-0.00444932 7.4318
-0.00442342 7.34198
-0.00439752 7.25215
-0.00437162 7.16233
-0.00434573 7.0725
-0.00431983 6.98268
-0.00429393 6.89285
-0.00426803 6.80303
-0.00424213 6.71321
-0.00421623 6.62338
-0.00419034 6.53356
-0.00416444 6.44373
-0.00413854 6.35391
-0.00411264 6.26408
-0.00408674 6.17426
-0.00406084 6.08443
-0.00403495 5.99461
-0.00400905 5.90478
-0.00398315 5.81496
-0.00395725 5.72513
-0.00393135 5.63531
-0.00390545 5.54548
-0.00387956 5.45566
-0.00385366 5.36584
-0.00382776 5.27601
-0.00380186 5.18619
-0.00377596 5.09636
-0.00375007 5.00654
-0.00372417 4.91671
-0.00369827 4.82689
-0.00367237 4.73706
-0.00364647 4.64724
-0.00362057 4.55741
-0.00359468 4.46759
-0.00356878 4.37776
-0.00354288 4.28794
-0.00351698 4.19811
-0.00349108 4.10829
-0.00346518 4.01847
-0.00343929 3.92864
-0.00341339 3.83882
-0.00338749 3.74899
-0.00336159 3.65917
-0.00333569 3.56934
-0.0033098 3.47952
-0.0032839 3.38969
-0.003258 3.29987
-0.0032321 3.21004
-0.0032062 3.12022
-0.0031803 3.03039
-0.00315441 2.94057
-0.00312851 2.85075
-0.00310261 2.76092
-0.00307671 2.6711
-0.00305081 2.58127
-0.00302491 2.49145
-0.00299902 2.40162
-0.00297312 2.3118
-0.00294722 2.22197
-0.00292132 2.13215
-0.00289542 2.04232
-0.00286952 1.9525
-0.00284363 1.86267
-0.00281773 1.77285
-0.00279183 1.68302
-0.00276593 1.5932
-0.00274003 1.50338
-0.00271414 1.41355
-0.00268824 1.32373
-0.00266234 1.2339
-0.00263644 1.14408
-0.00261054 1.05425
-0.00258464 0.964427
-0.00255875 0.874602
-0.00253285 0.784778
-0.00250695 0.694953
-0.00248105 0.605128
-0.00245515 0.515304
-0.00242925 0.425479
-0.00240336 0.335654
-0.00237746 0.24583
-0.00235156 0.156005
-0.00232566 0.0661805
-0.0023 0
-0.002275 0
-0.00225 0
-0.002225 0
-0.0022 0
-0.002175 0
-0.00215 0
-0.002125 0
-0.0021 0
-0.002075 0
-0.00205 0
-0.002025 0
-0.002 0
-0.001975 0
-0.00195 0
-0.001925 0
-0.0019 0
-0.001875 0
-0.00185 0
-0.001825 0
-0.0018 0
-0.001775 0
-0.00175 0
-0.001725 0
-0.0017 0
-0.001675 0
-0.00165 0
-0.001625 0
-0.0016 0
-0.001575 0
-0.00155 0
-0.001525 0
-0.0015 0
-0.001475 0
-0.00145 0
-0.001425 0
-0.0014 0
-0.001375 0
-0.00135 0
-0.001325 0
-0.0013 0
-0.001275 0
-0.00125 0
-0.001225 0
-0.0012 0
-0.001175 0
-0.00115 0
-0.001125 0
-0.0011 0
-0.001075 0
-0.00105 0
-0.001025 0
-0.001 0
-0.000975 0
-0.00095 0
-0.000925 0
-0.0009 0
-0.000875 0
-0.00085 0
-0.000825 0
-0.0008 0
-0.000775 0
-0.00075 0
-0.000725 0
-0.0007 0
-0.000675 0
-0.00065 0
-0.000625 0
-0.0006 0
-0.000575 0
-0.00055 0
-0.000525 0
-0.0005 0
-0.000475 0
-0.00045 0
-0.000425 0
-0.0004 0
-0.000375 0
-0.00035 0
-0.000325 0
-0.0003 0
-0.000275 0
-0.00025 0
-0.000225 0
-0.0002 0
-0.000175 0
-0.00015 0
-0.000125 0
-0.0001 0
-7.5e-05 0
-5e-05 0
-2.5e-05 0
-6.09864e-20 0
2.5e-05 0
5e-05 0
7.5e-05 0
0.0001 0
0.000125 0
0.00015 0
0.000175 0
0.0002 0
0.000225 0
0.00025 0
0.000275 0
0.0003 0
0.000325 0
0.00035 0
0.000375 0
0.0004 0
0.000425 0
0.00045 0
0.000475 0
0.0005 0
0.000475 0
0.00045 0
0.000425 0
0.0004 0
0.000375 0
0.00035 0
0.000325 0
0.0003 0
0.000275 0
0.00025 0
0.000225 0
0.0002 0
0.000175 0
0.00015 0
0.000125 0
0.0001 0
7.5e-05 0
5e-05 0
2.5e-05 0
-4.74338e-20 0
-2.5e-05 0
-5e-05 0
-7.5e-05 0
-0.0001 0
-0.000125 0
-0.00015 0
-0.000175 0
-0.0002 0
-0.000225 0
-0.00025 0
-0.000275 0
-0.0003 0
-0.000325 0
-0.00035 0
-0.000375 0
-0.0004 0
-0.000425 0
-0.00045 0
-0.000475 0
-0.0005 0
-0.000525 0
-0.00055 0
-0.000575 0
-0.0006 0
-0.000625 0
-0.00065 0
-0.000675 0
-0.0007 0
-0.000725 0
-0.00075 0
-0.000775 0
-0.0008 0
-0.000825 0
-0.00085 0
-0.000875 0
-0.0009 0
-0.000925 0
-0.00095 0
-0.000975 0
-0.001 0
-0.001025 0
-0.00105 0
-0.001075 0
-0.0011 0
-0.001125 0
-0.00115 0
-0.001175 0
-0.0012 0
-0.001225 0
-0.00125 0
-0.001275 0
-0.0013 0
-0.001325 0
-0.00135 0
-0.001375 0
-0.0014 0
-0.001425 0
-0.00145 0
-0.001475 0
-0.0015 0
-0.001525 0
-0.00155 0
-0.001575 0
-0.0016 0
-0.001625 0
-0.00165 0
-0.001675 0
-0.0017 0
-0.001725 0
-0.00175 0
-0.001775 0
-0.0018 0
-0.001825 0
-0.00185 0
-0.001875 0
-0.0019 0
-0.001925 0
-0.00195 0
-0.001975 0
-0.002 0
-0.002025 0
-0.00205 0
-0.002075 0
-0.0021 0
-0.002125 0
-0.00215 0
-0.002175 0
-0.0022 0
-0.002225 0
-0.00225 0
-0.002275 0
-0.0023 0
-0.00232566 0.0661805
-0.00235156 0.156005
-0.00237746 0.24583
-0.00240336 0.335654
-0.00242925 0.425479
-0.00245515 0.515304
-0.00248105 0.605128
-0.00250695 0.694953
-0.00253285 0.784778
-0.00255875 0.874602
-0.00258464 0.964427
-0.00261054 1.05425
-0.00263644 1.14408
-0.00266234 1.2339
-0.00268824 1.32373
-0.00271414 1.41355
-0.00274003 1.50338
-0.00276593 1.5932
-0.00279183 1.68302
-0.00281773 1.77285
-0.00284363 1.86267
-0.00286952 1.9525
-0.00289542 2.04232
-0.00292132 2.13215
-0.00294722 2.22197
-0.00297312 2.3118
-0.00299902 2.40162
-0.00302491 2.49145
-0.00305081 2.58127
-0.00307671 2.6711
-0.00310261 2.76092
-0.00312851 2.85075
-0.00315441 2.94057
-0.0031803 3.03039
-0.0032062 3.12022
-0.0032321 3.21004
-0.003258 3.29987
-0.0032839 3.38969
-0.0033098 3.47952
-0.00333569 3.56934
-0.00336159 3.65917
-0.00338749 3.74899
-0.00341339 3.83882
-0.00343929 3.92864
-0.00346518 4.01847
-0.00349108 4.10829
-0.00351698 4.19811
-0.00354288 4.28794
-0.00356878 4.37776
-0.00359468 4.46759
-0.00362057 4.55741
-0.00364647 4.64724
-0.00367237 4.73706
-0.00369827 4.82689
-0.00372417 4.91671
-0.00375007 5.00654
-0.00377596 5.09636
-0.00380186 5.18619
-0.00382776 5.27601
-0.00385366 5.36584
-0.00387956 5.45566
-0.00390545 5.54548
-0.00393135 5.63531
-0.00395725 5.72513
-0.00398315 5.81496
-0.00400905 5.90478
-0.00403495 5.99461
-0.00406084 6.08443
-0.00408674 6.17426
-0.00411264 6.26408
-0.00413854 6.35391
-0.00416444 6.44373
-0.00419034 6.53356
-0.00421623 6.62338
-0.00424213 6.71321
-0.00426803 6.80303
-0.00429393 6.89285
-0.00431983 6.98268
-0.00434573 7.0725
-0.00437162 7.16233
-0.00439752 7.25215
-0.00442342 7.34198
-0.00444932 7.4318
-0.00447522 7.52163
-0.00450111 7.61145
-0.00452701 7.70128
-0.00455291 7.7911
-0.00457881 7.88093
-0.00460471 7.97075
-0.00463061 8.06058
-0.0046565 8.1504
-0.0046824 8.24022
-0.0047083 8.33005
-0.0047342 8.41987
-0.0047601 8.5097
-0.004786 8.59952
-0.00481189 8.68935
-0.00483779 8.77917
-0.00486369 8.869
-0.00488959 8.95882
-0.00491549 9.04865
-0.00494138 9.13847
-0.00496728 9.2283
-0.00499318 9.31812
-0.00501908 9.40795
-0.00504498 9.49777
-0.00507088 9.58759
-0.00509677 9.67742
-0.00511989 9.48925
-0.00514301 9.30108
-0.00516613 9.1129
-0.00518925 8.92473
-0.00521237 8.73656
-0.00523548 8.54839
-0.0052586 8.36022
-0.00528172 8.17204
-0.00530484 7.98387
-0.00532796 7.7957
-0.00535108 7.60753
-0.00537419 7.41935
-0.00539731 7.23118
-0.00542043 7.04301
-0.00544355 6.85484
-0.00546667 6.66667
-0.00548978 6.47849
-0.0055129 6.29032
-0.00553602 6.10215
-0.00555914 5.91398
-0.00558226 5.72581
-0.00560538 5.53763
-0.00562849 5.34946
-0.00565161 5.16129
-0.00567473 4.97312
-0.00569785 4.78495
-0.00572097 4.59677
-0.00574409 4.4086
-0.0057672 4.22043
-0.00579032 4.03226
-0.00581344 3.84409
-0.00583656 3.65591
-0.00585968 3.46774
-0.0058828 3.27957
-0.00590591 3.0914
-0.00592903 2.90323
-0.00595215 2.71505
-0.00597527 2.52688
-0.00599839 2.33871
-0.00602151 2.15054
-0.006045 2
-0.00607 2
-0.006095 2
-0.00612 2
-0.006145 2
-0.00617 2
-0.006195 2
-0.00622 2
-0.006245 2
-0.00627 2
-0.00624484 1.98422
-0.00621968 1.96843
-0.00619453 1.95265
-0.00616937 1.93687
-0.00614421 1.92109
-0.00611905 1.9053
-0.0060939 1.88952
-0.00606874 1.87374
-0.00604358 1.85795
-0.00601842 1.84217
-0.00599326 1.82639
-0.00596811 1.81061
-0.00594295 1.79482
-0.00591779 1.77904
-0.00589263 1.76326
-0.00586747 1.74747
-0.00584232 1.73169
-0.00581716 1.71591
-0.005792 1.70013
-0.00576684 1.68434
-0.00574169 1.66856
-0.00571653 1.65278
-0.00569137 1.63699
-0.00566621 1.62121
-0.00564105 1.60543
-0.0056159 1.58965
-0.00559074 1.57386
-0.00556558 1.55808
-0.00554042 1.5423
-0.00551527 1.52652
-0.00549011 1.51073
-0.00546495 1.49495
-0.00543979 1.47917
-0.00541463 1.46338
-0.00538948 1.4476
-0.00536432 1.43182
-0.00533916 1.41604
-0.005314 1.40025
-0.00528884 1.38447
-0.00526369 1.36869
-0.00523853 1.3529
-0.00521337 1.33712
-0.00518821 1.32134
-0.00516306 1.30556
-0.0051379 1.28977
-0.00511274 1.27399
-0.00508758 1.25821
-0.00506242 1.24242
-0.00503727 1.22664
-0.00501211 1.21086
-0.00498695 1.19508
-0.00496179 1.17929
-0.00493664 1.16351
-0.00491148 1.14773
-0.00488632 1.13194
-0.00486116 1.11616
-0.004836 1.10038
-0.00481085 1.0846
-0.00478569 1.06881
-0.00476053 1.05303
-0.00473537 1.03725
-0.00471021 1.02146
-0.00468506 1.00568
-0.0046599 0.989899
-0.00463474 0.974116
-0.00460958 0.958333
-0.00458443 0.942551
-0.00455927 0.926768
-0.00453411 0.910985
-0.00450895 0.895202
-0.00448379 0.879419
-0.00445864 0.863636
-0.00443348 0.847854
-0.00440832 0.832071
-0.00438316 0.816288
-0.00435801 0.800505
-0.00433285 0.784722
-0.00430769 0.768939
-0.00428253 0.753157
-0.00425737 0.737374
-0.00423222 0.721591
-0.00420706 0.705808
-0.0041819 0.690025
-0.00415674 0.674242
-0.00413158 0.65846
-0.00410643 0.642677
-0.00408127 0.626894
-0.00405611 0.611111
-0.00403095 0.595328
-0.0040058 0.579545
-0.00398064 0.563763
-0.00395548 0.54798
-0.00393032 0.532197
-0.00390516 0.516414
-0.00388001 0.500631
-0.00385485 0.484848
-0.00382969 0.469066
-0.00380453 0.453283
-0.00377937 0.4375
-0.00375422 0.421717
-0.00372906 0.405934
-0.0037039 0.390152
-0.00367874 0.374369
-0.00365359 0.358586
-0.00362843 0.342803
-0.00360327 0.32702
-0.00357811 0.311237
-0.00355295 0.295455
-0.0035278 0.279672
-0.00350264 0.263889
-0.00347748 0.248106
-0.00345232 0.232323
-0.00342717 0.21654
-0.00340201 0.200758
-0.00337685 0.184975
-0.00335169 0.169192
-0.00332653 0.153409
-0.00330138 0.137626
-0.00327622 0.121843
-0.00325106 0.106061
-0.0032259 0.0902778
-0.00320074 0.0744949
-0.00317559 0.0587121
-0.00315043 0.0429293
-0.00312527 0.0271465
-0.00310011 0.0113636
-0.003075 0
-0.00305 0
-0.003025 0
-0.003 0
-0.002975 0
-0.00295 0
-0.002925 0
-0.0029 0
-0.002875 0
-0.00285 0
-0.002825 0
-0.0028 0
-0.002775 0
-0.00275 0
-0.002725 0
-0.0027 0
-0.002675 0
-0.00265 0
-0.002625 0
-0.0026 0
-0.002575 0
-0.00255 0
-0.002525 0
-0.0025 0
-0.002475 0
-0.00245 0
-0.002425 0
-0.0024 0
-0.002375 0
-0.00235 0
-0.002325 0
-0.0023 0
-0.002275 0
-0.00225 0
-0.002225 0
-0.0022 0
-0.002175 0
-0.00215 0
-0.002125 0
-0.0021 0
-0.002075 0
-0.00205 0
-0.002025 0
-0.002 0
-0.001975 0
-0.00195 0
-0.001925 0
-0.0019 0
-0.001875 0
-0.00185 0
-0.001825 0
-0.0018 0
-0.001775 0
-0.00175 0
-0.001725 0
-0.0017 0
-0.001675 0
-0.00165 0
-0.001625 0
-0.0016 0
-0.001575 0
-0.00155 0
-0.001525 0
-0.0015 0
-0.001475 0
-0.00145 0
-0.001425 0
-0.0014 0
-0.001375 0
-0.00135 0
-0.001325 0
-0.0013 0
-0.001275 0
-0.00125 0
-0.001225 0
-0.0012 0
-0.001175 0
-0.00115 0
-0.001125 0
-0.0011 0
-0.001075 0
-0.00105 0
-0.001025 0
-0.001 0
-0.000975 0
-0.00095 0
-0.000925 0
-0.0009 0
-0.000875 0
-0.00085 0
-0.000825 0
-0.0008 0
-0.000775 0
-0.00075 0
-0.000725 0
-0.0007 0
-0.000675 0
-0.00065 0
-0.000625 0
-0.0006 0
-0.000575 0
-0.00055 0
-0.000525 0
-0.0005 0
-0.000475 0
-0.00045 0
-0.000425 0
-0.0004 0
-0.000375 0
-0.00035 0
-0.000325 0
-0.0003 0
-0.000275 0
-0.00025 0
-0.000225 0
-0.0002 0
-0.000175 0
-0.00015 0
-0.000125 0
-0.0001 0
-7.5e-05 0
-5e-05 0
-2.5e-05 0
-6.09864e-20 0
2.5e-05 0
5e-05 0
7.5e-05 0
0.0001 0
0.000125 0
0.00015 0
0.000175 0
0.0002 0
0.000225 0
0.00025 0
0.000275 0
0.0003 0
0.000325 0
0.00035 0
0.000375 0
0.0004 0
0.000425 0
0.00045 0
0.000475 0
0.0005 0
0.000525 0
0.00055 0
0.000575 0
0.0006 0
0.000625 0
0.0006 0
0.000575 0
0.00055 0
0.000525 0
0.0005 0
0.000475 0
0.00045 0
0.000425 0
0.0004 0
0.000375 0
0.00035 0
0.000325 0
0.0003 0
0.000275 0
0.00025 0
0.000225 0
0.0002 0
0.000175 0
0.00015 0
0.000125 0
0.0001 0
7.5e-05 0
5e-05 0
2.5e-05 0
-4.74338e-20 0
-2.5e-05 0
-5e-05 0
-7.5e-05 0
-0.0001 0
-0.000125 0
-0.00015 0
-0.000175 0
-0.0002 0
-0.000225 0
-0.00025 0
-0.000275 0
-0.0003 0
-0.000325 0
-0.00035 0
-0.000375 0
-0.0004 0
-0.000425 0
-0.00045 0
-0.000475 0
-0.0005 0
-0.000525 0
-0.00055 0
-0.000575 0
-0.0006 0
-0.000625 0
-0.00065 0
-0.000675 0
-0.0007 0
-0.000725 0
-0.00075 0
-0.000775 0
-0.0008 0
-0.000825 0
-0.00085 0
-0.000875 0
-0.0009 0
-0.000925 0
-0.00095 0
-0.000975 0
-0.001 0
-0.001025 0
-0.00105 0
-0.001075 0
-0.0011 0
-0.001125 0
-0.00115 0
-0.001175 0
-0.0012 0
-0.001225 0
-0.00125 0
-0.001275 0
-0.0013 0
-0.001325 0
-0.00135 0
-0.001375 0
-0.0014 0
-0.001425 0
-0.00145 0
-0.001475 0
-0.0015 0
-0.001525 0
-0.00155 0
-0.001575 0
-0.0016 0
-0.001625 0
-0.00165 0
-0.001675 0
-0.0017 0
-0.001725 0
-0.00175 0
-0.001775 0
-0.0018 0
-0.001825 0
-0.00185 0
-0.001875 0
-0.0019 0
-0.001925 0
-0.00195 0
-0.001975 0
-0.002 0
-0.002025 0
-0.00205 0
-0.002075 0
-0.0021 0
-0.002125 0
-0.00215 0
-0.002175 0
-0.0022 0
-0.002225 0
-0.00225 0
-0.002275 0
-0.0023 0
-0.002325 0
-0.00235 0
-0.002375 0
-0.0024 0
-0.002425 0
-0.00245 0
-0.002475 0
-0.0025 0
-0.002525 0
-0.00255 0
-0.002575 0
-0.0026 0
-0.002625 0
-0.00265 0
-0.002675 0
-0.0027 0
-0.002725 0
-0.00275 0
-0.002775 0
-0.0028 0
-0.002825 0
-0.00285 0
-0.002875 0
-0.0029 0
-0.002925 0
-0.00295 0
-0.002975 0
-0.003 0
-0.003025 0
-0.00305 0
-0.003075 0
-0.00310011 0.0113636
-0.00312527 0.0271465
-0.00315043 0.0429293
-0.00317559 0.0587121
-0.00320074 0.0744949
-0.0032259 0.0902778
-0.00325106 0.106061
-0.00327622 0.121843
-0.00330138 0.137626
-0.00332653 0.153409
-0.00335169 0.169192
-0.00337685 0.184975
-0.00340201 0.200758
-0.00342717 0.21654
-0.00345232 0.232323
-0.00347748 0.248106
-0.00350264 0.263889
-0.0035278 0.279672
-0.00355295 0.295455
-0.00357811 0.311237
-0.00360327 0.32702
-0.00362843 0.342803
-0.00365359 0.358586
-0.00367874 0.374369
-0.0037039 0.390152
-0.00372906 0.405934
-0.00375422 0.421717
-0.00377937 0.4375
-0.00380453 0.453283
-0.00382969 0.469066
-0.00385485 0.484848
-0.00388001 0.500631
-0.00390516 0.516414
-0.00393032 0.532197
-0.00395548 0.54798
-0.00398064 0.563763
-0.0040058 0.579545
-0.00403095 0.595328
-0.00405611 0.611111
-0.00408127 0.626894
-0.00410643 0.642677
-0.00413158 0.65846
-0.00415674 0.674242
-0.0041819 0.690025
-0.00420706 0.705808
-0.00423222 0.721591
-0.00425737 0.737374
-0.00428253 0.753157
-0.00430769 0.768939
-0.00433285 0.784722
-0.00435801 0.800505
-0.00438316 0.816288
-0.00440832 0.832071
-0.00443348 0.847854
-0.00445864 0.863636
-0.00448379 0.879419
-0.00450895 0.895202
-0.00453411 0.910985
-0.00455927 0.926768
-0.00458443 0.942551
-0.00460958 0.958333
-0.00463474 0.974116
-0.0046599 0.989899
-0.00468506 1.00568
-0.00471021 1.02146
-0.00473537 1.03725
-0.00476053 1.05303
-0.00478569 1.06881
-0.00481085 1.0846
-0.004836 1.10038
-0.00486116 1.11616
-0.00488632 1.13194
-0.00491148 1.14773
-0.00493664 1.16351
-0.00496179 1.17929
-0.00498695 1.19508
-0.00501211 1.21086
-0.00503727 1.22664
-0.00506242 1.24242
-0.00508758 1.25821
-0.00511274 1.27399
-0.0051379 1.28977
-0.00516306 1.30556
-0.00518821 1.32134
-0.00521337 1.33712
-0.00523853 1.3529
-0.00526369 1.36869
-0.00528884 1.38447
-0.005314 1.40025
-0.00533916 1.41604
-0.00536432 1.43182
-0.00538948 1.4476
-0.00541463 1.46338
-0.00543979 1.47917
-0.00546495 1.49495
-0.00549011 1.51073
-0.00551527 1.52652
-0.00554042 1.5423
-0.00556558 1.55808
-0.00559074 1.57386
-0.0056159 1.58965
-0.00564105 1.60543
-0.00566621 1.62121
-0.00569137 1.63699
-0.00571653 1.65278
-0.00574169 1.66856
-0.00576684 1.68434
-0.005792 1.70013
-0.00581716 1.71591
-0.00584232 1.73169
-0.00586747 1.74747
-0.00589263 1.76326
-0.00591779 1.77904
-0.00594295 1.79482
-0.00596811 1.81061
-0.00599326 1.82639
-0.00601842 1.84217
-0.00604358 1.85795
-0.00606874 1.87374
-0.0060939 1.88952
-0.00611905 1.9053
-0.00614421 1.92109
-0.00616937 1.93687
-0.00619453 1.95265
-0.00621968 1.96843
-0.00624484 1.98422
-0.00627 2
-0.006295 2
-0.00632 2
-0.006345 2
-0.00637 2
-0.006395 2
-0.00642 2
-0.006445 2
-0.00647 2
-0.006495 2
-0.00652 2
-0.006545 2
-0.00657 2
-0.006595 2
-0.00662 2
-0.006645 2
-0.00667 2
-0.006695 2
-0.00672 2
-0.006745 2
-0.00677 2
-0.006795 2
-0.00682 2
-0.006845 2
-0.00687 2
-0.006895 2
-0.00692 2
-0.006945 2
-0.00697 2
-0.006995 2
-0.00702 2
-0.007045 2
-0.00707 2
-0.007095 2
-0.00712 2
-0.007145 2
-0.00717 2
-0.007195 2
-0.00722 2
-0.007245 2
-0.00727 2
-0.007295 2
-0.00732 2
-0.007345 2
-0.00737 2
-0.007395 2
-0.00742 2
-0.007445 2
-0.00747 2
-0.007495 2
-0.00752 2
-0.00749489 1.98868
-0.00746977 1.97737
-0.00744466 1.96605
-0.00741955 1.95473
-0.00739443 1.94341
-0.00736932 1.9321
-0.00734421 1.92078
-0.00731909 1.90946
-0.00729398 1.89814
-0.00726887 1.88683
-0.00724376 1.87551
-0.00721864 1.86419
-0.00719353 1.85287
-0.00716842 1.84156
-0.0071433 1.83024
-0.00711819 1.81892
-0.00709308 1.80761
-0.00706796 1.79629
-0.00704285 1.78497
-0.00701774 1.77365
-0.00699262 1.76234
-0.00696751 1.75102
-0.0069424 1.7397
-0.00691728 1.72838
-0.00689217 1.71707
-0.00686706 1.70575
-0.00684194 1.69443
-0.00681683 1.68311
-0.00679172 1.6718
-0.0067666 1.66048
-0.00674149 1.64916
-0.00671638 1.63785
-0.00669127 1.62653
-0.00666615 1.61521
-0.00664104 1.60389
-0.00661593 1.59258
-0.00659081 1.58126
-0.0065657 1.56994
-0.00654059 1.55862
-0.00651547 1.54731
-0.00649036 1.53599
-0.00646525 1.52467
-0.00644013 1.51335
-0.00641502 1.50204
-0.00638991 1.49072
-0.00636479 1.4794
-0.00633968 1.46809
-0.00631457 1.45677
-0.00628945 1.44545
-0.00626434 1.43413
-0.00623923 1.42282
-0.00621411 1.4115
-0.006189 1.40018
-0.00616389 1.38886
-0.00613878 1.37755
-0.00611366 1.36623
-0.00608855 1.35491
-0.00606344 1.34359
-0.00603832 1.33228
-0.00601321 1.32096
-0.0059881 1.30964
-0.00596298 1.29833
-0.00593787 1.28701
-0.00591276 1.27569
-0.00588764 1.26437
-0.00586253 1.25306
-0.00583742 1.24174
-0.0058123 1.23042
-0.00578719 1.2191
-0.00576208 1.20779
-0.00573696 1.19647
-0.00571185 1.18515
-0.00568674 1.17383
-0.00566163 1.16252
-0.00563651 1.1512
-0.0056114 1.13988
-0.00558629 1.12856
-0.00556117 1.11725
-0.00553606 1.10593
-0.00551095 1.09461
-0.00548583 1.0833
-0.00546072 1.07198
-0.00543561 1.06066
-0.00541049 1.04934
-0.00538538 1.03803
-0.00536027 1.02671
-0.00533515 1.01539
-0.00531004 1.00407
-0.00528493 0.992757
-0.00525981 0.98144
-0.0052347 0.970122
-0.00520959 0.958805
-0.00518447 0.947488
-0.00515936 0.93617
-0.00513425 0.924853
-0.00510914 0.913536
-0.00508402 0.902218
-0.00505891 0.890901
-0.0050338 0.879584
-0.00500868 0.868266
-0.00498357 0.856949
-0.00495846 0.845632
-0.00493334 0.834314
-0.00490823 0.822997
-0.00488312 0.811679
-0.004858 0.800362
-0.00483289 0.789045
-0.00480778 0.777727
-0.00478266 0.76641
-0.00475755 0.755093
-0.00473244 0.743775
-0.00470732 0.732458
-0.00468221 0.721141
-0.0046571 0.709823
-0.00463199 0.698506
-0.00460687 0.687189
-0.00458176 0.675871
-0.00455665 0.664554
-0.00453153 0.653237
-0.00450642 0.641919
-0.00448131 0.630602
-0.00445619 0.619285
-0.00443108 0.607967
-0.00440597 0.59665
-0.00438085 0.585333
-0.00435574 0.574015
-0.00433063 0.562698
-0.00430551 0.551381
-0.0042804 0.540063
-0.00425529 0.528746
-0.00423017 0.517429
-0.00420506 0.506111
-0.00417995 0.494794
-0.00415483 0.483477
-0.00412972 0.472159
-0.00410461 0.460842
-0.0040795 0.449525
-0.00405438 0.438207
-0.00402927 0.42689
-0.00400416 0.415573
-0.00397904 0.404255
-0.00395393 0.392938
-0.00392882 0.381621
-0.0039037 0.370303
-0.00387859 0.358986
-0.00385348 0.347669
-0.00382836 0.336351
-0.00380325 0.325034
-0.00377814 0.313717
-0.00375302 0.302399
-0.00372791 0.291082
-0.0037028 0.279765
-0.00367768 0.268447
-0.00365257 0.25713
-0.00362746 0.245813
-0.00360234 0.234495
-0.00357723 0.223178
-0.00355212 0.211861
-0.00352701 0.200543
-0.00350189 0.189226
-0.00347678 0.177909
-0.00345167 0.166591
-0.00342655 0.155274
-0.00340144 0.143957
-0.00337633 0.132639
-0.00335121 0.121322
-0.0033261 0.110005
-0.00330099 0.0986872
-0.00327587 0.0873699
-0.00325076 0.0760525
-0.00322565 0.0647352
-0.00320053 0.0534178
-0.00317542 0.0421005
-0.00315031 0.0307832
-0.00312519 0.0194658
-0.00310008 0.00814848
-0.003075 0
-0.00305 0
-0.003025 0
-0.003 0
-0.002975 0
-0.00295 0
-0.002925 0
-0.0029 0
-0.002875 0
-0.00285 0
-0.002825 0
-0.0028 0
-0.002775 0
-0.00275 0
-0.002725 0
-0.0027 0
-0.002675 0
-0.00265 0
-0.002625 0
-0.0026 0
-0.002575 0
-0.00255 0
-0.002525 0
-0.0025 0
-0.002475 0
-0.00245 0
-0.002425 0
-0.0024 0
-0.002375 0
-0.00235 0
-0.002325 0
-0.0023 0
-0.002275 0
-0.00225 0
-0.002225 0
-0.0022 0
-0.002175 0
-0.00215 0
-0.002125 0
-0.0021 0
-0.002075 0
-0.00205 0
-0.002025 0
-0.002 0
-0.001975 0
-0.00195 0
-0.001925 0
-0.0019 0
-0.001875 0
-0.00185 0
-0.001825 0
-0.0018 0
-0.001775 0
-0.00175 0
-0.001725 0
-0.0017 0
-0.001675 0
-0.00165 0
-0.001625 0
-0.0016 0
-0.001575 0
-0.00155 0
-0.001525 0
-0.0015 0
-0.001475 0
-0.00145 0
-0.001425 0
-0.0014 0
-0.001375 0
-0.00135 0
-0.001325 0
-0.0013 0
-0.001275 0
-0.00125 0
-0.001225 0
-0.0012 0
-0.001175 0
-0.00115 0
-0.001125 0
-0.0011 0
-0.001075 0
-0.00105 0
-0.001025 0
-0.001 0
-0.000975 0
-0.00095 0
-0.000925 0
-0.0009 0
-0.000875 0
-0.00085 0
-0.000825 0
-0.0008 0
-0.000775 0
-0.00075 0
-0.000725 0
-0.0007 0
-0.000675 0
-0.00065 0
-0.000625 0
-0.0006 0
-0.000575 0
-0.00055 0
-0.000525 0
-0.0005 0
-0.000475 0
-0.00045 0
-0.000425 0
-0.0004 0
-0.000375 0
-0.00035 0
-0.000325 0
-0.0003 0
-0.000275 0
-0.00025 0
-0.000225 0
-0.0002 0
-0.000175 0
-0.00015 0
-0.000125 0
-0.0001 0
-7.5e-05 0
-5e-05 0
-2.5e-05 0
-6.09864e-20 0
2.5e-05 0
5e-05 0
7.5e-05 0
0.0001 0
0.000125 0
0.00015 0
0.000175 0
0.0002 0
0.000225 0
0.00025 0
0.000275 0
0.0003 0
0.000325 0
0.00035 0
0.000375 0
0.0004 0
0.000425 0
0.00045 0
0.000475 0
0.0005 0
0.000525 0
0.00055 0
0.000575 0
0.0006 0
0.000625 0
0.00065 0
0.000675 0
0.0007 0
0.000725 0
0.00075 0
0.000725 0
0.0007 0
0.000675 0
0.00065 0
0.000625 0
0.0006 0
0.000575 0
0.00055 0
0.000525 0
0.0005 0
0.000475 0
0.00045 0
0.000425 0
0.0004 0
0.000375 0
0.00035 0
0.000325 0
0.0003 0
0.000275 0
0.00025 0
0.000225 0
0.0002 0
0.000175 0
0.00015 0
0.000125 0
0.0001 0
7.5e-05 0
5e-05 0
2.5e-05 0
-4.74338e-20 0
-2.5e-05 0
-5e-05 0
-7.5e-05 0
-0.0001 0
-0.000125 0
-0.00015 0
-0.000175 0
-0.0002 0
-0.000225 0
-0.00025 0
-0.000275 0
-0.0003 0
-0.000325 0
-0.00035 0
-0.000375 0
-0.0004 0
-0.000425 0
-0.00045 0
-0.000475 0
-0.0005 0
-0.000525 0
-0.00055 0
-0.000575 0
-0.0006 0
-0.000625 0
-0.00065 0
-0.000675 0
-0.0007 0
-0.000725 0
-0.00075 0
-0.000775 0
-0.0008 0
-0.000825 0
-0.00085 0
-0.000875 0
-0.0009 0
-0.000925 0
-0.00095 0
-0.000975 0
-0.001 0
-0.001025 0
-0.00105 0
-0.001075 0
-0.0011 0
-0.001125 0
-0.00115 0
-0.001175 0
-0.0012 0
-0.001225 0
-0.00125 0
-0.001275 0
-0.0013 0
-0.001325 0
-0.00135 0
-0.001375 0
-0.0014 0
-0.001425 0
-0.00145 0
-0.001475 0
-0.0015 0
-0.001525 0
-0.00155 0
-0.001575 0
-0.0016 0
-0.001625 0
-0.00165 0
-0.001675 0
-0.0017 0
-0.001725 0
-0.00175 0
-0.001775 0
-0.0018 0
-0.001825 0
-0.00185 0
-0.001875 0
-0.0019 0
-0.001925 0
-0.00195 0
-0.001975 0
-0.002 0
-0.002025 0
-0.00205 0
-0.002075 0
-0.0021 0
-0.002125 0
-0.00215 0
-0.002175 0
-0.0022 0
-0.002225 0
-0.00225 0
-0.002275 0
-0.0023 0
-0.002325 0
-0.00235 0
-0.002375 0
-0.0024 0
-0.002425 0
-0.00245 0
-0.002475 0
-0.0025 0
-0.002525 0
-0.00255 0
-0.002575 0
-0.0026 0
-0.002625 0
-0.00265 0
-0.002675 0
-0.0027 0
-0.002725 0
-0.00275 0
-0.002775 0
-0.0028 0
-0.002825 0
-0.00285 0
-0.002875 0
-0.0029 0
-0.002925 0
-0.00295 0
-0.002975 0
-0.003 0
-0.003025 0
-0.00305 0
-0.003075 0
-0.00310008 0.00814848
-0.00312519 0.0194658
-0.00315031 0.0307832
-0.00317542 0.0421005
-0.00320053 0.0534178
-0.00322565 0.0647352
-0.00325076 0.0760525
-0.00327587 0.0873699
-0.00330099 0.0986872
-0.0033261 0.110005
-0.00335121 0.121322
-0.00337633 0.132639
-0.00340144 0.143957
-0.00342655 0.155274
-0.00345167 0.166591
-0.00347678 0.177909
-0.00350189 0.189226
-0.00352701 0.200543
-0.00355212 0.211861
-0.00357723 0.223178
-0.00360234 0.234495
-0.00362746 0.245813
-0.00365257 0.25713
-0.00367768 0.268447
-0.0037028 0.279765
-0.00372791 0.291082
-0.00375302 0.302399
-0.00377814 0.313717
-0.00380325 0.325034
-0.00382836 0.336351
-0.00385348 0.347669
-0.00387859 0.358986
-0.0039037 0.370303
-0.00392882 0.381621
-0.00395393 0.392938
-0.00397904 0.404255
-0.00400416 0.415573
-0.00402927 0.42689
-0.00405438 0.438207
-0.0040795 0.449525
-0.00410461 0.460842
-0.00412972 0.472159
-0.00415483 0.483477
-0.00417995 0.494794
-0.00420506 0.506111
-0.00423017 0.517429
-0.00425529 0.528746
-0.0042804 0.540063
-0.00430551 0.551381
-0.00433063 0.562698
-0.00435574 0.574015
-0.00438085 0.585333
-0.00440597 0.59665
-0.00443108 0.607967
-0.00445619 0.619285
-0.00448131 0.630602
-0.00450642 0.641919
-0.00453153 0.653237
-0.00455665 0.664554
-0.00458176 0.675871
-0.00460687 0.687189
-0.00463199 0.698506
-0.0046571 0.709823
-0.00468221 0.721141
-0.00470732 0.732458
-0.00473244 0.743775
-0.00475755 0.755093
-0.00478266 0.76641
-0.00480778 0.777727
-0.00483289 0.789045
-0.004858 0.800362
-0.00488312 0.811679
-0.00490823 0.822997
-0.00493334 0.834314
-0.00495846 0.845632
-0.00498357 0.856949
-0.00500868 0.868266
-0.0050338 0.879584
-0.00505891 0.890901
-0.00508402 0.902218
-0.00510914 0.913536
-0.00513425 0.924853
-0.00515936 0.93617
-0.00518447 0.947488
-0.00520959 0.958805
-0.0052347 0.970122
-0.00525981 0.98144
-0.00528493 0.992757
-0.00531004 1.00407
-0.00533515 1.01539
-0.00536027 1.02671
-0.00538538 1.03803
-0.00541049 1.04934
-0.00543561 1.06066
-0.00546072 1.07198
-0.00548583 1.0833
-0.00551095 1.09461
-0.00553606 1.10593
-0.00556117 1.11725
-0.00558629 1.12856
-0.0056114 1.13988
-0.00563651 1.1512
-0.00566163 1.16252
-0.00568674 1.17383
-0.00571185 1.18515
-0.00573696 1.19647
-0.00576208 1.20779
-0.00578719 1.2191
-0.0058123 1.23042
-0.00583742 1.24174
-0.00586253 1.25306
-0.00588764 1.26437
-0.00591276 1.27569
-0.00593787 1.28701
-0.00596298 1.29833
-0.0059881 1.30964
-0.00601321 1.32096
-0.00603832 1.33228
-0.00606344 1.34359
-0.00608855 1.35491
-0.00611366 1.36623
-0.00613878 1.37755
-0.00616389 1.38886
-0.006189 1.40018
-0.00621411 1.4115
-0.00623923 1.42282
-0.00626434 1.43413
-0.00628945 1.44545
-0.00631457 1.45677
-0.00633968 1.46809
-0.00636479 1.4794
-0.00638991 1.49072
-0.00641502 1.50204
-0.00644013 1.51335
-0.00646525 1.52467
-0.00649036 1.53599
-0.00651547 1.54731
-0.00654059 1.55862
-0.0065657 1.56994
-0.00659081 1.58126
-0.00661593 1.59258
-0.00664104 1.60389
-0.00666615 1.61521
-0.00669127 1.62653
-0.00671638 1.63785
-0.00674149 1.64916
-0.0067666 1.66048
-0.00679172 1.6718
-0.00681683 1.68311
-0.00684194 1.69443
-0.00686706 1.70575
-0.00689217 1.71707
-0.00691728 1.72838
-0.0069424 1.7397
-0.00696751 1.75102
-0.00699262 1.76234
-0.00701774 1.77365
-0.00704285 1.78497
-0.00706796 1.79629
-0.00709308 1.80761
-0.00711819 1.81892
-0.0071433 1.83024
-0.00716842 1.84156
-0.00719353 1.85287
-0.00721864 1.86419
-0.00724376 1.87551
-0.00726887 1.88683
-0.00729398 1.89814
-0.00731909 1.90946
-0.00734421 1.92078
-0.00736932 1.9321
-0.00739443 1.94341
-0.00741955 1.95473
-0.00744466 1.96605
-0.00746977 1.97737
-0.00749489 1.98868
-0.00752 2
-0.007545 2
-0.00757 2
-0.007595 2
-0.00762 2
-0.007645 2
-0.00767 2
-0.007695 2
-0.00772 2
-0.007745 2
-0.00777 2
-0.007795 2
-0.00782 2
-0.007845 2
-0.00787 2
-0.007895 2
-0.00792 2
-0.007945 2
-0.00797 2
-0.007995 2
-0.00802 2
-0.008045 2
-0.00807 2
-0.008095 2
-0.00812 2
-0.008145 2
-0.00817 2
-0.008195 2
-0.00822 2
-0.008245 2
-0.00827 2
-0.008295 2
-0.00832 2
-0.008345 2
-0.00837 2
-0.008395 2
-0.00842 2
-0.008445 2
-0.00847 2
-0.008495 2
-0.00852 2
-0.008545 2
-0.00857 2
-0.008595 2
-0.00862 2
-0.008645 2
-0.00867 2
-0.008695 2
-0.00872 2
-0.008745 2
-0.00877 2
-0.00874491 1.99118
-0.00871982 1.98236
-0.00869474 1.97354
-0.00866965 1.96471
-0.00864456 1.95589
-0.00861947 1.94707
-0.00859438 1.93825
-0.00856929 1.92943
-0.00854421 1.92061
-0.00851912 1.91179
-0.00849403 1.90296
-0.00846894 1.89414
-0.00844385 1.88532
-0.00841876 1.8765
-0.00839368 1.86768
-0.00836859 1.85886
-0.0083435 1.85004
-0.00831841 1.84121
-0.00829332 1.83239
-0.00826824 1.82357
-0.00824315 1.81475
-0.00821806 1.80593
-0.00819297 1.79711
-0.00816788 1.78829
-0.00814279 1.77946
-0.00811771 1.77064
-0.00809262 1.76182
-0.00806753 1.753
-0.00804244 1.74418
-0.00801735 1.73536
-0.00799227 1.72653
-0.00796718 1.71771
-0.00794209 1.70889
-0.007917 1.70007
-0.00789191 1.69125
-0.00786682 1.68243
-0.00784174 1.67361
-0.00781665 1.66478
-0.00779156 1.65596
-0.00776647 1.64714
-0.00774138 1.63832
-0.00771629 1.6295
-0.00769121 1.62068
-0.00766612 1.61186
-0.00764103 1.60303
-0.00761594 1.59421
-0.00759085 1.58539
-0.00756577 1.57657
-0.00754068 1.56775
-0.00751559 1.55893
-0.0074905 1.55011
-0.00746541 1.54128
-0.00744032 1.53246
-0.00741524 1.52364
-0.00739015 1.51482
-0.00736506 1.506
-0.00733997 1.49718
-0.00731488 1.48836
-0.0072898 1.47953
-0.00726471 1.47071
-0.00723962 1.46189
-0.00721453 1.45307
-0.00718944 1.44425
-0.00716435 1.43543
-0.00713927 1.42661
-0.00711418 1.41778
-0.00708909 1.40896
-0.007064 1.40014
-0.00703891 1.39132
-0.00701382 1.3825
-0.00698874 1.37368
-0.00696365 1.36486
-0.00693856 1.35603
-0.00691347 1.34721
-0.00688838 1.33839
-0.0068633 1.32957
-0.00683821 1.32075
-0.00681312 1.31193
-0.00678803 1.30311
-0.00676294 1.29428
-0.00673785 1.28546
-0.00671277 1.27664
-0.00668768 1.26782
-0.00666259 1.259
-0.0066375 1.25018
-0.00661241 1.24135
-0.00658733 1.23253
-0.00656224 1.22371
-0.00653715 1.21489
-0.00651206 1.20607
-0.00648697 1.19725
-0.00646188 1.18843
-0.0064368 1.1796
-0.00641171 1.17078
-0.00638662 1.16196
-0.00636153 1.15314
-0.00633644 1.14432
-0.00631135 1.1355
-0.00628627 1.12668
-0.00626118 1.11785
-0.00623609 1.10903
-0.006211 1.10021
-0.00618591 1.09139
-0.00616083 1.08257
-0.00613574 1.07375
-0.00611065 1.06493
-0.00608556 1.0561
-0.00606047 1.04728
-0.00603538 1.03846
-0.0060103 1.02964
-0.00598521 1.02082
-0.00596012 1.012
-0.00593503 1.00318
-0.00590994 0.994354
-0.00588486 0.985533
-0.00585977 0.976711
-0.00583468 0.96789
-0.00580959 0.959068
-0.0057845 0.950247
-0.00575941 0.941426
-0.00573433 0.932604
-0.00570924 0.923783
-0.00568415 0.914961
-0.00565906 0.90614
-0.00563397 0.897318
-0.00560888 0.888497
-0.0055838 0.879675
-0.00555871 0.870854
-0.00553362 0.862032
-0.00550853 0.853211
-0.00548344 0.84439
-0.00545836 0.835568
-0.00543327 0.826747
-0.00540818 0.817925
-0.00538309 0.809104
-0.005358 0.800282
-0.00533291 0.791461
-0.00530783 0.782639
-0.00528274 0.773818
-0.00525765 0.764996
-0.00523256 0.756175
-0.00520747 0.747354
-0.00518239 0.738532
-0.0051573 0.729711
-0.00513221 0.720889
-0.00510712 0.712068
-0.00508203 0.703246
-0.00505694 0.694425
-0.00503186 0.685603
-0.00500677 0.676782
-0.00498168 0.66796
-0.00495659 0.659139
-0.0049315 0.650318
-0.00490641 0.641496
-0.00488133 0.632675
-0.00485624 0.623853
-0.00483115 0.615032
-0.00480606 0.60621
-0.00478097 0.597389
-0.00475589 0.588567
-0.0047308 0.579746
-0.00470571 0.570924
-0.00468062 0.562103
-0.00465553 0.553282
-0.00463044 0.54446
-0.00460536 0.535639
-0.00458027 0.526817
-0.00455518 0.517996
-0.00453009 0.509174
-0.004505 0.500353
-0.00447992 0.491531
-0.00445483 0.48271
-0.00442974 0.473888
-0.00440465 0.465067
-0.00437956 0.456246
-0.00435447 0.447424
-0.00432939 0.438603
-0.0043043 0.429781
-0.00427921 0.42096
-0.00425412 0.412138
-0.00422903 0.403317
-0.00420394 0.394495
-0.00417886 0.385674
-0.00415377 0.376853
-0.00412868 0.368031
-0.00410359 0.35921
-0.0040785 0.350388
-0.00405342 0.341567
-0.00402833 0.332745
-0.00400324 0.323924
-0.00397815 0.315102
-0.00395306 0.306281
-0.00392797 0.297459
-0.00390289 0.288638
-0.0038778 0.279817
-0.00385271 0.270995
-0.00382762 0.262174
-0.00380253 0.253352
-0.00377745 0.244531
-0.00375236 0.235709
-0.00372727 0.226888
-0.00370218 0.218066
-0.00367709 0.209245
-0.003652 0.200423
-0.00362692 0.191602
-0.00360183 0.182781
-0.00357674 0.173959
-0.00355165 0.165138
-0.00352656 0.156316
-0.00350147 0.147495
-0.00347639 0.138673
-0.0034513 0.129852
-0.00342621 0.12103
-0.00340112 0.112209
-0.00337603 0.103387
-0.00335095 0.094566
-0.00332586 0.0857445
-0.00330077 0.0769231
-0.00327568 0.0681016
-0.00325059 0.0592802
-0.0032255 0.0504587
-0.00320042 0.0416373
-0.00317533 0.0328158
-0.00315024 0.0239944
-0.00312515 0.0151729
-0.00310006 0.00635145
-0.003075 0
-0.00305 0
-0.003025 0
-0.003 0
-0.002975 0
-0.00295 0
-0.002925 0
-0.0029 0
-0.002875 0
-0.00285 0
-0.002825 0
-0.0028 0
-0.002775 0
-0.00275 0
-0.002725 0
-0.0027 0
-0.002675 0
-0.00265 0
-0.002625 0
-0.0026 0
-0.002575 0
-0.00255 0
-0.002525 0
-0.0025 0
-0.002475 0
-0.00245 0
-0.002425 0
-0.0024 0
-0.002375 0
-0.00235 0
-0.002325 0
-0.0023 0
-0.002275 0
-0.00225 0
-0.002225 0
-0.0022 0
-0.002175 0
-0.00215 0
-0.002125 0
-0.0021 0
-0.002075 0
-0.00205 0
-0.002025 0
-0.002 0
-0.001975 0
-0.00195 0
-0.001925 0
-0.0019 0
-0.001875 0
-0.00185 0
-0.001825 0
-0.0018 0
-0.001775 0
-0.00175 0
-0.001725 0
-0.0017 0
-0.001675 0
-0.00165 0
-0.001625 0
-0.0016 0
-0.001575 0
-0.00155 0
-0.001525 0
-0.0015 0
-0.001475 0
-0.00145 0
-0.001425 0
-0.0014 0
-0.001375 0
-0.00135 0
-0.001325 0
-0.0013 0
-0.001275 0
-0.00125 0
-0.001225 0
-0.0012 0
-0.001175 0
-0.00115 0
-0.001125 0
-0.0011 0
-0.001075 0
-0.00105 0
-0.001025 0
-0.001 0
-0.000975 0
-0.00095 0
-0.000925 0
-0.0009 0
-0.000875 0
-0.00085 0
-0.000825 0
-0.0008 0
-0.000775 0
-0.00075 0
-0.000725 0
-0.0007 0
-0.000675 0
-0.00065 0
-0.000625 0
-0.0006 0
-0.000575 0
-0.00055 0
-0.000525 0
-0.0005 0
-0.000475 0
-0.00045 0
-0.000425 0
-0.0004 0
-0.000375 0
-0.00035 0
-0.000325 0
-0.0003 0
-0.000275 0
-0.00025 0
-0.000225 0
-0.0002 0
-0.000175 0
-0.00015 0
-0.000125 0
-0.0001 0
-7.5e-05 0
-5e-05 0
-2.5e-05 0
-9.28348e-19 0
2.5e-05 0
5e-05 0
7.5e-05 0
0.0001 0
0.000125 0
0.00015 0
0.000175 0
0.0002 0
0.000225 0
0.00025 0
0.000275 0
0.0003 0
0.000325 0
0.00035 0
0.000375 0
0.0004 0
0.000425 0
0.00045 0
0.000475 0
0.0005 0
0.000525 0
0.00055 0
0.000575 0
0.0006 0
0.000625 0
0.00065 0
0.000675 0
0.0007 0
0.000725 0
0.00075 0
0.000775 0
0.0008 0
0.000825 0
0.00085 0
0.000875 0
0.00085 0
0.000825 0
0.0008 0
0.000775 0
0.00075 0
0.000725 0
0.0007 0
0.000675 0
0.00065 0
0.000625 0
0.0006 0
0.000575 0
0.00055 0
0.000525 0
0.0005 0
0.000475 0
0.00045 0
0.000425 0
0.0004 0
0.000375 0
0.00035 0
0.000325 0
0.0003 0
0.000275 0
0.00025 0
0.000225 0
0.0002 0
0.000175 0
0.00015 0
0.000125 0
0.0001 0
7.5e-05 0
5e-05 0
2.5e-05 0
-9.14796e-19 0
