-2.79316e-05 0.293163
-5.58441e-05 0.584412
-8.37374e-05 0.873744
-0.000111612 1.16115
-0.000139466 1.44663
-0.000167302 1.73018
-0.000195118 2.01179
-0.000222915 2.29145
-0.000250692 2.56917
-0.000278449 2.84493
-0.000306187 3.11874
-0.000333906 3.39058
-0.000361604 3.66045
-0.000389283 3.92834
-0.000416943 4.19426
-0.000444582 4.45819
-0.000472201 4.72013
-0.000499801 4.98008
-0.00052738 5.23802
-0.00055494 5.49396
-0.000582479 5.74789
-0.000609998 5.9998
-0.000637497 6.24969
-0.000664975 6.49755
-0.000692434 6.74337
-0.000719872 6.98716
-0.000747289 7.2289
-0.000774686 7.46859
-0.000802062 7.70623
-0.000829418 7.9418
-0.000856753 8.17531
-0.000884067 8.40675
-0.000911361 8.6361
-0.000938634 8.86338
-0.000965886 9.08856
-0.000993116 9.31164
-0.00102033 9.53263
-0.00104752 9.75151
-0.00107468 9.96827
-0.00110183 10.1829
-0.00112895 10.3954
-0.00115606 10.6058
-0.00118314 10.8141
-0.0012102 11.0202
-0.00123724 11.2242
-0.00126426 11.426
-0.00129126 11.6256
-0.00131823 11.8231
-0.00134518 12.0184
-0.00137212 12.2115
-0.00134419 11.9185
-0.00131625 11.6255
-0.00128832 11.3325
-0.00126039 11.0395
-0.00123246 10.7465
-0.00120453 10.4534
-0.0011766 10.1604
-0.00114867 9.86741
-0.00112074 9.5744
-0.00109281 9.28138
-0.00106488 8.98837
-0.00103695 8.69535
-0.00100902 8.40234
-0.000981093 8.10933
-0.000953163 7.81631
-0.000925233 7.5233
-0.000897303 7.23028
-0.000869373 6.93727
-0.000841443 6.64426
-0.000813512 6.35124
-0.000785582 6.05823
-0.000757652 5.76521
-0.000729722 5.4722
-0.000701792 5.17919
-0.000673862 4.88617
-0.000645932 4.59316
-0.000618001 4.30014
-0.000590071 4.00713
-0.000562141 3.71412
-0.000534211 3.4211
-0.000506281 3.12809
-0.000478351 2.83507
-0.000450421 2.54206
-0.00042249 2.24905
-0.00039456 1.95603
-0.00036663 1.66302
-0.0003387 1.37
-0.00031077 1.07699
-0.00028284 0.783976
-0.00025491 0.490962
-0.000226979 0.197948
-0.0002 0
-0.000175 0
-0.00015 0
-0.000125 0
-0.0001 0
-7.5e-05 0
-5e-05 0
-2.5e-05 0
-6.09864e-20 0
2.5e-05 0
5e-05 0
7.5e-05 0
0.0001 0
0.000125 0
0.0001 0
7.5e-05 0
5e-05 0
2.5e-05 0
-4.74338e-20 0
-2.5e-05 0
-5e-05 0
-7.5e-05 0
-0.0001 0
-0.000125 0
-0.00015 0
-0.000175 0
-0.0002 0
-0.000226979 0.197948
-0.00025491 0.490962
-0.00028284 0.783976
-0.00031077 1.07699
-0.0003387 1.37
-0.00036663 1.66302
-0.00039456 1.95603
-0.00042249 2.24905
-0.000450421 2.54206
-0.000478351 2.83507
-0.000506281 3.12809
-0.000534211 3.4211
-0.000562141 3.71412
-0.000590071 4.00713
-0.000618001 4.30014
-0.000645932 4.59316
-0.000673862 4.88617
-0.000701792 5.17919
-0.000729722 5.4722
-0.000757652 5.76521
-0.000785582 6.05823
-0.000813512 6.35124
-0.000841443 6.64426
-0.000869373 6.93727
-0.000897303 7.23028
-0.000925233 7.5233
-0.000953163 7.81631
-0.000981093 8.10933
-0.00100902 8.40234
-0.00103695 8.69535
-0.00106488 8.98837
-0.00109281 9.28138
-0.00112074 9.5744
-0.00114867 9.86741
-0.0011766 10.1604
-0.00120453 10.4534
-0.00123246 10.7465
-0.00126039 11.0395
-0.00128832 11.3325
-0.00131625 11.6255
-0.00134419 11.9185
-0.00137212 12.2115
-0.00139902 12.4025
-0.00142591 12.5912
-0.00145278 12.7778
-0.00147962 12.9621
-0.00150644 13.1442
-0.00153324 13.3242
-0.00156002 13.5019
-0.00158677 13.6773
-0.00161351 13.8506
-0.00164022 14.0215
-0.0016669 14.1903
-0.00169357 14.3568
-0.00172021 14.521
-0.00174683 14.6829
-0.00177343 14.8426
-0.0018 15
-0.00182655 15.1551
-0.00185308 15.3079
-0.00187958 15.4584
-0.00190607 15.6066
-0.00193252 15.7525
-0.00195896 15.8961
-0.00198537 16.0373
-0.00201176 16.1762
-0.00203813 16.3127
-0.00206447 16.4469
-0.00209079 16.5788
-0.00211708 16.7082
-0.00214335 16.8353
-0.0021696 16.9601
-0.00219582 17.0824
-0.00222202 17.2024
-0.0022482 17.3199
-0.00227435 17.435
-0.00230048 17.5478
-0.00232658 17.6581
-0.00235266 17.7659
-0.00237871 17.8714
-0.00240474 17.9744
-0.00243075 18.0749
-0.00245673 18.173
-0.00248269 18.2686
-0.00250862 18.3617
-0.00253452 18.4524
-0.00256041 18.5405
-0.00258626 18.6262
-0.00261209 18.7094
-0.0026379 18.79
-0.00266368 18.8681
-0.00268944 18.9437
-0.00271517 19.0168
-0.00274087 19.0873
-0.00276655 19.1553
-0.00279221 19.2206
-0.00281783 19.2835
-0.00284344 19.3437
-0.00286901 19.4014
-0.00289456 19.4565
-0.00292009 19.5089
-0.00294559 19.5588
-0.00297106 19.606
-0.00299651 19.6506
-0.00302193 19.6926
-0.00304732 19.7319
-0.00307269 19.7686
-0.00309803 19.8026
-0.00312334 19.834
-0.00314863 19.8626
-0.00317389 19.8886
-0.00319912 19.9119
-0.00322432 19.9325
-0.0032495 19.9503
-0.00327465 19.9655
-0.00329978 19.9779
-0.00332488 19.9875
-0.00334994 19.9945
-0.00337499 19.9986
-0.0034 20
-0.00342428 19.928
-0.00344856 19.856
-0.00347284 19.784
-0.00349712 19.7119
-0.0035214 19.6399
-0.00354568 19.5679
-0.00356996 19.4959
-0.00359424 19.4239
-0.00361852 19.3519
-0.0036428 19.2798
-0.00366708 19.2078
-0.00369136 19.1358
-0.00371564 19.0638
-0.00373992 18.9918
-0.0037642 18.9198
-0.00378848 18.8477
-0.00381276 18.7757
-0.00383704 18.7037
-0.00386132 18.6317
-0.0038856 18.5597
-0.00390988 18.4877
-0.00393416 18.4156
-0.00390743 18.2433
-0.00388071 18.071
-0.00385399 17.8987
-0.00382726 17.7264
-0.00380054 17.5541
-0.00377382 17.3818
-0.00374709 17.2095
-0.00372037 17.0372
-0.00369365 16.8648
-0.00366693 16.6925
-0.0036402 16.5202
-0.00361348 16.3479
-0.00358676 16.1756
-0.00356003 16.0033
-0.00353331 15.831
-0.00350659 15.6587
-0.00347986 15.4864
-0.00345314 15.3141
-0.00342642 15.1417
-0.00339969 14.9694
-0.00337297 14.7971
-0.00334625 14.6248
-0.00331952 14.4525
-0.0032928 14.2802
-0.00326608 14.1079
-0.00323936 13.9356
-0.00321263 13.7633
-0.00318591 13.5909
-0.00315919 13.4186
-0.00313246 13.2463
-0.00310574 13.074
-0.00307902 12.9017
-0.00305229 12.7294
-0.00302557 12.5571
-0.00299885 12.3848
-0.00297212 12.2125
-0.0029454 12.0402
-0.00291868 11.8678
-0.00289196 11.6955
-0.00286523 11.5232
-0.00283851 11.3509
-0.00281179 11.1786
-0.00278506 11.0063
-0.00275834 10.834
-0.00273162 10.6617
-0.00270489 10.4894
-0.00267817 10.3171
-0.00265145 10.1447
-0.00262472 9.97243
-0.002598 9.80012
-0.00257128 9.62781
-0.00254455 9.4555
-0.00251783 9.28319
-0.00249111 9.11088
-0.00246439 8.93857
-0.00243766 8.76626
-0.00241094 8.59395
-0.00238422 8.42164
-0.00235749 8.24933
-0.00233077 8.07702
-0.00230405 7.90471
-0.00227732 7.7324
-0.0022506 7.56009
-0.00222388 7.38777
-0.00219715 7.21546
-0.00217043 7.04315
-0.00214371 6.87084
-0.00211699 6.69853
-0.00209026 6.52622
-0.00206354 6.35391
-0.00203682 6.1816
-0.00201009 6.00929
-0.00198337 5.83698
-0.00195665 5.66467
-0.00192992 5.49236
-0.0019032 5.32005
-0.00187648 5.14774
-0.00184975 4.97543
-0.00182303 4.80312
-0.00179631 4.63081
-0.00176958 4.4585
-0.00174286 4.28619
-0.00171614 4.11388
-0.00168942 3.94157
-0.00166269 3.76926
-0.00163597 3.59695
-0.00160925 3.42464
-0.00158252 3.25233
-0.0015558 3.08002
-0.00152908 2.90771
-0.00150235 2.7354
-0.00147563 2.56308
-0.00144891 2.39077
-0.00142218 2.21846
-0.00139546 2.04615
-0.00136874 1.87384
-0.00134202 1.70153
-0.00131529 1.52922
-0.00128857 1.35691
-0.00126185 1.1846
-0.00123512 1.01229
-0.0012084 0.839981
-0.00118168 0.667671
-0.00115495 0.49536
-0.00112823 0.32305
-0.00110151 0.15074
-0.001075 0
-0.00105 0
-0.001025 0
-0.001 0
-0.000975 0
-0.00095 0
-0.000925 0
-0.0009 0
-0.000875 0
-0.00085 0
-0.000825 0
-0.0008 0
-0.000775 0
-0.00075 0
-0.000725 0
-0.0007 0
-0.000675 0
-0.00065 0
-0.000625 0
-0.0006 0
-0.000575 0
-0.00055 0
-0.000525 0
-0.0005 0
-0.000475 0
-0.00045 0
-0.000425 0
-0.0004 0
-0.000375 0
-0.00035 0
-0.000325 0
-0.0003 0
-0.000275 0
-0.00025 0
-0.000225 0
-0.0002 0
-0.000175 0
-0.00015 0
-0.000125 0
-0.0001 0
-7.5e-05 0
-5e-05 0
-2.5e-05 0
-6.09864e-20 0
2.5e-05 0
5e-05 0
7.5e-05 0
0.0001 0
0.000125 0
0.00015 0
0.000175 0
0.0002 0
0.000225 0
0.00025 0
0.000275 0
0.0003 0
0.000325 0
0.00035 0
0.000375 0
0.00035 0
0.000325 0
0.0003 0
0.000275 0
0.00025 0
0.000225 0
0.0002 0
0.000175 0
0.00015 0
0.000125 0
0.0001 0
7.5e-05 0
5e-05 0
2.5e-05 0
-4.74338e-20 0
-2.5e-05 0
-5e-05 0
-7.5e-05 0
-0.0001 0
-0.000125 0
-0.00015 0
-0.000175 0
-0.0002 0
-0.000225 0
-0.00025 0
-0.000275 0
-0.0003 0
-0.000325 0
-0.00035 0
-0.000375 0
-0.0004 0
-0.000425 0
-0.00045 0
-0.000475 0
-0.0005 0
-0.000525 0
-0.00055 0
-0.000575 0
-0.0006 0
-0.000625 0
-0.00065 0
-0.000675 0
-0.0007 0
-0.000725 0
-0.00075 0
-0.000775 0
-0.0008 0
-0.000825 0
-0.00085 0
-0.000875 0
-0.0009 0
-0.000925 0
-0.00095 0
-0.000975 0
-0.001 0
-0.001025 0
-0.00105 0
-0.001075 0
-0.00110151 0.15074
-0.00112823 0.32305
-0.00115495 0.49536
-0.00118168 0.667671
-0.0012084 0.839981
-0.00123512 1.01229
-0.00126185 1.1846
-0.00128857 1.35691
-0.00131529 1.52922
-0.00134202 1.70153
-0.00136874 1.87384
-0.00139546 2.04615
-0.00142218 2.21846
-0.00144891 2.39077
-0.00147563 2.56308
-0.00150235 2.7354
-0.00152908 2.90771
-0.0015558 3.08002
-0.00158252 3.25233
-0.00160925 3.42464
-0.00163597 3.59695
-0.00166269 3.76926
-0.00168942 3.94157
-0.00171614 4.11388
-0.00174286 4.28619
-0.00176958 4.4585
-0.00179631 4.63081
-0.00182303 4.80312
-0.00184975 4.97543
-0.00187648 5.14774
-0.0019032 5.32005
-0.00192992 5.49236
-0.00195665 5.66467
-0.00198337 5.83698
-0.00201009 6.00929
-0.00203682 6.1816
-0.00206354 6.35391
-0.00209026 6.52622
-0.00211699 6.69853
-0.00214371 6.87084
-0.00217043 7.04315
-0.00219715 7.21546
-0.00222388 7.38777
-0.0022506 7.56009
-0.00227732 7.7324
-0.00230405 7.90471
-0.00233077 8.07702
-0.00235749 8.24933
-0.00238422 8.42164
-0.00241094 8.59395
-0.00243766 8.76626
-0.00246439 8.93857
-0.00249111 9.11088
-0.00251783 9.28319
-0.00254455 9.4555
-0.00257128 9.62781
-0.002598 9.80012
-0.00262472 9.97243
-0.00265145 10.1447
-0.00267817 10.3171
-0.00270489 10.4894
-0.00273162 10.6617
-0.00275834 10.834
-0.00278506 11.0063
-0.00281179 11.1786
-0.00283851 11.3509
-0.00286523 11.5232
-0.00289196 11.6955
-0.00291868 11.8678
-0.0029454 12.0402
-0.00297212 12.2125
-0.00299885 12.3848
-0.00302557 12.5571
-0.00305229 12.7294
-0.00307902 12.9017
-0.00310574 13.074
-0.00313246 13.2463
-0.00315919 13.4186
-0.00318591 13.5909
-0.00321263 13.7633
-0.00323936 13.9356
-0.00326608 14.1079
-0.0032928 14.2802
-0.00331952 14.4525
-0.00334625 14.6248
-0.00337297 14.7971
-0.00339969 14.9694
-0.00342642 15.1417
-0.00345314 15.3141
-0.00347986 15.4864
-0.00350659 15.6587
-0.00353331 15.831
-0.00356003 16.0033
-0.00358676 16.1756
-0.00361348 16.3479
-0.0036402 16.5202
-0.00366693 16.6925
-0.00369365 16.8648
-0.00372037 17.0372
-0.00374709 17.2095
-0.00377382 17.3818
-0.00380054 17.5541
-0.00382726 17.7264
-0.00385399 17.8987
-0.00388071 18.071
-0.00390743 18.2433
-0.00393416 18.4156
-0.00395844 18.3436
-0.00398272 18.2716
-0.004007 18.1996
-0.00403128 18.1276
-0.00405556 18.0556
-0.00407984 17.9835
-0.00410412 17.9115
-0.0041284 17.8395
-0.00415267 17.7675
-0.00417695 17.6955
-0.00420123 17.6235
-0.00422551 17.5514
-0.00424979 17.4794
-0.00427407 17.4074
-0.00429835 17.3354
-0.00432263 17.2634
-0.00434691 17.1914
-0.00437119 17.1193
-0.00439547 17.0473
-0.00441975 16.9753
-0.00444403 16.9033
-0.00446831 16.8313
-0.00449259 16.7593
-0.00451687 16.6872
-0.00454115 16.6152
-0.00456543 16.5432
-0.00458971 16.4712
-0.00461399 16.3992
-0.00463827 16.3272
-0.00466255 16.2551
-0.00468683 16.1831
-0.00471111 16.1111
-0.00473539 16.0391
-0.00475967 15.9671
-0.00478395 15.8951
-0.00480823 15.823
-0.00483251 15.751
-0.00485679 15.679
-0.00488107 15.607
-0.00490535 15.535
-0.00492963 15.463
-0.00495391 15.3909
-0.00497819 15.3189
-0.00500247 15.2469
-0.00502675 15.1749
-0.00505103 15.1029
-0.00507531 15.0309
-0.00509959 14.9588
-0.00512387 14.8868
-0.00514815 14.8148
-0.005122 14.7002
-0.00509586 14.5856
-0.00506971 14.471
-0.00504356 14.3564
-0.00501742 14.2417
-0.00499127 14.1271
-0.00496513 14.0125
-0.00493898 13.8979
-0.00491283 13.7833
-0.00488669 13.6687
-0.00486054 13.5541
-0.00483439 13.4395
-0.00480825 13.3248
-0.0047821 13.2102
-0.00475596 13.0956
-0.00472981 12.981
-0.00470366 12.8664
-0.00467752 12.7518
-0.00465137 12.6372
-0.00462523 12.5225
-0.00459908 12.4079
-0.00457293 12.2933
-0.00454679 12.1787
-0.00452064 12.0641
-0.00449449 11.9495
-0.00446835 11.8349
-0.0044422 11.7202
-0.00441606 11.6056
-0.00438991 11.491
-0.00436376 11.3764
-0.00433762 11.2618
-0.00431147 11.1472
-0.00428533 11.0326
-0.00425918 10.918
-0.00423303 10.8033
-0.00420689 10.6887
-0.00418074 10.5741
-0.00415459 10.4595
-0.00412845 10.3449
-0.0041023 10.2303
-0.00407616 10.1157
-0.00405001 10.001
-0.00402386 9.88643
-0.00399772 9.77182
-0.00397157 9.6572
-0.00394543 9.54259
-0.00391928 9.42798
-0.00389313 9.31336
-0.00386699 9.19875
-0.00384084 9.08414
-0.0038147 8.96952
-0.00378855 8.85491
-0.0037624 8.74029
-0.00373626 8.62568
-0.00371011 8.51107
-0.00368396 8.39645
-0.00365782 8.28184
-0.00363167 8.16723
-0.00360553 8.05261
-0.00357938 7.938
-0.00355323 7.82339
-0.00352709 7.70877
-0.00350094 7.59416
-0.0034748 7.47955
-0.00344865 7.36493
-0.0034225 7.25032
-0.00339636 7.1357
-0.00337021 7.02109
-0.00334406 6.90648
-0.00331792 6.79186
-0.00329177 6.67725
-0.00326563 6.56264
-0.00323948 6.44802
-0.00321333 6.33341
-0.00318719 6.2188
-0.00316104 6.10418
-0.0031349 5.98957
-0.00310875 5.87496
-0.0030826 5.76034
-0.00305646 5.64573
-0.00303031 5.53111
-0.00300417 5.4165
-0.00297802 5.30189
-0.00295187 5.18727
-0.00292573 5.07266
-0.00289958 4.95805
-0.00287343 4.84343
-0.00284729 4.72882
-0.00282114 4.61421
-0.002795 4.49959
-0.00276885 4.38498
-0.0027427 4.27036
-0.00271656 4.15575
-0.00269041 4.04114
-0.00266427 3.92652
-0.00263812 3.81191
-0.00261197 3.6973
-0.00258583 3.58268
-0.00255968 3.46807
-0.00253353 3.35346
-0.00250739 3.23884
-0.00248124 3.12423
-0.0024551 3.00962
-0.00242895 2.895
-0.0024028 2.78039
-0.00237666 2.66577
-0.00235051 2.55116
-0.00232437 2.43655
-0.00229822 2.32193
-0.00227207 2.20732
-0.00224593 2.09271
-0.00221978 1.97809
-0.00219363 1.86348
-0.00216749 1.74887
-0.00214134 1.63425
-0.0021152 1.51964
-0.00208905 1.40503
-0.0020629 1.29041
-0.00203676 1.1758
-0.00201061 1.06118
-0.00198447 0.946571
-0.00195832 0.831957
-0.00193217 0.717344
-0.00190603 0.60273
-0.00187988 0.488117
-0.00185374 0.373503
-0.00182759 0.258889
-0.00180144 0.144276
-0.0017753 0.0296622
-0.00175 0
-0.001725 0
-0.0017 0
-0.001675 0
-0.00165 0
-0.001625 0
-0.0016 0
-0.001575 0
-0.00155 0
-0.001525 0
-0.0015 0
-0.001475 0
-0.00145 0
-0.001425 0
-0.0014 0
-0.001375 0
-0.00135 0
-0.001325 0
-0.0013 0
-0.001275 0
-0.00125 0
-0.001225 0
-0.0012 0
-0.001175 0
-0.00115 0
-0.001125 0
-0.0011 0
-0.001075 0
-0.00105 0
-0.001025 0
-0.001 0
-0.000975 0
-0.00095 0
-0.000925 0
-0.0009 0
-0.000875 0
-0.00085 0
-0.000825 0
-0.0008 0
-0.000775 0
-0.00075 0
-0.000725 0
-0.0007 0
-0.000675 0
-0.00065 0
-0.000625 0
-0.0006 0
-0.000575 0
-0.00055 0
-0.000525 0
-0.0005 0
-0.000475 0
-0.00045 0
-0.000425 0
-0.0004 0
-0.000375 0
-0.00035 0
-0.000325 0
-0.0003 0
-0.000275 0
-0.00025 0
-0.000225 0
-0.0002 0
-0.000175 0
-0.00015 0
-0.000125 0
-0.0001 0
-7.5e-05 0
-5e-05 0
-2.5e-05 0
-6.09864e-20 0
2.5e-05 0
5e-05 0
7.5e-05 0
0.0001 0
0.000125 0
0.00015 0
0.000175 0
0.0002 0
0.000225 0
0.00025 0
0.000275 0
0.0003 0
0.000325 0
0.00035 0
0.000375 0
0.0004 0
0.000425 0
0.00045 0
0.000475 0
0.0005 0
0.000475 0
0.00045 0
0.000425 0
0.0004 0
0.000375 0
0.00035 0
0.000325 0
0.0003 0
0.000275 0
0.00025 0
0.000225 0
0.0002 0
0.000175 0
0.00015 0
0.000125 0
0.0001 0
7.5e-05 0
5e-05 0
2.5e-05 0
-4.74338e-20 0
-2.5e-05 0
-5e-05 0
-7.5e-05 0
-0.0001 0
-0.000125 0
-0.00015 0
-0.000175 0
-0.0002 0
-0.000225 0
-0.00025 0
-0.000275 0
-0.0003 0
-0.000325 0
-0.00035 0
-0.000375 0
-0.0004 0
-0.000425 0
-0.00045 0
-0.000475 0
-0.0005 0
-0.000525 0
-0.00055 0
-0.000575 0
-0.0006 0
-0.000625 0
-0.00065 0
-0.000675 0
-0.0007 0
-0.000725 0
-0.00075 0
-0.000775 0
-0.0008 0
-0.000825 0
-0.00085 0
-0.000875 0
-0.0009 0
-0.000925 0
-0.00095 0
-0.000975 0
-0.001 0
-0.001025 0
-0.00105 0
-0.001075 0
-0.0011 0
-0.001125 0
-0.00115 0
-0.001175 0
-0.0012 0
-0.001225 0
-0.00125 0
-0.001275 0
-0.0013 0
-0.001325 0
-0.00135 0
-0.001375 0
-0.0014 0
-0.001425 0
-0.00145 0
-0.001475 0
-0.0015 0
-0.001525 0
-0.00155 0
-0.001575 0
-0.0016 0
-0.001625 0
-0.00165 0
-0.001675 0
-0.0017 0
-0.001725 0
-0.00175 0
-0.0017753 0.0296622
-0.00180144 0.144276
-0.00182759 0.258889
-0.00185374 0.373503
-0.00187988 0.488117
-0.00190603 0.60273
-0.00193217 0.717344
-0.00195832 0.831957
-0.00198447 0.946571
-0.00201061 1.06118
-0.00203676 1.1758
-0.0020629 1.29041
-0.00208905 1.40503
-0.0021152 1.51964
-0.00214134 1.63425
-0.00216749 1.74887
-0.00219363 1.86348
-0.00221978 1.97809
-0.00224593 2.09271
-0.00227207 2.20732
-0.00229822 2.32193
-0.00232437 2.43655
-0.00235051 2.55116
-0.00237666 2.66577
-0.0024028 2.78039
-0.00242895 2.895
-0.0024551 3.00962
-0.00248124 3.12423
-0.00250739 3.23884
-0.00253353 3.35346
-0.00255968 3.46807
-0.00258583 3.58268
-0.00261197 3.6973
-0.00263812 3.81191
-0.00266427 3.92652
-0.00269041 4.04114
-0.00271656 4.15575
-0.0027427 4.27036
-0.00276885 4.38498
-0.002795 4.49959
-0.00282114 4.61421
-0.00284729 4.72882
-0.00287343 4.84343
-0.00289958 4.95805
-0.00292573 5.07266
-0.00295187 5.18727
-0.00297802 5.30189
-0.00300417 5.4165
-0.00303031 5.53111
-0.00305646 5.64573
-0.0030826 5.76034
-0.00310875 5.87496
-0.0031349 5.98957
-0.00316104 6.10418
-0.00318719 6.2188
-0.00321333 6.33341
-0.00323948 6.44802
-0.00326563 6.56264
-0.00329177 6.67725
-0.00331792 6.79186
-0.00334406 6.90648
-0.00337021 7.02109
-0.00339636 7.1357
-0.0034225 7.25032
-0.00344865 7.36493
-0.0034748 7.47955
-0.00350094 7.59416
-0.00352709 7.70877
-0.00355323 7.82339
-0.00357938 7.938
-0.00360553 8.05261
-0.00363167 8.16723
-0.00365782 8.28184
-0.00368396 8.39645
-0.00371011 8.51107
-0.00373626 8.62568
-0.0037624 8.74029
-0.00378855 8.85491
-0.0038147 8.96952
-0.00384084 9.08414
-0.00386699 9.19875
-0.00389313 9.31336
-0.00391928 9.42798
-0.00394543 9.54259
-0.00397157 9.6572
-0.00399772 9.77182
-0.00402386 9.88643
-0.00405001 10.001
-0.00407616 10.1157
-0.0041023 10.2303
-0.00412845 10.3449
-0.00415459 10.4595
-0.00418074 10.5741
-0.00420689 10.6887
-0.00423303 10.8033
-0.00425918 10.918
-0.00428533 11.0326
-0.00431147 11.1472
-0.00433762 11.2618
-0.00436376 11.3764
-0.00438991 11.491
-0.00441606 11.6056
-0.0044422 11.7202
-0.00446835 11.8349
-0.00449449 11.9495
-0.00452064 12.0641
-0.00454679 12.1787
-0.00457293 12.2933
-0.00459908 12.4079
-0.00462523 12.5225
-0.00465137 12.6372
-0.00467752 12.7518
-0.00470366 12.8664
-0.00472981 12.981
-0.00475596 13.0956
-0.0047821 13.2102
-0.00480825 13.3248
-0.00483439 13.4395
-0.00486054 13.5541
-0.00488669 13.6687
-0.00491283 13.7833
-0.00493898 13.8979
-0.00496513 14.0125
-0.00499127 14.1271
-0.00501742 14.2417
-0.00504356 14.3564
-0.00506971 14.471
-0.00509586 14.5856
-0.005122 14.7002
-0.00514815 14.8148
-0.00517243 14.7428
-0.00519671 14.6708
-0.00522099 14.5988
-0.00524527 14.5267
-0.00526955 14.4547
-0.00529383 14.3827
-0.00531811 14.3107
-0.00534239 14.2387
-0.00536667 14.1667
-0.00539095 14.0947
-0.00541523 14.0226
-0.00543951 13.9506
-0.00546379 13.8786
-0.00548807 13.8066
-0.00551235 13.7346
-0.00553663 13.6626
-0.00556091 13.5905
-0.00558519 13.5185
-0.00560947 13.4465
-0.00563374 13.3745
-0.00565802 13.3025
-0.0056823 13.2305
-0.00570658 13.1584
-0.00573086 13.0864
-0.00575514 13.0144
-0.00577942 12.9424
-0.0058037 12.8704
-0.00582798 12.7984
-0.00585226 12.7263
-0.00587654 12.6543
-0.00590082 12.5823
-0.0059251 12.5103
-0.00594938 12.4383
-0.00597366 12.3663
-0.00599794 12.2942
-0.00602222 12.2222
-0.0060465 12.1502
-0.00607078 12.0782
-0.00609506 12.0062
-0.00611934 11.9342
-0.00614362 11.8621
-0.0061679 11.7901
-0.00619218 11.7181
-0.00621646 11.6461
-0.00624074 11.5741
-0.00626502 11.5021
-0.0062893 11.43
-0.00631358 11.358
-0.00633786 11.286
-0.00636214 11.214
-0.00633637 11.1372
-0.0063106 11.0604
-0.00628484 10.9836
-0.00625907 10.9068
-0.0062333 10.83
-0.00620753 10.7532
-0.00618176 10.6764
-0.006156 10.5996
-0.00613023 10.5228
-0.00610446 10.446
-0.00607869 10.3692
-0.00605292 10.2924
-0.00602716 10.2156
-0.00600139 10.1388
-0.00597562 10.062
-0.00594985 9.98524
-0.00592408 9.90844
-0.00589832 9.83165
-0.00587255 9.75485
-0.00584678 9.67805
-0.00582101 9.60126
-0.00579524 9.52446
-0.00576948 9.44766
-0.00574371 9.37086
-0.00571794 9.29407
-0.00569217 9.21727
-0.0056664 9.14047
-0.00564064 9.06368
-0.00561487 8.98688
-0.0055891 8.91008
-0.00556333 8.83329
-0.00553756 8.75649
-0.0055118 8.67969
-0.00548603 8.6029
-0.00546026 8.5261
-0.00543449 8.4493
-0.00540873 8.3725
-0.00538296 8.29571
-0.00535719 8.21891
-0.00533142 8.14211
-0.00530565 8.06532
-0.00527989 7.98852
-0.00525412 7.91172
-0.00522835 7.83493
-0.00520258 7.75813
-0.00517681 7.68133
-0.00515105 7.60454
-0.00512528 7.52774
-0.00509951 7.45094
-0.00507374 7.37414
-0.00504797 7.29735
-0.00502221 7.22055
-0.00499644 7.14375
-0.00497067 7.06696
-0.0049449 6.99016
-0.00491913 6.91336
-0.00489337 6.83657
-0.0048676 6.75977
-0.00484183 6.68297
-0.00481606 6.60617
-0.00479029 6.52938
-0.00476453 6.45258
-0.00473876 6.37578
-0.00471299 6.29899
-0.00468722 6.22219
-0.00466145 6.14539
-0.00463569 6.0686
-0.00460992 5.9918
-0.00458415 5.915
-0.00455838 5.83821
-0.00453261 5.76141
-0.00450685 5.68461
-0.00448108 5.60781
-0.00445531 5.53102
-0.00442954 5.45422
-0.00440377 5.37742
-0.00437801 5.30063
-0.00435224 5.22383
-0.00432647 5.14703
-0.0043007 5.07024
-0.00427493 4.99344
-0.00424917 4.91664
-0.0042234 4.83984
-0.00419763 4.76305
-0.00417186 4.68625
-0.00414609 4.60945
-0.00412033 4.53266
-0.00409456 4.45586
-0.00406879 4.37906
-0.00404302 4.30227
-0.00401725 4.22547
-0.00399149 4.14867
-0.00396572 4.07188
-0.00393995 3.99508
-0.00391418 3.91828
-0.00388841 3.84148
-0.00386265 3.76469
-0.00383688 3.68789
-0.00381111 3.61109
-0.00378534 3.5343
-0.00375957 3.4575
-0.00373381 3.3807
-0.00370804 3.30391
-0.00368227 3.22711
-0.0036565 3.15031
-0.00363074 3.07352
-0.00360497 2.99672
-0.0035792 2.91992
-0.00355343 2.84312
-0.00352766 2.76633
-0.0035019 2.68953
-0.00347613 2.61273
-0.00345036 2.53594
-0.00342459 2.45914
-0.00339882 2.38234
-0.00337306 2.30555
-0.00334729 2.22875
-0.00332152 2.15195
-0.00329575 2.07515
-0.00326998 1.99836
-0.00324422 1.92156
-0.00321845 1.84476
-0.00319268 1.76797
-0.00316691 1.69117
-0.00314114 1.61437
-0.00311538 1.53758
-0.00308961 1.46078
-0.00306384 1.38398
-0.00303807 1.30719
-0.0030123 1.23039
-0.00298654 1.15359
-0.00296077 1.07679
-0.002935 0.999997
-0.00290923 0.9232
-0.00288346 0.846404
-0.0028577 0.769607
-0.00283193 0.69281
-0.00280616 0.616013
-0.00278039 0.539216
-0.00275462 0.462419
-0.00272886 0.385622
-0.00270309 0.308825
-0.00267732 0.232028
-0.00265155 0.155231
-0.00262578 0.078434
-0.00260002 0.00163707
-0.002575 0
-0.00255 0
-0.002525 0
-0.0025 0
-0.002475 0
-0.00245 0
-0.002425 0
-0.0024 0
-0.002375 0
-0.00235 0
-0.002325 0
-0.0023 0
-0.002275 0
-0.00225 0
-0.002225 0
-0.0022 0
-0.002175 0
-0.00215 0
-0.002125 0
-0.0021 0
-0.002075 0
-0.00205 0
-0.002025 0
-0.002 0
-0.001975 0
-0.00195 0
-0.001925 0
-0.0019 0
-0.001875 0
-0.00185 0
-0.001825 0
-0.0018 0
-0.001775 0
-0.00175 0
-0.001725 0
-0.0017 0
-0.001675 0
-0.00165 0
-0.001625 0
-0.0016 0
-0.001575 0
-0.00155 0
-0.001525 0
-0.0015 0
-0.001475 0
-0.00145 0
-0.001425 0
-0.0014 0
-0.001375 0
-0.00135 0
-0.001325 0
-0.0013 0
-0.001275 0
-0.00125 0
-0.001225 0
-0.0012 0
-0.001175 0
-0.00115 0
-0.001125 0
-0.0011 0
-0.001075 0
-0.00105 0
-0.001025 0
-0.001 0
-0.000975 0
-0.00095 0
-0.000925 0
-0.0009 0
-0.000875 0
-0.00085 0
-0.000825 0
-0.0008 0
-0.000775 0
-0.00075 0
-0.000725 0
-0.0007 0
-0.000675 0
-0.00065 0
-0.000625 0
-0.0006 0
-0.000575 0
-0.00055 0
-0.000525 0
-0.0005 0
-0.000475 0
-0.00045 0
-0.000425 0
-0.0004 0
-0.000375 0
-0.00035 0
-0.000325 0
-0.0003 0
-0.000275 0
-0.00025 0
-0.000225 0
-0.0002 0
-0.000175 0
-0.00015 0
-0.000125 0
-0.0001 0
-7.5e-05 0
-5e-05 0
-2.5e-05 0
-6.09864e-20 0
2.5e-05 0
5e-05 0
7.5e-05 0
0.0001 0
0.000125 0
0.00015 0
0.000175 0
0.0002 0
0.000225 0
0.00025 0
0.000275 0
0.0003 0
0.000325 0
0.00035 0
0.000375 0
0.0004 0
0.000425 0
0.00045 0
0.000475 0
0.0005 0
0.000525 0
0.00055 0
0.000575 0
0.0006 0
0.000625 0
0.0006 0
0.000575 0
0.00055 0
0.000525 0
0.0005 0
0.000475 0
0.00045 0
0.000425 0
0.0004 0
0.000375 0
0.00035 0
0.000325 0
0.0003 0
0.000275 0
0.00025 0
0.000225 0
0.0002 0
0.000175 0
0.00015 0
0.000125 0
0.0001 0
7.5e-05 0
5e-05 0
2.5e-05 0
-4.74338e-20 0
-2.5e-05 0
-5e-05 0
-7.5e-05 0
-0.0001 0
-0.000125 0
-0.00015 0
-0.000175 0
-0.0002 0
-0.000225 0
-0.00025 0
-0.000275 0
-0.0003 0
-0.000325 0
-0.00035 0
-0.000375 0
-0.0004 0
-0.000425 0
-0.00045 0
-0.000475 0
-0.0005 0
-0.000525 0
-0.00055 0
-0.000575 0
-0.0006 0
-0.000625 0
-0.00065 0
-0.000675 0
-0.0007 0
-0.000725 0
-0.00075 0
-0.000775 0
-0.0008 0
-0.000825 0
-0.00085 0
-0.000875 0
-0.0009 0
-0.000925 0
-0.00095 0
-0.000975 0
-0.001 0
-0.001025 0
-0.00105 0
-0.001075 0
-0.0011 0
-0.001125 0
-0.00115 0
-0.001175 0
-0.0012 0
-0.001225 0
-0.00125 0
-0.001275 0
-0.0013 0
-0.001325 0
-0.00135 0
-0.001375 0
-0.0014 0
-0.001425 0
-0.00145 0
-0.001475 0
-0.0015 0
-0.001525 0
-0.00155 0
-0.001575 0
-0.0016 0
-0.001625 0
-0.00165 0
-0.001675 0
-0.0017 0
-0.001725 0
-0.00175 0
-0.001775 0
-0.0018 0
-0.001825 0
-0.00185 0
-0.001875 0
-0.0019 0
-0.001925 0
-0.00195 0
-0.001975 0
-0.002 0
-0.002025 0
-0.00205 0
-0.002075 0
-0.0021 0
-0.002125 0
-0.00215 0
-0.002175 0
-0.0022 0
-0.002225 0
-0.00225 0
-0.002275 0
-0.0023 0
-0.002325 0
-0.00235 0
-0.002375 0
-0.0024 0
-0.002425 0
-0.00245 0
-0.002475 0
-0.0025 0
-0.002525 0
-0.00255 0
-0.002575 0
-0.00260002 0.00163707
-0.00262578 0.078434
-0.00265155 0.155231
-0.00267732 0.232028
-0.00270309 0.308825
-0.00272886 0.385622
-0.00275462 0.462419
-0.00278039 0.539216
-0.00280616 0.616013
-0.00283193 0.69281
-0.0028577 0.769607
-0.00288346 0.846404
-0.00290923 0.9232
-0.002935 0.999997
-0.00296077 1.07679
-0.00298654 1.15359
-0.0030123 1.23039
-0.00303807 1.30719
-0.00306384 1.38398
-0.00308961 1.46078
-0.00311538 1.53758
-0.00314114 1.61437
-0.00316691 1.69117
-0.00319268 1.76797
-0.00321845 1.84476
-0.00324422 1.92156
-0.00326998 1.99836
-0.00329575 2.07515
-0.00332152 2.15195
-0.00334729 2.22875
-0.00337306 2.30555
-0.00339882 2.38234
-0.00342459 2.45914
-0.00345036 2.53594
-0.00347613 2.61273
-0.0035019 2.68953
-0.00352766 2.76633
-0.00355343 2.84312
-0.0035792 2.91992
-0.00360497 2.99672
-0.00363074 3.07352
-0.0036565 3.15031
-0.00368227 3.22711
-0.00370804 3.30391
-0.00373381 3.3807
-0.00375957 3.4575
-0.00378534 3.5343
-0.00381111 3.61109
-0.00383688 3.68789
-0.00386265 3.76469
-0.00388841 3.84148
-0.00391418 3.91828
-0.00393995 3.99508
-0.00396572 4.07188
-0.00399149 4.14867
-0.00401725 4.22547
-0.00404302 4.30227
-0.00406879 4.37906
-0.00409456 4.45586
-0.00412033 4.53266
-0.00414609 4.60945
-0.00417186 4.68625
-0.00419763 4.76305
-0.0042234 4.83984
-0.00424917 4.91664
-0.00427493 4.99344
-0.0043007 5.07024
-0.00432647 5.14703
-0.00435224 5.22383
-0.00437801 5.30063
-0.00440377 5.37742
-0.00442954 5.45422
-0.00445531 5.53102
-0.00448108 5.60781
-0.00450685 5.68461
-0.00453261 5.76141
-0.00455838 5.83821
-0.00458415 5.915
-0.00460992 5.9918
-0.00463569 6.0686
-0.00466145 6.14539
-0.00468722 6.22219
-0.00471299 6.29899
-0.00473876 6.37578
-0.00476453 6.45258
-0.00479029 6.52938
-0.00481606 6.60617
-0.00484183 6.68297
-0.0048676 6.75977
-0.00489337 6.83657
-0.00491913 6.91336
-0.0049449 6.99016
-0.00497067 7.06696
-0.00499644 7.14375
-0.00502221 7.22055
-0.00504797 7.29735
-0.00507374 7.37414
-0.00509951 7.45094
-0.00512528 7.52774
-0.00515105 7.60454
-0.00517681 7.68133
-0.00520258 7.75813
-0.00522835 7.83493
-0.00525412 7.91172
-0.00527989 7.98852
-0.00530565 8.06532
-0.00533142 8.14211
-0.00535719 8.21891
-0.00538296 8.29571
-0.00540873 8.3725
-0.00543449 8.4493
-0.00546026 8.5261
-0.00548603 8.6029
-0.0055118 8.67969
-0.00553756 8.75649
-0.00556333 8.83329
-0.0055891 8.91008
-0.00561487 8.98688
-0.00564064 9.06368
-0.0056664 9.14047
-0.00569217 9.21727
-0.00571794 9.29407
-0.00574371 9.37086
-0.00576948 9.44766
-0.00579524 9.52446
-0.00582101 9.60126
-0.00584678 9.67805
-0.00587255 9.75485
-0.00589832 9.83165
-0.00592408 9.90844
-0.00594985 9.98524
-0.00597562 10.062
-0.00600139 10.1388
-0.00602716 10.2156
-0.00605292 10.2924
-0.00607869 10.3692
-0.00610446 10.446
-0.00613023 10.5228
-0.006156 10.5996
-0.00618176 10.6764
-0.00620753 10.7532
-0.0062333 10.83
-0.00625907 10.9068
-0.00628484 10.9836
-0.0063106 11.0604
-0.00633637 11.1372
-0.00636214 11.214
-0.00638642 11.142
-0.0064107 11.07
-0.00643498 10.9979
-0.00645926 10.9259
-0.00648354 10.8539
-0.00650782 10.7819
-0.0065321 10.7099
-0.00655638 10.6379
-0.00658066 10.5658
-0.00660494 10.4938
-0.00662922 10.4218
-0.0066535 10.3498
-0.00667778 10.2778
-0.00670206 10.2058
-0.00672634 10.1337
-0.00675062 10.0617
-0.0067749 9.98971
-0.00679918 9.9177
-0.00682346 9.84568
-0.00684774 9.77366
-0.00687202 9.70165
-0.0068963 9.62963
-0.00692058 9.55761
-0.00694486 9.4856
-0.00696914 9.41358
-0.00699342 9.34156
-0.0070177 9.26955
-0.00704198 9.19753
-0.00706626 9.12551
-0.00709053 9.0535
-0.00711481 8.98148
-0.00713909 8.90947
-0.00716337 8.83745
-0.00718765 8.76543
-0.00721193 8.69342
-0.00723621 8.6214
-0.00726049 8.54938
-0.00728477 8.47737
-0.00730905 8.40535
-0.00733333 8.33333
-0.00735761 8.26132
-0.00738189 8.1893
-0.00740617 8.11728
-0.00743045 8.04527
-0.00745473 7.97325
-0.00747901 7.90123
-0.00750329 7.82922
-0.00752757 7.7572
-0.00755185 7.68519
-0.00757613 7.61317
-0.00755065 7.56548
-0.00752518 7.5178
-0.0074997 7.47011
-0.00747422 7.42243
-0.00744875 7.37474
-0.00742327 7.32705
-0.00739779 7.27937
-0.00737232 7.23168
-0.00734684 7.184
-0.00732136 7.13631
-0.00729589 7.08863
-0.00727041 7.04094
-0.00724493 6.99325
-0.00721946 6.94557
-0.00719398 6.89788
-0.0071685 6.8502
-0.00714303 6.80251
-0.00711755 6.75483
-0.00709207 6.70714
-0.00706659 6.65945
-0.00704112 6.61177
-0.00701564 6.56408
-0.00699016 6.5164
-0.00696469 6.46871
-0.00693921 6.42103
-0.00691373 6.37334
-0.00688826 6.32565
-0.00686278 6.27797
-0.0068373 6.23028
-0.00681183 6.1826
-0.00678635 6.13491
-0.00676087 6.08723
-0.0067354 6.03954
-0.00670992 5.99185
-0.00668444 5.94417
-0.00665896 5.89648
-0.00663349 5.8488
-0.00660801 5.80111
-0.00658253 5.75343
-0.00655706 5.70574
-0.00653158 5.65805
-0.0065061 5.61037
-0.00648063 5.56268
-0.00645515 5.515
-0.00642967 5.46731
-0.0064042 5.41963
-0.00637872 5.37194
-0.00635324 5.32425
-0.00632777 5.27657
-0.00630229 5.22888
-0.00627681 5.1812
-0.00625134 5.13351
-0.00622586 5.08583
-0.00620038 5.03814
-0.0061749 4.99045
-0.00614943 4.94277
-0.00612395 4.89508
-0.00609847 4.8474
-0.006073 4.79971
-0.00604752 4.75203
-0.00602204 4.70434
-0.00599657 4.65665
-0.00597109 4.60897
-0.00594561 4.56128
-0.00592014 4.5136
-0.00589466 4.46591
-0.00586918 4.41823
-0.00584371 4.37054
-0.00581823 4.32285
-0.00579275 4.27517
-0.00576727 4.22748
-0.0057418 4.1798
-0.00571632 4.13211
-0.00569084 4.08443
-0.00566537 4.03674
-0.00563989 3.98905
-0.00561441 3.94137
-0.00558894 3.89368
-0.00556346 3.846
-0.00553798 3.79831
-0.00551251 3.75063
-0.00548703 3.70294
-0.00546155 3.65525
-0.00543608 3.60757
-0.0054106 3.55988
-0.00538512 3.5122
-0.00535965 3.46451
-0.00533417 3.41683
-0.00530869 3.36914
-0.00528321 3.32145
-0.00525774 3.27377
-0.00523226 3.22608
-0.00520678 3.1784
-0.00518131 3.13071
-0.00515583 3.08303
-0.00513035 3.03534
-0.00510488 2.98765
-0.0050794 2.93997
-0.00505392 2.89228
-0.00502845 2.8446
-0.00500297 2.79691
-0.00497749 2.74923
-0.00495202 2.70154
-0.00492654 2.65385
-0.00490106 2.60617
-0.00487558 2.55848
-0.00485011 2.5108
-0.00482463 2.46311
-0.00479915 2.41543
-0.00477368 2.36774
-0.0047482 2.32005
-0.00472272 2.27237
-0.00469725 2.22468
-0.00467177 2.177
-0.00464629 2.12931
-0.00462082 2.08163
-0.00459534 2.03394
-0.00456986 1.98625
-0.00454439 1.93857
-0.00451891 1.89088
-0.00449343 1.8432
-0.00446796 1.79551
-0.00444248 1.74782
-0.004417 1.70014
-0.00439152 1.65245
-0.00436605 1.60477
-0.00434057 1.55708
-0.00431509 1.5094
-0.00428962 1.46171
-0.00426414 1.41402
-0.00423866 1.36634
-0.00421319 1.31865
-0.00418771 1.27097
-0.00416223 1.22328
-0.00413676 1.1756
-0.00411128 1.12791
-0.0040858 1.08022
-0.00406033 1.03254
-0.00403485 0.984853
-0.00400937 0.937168
-0.00398389 0.889482
-0.00395842 0.841796
-0.00393294 0.794111
-0.00390746 0.746425
-0.00388199 0.698739
-0.00385651 0.651053
-0.00383103 0.603368
-0.00380556 0.555682
-0.00378008 0.507996
-0.0037546 0.46031
-0.00372913 0.412625
-0.00370365 0.364939
-0.00367817 0.317253
-0.0036527 0.269568
-0.00362722 0.221882
-0.00360174 0.174196
-0.00357627 0.12651
-0.00355079 0.0788247
-0.00352531 0.031139
-0.0035 0
-0.003475 0
-0.00345 0
-0.003425 0
-0.0034 0
-0.003375 0
-0.00335 0
-0.003325 0
-0.0033 0
-0.003275 0
-0.00325 0
-0.003225 0
-0.0032 0
-0.003175 0
-0.00315 0
-0.003125 0
-0.0031 0
-0.003075 0
-0.00305 0
-0.003025 0
-0.003 0
-0.002975 0
-0.00295 0
-0.002925 0
-0.0029 0
-0.002875 0
-0.00285 0
-0.002825 0
-0.0028 0
-0.002775 0
-0.00275 0
-0.002725 0
-0.0027 0
-0.002675 0
-0.00265 0
-0.002625 0
-0.0026 0
-0.002575 0
-0.00255 0
-0.002525 0
-0.0025 0
-0.002475 0
-0.00245 0
-0.002425 0
-0.0024 0
-0.002375 0
-0.00235 0
-0.002325 0
-0.0023 0
-0.002275 0
-0.00225 0
-0.002225 0
-0.0022 0
-0.002175 0
-0.00215 0
-0.002125 0
-0.0021 0
-0.002075 0
-0.00205 0
-0.002025 0
-0.002 0
-0.001975 0
-0.00195 0
-0.001925 0
-0.0019 0
-0.001875 0
-0.00185 0
-0.001825 0
-0.0018 0
-0.001775 0
-0.00175 0
-0.001725 0
-0.0017 0
-0.001675 0
-0.00165 0
-0.001625 0
-0.0016 0
-0.001575 0
-0.00155 0
-0.001525 0
-0.0015 0
-0.001475 0
-0.00145 0
-0.001425 0
-0.0014 0
-0.001375 0
-0.00135 0
-0.001325 0
-0.0013 0
-0.001275 0
-0.00125 0
-0.001225 0
-0.0012 0
-0.001175 0
-0.00115 0
-0.001125 0
-0.0011 0
-0.001075 0
-0.00105 0
-0.001025 0
-0.001 0
-0.000975 0
-0.00095 0
-0.000925 0
-0.0009 0
-0.000875 0
-0.00085 0
-0.000825 0
-0.0008 0
-0.000775 0
-0.00075 0
-0.000725 0
-0.0007 0
-0.000675 0
-0.00065 0
-0.000625 0
-0.0006 0
-0.000575 0
-0.00055 0
-0.000525 0
-0.0005 0
-0.000475 0
-0.00045 0
-0.000425 0
-0.0004 0
-0.000375 0
-0.00035 0
-0.000325 0
-0.0003 0
-0.000275 0
-0.00025 0
-0.000225 0
-0.0002 0
-0.000175 0
-0.00015 0
-0.000125 0
-0.0001 0
-7.5e-05 0
-5e-05 0
-2.5e-05 0
-6.09864e-20 0
2.5e-05 0
5e-05 0
7.5e-05 0
0.0001 0
0.000125 0
0.00015 0
0.000175 0
0.0002 0
0.000225 0
0.00025 0
0.000275 0
0.0003 0
0.000325 0
0.00035 0
0.000375 0
0.0004 0
0.000425 0
0.00045 0
0.000475 0
0.0005 0
0.000525 0
0.00055 0
0.000575 0
0.0006 0
0.000625 0
0.00065 0
0.000675 0
0.0007 0
0.000725 0
0.00075 0
0.000725 0
0.0007 0
0.000675 0
0.00065 0
0.000625 0
0.0006 0
0.000575 0
0.00055 0
0.000525 0
0.0005 0
0.000475 0
0.00045 0
0.000425 0
0.0004 0
0.000375 0
0.00035 0
0.000325 0
0.0003 0
0.000275 0
0.00025 0
0.000225 0
0.0002 0
0.000175 0
0.00015 0
0.000125 0
0.0001 0
7.5e-05 0
5e-05 0
2.5e-05 0
-4.74338e-20 0
-2.5e-05 0
-5e-05 0
-7.5e-05 0
-0.0001 0
-0.000125 0
-0.00015 0
-0.000175 0
-0.0002 0
-0.000225 0
-0.00025 0
-0.000275 0
-0.0003 0
-0.000325 0
-0.00035 0
-0.000375 0
-0.0004 0
-0.000425 0
-0.00045 0
-0.000475 0
-0.0005 0
-0.000525 0
-0.00055 0
-0.000575 0
-0.0006 0
-0.000625 0
-0.00065 0
-0.000675 0
-0.0007 0
-0.000725 0
-0.00075 0
-0.000775 0
-0.0008 0
-0.000825 0
-0.00085 0
-0.000875 0
-0.0009 0
-0.000925 0
-0.00095 0
-0.000975 0
-0.001 0
-0.001025 0
-0.00105 0
-0.001075 0
-0.0011 0
-0.001125 0
-0.00115 0
-0.001175 0
-0.0012 0
-0.001225 0
-0.00125 0
-0.001275 0
-0.0013 0
-0.001325 0
-0.00135 0
-0.001375 0
-0.0014 0
-0.001425 0
-0.00145 0
-0.001475 0
-0.0015 0
-0.001525 0
-0.00155 0
-0.001575 0
-0.0016 0
-0.001625 0
-0.00165 0
-0.001675 0
-0.0017 0
-0.001725 0
-0.00175 0
-0.001775 0
-0.0018 0
-0.001825 0
-0.00185 0
-0.001875 0
-0.0019 0
-0.001925 0
-0.00195 0
-0.001975 0
-0.002 0
-0.002025 0
-0.00205 0
-0.002075 0
-0.0021 0
-0.002125 0
-0.00215 0
-0.002175 0
-0.0022 0
-0.002225 0
-0.00225 0
-0.002275 0
-0.0023 0
-0.002325 0
-0.00235 0
-0.002375 0
-0.0024 0
-0.002425 0
-0.00245 0
-0.002475 0
-0.0025 0
-0.002525 0
-0.00255 0
-0.002575 0
-0.0026 0
-0.002625 0
-0.00265 0
-0.002675 0
-0.0027 0
-0.002725 0
-0.00275 0
-0.002775 0
-0.0028 0
-0.002825 0
-0.00285 0
-0.002875 0
-0.0029 0
-0.002925 0
-0.00295 0
-0.002975 0
-0.003 0
-0.003025 0
-0.00305 0
-0.003075 0
-0.0031 0
-0.003125 0
-0.00315 0
-0.003175 0
-0.0032 0
-0.003225 0
-0.00325 0
-0.003275 0
-0.0033 0
-0.003325 0
-0.00335 0
-0.003375 0
-0.0034 0
-0.003425 0
-0.00345 0
-0.003475 0
-0.0035 0
-0.00352531 0.031139
-0.00355079 0.0788247
-0.00357627 0.12651
-0.00360174 0.174196
-0.00362722 0.221882
-0.0036527 0.269568
-0.00367817 0.317253
-0.00370365 0.364939
-0.00372913 0.412625
-0.0037546 0.46031
-0.00378008 0.507996
-0.00380556 0.555682
-0.00383103 0.603368
-0.00385651 0.651053
-0.00388199 0.698739
-0.00390746 0.746425
-0.00393294 0.794111
-0.00395842 0.841796
-0.00398389 0.889482
-0.00400937 0.937168
-0.00403485 0.984853
-0.00406033 1.03254
-0.0040858 1.08022
-0.00411128 1.12791
-0.00413676 1.1756
-0.00416223 1.22328
-0.00418771 1.27097
-0.00421319 1.31865
-0.00423866 1.36634
-0.00426414 1.41402
-0.00428962 1.46171
-0.00431509 1.5094
-0.00434057 1.55708
-0.00436605 1.60477
-0.00439152 1.65245
-0.004417 1.70014
-0.00444248 1.74782
-0.00446796 1.79551
-0.00449343 1.8432
-0.00451891 1.89088
-0.00454439 1.93857
-0.00456986 1.98625
-0.00459534 2.03394
-0.00462082 2.08163
-0.00464629 2.12931
-0.00467177 2.177
-0.00469725 2.22468
-0.00472272 2.27237
-0.0047482 2.32005
-0.00477368 2.36774
-0.00479915 2.41543
-0.00482463 2.46311
-0.00485011 2.5108
-0.00487558 2.55848
-0.00490106 2.60617
-0.00492654 2.65385
-0.00495202 2.70154
-0.00497749 2.74923
-0.00500297 2.79691
-0.00502845 2.8446
-0.00505392 2.89228
-0.0050794 2.93997
-0.00510488 2.98765
-0.00513035 3.03534
-0.00515583 3.08303
-0.00518131 3.13071
-0.00520678 3.1784
-0.00523226 3.22608
-0.00525774 3.27377
-0.00528321 3.32145
-0.00530869 3.36914
-0.00533417 3.41683
-0.00535965 3.46451
-0.00538512 3.5122
-0.0054106 3.55988
-0.00543608 3.60757
-0.00546155 3.65525
-0.00548703 3.70294
-0.00551251 3.75063
-0.00553798 3.79831
-0.00556346 3.846
-0.00558894 3.89368
-0.00561441 3.94137
-0.00563989 3.98905
-0.00566537 4.03674
-0.00569084 4.08443
-0.00571632 4.13211
-0.0057418 4.1798
-0.00576727 4.22748
-0.00579275 4.27517
-0.00581823 4.32285
-0.00584371 4.37054
-0.00586918 4.41823
-0.00589466 4.46591
-0.00592014 4.5136
-0.00594561 4.56128
-0.00597109 4.60897
-0.00599657 4.65665
-0.00602204 4.70434
-0.00604752 4.75203
-0.006073 4.79971
-0.00609847 4.8474
-0.00612395 4.89508
-0.00614943 4.94277
-0.0061749 4.99045
-0.00620038 5.03814
-0.00622586 5.08583
-0.00625134 5.13351
-0.00627681 5.1812
-0.00630229 5.22888
-0.00632777 5.27657
-0.00635324 5.32425
-0.00637872 5.37194
-0.0064042 5.41963
-0.00642967 5.46731
-0.00645515 5.515
-0.00648063 5.56268
-0.0065061 5.61037
-0.00653158 5.65805
-0.00655706 5.70574
-0.00658253 5.75343
-0.00660801 5.80111
-0.00663349 5.8488
-0.00665896 5.89648
-0.00668444 5.94417
-0.00670992 5.99185
-0.0067354 6.03954
-0.00676087 6.08723
-0.00678635 6.13491
-0.00681183 6.1826
-0.0068373 6.23028
-0.00686278 6.27797
-0.00688826 6.32565
-0.00691373 6.37334
-0.00693921 6.42103
-0.00696469 6.46871
-0.00699016 6.5164
-0.00701564 6.56408
-0.00704112 6.61177
-0.00706659 6.65945
-0.00709207 6.70714
-0.00711755 6.75483
-0.00714303 6.80251
-0.0071685 6.8502
-0.00719398 6.89788
-0.00721946 6.94557
-0.00724493 6.99325
-0.00727041 7.04094
-0.00729589 7.08863
-0.00732136 7.13631
-0.00734684 7.184
-0.00737232 7.23168
-0.00739779 7.27937
-0.00742327 7.32705
-0.00744875 7.37474
-0.00747422 7.42243
-0.0074997 7.47011
-0.00752518 7.5178
-0.00755065 7.56548
-0.00757613 7.61317
-0.00760041 7.54115
-0.00762469 7.46914
-0.00764897 7.39712
-0.00767325 7.3251
-0.00769753 7.25309
-0.00772181 7.18107
-0.00774609 7.10905
-0.00777037 7.03704
-0.00779465 6.96502
-0.00781893 6.893
-0.00784321 6.82099
-0.00786749 6.74897
-0.00789177 6.67695
-0.00791605 6.60494
-0.00794033 6.53292
-0.00796461 6.46091
-0.00798889 6.38889
-0.00801317 6.31687
-0.00803745 6.24486
-0.00806173 6.17284
-0.00808601 6.10082
-0.00811029 6.02881
-0.008135 6
-0.00816 6
-0.008185 6
-0.00821 6
-0.008235 6
-0.00826 6
-0.008285 6
-0.00831 6
-0.008335 6
-0.00836 6
-0.008385 6
-0.00841 6
-0.008435 6
-0.00846 6
-0.008485 6
-0.00851 6
-0.008535 6
-0.00856 6
-0.008585 6
-0.00861 6
-0.008635 6
-0.00866 6
-0.008685 6
-0.00871 6
-0.008735 6
-0.00876 6
-0.008785 6
-0.00881 6
-0.00878469 5.96897
-0.00875938 5.93794
-0.00873407 5.90691
-0.00870876 5.87588
-0.00868345 5.84485
-0.00865814 5.81382
-0.00863283 5.78279
-0.00860752 5.75176
-0.00858221 5.72073
-0.0085569 5.6897
-0.00853159 5.65867
-0.00850628 5.62764
-0.00848097 5.59661
-0.00845566 5.56558
-0.00843035 5.53455
-0.00840504 5.50352
-0.00837972 5.47249
-0.00835441 5.44146
-0.0083291 5.41043
-0.00830379 5.3794
-0.00827848 5.34837
-0.00825317 5.31734
-0.00822786 5.28631
-0.00820255 5.25528
-0.00817724 5.22424
-0.00815193 5.19321
-0.00812662 5.16218
-0.00810131 5.13115
-0.008076 5.10012
-0.00805069 5.06909
-0.00802538 5.03806
-0.00800007 5.00703
-0.00797476 4.976
-0.00794945 4.94497
-0.00792414 4.91394
-0.00789883 4.88291
-0.00787352 4.85188
-0.00784821 4.82085
-0.0078229 4.78982
-0.00779759 4.75879
-0.00777228 4.72776
-0.00774697 4.69673
-0.00772166 4.6657
-0.00769635 4.63467
-0.00767104 4.60364
-0.00764573 4.57261
-0.00762042 4.54158
-0.00759511 4.51055
-0.0075698 4.47952
-0.00754448 4.44849
-0.00751917 4.41746
-0.00749386 4.38643
-0.00746855 4.3554
-0.00744324 4.32437
-0.00741793 4.29334
-0.00739262 4.26231
-0.00736731 4.23128
-0.007342 4.20025
-0.00731669 4.16922
-0.00729138 4.13819
-0.00726607 4.10716
-0.00724076 4.07613
-0.00721545 4.0451
-0.00719014 4.01407
-0.00716483 3.98304
-0.00713952 3.95201
-0.00711421 3.92098
-0.0070889 3.88995
-0.00706359 3.85892
-0.00703828 3.82789
-0.00701297 3.79686
-0.00698766 3.76583
-0.00696235 3.7348
-0.00693704 3.70376
-0.00691173 3.67273
-0.00688642 3.6417
-0.00686111 3.61067
-0.0068358 3.57964
-0.00681049 3.54861
-0.00678518 3.51758
-0.00675987 3.48655
-0.00673456 3.45552
-0.00670924 3.42449
-0.00668393 3.39346
-0.00665862 3.36243
-0.00663331 3.3314
-0.006608 3.30037
-0.00658269 3.26934
-0.00655738 3.23831
-0.00653207 3.20728
-0.00650676 3.17625
-0.00648145 3.14522
-0.00645614 3.11419
-0.00643083 3.08316
-0.00640552 3.05213
-0.00638021 3.0211
-0.0063549 2.99007
-0.00632959 2.95904
-0.00630428 2.92801
-0.00627897 2.89698
-0.00625366 2.86595
-0.00622835 2.83492
-0.00620304 2.80389
-0.00617773 2.77286
-0.00615242 2.74183
-0.00612711 2.7108
-0.0061018 2.67977
-0.00607649 2.64874
-0.00605118 2.61771
-0.00602587 2.58668
-0.00600056 2.55565
-0.00597525 2.52462
-0.00594994 2.49359
-0.00592463 2.46256
-0.00589932 2.43153
-0.005874 2.4005
-0.00584869 2.36947
-0.00582338 2.33844
-0.00579807 2.30741
-0.00577276 2.27638
-0.00574745 2.24535
-0.00572214 2.21432
-0.00569683 2.18329
-0.00567152 2.15225
-0.00564621 2.12122
-0.0056209 2.09019
-0.00559559 2.05916
-0.00557028 2.02813
-0.00554497 1.9971
-0.00551966 1.96607
-0.00549435 1.93504
-0.00546904 1.90401
-0.00544373 1.87298
-0.00541842 1.84195
-0.00539311 1.81092
-0.0053678 1.77989
-0.00534249 1.74886
-0.00531718 1.71783
-0.00529187 1.6868
-0.00526656 1.65577
-0.00524125 1.62474
-0.00521594 1.59371
-0.00519063 1.56268
-0.00516532 1.53165
-0.00514001 1.50062
-0.0051147 1.46959
-0.00508939 1.43856
-0.00506408 1.40753
-0.00503876 1.3765
-0.00501345 1.34547
-0.00498814 1.31444
-0.00496283 1.28341
-0.00493752 1.25238
-0.00491221 1.22135
-0.0048869 1.19032
-0.00486159 1.15929
-0.00483628 1.12826
-0.00481097 1.09723
-0.00478566 1.0662
-0.00476035 1.03517
-0.00473504 1.00414
-0.00470973 0.973107
-0.00468442 0.942077
-0.00465911 0.911047
-0.0046338 0.880017
-0.00460849 0.848986
-0.00458318 0.817956
-0.00455787 0.786926
-0.00453256 0.755896
-0.00450725 0.724866
-0.00448194 0.693835
-0.00445663 0.662805
-0.00443132 0.631775
-0.00440601 0.600745
-0.0043807 0.569715
-0.00435539 0.538684
-0.00433008 0.507654
-0.00430477 0.476624
-0.00427946 0.445594
-0.00425415 0.414564
-0.00422884 0.383533
-0.00420353 0.352503
-0.00417821 0.321473
-0.0041529 0.290443
-0.00412759 0.259412
-0.00410228 0.228382
-0.00407697 0.197352
-0.00405166 0.166322
-0.00402635 0.135292
-0.00400104 0.104261
-0.00397573 0.0732313
-0.00395042 0.0422011
-0.00392511 0.0111709
-0.0039 0
-0.003875 0
-0.00385 0
-0.003825 0
-0.0038 0
-0.003775 0
-0.00375 0
-0.003725 0
-0.0037 0
-0.003675 0
-0.00365 0
-0.003625 0
-0.0036 0
-0.003575 0
-0.00355 0
-0.003525 0
-0.0035 0
-0.003475 0
-0.00345 0
-0.003425 0
-0.0034 0
-0.003375 0
-0.00335 0
-0.003325 0
-0.0033 0
-0.003275 0
-0.00325 0
-0.003225 0
-0.0032 0
-0.003175 0
-0.00315 0
-0.003125 0
-0.0031 0
-0.003075 0
-0.00305 0
-0.003025 0
-0.003 0
-0.002975 0
-0.00295 0
-0.002925 0
-0.0029 0
-0.002875 0
-0.00285 0
-0.002825 0
-0.0028 0
-0.002775 0
-0.00275 0
-0.002725 0
-0.0027 0
-0.002675 0
-0.00265 0
-0.002625 0
-0.0026 0
-0.002575 0
-0.00255 0
-0.002525 0
-0.0025 0
-0.002475 0
-0.00245 0
-0.002425 0
-0.0024 0
-0.002375 0
-0.00235 0
-0.002325 0
-0.0023 0
-0.002275 0
-0.00225 0
-0.002225 0
-0.0022 0
-0.002175 0
-0.00215 0
-0.002125 0
-0.0021 0
-0.002075 0
-0.00205 0
-0.002025 0
-0.002 0
-0.001975 0
-0.00195 0
-0.001925 0
-0.0019 0
-0.001875 0
-0.00185 0
-0.001825 0
-0.0018 0
-0.001775 0
-0.00175 0
-0.001725 0
-0.0017 0
-0.001675 0
-0.00165 0
-0.001625 0
-0.0016 0
-0.001575 0
-0.00155 0
-0.001525 0
-0.0015 0
-0.001475 0
-0.00145 0
-0.001425 0
-0.0014 0
-0.001375 0
-0.00135 0
-0.001325 0
-0.0013 0
-0.001275 0
-0.00125 0
-0.001225 0
-0.0012 0
-0.001175 0
-0.00115 0
-0.001125 0
-0.0011 0
-0.001075 0
-0.00105 0
-0.001025 0
-0.001 0
-0.000975 0
-0.00095 0
-0.000925 0
-0.0009 0
-0.000875 0
-0.00085 0
-0.000825 0
-0.0008 0
-0.000775 0
-0.00075 0
-0.000725 0
-0.0007 0
-0.000675 0
-0.00065 0
-0.000625 0
-0.0006 0
-0.000575 0
-0.00055 0
-0.000525 0
-0.0005 0
-0.000475 0
-0.00045 0
-0.000425 0
-0.0004 0
-0.000375 0
-0.00035 0
-0.000325 0
-0.0003 0
-0.000275 0
-0.00025 0
-0.000225 0
-0.0002 0
-0.000175 0
-0.00015 0
-0.000125 0
-0.0001 0
-7.5e-05 0
-5e-05 0
-2.5e-05 0
-9.28348e-19 0
2.5e-05 0
5e-05 0
7.5e-05 0
0.0001 0
0.000125 0
0.00015 0
0.000175 0
0.0002 0
0.000225 0
0.00025 0
0.000275 0
0.0003 0
0.000325 0
0.00035 0
0.000375 0
0.0004 0
0.000425 0
0.00045 0
0.000475 0
0.0005 0
0.000525 0
0.00055 0
0.000575 0
0.0006 0
0.000625 0
0.00065 0
0.000675 0
0.0007 0
0.000725 0
0.00075 0
0.000775 0
0.0008 0
0.000825 0
0.00085 0
0.000875 0
0.00085 0
0.000825 0
0.0008 0
0.000775 0
0.00075 0
0.000725 0
0.0007 0
0.000675 0
0.00065 0
0.000625 0
0.0006 0
0.000575 0
0.00055 0
0.000525 0
0.0005 0
0.000475 0
0.00045 0
0.000425 0
0.0004 0
0.000375 0
0.00035 0
0.000325 0
0.0003 0
0.000275 0
0.00025 0
0.000225 0
0.0002 0
0.000175 0
0.00015 0
0.000125 0
0.0001 0
7.5e-05 0
5e-05 0
2.5e-05 0
-9.14796e-19 0
