-2.91546e-05 0.41546
-5.8285e-05 0.8285
-8.73911e-05 1.23911
-0.000116473 1.64729
-0.00014553 2.05302
-0.000174563 2.45629
-0.000203571 2.85711
-0.000232555 3.25545
-0.000261513 3.65131
-0.000290447 4.04469
-0.000319356 4.43556
-0.000348239 4.82393
-0.000377098 5.20979
-0.000405931 5.59312
-0.000434739 5.97392
-0.000463522 6.35217
-0.000492279 6.72788
-0.00052101 7.10102
-0.000549716 7.47159
-0.000578396 7.83958
-0.00060705 8.20499
-0.000635678 8.56779
-0.00066428 8.92799
-0.000692856 9.28557
-0.000721405 9.64052
-0.000749928 9.99284
-0.000778425 10.3425
-0.000806895 10.6895
-0.000835339 11.0339
-0.000863755 11.3755
-0.000892145 11.7145
-0.000920508 12.0508
-0.000948844 12.3844
-0.000977153 12.7153
-0.00100543 13.0434
-0.00103369 13.3688
-0.00106191 13.6914
-0.00109011 14.0113
-0.00111828 14.3285
-0.00114643 14.6428
-0.00117454 14.9544
-0.00120263 15.2631
-0.00123069 15.5691
-0.00125872 15.8722
-0.00128673 16.1725
-0.0013147 16.47
-0.00134265 16.7645
-0.00137056 17.0563
-0.00139845 17.3451
-0.00142631 17.6311
-0.00139714 17.2144
-0.00136798 16.7978
-0.00133881 16.3811
-0.00130964 15.9644
-0.00128048 15.5478
-0.00125131 15.1311
-0.00122214 14.7144
-0.00119298 14.2978
-0.00116381 13.8811
-0.00113464 13.4644
-0.00110548 13.0478
-0.00107631 12.6311
-0.00104714 12.2144
-0.00101798 11.7978
-0.000988811 11.3811
-0.000959644 10.9644
-0.000930478 10.5478
-0.000901311 10.1311
-0.000872144 9.71442
-0.000842978 9.29775
-0.000813811 8.88109
-0.000784644 8.46442
-0.000755478 8.04775
-0.000726311 7.63109
-0.000697144 7.21442
-0.000667978 6.79775
-0.000638811 6.38109
-0.000609644 5.96442
-0.000580478 5.54775
-0.000551311 5.13109
-0.000522144 4.71442
-0.000492978 4.29775
-0.000463811 3.88109
-0.000434644 3.46442
-0.000405478 3.04775
-0.000376311 2.63109
-0.000347144 2.21442
-0.000317978 1.79775
-0.000288811 1.38109
-0.000259644 0.964421
-0.000230478 0.547755
-0.000201311 0.131088
-0.000175 0
-0.00015 0
-0.000125 0
-0.0001 0
-7.5e-05 0
-5e-05 0
-2.5e-05 0
-6.09864e-20 0
2.5e-05 0
5e-05 0
7.5e-05 0
0.0001 0
0.000125 0
0.0001 0
7.5e-05 0
5e-05 0
2.5e-05 0
-4.74338e-20 0
-2.5e-05 0
-5e-05 0
-7.5e-05 0
-0.0001 0
-0.000125 0
-0.00015 0
-0.000175 0
-0.000201311 0.131088
-0.000230478 0.547755
-0.000259644 0.964421
-0.000288811 1.38109
-0.000317978 1.79775
-0.000347144 2.21442
-0.000376311 2.63109
-0.000405478 3.04775
-0.000434644 3.46442
-0.000463811 3.88109
-0.000492978 4.29775
-0.000522144 4.71442
-0.000551311 5.13109
-0.000580478 5.54775
-0.000609644 5.96442
-0.000638811 6.38109
-0.000667978 6.79775
-0.000697144 7.21442
-0.000726311 7.63109
-0.000755478 8.04775
-0.000784644 8.46442
-0.000813811 8.88109
-0.000842978 9.29775
-0.000872144 9.71442
-0.000901311 10.1311
-0.000930478 10.5478
-0.000959644 10.9644
-0.000988811 11.3811
-0.00101798 11.7978
-0.00104714 12.2144
-0.00107631 12.6311
-0.00110548 13.0478
-0.00113464 13.4644
-0.00116381 13.8811
-0.00119298 14.2978
-0.00122214 14.7144
-0.00125131 15.1311
-0.00128048 15.5478
-0.00130964 15.9644
-0.00133881 16.3811
-0.00136798 16.7978
-0.00139714 17.2144
-0.00142631 17.6311
-0.00145414 17.9142
-0.00148194 18.1943
-0.00150972 18.4715
-0.00153746 18.7458
-0.00156517 19.0172
-0.00159286 19.2856
-0.00162051 19.551
-0.00164813 19.8134
-0.00167573 20.0729
-0.00170329 20.3293
-0.00173083 20.5827
-0.00175833 20.8331
-0.0017858 21.0805
-0.00181325 21.3248
-0.00184066 21.566
-0.00186804 21.8042
-0.00189539 22.0392
-0.00192271 22.2712
-0.00195 22.5
-0.00197726 22.7257
-0.00200448 22.9483
-0.00203168 23.1677
-0.00205884 23.3839
-0.00208597 23.597
-0.00211307 23.8068
-0.00214013 24.0135
-0.00216717 24.2169
-0.00219417 24.4171
-0.00222114 24.614
-0.00224808 24.8077
-0.00227498 24.9981
-0.00230185 25.1852
-0.00232869 25.369
-0.00235549 25.5494
-0.00238227 25.7266
-0.002409 25.9004
-0.00243571 26.0708
-0.00246238 26.2378
-0.00248901 26.4015
-0.00251562 26.5617
-0.00254219 26.7186
-0.00256872 26.8719
-0.00259522 27.0219
-0.00262168 27.1683
-0.00264811 27.3113
-0.00267451 27.4508
-0.00270087 27.5867
-0.00272719 27.7192
-0.00275348 27.8481
-0.00277973 27.9734
-0.00280595 28.0951
-0.00283213 28.2133
-0.00285828 28.3278
-0.00288439 28.4387
-0.00291046 28.546
-0.0029365 28.6496
-0.00296249 28.7495
-0.00298846 28.8457
-0.00301438 28.9382
-0.00304027 29.027
-0.00306612 29.1121
-0.00309193 29.1933
-0.00311771 29.2708
-0.00314345 29.3445
-0.00316914 29.4144
-0.0031948 29.4804
-0.00322043 29.5426
-0.00324601 29.6009
-0.00327155 29.6553
-0.00329706 29.7059
-0.00332252 29.7524
-0.00334795 29.7951
-0.00337334 29.8337
-0.00339868 29.8684
-0.00342399 29.8991
-0.00344926 29.9257
-0.00347448 29.9483
-0.00349967 29.9669
-0.00352481 29.9813
-0.00354992 29.9917
-0.00357498 29.9979
-0.0036 30
-0.00362374 29.8739
-0.00364748 29.7479
-0.00367122 29.6218
-0.00369496 29.4958
-0.0037187 29.3697
-0.00374244 29.2437
-0.00376618 29.1176
-0.00378992 28.9916
-0.00381366 28.8655
-0.00383739 28.7395
-0.00386113 28.6134
-0.00388487 28.4874
-0.00390861 28.3613
-0.00393235 28.2353
-0.00395609 28.1092
-0.00397983 27.9832
-0.00400357 27.8571
-0.00402731 27.7311
-0.00399976 27.4758
-0.00397221 27.2205
-0.00394465 26.9652
-0.0039171 26.7099
-0.00388955 26.4547
-0.00386199 26.1994
-0.00383444 25.9441
-0.00380689 25.6888
-0.00377934 25.4335
-0.00375178 25.1782
-0.00372423 24.9229
-0.00369668 24.6676
-0.00366912 24.4124
-0.00364157 24.1571
-0.00361402 23.9018
-0.00358646 23.6465
-0.00355891 23.3912
-0.00353136 23.1359
-0.00350381 22.8806
-0.00347625 22.6253
-0.0034487 22.3701
-0.00342115 22.1148
-0.00339359 21.8595
-0.00336604 21.6042
-0.00333849 21.3489
-0.00331094 21.0936
-0.00328338 20.8383
-0.00325583 20.583
-0.00322828 20.3278
-0.00320072 20.0725
-0.00317317 19.8172
-0.00314562 19.5619
-0.00311807 19.3066
-0.00309051 19.0513
-0.00306296 18.796
-0.00303541 18.5407
-0.00300785 18.2854
-0.0029803 18.0302
-0.00295275 17.7749
-0.0029252 17.5196
-0.00289764 17.2643
-0.00287009 17.009
-0.00284254 16.7537
-0.00281498 16.4984
-0.00278743 16.2431
-0.00275988 15.9879
-0.00273233 15.7326
-0.00270477 15.4773
-0.00267722 15.222
-0.00264967 14.9667
-0.00262211 14.7114
-0.00259456 14.4561
-0.00256701 14.2008
-0.00253946 13.9456
-0.0025119 13.6903
-0.00248435 13.435
-0.0024568 13.1797
-0.00242924 12.9244
-0.00240169 12.6691
-0.00237414 12.4138
-0.00234659 12.1585
-0.00231903 11.9033
-0.00229148 11.648
-0.00226393 11.3927
-0.00223637 11.1374
-0.00220882 10.8821
-0.00218127 10.6268
-0.00215372 10.3715
-0.00212616 10.1162
-0.00209861 9.86096
-0.00207106 9.60567
-0.0020435 9.35038
-0.00201595 9.09509
-0.0019884 8.83981
-0.00196085 8.58452
-0.00193329 8.32923
-0.00190574 8.07394
-0.00187819 7.81866
-0.00185063 7.56337
-0.00182308 7.30808
-0.00179553 7.05279
-0.00176798 6.79751
-0.00174042 6.54222
-0.00171287 6.28693
-0.00168532 6.03164
-0.00165776 5.77636
-0.00163021 5.52107
-0.00160266 5.26578
-0.0015751 5.01049
-0.00154755 4.7552
-0.00152 4.49992
-0.00149245 4.24463
-0.00146489 3.98934
-0.00143734 3.73405
-0.00140979 3.47877
-0.00138223 3.22348
-0.00135468 2.96819
-0.00132713 2.7129
-0.00129958 2.45762
-0.00127202 2.20233
-0.00124447 1.94704
-0.00121692 1.69175
-0.00118936 1.43647
-0.00116181 1.18118
-0.00113426 0.92589
-0.00110671 0.670602
-0.00107915 0.415315
-0.0010516 0.160027
-0.001025 0
-0.001 0
-0.000975 0
-0.00095 0
-0.000925 0
-0.0009 0
-0.000875 0
-0.00085 0
-0.000825 0
-0.0008 0
-0.000775 0
-0.00075 0
-0.000725 0
-0.0007 0
-0.000675 0
-0.00065 0
-0.000625 0
-0.0006 0
-0.000575 0
-0.00055 0
-0.000525 0
-0.0005 0
-0.000475 0
-0.00045 0
-0.000425 0
-0.0004 0
-0.000375 0
-0.00035 0
-0.000325 0
-0.0003 0
-0.000275 0
-0.00025 0
-0.000225 0
-0.0002 0
-0.000175 0
-0.00015 0
-0.000125 0
-0.0001 0
-7.5e-05 0
-5e-05 0
-2.5e-05 0
-6.09864e-20 0
2.5e-05 0
5e-05 0
7.5e-05 0
0.0001 0
0.000125 0
0.00015 0
0.000175 0
0.0002 0
0.000225 0
0.00025 0
0.000275 0
0.0003 0
0.000325 0
0.00035 0
0.000375 0
0.00035 0
0.000325 0
0.0003 0
0.000275 0
0.00025 0
0.000225 0
0.0002 0
0.000175 0
0.00015 0
0.000125 0
0.0001 0
7.5e-05 0
5e-05 0
2.5e-05 0
-4.74338e-20 0
-2.5e-05 0
-5e-05 0
-7.5e-05 0
-0.0001 0
-0.000125 0
-0.00015 0
-0.000175 0
-0.0002 0
-0.000225 0
-0.00025 0
-0.000275 0
-0.0003 0
-0.000325 0
-0.00035 0
-0.000375 0
-0.0004 0
-0.000425 0
-0.00045 0
-0.000475 0
-0.0005 0
-0.000525 0
-0.00055 0
-0.000575 0
-0.0006 0
-0.000625 0
-0.00065 0
-0.000675 0
-0.0007 0
-0.000725 0
-0.00075 0
-0.000775 0
-0.0008 0
-0.000825 0
-0.00085 0
-0.000875 0
-0.0009 0
-0.000925 0
-0.00095 0
-0.000975 0
-0.001 0
-0.001025 0
-0.0010516 0.160027
-0.00107915 0.415315
-0.00110671 0.670602
-0.00113426 0.92589
-0.00116181 1.18118
-0.00118936 1.43647
-0.00121692 1.69175
-0.00124447 1.94704
-0.00127202 2.20233
-0.00129958 2.45762
-0.00132713 2.7129
-0.00135468 2.96819
-0.00138223 3.22348
-0.00140979 3.47877
-0.00143734 3.73405
-0.00146489 3.98934
-0.00149245 4.24463
-0.00152 4.49992
-0.00154755 4.7552
-0.0015751 5.01049
-0.00160266 5.26578
-0.00163021 5.52107
-0.00165776 5.77636
-0.00168532 6.03164
-0.00171287 6.28693
-0.00174042 6.54222
-0.00176798 6.79751
-0.00179553 7.05279
-0.00182308 7.30808
-0.00185063 7.56337
-0.00187819 7.81866
-0.00190574 8.07394
-0.00193329 8.32923
-0.00196085 8.58452
-0.0019884 8.83981
-0.00201595 9.09509
-0.0020435 9.35038
-0.00207106 9.60567
-0.00209861 9.86096
-0.00212616 10.1162
-0.00215372 10.3715
-0.00218127 10.6268
-0.00220882 10.8821
-0.00223637 11.1374
-0.00226393 11.3927
-0.00229148 11.648
-0.00231903 11.9033
-0.00234659 12.1585
-0.00237414 12.4138
-0.00240169 12.6691
-0.00242924 12.9244
-0.0024568 13.1797
-0.00248435 13.435
-0.0025119 13.6903
-0.00253946 13.9456
-0.00256701 14.2008
-0.00259456 14.4561
-0.00262211 14.7114
-0.00264967 14.9667
-0.00267722 15.222
-0.00270477 15.4773
-0.00273233 15.7326
-0.00275988 15.9879
-0.00278743 16.2431
-0.00281498 16.4984
-0.00284254 16.7537
-0.00287009 17.009
-0.00289764 17.2643
-0.0029252 17.5196
-0.00295275 17.7749
-0.0029803 18.0302
-0.00300785 18.2854
-0.00303541 18.5407
-0.00306296 18.796
-0.00309051 19.0513
-0.00311807 19.3066
-0.00314562 19.5619
-0.00317317 19.8172
-0.00320072 20.0725
-0.00322828 20.3278
-0.00325583 20.583
-0.00328338 20.8383
-0.00331094 21.0936
-0.00333849 21.3489
-0.00336604 21.6042
-0.00339359 21.8595
-0.00342115 22.1148
-0.0034487 22.3701
-0.00347625 22.6253
-0.00350381 22.8806
-0.00353136 23.1359
-0.00355891 23.3912
-0.00358646 23.6465
-0.00361402 23.9018
-0.00364157 24.1571
-0.00366912 24.4124
-0.00369668 24.6676
-0.00372423 24.9229
-0.00375178 25.1782
-0.00377934 25.4335
-0.00380689 25.6888
-0.00383444 25.9441
-0.00386199 26.1994
-0.00388955 26.4547
-0.0039171 26.7099
-0.00394465 26.9652
-0.00397221 27.2205
-0.00399976 27.4758
-0.00402731 27.7311
-0.00405105 27.605
-0.00407479 27.479
-0.00409853 27.3529
-0.00412227 27.2269
-0.00414601 27.1008
-0.00416975 26.9748
-0.00419349 26.8487
-0.00421723 26.7227
-0.00424097 26.5966
-0.00426471 26.4706
-0.00428845 26.3445
-0.00431218 26.2185
-0.00433592 26.0924
-0.00435966 25.9664
-0.0043834 25.8403
-0.00440714 25.7143
-0.00443088 25.5882
-0.00445462 25.4622
-0.00447836 25.3361
-0.0045021 25.2101
-0.00452584 25.084
-0.00454958 24.958
-0.00457332 24.8319
-0.00459706 24.7059
-0.0046208 24.5798
-0.00464454 24.4538
-0.00466828 24.3277
-0.00469202 24.2017
-0.00471576 24.0756
-0.0047395 23.9496
-0.00476324 23.8235
-0.00478697 23.6975
-0.00481071 23.5714
-0.00483445 23.4454
-0.00485819 23.3193
-0.00488193 23.1933
-0.00490567 23.0672
-0.00492941 22.9412
-0.00495315 22.8151
-0.00497689 22.6891
-0.00500063 22.563
-0.00502437 22.437
-0.00504811 22.3109
-0.00507185 22.1849
-0.00509559 22.0588
-0.00511933 21.9328
-0.00514307 21.8067
-0.00516681 21.6807
-0.00519055 21.5546
-0.00521429 21.4286
-0.00518765 21.2648
-0.00516101 21.101
-0.00513437 20.9372
-0.00510773 20.7734
-0.0050811 20.6097
-0.00505446 20.4459
-0.00502782 20.2821
-0.00500118 20.1183
-0.00497455 19.9545
-0.00494791 19.7907
-0.00492127 19.627
-0.00489463 19.4632
-0.00486799 19.2994
-0.00484136 19.1356
-0.00481472 18.9718
-0.00478808 18.808
-0.00476144 18.6443
-0.0047348 18.4805
-0.00470817 18.3167
-0.00468153 18.1529
-0.00465489 17.9891
-0.00462825 17.8253
-0.00460162 17.6616
-0.00457498 17.4978
-0.00454834 17.334
-0.0045217 17.1702
-0.00449506 17.0064
-0.00446843 16.8426
-0.00444179 16.6789
-0.00441515 16.5151
-0.00438851 16.3513
-0.00436188 16.1875
-0.00433524 16.0237
-0.0043086 15.8599
-0.00428196 15.6962
-0.00425532 15.5324
-0.00422869 15.3686
-0.00420205 15.2048
-0.00417541 15.041
-0.00414877 14.8772
-0.00412213 14.7135
-0.0040955 14.5497
-0.00406886 14.3859
-0.00404222 14.2221
-0.00401558 14.0583
-0.00398895 13.8945
-0.00396231 13.7308
-0.00393567 13.567
-0.00390903 13.4032
-0.00388239 13.2394
-0.00385576 13.0756
-0.00382912 12.9118
-0.00380248 12.7481
-0.00377584 12.5843
-0.0037492 12.4205
-0.00372257 12.2567
-0.00369593 12.0929
-0.00366929 11.9291
-0.00364265 11.7654
-0.00361602 11.6016
-0.00358938 11.4378
-0.00356274 11.274
-0.0035361 11.1102
-0.00350946 10.9465
-0.00348283 10.7827
-0.00345619 10.6189
-0.00342955 10.4551
-0.00340291 10.2913
-0.00337628 10.1275
-0.00334964 9.96375
-0.003323 9.79997
-0.00329636 9.63619
-0.00326972 9.4724
-0.00324309 9.30862
-0.00321645 9.14484
-0.00318981 8.98105
-0.00316317 8.81727
-0.00313653 8.65349
-0.0031099 8.4897
-0.00308326 8.32592
-0.00305662 8.16214
-0.00302998 7.99835
-0.00300335 7.83457
-0.00297671 7.67079
-0.00295007 7.50701
-0.00292343 7.34322
-0.00289679 7.17944
-0.00287016 7.01566
-0.00284352 6.85187
-0.00281688 6.68809
-0.00279024 6.52431
-0.00276361 6.36052
-0.00273697 6.19674
-0.00271033 6.03296
-0.00268369 5.86917
-0.00265705 5.70539
-0.00263042 5.54161
-0.00260378 5.37782
-0.00257714 5.21404
-0.0025505 5.05026
-0.00252386 4.88648
-0.00249723 4.72269
-0.00247059 4.55891
-0.00244395 4.39513
-0.00241731 4.23134
-0.00239068 4.06756
-0.00236404 3.90378
-0.0023374 3.73999
-0.00231076 3.57621
-0.00228412 3.41243
-0.00225749 3.24864
-0.00223085 3.08486
-0.00220421 2.92108
-0.00217757 2.75729
-0.00215094 2.59351
-0.0021243 2.42973
-0.00209766 2.26595
-0.00207102 2.10216
-0.00204438 1.93838
-0.00201775 1.7746
-0.00199111 1.61081
-0.00196447 1.44703
-0.00193783 1.28325
-0.00191119 1.11946
-0.00188456 0.95568
-0.00185792 0.791897
-0.00183128 0.628114
-0.00180464 0.464331
-0.00177801 0.300548
-0.00175137 0.136764
-0.001725 0
-0.0017 0
-0.001675 0
-0.00165 0
-0.001625 0
-0.0016 0
-0.001575 0
-0.00155 0
-0.001525 0
-0.0015 0
-0.001475 0
-0.00145 0
-0.001425 0
-0.0014 0
-0.001375 0
-0.00135 0
-0.001325 0
-0.0013 0
-0.001275 0
-0.00125 0
-0.001225 0
-0.0012 0
-0.001175 0
-0.00115 0
-0.001125 0
-0.0011 0
-0.001075 0
-0.00105 0
-0.001025 0
-0.001 0
-0.000975 0
-0.00095 0
-0.000925 0
-0.0009 0
-0.000875 0
-0.00085 0
-0.000825 0
-0.0008 0
-0.000775 0
-0.00075 0
-0.000725 0
-0.0007 0
-0.000675 0
-0.00065 0
-0.000625 0
-0.0006 0
-0.000575 0
-0.00055 0
-0.000525 0
-0.0005 0
-0.000475 0
-0.00045 0
-0.000425 0
-0.0004 0
-0.000375 0
-0.00035 0
-0.000325 0
-0.0003 0
-0.000275 0
-0.00025 0
-0.000225 0
-0.0002 0
-0.000175 0
-0.00015 0
-0.000125 0
-0.0001 0
-7.5e-05 0
-5e-05 0
-2.5e-05 0
-6.09864e-20 0
2.5e-05 0
5e-05 0
7.5e-05 0
0.0001 0
0.000125 0
0.00015 0
0.000175 0
0.0002 0
0.000225 0
0.00025 0
0.000275 0
0.0003 0
0.000325 0
0.00035 0
0.000375 0
0.0004 0
0.000425 0
0.00045 0
0.000475 0
0.0005 0
0.000475 0
0.00045 0
0.000425 0
0.0004 0
0.000375 0
0.00035 0
0.000325 0
0.0003 0
0.000275 0
0.00025 0
0.000225 0
0.0002 0
0.000175 0
0.00015 0
0.000125 0
0.0001 0
7.5e-05 0
5e-05 0
2.5e-05 0
-4.74338e-20 0
-2.5e-05 0
-5e-05 0
-7.5e-05 0
-0.0001 0
-0.000125 0
-0.00015 0
-0.000175 0
-0.0002 0
-0.000225 0
-0.00025 0
-0.000275 0
-0.0003 0
-0.000325 0
-0.00035 0
-0.000375 0
-0.0004 0
-0.000425 0
-0.00045 0
-0.000475 0
-0.0005 0
-0.000525 0
-0.00055 0
-0.000575 0
-0.0006 0
-0.000625 0
-0.00065 0
-0.000675 0
-0.0007 0
-0.000725 0
-0.00075 0
-0.000775 0
-0.0008 0
-0.000825 0
-0.00085 0
-0.000875 0
-0.0009 0
-0.000925 0
-0.00095 0
-0.000975 0
-0.001 0
-0.001025 0
-0.00105 0
-0.001075 0
-0.0011 0
-0.001125 0
-0.00115 0
-0.001175 0
-0.0012 0
-0.001225 0
-0.00125 0
-0.001275 0
-0.0013 0
-0.001325 0
-0.00135 0
-0.001375 0
-0.0014 0
-0.001425 0
-0.00145 0
-0.001475 0
-0.0015 0
-0.001525 0
-0.00155 0
-0.001575 0
-0.0016 0
-0.001625 0
-0.00165 0
-0.001675 0
-0.0017 0
-0.001725 0
-0.00175137 0.136764
-0.00177801 0.300548
-0.00180464 0.464331
-0.00183128 0.628114
-0.00185792 0.791897
-0.00188456 0.95568
-0.00191119 1.11946
-0.00193783 1.28325
-0.00196447 1.44703
-0.00199111 1.61081
-0.00201775 1.7746
-0.00204438 1.93838
-0.00207102 2.10216
-0.00209766 2.26595
-0.0021243 2.42973
-0.00215094 2.59351
-0.00217757 2.75729
-0.00220421 2.92108
-0.00223085 3.08486
-0.00225749 3.24864
-0.00228412 3.41243
-0.00231076 3.57621
-0.0023374 3.73999
-0.00236404 3.90378
-0.00239068 4.06756
-0.00241731 4.23134
-0.00244395 4.39513
-0.00247059 4.55891
-0.00249723 4.72269
-0.00252386 4.88648
-0.0025505 5.05026
-0.00257714 5.21404
-0.00260378 5.37782
-0.00263042 5.54161
-0.00265705 5.70539
-0.00268369 5.86917
-0.00271033 6.03296
-0.00273697 6.19674
-0.00276361 6.36052
-0.00279024 6.52431
-0.00281688 6.68809
-0.00284352 6.85187
-0.00287016 7.01566
-0.00289679 7.17944
-0.00292343 7.34322
-0.00295007 7.50701
-0.00297671 7.67079
-0.00300335 7.83457
-0.00302998 7.99835
-0.00305662 8.16214
-0.00308326 8.32592
-0.0031099 8.4897
-0.00313653 8.65349
-0.00316317 8.81727
-0.00318981 8.98105
-0.00321645 9.14484
-0.00324309 9.30862
-0.00326972 9.4724
-0.00329636 9.63619
-0.003323 9.79997
-0.00334964 9.96375
-0.00337628 10.1275
-0.00340291 10.2913
-0.00342955 10.4551
-0.00345619 10.6189
-0.00348283 10.7827
-0.00350946 10.9465
-0.0035361 11.1102
-0.00356274 11.274
-0.00358938 11.4378
-0.00361602 11.6016
-0.00364265 11.7654
-0.00366929 11.9291
-0.00369593 12.0929
-0.00372257 12.2567
-0.0037492 12.4205
-0.00377584 12.5843
-0.00380248 12.7481
-0.00382912 12.9118
-0.00385576 13.0756
-0.00388239 13.2394
-0.00390903 13.4032
-0.00393567 13.567
-0.00396231 13.7308
-0.00398895 13.8945
-0.00401558 14.0583
-0.00404222 14.2221
-0.00406886 14.3859
-0.0040955 14.5497
-0.00412213 14.7135
-0.00414877 14.8772
-0.00417541 15.041
-0.00420205 15.2048
-0.00422869 15.3686
-0.00425532 15.5324
-0.00428196 15.6962
-0.0043086 15.8599
-0.00433524 16.0237
-0.00436188 16.1875
-0.00438851 16.3513
-0.00441515 16.5151
-0.00444179 16.6789
-0.00446843 16.8426
-0.00449506 17.0064
-0.0045217 17.1702
-0.00454834 17.334
-0.00457498 17.4978
-0.00460162 17.6616
-0.00462825 17.8253
-0.00465489 17.9891
-0.00468153 18.1529
-0.00470817 18.3167
-0.0047348 18.4805
-0.00476144 18.6443
-0.00478808 18.808
-0.00481472 18.9718
-0.00484136 19.1356
-0.00486799 19.2994
-0.00489463 19.4632
-0.00492127 19.627
-0.00494791 19.7907
-0.00497455 19.9545
-0.00500118 20.1183
-0.00502782 20.2821
-0.00505446 20.4459
-0.0050811 20.6097
-0.00510773 20.7734
-0.00513437 20.9372
-0.00516101 21.101
-0.00518765 21.2648
-0.00521429 21.4286
-0.00523803 21.3025
-0.00526176 21.1765
-0.0052855 21.0504
-0.00530924 20.9244
-0.00533298 20.7983
-0.00535672 20.6723
-0.00538046 20.5462
-0.0054042 20.4202
-0.00542794 20.2941
-0.00545168 20.1681
-0.00547542 20.042
-0.00549916 19.916
-0.0055229 19.7899
-0.00554664 19.6639
-0.00557038 19.5378
-0.00559412 19.4118
-0.00561786 19.2857
-0.0056416 19.1597
-0.00566534 19.0336
-0.00568908 18.9076
-0.00571282 18.7815
-0.00573655 18.6555
-0.00576029 18.5294
-0.00578403 18.4034
-0.00580777 18.2773
-0.00583151 18.1513
-0.00585525 18.0252
-0.00587899 17.8992
-0.00590273 17.7731
-0.00592647 17.6471
-0.00595021 17.521
-0.00597395 17.395
-0.00599769 17.2689
-0.00602143 17.1429
-0.00604517 17.0168
-0.00606891 16.8908
-0.00609265 16.7647
-0.00611639 16.6387
-0.00614013 16.5126
-0.00616387 16.3866
-0.00618761 16.2605
-0.00621134 16.1345
-0.00623508 16.0084
-0.00625882 15.8824
-0.00628256 15.7563
-0.0063063 15.6303
-0.00633004 15.5042
-0.00635378 15.3782
-0.00637752 15.2521
-0.00640126 15.1261
-0.00637523 15.0232
-0.0063492 14.9204
-0.00632318 14.8176
-0.00629715 14.7148
-0.00627112 14.612
-0.00624509 14.5092
-0.00621906 14.4064
-0.00619304 14.3036
-0.00616701 14.2008
-0.00614098 14.098
-0.00611495 13.9952
-0.00608892 13.8923
-0.0060629 13.7895
-0.00603687 13.6867
-0.00601084 13.5839
-0.00598481 13.4811
-0.00595878 13.3783
-0.00593275 13.2755
-0.00590673 13.1727
-0.0058807 13.0699
-0.00585467 12.9671
-0.00582864 12.8643
-0.00580261 12.7614
-0.00577659 12.6586
-0.00575056 12.5558
-0.00572453 12.453
-0.0056985 12.3502
-0.00567247 12.2474
-0.00564645 12.1446
-0.00562042 12.0418
-0.00559439 11.939
-0.00556836 11.8362
-0.00554233 11.7334
-0.00551631 11.6305
-0.00549028 11.5277
-0.00546425 11.4249
-0.00543822 11.3221
-0.00541219 11.2193
-0.00538616 11.1165
-0.00536014 11.0137
-0.00533411 10.9109
-0.00530808 10.8081
-0.00528205 10.7053
-0.00525602 10.6025
-0.00523 10.4996
-0.00520397 10.3968
-0.00517794 10.294
-0.00515191 10.1912
-0.00512588 10.0884
-0.00509986 9.9856
-0.00507383 9.88279
-0.0050478 9.77998
-0.00502177 9.67717
-0.00499574 9.57436
-0.00496972 9.47155
-0.00494369 9.36874
-0.00491766 9.26594
-0.00489163 9.16313
-0.0048656 9.06032
-0.00483958 8.95751
-0.00481355 8.8547
-0.00478752 8.75189
-0.00476149 8.64908
-0.00473546 8.54627
-0.00470943 8.44346
-0.00468341 8.34065
-0.00465738 8.23785
-0.00463135 8.13504
-0.00460532 8.03223
-0.00457929 7.92942
-0.00455327 7.82661
-0.00452724 7.7238
-0.00450121 7.62099
-0.00447518 7.51818
-0.00444915 7.41537
-0.00442313 7.31256
-0.0043971 7.20976
-0.00437107 7.10695
-0.00434504 7.00414
-0.00431901 6.90133
-0.00429299 6.79852
-0.00426696 6.69571
-0.00424093 6.5929
-0.0042149 6.49009
-0.00418887 6.38728
-0.00416284 6.28447
-0.00413682 6.18166
-0.00411079 6.07886
-0.00408476 5.97605
-0.00405873 5.87324
-0.0040327 5.77043
-0.00400668 5.66762
-0.00398065 5.56481
-0.00395462 5.462
-0.00392859 5.35919
-0.00390256 5.25638
-0.00387654 5.15357
-0.00385051 5.05077
-0.00382448 4.94796
-0.00379845 4.84515
-0.00377242 4.74234
-0.0037464 4.63953
-0.00372037 4.53672
-0.00369434 4.43391
-0.00366831 4.3311
-0.00364228 4.22829
-0.00361625 4.12548
-0.00359023 4.02268
-0.0035642 3.91987
-0.00353817 3.81706
-0.00351214 3.71425
-0.00348611 3.61144
-0.00346009 3.50863
-0.00343406 3.40582
-0.00340803 3.30301
-0.003382 3.2002
-0.00335597 3.09739
-0.00332995 2.99459
-0.00330392 2.89178
-0.00327789 2.78897
-0.00325186 2.68616
-0.00322583 2.58335
-0.00319981 2.48054
-0.00317378 2.37773
-0.00314775 2.27492
-0.00312172 2.17211
-0.00309569 2.0693
-0.00306966 1.96649
-0.00304364 1.86369
-0.00301761 1.76088
-0.00299158 1.65807
-0.00296555 1.55526
-0.00293952 1.45245
-0.0029135 1.34964
-0.00288747 1.24683
-0.00286144 1.14402
-0.00283541 1.04121
-0.00280938 0.938405
-0.00278336 0.835595
-0.00275733 0.732786
-0.0027313 0.629977
-0.00270527 0.527168
-0.00267924 0.424359
-0.00265322 0.32155
-0.00262719 0.218741
-0.00260116 0.115932
-0.00257513 0.0131233
-0.00255 0
-0.002525 0
-0.0025 0
-0.002475 0
-0.00245 0
-0.002425 0
-0.0024 0
-0.002375 0
-0.00235 0
-0.002325 0
-0.0023 0
-0.002275 0
-0.00225 0
-0.002225 0
-0.0022 0
-0.002175 0
-0.00215 0
-0.002125 0
-0.0021 0
-0.002075 0
-0.00205 0
-0.002025 0
-0.002 0
-0.001975 0
-0.00195 0
-0.001925 0
-0.0019 0
-0.001875 0
-0.00185 0
-0.001825 0
-0.0018 0
-0.001775 0
-0.00175 0
-0.001725 0
-0.0017 0
-0.001675 0
-0.00165 0
-0.001625 0
-0.0016 0
-0.001575 0
-0.00155 0
-0.001525 0
-0.0015 0
-0.001475 0
-0.00145 0
-0.001425 0
-0.0014 0
-0.001375 0
-0.00135 0
-0.001325 0
-0.0013 0
-0.001275 0
-0.00125 0
-0.001225 0
-0.0012 0
-0.001175 0
-0.00115 0
-0.001125 0
-0.0011 0
-0.001075 0
-0.00105 0
-0.001025 0
-0.001 0
-0.000975 0
-0.00095 0
-0.000925 0
-0.0009 0
-0.000875 0
-0.00085 0
-0.000825 0
-0.0008 0
-0.000775 0
-0.00075 0
-0.000725 0
-0.0007 0
-0.000675 0
-0.00065 0
-0.000625 0
-0.0006 0
-0.000575 0
-0.00055 0
-0.000525 0
-0.0005 0
-0.000475 0
-0.00045 0
-0.000425 0
-0.0004 0
-0.000375 0
-0.00035 0
-0.000325 0
-0.0003 0
-0.000275 0
-0.00025 0
-0.000225 0
-0.0002 0
-0.000175 0
-0.00015 0
-0.000125 0
-0.0001 0
-7.5e-05 0
-5e-05 0
-2.5e-05 0
-6.09864e-20 0
2.5e-05 0
5e-05 0
7.5e-05 0
0.0001 0
0.000125 0
0.00015 0
0.000175 0
0.0002 0
0.000225 0
0.00025 0
0.000275 0
0.0003 0
0.000325 0
0.00035 0
0.000375 0
0.0004 0
0.000425 0
0.00045 0
0.000475 0
0.0005 0
0.000525 0
0.00055 0
0.000575 0
0.0006 0
0.000625 0
0.0006 0
0.000575 0
0.00055 0
0.000525 0
0.0005 0
0.000475 0
0.00045 0
0.000425 0
0.0004 0
0.000375 0
0.00035 0
0.000325 0
0.0003 0
0.000275 0
0.00025 0
0.000225 0
0.0002 0
0.000175 0
0.00015 0
0.000125 0
0.0001 0
7.5e-05 0
5e-05 0
2.5e-05 0
-4.74338e-20 0
-2.5e-05 0
-5e-05 0
-7.5e-05 0
-0.0001 0
-0.000125 0
-0.00015 0
-0.000175 0
-0.0002 0
-0.000225 0
-0.00025 0
-0.000275 0
-0.0003 0
-0.000325 0
-0.00035 0
-0.000375 0
-0.0004 0
-0.000425 0
-0.00045 0
-0.000475 0
-0.0005 0
-0.000525 0
-0.00055 0
-0.000575 0
-0.0006 0
-0.000625 0
-0.00065 0
-0.000675 0
-0.0007 0
-0.000725 0
-0.00075 0
-0.000775 0
-0.0008 0
-0.000825 0
-0.00085 0
-0.000875 0
-0.0009 0
-0.000925 0
-0.00095 0
-0.000975 0
-0.001 0
-0.001025 0
-0.00105 0
-0.001075 0
-0.0011 0
-0.001125 0
-0.00115 0
-0.001175 0
-0.0012 0
-0.001225 0
-0.00125 0
-0.001275 0
-0.0013 0
-0.001325 0
-0.00135 0
-0.001375 0
-0.0014 0
-0.001425 0
-0.00145 0
-0.001475 0
-0.0015 0
-0.001525 0
-0.00155 0
-0.001575 0
-0.0016 0
-0.001625 0
-0.00165 0
-0.001675 0
-0.0017 0
-0.001725 0
-0.00175 0
-0.001775 0
-0.0018 0
-0.001825 0
-0.00185 0
-0.001875 0
-0.0019 0
-0.001925 0
-0.00195 0
-0.001975 0
-0.002 0
-0.002025 0
-0.00205 0
-0.002075 0
-0.0021 0
-0.002125 0
-0.00215 0
-0.002175 0
-0.0022 0
-0.002225 0
-0.00225 0
-0.002275 0
-0.0023 0
-0.002325 0
-0.00235 0
-0.002375 0
-0.0024 0
-0.002425 0
-0.00245 0
-0.002475 0
-0.0025 0
-0.002525 0
-0.00255 0
-0.00257513 0.0131233
-0.00260116 0.115932
-0.00262719 0.218741
-0.00265322 0.32155
-0.00267924 0.424359
-0.00270527 0.527168
-0.0027313 0.629977
-0.00275733 0.732786
-0.00278336 0.835595
-0.00280938 0.938405
-0.00283541 1.04121
-0.00286144 1.14402
-0.00288747 1.24683
-0.0029135 1.34964
-0.00293952 1.45245
-0.00296555 1.55526
-0.00299158 1.65807
-0.00301761 1.76088
-0.00304364 1.86369
-0.00306966 1.96649
-0.00309569 2.0693
-0.00312172 2.17211
-0.00314775 2.27492
-0.00317378 2.37773
-0.00319981 2.48054
-0.00322583 2.58335
-0.00325186 2.68616
-0.00327789 2.78897
-0.00330392 2.89178
-0.00332995 2.99459
-0.00335597 3.09739
-0.003382 3.2002
-0.00340803 3.30301
-0.00343406 3.40582
-0.00346009 3.50863
-0.00348611 3.61144
-0.00351214 3.71425
-0.00353817 3.81706
-0.0035642 3.91987
-0.00359023 4.02268
-0.00361625 4.12548
-0.00364228 4.22829
-0.00366831 4.3311
-0.00369434 4.43391
-0.00372037 4.53672
-0.0037464 4.63953
-0.00377242 4.74234
-0.00379845 4.84515
-0.00382448 4.94796
-0.00385051 5.05077
-0.00387654 5.15357
-0.00390256 5.25638
-0.00392859 5.35919
-0.00395462 5.462
-0.00398065 5.56481
-0.00400668 5.66762
-0.0040327 5.77043
-0.00405873 5.87324
-0.00408476 5.97605
-0.00411079 6.07886
-0.00413682 6.18166
-0.00416284 6.28447
-0.00418887 6.38728
-0.0042149 6.49009
-0.00424093 6.5929
-0.00426696 6.69571
-0.00429299 6.79852
-0.00431901 6.90133
-0.00434504 7.00414
-0.00437107 7.10695
-0.0043971 7.20976
-0.00442313 7.31256
-0.00444915 7.41537
-0.00447518 7.51818
-0.00450121 7.62099
-0.00452724 7.7238
-0.00455327 7.82661
-0.00457929 7.92942
-0.00460532 8.03223
-0.00463135 8.13504
-0.00465738 8.23785
-0.00468341 8.34065
-0.00470943 8.44346
-0.00473546 8.54627
-0.00476149 8.64908
-0.00478752 8.75189
-0.00481355 8.8547
-0.00483958 8.95751
-0.0048656 9.06032
-0.00489163 9.16313
-0.00491766 9.26594
-0.00494369 9.36874
-0.00496972 9.47155
-0.00499574 9.57436
-0.00502177 9.67717
-0.0050478 9.77998
-0.00507383 9.88279
-0.00509986 9.9856
-0.00512588 10.0884
-0.00515191 10.1912
-0.00517794 10.294
-0.00520397 10.3968
-0.00523 10.4996
-0.00525602 10.6025
-0.00528205 10.7053
-0.00530808 10.8081
-0.00533411 10.9109
-0.00536014 11.0137
-0.00538616 11.1165
-0.00541219 11.2193
-0.00543822 11.3221
-0.00546425 11.4249
-0.00549028 11.5277
-0.00551631 11.6305
-0.00554233 11.7334
-0.00556836 11.8362
-0.00559439 11.939
-0.00562042 12.0418
-0.00564645 12.1446
-0.00567247 12.2474
-0.0056985 12.3502
-0.00572453 12.453
-0.00575056 12.5558
-0.00577659 12.6586
-0.00580261 12.7614
-0.00582864 12.8643
-0.00585467 12.9671
-0.0058807 13.0699
-0.00590673 13.1727
-0.00593275 13.2755
-0.00595878 13.3783
-0.00598481 13.4811
-0.00601084 13.5839
-0.00603687 13.6867
-0.0060629 13.7895
-0.00608892 13.8923
-0.00611495 13.9952
-0.00614098 14.098
-0.00616701 14.2008
-0.00619304 14.3036
-0.00621906 14.4064
-0.00624509 14.5092
-0.00627112 14.612
-0.00629715 14.7148
-0.00632318 14.8176
-0.0063492 14.9204
-0.00637523 15.0232
-0.00640126 15.1261
-0.006425 15
-0.00644874 14.8739
-0.00647248 14.7479
-0.00649622 14.6218
-0.00651996 14.4958
-0.0065437 14.3697
-0.00656744 14.2437
-0.00659118 14.1176
-0.00661492 13.9916
-0.00663866 13.8655
-0.00666239 13.7395
-0.00668613 13.6134
-0.00670987 13.4874
-0.00673361 13.3613
-0.00675735 13.2353
-0.00678109 13.1092
-0.00680483 12.9832
-0.00682857 12.8571
-0.00685231 12.7311
-0.00687605 12.605
-0.00689979 12.479
-0.00692353 12.3529
-0.00694727 12.2269
-0.00697101 12.1008
-0.00699475 11.9748
-0.00701849 11.8487
-0.00704223 11.7227
-0.00706597 11.5966
-0.00708971 11.4706
-0.00711345 11.3445
-0.00713718 11.2185
-0.00716092 11.0924
-0.00718466 10.9664
-0.0072084 10.8403
-0.00723214 10.7143
-0.00725588 10.5882
-0.00727962 10.4622
-0.00730336 10.3361
-0.0073271 10.2101
-0.00735084 10.084
-0.00737458 9.95798
-0.00739832 9.83193
-0.00742206 9.70588
-0.0074458 9.57983
-0.00746954 9.45378
-0.00749328 9.32773
-0.00751702 9.20168
-0.00754076 9.07563
-0.0075645 8.94958
-0.00758824 8.82353
-0.00756268 8.76838
-0.00753713 8.71323
-0.00751158 8.65808
-0.00748603 8.60293
-0.00746048 8.54779
-0.00743493 8.49264
-0.00740937 8.43749
-0.00738382 8.38234
-0.00735827 8.32719
-0.00733272 8.27204
-0.00730717 8.21689
-0.00728162 8.16175
-0.00725607 8.1066
-0.00723051 8.05145
-0.00720496 7.9963
-0.00717941 7.94115
-0.00715386 7.886
-0.00712831 7.83085
-0.00710276 7.7757
-0.00707721 7.72056
-0.00705165 7.66541
-0.0070261 7.61026
-0.00700055 7.55511
-0.006975 7.49996
-0.00694945 7.44481
-0.0069239 7.38966
-0.00689835 7.33452
-0.00687279 7.27937
-0.00684724 7.22422
-0.00682169 7.16907
-0.00679614 7.11392
-0.00677059 7.05877
-0.00674504 7.00362
-0.00671948 6.94847
-0.00669393 6.89333
-0.00666838 6.83818
-0.00664283 6.78303
-0.00661728 6.72788
-0.00659173 6.67273
-0.00656618 6.61758
-0.00654062 6.56243
-0.00651507 6.50728
-0.00648952 6.45214
-0.00646397 6.39699
-0.00643842 6.34184
-0.00641287 6.28669
-0.00638732 6.23154
-0.00636176 6.17639
-0.00633621 6.12124
-0.00631066 6.0661
-0.00628511 6.01095
-0.00625956 5.9558
-0.00623401 5.90065
-0.00620846 5.8455
-0.0061829 5.79035
-0.00615735 5.7352
-0.0061318 5.68005
-0.00610625 5.62491
-0.0060807 5.56976
-0.00605515 5.51461
-0.00602959 5.45946
-0.00600404 5.40431
-0.00597849 5.34916
-0.00595294 5.29401
-0.00592739 5.23887
-0.00590184 5.18372
-0.00587629 5.12857
-0.00585073 5.07342
-0.00582518 5.01827
-0.00579963 4.96312
-0.00577408 4.90797
-0.00574853 4.85282
-0.00572298 4.79768
-0.00569743 4.74253
-0.00567187 4.68738
-0.00564632 4.63223
-0.00562077 4.57708
-0.00559522 4.52193
-0.00556967 4.46678
-0.00554412 4.41163
-0.00551856 4.35649
-0.00549301 4.30134
-0.00546746 4.24619
-0.00544191 4.19104
-0.00541636 4.13589
-0.00539081 4.08074
-0.00536526 4.02559
-0.0053397 3.97045
-0.00531415 3.9153
-0.0052886 3.86015
-0.00526305 3.805
-0.0052375 3.74985
-0.00521195 3.6947
-0.0051864 3.63955
-0.00516084 3.5844
-0.00513529 3.52926
-0.00510974 3.47411
-0.00508419 3.41896
-0.00505864 3.36381
-0.00503309 3.30866
-0.00500754 3.25351
-0.00498198 3.19836
-0.00495643 3.14322
-0.00493088 3.08807
-0.00490533 3.03292
-0.00487978 2.97777
-0.00485423 2.92262
-0.00482867 2.86747
-0.00480312 2.81232
-0.00477757 2.75717
-0.00475202 2.70203
-0.00472647 2.64688
-0.00470092 2.59173
-0.00467537 2.53658
-0.00464981 2.48143
-0.00462426 2.42628
-0.00459871 2.37113
-0.00457316 2.31599
-0.00454761 2.26084
-0.00452206 2.20569
-0.00449651 2.15054
-0.00447095 2.09539
-0.0044454 2.04024
-0.00441985 1.98509
-0.0043943 1.92994
-0.00436875 1.8748
-0.0043432 1.81965
-0.00431764 1.7645
-0.00429209 1.70935
-0.00426654 1.6542
-0.00424099 1.59905
-0.00421544 1.5439
-0.00418989 1.48875
-0.00416434 1.43361
-0.00413878 1.37846
-0.00411323 1.32331
-0.00408768 1.26816
-0.00406213 1.21301
-0.00403658 1.15786
-0.00401103 1.10271
-0.00398548 1.04757
-0.00395992 0.992417
-0.00393437 0.937268
-0.00390882 0.882119
-0.00388327 0.826971
-0.00385772 0.771822
-0.00383217 0.716673
-0.00380662 0.661525
-0.00378106 0.606376
-0.00375551 0.551227
-0.00372996 0.496079
-0.00370441 0.44093
-0.00367886 0.385781
-0.00365331 0.330633
-0.00362775 0.275484
-0.0036022 0.220335
-0.00357665 0.165187
-0.0035511 0.110038
-0.00352555 0.0548892
-0.0035 0
-0.003475 0
-0.00345 0
-0.003425 0
-0.0034 0
-0.003375 0
-0.00335 0
-0.003325 0
-0.0033 0
-0.003275 0
-0.00325 0
-0.003225 0
-0.0032 0
-0.003175 0
-0.00315 0
-0.003125 0
-0.0031 0
-0.003075 0
-0.00305 0
-0.003025 0
-0.003 0
-0.002975 0
-0.00295 0
-0.002925 0
-0.0029 0
-0.002875 0
-0.00285 0
-0.002825 0
-0.0028 0
-0.002775 0
-0.00275 0
-0.002725 0
-0.0027 0
-0.002675 0
-0.00265 0
-0.002625 0
-0.0026 0
-0.002575 0
-0.00255 0
-0.002525 0
-0.0025 0
-0.002475 0
-0.00245 0
-0.002425 0
-0.0024 0
-0.002375 0
-0.00235 0
-0.002325 0
-0.0023 0
-0.002275 0
-0.00225 0
-0.002225 0
-0.0022 0
-0.002175 0
-0.00215 0
-0.002125 0
-0.0021 0
-0.002075 0
-0.00205 0
-0.002025 0
-0.002 0
-0.001975 0
-0.00195 0
-0.001925 0
-0.0019 0
-0.001875 0
-0.00185 0
-0.001825 0
-0.0018 0
-0.001775 0
-0.00175 0
-0.001725 0
-0.0017 0
-0.001675 0
-0.00165 0
-0.001625 0
-0.0016 0
-0.001575 0
-0.00155 0
-0.001525 0
-0.0015 0
-0.001475 0
-0.00145 0
-0.001425 0
-0.0014 0
-0.001375 0
-0.00135 0
-0.001325 0
-0.0013 0
-0.001275 0
-0.00125 0
-0.001225 0
-0.0012 0
-0.001175 0
-0.00115 0
-0.001125 0
-0.0011 0
-0.001075 0
-0.00105 0
-0.001025 0
-0.001 0
-0.000975 0
-0.00095 0
-0.000925 0
-0.0009 0
-0.000875 0
-0.00085 0
-0.000825 0
-0.0008 0
-0.000775 0
-0.00075 0
-0.000725 0
-0.0007 0
-0.000675 0
-0.00065 0
-0.000625 0
-0.0006 0
-0.000575 0
-0.00055 0
-0.000525 0
-0.0005 0
-0.000475 0
-0.00045 0
-0.000425 0
-0.0004 0
-0.000375 0
-0.00035 0
-0.000325 0
-0.0003 0
-0.000275 0
-0.00025 0
-0.000225 0
-0.0002 0
-0.000175 0
-0.00015 0
-0.000125 0
-0.0001 0
-7.5e-05 0
-5e-05 0
-2.5e-05 0
-6.09864e-20 0
2.5e-05 0
5e-05 0
7.5e-05 0
0.0001 0
0.000125 0
0.00015 0
0.000175 0
0.0002 0
0.000225 0
0.00025 0
0.000275 0
0.0003 0
0.000325 0
0.00035 0
0.000375 0
0.0004 0
0.000425 0
0.00045 0
0.000475 0
0.0005 0
0.000525 0
0.00055 0
0.000575 0
0.0006 0
0.000625 0
0.00065 0
0.000675 0
0.0007 0
0.000725 0
0.00075 0
0.000725 0
0.0007 0
0.000675 0
0.00065 0
0.000625 0
0.0006 0
0.000575 0
0.00055 0
0.000525 0
0.0005 0
0.000475 0
0.00045 0
0.000425 0
0.0004 0
0.000375 0
0.00035 0
0.000325 0
0.0003 0
0.000275 0
0.00025 0
0.000225 0
0.0002 0
0.000175 0
0.00015 0
0.000125 0
0.0001 0
7.5e-05 0
5e-05 0
2.5e-05 0
-4.74338e-20 0
-2.5e-05 0
-5e-05 0
-7.5e-05 0
-0.0001 0
-0.000125 0
-0.00015 0
-0.000175 0
-0.0002 0
-0.000225 0
-0.00025 0
-0.000275 0
-0.0003 0
-0.000325 0
-0.00035 0
-0.000375 0
-0.0004 0
-0.000425 0
-0.00045 0
-0.000475 0
-0.0005 0
-0.000525 0
-0.00055 0
-0.000575 0
-0.0006 0
-0.000625 0
-0.00065 0
-0.000675 0
-0.0007 0
-0.000725 0
-0.00075 0
-0.000775 0
-0.0008 0
-0.000825 0
-0.00085 0
-0.000875 0
-0.0009 0
-0.000925 0
-0.00095 0
-0.000975 0
-0.001 0
-0.001025 0
-0.00105 0
-0.001075 0
-0.0011 0
-0.001125 0
-0.00115 0
-0.001175 0
-0.0012 0
-0.001225 0
-0.00125 0
-0.001275 0
-0.0013 0
-0.001325 0
-0.00135 0
-0.001375 0
-0.0014 0
-0.001425 0
-0.00145 0
-0.001475 0
-0.0015 0
-0.001525 0
-0.00155 0
-0.001575 0
-0.0016 0
-0.001625 0
-0.00165 0
-0.001675 0
-0.0017 0
-0.001725 0
-0.00175 0
-0.001775 0
-0.0018 0
-0.001825 0
-0.00185 0
-0.001875 0
-0.0019 0
-0.001925 0
-0.00195 0
-0.001975 0
-0.002 0
-0.002025 0
-0.00205 0
-0.002075 0
-0.0021 0
-0.002125 0
-0.00215 0
-0.002175 0
-0.0022 0
-0.002225 0
-0.00225 0
-0.002275 0
-0.0023 0
-0.002325 0
-0.00235 0
-0.002375 0
-0.0024 0
-0.002425 0
-0.00245 0
-0.002475 0
-0.0025 0
-0.002525 0
-0.00255 0
-0.002575 0
-0.0026 0
-0.002625 0
-0.00265 0
-0.002675 0
-0.0027 0
-0.002725 0
-0.00275 0
-0.002775 0
-0.0028 0
-0.002825 0
-0.00285 0
-0.002875 0
-0.0029 0
-0.002925 0
-0.00295 0
-0.002975 0
-0.003 0
-0.003025 0
-0.00305 0
-0.003075 0
-0.0031 0
-0.003125 0
-0.00315 0
-0.003175 0
-0.0032 0
-0.003225 0
-0.00325 0
-0.003275 0
-0.0033 0
-0.003325 0
-0.00335 0
-0.003375 0
-0.0034 0
-0.003425 0
-0.00345 0
-0.003475 0
-0.0035 0
-0.00352555 0.0548892
-0.0035511 0.110038
-0.00357665 0.165187
-0.0036022 0.220335
-0.00362775 0.275484
-0.00365331 0.330633
-0.00367886 0.385781
-0.00370441 0.44093
-0.00372996 0.496079
-0.00375551 0.551227
-0.00378106 0.606376
-0.00380662 0.661525
-0.00383217 0.716673
-0.00385772 0.771822
-0.00388327 0.826971
-0.00390882 0.882119
-0.00393437 0.937268
-0.00395992 0.992417
-0.00398548 1.04757
-0.00401103 1.10271
-0.00403658 1.15786
-0.00406213 1.21301
-0.00408768 1.26816
-0.00411323 1.32331
-0.00413878 1.37846
-0.00416434 1.43361
-0.00418989 1.48875
-0.00421544 1.5439
-0.00424099 1.59905
-0.00426654 1.6542
-0.00429209 1.70935
-0.00431764 1.7645
-0.0043432 1.81965
-0.00436875 1.8748
-0.0043943 1.92994
-0.00441985 1.98509
-0.0044454 2.04024
-0.00447095 2.09539
-0.00449651 2.15054
-0.00452206 2.20569
-0.00454761 2.26084
-0.00457316 2.31599
-0.00459871 2.37113
-0.00462426 2.42628
-0.00464981 2.48143
-0.00467537 2.53658
-0.00470092 2.59173
-0.00472647 2.64688
-0.00475202 2.70203
-0.00477757 2.75717
-0.00480312 2.81232
-0.00482867 2.86747
-0.00485423 2.92262
-0.00487978 2.97777
-0.00490533 3.03292
-0.00493088 3.08807
-0.00495643 3.14322
-0.00498198 3.19836
-0.00500754 3.25351
-0.00503309 3.30866
-0.00505864 3.36381
-0.00508419 3.41896
-0.00510974 3.47411
-0.00513529 3.52926
-0.00516084 3.5844
-0.0051864 3.63955
-0.00521195 3.6947
-0.0052375 3.74985
-0.00526305 3.805
-0.0052886 3.86015
-0.00531415 3.9153
-0.0053397 3.97045
-0.00536526 4.02559
-0.00539081 4.08074
-0.00541636 4.13589
-0.00544191 4.19104
-0.00546746 4.24619
-0.00549301 4.30134
-0.00551856 4.35649
-0.00554412 4.41163
-0.00556967 4.46678
-0.00559522 4.52193
-0.00562077 4.57708
-0.00564632 4.63223
-0.00567187 4.68738
-0.00569743 4.74253
-0.00572298 4.79768
-0.00574853 4.85282
-0.00577408 4.90797
-0.00579963 4.96312
-0.00582518 5.01827
-0.00585073 5.07342
-0.00587629 5.12857
-0.00590184 5.18372
-0.00592739 5.23887
-0.00595294 5.29401
-0.00597849 5.34916
-0.00600404 5.40431
-0.00602959 5.45946
-0.00605515 5.51461
-0.0060807 5.56976
-0.00610625 5.62491
-0.0061318 5.68005
-0.00615735 5.7352
-0.0061829 5.79035
-0.00620846 5.8455
-0.00623401 5.90065
-0.00625956 5.9558
-0.00628511 6.01095
-0.00631066 6.0661
-0.00633621 6.12124
-0.00636176 6.17639
-0.00638732 6.23154
-0.00641287 6.28669
-0.00643842 6.34184
-0.00646397 6.39699
-0.00648952 6.45214
-0.00651507 6.50728
-0.00654062 6.56243
-0.00656618 6.61758
-0.00659173 6.67273
-0.00661728 6.72788
-0.00664283 6.78303
-0.00666838 6.83818
-0.00669393 6.89333
-0.00671948 6.94847
-0.00674504 7.00362
-0.00677059 7.05877
-0.00679614 7.11392
-0.00682169 7.16907
-0.00684724 7.22422
-0.00687279 7.27937
-0.00689835 7.33452
-0.0069239 7.38966
-0.00694945 7.44481
-0.006975 7.49996
-0.00700055 7.55511
-0.0070261 7.61026
-0.00705165 7.66541
-0.00707721 7.72056
-0.00710276 7.7757
-0.00712831 7.83085
-0.00715386 7.886
-0.00717941 7.94115
-0.00720496 7.9963
-0.00723051 8.05145
-0.00725607 8.1066
-0.00728162 8.16175
-0.00730717 8.21689
-0.00733272 8.27204
-0.00735827 8.32719
-0.00738382 8.38234
-0.00740937 8.43749
-0.00743493 8.49264
-0.00746048 8.54779
-0.00748603 8.60293
-0.00751158 8.65808
-0.00753713 8.71323
-0.00756268 8.76838
-0.00758824 8.82353
-0.00761197 8.69748
-0.00763571 8.57143
-0.00765945 8.44538
-0.00768319 8.31933
-0.00770693 8.19328
-0.00773067 8.06723
-0.00775441 7.94118
-0.00777815 7.81513
-0.00780189 7.68908
-0.00782563 7.56303
-0.00784937 7.43697
-0.00787311 7.31092
-0.00789685 7.18487
-0.00792059 7.05882
-0.00794433 6.93277
-0.00796807 6.80672
-0.00799181 6.68067
-0.00801555 6.55462
-0.00803929 6.42857
-0.00806303 6.30252
-0.00808676 6.17647
-0.0081105 6.05042
-0.008135 6
-0.00816 6
-0.008185 6
-0.00821 6
-0.008235 6
-0.00826 6
-0.008285 6
-0.00831 6
-0.008335 6
-0.00836 6
-0.008385 6
-0.00841 6
-0.008435 6
-0.00846 6
-0.008485 6
-0.00851 6
-0.008535 6
-0.00856 6
-0.008585 6
-0.00861 6
-0.008635 6
-0.00866 6
-0.008685 6
-0.00871 6
-0.008735 6
-0.00876 6
-0.008785 6
-0.00881 6
-0.00878469 5.96897
-0.00875938 5.93794
-0.00873407 5.90691
-0.00870876 5.87588
-0.00868345 5.84485
-0.00865814 5.81382
-0.00863283 5.78279
-0.00860752 5.75176
-0.00858221 5.72073
-0.0085569 5.6897
-0.00853159 5.65867
-0.00850628 5.62764
-0.00848097 5.59661
-0.00845566 5.56558
-0.00843035 5.53455
-0.00840504 5.50352
-0.00837972 5.47249
-0.00835441 5.44146
-0.0083291 5.41043
-0.00830379 5.3794
-0.00827848 5.34837
-0.00825317 5.31734
-0.00822786 5.28631
-0.00820255 5.25528
-0.00817724 5.22424
-0.00815193 5.19321
-0.00812662 5.16218
-0.00810131 5.13115
-0.008076 5.10012
-0.00805069 5.06909
-0.00802538 5.03806
-0.00800007 5.00703
-0.00797476 4.976
-0.00794945 4.94497
-0.00792414 4.91394
-0.00789883 4.88291
-0.00787352 4.85188
-0.00784821 4.82085
-0.0078229 4.78982
-0.00779759 4.75879
-0.00777228 4.72776
-0.00774697 4.69673
-0.00772166 4.6657
-0.00769635 4.63467
-0.00767104 4.60364
-0.00764573 4.57261
-0.00762042 4.54158
-0.00759511 4.51055
-0.0075698 4.47952
-0.00754448 4.44849
-0.00751917 4.41746
-0.00749386 4.38643
-0.00746855 4.3554
-0.00744324 4.32437
-0.00741793 4.29334
-0.00739262 4.26231
-0.00736731 4.23128
-0.007342 4.20025
-0.00731669 4.16922
-0.00729138 4.13819
-0.00726607 4.10716
-0.00724076 4.07613
-0.00721545 4.0451
-0.00719014 4.01407
-0.00716483 3.98304
-0.00713952 3.95201
-0.00711421 3.92098
-0.0070889 3.88995
-0.00706359 3.85892
-0.00703828 3.82789
-0.00701297 3.79686
-0.00698766 3.76583
-0.00696235 3.7348
-0.00693704 3.70376
-0.00691173 3.67273
-0.00688642 3.6417
-0.00686111 3.61067
-0.0068358 3.57964
-0.00681049 3.54861
-0.00678518 3.51758
-0.00675987 3.48655
-0.00673456 3.45552
-0.00670924 3.42449
-0.00668393 3.39346
-0.00665862 3.36243
-0.00663331 3.3314
-0.006608 3.30037
-0.00658269 3.26934
-0.00655738 3.23831
-0.00653207 3.20728
-0.00650676 3.17625
-0.00648145 3.14522
-0.00645614 3.11419
-0.00643083 3.08316
-0.00640552 3.05213
-0.00638021 3.0211
-0.0063549 2.99007
-0.00632959 2.95904
-0.00630428 2.92801
-0.00627897 2.89698
-0.00625366 2.86595
-0.00622835 2.83492
-0.00620304 2.80389
-0.00617773 2.77286
-0.00615242 2.74183
-0.00612711 2.7108
-0.0061018 2.67977
-0.00607649 2.64874
-0.00605118 2.61771
-0.00602587 2.58668
-0.00600056 2.55565
-0.00597525 2.52462
-0.00594994 2.49359
-0.00592463 2.46256
-0.00589932 2.43153
-0.005874 2.4005
-0.00584869 2.36947
-0.00582338 2.33844
-0.00579807 2.30741
-0.00577276 2.27638
-0.00574745 2.24535
-0.00572214 2.21432
-0.00569683 2.18329
-0.00567152 2.15225
-0.00564621 2.12122
-0.0056209 2.09019
-0.00559559 2.05916
-0.00557028 2.02813
-0.00554497 1.9971
-0.00551966 1.96607
-0.00549435 1.93504
-0.00546904 1.90401
-0.00544373 1.87298
-0.00541842 1.84195
-0.00539311 1.81092
-0.0053678 1.77989
-0.00534249 1.74886
-0.00531718 1.71783
-0.00529187 1.6868
-0.00526656 1.65577
-0.00524125 1.62474
-0.00521594 1.59371
-0.00519063 1.56268
-0.00516532 1.53165
-0.00514001 1.50062
-0.0051147 1.46959
-0.00508939 1.43856
-0.00506408 1.40753
-0.00503876 1.3765
-0.00501345 1.34547
-0.00498814 1.31444
-0.00496283 1.28341
-0.00493752 1.25238
-0.00491221 1.22135
-0.0048869 1.19032
-0.00486159 1.15929
-0.00483628 1.12826
-0.00481097 1.09723
-0.00478566 1.0662
-0.00476035 1.03517
-0.00473504 1.00414
-0.00470973 0.973107
-0.00468442 0.942077
-0.00465911 0.911047
-0.0046338 0.880017
-0.00460849 0.848986
-0.00458318 0.817956
-0.00455787 0.786926
-0.00453256 0.755896
-0.00450725 0.724866
-0.00448194 0.693835
-0.00445663 0.662805
-0.00443132 0.631775
-0.00440601 0.600745
-0.0043807 0.569715
-0.00435539 0.538684
-0.00433008 0.507654
-0.00430477 0.476624
-0.00427946 0.445594
-0.00425415 0.414564
-0.00422884 0.383533
-0.00420353 0.352503
-0.00417821 0.321473
-0.0041529 0.290443
-0.00412759 0.259412
-0.00410228 0.228382
-0.00407697 0.197352
-0.00405166 0.166322
-0.00402635 0.135292
-0.00400104 0.104261
-0.00397573 0.0732313
-0.00395042 0.0422011
-0.00392511 0.0111709
-0.0039 0
-0.003875 0
-0.00385 0
-0.003825 0
-0.0038 0
-0.003775 0
-0.00375 0
-0.003725 0
-0.0037 0
-0.003675 0
-0.00365 0
-0.003625 0
-0.0036 0
-0.003575 0
-0.00355 0
-0.003525 0
-0.0035 0
-0.003475 0
-0.00345 0
-0.003425 0
-0.0034 0
-0.003375 0
-0.00335 0
-0.003325 0
-0.0033 0
-0.003275 0
-0.00325 0
-0.003225 0
-0.0032 0
-0.003175 0
-0.00315 0
-0.003125 0
-0.0031 0
-0.003075 0
-0.00305 0
-0.003025 0
-0.003 0
-0.002975 0
-0.00295 0
-0.002925 0
-0.0029 0
-0.002875 0
-0.00285 0
-0.002825 0
-0.0028 0
-0.002775 0
-0.00275 0
-0.002725 0
-0.0027 0
-0.002675 0
-0.00265 0
-0.002625 0
-0.0026 0
-0.002575 0
-0.00255 0
-0.002525 0
-0.0025 0
-0.002475 0
-0.00245 0
-0.002425 0
-0.0024 0
-0.002375 0
-0.00235 0
-0.002325 0
-0.0023 0
-0.002275 0
-0.00225 0
-0.002225 0
-0.0022 0
-0.002175 0
-0.00215 0
-0.002125 0
-0.0021 0
-0.002075 0
-0.00205 0
-0.002025 0
-0.002 0
-0.001975 0
-0.00195 0
-0.001925 0
-0.0019 0
-0.001875 0
-0.00185 0
-0.001825 0
-0.0018 0
-0.001775 0
-0.00175 0
-0.001725 0
-0.0017 0
-0.001675 0
-0.00165 0
-0.001625 0
-0.0016 0
-0.001575 0
-0.00155 0
-0.001525 0
-0.0015 0
-0.001475 0
-0.00145 0
-0.001425 0
-0.0014 0
-0.001375 0
-0.00135 0
-0.001325 0
-0.0013 0
-0.001275 0
-0.00125 0
-0.001225 0
-0.0012 0
-0.001175 0
-0.00115 0
-0.001125 0
-0.0011 0
-0.001075 0
-0.00105 0
-0.001025 0
-0.001 0
-0.000975 0
-0.00095 0
-0.000925 0
-0.0009 0
-0.000875 0
-0.00085 0
-0.000825 0
-0.0008 0
-0.000775 0
-0.00075 0
-0.000725 0
-0.0007 0
-0.000675 0
-0.00065 0
-0.000625 0
-0.0006 0
-0.000575 0
-0.00055 0
-0.000525 0
-0.0005 0
-0.000475 0
-0.00045 0
-0.000425 0
-0.0004 0
-0.000375 0
-0.00035 0
-0.000325 0
-0.0003 0
-0.000275 0
-0.00025 0
-0.000225 0
-0.0002 0
-0.000175 0
-0.00015 0
-0.000125 0
-0.0001 0
-7.5e-05 0
-5e-05 0
-2.5e-05 0
-9.28348e-19 0
2.5e-05 0
5e-05 0
7.5e-05 0
0.0001 0
0.000125 0
0.00015 0
0.000175 0
0.0002 0
0.000225 0
0.00025 0
0.000275 0
0.0003 0
0.000325 0
0.00035 0
0.000375 0
0.0004 0
0.000425 0
0.00045 0
0.000475 0
0.0005 0
0.000525 0
0.00055 0
0.000575 0
0.0006 0
0.000625 0
0.00065 0
0.000675 0
0.0007 0
0.000725 0
0.00075 0
0.000775 0
0.0008 0
0.000825 0
0.00085 0
0.000875 0
0.00085 0
0.000825 0
0.0008 0
0.000775 0
0.00075 0
0.000725 0
0.0007 0
0.000675 0
0.00065 0
0.000625 0
0.0006 0
0.000575 0
0.00055 0
0.000525 0
0.0005 0
0.000475 0
0.00045 0
0.000425 0
0.0004 0
0.000375 0
0.00035 0
0.000325 0
0.0003 0
0.000275 0
0.00025 0
0.000225 0
0.0002 0
0.000175 0
0.00015 0
0.000125 0
0.0001 0
7.5e-05 0
5e-05 0
2.5e-05 0
-9.14796e-19 0
