-2.8649e-05 0.364901
-5.72789e-05 0.727892
-8.58897e-05 1.08897
-0.000114481 1.44813
-0.000143054 1.80536
-0.000171607 2.16066
-0.00020014 2.51403
-0.000228655 2.86545
-0.000257149 3.21493
-0.000285625 3.56246
-0.00031408 3.90803
-0.000342516 4.25164
-0.000370933 4.59329
-0.00039933 4.93296
-0.000427706 5.27065
-0.000456064 5.60636
-0.000484401 5.94008
-0.000512718 6.2718
-0.000541015 6.60153
-0.000569292 6.92925
-0.00059755 7.25496
-0.000625787 7.57865
-0.000654003 7.90032
-0.0006822 8.21996
-0.000710376 8.53757
-0.000738531 8.85314
-0.000766667 9.16667
-0.000794781 9.47814
-0.000822876 9.78756
-0.000850949 10.0949
-0.000879002 10.4002
-0.000907034 10.7034
-0.000935045 11.0045
-0.000963036 11.3036
-0.000991005 11.6005
-0.00101895 11.8954
-0.00104688 12.1882
-0.00107479 12.4788
-0.00110267 12.7673
-0.00113054 13.0537
-0.00115838 13.338
-0.0011862 13.6202
-0.001214 13.9002
-0.00124178 14.178
-0.00126954 14.4537
-0.00129727 14.7273
-0.00132499 14.9986
-0.00135268 15.2678
-0.00138035 15.5349
-0.001408 15.7997
-0.00137934 15.4339
-0.00135068 15.068
-0.00132202 14.7022
-0.00129336 14.3363
-0.0012647 13.9704
-0.00123605 13.6046
-0.00120739 13.2387
-0.00117873 12.8729
-0.00115007 12.507
-0.00112141 12.1412
-0.00109275 11.7753
-0.00106409 11.4095
-0.00103544 11.0436
-0.00100678 10.6778
-0.000978119 10.3119
-0.000949461 9.94606
-0.000920802 9.5802
-0.000892143 9.21435
-0.000863485 8.84849
-0.000834826 8.48264
-0.000806168 8.11679
-0.000777509 7.75093
-0.000748851 7.38508
-0.000720192 7.01923
-0.000691534 6.65337
-0.000662875 6.28752
-0.000634217 5.92166
-0.000605558 5.55581
-0.0005769 5.18996
-0.000548241 4.8241
-0.000519583 4.45825
-0.000490924 4.0924
-0.000462265 3.72654
-0.000433607 3.36069
-0.000404948 2.99484
-0.00037629 2.62898
-0.000347631 2.26313
-0.000318973 1.89727
-0.000290314 1.53142
-0.000261656 1.16557
-0.000232997 0.799714
-0.000204339 0.43386
-0.00017568 0.0680064
-0.00015 0
-0.000125 0
-0.0001 0
-7.5e-05 0
-5e-05 0
-2.5e-05 0
-6.09864e-20 0
2.5e-05 0
5e-05 0
7.5e-05 0
0.0001 0
0.000125 0
0.0001 0
7.5e-05 0
5e-05 0
2.5e-05 0
-4.74338e-20 0
-2.5e-05 0
-5e-05 0
-7.5e-05 0
-0.0001 0
-0.000125 0
-0.00015 0
-0.00017568 0.0680064
-0.000204339 0.43386
-0.000232997 0.799714
-0.000261656 1.16557
-0.000290314 1.53142
-0.000318973 1.89727
-0.000347631 2.26313
-0.00037629 2.62898
-0.000404948 2.99484
-0.000433607 3.36069
-0.000462265 3.72654
-0.000490924 4.0924
-0.000519583 4.45825
-0.000548241 4.8241
-0.0005769 5.18996
-0.000605558 5.55581
-0.000634217 5.92166
-0.000662875 6.28752
-0.000691534 6.65337
-0.000720192 7.01923
-0.000748851 7.38508
-0.000777509 7.75093
-0.000806168 8.11679
-0.000834826 8.48264
-0.000863485 8.84849
-0.000892143 9.21435
-0.000920802 9.5802
-0.000949461 9.94606
-0.000978119 10.3119
-0.00100678 10.6778
-0.00103544 11.0436
-0.00106409 11.4095
-0.00109275 11.7753
-0.00112141 12.1412
-0.00115007 12.507
-0.00117873 12.8729
-0.00120739 13.2387
-0.00123605 13.6046
-0.0012647 13.9704
-0.00129336 14.3363
-0.00132202 14.7022
-0.00135068 15.068
-0.00137934 15.4339
-0.001408 15.7997
-0.00143562 16.0624
-0.00146323 16.3228
-0.00149081 16.5811
-0.00151837 16.8371
-0.00154591 17.0909
-0.00157343 17.3425
-0.00160092 17.5919
-0.00162839 17.839
-0.00165584 18.0839
-0.00168327 18.3266
-0.00171067 18.567
-0.00173805 18.8051
-0.00176541 19.0409
-0.00179274 19.2745
-0.00182006 19.5058
-0.00184735 19.7348
-0.00187461 19.9615
-0.00190186 20.1859
-0.00192908 20.4079
-0.00195628 20.6277
-0.00198345 20.8451
-0.0020106 21.0602
-0.00203773 21.273
-0.00206483 21.4834
-0.00209191 21.6915
-0.00211897 21.8972
-0.002146 22.1005
-0.00217301 22.3014
-0.0022 22.5
-0.00222696 22.6962
-0.0022539 22.8899
-0.00228081 23.0813
-0.0023077 23.2703
-0.00233457 23.4568
-0.00236141 23.6409
-0.00238823 23.8225
-0.00241502 24.0018
-0.00244179 24.1785
-0.00246853 24.3528
-0.00249525 24.5247
-0.00252194 24.694
-0.00254861 24.8609
-0.00257525 25.0253
-0.00260187 25.1872
-0.00262847 25.3465
-0.00265503 25.5034
-0.00268158 25.6577
-0.0027081 25.8095
-0.00273459 25.9588
-0.00276105 26.1055
-0.0027875 26.2496
-0.00281391 26.3912
-0.0028403 26.5302
-0.00286667 26.6667
-0.00289301 26.8005
-0.00291932 26.9317
-0.0029456 27.0604
-0.00297186 27.1864
-0.0029981 27.3098
-0.00302431 27.4305
-0.00305049 27.5486
-0.00307664 27.6641
-0.00310277 27.7769
-0.00312887 27.887
-0.00315494 27.9945
-0.00318099 28.0992
-0.00320701 28.2013
-0.00323301 28.3007
-0.00325897 28.3973
-0.00328491 28.4912
-0.00331082 28.5824
-0.00333671 28.6708
-0.00336257 28.7565
-0.00338839 28.8395
-0.0034142 28.9196
-0.00343997 28.997
-0.00346572 29.0716
-0.00349143 29.1434
-0.00351712 29.2123
-0.00354278 29.2785
-0.00356842 29.3418
-0.00359402 29.4023
-0.0036196 29.4599
-0.00364515 29.5147
-0.00367067 29.5666
-0.00369616 29.6157
-0.00372162 29.6618
-0.00374705 29.705
-0.00377245 29.7454
-0.00379783 29.7828
-0.00382317 29.8172
-0.00384849 29.8488
-0.00387377 29.8774
-0.00389903 29.903
-0.00392426 29.9256
-0.00394945 29.9453
-0.00397462 29.962
-0.00399976 29.9756
-0.00402486 29.9863
-0.00404994 29.9939
-0.00402227 29.7269
-0.0039946 29.4599
-0.00396693 29.1929
-0.00393926 28.9259
-0.00391159 28.6589
-0.00388392 28.3919
-0.00385625 28.1249
-0.00382858 27.8579
-0.00380091 27.5909
-0.00377324 27.3238
-0.00374557 27.0568
-0.0037179 26.7898
-0.00369023 26.5228
-0.00366256 26.2558
-0.00363489 25.9888
-0.00360722 25.7218
-0.00357955 25.4548
-0.00355188 25.1878
-0.00352421 24.9208
-0.00349654 24.6538
-0.00346887 24.3868
-0.0034412 24.1198
-0.00341353 23.8528
-0.00338586 23.5858
-0.00335819 23.3188
-0.00333052 23.0518
-0.00330285 22.7848
-0.00327518 22.5178
-0.00324751 22.2508
-0.00321984 21.9838
-0.00319217 21.7168
-0.0031645 21.4498
-0.00313683 21.1827
-0.00310916 20.9157
-0.00308149 20.6487
-0.00305382 20.3817
-0.00302615 20.1147
-0.00299848 19.8477
-0.00297081 19.5807
-0.00294314 19.3137
-0.00291547 19.0467
-0.0028878 18.7797
-0.00286013 18.5127
-0.00283246 18.2457
-0.00280479 17.9787
-0.00277712 17.7117
-0.00274945 17.4447
-0.00272178 17.1777
-0.00269411 16.9107
-0.00266644 16.6437
-0.00263877 16.3767
-0.0026111 16.1097
-0.00258343 15.8427
-0.00255576 15.5757
-0.00252809 15.3087
-0.00250042 15.0416
-0.00247275 14.7746
-0.00244508 14.5076
-0.00241741 14.2406
-0.00238974 13.9736
-0.00236207 13.7066
-0.0023344 13.4396
-0.00230673 13.1726
-0.00227906 12.9056
-0.00225139 12.6386
-0.00222372 12.3716
-0.00219605 12.1046
-0.00216838 11.8376
-0.00214071 11.5706
-0.00211304 11.3036
-0.00208537 11.0366
-0.0020577 10.7696
-0.00203003 10.5026
-0.00200236 10.2356
-0.00197469 9.96857
-0.00194702 9.70156
-0.00191935 9.43456
-0.00189168 9.16755
-0.00186401 8.90055
-0.00183634 8.63354
-0.00180867 8.36654
-0.001781 8.09953
-0.00175333 7.83253
-0.00172566 7.56553
-0.00169799 7.29852
-0.00167032 7.03152
-0.00164265 6.76451
-0.00161498 6.49751
-0.00158731 6.2305
-0.00155964 5.9635
-0.00153196 5.6965
-0.00150429 5.42949
-0.00147662 5.16249
-0.00144895 4.89548
-0.00142128 4.62848
-0.00139361 4.36147
-0.00136594 4.09447
-0.00133827 3.82747
-0.0013106 3.56046
-0.00128293 3.29346
-0.00125526 3.02645
-0.00122759 2.75945
-0.00119992 2.49244
-0.00117225 2.22544
-0.00114458 1.95843
-0.00111691 1.69143
-0.00108924 1.42443
-0.00106157 1.15742
-0.0010339 0.890417
-0.00100623 0.623413
-0.000978564 0.356408
-0.000950894 0.0894041
-0.000925 0
-0.0009 0
-0.000875 0
-0.00085 0
-0.000825 0
-0.0008 0
-0.000775 0
-0.00075 0
-0.000725 0
-0.0007 0
-0.000675 0
-0.00065 0
-0.000625 0
-0.0006 0
-0.000575 0
-0.00055 0
-0.000525 0
-0.0005 0
-0.000475 0
-0.00045 0
-0.000425 0
-0.0004 0
-0.000375 0
-0.00035 0
-0.000325 0
-0.0003 0
-0.000275 0
-0.00025 0
-0.000225 0
-0.0002 0
-0.000175 0
-0.00015 0
-0.000125 0
-0.0001 0
-7.5e-05 0
-5e-05 0
-2.5e-05 0
-6.09864e-20 0
2.5e-05 0
5e-05 0
7.5e-05 0
0.0001 0
0.000125 0
0.00015 0
0.000175 0
0.0002 0
0.000225 0
0.00025 0
0.000275 0
0.0003 0
0.000325 0
0.00035 0
0.000375 0
0.00035 0
0.000325 0
0.0003 0
0.000275 0
0.00025 0
0.000225 0
0.0002 0
0.000175 0
0.00015 0
0.000125 0
0.0001 0
7.5e-05 0
5e-05 0
2.5e-05 0
-4.74338e-20 0
-2.5e-05 0
-5e-05 0
-7.5e-05 0
-0.0001 0
-0.000125 0
-0.00015 0
-0.000175 0
-0.0002 0
-0.000225 0
-0.00025 0
-0.000275 0
-0.0003 0
-0.000325 0
-0.00035 0
-0.000375 0
-0.0004 0
-0.000425 0
-0.00045 0
-0.000475 0
-0.0005 0
-0.000525 0
-0.00055 0
-0.000575 0
-0.0006 0
-0.000625 0
-0.00065 0
-0.000675 0
-0.0007 0
-0.000725 0
-0.00075 0
-0.000775 0
-0.0008 0
-0.000825 0
-0.00085 0
-0.000875 0
-0.0009 0
-0.000925 0
-0.000950894 0.0894041
-0.000978564 0.356408
-0.00100623 0.623413
-0.0010339 0.890417
-0.00106157 1.15742
-0.00108924 1.42443
-0.00111691 1.69143
-0.00114458 1.95843
-0.00117225 2.22544
-0.00119992 2.49244
-0.00122759 2.75945
-0.00125526 3.02645
-0.00128293 3.29346
-0.0013106 3.56046
-0.00133827 3.82747
-0.00136594 4.09447
-0.00139361 4.36147
-0.00142128 4.62848
-0.00144895 4.89548
-0.00147662 5.16249
-0.00150429 5.42949
-0.00153196 5.6965
-0.00155964 5.9635
-0.00158731 6.2305
-0.00161498 6.49751
-0.00164265 6.76451
-0.00167032 7.03152
-0.00169799 7.29852
-0.00172566 7.56553
-0.00175333 7.83253
-0.001781 8.09953
-0.00180867 8.36654
-0.00183634 8.63354
-0.00186401 8.90055
-0.00189168 9.16755
-0.00191935 9.43456
-0.00194702 9.70156
-0.00197469 9.96857
-0.00200236 10.2356
-0.00203003 10.5026
-0.0020577 10.7696
-0.00208537 11.0366
-0.00211304 11.3036
-0.00214071 11.5706
-0.00216838 11.8376
-0.00219605 12.1046
-0.00222372 12.3716
-0.00225139 12.6386
-0.00227906 12.9056
-0.00230673 13.1726
-0.0023344 13.4396
-0.00236207 13.7066
-0.00238974 13.9736
-0.00241741 14.2406
-0.00244508 14.5076
-0.00247275 14.7746
-0.00250042 15.0416
-0.00252809 15.3087
-0.00255576 15.5757
-0.00258343 15.8427
-0.0026111 16.1097
-0.00263877 16.3767
-0.00266644 16.6437
-0.00269411 16.9107
-0.00272178 17.1777
-0.00274945 17.4447
-0.00277712 17.7117
-0.00280479 17.9787
-0.00283246 18.2457
-0.00286013 18.5127
-0.0028878 18.7797
-0.00291547 19.0467
-0.00294314 19.3137
-0.00297081 19.5807
-0.00299848 19.8477
-0.00302615 20.1147
-0.00305382 20.3817
-0.00308149 20.6487
-0.00310916 20.9157
-0.00313683 21.1827
-0.0031645 21.4498
-0.00319217 21.7168
-0.00321984 21.9838
-0.00324751 22.2508
-0.00327518 22.5178
-0.00330285 22.7848
-0.00333052 23.0518
-0.00335819 23.3188
-0.00338586 23.5858
-0.00341353 23.8528
-0.0034412 24.1198
-0.00346887 24.3868
-0.00349654 24.6538
-0.00352421 24.9208
-0.00355188 25.1878
-0.00357955 25.4548
-0.00360722 25.7218
-0.00363489 25.9888
-0.00366256 26.2558
-0.00369023 26.5228
-0.0037179 26.7898
-0.00374557 27.0568
-0.00377324 27.3238
-0.00380091 27.5909
-0.00382858 27.8579
-0.00385625 28.1249
-0.00388392 28.3919
-0.00391159 28.6589
-0.00393926 28.9259
-0.00396693 29.1929
-0.0039946 29.4599
-0.00402227 29.7269
-0.00404994 29.9939
-0.00407498 29.9985
-0.0041 30
-0.00412396 29.8958
-0.00414792 29.7917
-0.00417187 29.6875
-0.00419583 29.5833
-0.00421979 29.4792
-0.00424375 29.375
-0.00426771 29.2708
-0.00429167 29.1667
-0.00431562 29.0625
-0.00433958 28.9583
-0.00436354 28.8542
-0.0043875 28.75
-0.00441146 28.6458
-0.00443542 28.5417
-0.00445937 28.4375
-0.00448333 28.3333
-0.00450729 28.2292
-0.00453125 28.125
-0.00455521 28.0208
-0.00457917 27.9167
-0.00460312 27.8125
-0.00462708 27.7083
-0.00465104 27.6042
-0.004675 27.5
-0.00469896 27.3958
-0.00472292 27.2917
-0.00474687 27.1875
-0.00477083 27.0833
-0.00479479 26.9792
-0.00481875 26.875
-0.00484271 26.7708
-0.00486667 26.6667
-0.00489062 26.5625
-0.00491458 26.4583
-0.00493854 26.3542
-0.0049625 26.25
-0.00498646 26.1458
-0.00501042 26.0417
-0.00503437 25.9375
-0.00505833 25.8333
-0.00508229 25.7292
-0.00510625 25.625
-0.00513021 25.5208
-0.00515417 25.4167
-0.00517812 25.3125
-0.00520208 25.2083
-0.00522604 25.1042
-0.00525 25
-0.00522319 24.8187
-0.00519637 24.6374
-0.00516956 24.4562
-0.00514275 24.2749
-0.00511594 24.0936
-0.00508912 23.9123
-0.00506231 23.7311
-0.0050355 23.5498
-0.00500869 23.3685
-0.00498187 23.1872
-0.00495506 23.006
-0.00492825 22.8247
-0.00490143 22.6434
-0.00487462 22.4621
-0.00484781 22.2808
-0.004821 22.0996
-0.00479418 21.9183
-0.00476737 21.737
-0.00474056 21.5557
-0.00471374 21.3745
-0.00468693 21.1932
-0.00466012 21.0119
-0.00463331 20.8306
-0.00460649 20.6494
-0.00457968 20.4681
-0.00455287 20.2868
-0.00452606 20.1055
-0.00449924 19.9243
-0.00447243 19.743
-0.00444562 19.5617
-0.0044188 19.3804
-0.00439199 19.1991
-0.00436518 19.0179
-0.00433837 18.8366
-0.00431155 18.6553
-0.00428474 18.474
-0.00425793 18.2928
-0.00423111 18.1115
-0.0042043 17.9302
-0.00417749 17.7489
-0.00415068 17.5677
-0.00412386 17.3864
-0.00409705 17.2051
-0.00407024 17.0238
-0.00404343 16.8425
-0.00401661 16.6613
-0.0039898 16.48
-0.00396299 16.2987
-0.00393617 16.1174
-0.00390936 15.9362
-0.00388255 15.7549
-0.00385574 15.5736
-0.00382892 15.3923
-0.00380211 15.2111
-0.0037753 15.0298
-0.00374849 14.8485
-0.00372167 14.6672
-0.00369486 14.486
-0.00366805 14.3047
-0.00364123 14.1234
-0.00361442 13.9421
-0.00358761 13.7608
-0.0035608 13.5796
-0.00353398 13.3983
-0.00350717 13.217
-0.00348036 13.0357
-0.00345354 12.8545
-0.00342673 12.6732
-0.00339992 12.4919
-0.00337311 12.3106
-0.00334629 12.1294
-0.00331948 11.9481
-0.00329267 11.7668
-0.00326586 11.5855
-0.00323904 11.4042
-0.00321223 11.223
-0.00318542 11.0417
-0.0031586 10.8604
-0.00313179 10.6791
-0.00310498 10.4979
-0.00307817 10.3166
-0.00305135 10.1353
-0.00302454 9.95403
-0.00299773 9.77276
-0.00297091 9.59148
-0.0029441 9.4102
-0.00291729 9.22893
-0.00289048 9.04765
-0.00286366 8.86637
-0.00283685 8.6851
-0.00281004 8.50382
-0.00278323 8.32254
-0.00275641 8.14127
-0.0027296 7.95999
-0.00270279 7.77871
-0.00267597 7.59744
-0.00264916 7.41616
-0.00262235 7.23488
-0.00259554 7.05361
-0.00256872 6.87233
-0.00254191 6.69105
-0.0025151 6.50978
-0.00248828 6.3285
-0.00246147 6.14722
-0.00243466 5.96595
-0.00240785 5.78467
-0.00238103 5.60339
-0.00235422 5.42212
-0.00232741 5.24084
-0.0023006 5.05956
-0.00227378 4.87829
-0.00224697 4.69701
-0.00222016 4.51573
-0.00219334 4.33446
-0.00216653 4.15318
-0.00213972 3.9719
-0.00211291 3.79063
-0.00208609 3.60935
-0.00205928 3.42807
-0.00203247 3.2468
-0.00200566 3.06552
-0.00197884 2.88424
-0.00195203 2.70297
-0.00192522 2.52169
-0.0018984 2.34041
-0.00187159 2.15914
-0.00184478 1.97786
-0.00181797 1.79658
-0.00179115 1.6153
-0.00176434 1.43403
-0.00173753 1.25275
-0.00171071 1.07147
-0.0016839 0.890198
-0.00165709 0.708921
-0.00163028 0.527645
-0.00160346 0.346368
-0.00157665 0.165091
-0.00155 0
-0.001525 0
-0.0015 0
-0.001475 0
-0.00145 0
-0.001425 0
-0.0014 0
-0.001375 0
-0.00135 0
-0.001325 0
-0.0013 0
-0.001275 0
-0.00125 0
-0.001225 0
-0.0012 0
-0.001175 0
-0.00115 0
-0.001125 0
-0.0011 0
-0.001075 0
-0.00105 0
-0.001025 0
-0.001 0
-0.000975 0
-0.00095 0
-0.000925 0
-0.0009 0
-0.000875 0
-0.00085 0
-0.000825 0
-0.0008 0
-0.000775 0
-0.00075 0
-0.000725 0
-0.0007 0
-0.000675 0
-0.00065 0
-0.000625 0
-0.0006 0
-0.000575 0
-0.00055 0
-0.000525 0
-0.0005 0
-0.000475 0
-0.00045 0
-0.000425 0
-0.0004 0
-0.000375 0
-0.00035 0
-0.000325 0
-0.0003 0
-0.000275 0
-0.00025 0
-0.000225 0
-0.0002 0
-0.000175 0
-0.00015 0
-0.000125 0
-0.0001 0
-7.5e-05 0
-5e-05 0
-2.5e-05 0
-6.09864e-20 0
2.5e-05 0
5e-05 0
7.5e-05 0
0.0001 0
0.000125 0
0.00015 0
0.000175 0
0.0002 0
0.000225 0
0.00025 0
0.000275 0
0.0003 0
0.000325 0
0.00035 0
0.000375 0
0.0004 0
0.000425 0
0.00045 0
0.000475 0
0.0005 0
0.000475 0
0.00045 0
0.000425 0
0.0004 0
0.000375 0
0.00035 0
0.000325 0
0.0003 0
0.000275 0
0.00025 0
0.000225 0
0.0002 0
0.000175 0
0.00015 0
0.000125 0
0.0001 0
7.5e-05 0
5e-05 0
2.5e-05 0
-4.74338e-20 0
-2.5e-05 0
-5e-05 0
-7.5e-05 0
-0.0001 0
-0.000125 0
-0.00015 0
-0.000175 0
-0.0002 0
-0.000225 0
-0.00025 0
-0.000275 0
-0.0003 0
-0.000325 0
-0.00035 0
-0.000375 0
-0.0004 0
-0.000425 0
-0.00045 0
-0.000475 0
-0.0005 0
-0.000525 0
-0.00055 0
-0.000575 0
-0.0006 0
-0.000625 0
-0.00065 0
-0.000675 0
-0.0007 0
-0.000725 0
-0.00075 0
-0.000775 0
-0.0008 0
-0.000825 0
-0.00085 0
-0.000875 0
-0.0009 0
-0.000925 0
-0.00095 0
-0.000975 0
-0.001 0
-0.001025 0
-0.00105 0
-0.001075 0
-0.0011 0
-0.001125 0
-0.00115 0
-0.001175 0
-0.0012 0
-0.001225 0
-0.00125 0
-0.001275 0
-0.0013 0
-0.001325 0
-0.00135 0
-0.001375 0
-0.0014 0
-0.001425 0
-0.00145 0
-0.001475 0
-0.0015 0
-0.001525 0
-0.00155 0
-0.00157665 0.165091
-0.00160346 0.346368
-0.00163028 0.527645
-0.00165709 0.708921
-0.0016839 0.890198
-0.00171071 1.07147
-0.00173753 1.25275
-0.00176434 1.43403
-0.00179115 1.6153
-0.00181797 1.79658
-0.00184478 1.97786
-0.00187159 2.15914
-0.0018984 2.34041
-0.00192522 2.52169
-0.00195203 2.70297
-0.00197884 2.88424
-0.00200566 3.06552
-0.00203247 3.2468
-0.00205928 3.42807
-0.00208609 3.60935
-0.00211291 3.79063
-0.00213972 3.9719
-0.00216653 4.15318
-0.00219334 4.33446
-0.00222016 4.51573
-0.00224697 4.69701
-0.00227378 4.87829
-0.0023006 5.05956
-0.00232741 5.24084
-0.00235422 5.42212
-0.00238103 5.60339
-0.00240785 5.78467
-0.00243466 5.96595
-0.00246147 6.14722
-0.00248828 6.3285
-0.0025151 6.50978
-0.00254191 6.69105
-0.00256872 6.87233
-0.00259554 7.05361
-0.00262235 7.23488
-0.00264916 7.41616
-0.00267597 7.59744
-0.00270279 7.77871
-0.0027296 7.95999
-0.00275641 8.14127
-0.00278323 8.32254
-0.00281004 8.50382
-0.00283685 8.6851
-0.00286366 8.86637
-0.00289048 9.04765
-0.00291729 9.22893
-0.0029441 9.4102
-0.00297091 9.59148
-0.00299773 9.77276
-0.00302454 9.95403
-0.00305135 10.1353
-0.00307817 10.3166
-0.00310498 10.4979
-0.00313179 10.6791
-0.0031586 10.8604
-0.00318542 11.0417
-0.00321223 11.223
-0.00323904 11.4042
-0.00326586 11.5855
-0.00329267 11.7668
-0.00331948 11.9481
-0.00334629 12.1294
-0.00337311 12.3106
-0.00339992 12.4919
-0.00342673 12.6732
-0.00345354 12.8545
-0.00348036 13.0357
-0.00350717 13.217
-0.00353398 13.3983
-0.0035608 13.5796
-0.00358761 13.7608
-0.00361442 13.9421
-0.00364123 14.1234
-0.00366805 14.3047
-0.00369486 14.486
-0.00372167 14.6672
-0.00374849 14.8485
-0.0037753 15.0298
-0.00380211 15.2111
-0.00382892 15.3923
-0.00385574 15.5736
-0.00388255 15.7549
-0.00390936 15.9362
-0.00393617 16.1174
-0.00396299 16.2987
-0.0039898 16.48
-0.00401661 16.6613
-0.00404343 16.8425
-0.00407024 17.0238
-0.00409705 17.2051
-0.00412386 17.3864
-0.00415068 17.5677
-0.00417749 17.7489
-0.0042043 17.9302
-0.00423111 18.1115
-0.00425793 18.2928
-0.00428474 18.474
-0.00431155 18.6553
-0.00433837 18.8366
-0.00436518 19.0179
-0.00439199 19.1991
-0.0044188 19.3804
-0.00444562 19.5617
-0.00447243 19.743
-0.00449924 19.9243
-0.00452606 20.1055
-0.00455287 20.2868
-0.00457968 20.4681
-0.00460649 20.6494
-0.00463331 20.8306
-0.00466012 21.0119
-0.00468693 21.1932
-0.00471374 21.3745
-0.00474056 21.5557
-0.00476737 21.737
-0.00479418 21.9183
-0.004821 22.0996
-0.00484781 22.2808
-0.00487462 22.4621
-0.00490143 22.6434
-0.00492825 22.8247
-0.00495506 23.006
-0.00498187 23.1872
-0.00500869 23.3685
-0.0050355 23.5498
-0.00506231 23.7311
-0.00508912 23.9123
-0.00511594 24.0936
-0.00514275 24.2749
-0.00516956 24.4562
-0.00519637 24.6374
-0.00522319 24.8187
-0.00525 25
-0.00527396 24.8958
-0.00529792 24.7917
-0.00532187 24.6875
-0.00534583 24.5833
-0.00536979 24.4792
-0.00539375 24.375
-0.00541771 24.2708
-0.00544167 24.1667
-0.00546562 24.0625
-0.00548958 23.9583
-0.00551354 23.8542
-0.0055375 23.75
-0.00556146 23.6458
-0.00558542 23.5417
-0.00560937 23.4375
-0.00563333 23.3333
-0.00565729 23.2292
-0.00568125 23.125
-0.00570521 23.0208
-0.00572917 22.9167
-0.00575312 22.8125
-0.00577708 22.7083
-0.00580104 22.6042
-0.005825 22.5
-0.00584896 22.3958
-0.00587292 22.2917
-0.00589687 22.1875
-0.00592083 22.0833
-0.00594479 21.9792
-0.00596875 21.875
-0.00599271 21.7708
-0.00601667 21.6667
-0.00604062 21.5625
-0.00606458 21.4583
-0.00608854 21.3542
-0.0061125 21.25
-0.00613646 21.1458
-0.00616042 21.0417
-0.00618437 20.9375
-0.00620833 20.8333
-0.00623229 20.7292
-0.00625625 20.625
-0.00628021 20.5208
-0.00630417 20.4167
-0.00632812 20.3125
-0.00635208 20.2083
-0.00637604 20.1042
-0.0064 20
-0.00642396 19.8958
-0.00644792 19.7917
-0.00642166 19.6663
-0.00639541 19.5409
-0.00636915 19.4155
-0.0063429 19.2901
-0.00631665 19.1647
-0.00629039 19.0393
-0.00626414 18.9139
-0.00623788 18.7885
-0.00621163 18.6631
-0.00618538 18.5377
-0.00615912 18.4123
-0.00613287 18.2869
-0.00610662 18.1615
-0.00608036 18.0361
-0.00605411 17.9107
-0.00602785 17.7853
-0.0060016 17.6599
-0.00597535 17.5345
-0.00594909 17.4091
-0.00592284 17.2837
-0.00589658 17.1583
-0.00587033 17.0329
-0.00584408 16.9075
-0.00581782 16.7821
-0.00579157 16.6567
-0.00576531 16.5313
-0.00573906 16.4059
-0.00571281 16.2805
-0.00568655 16.1551
-0.0056603 16.0298
-0.00563404 15.9044
-0.00560779 15.779
-0.00558154 15.6536
-0.00555528 15.5282
-0.00552903 15.4028
-0.00550277 15.2774
-0.00547652 15.152
-0.00545027 15.0266
-0.00542401 14.9012
-0.00539776 14.7758
-0.0053715 14.6504
-0.00534525 14.525
-0.005319 14.3996
-0.00529274 14.2742
-0.00526649 14.1488
-0.00524023 14.0234
-0.00521398 13.898
-0.00518773 13.7726
-0.00516147 13.6472
-0.00513522 13.5218
-0.00510896 13.3964
-0.00508271 13.271
-0.00505646 13.1456
-0.0050302 13.0202
-0.00500395 12.8948
-0.00497769 12.7694
-0.00495144 12.644
-0.00492519 12.5186
-0.00489893 12.3932
-0.00487268 12.2678
-0.00484642 12.1424
-0.00482017 12.017
-0.00479392 11.8916
-0.00476766 11.7662
-0.00474141 11.6408
-0.00471515 11.5155
-0.0046889 11.3901
-0.00466265 11.2647
-0.00463639 11.1393
-0.00461014 11.0139
-0.00458388 10.8885
-0.00455763 10.7631
-0.00453138 10.6377
-0.00450512 10.5123
-0.00447887 10.3869
-0.00445261 10.2615
-0.00442636 10.1361
-0.00440011 10.0107
-0.00437385 9.88529
-0.0043476 9.75989
-0.00432134 9.63449
-0.00429509 9.5091
-0.00426884 9.3837
-0.00424258 9.2583
-0.00421633 9.13291
-0.00419008 9.00751
-0.00416382 8.88211
-0.00413757 8.75671
-0.00411131 8.63132
-0.00408506 8.50592
-0.00405881 8.38052
-0.00403255 8.25512
-0.0040063 8.12973
-0.00398004 8.00433
-0.00395379 7.87893
-0.00392754 7.75354
-0.00390128 7.62814
-0.00387503 7.50274
-0.00384877 7.37734
-0.00382252 7.25195
-0.00379627 7.12655
-0.00377001 7.00115
-0.00374376 6.87576
-0.0037175 6.75036
-0.00369125 6.62496
-0.003665 6.49956
-0.00363874 6.37417
-0.00361249 6.24877
-0.00358623 6.12337
-0.00355998 5.99798
-0.00353373 5.87258
-0.00350747 5.74718
-0.00348122 5.62178
-0.00345496 5.49639
-0.00342871 5.37099
-0.00340246 5.24559
-0.0033762 5.12019
-0.00334995 4.9948
-0.00332369 4.8694
-0.00329744 4.744
-0.00327119 4.61861
-0.00324493 4.49321
-0.00321868 4.36781
-0.00319242 4.24241
-0.00316617 4.11702
-0.00313992 3.99162
-0.00311366 3.86622
-0.00308741 3.74083
-0.00306115 3.61543
-0.0030349 3.49003
-0.00300865 3.36463
-0.00298239 3.23924
-0.00295614 3.11384
-0.00292988 2.98844
-0.00290363 2.86305
-0.00287738 2.73765
-0.00285112 2.61225
-0.00282487 2.48685
-0.00279861 2.36146
-0.00277236 2.23606
-0.00274611 2.11066
-0.00271985 1.98527
-0.0026936 1.85987
-0.00266734 1.73447
-0.00264109 1.60907
-0.00261484 1.48368
-0.00258858 1.35828
-0.00256233 1.23288
-0.00253607 1.10748
-0.00250982 0.982088
-0.00248357 0.85669
-0.00245731 0.731293
-0.00243106 0.605896
-0.0024048 0.480499
-0.00237855 0.355102
-0.0023523 0.229704
-0.00232604 0.104307
-0.0023 0
-0.002275 0
-0.00225 0
-0.002225 0
-0.0022 0
-0.002175 0
-0.00215 0
-0.002125 0
-0.0021 0
-0.002075 0
-0.00205 0
-0.002025 0
-0.002 0
-0.001975 0
-0.00195 0
-0.001925 0
-0.0019 0
-0.001875 0
-0.00185 0
-0.001825 0
-0.0018 0
-0.001775 0
-0.00175 0
-0.001725 0
-0.0017 0
-0.001675 0
-0.00165 0
-0.001625 0
-0.0016 0
-0.001575 0
-0.00155 0
-0.001525 0
-0.0015 0
-0.001475 0
-0.00145 0
-0.001425 0
-0.0014 0
-0.001375 0
-0.00135 0
-0.001325 0
-0.0013 0
-0.001275 0
-0.00125 0
-0.001225 0
-0.0012 0
-0.001175 0
-0.00115 0
-0.001125 0
-0.0011 0
-0.001075 0
-0.00105 0
-0.001025 0
-0.001 0
-0.000975 0
-0.00095 0
-0.000925 0
-0.0009 0
-0.000875 0
-0.00085 0
-0.000825 0
-0.0008 0
-0.000775 0
-0.00075 0
-0.000725 0
-0.0007 0
-0.000675 0
-0.00065 0
-0.000625 0
-0.0006 0
-0.000575 0
-0.00055 0
-0.000525 0
-0.0005 0
-0.000475 0
-0.00045 0
-0.000425 0
-0.0004 0
-0.000375 0
-0.00035 0
-0.000325 0
-0.0003 0
-0.000275 0
-0.00025 0
-0.000225 0
-0.0002 0
-0.000175 0
-0.00015 0
-0.000125 0
-0.0001 0
-7.5e-05 0
-5e-05 0
-2.5e-05 0
-6.09864e-20 0
2.5e-05 0
5e-05 0
7.5e-05 0
0.0001 0
0.000125 0
0.00015 0
0.000175 0
0.0002 0
0.000225 0
0.00025 0
0.000275 0
0.0003 0
0.000325 0
0.00035 0
0.000375 0
0.0004 0
0.000425 0
0.00045 0
0.000475 0
0.0005 0
0.000525 0
0.00055 0
0.000575 0
0.0006 0
0.000625 0
0.0006 0
0.000575 0
0.00055 0
0.000525 0
0.0005 0
0.000475 0
0.00045 0
0.000425 0
0.0004 0
0.000375 0
0.00035 0
0.000325 0
0.0003 0
0.000275 0
0.00025 0
0.000225 0
0.0002 0
0.000175 0
0.00015 0
0.000125 0
0.0001 0
7.5e-05 0
5e-05 0
2.5e-05 0
-4.74338e-20 0
-2.5e-05 0
-5e-05 0
-7.5e-05 0
-0.0001 0
-0.000125 0
-0.00015 0
-0.000175 0
-0.0002 0
-0.000225 0
-0.00025 0
-0.000275 0
-0.0003 0
-0.000325 0
-0.00035 0
-0.000375 0
-0.0004 0
-0.000425 0
-0.00045 0
-0.000475 0
-0.0005 0
-0.000525 0
-0.00055 0
-0.000575 0
-0.0006 0
-0.000625 0
-0.00065 0
-0.000675 0
-0.0007 0
-0.000725 0
-0.00075 0
-0.000775 0
-0.0008 0
-0.000825 0
-0.00085 0
-0.000875 0
-0.0009 0
-0.000925 0
-0.00095 0
-0.000975 0
-0.001 0
-0.001025 0
-0.00105 0
-0.001075 0
-0.0011 0
-0.001125 0
-0.00115 0
-0.001175 0
-0.0012 0
-0.001225 0
-0.00125 0
-0.001275 0
-0.0013 0
-0.001325 0
-0.00135 0
-0.001375 0
-0.0014 0
-0.001425 0
-0.00145 0
-0.001475 0
-0.0015 0
-0.001525 0
-0.00155 0
-0.001575 0
-0.0016 0
-0.001625 0
-0.00165 0
-0.001675 0
-0.0017 0
-0.001725 0
-0.00175 0
-0.001775 0
-0.0018 0
-0.001825 0
-0.00185 0
-0.001875 0
-0.0019 0
-0.001925 0
-0.00195 0
-0.001975 0
-0.002 0
-0.002025 0
-0.00205 0
-0.002075 0
-0.0021 0
-0.002125 0
-0.00215 0
-0.002175 0
-0.0022 0
-0.002225 0
-0.00225 0
-0.002275 0
-0.0023 0
-0.00232604 0.104307
-0.0023523 0.229704
-0.00237855 0.355102
-0.0024048 0.480499
-0.00243106 0.605896
-0.00245731 0.731293
-0.00248357 0.85669
-0.00250982 0.982088
-0.00253607 1.10748
-0.00256233 1.23288
-0.00258858 1.35828
-0.00261484 1.48368
-0.00264109 1.60907
-0.00266734 1.73447
-0.0026936 1.85987
-0.00271985 1.98527
-0.00274611 2.11066
-0.00277236 2.23606
-0.00279861 2.36146
-0.00282487 2.48685
-0.00285112 2.61225
-0.00287738 2.73765
-0.00290363 2.86305
-0.00292988 2.98844
-0.00295614 3.11384
-0.00298239 3.23924
-0.00300865 3.36463
-0.0030349 3.49003
-0.00306115 3.61543
-0.00308741 3.74083
-0.00311366 3.86622
-0.00313992 3.99162
-0.00316617 4.11702
-0.00319242 4.24241
-0.00321868 4.36781
-0.00324493 4.49321
-0.00327119 4.61861
-0.00329744 4.744
-0.00332369 4.8694
-0.00334995 4.9948
-0.0033762 5.12019
-0.00340246 5.24559
-0.00342871 5.37099
-0.00345496 5.49639
-0.00348122 5.62178
-0.00350747 5.74718
-0.00353373 5.87258
-0.00355998 5.99798
-0.00358623 6.12337
-0.00361249 6.24877
-0.00363874 6.37417
-0.003665 6.49956
-0.00369125 6.62496
-0.0037175 6.75036
-0.00374376 6.87576
-0.00377001 7.00115
-0.00379627 7.12655
-0.00382252 7.25195
-0.00384877 7.37734
-0.00387503 7.50274
-0.00390128 7.62814
-0.00392754 7.75354
-0.00395379 7.87893
-0.00398004 8.00433
-0.0040063 8.12973
-0.00403255 8.25512
-0.00405881 8.38052
-0.00408506 8.50592
-0.00411131 8.63132
-0.00413757 8.75671
-0.00416382 8.88211
-0.00419008 9.00751
-0.00421633 9.13291
-0.00424258 9.2583
-0.00426884 9.3837
-0.00429509 9.5091
-0.00432134 9.63449
-0.0043476 9.75989
-0.00437385 9.88529
-0.00440011 10.0107
-0.00442636 10.1361
-0.00445261 10.2615
-0.00447887 10.3869
-0.00450512 10.5123
-0.00453138 10.6377
-0.00455763 10.7631
-0.00458388 10.8885
-0.00461014 11.0139
-0.00463639 11.1393
-0.00466265 11.2647
-0.0046889 11.3901
-0.00471515 11.5155
-0.00474141 11.6408
-0.00476766 11.7662
-0.00479392 11.8916
-0.00482017 12.017
-0.00484642 12.1424
-0.00487268 12.2678
-0.00489893 12.3932
-0.00492519 12.5186
-0.00495144 12.644
-0.00497769 12.7694
-0.00500395 12.8948
-0.0050302 13.0202
-0.00505646 13.1456
-0.00508271 13.271
-0.00510896 13.3964
-0.00513522 13.5218
-0.00516147 13.6472
-0.00518773 13.7726
-0.00521398 13.898
-0.00524023 14.0234
-0.00526649 14.1488
-0.00529274 14.2742
-0.005319 14.3996
-0.00534525 14.525
-0.0053715 14.6504
-0.00539776 14.7758
-0.00542401 14.9012
-0.00545027 15.0266
-0.00547652 15.152
-0.00550277 15.2774
-0.00552903 15.4028
-0.00555528 15.5282
-0.00558154 15.6536
-0.00560779 15.779
-0.00563404 15.9044
-0.0056603 16.0298
-0.00568655 16.1551
-0.00571281 16.2805
-0.00573906 16.4059
-0.00576531 16.5313
-0.00579157 16.6567
-0.00581782 16.7821
-0.00584408 16.9075
-0.00587033 17.0329
-0.00589658 17.1583
-0.00592284 17.2837
-0.00594909 17.4091
-0.00597535 17.5345
-0.0060016 17.6599
-0.00602785 17.7853
-0.00605411 17.9107
-0.00608036 18.0361
-0.00610662 18.1615
-0.00613287 18.2869
-0.00615912 18.4123
-0.00618538 18.5377
-0.00621163 18.6631
-0.00623788 18.7885
-0.00626414 18.9139
-0.00629039 19.0393
-0.00631665 19.1647
-0.0063429 19.2901
-0.00636915 19.4155
-0.00639541 19.5409
-0.00642166 19.6663
-0.00644792 19.7917
-0.00647187 19.6875
-0.00649583 19.5833
-0.00651979 19.4792
-0.00654375 19.375
-0.00656771 19.2708
-0.00659167 19.1667
-0.00661562 19.0625
-0.00663958 18.9583
-0.00666354 18.8542
-0.0066875 18.75
-0.00671146 18.6458
-0.00673542 18.5417
-0.00675937 18.4375
-0.00678333 18.3333
-0.00680729 18.2292
-0.00683125 18.125
-0.00685521 18.0208
-0.00687917 17.9167
-0.00690312 17.8125
-0.00692708 17.7083
-0.00695104 17.6042
-0.006975 17.5
-0.00699896 17.3958
-0.00702292 17.2917
-0.00704687 17.1875
-0.00707083 17.0833
-0.00709479 16.9792
-0.00711875 16.875
-0.00714271 16.7708
-0.00716667 16.6667
-0.00719062 16.5625
-0.00721458 16.4583
-0.00723854 16.3542
-0.0072625 16.25
-0.00728646 16.1458
-0.00731042 16.0417
-0.00733437 15.9375
-0.00735833 15.8333
-0.00738229 15.7292
-0.00740625 15.625
-0.00743021 15.5208
-0.00745417 15.4167
-0.00747812 15.3125
-0.00750208 15.2083
-0.00752604 15.1042
-0.00755 15
-0.00757396 14.8958
-0.00759792 14.7917
-0.00762187 14.6875
-0.00764583 14.5833
-0.00761999 14.4991
-0.00759415 14.415
-0.00756831 14.3308
-0.00754247 14.2466
-0.00751662 14.1624
-0.00749078 14.0782
-0.00746494 13.994
-0.0074391 13.9098
-0.00741326 13.8256
-0.00738741 13.7415
-0.00736157 13.6573
-0.00733573 13.5731
-0.00730989 13.4889
-0.00728405 13.4047
-0.00725821 13.3205
-0.00723236 13.2363
-0.00720652 13.1521
-0.00718068 13.068
-0.00715484 12.9838
-0.007129 12.8996
-0.00710315 12.8154
-0.00707731 12.7312
-0.00705147 12.647
-0.00702563 12.5628
-0.00699979 12.4786
-0.00697394 12.3945
-0.0069481 12.3103
-0.00692226 12.2261
-0.00689642 12.1419
-0.00687058 12.0577
-0.00684474 11.9735
-0.00681889 11.8893
-0.00679305 11.8051
-0.00676721 11.721
-0.00674137 11.6368
-0.00671553 11.5526
-0.00668968 11.4684
-0.00666384 11.3842
-0.006638 11.3
-0.00661216 11.2158
-0.00658632 11.1316
-0.00656047 11.0475
-0.00653463 10.9633
-0.00650879 10.8791
-0.00648295 10.7949
-0.00645711 10.7107
-0.00643127 10.6265
-0.00640542 10.5423
-0.00637958 10.4581
-0.00635374 10.374
-0.0063279 10.2898
-0.00630206 10.2056
-0.00627621 10.1214
-0.00625037 10.0372
-0.00622453 9.95301
-0.00619869 9.86883
-0.00617285 9.78464
-0.006147 9.70045
-0.00612116 9.61626
-0.00609532 9.53208
-0.00606948 9.44789
-0.00604364 9.3637
-0.0060178 9.27951
-0.00599195 9.19532
-0.00596611 9.11114
-0.00594027 9.02695
-0.00591443 8.94276
-0.00588859 8.85857
-0.00586274 8.77439
-0.0058369 8.6902
-0.00581106 8.60601
-0.00578522 8.52182
-0.00575938 8.43764
-0.00573353 8.35345
-0.00570769 8.26926
-0.00568185 8.18507
-0.00565601 8.10089
-0.00563017 8.0167
-0.00560433 7.93251
-0.00557848 7.84832
-0.00555264 7.76413
-0.0055268 7.67995
-0.00550096 7.59576
-0.00547512 7.51157
-0.00544927 7.42738
-0.00542343 7.3432
-0.00539759 7.25901
-0.00537175 7.17482
-0.00534591 7.09063
-0.00532006 7.00645
-0.00529422 6.92226
-0.00526838 6.83807
-0.00524254 6.75388
-0.0052167 6.6697
-0.00519086 6.58551
-0.00516501 6.50132
-0.00513917 6.41713
-0.00511333 6.33294
-0.00508749 6.24876
-0.00506165 6.16457
-0.0050358 6.08038
-0.00500996 5.99619
-0.00498412 5.91201
-0.00495828 5.82782
-0.00493244 5.74363
-0.00490659 5.65944
-0.00488075 5.57526
-0.00485491 5.49107
-0.00482907 5.40688
-0.00480323 5.32269
-0.00477739 5.23851
-0.00475154 5.15432
-0.0047257 5.07013
-0.00469986 4.98594
-0.00467402 4.90176
-0.00464818 4.81757
-0.00462233 4.73338
-0.00459649 4.64919
-0.00457065 4.565
-0.00454481 4.48082
-0.00451897 4.39663
-0.00449312 4.31244
-0.00446728 4.22825
-0.00444144 4.14407
-0.0044156 4.05988
-0.00438976 3.97569
-0.00436392 3.8915
-0.00433807 3.80732
-0.00431223 3.72313
-0.00428639 3.63894
-0.00426055 3.55475
-0.00423471 3.47057
-0.00420886 3.38638
-0.00418302 3.30219
-0.00415718 3.218
-0.00413134 3.13381
-0.0041055 3.04963
-0.00407965 2.96544
-0.00405381 2.88125
-0.00402797 2.79706
-0.00400213 2.71288
-0.00397629 2.62869
-0.00395045 2.5445
-0.0039246 2.46031
-0.00389876 2.37613
-0.00387292 2.29194
-0.00384708 2.20775
-0.00382124 2.12356
-0.00379539 2.03938
-0.00376955 1.95519
-0.00374371 1.871
-0.00371787 1.78681
-0.00369203 1.70262
-0.00366618 1.61844
-0.00364034 1.53425
-0.0036145 1.45006
-0.00358866 1.36587
-0.00356282 1.28169
-0.00353697 1.1975
-0.00351113 1.11331
-0.00348529 1.02912
-0.00345945 0.944936
-0.00343361 0.860748
-0.00340777 0.776561
-0.00338192 0.692373
-0.00335608 0.608186
-0.00333024 0.523998
-0.0033044 0.43981
-0.00327856 0.355623
-0.00325271 0.271435
-0.00322687 0.187247
-0.00320103 0.10306
-0.00317519 0.0188721
-0.00315 0
-0.003125 0
-0.0031 0
-0.003075 0
-0.00305 0
-0.003025 0
-0.003 0
-0.002975 0
-0.00295 0
-0.002925 0
-0.0029 0
-0.002875 0
-0.00285 0
-0.002825 0
-0.0028 0
-0.002775 0
-0.00275 0
-0.002725 0
-0.0027 0
-0.002675 0
-0.00265 0
-0.002625 0
-0.0026 0
-0.002575 0
-0.00255 0
-0.002525 0
-0.0025 0
-0.002475 0
-0.00245 0
-0.002425 0
-0.0024 0
-0.002375 0
-0.00235 0
-0.002325 0
-0.0023 0
-0.002275 0
-0.00225 0
-0.002225 0
-0.0022 0
-0.002175 0
-0.00215 0
-0.002125 0
-0.0021 0
-0.002075 0
-0.00205 0
-0.002025 0
-0.002 0
-0.001975 0
-0.00195 0
-0.001925 0
-0.0019 0
-0.001875 0
-0.00185 0
-0.001825 0
-0.0018 0
-0.001775 0
-0.00175 0
-0.001725 0
-0.0017 0
-0.001675 0
-0.00165 0
-0.001625 0
-0.0016 0
-0.001575 0
-0.00155 0
-0.001525 0
-0.0015 0
-0.001475 0
-0.00145 0
-0.001425 0
-0.0014 0
-0.001375 0
-0.00135 0
-0.001325 0
-0.0013 0
-0.001275 0
-0.00125 0
-0.001225 0
-0.0012 0
-0.001175 0
-0.00115 0
-0.001125 0
-0.0011 0
-0.001075 0
-0.00105 0
-0.001025 0
-0.001 0
-0.000975 0
-0.00095 0
-0.000925 0
-0.0009 0
-0.000875 0
-0.00085 0
-0.000825 0
-0.0008 0
-0.000775 0
-0.00075 0
-0.000725 0
-0.0007 0
-0.000675 0
-0.00065 0
-0.000625 0
-0.0006 0
-0.000575 0
-0.00055 0
-0.000525 0
-0.0005 0
-0.000475 0
-0.00045 0
-0.000425 0
-0.0004 0
-0.000375 0
-0.00035 0
-0.000325 0
-0.0003 0
-0.000275 0
-0.00025 0
-0.000225 0
-0.0002 0
-0.000175 0
-0.00015 0
-0.000125 0
-0.0001 0
-7.5e-05 0
-5e-05 0
-2.5e-05 0
-6.09864e-20 0
2.5e-05 0
5e-05 0
7.5e-05 0
0.0001 0
0.000125 0
0.00015 0
0.000175 0
0.0002 0
0.000225 0
0.00025 0
0.000275 0
0.0003 0
0.000325 0
0.00035 0
0.000375 0
0.0004 0
0.000425 0
0.00045 0
0.000475 0
0.0005 0
0.000525 0
0.00055 0
0.000575 0
0.0006 0
0.000625 0
0.00065 0
0.000675 0
0.0007 0
0.000725 0
0.00075 0
0.000725 0
0.0007 0
0.000675 0
0.00065 0
0.000625 0
0.0006 0
0.000575 0
0.00055 0
0.000525 0
0.0005 0
0.000475 0
0.00045 0
0.000425 0
0.0004 0
0.000375 0
0.00035 0
0.000325 0
0.0003 0
0.000275 0
0.00025 0
0.000225 0
0.0002 0
0.000175 0
0.00015 0
0.000125 0
0.0001 0
7.5e-05 0
5e-05 0
2.5e-05 0
-4.74338e-20 0
-2.5e-05 0
-5e-05 0
-7.5e-05 0
-0.0001 0
-0.000125 0
-0.00015 0
-0.000175 0
-0.0002 0
-0.000225 0
-0.00025 0
-0.000275 0
-0.0003 0
-0.000325 0
-0.00035 0
-0.000375 0
-0.0004 0
-0.000425 0
-0.00045 0
-0.000475 0
-0.0005 0
-0.000525 0
-0.00055 0
-0.000575 0
-0.0006 0
-0.000625 0
-0.00065 0
-0.000675 0
-0.0007 0
-0.000725 0
-0.00075 0
-0.000775 0
-0.0008 0
-0.000825 0
-0.00085 0
-0.000875 0
-0.0009 0
-0.000925 0
-0.00095 0
-0.000975 0
-0.001 0
-0.001025 0
-0.00105 0
-0.001075 0
-0.0011 0
-0.001125 0
-0.00115 0
-0.001175 0
-0.0012 0
-0.001225 0
-0.00125 0
-0.001275 0
-0.0013 0
-0.001325 0
-0.00135 0
-0.001375 0
-0.0014 0
-0.001425 0
-0.00145 0
-0.001475 0
-0.0015 0
-0.001525 0
-0.00155 0
-0.001575 0
-0.0016 0
-0.001625 0
-0.00165 0
-0.001675 0
-0.0017 0
-0.001725 0
-0.00175 0
-0.001775 0
-0.0018 0
-0.001825 0
-0.00185 0
-0.001875 0
-0.0019 0
-0.001925 0
-0.00195 0
-0.001975 0
-0.002 0
-0.002025 0
-0.00205 0
-0.002075 0
-0.0021 0
-0.002125 0
-0.00215 0
-0.002175 0
-0.0022 0
-0.002225 0
-0.00225 0
-0.002275 0
-0.0023 0
-0.002325 0
-0.00235 0
-0.002375 0
-0.0024 0
-0.002425 0
-0.00245 0
-0.002475 0
-0.0025 0
-0.002525 0
-0.00255 0
-0.002575 0
-0.0026 0
-0.002625 0
-0.00265 0
-0.002675 0
-0.0027 0
-0.002725 0
-0.00275 0
-0.002775 0
-0.0028 0
-0.002825 0
-0.00285 0
-0.002875 0
-0.0029 0
-0.002925 0
-0.00295 0
-0.002975 0
-0.003 0
-0.003025 0
-0.00305 0
-0.003075 0
-0.0031 0
-0.003125 0
-0.00315 0
-0.00317519 0.0188721
-0.00320103 0.10306
-0.00322687 0.187247
-0.00325271 0.271435
-0.00327856 0.355623
-0.0033044 0.43981
-0.00333024 0.523998
-0.00335608 0.608186
-0.00338192 0.692373
-0.00340777 0.776561
-0.00343361 0.860748
-0.00345945 0.944936
-0.00348529 1.02912
-0.00351113 1.11331
-0.00353697 1.1975
-0.00356282 1.28169
-0.00358866 1.36587
-0.0036145 1.45006
-0.00364034 1.53425
-0.00366618 1.61844
-0.00369203 1.70262
-0.00371787 1.78681
-0.00374371 1.871
-0.00376955 1.95519
-0.00379539 2.03938
-0.00382124 2.12356
-0.00384708 2.20775
-0.00387292 2.29194
-0.00389876 2.37613
-0.0039246 2.46031
-0.00395045 2.5445
-0.00397629 2.62869
-0.00400213 2.71288
-0.00402797 2.79706
-0.00405381 2.88125
-0.00407965 2.96544
-0.0041055 3.04963
-0.00413134 3.13381
-0.00415718 3.218
-0.00418302 3.30219
-0.00420886 3.38638
-0.00423471 3.47057
-0.00426055 3.55475
-0.00428639 3.63894
-0.00431223 3.72313
-0.00433807 3.80732
-0.00436392 3.8915
-0.00438976 3.97569
-0.0044156 4.05988
-0.00444144 4.14407
-0.00446728 4.22825
-0.00449312 4.31244
-0.00451897 4.39663
-0.00454481 4.48082
-0.00457065 4.565
-0.00459649 4.64919
-0.00462233 4.73338
-0.00464818 4.81757
-0.00467402 4.90176
-0.00469986 4.98594
-0.0047257 5.07013
-0.00475154 5.15432
-0.00477739 5.23851
-0.00480323 5.32269
-0.00482907 5.40688
-0.00485491 5.49107
-0.00488075 5.57526
-0.00490659 5.65944
-0.00493244 5.74363
-0.00495828 5.82782
-0.00498412 5.91201
-0.00500996 5.99619
-0.0050358 6.08038
-0.00506165 6.16457
-0.00508749 6.24876
-0.00511333 6.33294
-0.00513917 6.41713
-0.00516501 6.50132
-0.00519086 6.58551
-0.0052167 6.6697
-0.00524254 6.75388
-0.00526838 6.83807
-0.00529422 6.92226
-0.00532006 7.00645
-0.00534591 7.09063
-0.00537175 7.17482
-0.00539759 7.25901
-0.00542343 7.3432
-0.00544927 7.42738
-0.00547512 7.51157
-0.00550096 7.59576
-0.0055268 7.67995
-0.00555264 7.76413
-0.00557848 7.84832
-0.00560433 7.93251
-0.00563017 8.0167
-0.00565601 8.10089
-0.00568185 8.18507
-0.00570769 8.26926
-0.00573353 8.35345
-0.00575938 8.43764
-0.00578522 8.52182
-0.00581106 8.60601
-0.0058369 8.6902
-0.00586274 8.77439
-0.00588859 8.85857
-0.00591443 8.94276
-0.00594027 9.02695
-0.00596611 9.11114
-0.00599195 9.19532
-0.0060178 9.27951
-0.00604364 9.3637
-0.00606948 9.44789
-0.00609532 9.53208
-0.00612116 9.61626
-0.006147 9.70045
-0.00617285 9.78464
-0.00619869 9.86883
-0.00622453 9.95301
-0.00625037 10.0372
-0.00627621 10.1214
-0.00630206 10.2056
-0.0063279 10.2898
-0.00635374 10.374
-0.00637958 10.4581
-0.00640542 10.5423
-0.00643127 10.6265
-0.00645711 10.7107
-0.00648295 10.7949
-0.00650879 10.8791
-0.00653463 10.9633
-0.00656047 11.0475
-0.00658632 11.1316
-0.00661216 11.2158
-0.006638 11.3
-0.00666384 11.3842
-0.00668968 11.4684
-0.00671553 11.5526
-0.00674137 11.6368
-0.00676721 11.721
-0.00679305 11.8051
-0.00681889 11.8893
-0.00684474 11.9735
-0.00687058 12.0577
-0.00689642 12.1419
-0.00692226 12.2261
-0.0069481 12.3103
-0.00697394 12.3945
-0.00699979 12.4786
-0.00702563 12.5628
-0.00705147 12.647
-0.00707731 12.7312
-0.00710315 12.8154
-0.007129 12.8996
-0.00715484 12.9838
-0.00718068 13.068
-0.00720652 13.1521
-0.00723236 13.2363
-0.00725821 13.3205
-0.00728405 13.4047
-0.00730989 13.4889
-0.00733573 13.5731
-0.00736157 13.6573
-0.00738741 13.7415
-0.00741326 13.8256
-0.0074391 13.9098
-0.00746494 13.994
-0.00749078 14.0782
-0.00751662 14.1624
-0.00754247 14.2466
-0.00756831 14.3308
-0.00759415 14.415
-0.00761999 14.4991
-0.00764583 14.5833
-0.00766979 14.4792
-0.00769375 14.375
-0.00771771 14.2708
-0.00774167 14.1667
-0.00776562 14.0625
-0.00778958 13.9583
-0.00781354 13.8542
-0.0078375 13.75
-0.00786146 13.6458
-0.00788542 13.5417
-0.00790937 13.4375
-0.00793333 13.3333
-0.00795729 13.2292
-0.00798125 13.125
-0.00800521 13.0208
-0.00802917 12.9167
-0.00805312 12.8125
-0.00807708 12.7083
-0.00810104 12.6042
-0.008125 12.5
-0.00814896 12.3958
-0.00817292 12.2917
-0.00819687 12.1875
-0.00822083 12.0833
-0.00824479 11.9792
-0.00826875 11.875
-0.00829271 11.7708
-0.00831667 11.6667
-0.00834062 11.5625
-0.00836458 11.4583
-0.00838854 11.3542
-0.0084125 11.25
-0.00843646 11.1458
-0.00846042 11.0417
-0.00848437 10.9375
-0.00850833 10.8333
-0.00853229 10.7292
-0.00855625 10.625
-0.00858021 10.5208
-0.00860417 10.4167
-0.00862812 10.3125
-0.00865208 10.2083
-0.00867604 10.1042
-0.0087 10
-0.00872396 9.89583
-0.00874792 9.79167
-0.00877187 9.6875
-0.00879583 9.58333
-0.00881979 9.47917
-0.00884375 9.375
-0.00881825 9.32471
-0.00879274 9.27441
-0.00876724 9.22412
-0.00874174 9.17382
-0.00871624 9.12353
-0.00869073 9.07323
-0.00866523 9.02294
-0.00863973 8.97264
-0.00861422 8.92235
-0.00858872 8.87205
-0.00856322 8.82176
-0.00853771 8.77146
-0.00851221 8.72117
-0.00848671 8.67087
-0.00846121 8.62058
-0.0084357 8.57028
-0.0084102 8.51999
-0.0083847 8.46969
-0.00835919 8.4194
-0.00833369 8.36911
-0.00830819 8.31881
-0.00828269 8.26852
-0.00825718 8.21822
-0.00823168 8.16793
-0.00820618 8.11763
-0.00818067 8.06734
-0.00815517 8.01704
-0.00812967 7.96675
-0.00810416 7.91645
-0.00807866 7.86616
-0.00805316 7.81586
-0.00802766 7.76557
-0.00800215 7.71527
-0.00797665 7.66498
-0.00795115 7.61468
-0.00792564 7.56439
-0.00790014 7.5141
-0.00787464 7.4638
-0.00784914 7.41351
-0.00782363 7.36321
-0.00779813 7.31292
-0.00777263 7.26262
-0.00774712 7.21233
-0.00772162 7.16203
-0.00769612 7.11174
-0.00767061 7.06144
-0.00764511 7.01115
-0.00761961 6.96085
-0.00759411 6.91056
-0.0075686 6.86026
-0.0075431 6.80997
-0.0075176 6.75967
-0.00749209 6.70938
-0.00746659 6.65908
-0.00744109 6.60879
-0.00741558 6.5585
-0.00739008 6.5082
-0.00736458 6.45791
-0.00733908 6.40761
-0.00731357 6.35732
-0.00728807 6.30702
-0.00726257 6.25673
-0.00723706 6.20643
-0.00721156 6.15614
-0.00718606 6.10584
-0.00716056 6.05555
-0.00713505 6.00525
-0.00710955 5.95496
-0.00708405 5.90466
-0.00705854 5.85437
-0.00703304 5.80407
-0.00700754 5.75378
-0.00698203 5.70348
-0.00695653 5.65319
-0.00693103 5.6029
-0.00690553 5.5526
-0.00688002 5.50231
-0.00685452 5.45201
-0.00682902 5.40172
-0.00680351 5.35142
-0.00677801 5.30113
-0.00675251 5.25083
-0.00672701 5.20054
-0.0067015 5.15024
-0.006676 5.09995
-0.0066505 5.04965
-0.00662499 4.99936
-0.00659949 4.94906
-0.00657399 4.89877
-0.00654848 4.84847
-0.00652298 4.79818
-0.00649748 4.74789
-0.00647198 4.69759
-0.00644647 4.6473
-0.00642097 4.597
-0.00639547 4.54671
-0.00636996 4.49641
-0.00634446 4.44612
-0.00631896 4.39582
-0.00629346 4.34553
-0.00626795 4.29523
-0.00624245 4.24494
-0.00621695 4.19464
-0.00619144 4.14435
-0.00616594 4.09405
-0.00614044 4.04376
-0.00611493 3.99346
-0.00608943 3.94317
-0.00606393 3.89287
-0.00603843 3.84258
-0.00601292 3.79229
-0.00598742 3.74199
-0.00596192 3.6917
-0.00593641 3.6414
-0.00591091 3.59111
-0.00588541 3.54081
-0.00585991 3.49052
-0.0058344 3.44022
-0.0058089 3.38993
-0.0057834 3.33963
-0.00575789 3.28934
-0.00573239 3.23904
-0.00570689 3.18875
-0.00568138 3.13845
-0.00565588 3.08816
-0.00563038 3.03786
-0.00560488 2.98757
-0.00557937 2.93727
-0.00555387 2.88698
-0.00552837 2.83669
-0.00550286 2.78639
-0.00547736 2.7361
-0.00545186 2.6858
-0.00542636 2.63551
-0.00540085 2.58521
-0.00537535 2.53492
-0.00534985 2.48462
-0.00532434 2.43433
-0.00529884 2.38403
-0.00527334 2.33374
-0.00524783 2.28344
-0.00522233 2.23315
-0.00519683 2.18285
-0.00517133 2.13256
-0.00514582 2.08226
-0.00512032 2.03197
-0.00509482 1.98168
-0.00506931 1.93138
-0.00504381 1.88109
-0.00501831 1.83079
-0.0049928 1.7805
-0.0049673 1.7302
-0.0049418 1.67991
-0.0049163 1.62961
-0.00489079 1.57932
-0.00486529 1.52902
-0.00483979 1.47873
-0.00481428 1.42843
-0.00478878 1.37814
-0.00476328 1.32784
-0.00473778 1.27755
-0.00471227 1.22725
-0.00468677 1.17696
-0.00466127 1.12666
-0.00463576 1.07637
-0.00461026 1.02608
-0.00458476 0.975781
-0.00455925 0.925486
-0.00453375 0.875191
-0.00450825 0.824896
-0.00448275 0.774602
-0.00445724 0.724307
-0.00443174 0.674012
-0.00440624 0.623717
-0.00438073 0.573423
-0.00435523 0.523128
-0.00432973 0.472833
-0.00430423 0.422539
-0.00427872 0.372244
-0.00425322 0.321949
-0.00422772 0.271654
-0.00420221 0.22136
-0.00417671 0.171065
-0.00415121 0.12077
-0.0041257 0.0704755
-0.0041002 0.0201808
-0.004075 0
-0.00405 0
-0.004025 0
-0.004 0
-0.003975 0
-0.00395 0
-0.003925 0
-0.0039 0
-0.003875 0
-0.00385 0
-0.003825 0
-0.0038 0
-0.003775 0
-0.00375 0
-0.003725 0
-0.0037 0
-0.003675 0
-0.00365 0
-0.003625 0
-0.0036 0
-0.003575 0
-0.00355 0
-0.003525 0
-0.0035 0
-0.003475 0
-0.00345 0
-0.003425 0
-0.0034 0
-0.003375 0
-0.00335 0
-0.003325 0
-0.0033 0
-0.003275 0
-0.00325 0
-0.003225 0
-0.0032 0
-0.003175 0
-0.00315 0
-0.003125 0
-0.0031 0
-0.003075 0
-0.00305 0
-0.003025 0
-0.003 0
-0.002975 0
-0.00295 0
-0.002925 0
-0.0029 0
-0.002875 0
-0.00285 0
-0.002825 0
-0.0028 0
-0.002775 0
-0.00275 0
-0.002725 0
-0.0027 0
-0.002675 0
-0.00265 0
-0.002625 0
-0.0026 0
-0.002575 0
-0.00255 0
-0.002525 0
-0.0025 0
-0.002475 0
-0.00245 0
-0.002425 0
-0.0024 0
-0.002375 0
-0.00235 0
-0.002325 0
-0.0023 0
-0.002275 0
-0.00225 0
-0.002225 0
-0.0022 0
-0.002175 0
-0.00215 0
-0.002125 0
-0.0021 0
-0.002075 0
-0.00205 0
-0.002025 0
-0.002 0
-0.001975 0
-0.00195 0
-0.001925 0
-0.0019 0
-0.001875 0
-0.00185 0
-0.001825 0
-0.0018 0
-0.001775 0
-0.00175 0
-0.001725 0
-0.0017 0
-0.001675 0
-0.00165 0
-0.001625 0
-0.0016 0
-0.001575 0
-0.00155 0
-0.001525 0
-0.0015 0
-0.001475 0
-0.00145 0
-0.001425 0
-0.0014 0
-0.001375 0
-0.00135 0
-0.001325 0
-0.0013 0
-0.001275 0
-0.00125 0
-0.001225 0
-0.0012 0
-0.001175 0
-0.00115 0
-0.001125 0
-0.0011 0
-0.001075 0
-0.00105 0
-0.001025 0
-0.001 0
-0.000975 0
-0.00095 0
-0.000925 0
-0.0009 0
-0.000875 0
-0.00085 0
-0.000825 0
-0.0008 0
-0.000775 0
-0.00075 0
-0.000725 0
-0.0007 0
-0.000675 0
-0.00065 0
-0.000625 0
-0.0006 0
-0.000575 0
-0.00055 0
-0.000525 0
-0.0005 0
-0.000475 0
-0.00045 0
-0.000425 0
-0.0004 0
-0.000375 0
-0.00035 0
-0.000325 0
-0.0003 0
-0.000275 0
-0.00025 0
-0.000225 0
-0.0002 0
-0.000175 0
-0.00015 0
-0.000125 0
-0.0001 0
-7.5e-05 0
-5e-05 0
-2.5e-05 0
-9.28348e-19 0
2.5e-05 0
5e-05 0
7.5e-05 0
0.0001 0
0.000125 0
0.00015 0
0.000175 0
0.0002 0
0.000225 0
0.00025 0
0.000275 0
0.0003 0
0.000325 0
0.00035 0
0.000375 0
0.0004 0
0.000425 0
0.00045 0
0.000475 0
0.0005 0
0.000525 0
0.00055 0
0.000575 0
0.0006 0
0.000625 0
0.00065 0
0.000675 0
0.0007 0
0.000725 0
0.00075 0
0.000775 0
0.0008 0
0.000825 0
0.00085 0
0.000875 0
0.00085 0
0.000825 0
0.0008 0
0.000775 0
0.00075 0
0.000725 0
0.0007 0
0.000675 0
0.00065 0
0.000625 0
0.0006 0
0.000575 0
0.00055 0
0.000525 0
0.0005 0
0.000475 0
0.00045 0
0.000425 0
0.0004 0
0.000375 0
0.00035 0
0.000325 0
0.0003 0
0.000275 0
0.00025 0
0.000225 0
0.0002 0
0.000175 0
0.00015 0
0.000125 0
0.0001 0
7.5e-05 0
5e-05 0
2.5e-05 0
-9.14796e-19 0
