-2.84354e-05 0.343545
-5.68452e-05 0.684518
-8.52291e-05 1.02291
-0.000113587 1.35871
-0.000141919 1.69191
-0.000170225 2.02251
-0.000198505 2.35048
-0.000226758 2.67583
-0.000254985 2.99854
-0.000283186 3.3186
-0.00031136 3.636
-0.000339507 3.95074
-0.000367628 4.2628
-0.000395722 4.57218
-0.000423789 4.87886
-0.000451828 5.18283
-0.000479841 5.48409
-0.000507826 5.78262
-0.000535784 6.07841
-0.000563715 6.37146
-0.000591618 6.66175
-0.000619493 6.94928
-0.00064734 7.23402
-0.00067516 7.51598
-0.000702951 7.79514
-0.000730715 8.07149
-0.00075845 8.34502
-0.000786157 8.61572
-0.000813836 8.88357
-0.000841486 9.14858
-0.000869107 9.41072
-0.0008967 9.66998
-0.000924264 9.92636
-0.000951798 10.1798
-0.000979304 10.4304
-0.00100678 10.6781
-0.00103423 10.9228
-0.00106165 11.1646
-0.00108903 11.4034
-0.00111639 11.6393
-0.00114372 11.8722
-0.00117102 12.1021
-0.00119829 12.329
-0.00122553 12.5528
-0.00125274 12.7737
-0.00127992 12.9915
-0.00130706 13.2063
-0.00133418 13.418
-0.00136127 13.6266
-0.00138832 13.8322
-0.00135998 13.4977
-0.00133163 13.1632
-0.00130329 12.8287
-0.00127494 12.4942
-0.0012466 12.1597
-0.00121825 11.8252
-0.00118991 11.4907
-0.00116156 11.1562
-0.00113322 10.8217
-0.00110487 10.4872
-0.00107653 10.1527
-0.00104818 9.81823
-0.00101984 9.48373
-0.000991492 9.14923
-0.000963147 8.81473
-0.000934802 8.48024
-0.000906457 8.14574
-0.000878112 7.81124
-0.000849767 7.47674
-0.000821422 7.14225
-0.000793077 6.80775
-0.000764733 6.47325
-0.000736388 6.13875
-0.000708043 5.80425
-0.000679698 5.46976
-0.000651353 5.13526
-0.000623008 4.80076
-0.000594663 4.46626
-0.000566318 4.13177
-0.000537973 3.79727
-0.000509628 3.46277
-0.000481283 3.12827
-0.000452938 2.79378
-0.000424593 2.45928
-0.000396248 2.12478
-0.000367903 1.79028
-0.000339558 1.45579
-0.000311213 1.12129
-0.000282868 0.78679
-0.000254523 0.452292
-0.000226178 0.117794
-0.0002 0
-0.000175 0
-0.00015 0
-0.000125 0
-0.0001 0
-7.5e-05 0
-5e-05 0
-2.5e-05 0
-6.09864e-20 0
2.5e-05 0
5e-05 0
7.5e-05 0
0.0001 0
0.000125 0
0.0001 0
7.5e-05 0
5e-05 0
2.5e-05 0
-4.74338e-20 0
-2.5e-05 0
-5e-05 0
-7.5e-05 0
-0.0001 0
-0.000125 0
-0.00015 0
-0.000175 0
-0.0002 0
-0.000226178 0.117794
-0.000254523 0.452292
-0.000282868 0.78679
-0.000311213 1.12129
-0.000339558 1.45579
-0.000367903 1.79028
-0.000396248 2.12478
-0.000424593 2.45928
-0.000452938 2.79378
-0.000481283 3.12827
-0.000509628 3.46277
-0.000537973 3.79727
-0.000566318 4.13177
-0.000594663 4.46626
-0.000623008 4.80076
-0.000651353 5.13526
-0.000679698 5.46976
-0.000708043 5.80425
-0.000736388 6.13875
-0.000764733 6.47325
-0.000793077 6.80775
-0.000821422 7.14225
-0.000849767 7.47674
-0.000878112 7.81124
-0.000906457 8.14574
-0.000934802 8.48024
-0.000963147 8.81473
-0.000991492 9.14923
-0.00101984 9.48373
-0.00104818 9.81823
-0.00107653 10.1527
-0.00110487 10.4872
-0.00113322 10.8217
-0.00116156 11.1562
-0.00118991 11.4907
-0.00121825 11.8252
-0.0012466 12.1597
-0.00127494 12.4942
-0.00130329 12.8287
-0.00133163 13.1632
-0.00135998 13.4977
-0.00138832 13.8322
-0.00141535 14.0347
-0.00144234 14.234
-0.0014693 14.4302
-0.00149623 14.6233
-0.00152313 14.8132
-0.00155 15
-0.00157684 15.1836
-0.00160364 15.364
-0.00163041 15.5412
-0.00165715 15.7152
-0.00168386 15.886
-0.00171053 16.0535
-0.00173718 16.2177
-0.00176379 16.3787
-0.00179036 16.5365
-0.00181691 16.6909
-0.00184342 16.842
-0.0018699 16.9898
-0.00189634 17.1342
-0.00192275 17.2753
-0.00194913 17.413
-0.00197547 17.5473
-0.00200178 17.6783
-0.00202806 17.8058
-0.0020543 17.9299
-0.00208051 18.0506
-0.00210668 18.1678
-0.00213282 18.2815
-0.00215892 18.3918
-0.00218499 18.4985
-0.00221102 18.6018
-0.00223701 18.7015
-0.00226298 18.7976
-0.0022889 18.8902
-0.00231479 18.9792
-0.00234065 19.0646
-0.00236646 19.1464
-0.00239225 19.2246
-0.00241799 19.2991
-0.0024437 19.37
-0.00246937 19.4372
-0.00249501 19.5007
-0.0025206 19.5605
-0.00254617 19.6165
-0.00257169 19.6689
-0.00259717 19.7174
-0.00262262 19.7622
-0.00264803 19.8031
-0.0026734 19.8403
-0.00269874 19.8736
-0.00272403 19.9031
-0.00274929 19.9287
-0.0027745 19.9504
-0.00279968 19.9682
-0.00282482 19.9821
-0.00284992 19.992
-0.00287498 19.998
-0.0029 20
-0.00292408 19.9078
-0.00294816 19.8157
-0.00297224 19.7235
-0.00299631 19.6313
-0.00302039 19.5392
-0.00304447 19.447
-0.00306855 19.3548
-0.00309263 19.2627
-0.00311671 19.1705
-0.00314078 19.0783
-0.00316486 18.9862
-0.00318894 18.894
-0.00321302 18.8018
-0.0032371 18.7097
-0.00326118 18.6175
-0.00328525 18.5253
-0.00330933 18.4332
-0.00333341 18.341
-0.00335749 18.2488
-0.00338157 18.1567
-0.00340565 18.0645
-0.00342972 17.9724
-0.0034538 17.8802
-0.00347788 17.788
-0.00350196 17.6959
-0.00352604 17.6037
-0.00355012 17.5115
-0.00357419 17.4194
-0.00359827 17.3272
-0.00362235 17.235
-0.00364643 17.1429
-0.00367051 17.0507
-0.00369459 16.9585
-0.00371866 16.8664
-0.00374274 16.7742
-0.00376682 16.682
-0.0037909 16.5899
-0.00381498 16.4977
-0.00383906 16.4055
-0.00386313 16.3134
-0.00388721 16.2212
-0.00391129 16.129
-0.0038847 15.9701
-0.00385811 15.8111
-0.00383152 15.6521
-0.00380493 15.4932
-0.00377834 15.3342
-0.00375175 15.1752
-0.00372516 15.0162
-0.00369857 14.8573
-0.00367198 14.6983
-0.00364539 14.5393
-0.0036188 14.3804
-0.00359221 14.2214
-0.00356562 14.0624
-0.00353903 13.9035
-0.00351244 13.7445
-0.00348586 13.5855
-0.00345927 13.4265
-0.00343268 13.2676
-0.00340609 13.1086
-0.0033795 12.9496
-0.00335291 12.7907
-0.00332632 12.6317
-0.00329973 12.4727
-0.00327314 12.3138
-0.00324655 12.1548
-0.00321996 11.9958
-0.00319337 11.8369
-0.00316678 11.6779
-0.00314019 11.5189
-0.0031136 11.3599
-0.00308701 11.201
-0.00306042 11.042
-0.00303383 10.883
-0.00300724 10.7241
-0.00298065 10.5651
-0.00295406 10.4061
-0.00292747 10.2472
-0.00290088 10.0882
-0.00287429 9.92922
-0.0028477 9.77025
-0.00282111 9.61128
-0.00279452 9.45231
-0.00276793 9.29334
-0.00274134 9.13437
-0.00271475 8.9754
-0.00268816 8.81643
-0.00266157 8.65746
-0.00263498 8.49849
-0.0026084 8.33952
-0.00258181 8.18055
-0.00255522 8.02158
-0.00252863 7.86261
-0.00250204 7.70364
-0.00247545 7.54467
-0.00244886 7.3857
-0.00242227 7.22673
-0.00239568 7.06776
-0.00236909 6.90879
-0.0023425 6.74982
-0.00231591 6.59085
-0.00228932 6.43188
-0.00226273 6.27291
-0.00223614 6.11394
-0.00220955 5.95497
-0.00218296 5.796
-0.00215637 5.63703
-0.00212978 5.47806
-0.00210319 5.31909
-0.0020766 5.16012
-0.00205001 5.00116
-0.00202342 4.84219
-0.00199683 4.68322
-0.00197024 4.52425
-0.00194365 4.36528
-0.00191706 4.20631
-0.00189047 4.04734
-0.00186388 3.88837
-0.00183729 3.7294
-0.0018107 3.57043
-0.00178411 3.41146
-0.00175752 3.25249
-0.00173094 3.09352
-0.00170435 2.93455
-0.00167776 2.77558
-0.00165117 2.61661
-0.00162458 2.45764
-0.00159799 2.29867
-0.0015714 2.1397
-0.00154481 1.98073
-0.00151822 1.82176
-0.00149163 1.66279
-0.00146504 1.50382
-0.00143845 1.34485
-0.00141186 1.18588
-0.00138527 1.02691
-0.00135868 0.867944
-0.00133209 0.708974
-0.0013055 0.550004
-0.00127891 0.391035
-0.00125232 0.232065
-0.00122573 0.0730954
-0.0012 0
-0.001175 0
-0.00115 0
-0.001125 0
-0.0011 0
-0.001075 0
-0.00105 0
-0.001025 0
-0.001 0
-0.000975 0
-0.00095 0
-0.000925 0
-0.0009 0
-0.000875 0
-0.00085 0
-0.000825 0
-0.0008 0
-0.000775 0
-0.00075 0
-0.000725 0
-0.0007 0
-0.000675 0
-0.00065 0
-0.000625 0
-0.0006 0
-0.000575 0
-0.00055 0
-0.000525 0
-0.0005 0
-0.000475 0
-0.00045 0
-0.000425 0
-0.0004 0
-0.000375 0
-0.00035 0
-0.000325 0
-0.0003 0
-0.000275 0
-0.00025 0
-0.000225 0
-0.0002 0
-0.000175 0
-0.00015 0
-0.000125 0
-0.0001 0
-7.5e-05 0
-5e-05 0
-2.5e-05 0
-6.09864e-20 0
2.5e-05 0
5e-05 0
7.5e-05 0
0.0001 0
0.000125 0
0.00015 0
0.000175 0
0.0002 0
0.000225 0
0.00025 0
0.000275 0
0.0003 0
0.000325 0
0.00035 0
0.000375 0
0.00035 0
0.000325 0
0.0003 0
0.000275 0
0.00025 0
0.000225 0
0.0002 0
0.000175 0
0.00015 0
0.000125 0
0.0001 0
7.5e-05 0
5e-05 0
2.5e-05 0
-4.74338e-20 0
-2.5e-05 0
-5e-05 0
-7.5e-05 0
-0.0001 0
-0.000125 0
-0.00015 0
-0.000175 0
-0.0002 0
-0.000225 0
-0.00025 0
-0.000275 0
-0.0003 0
-0.000325 0
-0.00035 0
-0.000375 0
-0.0004 0
-0.000425 0
-0.00045 0
-0.000475 0
-0.0005 0
-0.000525 0
-0.00055 0
-0.000575 0
-0.0006 0
-0.000625 0
-0.00065 0
-0.000675 0
-0.0007 0
-0.000725 0
-0.00075 0
-0.000775 0
-0.0008 0
-0.000825 0
-0.00085 0
-0.000875 0
-0.0009 0
-0.000925 0
-0.00095 0
-0.000975 0
-0.001 0
-0.001025 0
-0.00105 0
-0.001075 0
-0.0011 0
-0.001125 0
-0.00115 0
-0.001175 0
-0.0012 0
-0.00122573 0.0730954
-0.00125232 0.232065
-0.00127891 0.391035
-0.0013055 0.550004
-0.00133209 0.708974
-0.00135868 0.867944
-0.00138527 1.02691
-0.00141186 1.18588
-0.00143845 1.34485
-0.00146504 1.50382
-0.00149163 1.66279
-0.00151822 1.82176
-0.00154481 1.98073
-0.0015714 2.1397
-0.00159799 2.29867
-0.00162458 2.45764
-0.00165117 2.61661
-0.00167776 2.77558
-0.00170435 2.93455
-0.00173094 3.09352
-0.00175752 3.25249
-0.00178411 3.41146
-0.0018107 3.57043
-0.00183729 3.7294
-0.00186388 3.88837
-0.00189047 4.04734
-0.00191706 4.20631
-0.00194365 4.36528
-0.00197024 4.52425
-0.00199683 4.68322
-0.00202342 4.84219
-0.00205001 5.00116
-0.0020766 5.16012
-0.00210319 5.31909
-0.00212978 5.47806
-0.00215637 5.63703
-0.00218296 5.796
-0.00220955 5.95497
-0.00223614 6.11394
-0.00226273 6.27291
-0.00228932 6.43188
-0.00231591 6.59085
-0.0023425 6.74982
-0.00236909 6.90879
-0.00239568 7.06776
-0.00242227 7.22673
-0.00244886 7.3857
-0.00247545 7.54467
-0.00250204 7.70364
-0.00252863 7.86261
-0.00255522 8.02158
-0.00258181 8.18055
-0.0026084 8.33952
-0.00263498 8.49849
-0.00266157 8.65746
-0.00268816 8.81643
-0.00271475 8.9754
-0.00274134 9.13437
-0.00276793 9.29334
-0.00279452 9.45231
-0.00282111 9.61128
-0.0028477 9.77025
-0.00287429 9.92922
-0.00290088 10.0882
-0.00292747 10.2472
-0.00295406 10.4061
-0.00298065 10.5651
-0.00300724 10.7241
-0.00303383 10.883
-0.00306042 11.042
-0.00308701 11.201
-0.0031136 11.3599
-0.00314019 11.5189
-0.00316678 11.6779
-0.00319337 11.8369
-0.00321996 11.9958
-0.00324655 12.1548
-0.00327314 12.3138
-0.00329973 12.4727
-0.00332632 12.6317
-0.00335291 12.7907
-0.0033795 12.9496
-0.00340609 13.1086
-0.00343268 13.2676
-0.00345927 13.4265
-0.00348586 13.5855
-0.00351244 13.7445
-0.00353903 13.9035
-0.00356562 14.0624
-0.00359221 14.2214
-0.0036188 14.3804
-0.00364539 14.5393
-0.00367198 14.6983
-0.00369857 14.8573
-0.00372516 15.0162
-0.00375175 15.1752
-0.00377834 15.3342
-0.00380493 15.4932
-0.00383152 15.6521
-0.00385811 15.8111
-0.0038847 15.9701
-0.00391129 16.129
-0.00393537 16.0369
-0.00395945 15.9447
-0.00398353 15.8525
-0.0040076 15.7604
-0.00403168 15.6682
-0.00405576 15.576
-0.00407984 15.4839
-0.00410392 15.3917
-0.004128 15.2995
-0.00415207 15.2074
-0.00417615 15.1152
-0.00420023 15.023
-0.00422431 14.9309
-0.00424839 14.8387
-0.00427247 14.7465
-0.00429654 14.6544
-0.00432062 14.5622
-0.0043447 14.47
-0.00436878 14.3779
-0.00439286 14.2857
-0.00441694 14.1935
-0.00444101 14.1014
-0.00446509 14.0092
-0.00448917 13.9171
-0.00451325 13.8249
-0.00453733 13.7327
-0.00456141 13.6406
-0.00458548 13.5484
-0.00460956 13.4562
-0.00463364 13.3641
-0.00465772 13.2719
-0.0046818 13.1797
-0.00470588 13.0876
-0.00472995 12.9954
-0.00475403 12.9032
-0.00477811 12.8111
-0.00480219 12.7189
-0.00482627 12.6267
-0.00485035 12.5346
-0.00487442 12.4424
-0.0048985 12.3502
-0.00492258 12.2581
-0.00494666 12.1659
-0.00497074 12.0737
-0.00499482 11.9816
-0.00501889 11.8894
-0.00504297 11.7972
-0.00506705 11.7051
-0.00509113 11.6129
-0.00511521 11.5207
-0.00508924 11.4241
-0.00506328 11.3275
-0.00503731 11.2309
-0.00501134 11.1343
-0.00498538 11.0377
-0.00495941 10.941
-0.00493344 10.8444
-0.00490748 10.7478
-0.00488151 10.6512
-0.00485555 10.5546
-0.00482958 10.4579
-0.00480361 10.3613
-0.00477765 10.2647
-0.00475168 10.1681
-0.00472571 10.0715
-0.00469975 9.97486
-0.00467378 9.87825
-0.00464782 9.78163
-0.00462185 9.68501
-0.00459588 9.58839
-0.00456992 9.49178
-0.00454395 9.39516
-0.00451799 9.29854
-0.00449202 9.20193
-0.00446605 9.10531
-0.00444009 9.00869
-0.00441412 8.91207
-0.00438815 8.81546
-0.00436219 8.71884
-0.00433622 8.62222
-0.00431026 8.52561
-0.00428429 8.42899
-0.00425832 8.33237
-0.00423236 8.23575
-0.00420639 8.13914
-0.00418043 8.04252
-0.00415446 7.9459
-0.00412849 7.84928
-0.00410253 7.75267
-0.00407656 7.65605
-0.00405059 7.55943
-0.00402463 7.46282
-0.00399866 7.3662
-0.0039727 7.26958
-0.00394673 7.17296
-0.00392076 7.07635
-0.0038948 6.97973
-0.00386883 6.88311
-0.00384286 6.7865
-0.0038169 6.68988
-0.00379093 6.59326
-0.00376497 6.49664
-0.003739 6.40003
-0.00371303 6.30341
-0.00368707 6.20679
-0.0036611 6.11018
-0.00363514 6.01356
-0.00360917 5.91694
-0.0035832 5.82032
-0.00355724 5.72371
-0.00353127 5.62709
-0.0035053 5.53047
-0.00347934 5.43386
-0.00345337 5.33724
-0.00342741 5.24062
-0.00340144 5.144
-0.00337547 5.04739
-0.00334951 4.95077
-0.00332354 4.85415
-0.00329758 4.75754
-0.00327161 4.66092
-0.00324564 4.5643
-0.00321968 4.46768
-0.00319371 4.37107
-0.00316774 4.27445
-0.00314178 4.17783
-0.00311581 4.08122
-0.00308985 3.9846
-0.00306388 3.88798
-0.00303791 3.79136
-0.00301195 3.69475
-0.00298598 3.59813
-0.00296002 3.50151
-0.00293405 3.4049
-0.00290808 3.30828
-0.00288212 3.21166
-0.00285615 3.11504
-0.00283018 3.01843
-0.00280422 2.92181
-0.00277825 2.82519
-0.00275229 2.72857
-0.00272632 2.63196
-0.00270035 2.53534
-0.00267439 2.43872
-0.00264842 2.34211
-0.00262245 2.24549
-0.00259649 2.14887
-0.00257052 2.05225
-0.00254456 1.95564
-0.00251859 1.85902
-0.00249262 1.7624
-0.00246666 1.66579
-0.00244069 1.56917
-0.00241473 1.47255
-0.00238876 1.37593
-0.00236279 1.27932
-0.00233683 1.1827
-0.00231086 1.08608
-0.00228489 0.989466
-0.00225893 0.892849
-0.00223296 0.796231
-0.002207 0.699614
-0.00218103 0.602997
-0.00215506 0.50638
-0.0021291 0.409763
-0.00210313 0.313146
-0.00207717 0.216528
-0.0020512 0.119911
-0.00202523 0.0232941
-0.002 0
-0.001975 0
-0.00195 0
-0.001925 0
-0.0019 0
-0.001875 0
-0.00185 0
-0.001825 0
-0.0018 0
-0.001775 0
-0.00175 0
-0.001725 0
-0.0017 0
-0.001675 0
-0.00165 0
-0.001625 0
-0.0016 0
-0.001575 0
-0.00155 0
-0.001525 0
-0.0015 0
-0.001475 0
-0.00145 0
-0.001425 0
-0.0014 0
-0.001375 0
-0.00135 0
-0.001325 0
-0.0013 0
-0.001275 0
-0.00125 0
-0.001225 0
-0.0012 0
-0.001175 0
-0.00115 0
-0.001125 0
-0.0011 0
-0.001075 0
-0.00105 0
-0.001025 0
-0.001 0
-0.000975 0
-0.00095 0
-0.000925 0
-0.0009 0
-0.000875 0
-0.00085 0
-0.000825 0
-0.0008 0
-0.000775 0
-0.00075 0
-0.000725 0
-0.0007 0
-0.000675 0
-0.00065 0
-0.000625 0
-0.0006 0
-0.000575 0
-0.00055 0
-0.000525 0
-0.0005 0
-0.000475 0
-0.00045 0
-0.000425 0
-0.0004 0
-0.000375 0
-0.00035 0
-0.000325 0
-0.0003 0
-0.000275 0
-0.00025 0
-0.000225 0
-0.0002 0
-0.000175 0
-0.00015 0
-0.000125 0
-0.0001 0
-7.5e-05 0
-5e-05 0
-2.5e-05 0
-6.09864e-20 0
2.5e-05 0
5e-05 0
7.5e-05 0
0.0001 0
0.000125 0
0.00015 0
0.000175 0
0.0002 0
0.000225 0
0.00025 0
0.000275 0
0.0003 0
0.000325 0
0.00035 0
0.000375 0
0.0004 0
0.000425 0
0.00045 0
0.000475 0
0.0005 0
0.000475 0
0.00045 0
0.000425 0
0.0004 0
0.000375 0
0.00035 0
0.000325 0
0.0003 0
0.000275 0
0.00025 0
0.000225 0
0.0002 0
0.000175 0
0.00015 0
0.000125 0
0.0001 0
7.5e-05 0
5e-05 0
2.5e-05 0
-4.74338e-20 0
-2.5e-05 0
-5e-05 0
-7.5e-05 0
-0.0001 0
-0.000125 0
-0.00015 0
-0.000175 0
-0.0002 0
-0.000225 0
-0.00025 0
-0.000275 0
-0.0003 0
-0.000325 0
-0.00035 0
-0.000375 0
-0.0004 0
-0.000425 0
-0.00045 0
-0.000475 0
-0.0005 0
-0.000525 0
-0.00055 0
-0.000575 0
-0.0006 0
-0.000625 0
-0.00065 0
-0.000675 0
-0.0007 0
-0.000725 0
-0.00075 0
-0.000775 0
-0.0008 0
-0.000825 0
-0.00085 0
-0.000875 0
-0.0009 0
-0.000925 0
-0.00095 0
-0.000975 0
-0.001 0
-0.001025 0
-0.00105 0
-0.001075 0
-0.0011 0
-0.001125 0
-0.00115 0
-0.001175 0
-0.0012 0
-0.001225 0
-0.00125 0
-0.001275 0
-0.0013 0
-0.001325 0
-0.00135 0
-0.001375 0
-0.0014 0
-0.001425 0
-0.00145 0
-0.001475 0
-0.0015 0
-0.001525 0
-0.00155 0
-0.001575 0
-0.0016 0
-0.001625 0
-0.00165 0
-0.001675 0
-0.0017 0
-0.001725 0
-0.00175 0
-0.001775 0
-0.0018 0
-0.001825 0
-0.00185 0
-0.001875 0
-0.0019 0
-0.001925 0
-0.00195 0
-0.001975 0
-0.002 0
-0.00202523 0.0232941
-0.0020512 0.119911
-0.00207717 0.216528
-0.00210313 0.313146
-0.0021291 0.409763
-0.00215506 0.50638
-0.00218103 0.602997
-0.002207 0.699614
-0.00223296 0.796231
-0.00225893 0.892849
-0.00228489 0.989466
-0.00231086 1.08608
-0.00233683 1.1827
-0.00236279 1.27932
-0.00238876 1.37593
-0.00241473 1.47255
-0.00244069 1.56917
-0.00246666 1.66579
-0.00249262 1.7624
-0.00251859 1.85902
-0.00254456 1.95564
-0.00257052 2.05225
-0.00259649 2.14887
-0.00262245 2.24549
-0.00264842 2.34211
-0.00267439 2.43872
-0.00270035 2.53534
-0.00272632 2.63196
-0.00275229 2.72857
-0.00277825 2.82519
-0.00280422 2.92181
-0.00283018 3.01843
-0.00285615 3.11504
-0.00288212 3.21166
-0.00290808 3.30828
-0.00293405 3.4049
-0.00296002 3.50151
-0.00298598 3.59813
-0.00301195 3.69475
-0.00303791 3.79136
-0.00306388 3.88798
-0.00308985 3.9846
-0.00311581 4.08122
-0.00314178 4.17783
-0.00316774 4.27445
-0.00319371 4.37107
-0.00321968 4.46768
-0.00324564 4.5643
-0.00327161 4.66092
-0.00329758 4.75754
-0.00332354 4.85415
-0.00334951 4.95077
-0.00337547 5.04739
-0.00340144 5.144
-0.00342741 5.24062
-0.00345337 5.33724
-0.00347934 5.43386
-0.0035053 5.53047
-0.00353127 5.62709
-0.00355724 5.72371
-0.0035832 5.82032
-0.00360917 5.91694
-0.00363514 6.01356
-0.0036611 6.11018
-0.00368707 6.20679
-0.00371303 6.30341
-0.003739 6.40003
-0.00376497 6.49664
-0.00379093 6.59326
-0.0038169 6.68988
-0.00384286 6.7865
-0.00386883 6.88311
-0.0038948 6.97973
-0.00392076 7.07635
-0.00394673 7.17296
-0.0039727 7.26958
-0.00399866 7.3662
-0.00402463 7.46282
-0.00405059 7.55943
-0.00407656 7.65605
-0.00410253 7.75267
-0.00412849 7.84928
-0.00415446 7.9459
-0.00418043 8.04252
-0.00420639 8.13914
-0.00423236 8.23575
-0.00425832 8.33237
-0.00428429 8.42899
-0.00431026 8.52561
-0.00433622 8.62222
-0.00436219 8.71884
-0.00438815 8.81546
-0.00441412 8.91207
-0.00444009 9.00869
-0.00446605 9.10531
-0.00449202 9.20193
-0.00451799 9.29854
-0.00454395 9.39516
-0.00456992 9.49178
-0.00459588 9.58839
-0.00462185 9.68501
-0.00464782 9.78163
-0.00467378 9.87825
-0.00469975 9.97486
-0.00472571 10.0715
-0.00475168 10.1681
-0.00477765 10.2647
-0.00480361 10.3613
-0.00482958 10.4579
-0.00485555 10.5546
-0.00488151 10.6512
-0.00490748 10.7478
-0.00493344 10.8444
-0.00495941 10.941
-0.00498538 11.0377
-0.00501134 11.1343
-0.00503731 11.2309
-0.00506328 11.3275
-0.00508924 11.4241
-0.00511521 11.5207
-0.00513929 11.4286
-0.00516336 11.3364
-0.00518744 11.2442
-0.00521152 11.1521
-0.0052356 11.0599
-0.00525968 10.9677
-0.00528376 10.8756
-0.00530783 10.7834
-0.00533191 10.6912
-0.00535599 10.5991
-0.00538007 10.5069
-0.00540415 10.4147
-0.00542823 10.3226
-0.0054523 10.2304
-0.00547638 10.1382
-0.00550046 10.0461
-0.00552454 9.95392
-0.00554862 9.86175
-0.0055727 9.76959
-0.00559677 9.67742
-0.00562085 9.58525
-0.00564493 9.49309
-0.00566901 9.40092
-0.00569309 9.30876
-0.00571717 9.21659
-0.00574124 9.12442
-0.00576532 9.03226
-0.0057894 8.94009
-0.00581348 8.84793
-0.00583756 8.75576
-0.00586164 8.66359
-0.00588571 8.57143
-0.00590979 8.47926
-0.00593387 8.3871
-0.00595795 8.29493
-0.00598203 8.20276
-0.00600611 8.1106
-0.00603018 8.01843
-0.00605426 7.92627
-0.00607834 7.8341
-0.00610242 7.74194
-0.0061265 7.64977
-0.00615058 7.5576
-0.00617465 7.46544
-0.00619873 7.37327
-0.00622281 7.28111
-0.00624689 7.18894
-0.00627097 7.09677
-0.00629505 7.00461
-0.00631912 6.91244
-0.00629361 6.86055
-0.00626809 6.80866
-0.00624257 6.75676
-0.00621705 6.70487
-0.00619153 6.65298
-0.00616601 6.60108
-0.00614049 6.54919
-0.00611497 6.4973
-0.00608945 6.4454
-0.00606394 6.39351
-0.00603842 6.34162
-0.0060129 6.28972
-0.00598738 6.23783
-0.00596186 6.18594
-0.00593634 6.13404
-0.00591082 6.08215
-0.0058853 6.03026
-0.00585978 5.97836
-0.00583426 5.92647
-0.00580875 5.87458
-0.00578323 5.82268
-0.00575771 5.77079
-0.00573219 5.7189
-0.00570667 5.667
-0.00568115 5.61511
-0.00565563 5.56322
-0.00563011 5.51132
-0.00560459 5.45943
-0.00557908 5.40754
-0.00555356 5.35564
-0.00552804 5.30375
-0.00550252 5.25186
-0.005477 5.19996
-0.00545148 5.14807
-0.00542596 5.09618
-0.00540044 5.04428
-0.00537492 4.99239
-0.0053494 4.9405
-0.00532389 4.8886
-0.00529837 4.83671
-0.00527285 4.78482
-0.00524733 4.73292
-0.00522181 4.68103
-0.00519629 4.62914
-0.00517077 4.57724
-0.00514525 4.52535
-0.00511973 4.47346
-0.00509422 4.42156
-0.0050687 4.36967
-0.00504318 4.31778
-0.00501766 4.26588
-0.00499214 4.21399
-0.00496662 4.1621
-0.0049411 4.1102
-0.00491558 4.05831
-0.00489006 4.00642
-0.00486455 3.95452
-0.00483903 3.90263
-0.00481351 3.85074
-0.00478799 3.79884
-0.00476247 3.74695
-0.00473695 3.69506
-0.00471143 3.64316
-0.00468591 3.59127
-0.00466039 3.53938
-0.00463487 3.48748
-0.00460936 3.43559
-0.00458384 3.3837
-0.00455832 3.3318
-0.0045328 3.27991
-0.00450728 3.22802
-0.00448176 3.17612
-0.00445624 3.12423
-0.00443072 3.07234
-0.0044052 3.02044
-0.00437969 2.96855
-0.00435417 2.91666
-0.00432865 2.86476
-0.00430313 2.81287
-0.00427761 2.76098
-0.00425209 2.70908
-0.00422657 2.65719
-0.00420105 2.6053
-0.00417553 2.5534
-0.00415002 2.50151
-0.0041245 2.44962
-0.00409898 2.39772
-0.00407346 2.34583
-0.00404794 2.29394
-0.00402242 2.24204
-0.0039969 2.19015
-0.00397138 2.13826
-0.00394586 2.08636
-0.00392034 2.03447
-0.00389483 1.98258
-0.00386931 1.93068
-0.00384379 1.87879
-0.00381827 1.8269
-0.00379275 1.775
-0.00376723 1.72311
-0.00374171 1.67122
-0.00371619 1.61932
-0.00369067 1.56743
-0.00366516 1.51554
-0.00363964 1.46364
-0.00361412 1.41175
-0.0035886 1.35986
-0.00356308 1.30796
-0.00353756 1.25607
-0.00351204 1.20418
-0.00348652 1.15228
-0.003461 1.10039
-0.00343548 1.0485
-0.00340997 0.996603
-0.00338445 0.94471
-0.00335893 0.892816
-0.00333341 0.840923
-0.00330789 0.78903
-0.00328237 0.737136
-0.00325685 0.685243
-0.00323133 0.63335
-0.00320581 0.581456
-0.0031803 0.529563
-0.00315478 0.47767
-0.00312926 0.425776
-0.00310374 0.373883
-0.00307822 0.32199
-0.0030527 0.270096
-0.00302718 0.218203
-0.00300166 0.16631
-0.00297614 0.114416
-0.00295063 0.0625231
-0.00292511 0.0106298
-0.0029 0
-0.002875 0
-0.00285 0
-0.002825 0
-0.0028 0
-0.002775 0
-0.00275 0
-0.002725 0
-0.0027 0
-0.002675 0
-0.00265 0
-0.002625 0
-0.0026 0
-0.002575 0
-0.00255 0
-0.002525 0
-0.0025 0
-0.002475 0
-0.00245 0
-0.002425 0
-0.0024 0
-0.002375 0
-0.00235 0
-0.002325 0
-0.0023 0
-0.002275 0
-0.00225 0
-0.002225 0
-0.0022 0
-0.002175 0
-0.00215 0
-0.002125 0
-0.0021 0
-0.002075 0
-0.00205 0
-0.002025 0
-0.002 0
-0.001975 0
-0.00195 0
-0.001925 0
-0.0019 0
-0.001875 0
-0.00185 0
-0.001825 0
-0.0018 0
-0.001775 0
-0.00175 0
-0.001725 0
-0.0017 0
-0.001675 0
-0.00165 0
-0.001625 0
-0.0016 0
-0.001575 0
-0.00155 0
-0.001525 0
-0.0015 0
-0.001475 0
-0.00145 0
-0.001425 0
-0.0014 0
-0.001375 0
-0.00135 0
-0.001325 0
-0.0013 0
-0.001275 0
-0.00125 0
-0.001225 0
-0.0012 0
-0.001175 0
-0.00115 0
-0.001125 0
-0.0011 0
-0.001075 0
-0.00105 0
-0.001025 0
-0.001 0
-0.000975 0
-0.00095 0
-0.000925 0
-0.0009 0
-0.000875 0
-0.00085 0
-0.000825 0
-0.0008 0
-0.000775 0
-0.00075 0
-0.000725 0
-0.0007 0
-0.000675 0
-0.00065 0
-0.000625 0
-0.0006 0
-0.000575 0
-0.00055 0
-0.000525 0
-0.0005 0
-0.000475 0
-0.00045 0
-0.000425 0
-0.0004 0
-0.000375 0
-0.00035 0
-0.000325 0
-0.0003 0
-0.000275 0
-0.00025 0
-0.000225 0
-0.0002 0
-0.000175 0
-0.00015 0
-0.000125 0
-0.0001 0
-7.5e-05 0
-5e-05 0
-2.5e-05 0
-6.09864e-20 0
2.5e-05 0
5e-05 0
7.5e-05 0
0.0001 0
0.000125 0
0.00015 0
0.000175 0
0.0002 0
0.000225 0
0.00025 0
0.000275 0
0.0003 0
0.000325 0
0.00035 0
0.000375 0
0.0004 0
0.000425 0
0.00045 0
0.000475 0
0.0005 0
0.000525 0
0.00055 0
0.000575 0
0.0006 0
0.000625 0
0.0006 0
0.000575 0
0.00055 0
0.000525 0
0.0005 0
0.000475 0
0.00045 0
0.000425 0
0.0004 0
0.000375 0
0.00035 0
0.000325 0
0.0003 0
0.000275 0
0.00025 0
0.000225 0
0.0002 0
0.000175 0
0.00015 0
0.000125 0
0.0001 0
7.5e-05 0
5e-05 0
2.5e-05 0
-4.74338e-20 0
-2.5e-05 0
-5e-05 0
-7.5e-05 0
-0.0001 0
-0.000125 0
-0.00015 0
-0.000175 0
-0.0002 0
-0.000225 0
-0.00025 0
-0.000275 0
-0.0003 0
-0.000325 0
-0.00035 0
-0.000375 0
-0.0004 0
-0.000425 0
-0.00045 0
-0.000475 0
-0.0005 0
-0.000525 0
-0.00055 0
-0.000575 0
-0.0006 0
-0.000625 0
-0.00065 0
-0.000675 0
-0.0007 0
-0.000725 0
-0.00075 0
-0.000775 0
-0.0008 0
-0.000825 0
-0.00085 0
-0.000875 0
-0.0009 0
-0.000925 0
-0.00095 0
-0.000975 0
-0.001 0
-0.001025 0
-0.00105 0
-0.001075 0
-0.0011 0
-0.001125 0
-0.00115 0
-0.001175 0
-0.0012 0
-0.001225 0
-0.00125 0
-0.001275 0
-0.0013 0
-0.001325 0
-0.00135 0
-0.001375 0
-0.0014 0
-0.001425 0
-0.00145 0
-0.001475 0
-0.0015 0
-0.001525 0
-0.00155 0
-0.001575 0
-0.0016 0
-0.001625 0
-0.00165 0
-0.001675 0
-0.0017 0
-0.001725 0
-0.00175 0
-0.001775 0
-0.0018 0
-0.001825 0
-0.00185 0
-0.001875 0
-0.0019 0
-0.001925 0
-0.00195 0
-0.001975 0
-0.002 0
-0.002025 0
-0.00205 0
-0.002075 0
-0.0021 0
-0.002125 0
-0.00215 0
-0.002175 0
-0.0022 0
-0.002225 0
-0.00225 0
-0.002275 0
-0.0023 0
-0.002325 0
-0.00235 0
-0.002375 0
-0.0024 0
-0.002425 0
-0.00245 0
-0.002475 0
-0.0025 0
-0.002525 0
-0.00255 0
-0.002575 0
-0.0026 0
-0.002625 0
-0.00265 0
-0.002675 0
-0.0027 0
-0.002725 0
-0.00275 0
-0.002775 0
-0.0028 0
-0.002825 0
-0.00285 0
-0.002875 0
-0.0029 0
-0.00292511 0.0106298
-0.00295063 0.0625231
-0.00297614 0.114416
-0.00300166 0.16631
-0.00302718 0.218203
-0.0030527 0.270096
-0.00307822 0.32199
-0.00310374 0.373883
-0.00312926 0.425776
-0.00315478 0.47767
-0.0031803 0.529563
-0.00320581 0.581456
-0.00323133 0.63335
-0.00325685 0.685243
-0.00328237 0.737136
-0.00330789 0.78903
-0.00333341 0.840923
-0.00335893 0.892816
-0.00338445 0.94471
-0.00340997 0.996603
-0.00343548 1.0485
-0.003461 1.10039
-0.00348652 1.15228
-0.00351204 1.20418
-0.00353756 1.25607
-0.00356308 1.30796
-0.0035886 1.35986
-0.00361412 1.41175
-0.00363964 1.46364
-0.00366516 1.51554
-0.00369067 1.56743
-0.00371619 1.61932
-0.00374171 1.67122
-0.00376723 1.72311
-0.00379275 1.775
-0.00381827 1.8269
-0.00384379 1.87879
-0.00386931 1.93068
-0.00389483 1.98258
-0.00392034 2.03447
-0.00394586 2.08636
-0.00397138 2.13826
-0.0039969 2.19015
-0.00402242 2.24204
-0.00404794 2.29394
-0.00407346 2.34583
-0.00409898 2.39772
-0.0041245 2.44962
-0.00415002 2.50151
-0.00417553 2.5534
-0.00420105 2.6053
-0.00422657 2.65719
-0.00425209 2.70908
-0.00427761 2.76098
-0.00430313 2.81287
-0.00432865 2.86476
-0.00435417 2.91666
-0.00437969 2.96855
-0.0044052 3.02044
-0.00443072 3.07234
-0.00445624 3.12423
-0.00448176 3.17612
-0.00450728 3.22802
-0.0045328 3.27991
-0.00455832 3.3318
-0.00458384 3.3837
-0.00460936 3.43559
-0.00463487 3.48748
-0.00466039 3.53938
-0.00468591 3.59127
-0.00471143 3.64316
-0.00473695 3.69506
-0.00476247 3.74695
-0.00478799 3.79884
-0.00481351 3.85074
-0.00483903 3.90263
-0.00486455 3.95452
-0.00489006 4.00642
-0.00491558 4.05831
-0.0049411 4.1102
-0.00496662 4.1621
-0.00499214 4.21399
-0.00501766 4.26588
-0.00504318 4.31778
-0.0050687 4.36967
-0.00509422 4.42156
-0.00511973 4.47346
-0.00514525 4.52535
-0.00517077 4.57724
-0.00519629 4.62914
-0.00522181 4.68103
-0.00524733 4.73292
-0.00527285 4.78482
-0.00529837 4.83671
-0.00532389 4.8886
-0.0053494 4.9405
-0.00537492 4.99239
-0.00540044 5.04428
-0.00542596 5.09618
-0.00545148 5.14807
-0.005477 5.19996
-0.00550252 5.25186
-0.00552804 5.30375
-0.00555356 5.35564
-0.00557908 5.40754
-0.00560459 5.45943
-0.00563011 5.51132
-0.00565563 5.56322
-0.00568115 5.61511
-0.00570667 5.667
-0.00573219 5.7189
-0.00575771 5.77079
-0.00578323 5.82268
-0.00580875 5.87458
-0.00583426 5.92647
-0.00585978 5.97836
-0.0058853 6.03026
-0.00591082 6.08215
-0.00593634 6.13404
-0.00596186 6.18594
-0.00598738 6.23783
-0.0060129 6.28972
-0.00603842 6.34162
-0.00606394 6.39351
-0.00608945 6.4454
-0.00611497 6.4973
-0.00614049 6.54919
-0.00616601 6.60108
-0.00619153 6.65298
-0.00621705 6.70487
-0.00624257 6.75676
-0.00626809 6.80866
-0.00629361 6.86055
-0.00631912 6.91244
-0.0063432 6.82028
-0.00636728 6.72811
-0.00639136 6.63594
-0.00641544 6.54378
-0.00643952 6.45161
-0.00646359 6.35945
-0.00648767 6.26728
-0.00651175 6.17512
-0.00653583 6.08295
-0.00655991 5.99078
-0.00658399 5.89862
-0.00660806 5.80645
-0.00663214 5.71429
-0.00665622 5.62212
-0.0066803 5.52995
-0.00670438 5.43779
-0.00672846 5.34562
-0.00675253 5.25346
-0.00677661 5.16129
-0.00680069 5.06912
-0.00682477 4.97696
-0.00684885 4.88479
-0.00687293 4.79263
-0.006897 4.70046
-0.00692108 4.60829
-0.00694516 4.51613
-0.00696924 4.42396
-0.00699332 4.3318
-0.0070174 4.23963
-0.00704147 4.14747
-0.00706555 4.0553
-0.00709 4
-0.007115 4
-0.00714 4
-0.007165 4
-0.00719 4
-0.007215 4
-0.00724 4
-0.007265 4
-0.00729 4
-0.007315 4
-0.00734 4
-0.007365 4
-0.00739 4
-0.007415 4
-0.00744 4
-0.007465 4
-0.00749 4
-0.007515 4
-0.00754 4
-0.00751475 3.97501
-0.0074895 3.95001
-0.00746425 3.92502
-0.007439 3.90002
-0.00741375 3.87503
-0.0073885 3.85004
-0.00736325 3.82504
-0.007338 3.80005
-0.00731275 3.77506
-0.0072875 3.75006
-0.00726225 3.72507
-0.007237 3.70007
-0.00721175 3.67508
-0.0071865 3.65009
-0.00716125 3.62509
-0.007136 3.6001
-0.00711075 3.57511
-0.0070855 3.55011
-0.00706025 3.52512
-0.007035 3.50012
-0.00700975 3.47513
-0.0069845 3.45014
-0.00695925 3.42514
-0.006934 3.40015
-0.00690875 3.37516
-0.0068835 3.35016
-0.00685825 3.32517
-0.006833 3.30017
-0.00680775 3.27518
-0.0067825 3.25019
-0.00675725 3.22519
-0.006732 3.2002
-0.00670675 3.17521
-0.0066815 3.15021
-0.00665625 3.12522
-0.006631 3.10022
-0.00660575 3.07523
-0.0065805 3.05024
-0.00655525 3.02524
-0.00653 3.00025
-0.00650475 2.97526
-0.0064795 2.95026
-0.00645425 2.92527
-0.006429 2.90027
-0.00640375 2.87528
-0.0063785 2.85029
-0.00635325 2.82529
-0.006328 2.8003
-0.00630275 2.77531
-0.0062775 2.75031
-0.00625225 2.72532
-0.006227 2.70032
-0.00620175 2.67533
-0.0061765 2.65034
-0.00615125 2.62534
-0.006126 2.60035
-0.00610075 2.57536
-0.0060755 2.55036
-0.00605025 2.52537
-0.006025 2.50037
-0.00599975 2.47538
-0.0059745 2.45039
-0.00594925 2.42539
-0.005924 2.4004
-0.00589875 2.37541
-0.0058735 2.35041
-0.00584825 2.32542
-0.005823 2.30042
-0.00579775 2.27543
-0.0057725 2.25044
-0.00574725 2.22544
-0.005722 2.20045
-0.00569675 2.17546
-0.0056715 2.15046
-0.00564625 2.12547
-0.005621 2.10047
-0.00559575 2.07548
-0.0055705 2.05049
-0.00554525 2.02549
-0.00552 2.0005
-0.00549476 1.97551
-0.00546951 1.95051
-0.00544426 1.92552
-0.00541901 1.90052
-0.00539376 1.87553
-0.00536851 1.85054
-0.00534326 1.82554
-0.00531801 1.80055
-0.00529276 1.77556
-0.00526751 1.75056
-0.00524226 1.72557
-0.00521701 1.70057
-0.00519176 1.67558
-0.00516651 1.65059
-0.00514126 1.62559
-0.00511601 1.6006
-0.00509076 1.57561
-0.00506551 1.55061
-0.00504026 1.52562
-0.00501501 1.50062
-0.00498976 1.47563
-0.00496451 1.45064
-0.00493926 1.42564
-0.00491401 1.40065
-0.00488876 1.37566
-0.00486351 1.35066
-0.00483826 1.32567
-0.00481301 1.30067
-0.00478776 1.27568
-0.00476251 1.25069
-0.00473726 1.22569
-0.00471201 1.2007
-0.00468676 1.17571
-0.00466151 1.15071
-0.00463626 1.12572
-0.00461101 1.10072
-0.00458576 1.07573
-0.00456051 1.05074
-0.00453526 1.02574
-0.00451001 1.00075
-0.00448476 0.975756
-0.00445951 0.950762
-0.00443426 0.925769
-0.00440901 0.900775
-0.00438376 0.875781
-0.00435851 0.850787
-0.00433326 0.825794
-0.00430801 0.8008
-0.00428276 0.775806
-0.00425751 0.750812
-0.00423226 0.725819
-0.00420701 0.700825
-0.00418176 0.675831
-0.00415651 0.650837
-0.00413126 0.625844
-0.00410601 0.60085
-0.00408076 0.575856
-0.00405551 0.550862
-0.00403026 0.525869
-0.00400501 0.500875
-0.00397976 0.475881
-0.00395451 0.450887
-0.00392926 0.425894
-0.00390401 0.4009
-0.00387876 0.375906
-0.00385351 0.350912
-0.00382826 0.325919
-0.00380301 0.300925
-0.00377776 0.275931
-0.00375251 0.250937
-0.00372726 0.225944
-0.00370201 0.20095
-0.00367676 0.175956
-0.00365151 0.150962
-0.00362626 0.125969
-0.00360101 0.100975
-0.00357576 0.075981
-0.00355051 0.0509873
-0.00352526 0.0259935
-0.00350001 0.00099975
-0.003475 0
-0.00345 0
-0.003425 0
-0.0034 0
-0.003375 0
-0.00335 0
-0.003325 0
-0.0033 0
-0.003275 0
-0.00325 0
-0.003225 0
-0.0032 0
-0.003175 0
-0.00315 0
-0.003125 0
-0.0031 0
-0.003075 0
-0.00305 0
-0.003025 0
-0.003 0
-0.002975 0
-0.00295 0
-0.002925 0
-0.0029 0
-0.002875 0
-0.00285 0
-0.002825 0
-0.0028 0
-0.002775 0
-0.00275 0
-0.002725 0
-0.0027 0
-0.002675 0
-0.00265 0
-0.002625 0
-0.0026 0
-0.002575 0
-0.00255 0
-0.002525 0
-0.0025 0
-0.002475 0
-0.00245 0
-0.002425 0
-0.0024 0
-0.002375 0
-0.00235 0
-0.002325 0
-0.0023 0
-0.002275 0
-0.00225 0
-0.002225 0
-0.0022 0
-0.002175 0
-0.00215 0
-0.002125 0
-0.0021 0
-0.002075 0
-0.00205 0
-0.002025 0
-0.002 0
-0.001975 0
-0.00195 0
-0.001925 0
-0.0019 0
-0.001875 0
-0.00185 0
-0.001825 0
-0.0018 0
-0.001775 0
-0.00175 0
-0.001725 0
-0.0017 0
-0.001675 0
-0.00165 0
-0.001625 0
-0.0016 0
-0.001575 0
-0.00155 0
-0.001525 0
-0.0015 0
-0.001475 0
-0.00145 0
-0.001425 0
-0.0014 0
-0.001375 0
-0.00135 0
-0.001325 0
-0.0013 0
-0.001275 0
-0.00125 0
-0.001225 0
-0.0012 0
-0.001175 0
-0.00115 0
-0.001125 0
-0.0011 0
-0.001075 0
-0.00105 0
-0.001025 0
-0.001 0
-0.000975 0
-0.00095 0
-0.000925 0
-0.0009 0
-0.000875 0
-0.00085 0
-0.000825 0
-0.0008 0
-0.000775 0
-0.00075 0
-0.000725 0
-0.0007 0
-0.000675 0
-0.00065 0
-0.000625 0
-0.0006 0
-0.000575 0
-0.00055 0
-0.000525 0
-0.0005 0
-0.000475 0
-0.00045 0
-0.000425 0
-0.0004 0
-0.000375 0
-0.00035 0
-0.000325 0
-0.0003 0
-0.000275 0
-0.00025 0
-0.000225 0
-0.0002 0
-0.000175 0
-0.00015 0
-0.000125 0
-0.0001 0
-7.5e-05 0
-5e-05 0
-2.5e-05 0
-6.09864e-20 0
2.5e-05 0
5e-05 0
7.5e-05 0
0.0001 0
0.000125 0
0.00015 0
0.000175 0
0.0002 0
0.000225 0
0.00025 0
0.000275 0
0.0003 0
0.000325 0
0.00035 0
0.000375 0
0.0004 0
0.000425 0
0.00045 0
0.000475 0
0.0005 0
0.000525 0
0.00055 0
0.000575 0
0.0006 0
0.000625 0
0.00065 0
0.000675 0
0.0007 0
0.000725 0
0.00075 0
0.000725 0
0.0007 0
0.000675 0
0.00065 0
0.000625 0
0.0006 0
0.000575 0
0.00055 0
0.000525 0
0.0005 0
0.000475 0
0.00045 0
0.000425 0
0.0004 0
0.000375 0
0.00035 0
0.000325 0
0.0003 0
0.000275 0
0.00025 0
0.000225 0
0.0002 0
0.000175 0
0.00015 0
0.000125 0
0.0001 0
7.5e-05 0
5e-05 0
2.5e-05 0
-4.74338e-20 0
-2.5e-05 0
-5e-05 0
-7.5e-05 0
-0.0001 0
-0.000125 0
-0.00015 0
-0.000175 0
-0.0002 0
-0.000225 0
-0.00025 0
-0.000275 0
-0.0003 0
-0.000325 0
-0.00035 0
-0.000375 0
-0.0004 0
-0.000425 0
-0.00045 0
-0.000475 0
-0.0005 0
-0.000525 0
-0.00055 0
-0.000575 0
-0.0006 0
-0.000625 0
-0.00065 0
-0.000675 0
-0.0007 0
-0.000725 0
-0.00075 0
-0.000775 0
-0.0008 0
-0.000825 0
-0.00085 0
-0.000875 0
-0.0009 0
-0.000925 0
-0.00095 0
-0.000975 0
-0.001 0
-0.001025 0
-0.00105 0
-0.001075 0
-0.0011 0
-0.001125 0
-0.00115 0
-0.001175 0
-0.0012 0
-0.001225 0
-0.00125 0
-0.001275 0
-0.0013 0
-0.001325 0
-0.00135 0
-0.001375 0
-0.0014 0
-0.001425 0
-0.00145 0
-0.001475 0
-0.0015 0
-0.001525 0
-0.00155 0
-0.001575 0
-0.0016 0
-0.001625 0
-0.00165 0
-0.001675 0
-0.0017 0
-0.001725 0
-0.00175 0
-0.001775 0
-0.0018 0
-0.001825 0
-0.00185 0
-0.001875 0
-0.0019 0
-0.001925 0
-0.00195 0
-0.001975 0
-0.002 0
-0.002025 0
-0.00205 0
-0.002075 0
-0.0021 0
-0.002125 0
-0.00215 0
-0.002175 0
-0.0022 0
-0.002225 0
-0.00225 0
-0.002275 0
-0.0023 0
-0.002325 0
-0.00235 0
-0.002375 0
-0.0024 0
-0.002425 0
-0.00245 0
-0.002475 0
-0.0025 0
-0.002525 0
-0.00255 0
-0.002575 0
-0.0026 0
-0.002625 0
-0.00265 0
-0.002675 0
-0.0027 0
-0.002725 0
-0.00275 0
-0.002775 0
-0.0028 0
-0.002825 0
-0.00285 0
-0.002875 0
-0.0029 0
-0.002925 0
-0.00295 0
-0.002975 0
-0.003 0
-0.003025 0
-0.00305 0
-0.003075 0
-0.0031 0
-0.003125 0
-0.00315 0
-0.003175 0
-0.0032 0
-0.003225 0
-0.00325 0
-0.003275 0
-0.0033 0
-0.003325 0
-0.00335 0
-0.003375 0
-0.0034 0
-0.003425 0
-0.00345 0
-0.003475 0
-0.00350001 0.00099975
-0.00352526 0.0259935
-0.00355051 0.0509873
-0.00357576 0.075981
-0.00360101 0.100975
-0.00362626 0.125969
-0.00365151 0.150962
-0.00367676 0.175956
-0.00370201 0.20095
-0.00372726 0.225944
-0.00375251 0.250937
-0.00377776 0.275931
-0.00380301 0.300925
-0.00382826 0.325919
-0.00385351 0.350912
-0.00387876 0.375906
-0.00390401 0.4009
-0.00392926 0.425894
-0.00395451 0.450887
-0.00397976 0.475881
-0.00400501 0.500875
-0.00403026 0.525869
-0.00405551 0.550862
-0.00408076 0.575856
-0.00410601 0.60085
-0.00413126 0.625844
-0.00415651 0.650837
-0.00418176 0.675831
-0.00420701 0.700825
-0.00423226 0.725819
-0.00425751 0.750812
-0.00428276 0.775806
-0.00430801 0.8008
-0.00433326 0.825794
-0.00435851 0.850787
-0.00438376 0.875781
-0.00440901 0.900775
-0.00443426 0.925769
-0.00445951 0.950762
-0.00448476 0.975756
-0.00451001 1.00075
-0.00453526 1.02574
-0.00456051 1.05074
-0.00458576 1.07573
-0.00461101 1.10072
-0.00463626 1.12572
-0.00466151 1.15071
-0.00468676 1.17571
-0.00471201 1.2007
-0.00473726 1.22569
-0.00476251 1.25069
-0.00478776 1.27568
-0.00481301 1.30067
-0.00483826 1.32567
-0.00486351 1.35066
-0.00488876 1.37566
-0.00491401 1.40065
-0.00493926 1.42564
-0.00496451 1.45064
-0.00498976 1.47563
-0.00501501 1.50062
-0.00504026 1.52562
-0.00506551 1.55061
-0.00509076 1.57561
-0.00511601 1.6006
-0.00514126 1.62559
-0.00516651 1.65059
-0.00519176 1.67558
-0.00521701 1.70057
-0.00524226 1.72557
-0.00526751 1.75056
-0.00529276 1.77556
-0.00531801 1.80055
-0.00534326 1.82554
-0.00536851 1.85054
-0.00539376 1.87553
-0.00541901 1.90052
-0.00544426 1.92552
-0.00546951 1.95051
-0.00549476 1.97551
-0.00552 2.0005
-0.00554525 2.02549
-0.0055705 2.05049
-0.00559575 2.07548
-0.005621 2.10047
-0.00564625 2.12547
-0.0056715 2.15046
-0.00569675 2.17546
-0.005722 2.20045
-0.00574725 2.22544
-0.0057725 2.25044
-0.00579775 2.27543
-0.005823 2.30042
-0.00584825 2.32542
-0.0058735 2.35041
-0.00589875 2.37541
-0.005924 2.4004
-0.00594925 2.42539
-0.0059745 2.45039
-0.00599975 2.47538
-0.006025 2.50037
-0.00605025 2.52537
-0.0060755 2.55036
-0.00610075 2.57536
-0.006126 2.60035
-0.00615125 2.62534
-0.0061765 2.65034
-0.00620175 2.67533
-0.006227 2.70032
-0.00625225 2.72532
-0.0062775 2.75031
-0.00630275 2.77531
-0.006328 2.8003
-0.00635325 2.82529
-0.0063785 2.85029
-0.00640375 2.87528
-0.006429 2.90027
-0.00645425 2.92527
-0.0064795 2.95026
-0.00650475 2.97526
-0.00653 3.00025
-0.00655525 3.02524
-0.0065805 3.05024
-0.00660575 3.07523
-0.006631 3.10022
-0.00665625 3.12522
-0.0066815 3.15021
-0.00670675 3.17521
-0.006732 3.2002
-0.00675725 3.22519
-0.0067825 3.25019
-0.00680775 3.27518
-0.006833 3.30017
-0.00685825 3.32517
-0.0068835 3.35016
-0.00690875 3.37516
-0.006934 3.40015
-0.00695925 3.42514
-0.0069845 3.45014
-0.00700975 3.47513
-0.007035 3.50012
-0.00706025 3.52512
-0.0070855 3.55011
-0.00711075 3.57511
-0.007136 3.6001
-0.00716125 3.62509
-0.0071865 3.65009
-0.00721175 3.67508
-0.007237 3.70007
-0.00726225 3.72507
-0.0072875 3.75006
-0.00731275 3.77506
-0.007338 3.80005
-0.00736325 3.82504
-0.0073885 3.85004
-0.00741375 3.87503
-0.007439 3.90002
-0.00746425 3.92502
-0.0074895 3.95001
-0.00751475 3.97501
-0.00754 4
-0.007565 4
-0.00759 4
-0.007615 4
-0.00764 4
-0.007665 4
-0.00769 4
-0.007715 4
-0.00774 4
-0.007765 4
-0.00779 4
-0.007815 4
-0.00784 4
-0.007865 4
-0.00789 4
-0.007915 4
-0.00794 4
-0.007965 4
-0.00799 4
-0.008015 4
-0.00804 4
-0.008065 4
-0.00809 4
-0.008115 4
-0.00814 4
-0.008165 4
-0.00819 4
-0.008215 4
-0.00824 4
-0.008265 4
-0.00829 4
-0.008315 4
-0.00834 4
-0.008365 4
-0.00839 4
-0.008415 4
-0.00844 4
-0.008465 4
-0.00849 4
-0.008515 4
-0.00854 4
-0.008565 4
-0.00859 4
-0.008615 4
-0.00864 4
-0.008665 4
-0.00869 4
-0.008715 4
-0.00874 4
-0.008765 4
-0.00879 4
-0.00876481 3.98096
-0.00873962 3.96191
-0.00871443 3.94287
-0.00868924 3.92382
-0.00866405 3.90478
-0.00863886 3.88574
-0.00861367 3.86669
-0.00858848 3.84765
-0.00856329 3.8286
-0.0085381 3.80956
-0.00851291 3.79052
-0.00848771 3.77147
-0.00846252 3.75243
-0.00843733 3.73338
-0.00841214 3.71434
-0.00838695 3.6953
-0.00836176 3.67625
-0.00833657 3.65721
-0.00831138 3.63816
-0.00828619 3.61912
-0.008261 3.60008
-0.00823581 3.58103
-0.00821062 3.56199
-0.00818543 3.54294
-0.00816024 3.5239
-0.00813505 3.50486
-0.00810986 3.48581
-0.00808467 3.46677
-0.00805948 3.44772
-0.00803429 3.42868
-0.0080091 3.40964
-0.00798391 3.39059
-0.00795872 3.37155
-0.00793353 3.3525
-0.00790833 3.33346
-0.00788314 3.31442
-0.00785795 3.29537
-0.00783276 3.27633
-0.00780757 3.25728
-0.00778238 3.23824
-0.00775719 3.2192
-0.007732 3.20015
-0.00770681 3.18111
-0.00768162 3.16206
-0.00765643 3.14302
-0.00763124 3.12398
-0.00760605 3.10493
-0.00758086 3.08589
-0.00755567 3.06684
-0.00753048 3.0478
-0.00750529 3.02876
-0.0074801 3.00971
-0.00745491 2.99067
-0.00742972 2.97162
-0.00740453 2.95258
-0.00737934 2.93354
-0.00735414 2.91449
-0.00732895 2.89545
-0.00730376 2.8764
-0.00727857 2.85736
-0.00725338 2.83832
-0.00722819 2.81927
-0.007203 2.80023
-0.00717781 2.78118
-0.00715262 2.76214
-0.00712743 2.7431
-0.00710224 2.72405
-0.00707705 2.70501
-0.00705186 2.68596
-0.00702667 2.66692
-0.00700148 2.64788
-0.00697629 2.62883
-0.0069511 2.60979
-0.00692591 2.59074
-0.00690072 2.5717
-0.00687553 2.55266
-0.00685034 2.53361
-0.00682515 2.51457
-0.00679996 2.49552
-0.00677476 2.47648
-0.00674957 2.45744
-0.00672438 2.43839
-0.00669919 2.41935
-0.006674 2.4003
-0.00664881 2.38126
-0.00662362 2.36222
-0.00659843 2.34317
-0.00657324 2.32413
-0.00654805 2.30508
-0.00652286 2.28604
-0.00649767 2.267
-0.00647248 2.24795
-0.00644729 2.22891
-0.0064221 2.20986
-0.00639691 2.19082
-0.00637172 2.17178
-0.00634653 2.15273
-0.00632134 2.13369
-0.00629615 2.11464
-0.00627096 2.0956
-0.00624577 2.07656
-0.00622058 2.05751
-0.00619538 2.03847
-0.00617019 2.01942
-0.006145 2.00038
-0.00611981 1.98134
-0.00609462 1.96229
-0.00606943 1.94325
-0.00604424 1.9242
-0.00601905 1.90516
-0.00599386 1.88612
-0.00596867 1.86707
-0.00594348 1.84803
-0.00591829 1.82898
-0.0058931 1.80994
-0.00586791 1.7909
-0.00584272 1.77185
-0.00581753 1.75281
-0.00579234 1.73376
-0.00576715 1.71472
-0.00574196 1.69568
-0.00571677 1.67663
-0.00569158 1.65759
-0.00566639 1.63855
-0.0056412 1.6195
-0.005616 1.60046
-0.00559081 1.58141
-0.00556562 1.56237
-0.00554043 1.54333
-0.00551524 1.52428
-0.00549005 1.50524
-0.00546486 1.48619
-0.00543967 1.46715
-0.00541448 1.44811
-0.00538929 1.42906
-0.0053641 1.41002
-0.00533891 1.39097
-0.00531372 1.37193
-0.00528853 1.35289
-0.00526334 1.33384
-0.00523815 1.3148
-0.00521296 1.29575
-0.00518777 1.27671
-0.00516258 1.25767
-0.00513739 1.23862
-0.0051122 1.21958
-0.00508701 1.20053
-0.00506181 1.18149
-0.00503662 1.16245
-0.00501143 1.1434
-0.00498624 1.12436
-0.00496105 1.10531
-0.00493586 1.08627
-0.00491067 1.06723
-0.00488548 1.04818
-0.00486029 1.02914
-0.0048351 1.01009
-0.00480991 0.991049
-0.00478472 0.972005
-0.00475953 0.952961
-0.00473434 0.933917
-0.00470915 0.914873
-0.00468396 0.895829
-0.00465877 0.876785
-0.00463358 0.857741
-0.00460839 0.838697
-0.0045832 0.819653
-0.00455801 0.800609
-0.00453282 0.781565
-0.00450763 0.762521
-0.00448243 0.743477
-0.00445724 0.724433
-0.00443205 0.705389
-0.00440686 0.686345
-0.00438167 0.667301
-0.00435648 0.648257
-0.00433129 0.629213
-0.0043061 0.610169
-0.00428091 0.591125
-0.00425572 0.572082
-0.00423053 0.553038
-0.00420534 0.533994
-0.00418015 0.51495
-0.00415496 0.495906
-0.00412977 0.476862
-0.00410458 0.457818
-0.00407939 0.438774
-0.0040542 0.41973
-0.00402901 0.400686
-0.00400382 0.381642
-0.00397863 0.362598
-0.00395344 0.343554
-0.00392825 0.32451
-0.00390305 0.305466
-0.00387786 0.286422
-0.00385267 0.267378
-0.00382748 0.248334
-0.00380229 0.22929
-0.0037771 0.210246
-0.00375191 0.191202
-0.00372672 0.172158
-0.00370153 0.153114
-0.00367634 0.13407
-0.00365115 0.115026
-0.00362596 0.0959817
-0.00360077 0.0769377
-0.00357558 0.0578937
-0.00355039 0.0388497
-0.0035252 0.0198058
-0.00350001 0.00076176
-0.003475 0
-0.00345 0
-0.003425 0
-0.0034 0
-0.003375 0
-0.00335 0
-0.003325 0
-0.0033 0
-0.003275 0
-0.00325 0
-0.003225 0
-0.0032 0
-0.003175 0
-0.00315 0
-0.003125 0
-0.0031 0
-0.003075 0
-0.00305 0
-0.003025 0
-0.003 0
-0.002975 0
-0.00295 0
-0.002925 0
-0.0029 0
-0.002875 0
-0.00285 0
-0.002825 0
-0.0028 0
-0.002775 0
-0.00275 0
-0.002725 0
-0.0027 0
-0.002675 0
-0.00265 0
-0.002625 0
-0.0026 0
-0.002575 0
-0.00255 0
-0.002525 0
-0.0025 0
-0.002475 0
-0.00245 0
-0.002425 0
-0.0024 0
-0.002375 0
-0.00235 0
-0.002325 0
-0.0023 0
-0.002275 0
-0.00225 0
-0.002225 0
-0.0022 0
-0.002175 0
-0.00215 0
-0.002125 0
-0.0021 0
-0.002075 0
-0.00205 0
-0.002025 0
-0.002 0
-0.001975 0
-0.00195 0
-0.001925 0
-0.0019 0
-0.001875 0
-0.00185 0
-0.001825 0
-0.0018 0
-0.001775 0
-0.00175 0
-0.001725 0
-0.0017 0
-0.001675 0
-0.00165 0
-0.001625 0
-0.0016 0
-0.001575 0
-0.00155 0
-0.001525 0
-0.0015 0
-0.001475 0
-0.00145 0
-0.001425 0
-0.0014 0
-0.001375 0
-0.00135 0
-0.001325 0
-0.0013 0
-0.001275 0
-0.00125 0
-0.001225 0
-0.0012 0
-0.001175 0
-0.00115 0
-0.001125 0
-0.0011 0
-0.001075 0
-0.00105 0
-0.001025 0
-0.001 0
-0.000975 0
-0.00095 0
-0.000925 0
-0.0009 0
-0.000875 0
-0.00085 0
-0.000825 0
-0.0008 0
-0.000775 0
-0.00075 0
-0.000725 0
-0.0007 0
-0.000675 0
-0.00065 0
-0.000625 0
-0.0006 0
-0.000575 0
-0.00055 0
-0.000525 0
-0.0005 0
-0.000475 0
-0.00045 0
-0.000425 0
-0.0004 0
-0.000375 0
-0.00035 0
-0.000325 0
-0.0003 0
-0.000275 0
-0.00025 0
-0.000225 0
-0.0002 0
-0.000175 0
-0.00015 0
-0.000125 0
-0.0001 0
-7.5e-05 0
-5e-05 0
-2.5e-05 0
-9.28348e-19 0
2.5e-05 0
5e-05 0
7.5e-05 0
0.0001 0
0.000125 0
0.00015 0
0.000175 0
0.0002 0
0.000225 0
0.00025 0
0.000275 0
0.0003 0
0.000325 0
0.00035 0
0.000375 0
0.0004 0
0.000425 0
0.00045 0
0.000475 0
0.0005 0
0.000525 0
0.00055 0
0.000575 0
0.0006 0
0.000625 0
0.00065 0
0.000675 0
0.0007 0
0.000725 0
0.00075 0
0.000775 0
0.0008 0
0.000825 0
0.00085 0
0.000875 0
0.00085 0
0.000825 0
0.0008 0
0.000775 0
0.00075 0
0.000725 0
0.0007 0
0.000675 0
0.00065 0
0.000625 0
0.0006 0
0.000575 0
0.00055 0
0.000525 0
0.0005 0
0.000475 0
0.00045 0
0.000425 0
0.0004 0
0.000375 0
0.00035 0
0.000325 0
0.0003 0
0.000275 0
0.00025 0
0.000225 0
0.0002 0
0.000175 0
0.00015 0
0.000125 0
0.0001 0
7.5e-05 0
5e-05 0
2.5e-05 0
-9.14796e-19 0
