-2.75567e-05 0.255672
-5.50987e-05 0.509866
-8.26258e-05 0.76258
-0.000110138 1.01381
-0.000137636 1.26355
-0.000165118 1.5118
-0.000192586 1.75857
-0.000220038 2.00383
-0.000247476 2.2476
-0.000274899 2.48986
-0.000302306 2.73062
-0.000329699 2.96987
-0.000357076 3.20761
-0.000384438 3.44384
-0.000411786 3.67855
-0.000439117 3.91174
-0.000466434 4.14341
-0.000493736 4.37355
-0.000521022 4.60216
-0.000548292 4.82925
-0.000575548 5.05479
-0.000602788 5.2788
-0.000630013 5.50126
-0.000657222 5.72219
-0.000684416 5.94156
-0.000711594 6.15938
-0.000738757 6.37565
-0.000765904 6.59036
-0.000793035 6.80351
-0.000820151 7.0151
-0.000847251 7.22512
-0.000874336 7.43357
-0.000901404 7.64045
-0.000928457 7.84575
-0.000955495 8.04947
-0.000982516 8.2516
-0.00100952 8.45216
-0.00103651 8.65112
-0.00106348 8.84848
-0.00109044 9.04426
-0.00111738 9.23843
-0.00114431 9.431
-0.00117122 9.62196
-0.00119811 9.81132
-0.00122499 9.99906
-0.00125185 10.1852
-0.0012787 10.3697
-0.00130553 10.5526
-0.00133234 10.7338
-0.00135913 10.9134
-0.00133157 10.657
-0.00130401 10.4006
-0.00127644 10.1442
-0.00124888 9.8878
-0.00122131 9.63139
-0.00119375 9.37498
-0.00116619 9.11857
-0.00113862 8.86216
-0.00111106 8.60575
-0.00108349 8.34934
-0.00105593 8.09293
-0.00102837 7.83652
-0.0010008 7.58011
-0.000973237 7.3237
-0.000945673 7.06729
-0.000918109 6.81088
-0.000890545 6.55447
-0.000862981 6.29806
-0.000835416 6.04165
-0.000807852 5.78524
-0.000780288 5.52883
-0.000752724 5.27242
-0.00072516 5.01601
-0.000697596 4.7596
-0.000670032 4.50319
-0.000642468 4.24678
-0.000614904 3.99037
-0.00058734 3.73396
-0.000559775 3.47755
-0.000532211 3.22114
-0.000504647 2.96473
-0.000477083 2.70832
-0.000449519 2.45191
-0.000421955 2.1955
-0.000394391 1.93909
-0.000366827 1.68268
-0.000339263 1.42626
-0.000311699 1.16985
-0.000284134 0.913444
-0.00025657 0.657034
-0.000229006 0.400624
-0.000201442 0.144214
-0.000175 0
-0.00015 0
-0.000125 0
-0.0001 0
-7.5e-05 0
-5e-05 0
-2.5e-05 0
-6.09864e-20 0
2.5e-05 0
5e-05 0
7.5e-05 0
0.0001 0
0.000125 0
0.0001 0
7.5e-05 0
5e-05 0
2.5e-05 0
-4.74338e-20 0
-2.5e-05 0
-5e-05 0
-7.5e-05 0
-0.0001 0
-0.000125 0
-0.00015 0
-0.000175 0
-0.000201442 0.144214
-0.000229006 0.400624
-0.00025657 0.657034
-0.000284134 0.913444
-0.000311699 1.16985
-0.000339263 1.42626
-0.000366827 1.68268
-0.000394391 1.93909
-0.000421955 2.1955
-0.000449519 2.45191
-0.000477083 2.70832
-0.000504647 2.96473
-0.000532211 3.22114
-0.000559775 3.47755
-0.00058734 3.73396
-0.000614904 3.99037
-0.000642468 4.24678
-0.000670032 4.50319
-0.000697596 4.7596
-0.00072516 5.01601
-0.000752724 5.27242
-0.000780288 5.52883
-0.000807852 5.78524
-0.000835416 6.04165
-0.000862981 6.29806
-0.000890545 6.55447
-0.000918109 6.81088
-0.000945673 7.06729
-0.000973237 7.3237
-0.0010008 7.58011
-0.00102837 7.83652
-0.00105593 8.09293
-0.00108349 8.34934
-0.00111106 8.60575
-0.00113862 8.86216
-0.00116619 9.11857
-0.00119375 9.37498
-0.00122131 9.63139
-0.00124888 9.8878
-0.00127644 10.1442
-0.00130401 10.4006
-0.00133157 10.657
-0.00135913 10.9134
-0.00138591 11.0914
-0.00141268 11.2678
-0.00143943 11.4425
-0.00146616 11.6156
-0.00149287 11.787
-0.00151957 11.9568
-0.00154625 12.1249
-0.00157291 12.2913
-0.00159956 12.4561
-0.00162619 12.6193
-0.00165281 12.7807
-0.00167941 12.9405
-0.00170599 13.0986
-0.00173255 13.2551
-0.0017591 13.4098
-0.00178563 13.5629
-0.00181214 13.7143
-0.00183864 13.864
-0.00186512 14.0119
-0.00189158 14.1582
-0.00191803 14.3028
-0.00194446 14.4457
-0.00197087 14.5868
-0.00199726 14.7263
-0.00202364 14.864
-0.00205 15
-0.00207634 15.1343
-0.00210267 15.2668
-0.00212898 15.3976
-0.00215527 15.5267
-0.00218154 15.654
-0.0022078 15.7796
-0.00223403 15.9034
-0.00226025 16.0255
-0.00228646 16.1458
-0.00231264 16.2643
-0.00233881 16.3811
-0.00236496 16.4961
-0.00239109 16.6094
-0.00241721 16.7208
-0.00244331 16.8305
-0.00246938 16.9384
-0.00249545 17.0445
-0.00252149 17.1488
-0.00254751 17.2514
-0.00257352 17.3521
-0.00259951 17.451
-0.00262548 17.5481
-0.00265143 17.6434
-0.00267737 17.7368
-0.00270328 17.8285
-0.00272918 17.9183
-0.00275506 18.0063
-0.00278092 18.0924
-0.00280677 18.1767
-0.00283259 18.2592
-0.0028584 18.3398
-0.00288419 18.4186
-0.00290995 18.4955
-0.00293571 18.5705
-0.00296144 18.6437
-0.00298715 18.715
-0.00301284 18.7845
-0.00303852 18.8521
-0.00306418 18.9177
-0.00308982 18.9815
-0.00311543 19.0434
-0.00314103 19.1035
-0.00316662 19.1616
-0.00319218 19.2178
-0.00321772 19.2721
-0.00324324 19.3245
-0.00326875 19.3749
-0.00329423 19.4235
-0.0033197 19.4701
-0.00334515 19.5148
-0.00337058 19.5576
-0.00339598 19.5984
-0.00342137 19.6372
-0.00344674 19.6742
-0.00347209 19.7091
-0.00349742 19.7421
-0.00352273 19.7732
-0.00354802 19.8023
-0.00357329 19.8294
-0.00359854 19.8545
-0.00362378 19.8776
-0.00364899 19.8988
-0.00367418 19.9179
-0.00369935 19.9351
-0.0037245 19.9503
-0.00374963 19.9634
-0.00377475 19.9746
-0.00379984 19.9837
-0.00382491 19.9908
-0.00384996 19.9959
-0.00387499 19.999
-0.0039 20
-0.00392444 19.9442
-0.00394888 19.8885
-0.00392209 19.7087
-0.00389529 19.5289
-0.00386849 19.3492
-0.00384169 19.1694
-0.0038149 18.9897
-0.0037881 18.8099
-0.0037613 18.6301
-0.0037345 18.4504
-0.00370771 18.2706
-0.00368091 18.0908
-0.00365411 17.9111
-0.00362731 17.7313
-0.00360052 17.5516
-0.00357372 17.3718
-0.00354692 17.192
-0.00352012 17.0123
-0.00349332 16.8325
-0.00346653 16.6527
-0.00343973 16.473
-0.00341293 16.2932
-0.00338613 16.1134
-0.00335934 15.9337
-0.00333254 15.7539
-0.00330574 15.5742
-0.00327894 15.3944
-0.00325215 15.2146
-0.00322535 15.0349
-0.00319855 14.8551
-0.00317175 14.6753
-0.00314496 14.4956
-0.00311816 14.3158
-0.00309136 14.136
-0.00306456 13.9563
-0.00303777 13.7765
-0.00301097 13.5968
-0.00298417 13.417
-0.00295737 13.2372
-0.00293057 13.0575
-0.00290378 12.8777
-0.00287698 12.6979
-0.00285018 12.5182
-0.00282338 12.3384
-0.00279659 12.1586
-0.00276979 11.9789
-0.00274299 11.7991
-0.00271619 11.6194
-0.0026894 11.4396
-0.0026626 11.2598
-0.0026358 11.0801
-0.002609 10.9003
-0.00258221 10.7205
-0.00255541 10.5408
-0.00252861 10.361
-0.00250181 10.1813
-0.00247501 10.0015
-0.00244822 9.82172
-0.00242142 9.64196
-0.00239462 9.4622
-0.00236782 9.28243
-0.00234103 9.10267
-0.00231423 8.92291
-0.00228743 8.74314
-0.00226063 8.56338
-0.00223384 8.38362
-0.00220704 8.20385
-0.00218024 8.02409
-0.00215344 7.84433
-0.00212665 7.66456
-0.00209985 7.4848
-0.00207305 7.30504
-0.00204625 7.12527
-0.00201946 6.94551
-0.00199266 6.76574
-0.00196586 6.58598
-0.00193906 6.40622
-0.00191226 6.22645
-0.00188547 6.04669
-0.00185867 5.86693
-0.00183187 5.68716
-0.00180507 5.5074
-0.00177828 5.32764
-0.00175148 5.14787
-0.00172468 4.96811
-0.00169788 4.78835
-0.00167109 4.60858
-0.00164429 4.42882
-0.00161749 4.24906
-0.00159069 4.06929
-0.0015639 3.88953
-0.0015371 3.70977
-0.0015103 3.53
-0.0014835 3.35024
-0.0014567 3.17048
-0.00142991 2.99071
-0.00140311 2.81095
-0.00137631 2.63119
-0.00134951 2.45142
-0.00132272 2.27166
-0.00129592 2.0919
-0.00126912 1.91213
-0.00124232 1.73237
-0.00121553 1.55261
-0.00118873 1.37284
-0.00116193 1.19308
-0.00113513 1.01331
-0.00110834 0.833551
-0.00108154 0.653788
-0.00105474 0.474024
-0.00102794 0.294261
-0.00100114 0.114497
-0.000975 0
-0.00095 0
-0.000925 0
-0.0009 0
-0.000875 0
-0.00085 0
-0.000825 0
-0.0008 0
-0.000775 0
-0.00075 0
-0.000725 0
-0.0007 0
-0.000675 0
-0.00065 0
-0.000625 0
-0.0006 0
-0.000575 0
-0.00055 0
-0.000525 0
-0.0005 0
-0.000475 0
-0.00045 0
-0.000425 0
-0.0004 0
-0.000375 0
-0.00035 0
-0.000325 0
-0.0003 0
-0.000275 0
-0.00025 0
-0.000225 0
-0.0002 0
-0.000175 0
-0.00015 0
-0.000125 0
-0.0001 0
-7.5e-05 0
-5e-05 0
-2.5e-05 0
-6.09864e-20 0
2.5e-05 0
5e-05 0
7.5e-05 0
0.0001 0
0.000125 0
0.00015 0
0.000175 0
0.0002 0
0.000225 0
0.00025 0
0.000275 0
0.0003 0
0.000325 0
0.00035 0
0.000375 0
0.00035 0
0.000325 0
0.0003 0
0.000275 0
0.00025 0
0.000225 0
0.0002 0
0.000175 0
0.00015 0
0.000125 0
0.0001 0
7.5e-05 0
5e-05 0
2.5e-05 0
-4.74338e-20 0
-2.5e-05 0
-5e-05 0
-7.5e-05 0
-0.0001 0
-0.000125 0
-0.00015 0
-0.000175 0
-0.0002 0
-0.000225 0
-0.00025 0
-0.000275 0
-0.0003 0
-0.000325 0
-0.00035 0
-0.000375 0
-0.0004 0
-0.000425 0
-0.00045 0
-0.000475 0
-0.0005 0
-0.000525 0
-0.00055 0
-0.000575 0
-0.0006 0
-0.000625 0
-0.00065 0
-0.000675 0
-0.0007 0
-0.000725 0
-0.00075 0
-0.000775 0
-0.0008 0
-0.000825 0
-0.00085 0
-0.000875 0
-0.0009 0
-0.000925 0
-0.00095 0
-0.000975 0
-0.00100114 0.114497
-0.00102794 0.294261
-0.00105474 0.474024
-0.00108154 0.653788
-0.00110834 0.833551
-0.00113513 1.01331
-0.00116193 1.19308
-0.00118873 1.37284
-0.00121553 1.55261
-0.00124232 1.73237
-0.00126912 1.91213
-0.00129592 2.0919
-0.00132272 2.27166
-0.00134951 2.45142
-0.00137631 2.63119
-0.00140311 2.81095
-0.00142991 2.99071
-0.0014567 3.17048
-0.0014835 3.35024
-0.0015103 3.53
-0.0015371 3.70977
-0.0015639 3.88953
-0.00159069 4.06929
-0.00161749 4.24906
-0.00164429 4.42882
-0.00167109 4.60858
-0.00169788 4.78835
-0.00172468 4.96811
-0.00175148 5.14787
-0.00177828 5.32764
-0.00180507 5.5074
-0.00183187 5.68716
-0.00185867 5.86693
-0.00188547 6.04669
-0.00191226 6.22645
-0.00193906 6.40622
-0.00196586 6.58598
-0.00199266 6.76574
-0.00201946 6.94551
-0.00204625 7.12527
-0.00207305 7.30504
-0.00209985 7.4848
-0.00212665 7.66456
-0.00215344 7.84433
-0.00218024 8.02409
-0.00220704 8.20385
-0.00223384 8.38362
-0.00226063 8.56338
-0.00228743 8.74314
-0.00231423 8.92291
-0.00234103 9.10267
-0.00236782 9.28243
-0.00239462 9.4622
-0.00242142 9.64196
-0.00244822 9.82172
-0.00247501 10.0015
-0.00250181 10.1813
-0.00252861 10.361
-0.00255541 10.5408
-0.00258221 10.7205
-0.002609 10.9003
-0.0026358 11.0801
-0.0026626 11.2598
-0.0026894 11.4396
-0.00271619 11.6194
-0.00274299 11.7991
-0.00276979 11.9789
-0.00279659 12.1586
-0.00282338 12.3384
-0.00285018 12.5182
-0.00287698 12.6979
-0.00290378 12.8777
-0.00293057 13.0575
-0.00295737 13.2372
-0.00298417 13.417
-0.00301097 13.5968
-0.00303777 13.7765
-0.00306456 13.9563
-0.00309136 14.136
-0.00311816 14.3158
-0.00314496 14.4956
-0.00317175 14.6753
-0.00319855 14.8551
-0.00322535 15.0349
-0.00325215 15.2146
-0.00327894 15.3944
-0.00330574 15.5742
-0.00333254 15.7539
-0.00335934 15.9337
-0.00338613 16.1134
-0.00341293 16.2932
-0.00343973 16.473
-0.00346653 16.6527
-0.00349332 16.8325
-0.00352012 17.0123
-0.00354692 17.192
-0.00357372 17.3718
-0.00360052 17.5516
-0.00362731 17.7313
-0.00365411 17.9111
-0.00368091 18.0908
-0.00370771 18.2706
-0.0037345 18.4504
-0.0037613 18.6301
-0.0037881 18.8099
-0.0038149 18.9897
-0.00384169 19.1694
-0.00386849 19.3492
-0.00389529 19.5289
-0.00392209 19.7087
-0.00394888 19.8885
-0.00397333 19.8327
-0.00399777 19.777
-0.00402221 19.7212
-0.00404665 19.6654
-0.0040711 19.6097
-0.00409554 19.5539
-0.00411998 19.4981
-0.00414442 19.4424
-0.00416887 19.3866
-0.00419331 19.3309
-0.00421775 19.2751
-0.00424219 19.2193
-0.00426664 19.1636
-0.00429108 19.1078
-0.00431552 19.052
-0.00433996 18.9963
-0.00436441 18.9405
-0.00438885 18.8848
-0.00441329 18.829
-0.00443773 18.7732
-0.00446217 18.7175
-0.00448662 18.6617
-0.00451106 18.6059
-0.0045355 18.5502
-0.00455994 18.4944
-0.00458439 18.4387
-0.00460883 18.3829
-0.00463327 18.3271
-0.00465771 18.2714
-0.00468216 18.2156
-0.0047066 18.1599
-0.00473104 18.1041
-0.00475548 18.0483
-0.00477993 17.9926
-0.00480437 17.9368
-0.00482881 17.881
-0.00485325 17.8253
-0.0048777 17.7695
-0.00490214 17.7138
-0.00492658 17.658
-0.00495102 17.6022
-0.00497546 17.5465
-0.00499991 17.4907
-0.00502435 17.4349
-0.00504879 17.3792
-0.00507323 17.3234
-0.00509768 17.2677
-0.00512212 17.2119
-0.00514656 17.1561
-0.005171 17.1004
-0.00514475 16.9749
-0.00511849 16.8493
-0.00509224 16.7238
-0.00506598 16.5983
-0.00503973 16.4728
-0.00501347 16.3473
-0.00498722 16.2218
-0.00496096 16.0963
-0.00493471 15.9708
-0.00490845 15.8453
-0.0048822 15.7198
-0.00485594 15.5942
-0.00482969 15.4687
-0.00480343 15.3432
-0.00477718 15.2177
-0.00475092 15.0922
-0.00472467 14.9667
-0.00469841 14.8412
-0.00467216 14.7157
-0.0046459 14.5902
-0.00461965 14.4646
-0.00459339 14.3391
-0.00456714 14.2136
-0.00454088 14.0881
-0.00451463 13.9626
-0.00448837 13.8371
-0.00446212 13.7116
-0.00443586 13.5861
-0.00440961 13.4606
-0.00438335 13.335
-0.0043571 13.2095
-0.00433084 13.084
-0.00430459 12.9585
-0.00427833 12.833
-0.00425207 12.7075
-0.00422582 12.582
-0.00419956 12.4565
-0.00417331 12.331
-0.00414705 12.2054
-0.0041208 12.0799
-0.00409454 11.9544
-0.00406829 11.8289
-0.00404203 11.7034
-0.00401578 11.5779
-0.00398952 11.4524
-0.00396327 11.3269
-0.00393701 11.2014
-0.00391076 11.0758
-0.0038845 10.9503
-0.00385825 10.8248
-0.00383199 10.6993
-0.00380574 10.5738
-0.00377948 10.4483
-0.00375323 10.3228
-0.00372697 10.1973
-0.00370072 10.0718
-0.00367446 9.94624
-0.00364821 9.82073
-0.00362195 9.69522
-0.0035957 9.56971
-0.00356944 9.4442
-0.00354319 9.31869
-0.00351693 9.19318
-0.00349068 9.06767
-0.00346442 8.94215
-0.00343817 8.81664
-0.00341191 8.69113
-0.00338566 8.56562
-0.0033594 8.44011
-0.00333315 8.3146
-0.00330689 8.18909
-0.00328064 8.06358
-0.00325438 7.93807
-0.00322813 7.81256
-0.00320187 7.68704
-0.00317562 7.56153
-0.00314936 7.43602
-0.00312311 7.31051
-0.00309685 7.185
-0.00307059 7.05949
-0.00304434 6.93398
-0.00301808 6.80847
-0.00299183 6.68296
-0.00296557 6.55745
-0.00293932 6.43193
-0.00291306 6.30642
-0.00288681 6.18091
-0.00286055 6.0554
-0.0028343 5.92989
-0.00280804 5.80438
-0.00278179 5.67887
-0.00275553 5.55336
-0.00272928 5.42785
-0.00270302 5.30233
-0.00267677 5.17682
-0.00265051 5.05131
-0.00262426 4.9258
-0.002598 4.80029
-0.00257175 4.67478
-0.00254549 4.54927
-0.00251924 4.42376
-0.00249298 4.29825
-0.00246673 4.17274
-0.00244047 4.04722
-0.00241422 3.92171
-0.00238796 3.7962
-0.00236171 3.67069
-0.00233545 3.54518
-0.0023092 3.41967
-0.00228294 3.29416
-0.00225669 3.16865
-0.00223043 3.04314
-0.00220418 2.91763
-0.00217792 2.79211
-0.00215167 2.6666
-0.00212541 2.54109
-0.00209916 2.41558
-0.0020729 2.29007
-0.00204665 2.16456
-0.00202039 2.03905
-0.00199414 1.91354
-0.00196788 1.78803
-0.00194163 1.66251
-0.00191537 1.537
-0.00188911 1.41149
-0.00186286 1.28598
-0.0018366 1.16047
-0.00181035 1.03496
-0.00178409 0.909449
-0.00175784 0.783938
-0.00173158 0.658427
-0.00170533 0.532915
-0.00167907 0.407404
-0.00165282 0.281893
-0.00162656 0.156382
-0.00160031 0.0308713
-0.001575 0
-0.00155 0
-0.001525 0
-0.0015 0
-0.001475 0
-0.00145 0
-0.001425 0
-0.0014 0
-0.001375 0
-0.00135 0
-0.001325 0
-0.0013 0
-0.001275 0
-0.00125 0
-0.001225 0
-0.0012 0
-0.001175 0
-0.00115 0
-0.001125 0
-0.0011 0
-0.001075 0
-0.00105 0
-0.001025 0
-0.001 0
-0.000975 0
-0.00095 0
-0.000925 0
-0.0009 0
-0.000875 0
-0.00085 0
-0.000825 0
-0.0008 0
-0.000775 0
-0.00075 0
-0.000725 0
-0.0007 0
-0.000675 0
-0.00065 0
-0.000625 0
-0.0006 0
-0.000575 0
-0.00055 0
-0.000525 0
-0.0005 0
-0.000475 0
-0.00045 0
-0.000425 0
-0.0004 0
-0.000375 0
-0.00035 0
-0.000325 0
-0.0003 0
-0.000275 0
-0.00025 0
-0.000225 0
-0.0002 0
-0.000175 0
-0.00015 0
-0.000125 0
-0.0001 0
-7.5e-05 0
-5e-05 0
-2.5e-05 0
-6.09864e-20 0
2.5e-05 0
5e-05 0
7.5e-05 0
0.0001 0
0.000125 0
0.00015 0
0.000175 0
0.0002 0
0.000225 0
0.00025 0
0.000275 0
0.0003 0
0.000325 0
0.00035 0
0.000375 0
0.0004 0
0.000425 0
0.00045 0
0.000475 0
0.0005 0
0.000475 0
0.00045 0
0.000425 0
0.0004 0
0.000375 0
0.00035 0
0.000325 0
0.0003 0
0.000275 0
0.00025 0
0.000225 0
0.0002 0
0.000175 0
0.00015 0
0.000125 0
0.0001 0
7.5e-05 0
5e-05 0
2.5e-05 0
-4.74338e-20 0
-2.5e-05 0
-5e-05 0
-7.5e-05 0
-0.0001 0
-0.000125 0
-0.00015 0
-0.000175 0
-0.0002 0
-0.000225 0
-0.00025 0
-0.000275 0
-0.0003 0
-0.000325 0
-0.00035 0
-0.000375 0
-0.0004 0
-0.000425 0
-0.00045 0
-0.000475 0
-0.0005 0
-0.000525 0
-0.00055 0
-0.000575 0
-0.0006 0
-0.000625 0
-0.00065 0
-0.000675 0
-0.0007 0
-0.000725 0
-0.00075 0
-0.000775 0
-0.0008 0
-0.000825 0
-0.00085 0
-0.000875 0
-0.0009 0
-0.000925 0
-0.00095 0
-0.000975 0
-0.001 0
-0.001025 0
-0.00105 0
-0.001075 0
-0.0011 0
-0.001125 0
-0.00115 0
-0.001175 0
-0.0012 0
-0.001225 0
-0.00125 0
-0.001275 0
-0.0013 0
-0.001325 0
-0.00135 0
-0.001375 0
-0.0014 0
-0.001425 0
-0.00145 0
-0.001475 0
-0.0015 0
-0.001525 0
-0.00155 0
-0.001575 0
-0.00160031 0.0308713
-0.00162656 0.156382
-0.00165282 0.281893
-0.00167907 0.407404
-0.00170533 0.532915
-0.00173158 0.658427
-0.00175784 0.783938
-0.00178409 0.909449
-0.00181035 1.03496
-0.0018366 1.16047
-0.00186286 1.28598
-0.00188911 1.41149
-0.00191537 1.537
-0.00194163 1.66251
-0.00196788 1.78803
-0.00199414 1.91354
-0.00202039 2.03905
-0.00204665 2.16456
-0.0020729 2.29007
-0.00209916 2.41558
-0.00212541 2.54109
-0.00215167 2.6666
-0.00217792 2.79211
-0.00220418 2.91763
-0.00223043 3.04314
-0.00225669 3.16865
-0.00228294 3.29416
-0.0023092 3.41967
-0.00233545 3.54518
-0.00236171 3.67069
-0.00238796 3.7962
-0.00241422 3.92171
-0.00244047 4.04722
-0.00246673 4.17274
-0.00249298 4.29825
-0.00251924 4.42376
-0.00254549 4.54927
-0.00257175 4.67478
-0.002598 4.80029
-0.00262426 4.9258
-0.00265051 5.05131
-0.00267677 5.17682
-0.00270302 5.30233
-0.00272928 5.42785
-0.00275553 5.55336
-0.00278179 5.67887
-0.00280804 5.80438
-0.0028343 5.92989
-0.00286055 6.0554
-0.00288681 6.18091
-0.00291306 6.30642
-0.00293932 6.43193
-0.00296557 6.55745
-0.00299183 6.68296
-0.00301808 6.80847
-0.00304434 6.93398
-0.00307059 7.05949
-0.00309685 7.185
-0.00312311 7.31051
-0.00314936 7.43602
-0.00317562 7.56153
-0.00320187 7.68704
-0.00322813 7.81256
-0.00325438 7.93807
-0.00328064 8.06358
-0.00330689 8.18909
-0.00333315 8.3146
-0.0033594 8.44011
-0.00338566 8.56562
-0.00341191 8.69113
-0.00343817 8.81664
-0.00346442 8.94215
-0.00349068 9.06767
-0.00351693 9.19318
-0.00354319 9.31869
-0.00356944 9.4442
-0.0035957 9.56971
-0.00362195 9.69522
-0.00364821 9.82073
-0.00367446 9.94624
-0.00370072 10.0718
-0.00372697 10.1973
-0.00375323 10.3228
-0.00377948 10.4483
-0.00380574 10.5738
-0.00383199 10.6993
-0.00385825 10.8248
-0.0038845 10.9503
-0.00391076 11.0758
-0.00393701 11.2014
-0.00396327 11.3269
-0.00398952 11.4524
-0.00401578 11.5779
-0.00404203 11.7034
-0.00406829 11.8289
-0.00409454 11.9544
-0.0041208 12.0799
-0.00414705 12.2054
-0.00417331 12.331
-0.00419956 12.4565
-0.00422582 12.582
-0.00425207 12.7075
-0.00427833 12.833
-0.00430459 12.9585
-0.00433084 13.084
-0.0043571 13.2095
-0.00438335 13.335
-0.00440961 13.4606
-0.00443586 13.5861
-0.00446212 13.7116
-0.00448837 13.8371
-0.00451463 13.9626
-0.00454088 14.0881
-0.00456714 14.2136
-0.00459339 14.3391
-0.00461965 14.4646
-0.0046459 14.5902
-0.00467216 14.7157
-0.00469841 14.8412
-0.00472467 14.9667
-0.00475092 15.0922
-0.00477718 15.2177
-0.00480343 15.3432
-0.00482969 15.4687
-0.00485594 15.5942
-0.0048822 15.7198
-0.00490845 15.8453
-0.00493471 15.9708
-0.00496096 16.0963
-0.00498722 16.2218
-0.00501347 16.3473
-0.00503973 16.4728
-0.00506598 16.5983
-0.00509224 16.7238
-0.00511849 16.8493
-0.00514475 16.9749
-0.005171 17.1004
-0.00519545 17.0446
-0.00521989 16.9888
-0.00524433 16.9331
-0.00526877 16.8773
-0.00529322 16.8216
-0.00531766 16.7658
-0.0053421 16.71
-0.00536654 16.6543
-0.00539099 16.5985
-0.00541543 16.5428
-0.00543987 16.487
-0.00546431 16.4312
-0.00548875 16.3755
-0.0055132 16.3197
-0.00553764 16.2639
-0.00556208 16.2082
-0.00558652 16.1524
-0.00561097 16.0967
-0.00563541 16.0409
-0.00565985 15.9851
-0.00568429 15.9294
-0.00570874 15.8736
-0.00573318 15.8178
-0.00575762 15.7621
-0.00578206 15.7063
-0.00580651 15.6506
-0.00583095 15.5948
-0.00585539 15.539
-0.00587983 15.4833
-0.00590428 15.4275
-0.00592872 15.3717
-0.00595316 15.316
-0.0059776 15.2602
-0.00600204 15.2045
-0.00602649 15.1487
-0.00605093 15.0929
-0.00607537 15.0372
-0.00609981 14.9814
-0.00612426 14.9257
-0.0061487 14.8699
-0.00617314 14.8141
-0.00619758 14.7584
-0.00622203 14.7026
-0.00624647 14.6468
-0.00627091 14.5911
-0.00629535 14.5353
-0.0063198 14.4796
-0.00634424 14.4238
-0.00636868 14.368
-0.00639312 14.3123
-0.00636721 14.2208
-0.00634129 14.1293
-0.00631538 14.0378
-0.00628946 13.9463
-0.00626355 13.8548
-0.00623763 13.7634
-0.00621172 13.6719
-0.0061858 13.5804
-0.00615989 13.4889
-0.00613397 13.3974
-0.00610806 13.3059
-0.00608214 13.2144
-0.00605623 13.123
-0.00603031 13.0315
-0.0060044 12.94
-0.00597848 12.8485
-0.00595257 12.757
-0.00592666 12.6655
-0.00590074 12.574
-0.00587483 12.4826
-0.00584891 12.3911
-0.005823 12.2996
-0.00579708 12.2081
-0.00577117 12.1166
-0.00574525 12.0251
-0.00571934 11.9336
-0.00569342 11.8422
-0.00566751 11.7507
-0.00564159 11.6592
-0.00561568 11.5677
-0.00558976 11.4762
-0.00556385 11.3847
-0.00553793 11.2932
-0.00551202 11.2018
-0.0054861 11.1103
-0.00546019 11.0188
-0.00543427 10.9273
-0.00540836 10.8358
-0.00538244 10.7443
-0.00535653 10.6528
-0.00533061 10.5614
-0.0053047 10.4699
-0.00527878 10.3784
-0.00525287 10.2869
-0.00522695 10.1954
-0.00520104 10.1039
-0.00517512 10.0124
-0.00514921 9.92096
-0.00512329 9.82947
-0.00509738 9.73799
-0.00507147 9.6465
-0.00504555 9.55502
-0.00501964 9.46353
-0.00499372 9.37204
-0.00496781 9.28056
-0.00494189 9.18907
-0.00491598 9.09759
-0.00489006 9.0061
-0.00486415 8.91462
-0.00483823 8.82313
-0.00481232 8.73165
-0.0047864 8.64016
-0.00476049 8.54867
-0.00473457 8.45719
-0.00470866 8.3657
-0.00468274 8.27422
-0.00465683 8.18273
-0.00463091 8.09125
-0.004605 7.99976
-0.00457908 7.90828
-0.00455317 7.81679
-0.00452725 7.7253
-0.00450134 7.63382
-0.00447542 7.54233
-0.00444951 7.45085
-0.00442359 7.35936
-0.00439768 7.26788
-0.00437176 7.17639
-0.00434585 7.0849
-0.00431993 6.99342
-0.00429402 6.90193
-0.0042681 6.81045
-0.00424219 6.71896
-0.00421627 6.62748
-0.00419036 6.53599
-0.00416445 6.44451
-0.00413853 6.35302
-0.00411262 6.26153
-0.0040867 6.17005
-0.00406079 6.07856
-0.00403487 5.98708
-0.00400896 5.89559
-0.00398304 5.80411
-0.00395713 5.71262
-0.00393121 5.62113
-0.0039053 5.52965
-0.00387938 5.43816
-0.00385347 5.34668
-0.00382755 5.25519
-0.00380164 5.16371
-0.00377572 5.07222
-0.00374981 4.98074
-0.00372389 4.88925
-0.00369798 4.79776
-0.00367206 4.70628
-0.00364615 4.61479
-0.00362023 4.52331
-0.00359432 4.43182
-0.0035684 4.34034
-0.00354249 4.24885
-0.00351657 4.15737
-0.00349066 4.06588
-0.00346474 3.97439
-0.00343883 3.88291
-0.00341291 3.79142
-0.003387 3.69994
-0.00336108 3.60845
-0.00333517 3.51697
-0.00330925 3.42548
-0.00328334 3.33399
-0.00325743 3.24251
-0.00323151 3.15102
-0.0032056 3.05954
-0.00317968 2.96805
-0.00315377 2.87657
-0.00312785 2.78508
-0.00310194 2.6936
-0.00307602 2.60211
-0.00305011 2.51062
-0.00302419 2.41914
-0.00299828 2.32765
-0.00297236 2.23617
-0.00294645 2.14468
-0.00292053 2.0532
-0.00289462 1.96171
-0.0028687 1.87023
-0.00284279 1.77874
-0.00281687 1.68725
-0.00279096 1.59577
-0.00276504 1.50428
-0.00273913 1.4128
-0.00271321 1.32131
-0.0026873 1.22983
-0.00266138 1.13834
-0.00263547 1.04685
-0.00260955 0.955369
-0.00258364 0.863883
-0.00255772 0.772398
-0.00253181 0.680912
-0.00250589 0.589427
-0.00247998 0.497941
-0.00245406 0.406455
-0.00242815 0.31497
-0.00240223 0.223484
-0.00237632 0.131999
-0.00235041 0.0405129
-0.002325 0
-0.0023 0
-0.002275 0
-0.00225 0
-0.002225 0
-0.0022 0
-0.002175 0
-0.00215 0
-0.002125 0
-0.0021 0
-0.002075 0
-0.00205 0
-0.002025 0
-0.002 0
-0.001975 0
-0.00195 0
-0.001925 0
-0.0019 0
-0.001875 0
-0.00185 0
-0.001825 0
-0.0018 0
-0.001775 0
-0.00175 0
-0.001725 0
-0.0017 0
-0.001675 0
-0.00165 0
-0.001625 0
-0.0016 0
-0.001575 0
-0.00155 0
-0.001525 0
-0.0015 0
-0.001475 0
-0.00145 0
-0.001425 0
-0.0014 0
-0.001375 0
-0.00135 0
-0.001325 0
-0.0013 0
-0.001275 0
-0.00125 0
-0.001225 0
-0.0012 0
-0.001175 0
-0.00115 0
-0.001125 0
-0.0011 0
-0.001075 0
-0.00105 0
-0.001025 0
-0.001 0
-0.000975 0
-0.00095 0
-0.000925 0
-0.0009 0
-0.000875 0
-0.00085 0
-0.000825 0
-0.0008 0
-0.000775 0
-0.00075 0
-0.000725 0
-0.0007 0
-0.000675 0
-0.00065 0
-0.000625 0
-0.0006 0
-0.000575 0
-0.00055 0
-0.000525 0
-0.0005 0
-0.000475 0
-0.00045 0
-0.000425 0
-0.0004 0
-0.000375 0
-0.00035 0
-0.000325 0
-0.0003 0
-0.000275 0
-0.00025 0
-0.000225 0
-0.0002 0
-0.000175 0
-0.00015 0
-0.000125 0
-0.0001 0
-7.5e-05 0
-5e-05 0
-2.5e-05 0
-6.09864e-20 0
2.5e-05 0
5e-05 0
7.5e-05 0
0.0001 0
0.000125 0
0.00015 0
0.000175 0
0.0002 0
0.000225 0
0.00025 0
0.000275 0
0.0003 0
0.000325 0
0.00035 0
0.000375 0
0.0004 0
0.000425 0
0.00045 0
0.000475 0
0.0005 0
0.000525 0
0.00055 0
0.000575 0
0.0006 0
0.000625 0
0.0006 0
0.000575 0
0.00055 0
0.000525 0
0.0005 0
0.000475 0
0.00045 0
0.000425 0
0.0004 0
0.000375 0
0.00035 0
0.000325 0
0.0003 0
0.000275 0
0.00025 0
0.000225 0
0.0002 0
0.000175 0
0.00015 0
0.000125 0
0.0001 0
7.5e-05 0
5e-05 0
2.5e-05 0
-4.74338e-20 0
-2.5e-05 0
-5e-05 0
-7.5e-05 0
-0.0001 0
-0.000125 0
-0.00015 0
-0.000175 0
-0.0002 0
-0.000225 0
-0.00025 0
-0.000275 0
-0.0003 0
-0.000325 0
-0.00035 0
-0.000375 0
-0.0004 0
-0.000425 0
-0.00045 0
-0.000475 0
-0.0005 0
-0.000525 0
-0.00055 0
-0.000575 0
-0.0006 0
-0.000625 0
-0.00065 0
-0.000675 0
-0.0007 0
-0.000725 0
-0.00075 0
-0.000775 0
-0.0008 0
-0.000825 0
-0.00085 0
-0.000875 0
-0.0009 0
-0.000925 0
-0.00095 0
-0.000975 0
-0.001 0
-0.001025 0
-0.00105 0
-0.001075 0
-0.0011 0
-0.001125 0
-0.00115 0
-0.001175 0
-0.0012 0
-0.001225 0
-0.00125 0
-0.001275 0
-0.0013 0
-0.001325 0
-0.00135 0
-0.001375 0
-0.0014 0
-0.001425 0
-0.00145 0
-0.001475 0
-0.0015 0
-0.001525 0
-0.00155 0
-0.001575 0
-0.0016 0
-0.001625 0
-0.00165 0
-0.001675 0
-0.0017 0
-0.001725 0
-0.00175 0
-0.001775 0
-0.0018 0
-0.001825 0
-0.00185 0
-0.001875 0
-0.0019 0
-0.001925 0
-0.00195 0
-0.001975 0
-0.002 0
-0.002025 0
-0.00205 0
-0.002075 0
-0.0021 0
-0.002125 0
-0.00215 0
-0.002175 0
-0.0022 0
-0.002225 0
-0.00225 0
-0.002275 0
-0.0023 0
-0.002325 0
-0.00235041 0.0405129
-0.00237632 0.131999
-0.00240223 0.223484
-0.00242815 0.31497
-0.00245406 0.406455
-0.00247998 0.497941
-0.00250589 0.589427
-0.00253181 0.680912
-0.00255772 0.772398
-0.00258364 0.863883
-0.00260955 0.955369
-0.00263547 1.04685
-0.00266138 1.13834
-0.0026873 1.22983
-0.00271321 1.32131
-0.00273913 1.4128
-0.00276504 1.50428
-0.00279096 1.59577
-0.00281687 1.68725
-0.00284279 1.77874
-0.0028687 1.87023
-0.00289462 1.96171
-0.00292053 2.0532
-0.00294645 2.14468
-0.00297236 2.23617
-0.00299828 2.32765
-0.00302419 2.41914
-0.00305011 2.51062
-0.00307602 2.60211
-0.00310194 2.6936
-0.00312785 2.78508
-0.00315377 2.87657
-0.00317968 2.96805
-0.0032056 3.05954
-0.00323151 3.15102
-0.00325743 3.24251
-0.00328334 3.33399
-0.00330925 3.42548
-0.00333517 3.51697
-0.00336108 3.60845
-0.003387 3.69994
-0.00341291 3.79142
-0.00343883 3.88291
-0.00346474 3.97439
-0.00349066 4.06588
-0.00351657 4.15737
-0.00354249 4.24885
-0.0035684 4.34034
-0.00359432 4.43182
-0.00362023 4.52331
-0.00364615 4.61479
-0.00367206 4.70628
-0.00369798 4.79776
-0.00372389 4.88925
-0.00374981 4.98074
-0.00377572 5.07222
-0.00380164 5.16371
-0.00382755 5.25519
-0.00385347 5.34668
-0.00387938 5.43816
-0.0039053 5.52965
-0.00393121 5.62113
-0.00395713 5.71262
-0.00398304 5.80411
-0.00400896 5.89559
-0.00403487 5.98708
-0.00406079 6.07856
-0.0040867 6.17005
-0.00411262 6.26153
-0.00413853 6.35302
-0.00416445 6.44451
-0.00419036 6.53599
-0.00421627 6.62748
-0.00424219 6.71896
-0.0042681 6.81045
-0.00429402 6.90193
-0.00431993 6.99342
-0.00434585 7.0849
-0.00437176 7.17639
-0.00439768 7.26788
-0.00442359 7.35936
-0.00444951 7.45085
-0.00447542 7.54233
-0.00450134 7.63382
-0.00452725 7.7253
-0.00455317 7.81679
-0.00457908 7.90828
-0.004605 7.99976
-0.00463091 8.09125
-0.00465683 8.18273
-0.00468274 8.27422
-0.00470866 8.3657
-0.00473457 8.45719
-0.00476049 8.54867
-0.0047864 8.64016
-0.00481232 8.73165
-0.00483823 8.82313
-0.00486415 8.91462
-0.00489006 9.0061
-0.00491598 9.09759
-0.00494189 9.18907
-0.00496781 9.28056
-0.00499372 9.37204
-0.00501964 9.46353
-0.00504555 9.55502
-0.00507147 9.6465
-0.00509738 9.73799
-0.00512329 9.82947
-0.00514921 9.92096
-0.00517512 10.0124
-0.00520104 10.1039
-0.00522695 10.1954
-0.00525287 10.2869
-0.00527878 10.3784
-0.0053047 10.4699
-0.00533061 10.5614
-0.00535653 10.6528
-0.00538244 10.7443
-0.00540836 10.8358
-0.00543427 10.9273
-0.00546019 11.0188
-0.0054861 11.1103
-0.00551202 11.2018
-0.00553793 11.2932
-0.00556385 11.3847
-0.00558976 11.4762
-0.00561568 11.5677
-0.00564159 11.6592
-0.00566751 11.7507
-0.00569342 11.8422
-0.00571934 11.9336
-0.00574525 12.0251
-0.00577117 12.1166
-0.00579708 12.2081
-0.005823 12.2996
-0.00584891 12.3911
-0.00587483 12.4826
-0.00590074 12.574
-0.00592666 12.6655
-0.00595257 12.757
-0.00597848 12.8485
-0.0060044 12.94
-0.00603031 13.0315
-0.00605623 13.123
-0.00608214 13.2144
-0.00610806 13.3059
-0.00613397 13.3974
-0.00615989 13.4889
-0.0061858 13.5804
-0.00621172 13.6719
-0.00623763 13.7634
-0.00626355 13.8548
-0.00628946 13.9463
-0.00631538 14.0378
-0.00634129 14.1293
-0.00636721 14.2208
-0.00639312 14.3123
-0.00641757 14.2565
-0.00644201 14.2007
-0.00646645 14.145
-0.00649089 14.0892
-0.00651533 14.0335
-0.00653978 13.9777
-0.00656422 13.9219
-0.00658866 13.8662
-0.0066131 13.8104
-0.00663755 13.7546
-0.00666199 13.6989
-0.00668643 13.6431
-0.00671087 13.5874
-0.00673532 13.5316
-0.00675976 13.4758
-0.0067842 13.4201
-0.00680864 13.3643
-0.00683309 13.3086
-0.00685753 13.2528
-0.00688197 13.197
-0.00690641 13.1413
-0.00693086 13.0855
-0.0069553 13.0297
-0.00697974 12.974
-0.00700418 12.9182
-0.00702862 12.8625
-0.00705307 12.8067
-0.00707751 12.7509
-0.00710195 12.6952
-0.00712639 12.6394
-0.00715084 12.5836
-0.00717528 12.5279
-0.00719972 12.4721
-0.00722416 12.4164
-0.00724861 12.3606
-0.00727305 12.3048
-0.00729749 12.2491
-0.00732193 12.1933
-0.00734638 12.1375
-0.00737082 12.0818
-0.00739526 12.026
-0.0074197 11.9703
-0.00744414 11.9145
-0.00746859 11.8587
-0.00749303 11.803
-0.00751747 11.7472
-0.00754191 11.6914
-0.00756636 11.6357
-0.0075908 11.5799
-0.00761524 11.5242
-0.00758957 11.4573
-0.0075639 11.3904
-0.00753824 11.3236
-0.00751257 11.2567
-0.0074869 11.1899
-0.00746123 11.123
-0.00743556 11.0561
-0.00740989 10.9893
-0.00738422 10.9224
-0.00735856 10.8555
-0.00733289 10.7887
-0.00730722 10.7218
-0.00728155 10.655
-0.00725588 10.5881
-0.00723021 10.5212
-0.00720454 10.4544
-0.00717888 10.3875
-0.00715321 10.3207
-0.00712754 10.2538
-0.00710187 10.1869
-0.0070762 10.1201
-0.00705053 10.0532
-0.00702486 9.98635
-0.00699919 9.91949
-0.00697353 9.85263
-0.00694786 9.78577
-0.00692219 9.71891
-0.00689652 9.65204
-0.00687085 9.58518
-0.00684518 9.51832
-0.00681951 9.45146
-0.00679385 9.3846
-0.00676818 9.31774
-0.00674251 9.25088
-0.00671684 9.18402
-0.00669117 9.11715
-0.0066655 9.05029
-0.00663983 8.98343
-0.00661417 8.91657
-0.0065885 8.84971
-0.00656283 8.78285
-0.00653716 8.71599
-0.00651149 8.64912
-0.00648582 8.58226
-0.00646015 8.5154
-0.00643449 8.44854
-0.00640882 8.38168
-0.00638315 8.31482
-0.00635748 8.24796
-0.00633181 8.18109
-0.00630614 8.11423
-0.00628047 8.04737
-0.00625481 7.98051
-0.00622914 7.91365
-0.00620347 7.84679
-0.0061778 7.77993
-0.00615213 7.71306
-0.00612646 7.6462
-0.00610079 7.57934
-0.00607512 7.51248
-0.00604946 7.44562
-0.00602379 7.37876
-0.00599812 7.3119
-0.00597245 7.24503
-0.00594678 7.17817
-0.00592111 7.11131
-0.00589544 7.04445
-0.00586978 6.97759
-0.00584411 6.91073
-0.00581844 6.84387
-0.00579277 6.77701
-0.0057671 6.71014
-0.00574143 6.64328
-0.00571576 6.57642
-0.0056901 6.50956
-0.00566443 6.4427
-0.00563876 6.37584
-0.00561309 6.30898
-0.00558742 6.24211
-0.00556175 6.17525
-0.00553608 6.10839
-0.00551042 6.04153
-0.00548475 5.97467
-0.00545908 5.90781
-0.00543341 5.84095
-0.00540774 5.77408
-0.00538207 5.70722
-0.0053564 5.64036
-0.00533074 5.5735
-0.00530507 5.50664
-0.0052794 5.43978
-0.00525373 5.37292
-0.00522806 5.30605
-0.00520239 5.23919
-0.00517672 5.17233
-0.00515105 5.10547
-0.00512539 5.03861
-0.00509972 4.97175
-0.00507405 4.90489
-0.00504838 4.83803
-0.00502271 4.77116
-0.00499704 4.7043
-0.00497137 4.63744
-0.00494571 4.57058
-0.00492004 4.50372
-0.00489437 4.43686
-0.0048687 4.37
-0.00484303 4.30313
-0.00481736 4.23627
-0.00479169 4.16941
-0.00476603 4.10255
-0.00474036 4.03569
-0.00471469 3.96883
-0.00468902 3.90197
-0.00466335 3.8351
-0.00463768 3.76824
-0.00461201 3.70138
-0.00458635 3.63452
-0.00456068 3.56766
-0.00453501 3.5008
-0.00450934 3.43394
-0.00448367 3.36707
-0.004458 3.30021
-0.00443233 3.23335
-0.00440666 3.16649
-0.004381 3.09963
-0.00435533 3.03277
-0.00432966 2.96591
-0.00430399 2.89904
-0.00427832 2.83218
-0.00425265 2.76532
-0.00422698 2.69846
-0.00420132 2.6316
-0.00417565 2.56474
-0.00414998 2.49788
-0.00412431 2.43102
-0.00409864 2.36415
-0.00407297 2.29729
-0.0040473 2.23043
-0.00402164 2.16357
-0.00399597 2.09671
-0.0039703 2.02985
-0.00394463 1.96299
-0.00391896 1.89612
-0.00389329 1.82926
-0.00386762 1.7624
-0.00384196 1.69554
-0.00381629 1.62868
-0.00379062 1.56182
-0.00376495 1.49496
-0.00373928 1.42809
-0.00371361 1.36123
-0.00368794 1.29437
-0.00366228 1.22751
-0.00363661 1.16065
-0.00361094 1.09379
-0.00358527 1.02693
-0.0035596 0.960065
-0.00353393 0.893203
-0.00350826 0.826342
-0.00348259 0.759481
-0.00345693 0.692619
-0.00343126 0.625758
-0.00340559 0.558897
-0.00337992 0.492035
-0.00335425 0.425174
-0.00332858 0.358312
-0.00330291 0.291451
-0.00327725 0.22459
-0.00325158 0.157728
-0.00322591 0.0908669
-0.00320024 0.0240055
-0.003175 0
-0.00315 0
-0.003125 0
-0.0031 0
-0.003075 0
-0.00305 0
-0.003025 0
-0.003 0
-0.002975 0
-0.00295 0
-0.002925 0
-0.0029 0
-0.002875 0
-0.00285 0
-0.002825 0
-0.0028 0
-0.002775 0
-0.00275 0
-0.002725 0
-0.0027 0
-0.002675 0
-0.00265 0
-0.002625 0
-0.0026 0
-0.002575 0
-0.00255 0
-0.002525 0
-0.0025 0
-0.002475 0
-0.00245 0
-0.002425 0
-0.0024 0
-0.002375 0
-0.00235 0
-0.002325 0
-0.0023 0
-0.002275 0
-0.00225 0
-0.002225 0
-0.0022 0
-0.002175 0
-0.00215 0
-0.002125 0
-0.0021 0
-0.002075 0
-0.00205 0
-0.002025 0
-0.002 0
-0.001975 0
-0.00195 0
-0.001925 0
-0.0019 0
-0.001875 0
-0.00185 0
-0.001825 0
-0.0018 0
-0.001775 0
-0.00175 0
-0.001725 0
-0.0017 0
-0.001675 0
-0.00165 0
-0.001625 0
-0.0016 0
-0.001575 0
-0.00155 0
-0.001525 0
-0.0015 0
-0.001475 0
-0.00145 0
-0.001425 0
-0.0014 0
-0.001375 0
-0.00135 0
-0.001325 0
-0.0013 0
-0.001275 0
-0.00125 0
-0.001225 0
-0.0012 0
-0.001175 0
-0.00115 0
-0.001125 0
-0.0011 0
-0.001075 0
-0.00105 0
-0.001025 0
-0.001 0
-0.000975 0
-0.00095 0
-0.000925 0
-0.0009 0
-0.000875 0
-0.00085 0
-0.000825 0
-0.0008 0
-0.000775 0
-0.00075 0
-0.000725 0
-0.0007 0
-0.000675 0
-0.00065 0
-0.000625 0
-0.0006 0
-0.000575 0
-0.00055 0
-0.000525 0
-0.0005 0
-0.000475 0
-0.00045 0
-0.000425 0
-0.0004 0
-0.000375 0
-0.00035 0
-0.000325 0
-0.0003 0
-0.000275 0
-0.00025 0
-0.000225 0
-0.0002 0
-0.000175 0
-0.00015 0
-0.000125 0
-0.0001 0
-7.5e-05 0
-5e-05 0
-2.5e-05 0
-6.09864e-20 0
2.5e-05 0
5e-05 0
7.5e-05 0
0.0001 0
0.000125 0
0.00015 0
0.000175 0
0.0002 0
0.000225 0
0.00025 0
0.000275 0
0.0003 0
0.000325 0
0.00035 0
0.000375 0
0.0004 0
0.000425 0
0.00045 0
0.000475 0
0.0005 0
0.000525 0
0.00055 0
0.000575 0
0.0006 0
0.000625 0
0.00065 0
0.000675 0
0.0007 0
0.000725 0
0.00075 0
0.000725 0
0.0007 0
0.000675 0
0.00065 0
0.000625 0
0.0006 0
0.000575 0
0.00055 0
0.000525 0
0.0005 0
0.000475 0
0.00045 0
0.000425 0
0.0004 0
0.000375 0
0.00035 0
0.000325 0
0.0003 0
0.000275 0
0.00025 0
0.000225 0
0.0002 0
0.000175 0
0.00015 0
0.000125 0
0.0001 0
7.5e-05 0
5e-05 0
2.5e-05 0
-4.74338e-20 0
-2.5e-05 0
-5e-05 0
-7.5e-05 0
-0.0001 0
-0.000125 0
-0.00015 0
-0.000175 0
-0.0002 0
-0.000225 0
-0.00025 0
-0.000275 0
-0.0003 0
-0.000325 0
-0.00035 0
-0.000375 0
-0.0004 0
-0.000425 0
-0.00045 0
-0.000475 0
-0.0005 0
-0.000525 0
-0.00055 0
-0.000575 0
-0.0006 0
-0.000625 0
-0.00065 0
-0.000675 0
-0.0007 0
-0.000725 0
-0.00075 0
-0.000775 0
-0.0008 0
-0.000825 0
-0.00085 0
-0.000875 0
-0.0009 0
-0.000925 0
-0.00095 0
-0.000975 0
-0.001 0
-0.001025 0
-0.00105 0
-0.001075 0
-0.0011 0
-0.001125 0
-0.00115 0
-0.001175 0
-0.0012 0
-0.001225 0
-0.00125 0
-0.001275 0
-0.0013 0
-0.001325 0
-0.00135 0
-0.001375 0
-0.0014 0
-0.001425 0
-0.00145 0
-0.001475 0
-0.0015 0
-0.001525 0
-0.00155 0
-0.001575 0
-0.0016 0
-0.001625 0
-0.00165 0
-0.001675 0
-0.0017 0
-0.001725 0
-0.00175 0
-0.001775 0
-0.0018 0
-0.001825 0
-0.00185 0
-0.001875 0
-0.0019 0
-0.001925 0
-0.00195 0
-0.001975 0
-0.002 0
-0.002025 0
-0.00205 0
-0.002075 0
-0.0021 0
-0.002125 0
-0.00215 0
-0.002175 0
-0.0022 0
-0.002225 0
-0.00225 0
-0.002275 0
-0.0023 0
-0.002325 0
-0.00235 0
-0.002375 0
-0.0024 0
-0.002425 0
-0.00245 0
-0.002475 0
-0.0025 0
-0.002525 0
-0.00255 0
-0.002575 0
-0.0026 0
-0.002625 0
-0.00265 0
-0.002675 0
-0.0027 0
-0.002725 0
-0.00275 0
-0.002775 0
-0.0028 0
-0.002825 0
-0.00285 0
-0.002875 0
-0.0029 0
-0.002925 0
-0.00295 0
-0.002975 0
-0.003 0
-0.003025 0
-0.00305 0
-0.003075 0
-0.0031 0
-0.003125 0
-0.00315 0
-0.003175 0
-0.00320024 0.0240055
-0.00322591 0.0908669
-0.00325158 0.157728
-0.00327725 0.22459
-0.00330291 0.291451
-0.00332858 0.358312
-0.00335425 0.425174
-0.00337992 0.492035
-0.00340559 0.558897
-0.00343126 0.625758
-0.00345693 0.692619
-0.00348259 0.759481
-0.00350826 0.826342
-0.00353393 0.893203
-0.0035596 0.960065
-0.00358527 1.02693
-0.00361094 1.09379
-0.00363661 1.16065
-0.00366228 1.22751
-0.00368794 1.29437
-0.00371361 1.36123
-0.00373928 1.42809
-0.00376495 1.49496
-0.00379062 1.56182
-0.00381629 1.62868
-0.00384196 1.69554
-0.00386762 1.7624
-0.00389329 1.82926
-0.00391896 1.89612
-0.00394463 1.96299
-0.0039703 2.02985
-0.00399597 2.09671
-0.00402164 2.16357
-0.0040473 2.23043
-0.00407297 2.29729
-0.00409864 2.36415
-0.00412431 2.43102
-0.00414998 2.49788
-0.00417565 2.56474
-0.00420132 2.6316
-0.00422698 2.69846
-0.00425265 2.76532
-0.00427832 2.83218
-0.00430399 2.89904
-0.00432966 2.96591
-0.00435533 3.03277
-0.004381 3.09963
-0.00440666 3.16649
-0.00443233 3.23335
-0.004458 3.30021
-0.00448367 3.36707
-0.00450934 3.43394
-0.00453501 3.5008
-0.00456068 3.56766
-0.00458635 3.63452
-0.00461201 3.70138
-0.00463768 3.76824
-0.00466335 3.8351
-0.00468902 3.90197
-0.00471469 3.96883
-0.00474036 4.03569
-0.00476603 4.10255
-0.00479169 4.16941
-0.00481736 4.23627
-0.00484303 4.30313
-0.0048687 4.37
-0.00489437 4.43686
-0.00492004 4.50372
-0.00494571 4.57058
-0.00497137 4.63744
-0.00499704 4.7043
-0.00502271 4.77116
-0.00504838 4.83803
-0.00507405 4.90489
-0.00509972 4.97175
-0.00512539 5.03861
-0.00515105 5.10547
-0.00517672 5.17233
-0.00520239 5.23919
-0.00522806 5.30605
-0.00525373 5.37292
-0.0052794 5.43978
-0.00530507 5.50664
-0.00533074 5.5735
-0.0053564 5.64036
-0.00538207 5.70722
-0.00540774 5.77408
-0.00543341 5.84095
-0.00545908 5.90781
-0.00548475 5.97467
-0.00551042 6.04153
-0.00553608 6.10839
-0.00556175 6.17525
-0.00558742 6.24211
-0.00561309 6.30898
-0.00563876 6.37584
-0.00566443 6.4427
-0.0056901 6.50956
-0.00571576 6.57642
-0.00574143 6.64328
-0.0057671 6.71014
-0.00579277 6.77701
-0.00581844 6.84387
-0.00584411 6.91073
-0.00586978 6.97759
-0.00589544 7.04445
-0.00592111 7.11131
-0.00594678 7.17817
-0.00597245 7.24503
-0.00599812 7.3119
-0.00602379 7.37876
-0.00604946 7.44562
-0.00607512 7.51248
-0.00610079 7.57934
-0.00612646 7.6462
-0.00615213 7.71306
-0.0061778 7.77993
-0.00620347 7.84679
-0.00622914 7.91365
-0.00625481 7.98051
-0.00628047 8.04737
-0.00630614 8.11423
-0.00633181 8.18109
-0.00635748 8.24796
-0.00638315 8.31482
-0.00640882 8.38168
-0.00643449 8.44854
-0.00646015 8.5154
-0.00648582 8.58226
-0.00651149 8.64912
-0.00653716 8.71599
-0.00656283 8.78285
-0.0065885 8.84971
-0.00661417 8.91657
-0.00663983 8.98343
-0.0066655 9.05029
-0.00669117 9.11715
-0.00671684 9.18402
-0.00674251 9.25088
-0.00676818 9.31774
-0.00679385 9.3846
-0.00681951 9.45146
-0.00684518 9.51832
-0.00687085 9.58518
-0.00689652 9.65204
-0.00692219 9.71891
-0.00694786 9.78577
-0.00697353 9.85263
-0.00699919 9.91949
-0.00702486 9.98635
-0.00705053 10.0532
-0.0070762 10.1201
-0.00710187 10.1869
-0.00712754 10.2538
-0.00715321 10.3207
-0.00717888 10.3875
-0.00720454 10.4544
-0.00723021 10.5212
-0.00725588 10.5881
-0.00728155 10.655
-0.00730722 10.7218
-0.00733289 10.7887
-0.00735856 10.8555
-0.00738422 10.9224
-0.00740989 10.9893
-0.00743556 11.0561
-0.00746123 11.123
-0.0074869 11.1899
-0.00751257 11.2567
-0.00753824 11.3236
-0.0075639 11.3904
-0.00758957 11.4573
-0.00761524 11.5242
-0.00763968 11.4684
-0.00766413 11.4126
-0.00768857 11.3569
-0.00771301 11.3011
-0.00773745 11.2454
-0.0077619 11.1896
-0.00778634 11.1338
-0.00781078 11.0781
-0.00783522 11.0223
-0.00785967 10.9665
-0.00788411 10.9108
-0.00790855 10.855
-0.00793299 10.7993
-0.00795743 10.7435
-0.00798188 10.6877
-0.00800632 10.632
-0.00803076 10.5762
-0.0080552 10.5204
-0.00807965 10.4647
-0.00810409 10.4089
-0.00812853 10.3532
-0.00815297 10.2974
-0.00817742 10.2416
-0.00820186 10.1859
-0.0082263 10.1301
-0.00825074 10.0743
-0.00827519 10.0186
-0.00829963 9.96283
-0.00832407 9.90706
-0.00834851 9.8513
-0.00837296 9.79554
-0.0083974 9.73978
-0.00842184 9.68401
-0.00844628 9.62825
-0.00847072 9.57249
-0.00849517 9.51673
-0.00851961 9.46097
-0.00854405 9.4052
-0.00856849 9.34944
-0.00859294 9.29368
-0.00861738 9.23792
-0.00864182 9.18216
-0.00866626 9.12639
-0.00869071 9.07063
-0.00871515 9.01487
-0.00873959 8.95911
-0.00876403 8.90335
-0.00878848 8.84758
-0.00881292 8.79182
-0.00883736 8.73606
-0.00881189 8.68915
-0.00878642 8.64223
-0.00876095 8.59532
-0.00873548 8.54841
-0.00871001 8.5015
-0.00868455 8.45458
-0.00865908 8.40767
-0.00863361 8.36076
-0.00860814 8.31385
-0.00858267 8.26694
-0.0085572 8.22002
-0.00853173 8.17311
-0.00850626 8.1262
-0.00848079 8.07929
-0.00845532 8.03237
-0.00842985 7.98546
-0.00840439 7.93855
-0.00837892 7.89164
-0.00835345 7.84472
-0.00832798 7.79781
-0.00830251 7.7509
-0.00827704 7.70399
-0.00825157 7.65707
-0.0082261 7.61016
-0.00820063 7.56325
-0.00817516 7.51634
-0.00814969 7.46942
-0.00812423 7.42251
-0.00809876 7.3756
-0.00807329 7.32869
-0.00804782 7.28177
-0.00802235 7.23486
-0.00799688 7.18795
-0.00797141 7.14104
-0.00794594 7.09412
-0.00792047 7.04721
-0.007895 7.0003
-0.00786953 6.95339
-0.00784406 6.90647
-0.0078186 6.85956
-0.00779313 6.81265
-0.00776766 6.76574
-0.00774219 6.71882
-0.00771672 6.67191
-0.00769125 6.625
-0.00766578 6.57809
-0.00764031 6.53118
-0.00761484 6.48426
-0.00758937 6.43735
-0.0075639 6.39044
-0.00753844 6.34353
-0.00751297 6.29661
-0.0074875 6.2497
-0.00746203 6.20279
-0.00743656 6.15588
-0.00741109 6.10896
-0.00738562 6.06205
-0.00736015 6.01514
-0.00733468 5.96823
-0.00730921 5.92131
-0.00728374 5.8744
-0.00725827 5.82749
-0.00723281 5.78058
-0.00720734 5.73366
-0.00718187 5.68675
-0.0071564 5.63984
-0.00713093 5.59293
-0.00710546 5.54601
-0.00707999 5.4991
-0.00705452 5.45219
-0.00702905 5.40528
-0.00700358 5.35836
-0.00697811 5.31145
-0.00695265 5.26454
-0.00692718 5.21763
-0.00690171 5.17071
-0.00687624 5.1238
-0.00685077 5.07689
-0.0068253 5.02998
-0.00679983 4.98306
-0.00677436 4.93615
-0.00674889 4.88924
-0.00672342 4.84233
-0.00669795 4.79542
-0.00667249 4.7485
-0.00664702 4.70159
-0.00662155 4.65468
-0.00659608 4.60777
-0.00657061 4.56085
-0.00654514 4.51394
-0.00651967 4.46703
-0.0064942 4.42012
-0.00646873 4.3732
-0.00644326 4.32629
-0.00641779 4.27938
-0.00639232 4.23247
-0.00636686 4.18555
-0.00634139 4.13864
-0.00631592 4.09173
-0.00629045 4.04482
-0.00626498 3.9979
-0.00623951 3.95099
-0.00621404 3.90408
-0.00618857 3.85717
-0.0061631 3.81025
-0.00613763 3.76334
-0.00611216 3.71643
-0.0060867 3.66952
-0.00606123 3.6226
-0.00603576 3.57569
-0.00601029 3.52878
-0.00598482 3.48187
-0.00595935 3.43495
-0.00593388 3.38804
-0.00590841 3.34113
-0.00588294 3.29422
-0.00585747 3.2473
-0.005832 3.20039
-0.00580653 3.15348
-0.00578107 3.10657
-0.0057556 3.05966
-0.00573013 3.01274
-0.00570466 2.96583
-0.00567919 2.91892
-0.00565372 2.87201
-0.00562825 2.82509
-0.00560278 2.77818
-0.00557731 2.73127
-0.00555184 2.68436
-0.00552637 2.63744
-0.00550091 2.59053
-0.00547544 2.54362
-0.00544997 2.49671
-0.0054245 2.44979
-0.00539903 2.40288
-0.00537356 2.35597
-0.00534809 2.30906
-0.00532262 2.26214
-0.00529715 2.21523
-0.00527168 2.16832
-0.00524621 2.12141
-0.00522074 2.07449
-0.00519528 2.02758
-0.00516981 1.98067
-0.00514434 1.93376
-0.00511887 1.88684
-0.0050934 1.83993
-0.00506793 1.79302
-0.00504246 1.74611
-0.00501699 1.69919
-0.00499152 1.65228
-0.00496605 1.60537
-0.00494058 1.55846
-0.00491512 1.51154
-0.00488965 1.46463
-0.00486418 1.41772
-0.00483871 1.37081
-0.00481324 1.3239
-0.00478777 1.27698
-0.0047623 1.23007
-0.00473683 1.18316
-0.00471136 1.13625
-0.00468589 1.08933
-0.00466042 1.04242
-0.00463496 0.995508
-0.00460949 0.948596
-0.00458402 0.901683
-0.00455855 0.854771
-0.00453308 0.807858
-0.00450761 0.760946
-0.00448214 0.714033
-0.00445667 0.667121
-0.0044312 0.620209
-0.00440573 0.573296
-0.00438026 0.526384
-0.00435479 0.479471
-0.00432933 0.432559
-0.00430386 0.385646
-0.00427839 0.338734
-0.00425292 0.291821
-0.00422745 0.244909
-0.00420198 0.197997
-0.00417651 0.151084
-0.00415104 0.104172
-0.00412557 0.0572593
-0.0041001 0.0103469
-0.004075 0
-0.00405 0
-0.004025 0
-0.004 0
-0.003975 0
-0.00395 0
-0.003925 0
-0.0039 0
-0.003875 0
-0.00385 0
-0.003825 0
-0.0038 0
-0.003775 0
-0.00375 0
-0.003725 0
-0.0037 0
-0.003675 0
-0.00365 0
-0.003625 0
-0.0036 0
-0.003575 0
-0.00355 0
-0.003525 0
-0.0035 0
-0.003475 0
-0.00345 0
-0.003425 0
-0.0034 0
-0.003375 0
-0.00335 0
-0.003325 0
-0.0033 0
-0.003275 0
-0.00325 0
-0.003225 0
-0.0032 0
-0.003175 0
-0.00315 0
-0.003125 0
-0.0031 0
-0.003075 0
-0.00305 0
-0.003025 0
-0.003 0
-0.002975 0
-0.00295 0
-0.002925 0
-0.0029 0
-0.002875 0
-0.00285 0
-0.002825 0
-0.0028 0
-0.002775 0
-0.00275 0
-0.002725 0
-0.0027 0
-0.002675 0
-0.00265 0
-0.002625 0
-0.0026 0
-0.002575 0
-0.00255 0
-0.002525 0
-0.0025 0
-0.002475 0
-0.00245 0
-0.002425 0
-0.0024 0
-0.002375 0
-0.00235 0
-0.002325 0
-0.0023 0
-0.002275 0
-0.00225 0
-0.002225 0
-0.0022 0
-0.002175 0
-0.00215 0
-0.002125 0
-0.0021 0
-0.002075 0
-0.00205 0
-0.002025 0
-0.002 0
-0.001975 0
-0.00195 0
-0.001925 0
-0.0019 0
-0.001875 0
-0.00185 0
-0.001825 0
-0.0018 0
-0.001775 0
-0.00175 0
-0.001725 0
-0.0017 0
-0.001675 0
-0.00165 0
-0.001625 0
-0.0016 0
-0.001575 0
-0.00155 0
-0.001525 0
-0.0015 0
-0.001475 0
-0.00145 0
-0.001425 0
-0.0014 0
-0.001375 0
-0.00135 0
-0.001325 0
-0.0013 0
-0.001275 0
-0.00125 0
-0.001225 0
-0.0012 0
-0.001175 0
-0.00115 0
-0.001125 0
-0.0011 0
-0.001075 0
-0.00105 0
-0.001025 0
-0.001 0
-0.000975 0
-0.00095 0
-0.000925 0
-0.0009 0
-0.000875 0
-0.00085 0
-0.000825 0
-0.0008 0
-0.000775 0
-0.00075 0
-0.000725 0
-0.0007 0
-0.000675 0
-0.00065 0
-0.000625 0
-0.0006 0
-0.000575 0
-0.00055 0
-0.000525 0
-0.0005 0
-0.000475 0
-0.00045 0
-0.000425 0
-0.0004 0
-0.000375 0
-0.00035 0
-0.000325 0
-0.0003 0
-0.000275 0
-0.00025 0
-0.000225 0
-0.0002 0
-0.000175 0
-0.00015 0
-0.000125 0
-0.0001 0
-7.5e-05 0
-5e-05 0
-2.5e-05 0
-9.28348e-19 0
2.5e-05 0
5e-05 0
7.5e-05 0
0.0001 0
0.000125 0
0.00015 0
0.000175 0
0.0002 0
0.000225 0
0.00025 0
0.000275 0
0.0003 0
0.000325 0
0.00035 0
0.000375 0
0.0004 0
0.000425 0
0.00045 0
0.000475 0
0.0005 0
0.000525 0
0.00055 0
0.000575 0
0.0006 0
0.000625 0
0.00065 0
0.000675 0
0.0007 0
0.000725 0
0.00075 0
0.000775 0
0.0008 0
0.000825 0
0.00085 0
0.000875 0
0.00085 0
0.000825 0
0.0008 0
0.000775 0
0.00075 0
0.000725 0
0.0007 0
0.000675 0
0.00065 0
0.000625 0
0.0006 0
0.000575 0
0.00055 0
0.000525 0
0.0005 0
0.000475 0
0.00045 0
0.000425 0
0.0004 0
0.000375 0
0.00035 0
0.000325 0
0.0003 0
0.000275 0
0.00025 0
0.000225 0
0.0002 0
0.000175 0
0.00015 0
0.000125 0
0.0001 0
7.5e-05 0
5e-05 0
2.5e-05 0
-9.14796e-19 0
