-2.9823e-05 -2.5e-05
-5.96143e-05 -5e-05
-8.93739e-05 -7.5e-05
-0.000119102 -0.0001
-0.000148797 -0.000125
-0.00017846 -0.00015
-0.000208091 -0.000175
-0.00023769 -0.0002
-0.000267256 -0.000225
-0.000296789 -0.00025
-0.000326289 -0.000275
-0.000355755 -0.0003
-0.000385189 -0.000325
-0.000414589 -0.00035
-0.000443955 -0.000375
-0.000473287 -0.0004
-0.000502586 -0.000425
-0.00053185 -0.00045
-0.00056108 -0.000475
-0.000590276 -0.0005
-0.000619437 -0.000525
-0.000648563 -0.00055
-0.000677654 -0.000575
-0.00070671 -0.0006
-0.00073573 -0.000625
-0.000764715 -0.00065
-0.000793664 -0.000675
-0.000822577 -0.0007
-0.000851455 -0.000725
-0.000880295 -0.00075
-0.0009091 -0.000775
-0.000937868 -0.0008
-0.000966599 -0.000825
-0.000995292 -0.00085
-0.00102395 -0.000875
-0.00105257 -0.0009
-0.00108115 -0.000925
-0.00110969 -0.00095
-0.0011382 -0.000975
-0.00116667 -0.001
-0.0011951 -0.001025
-0.00122349 -0.00105
-0.00125184 -0.001075
-0.00128015 -0.0011
-0.00130842 -0.001125
-0.00133666 -0.00115
-0.00136485 -0.001175
-0.001393 -0.0012
-0.00142112 -0.001225
-0.00144919 -0.00125
-0.00141945 -0.001225
-0.0013897 -0.0012
-0.00135996 -0.001175
-0.00133021 -0.00115
-0.00130046 -0.001125
-0.00127072 -0.0011
-0.00124097 -0.001075
-0.00121123 -0.00105
-0.00118148 -0.001025
-0.00115174 -0.001
-0.00112199 -0.000975
-0.00109225 -0.00095
-0.0010625 -0.000925
-0.00103275 -0.0009
-0.00100301 -0.000875
-0.000973263 -0.00085
-0.000943517 -0.000825
-0.000913771 -0.0008
-0.000884026 -0.000775
-0.00085428 -0.00075
-0.000824535 -0.000725
-0.000794789 -0.0007
-0.000765043 -0.000675
-0.000735298 -0.00065
-0.000705552 -0.000625
-0.000675807 -0.0006
-0.000646061 -0.000575
-0.000616315 -0.00055
-0.00058657 -0.000525
-0.000556824 -0.0005
-0.000527079 -0.000475
-0.000497333 -0.00045
-0.000467587 -0.000425
-0.000437842 -0.0004
-0.000408096 -0.000375
-0.000378351 -0.00035
-0.000348605 -0.000325
-0.000318859 -0.0003
-0.000289114 -0.000275
-0.000259368 -0.00025
-0.000229623 -0.000225
-0.0002 -0.0002
-0.000175 -0.000175
-0.00015 -0.00015
-0.000125 -0.000125
-0.0001 -0.0001
-7.5e-05 -7.5e-05
-5e-05 -5e-05
-2.5e-05 -2.5e-05
-6.09864e-20 -6.09864e-20
2.5e-05 2.5e-05
5e-05 5e-05
7.5e-05 7.5e-05
0.0001 0.0001
0.000125 0.000125
0.0001 0.0001
7.5e-05 7.5e-05
5e-05 5e-05
2.5e-05 2.5e-05
-4.74338e-20 -4.74338e-20
-2.5e-05 -2.5e-05
-5e-05 -5e-05
-7.5e-05 -7.5e-05
-0.0001 -0.0001
-0.000125 -0.000125
-0.00015 -0.00015
-0.000175 -0.000175
-0.0002 -0.0002
-0.000229623 -0.000225
-0.000259368 -0.00025
-0.000289114 -0.000275
-0.000318859 -0.0003
-0.000348605 -0.000325
-0.000378351 -0.00035
-0.000408096 -0.000375
-0.000437842 -0.0004
-0.000467587 -0.000425
-0.000497333 -0.00045
-0.000527079 -0.000475
-0.000556824 -0.0005
-0.00058657 -0.000525
-0.000616315 -0.00055
-0.000646061 -0.000575
-0.000675807 -0.0006
-0.000705552 -0.000625
-0.000735298 -0.00065
-0.000765043 -0.000675
-0.000794789 -0.0007
-0.000824535 -0.000725
-0.00085428 -0.00075
-0.000884026 -0.000775
-0.000913771 -0.0008
-0.000943517 -0.000825
-0.000973263 -0.00085
-0.00100301 -0.000875
-0.00103275 -0.0009
-0.0010625 -0.000925
-0.00109225 -0.00095
-0.00112199 -0.000975
-0.00115174 -0.001
-0.00118148 -0.001025
-0.00121123 -0.00105
-0.00124097 -0.001075
-0.00127072 -0.0011
-0.00130046 -0.001125
-0.00133021 -0.00115
-0.00135996 -0.001175
-0.0013897 -0.0012
-0.00141945 -0.001225
-0.00144919 -0.00125
-0.00147723 -0.001275
-0.00150522 -0.0013
-0.00153317 -0.001325
-0.00156108 -0.00135
-0.00158895 -0.001375
-0.00161677 -0.0014
-0.00164456 -0.001425
-0.0016723 -0.00145
-0.0017 -0.001475
-0.00172766 -0.0015
-0.00175527 -0.001525
-0.00178284 -0.00155
-0.00181037 -0.001575
-0.00183785 -0.0016
-0.00186529 -0.001625
-0.00189269 -0.00165
-0.00192004 -0.001675
-0.00194735 -0.0017
-0.00197461 -0.001725
-0.00200182 -0.00175
-0.002029 -0.001775
-0.00205612 -0.0018
-0.0020832 -0.001825
-0.00211023 -0.00185
-0.00213722 -0.001875
-0.00216416 -0.0019
-0.00219105 -0.001925
-0.00221789 -0.00195
-0.00224469 -0.001975
-0.00227143 -0.002
-0.00229813 -0.002025
-0.00232478 -0.00205
-0.00235139 -0.002075
-0.00237794 -0.0021
-0.00240444 -0.002125
-0.00243089 -0.00215
-0.0024573 -0.002175
-0.00248365 -0.0022
-0.00250995 -0.002225
-0.0025362 -0.00225
-0.0025624 -0.002275
-0.00258854 -0.0023
-0.00261464 -0.002325
-0.00264068 -0.00235
-0.00266667 -0.002375
-0.0026926 -0.0024
-0.00271848 -0.002425
-0.00274431 -0.00245
-0.00277008 -0.002475
-0.0027958 -0.0025
-0.00282146 -0.002525
-0.00284707 -0.00255
-0.00287262 -0.002575
-0.00289812 -0.0026
-0.00292355 -0.002625
-0.00294894 -0.00265
-0.00297426 -0.002675
-0.00299952 -0.0027
-0.00302473 -0.002725
-0.00304988 -0.00275
-0.00307497 -0.002775
-0.0031 -0.0028
-0.00312347 -0.002825
-0.00314693 -0.00285
-0.0031704 -0.002875
-0.00319387 -0.0029
-0.00321733 -0.002925
-0.0032408 -0.00295
-0.00326427 -0.002975
-0.00328774 -0.003
-0.0033112 -0.003025
-0.00333467 -0.00305
-0.00335814 -0.003075
-0.0033816 -0.0031
-0.00340507 -0.003125
-0.00342854 -0.00315
-0.003452 -0.003175
-0.00347547 -0.0032
-0.00349894 -0.003225
-0.00352241 -0.00325
-0.00354587 -0.003275
-0.00356934 -0.0033
-0.00359281 -0.003325
-0.00361627 -0.00335
-0.00363974 -0.003375
-0.00366321 -0.0034
-0.00368667 -0.003425
-0.00371014 -0.00345
-0.00373361 -0.003475
-0.00375708 -0.0035
-0.00378054 -0.003525
-0.00380401 -0.00355
-0.00382748 -0.003575
-0.00385094 -0.0036
-0.00387441 -0.003625
-0.00389788 -0.00365
-0.00392134 -0.003675
-0.00394481 -0.0037
-0.00396828 -0.003725
-0.00399175 -0.00375
-0.0039644 -0.003725
-0.00393706 -0.0037
-0.00390972 -0.003675
-0.00388238 -0.00365
-0.00385503 -0.003625
-0.00382769 -0.0036
-0.00380035 -0.003575
-0.00377301 -0.00355
-0.00374566 -0.003525
-0.00371832 -0.0035
-0.00369098 -0.003475
-0.00366364 -0.00345
-0.00363629 -0.003425
-0.00360895 -0.0034
-0.00358161 -0.003375
-0.00355427 -0.00335
-0.00352692 -0.003325
-0.00349958 -0.0033
-0.00347224 -0.003275
-0.0034449 -0.00325
-0.00341755 -0.003225
-0.00339021 -0.0032
-0.00336287 -0.003175
-0.00333553 -0.00315
-0.00330818 -0.003125
-0.00328084 -0.0031
-0.0032535 -0.003075
-0.00322616 -0.00305
-0.00319881 -0.003025
-0.00317147 -0.003
-0.00314413 -0.002975
-0.00311679 -0.00295
-0.00308945 -0.002925
-0.0030621 -0.0029
-0.00303476 -0.002875
-0.00300742 -0.00285
-0.00298008 -0.002825
-0.00295273 -0.0028
-0.00292539 -0.002775
-0.00289805 -0.00275
-0.00287071 -0.002725
-0.00284336 -0.0027
-0.00281602 -0.002675
-0.00278868 -0.00265
-0.00276134 -0.002625
-0.00273399 -0.0026
-0.00270665 -0.002575
-0.00267931 -0.00255
-0.00265197 -0.002525
-0.00262462 -0.0025
-0.00259728 -0.002475
-0.00256994 -0.00245
-0.0025426 -0.002425
-0.00251525 -0.0024
-0.00248791 -0.002375
-0.00246057 -0.00235
-0.00243323 -0.002325
-0.00240588 -0.0023
-0.00237854 -0.002275
-0.0023512 -0.00225
-0.00232386 -0.002225
-0.00229651 -0.0022
-0.00226917 -0.002175
-0.00224183 -0.00215
-0.00221449 -0.002125
-0.00218715 -0.0021
-0.0021598 -0.002075
-0.00213246 -0.00205
-0.00210512 -0.002025
-0.00207778 -0.002
-0.00205043 -0.001975
-0.00202309 -0.00195
-0.00199575 -0.001925
-0.00196841 -0.0019
-0.00194106 -0.001875
-0.00191372 -0.00185
-0.00188638 -0.001825
-0.00185904 -0.0018
-0.00183169 -0.001775
-0.00180435 -0.00175
-0.00177701 -0.001725
-0.00174967 -0.0017
-0.00172232 -0.001675
-0.00169498 -0.00165
-0.00166764 -0.001625
-0.0016403 -0.0016
-0.00161295 -0.001575
-0.00158561 -0.00155
-0.00155827 -0.001525
-0.00153093 -0.0015
-0.00150358 -0.001475
-0.00147624 -0.00145
-0.0014489 -0.001425
-0.00142156 -0.0014
-0.00139421 -0.001375
-0.00136687 -0.00135
-0.00133953 -0.001325
-0.00131219 -0.0013
-0.00128484 -0.001275
-0.0012575 -0.00125
-0.00123016 -0.001225
-0.00120282 -0.0012
-0.00117548 -0.001175
-0.00115 -0.00115
-0.001125 -0.001125
-0.0011 -0.0011
-0.001075 -0.001075
-0.00105 -0.00105
-0.001025 -0.001025
-0.001 -0.001
-0.000975 -0.000975
-0.00095 -0.00095
-0.000925 -0.000925
-0.0009 -0.0009
-0.000875 -0.000875
-0.00085 -0.00085
-0.000825 -0.000825
-0.0008 -0.0008
-0.000775 -0.000775
-0.00075 -0.00075
-0.000725 -0.000725
-0.0007 -0.0007
-0.000675 -0.000675
-0.00065 -0.00065
-0.000625 -0.000625
-0.0006 -0.0006
-0.000575 -0.000575
-0.00055 -0.00055
-0.000525 -0.000525
-0.0005 -0.0005
-0.000475 -0.000475
-0.00045 -0.00045
-0.000425 -0.000425
-0.0004 -0.0004
-0.000375 -0.000375
-0.00035 -0.00035
-0.000325 -0.000325
-0.0003 -0.0003
-0.000275 -0.000275
-0.00025 -0.00025
-0.000225 -0.000225
-0.0002 -0.0002
-0.000175 -0.000175
-0.00015 -0.00015
-0.000125 -0.000125
-0.0001 -0.0001
-7.5e-05 -7.5e-05
-5e-05 -5e-05
-2.5e-05 -2.5e-05
-6.09864e-20 -6.09864e-20
2.5e-05 2.5e-05
5e-05 5e-05
7.5e-05 7.5e-05
0.0001 0.0001
0.000125 0.000125
0.00015 0.00015
0.000175 0.000175
0.0002 0.0002
0.000225 0.000225
0.00025 0.00025
0.000275 0.000275
0.0003 0.0003
0.000325 0.000325
0.00035 0.00035
0.000375 0.000375
0.00035 0.00035
0.000325 0.000325
0.0003 0.0003
0.000275 0.000275
0.00025 0.00025
0.000225 0.000225
0.0002 0.0002
0.000175 0.000175
0.00015 0.00015
0.000125 0.000125
0.0001 0.0001
7.5e-05 7.5e-05
5e-05 5e-05
2.5e-05 2.5e-05
-4.74338e-20 -4.74338e-20
-2.5e-05 -2.5e-05
-5e-05 -5e-05
-7.5e-05 -7.5e-05
-0.0001 -0.0001
-0.000125 -0.000125
-0.00015 -0.00015
-0.000175 -0.000175
-0.0002 -0.0002
-0.000225 -0.000225
-0.00025 -0.00025
-0.000275 -0.000275
-0.0003 -0.0003
-0.000325 -0.000325
-0.00035 -0.00035
-0.000375 -0.000375
-0.0004 -0.0004
-0.000425 -0.000425
-0.00045 -0.00045
-0.000475 -0.000475
-0.0005 -0.0005
-0.000525 -0.000525
-0.00055 -0.00055
-0.000575 -0.000575
-0.0006 -0.0006
-0.000625 -0.000625
-0.00065 -0.00065
-0.000675 -0.000675
-0.0007 -0.0007
-0.000725 -0.000725
-0.00075 -0.00075
-0.000775 -0.000775
-0.0008 -0.0008
-0.000825 -0.000825
-0.00085 -0.00085
-0.000875 -0.000875
-0.0009 -0.0009
-0.000925 -0.000925
-0.00095 -0.00095
-0.000975 -0.000975
-0.001 -0.001
-0.001025 -0.001025
-0.00105 -0.00105
-0.001075 -0.001075
-0.0011 -0.0011
-0.001125 -0.001125
-0.00115 -0.00115
-0.00117548 -0.001175
-0.00120282 -0.0012
-0.00123016 -0.001225
-0.0012575 -0.00125
-0.00128484 -0.001275
-0.00131219 -0.0013
-0.00133953 -0.001325
-0.00136687 -0.00135
-0.00139421 -0.001375
-0.00142156 -0.0014
-0.0014489 -0.001425
-0.00147624 -0.00145
-0.00150358 -0.001475
-0.00153093 -0.0015
-0.00155827 -0.001525
-0.00158561 -0.00155
-0.00161295 -0.001575
-0.0016403 -0.0016
-0.00166764 -0.001625
-0.00169498 -0.00165
-0.00172232 -0.001675
-0.00174967 -0.0017
-0.00177701 -0.001725
-0.00180435 -0.00175
-0.00183169 -0.001775
-0.00185904 -0.0018
-0.00188638 -0.001825
-0.00191372 -0.00185
-0.00194106 -0.001875
-0.00196841 -0.0019
-0.00199575 -0.001925
-0.00202309 -0.00195
-0.00205043 -0.001975
-0.00207778 -0.002
-0.00210512 -0.002025
-0.00213246 -0.00205
-0.0021598 -0.002075
-0.00218715 -0.0021
-0.00221449 -0.002125
-0.00224183 -0.00215
-0.00226917 -0.002175
-0.00229651 -0.0022
-0.00232386 -0.002225
-0.0023512 -0.00225
-0.00237854 -0.002275
-0.00240588 -0.0023
-0.00243323 -0.002325
-0.00246057 -0.00235
-0.00248791 -0.002375
-0.00251525 -0.0024
-0.0025426 -0.002425
-0.00256994 -0.00245
-0.00259728 -0.002475
-0.00262462 -0.0025
-0.00265197 -0.002525
-0.00267931 -0.00255
-0.00270665 -0.002575
-0.00273399 -0.0026
-0.00276134 -0.002625
-0.00278868 -0.00265
-0.00281602 -0.002675
-0.00284336 -0.0027
-0.00287071 -0.002725
-0.00289805 -0.00275
-0.00292539 -0.002775
-0.00295273 -0.0028
-0.00298008 -0.002825
-0.00300742 -0.00285
-0.00303476 -0.002875
-0.0030621 -0.0029
-0.00308945 -0.002925
-0.00311679 -0.00295
-0.00314413 -0.002975
-0.00317147 -0.003
-0.00319881 -0.003025
-0.00322616 -0.00305
-0.0032535 -0.003075
-0.00328084 -0.0031
-0.00330818 -0.003125
-0.00333553 -0.00315
-0.00336287 -0.003175
-0.00339021 -0.0032
-0.00341755 -0.003225
-0.0034449 -0.00325
-0.00347224 -0.003275
-0.00349958 -0.0033
-0.00352692 -0.003325
-0.00355427 -0.00335
-0.00358161 -0.003375
-0.00360895 -0.0034
-0.00363629 -0.003425
-0.00366364 -0.00345
-0.00369098 -0.003475
-0.00371832 -0.0035
-0.00374566 -0.003525
-0.00377301 -0.00355
-0.00380035 -0.003575
-0.00382769 -0.0036
-0.00385503 -0.003625
-0.00388238 -0.00365
-0.00390972 -0.003675
-0.00393706 -0.0037
-0.0039644 -0.003725
-0.00399175 -0.00375
-0.00401521 -0.003775
-0.00403868 -0.0038
-0.00406215 -0.003825
-0.00408561 -0.00385
-0.00410908 -0.003875
-0.00413255 -0.0039
-0.00415601 -0.003925
-0.00417948 -0.00395
-0.00420295 -0.003975
-0.00422642 -0.004
-0.00424988 -0.004025
-0.00427335 -0.00405
-0.00429682 -0.004075
-0.00432028 -0.0041
-0.00434375 -0.004125
-0.00436722 -0.00415
-0.00439068 -0.004175
-0.00441415 -0.0042
-0.00443762 -0.004225
-0.00446108 -0.00425
-0.00448455 -0.004275
-0.00450802 -0.0043
-0.00453149 -0.004325
-0.00455495 -0.00435
-0.00457842 -0.004375
-0.00460189 -0.0044
-0.00462535 -0.004425
-0.00464882 -0.00445
-0.00467229 -0.004475
-0.00469575 -0.0045
-0.00471922 -0.004525
-0.00474269 -0.00455
-0.00476616 -0.004575
-0.00478962 -0.0046
-0.00481309 -0.004625
-0.00483656 -0.00465
-0.00486002 -0.004675
-0.00488349 -0.0047
-0.00490696 -0.004725
-0.00493042 -0.00475
-0.00495389 -0.004775
-0.00497736 -0.0048
-0.00500083 -0.004825
-0.00502429 -0.00485
-0.00504776 -0.004875
-0.00507123 -0.0049
-0.00509469 -0.004925
-0.00511816 -0.00495
-0.00514163 -0.004975
-0.00516509 -0.005
-0.00513873 -0.004975
-0.00511236 -0.00495
-0.00508599 -0.004925
-0.00505962 -0.0049
-0.00503325 -0.004875
-0.00500688 -0.00485
-0.00498051 -0.004825
-0.00495415 -0.0048
-0.00492778 -0.004775
-0.00490141 -0.00475
-0.00487504 -0.004725
-0.00484867 -0.0047
-0.0048223 -0.004675
-0.00479593 -0.00465
-0.00476956 -0.004625
-0.0047432 -0.0046
-0.00471683 -0.004575
-0.00469046 -0.00455
-0.00466409 -0.004525
-0.00463772 -0.0045
-0.00461135 -0.004475
-0.00458498 -0.00445
-0.00455862 -0.004425
-0.00453225 -0.0044
-0.00450588 -0.004375
-0.00447951 -0.00435
-0.00445314 -0.004325
-0.00442677 -0.0043
-0.0044004 -0.004275
-0.00437403 -0.00425
-0.00434767 -0.004225
-0.0043213 -0.0042
-0.00429493 -0.004175
-0.00426856 -0.00415
-0.00424219 -0.004125
-0.00421582 -0.0041
-0.00418945 -0.004075
-0.00416309 -0.00405
-0.00413672 -0.004025
-0.00411035 -0.004
-0.00408398 -0.003975
-0.00405761 -0.00395
-0.00403124 -0.003925
-0.00400487 -0.0039
-0.0039785 -0.003875
-0.00395214 -0.00385
-0.00392577 -0.003825
-0.0038994 -0.0038
-0.00387303 -0.003775
-0.00384666 -0.00375
-0.00382029 -0.003725
-0.00379392 -0.0037
-0.00376756 -0.003675
-0.00374119 -0.00365
-0.00371482 -0.003625
-0.00368845 -0.0036
-0.00366208 -0.003575
-0.00363571 -0.00355
-0.00360934 -0.003525
-0.00358298 -0.0035
-0.00355661 -0.003475
-0.00353024 -0.00345
-0.00350387 -0.003425
-0.0034775 -0.0034
-0.00345113 -0.003375
-0.00342476 -0.00335
-0.00339839 -0.003325
-0.00337203 -0.0033
-0.00334566 -0.003275
-0.00331929 -0.00325
-0.00329292 -0.003225
-0.00326655 -0.0032
-0.00324018 -0.003175
-0.00321381 -0.00315
-0.00318745 -0.003125
-0.00316108 -0.0031
-0.00313471 -0.003075
-0.00310834 -0.00305
-0.00308197 -0.003025
-0.0030556 -0.003
-0.00302923 -0.002975
-0.00300286 -0.00295
-0.0029765 -0.002925
-0.00295013 -0.0029
-0.00292376 -0.002875
-0.00289739 -0.00285
-0.00287102 -0.002825
-0.00284465 -0.0028
-0.00281828 -0.002775
-0.00279192 -0.00275
-0.00276555 -0.002725
-0.00273918 -0.0027
-0.00271281 -0.002675
-0.00268644 -0.00265
-0.00266007 -0.002625
-0.0026337 -0.0026
-0.00260734 -0.002575
-0.00258097 -0.00255
-0.0025546 -0.002525
-0.00252823 -0.0025
-0.00250186 -0.002475
-0.00247549 -0.00245
-0.00244912 -0.002425
-0.00242275 -0.0024
-0.00239639 -0.002375
-0.00237002 -0.00235
-0.00234365 -0.002325
-0.00231728 -0.0023
-0.00229091 -0.002275
-0.00226454 -0.00225
-0.00223817 -0.002225
-0.00221181 -0.0022
-0.00218544 -0.002175
-0.00215907 -0.00215
-0.0021327 -0.002125
-0.00210633 -0.0021
-0.00207996 -0.002075
-0.00205359 -0.00205
-0.00202722 -0.002025
-0.00200086 -0.002
-0.001975 -0.001975
-0.00195 -0.00195
-0.001925 -0.001925
-0.0019 -0.0019
-0.001875 -0.001875
-0.00185 -0.00185
-0.001825 -0.001825
-0.0018 -0.0018
-0.001775 -0.001775
-0.00175 -0.00175
-0.001725 -0.001725
-0.0017 -0.0017
-0.001675 -0.001675
-0.00165 -0.00165
-0.001625 -0.001625
-0.0016 -0.0016
-0.001575 -0.001575
-0.00155 -0.00155
-0.001525 -0.001525
-0.0015 -0.0015
-0.001475 -0.001475
-0.00145 -0.00145
-0.001425 -0.001425
-0.0014 -0.0014
-0.001375 -0.001375
-0.00135 -0.00135
-0.001325 -0.001325
-0.0013 -0.0013
-0.001275 -0.001275
-0.00125 -0.00125
-0.001225 -0.001225
-0.0012 -0.0012
-0.001175 -0.001175
-0.00115 -0.00115
-0.001125 -0.001125
-0.0011 -0.0011
-0.001075 -0.001075
-0.00105 -0.00105
-0.001025 -0.001025
-0.001 -0.001
-0.000975 -0.000975
-0.00095 -0.00095
-0.000925 -0.000925
-0.0009 -0.0009
-0.000875 -0.000875
-0.00085 -0.00085
-0.000825 -0.000825
-0.0008 -0.0008
-0.000775 -0.000775
-0.00075 -0.00075
-0.000725 -0.000725
-0.0007 -0.0007
-0.000675 -0.000675
-0.00065 -0.00065
-0.000625 -0.000625
-0.0006 -0.0006
-0.000575 -0.000575
-0.00055 -0.00055
-0.000525 -0.000525
-0.0005 -0.0005
-0.000475 -0.000475
-0.00045 -0.00045
-0.000425 -0.000425
-0.0004 -0.0004
-0.000375 -0.000375
-0.00035 -0.00035
-0.000325 -0.000325
-0.0003 -0.0003
-0.000275 -0.000275
-0.00025 -0.00025
-0.000225 -0.000225
-0.0002 -0.0002
-0.000175 -0.000175
-0.00015 -0.00015
-0.000125 -0.000125
-0.0001 -0.0001
-7.5e-05 -7.5e-05
-5e-05 -5e-05
-2.5e-05 -2.5e-05
-6.09864e-20 -6.09864e-20
2.5e-05 2.5e-05
5e-05 5e-05
7.5e-05 7.5e-05
0.0001 0.0001
0.000125 0.000125
0.00015 0.00015
0.000175 0.000175
0.0002 0.0002
0.000225 0.000225
0.00025 0.00025
0.000275 0.000275
0.0003 0.0003
0.000325 0.000325
0.00035 0.00035
0.000375 0.000375
0.0004 0.0004
0.000425 0.000425
0.00045 0.00045
0.000475 0.000475
0.0005 0.0005
0.000475 0.000475
0.00045 0.00045
0.000425 0.000425
0.0004 0.0004
0.000375 0.000375
0.00035 0.00035
0.000325 0.000325
0.0003 0.0003
0.000275 0.000275
0.00025 0.00025
0.000225 0.000225
0.0002 0.0002
0.000175 0.000175
0.00015 0.00015
0.000125 0.000125
0.0001 0.0001
7.5e-05 7.5e-05
5e-05 5e-05
2.5e-05 2.5e-05
-4.74338e-20 -4.74338e-20
-2.5e-05 -2.5e-05
-5e-05 -5e-05
-7.5e-05 -7.5e-05
-0.0001 -0.0001
-0.000125 -0.000125
-0.00015 -0.00015
-0.000175 -0.000175
-0.0002 -0.0002
-0.000225 -0.000225
-0.00025 -0.00025
-0.000275 -0.000275
-0.0003 -0.0003
-0.000325 -0.000325
-0.00035 -0.00035
-0.000375 -0.000375
-0.0004 -0.0004
-0.000425 -0.000425
-0.00045 -0.00045
-0.000475 -0.000475
-0.0005 -0.0005
-0.000525 -0.000525
-0.00055 -0.00055
-0.000575 -0.000575
-0.0006 -0.0006
-0.000625 -0.000625
-0.00065 -0.00065
-0.000675 -0.000675
-0.0007 -0.0007
-0.000725 -0.000725
-0.00075 -0.00075
-0.000775 -0.000775
-0.0008 -0.0008
-0.000825 -0.000825
-0.00085 -0.00085
-0.000875 -0.000875
-0.0009 -0.0009
-0.000925 -0.000925
-0.00095 -0.00095
-0.000975 -0.000975
-0.001 -0.001
-0.001025 -0.001025
-0.00105 -0.00105
-0.001075 -0.001075
-0.0011 -0.0011
-0.001125 -0.001125
-0.00115 -0.00115
-0.001175 -0.001175
-0.0012 -0.0012
-0.001225 -0.001225
-0.00125 -0.00125
-0.001275 -0.001275
-0.0013 -0.0013
-0.001325 -0.001325
-0.00135 -0.00135
-0.001375 -0.001375
-0.0014 -0.0014
-0.001425 -0.001425
-0.00145 -0.00145
-0.001475 -0.001475
-0.0015 -0.0015
-0.001525 -0.001525
-0.00155 -0.00155
-0.001575 -0.001575
-0.0016 -0.0016
-0.001625 -0.001625
-0.00165 -0.00165
-0.001675 -0.001675
-0.0017 -0.0017
-0.001725 -0.001725
-0.00175 -0.00175
-0.001775 -0.001775
-0.0018 -0.0018
-0.001825 -0.001825
-0.00185 -0.00185
-0.001875 -0.001875
-0.0019 -0.0019
-0.001925 -0.001925
-0.00195 -0.00195
-0.001975 -0.001975
-0.00200086 -0.002
-0.00202722 -0.002025
-0.00205359 -0.00205
-0.00207996 -0.002075
-0.00210633 -0.0021
-0.0021327 -0.002125
-0.00215907 -0.00215
-0.00218544 -0.002175
-0.00221181 -0.0022
-0.00223817 -0.002225
-0.00226454 -0.00225
-0.00229091 -0.002275
-0.00231728 -0.0023
-0.00234365 -0.002325
-0.00237002 -0.00235
-0.00239639 -0.002375
-0.00242275 -0.0024
-0.00244912 -0.002425
-0.00247549 -0.00245
-0.00250186 -0.002475
-0.00252823 -0.0025
-0.0025546 -0.002525
-0.00258097 -0.00255
-0.00260734 -0.002575
-0.0026337 -0.0026
-0.00266007 -0.002625
-0.00268644 -0.00265
-0.00271281 -0.002675
-0.00273918 -0.0027
-0.00276555 -0.002725
-0.00279192 -0.00275
-0.00281828 -0.002775
-0.00284465 -0.0028
-0.00287102 -0.002825
-0.00289739 -0.00285
-0.00292376 -0.002875
-0.00295013 -0.0029
-0.0029765 -0.002925
-0.00300286 -0.00295
-0.00302923 -0.002975
-0.0030556 -0.003
-0.00308197 -0.003025
-0.00310834 -0.00305
-0.00313471 -0.003075
-0.00316108 -0.0031
-0.00318745 -0.003125
-0.00321381 -0.00315
-0.00324018 -0.003175
-0.00326655 -0.0032
-0.00329292 -0.003225
-0.00331929 -0.00325
-0.00334566 -0.003275
-0.00337203 -0.0033
-0.00339839 -0.003325
-0.00342476 -0.00335
-0.00345113 -0.003375
-0.0034775 -0.0034
-0.00350387 -0.003425
-0.00353024 -0.00345
-0.00355661 -0.003475
-0.00358298 -0.0035
-0.00360934 -0.003525
-0.00363571 -0.00355
-0.00366208 -0.003575
-0.00368845 -0.0036
-0.00371482 -0.003625
-0.00374119 -0.00365
-0.00376756 -0.003675
-0.00379392 -0.0037
-0.00382029 -0.003725
-0.00384666 -0.00375
-0.00387303 -0.003775
-0.0038994 -0.0038
-0.00392577 -0.003825
-0.00395214 -0.00385
-0.0039785 -0.003875
-0.00400487 -0.0039
-0.00403124 -0.003925
-0.00405761 -0.00395
-0.00408398 -0.003975
-0.00411035 -0.004
-0.00413672 -0.004025
-0.00416309 -0.00405
-0.00418945 -0.004075
-0.00421582 -0.0041
-0.00424219 -0.004125
-0.00426856 -0.00415
-0.00429493 -0.004175
-0.0043213 -0.0042
-0.00434767 -0.004225
-0.00437403 -0.00425
-0.0044004 -0.004275
-0.00442677 -0.0043
-0.00445314 -0.004325
-0.00447951 -0.00435
-0.00450588 -0.004375
-0.00453225 -0.0044
-0.00455862 -0.004425
-0.00458498 -0.00445
-0.00461135 -0.004475
-0.00463772 -0.0045
-0.00466409 -0.004525
-0.00469046 -0.00455
-0.00471683 -0.004575
-0.0047432 -0.0046
-0.00476956 -0.004625
-0.00479593 -0.00465
-0.0048223 -0.004675
-0.00484867 -0.0047
-0.00487504 -0.004725
-0.00490141 -0.00475
-0.00492778 -0.004775
-0.00495415 -0.0048
-0.00498051 -0.004825
-0.00500688 -0.00485
-0.00503325 -0.004875
-0.00505962 -0.0049
-0.00508599 -0.004925
-0.00511236 -0.00495
-0.00513873 -0.004975
-0.00516509 -0.005
-0.00518856 -0.005025
-0.00521203 -0.00505
-0.0052355 -0.005075
-0.00525896 -0.0051
-0.00528243 -0.005125
-0.0053059 -0.00515
-0.00532936 -0.005175
-0.00535283 -0.0052
-0.0053763 -0.005225
-0.00539976 -0.00525
-0.00542323 -0.005275
-0.0054467 -0.0053
-0.00547017 -0.005325
-0.00549363 -0.00535
-0.0055171 -0.005375
-0.00554057 -0.0054
-0.00556403 -0.005425
-0.0055875 -0.00545
-0.00561097 -0.005475
-0.00563443 -0.0055
-0.0056579 -0.005525
-0.00568137 -0.00555
-0.00570483 -0.005575
-0.0057283 -0.0056
-0.00575177 -0.005625
-0.00577524 -0.00565
-0.0057987 -0.005675
-0.00582217 -0.0057
-0.00584564 -0.005725
-0.0058691 -0.00575
-0.00589257 -0.005775
-0.00591604 -0.0058
-0.0059395 -0.005825
-0.00596297 -0.00585
-0.00598644 -0.005875
-0.00600991 -0.0059
-0.00603337 -0.005925
-0.00605684 -0.00595
-0.00608031 -0.005975
-0.00610377 -0.006
-0.00612724 -0.006025
-0.00615071 -0.00605
-0.00617417 -0.006075
-0.00619764 -0.0061
-0.00622111 -0.006125
-0.00624458 -0.00615
-0.00626804 -0.006175
-0.00629151 -0.0062
-0.00631498 -0.006225
-0.00633844 -0.00625
-0.00631278 -0.006225
-0.00628712 -0.0062
-0.00626146 -0.006175
-0.0062358 -0.00615
-0.00621014 -0.006125
-0.00618448 -0.0061
-0.00615881 -0.006075
-0.00613315 -0.00605
-0.00610749 -0.006025
-0.00608183 -0.006
-0.00605617 -0.005975
-0.00603051 -0.00595
-0.00600485 -0.005925
-0.00597919 -0.0059
-0.00595352 -0.005875
-0.00592786 -0.00585
-0.0059022 -0.005825
-0.00587654 -0.0058
-0.00585088 -0.005775
-0.00582522 -0.00575
-0.00579956 -0.005725
-0.0057739 -0.0057
-0.00574823 -0.005675
-0.00572257 -0.00565
-0.00569691 -0.005625
-0.00567125 -0.0056
-0.00564559 -0.005575
-0.00561993 -0.00555
-0.00559427 -0.005525
-0.00556861 -0.0055
-0.00554294 -0.005475
-0.00551728 -0.00545
-0.00549162 -0.005425
-0.00546596 -0.0054
-0.0054403 -0.005375
-0.00541464 -0.00535
-0.00538898 -0.005325
-0.00536332 -0.0053
-0.00533765 -0.005275
-0.00531199 -0.00525
-0.00528633 -0.005225
-0.00526067 -0.0052
-0.00523501 -0.005175
-0.00520935 -0.00515
-0.00518369 -0.005125
-0.00515803 -0.0051
-0.00513236 -0.005075
-0.0051067 -0.00505
-0.00508104 -0.005025
-0.00505538 -0.005
-0.00502972 -0.004975
-0.00500406 -0.00495
-0.0049784 -0.004925
-0.00495274 -0.0049
-0.00492707 -0.004875
-0.00490141 -0.00485
-0.00487575 -0.004825
-0.00485009 -0.0048
-0.00482443 -0.004775
-0.00479877 -0.00475
-0.00477311 -0.004725
-0.00474745 -0.0047
-0.00472178 -0.004675
-0.00469612 -0.00465
-0.00467046 -0.004625
-0.0046448 -0.0046
-0.00461914 -0.004575
-0.00459348 -0.00455
-0.00456782 -0.004525
-0.00454216 -0.0045
-0.00451649 -0.004475
-0.00449083 -0.00445
-0.00446517 -0.004425
-0.00443951 -0.0044
-0.00441385 -0.004375
-0.00438819 -0.00435
-0.00436253 -0.004325
-0.00433687 -0.0043
-0.0043112 -0.004275
-0.00428554 -0.00425
-0.00425988 -0.004225
-0.00423422 -0.0042
-0.00420856 -0.004175
-0.0041829 -0.00415
-0.00415724 -0.004125
-0.00413158 -0.0041
-0.00410591 -0.004075
-0.00408025 -0.00405
-0.00405459 -0.004025
-0.00402893 -0.004
-0.00400327 -0.003975
-0.00397761 -0.00395
-0.00395195 -0.003925
-0.00392629 -0.0039
-0.00390062 -0.003875
-0.00387496 -0.00385
-0.0038493 -0.003825
-0.00382364 -0.0038
-0.00379798 -0.003775
-0.00377232 -0.00375
-0.00374666 -0.003725
-0.003721 -0.0037
-0.00369533 -0.003675
-0.00366967 -0.00365
-0.00364401 -0.003625
-0.00361835 -0.0036
-0.00359269 -0.003575
-0.00356703 -0.00355
-0.00354137 -0.003525
-0.00351571 -0.0035
-0.00349004 -0.003475
-0.00346438 -0.00345
-0.00343872 -0.003425
-0.00341306 -0.0034
-0.0033874 -0.003375
-0.00336174 -0.00335
-0.00333608 -0.003325
-0.00331042 -0.0033
-0.00328475 -0.003275
-0.00325909 -0.00325
-0.00323343 -0.003225
-0.00320777 -0.0032
-0.00318211 -0.003175
-0.00315645 -0.00315
-0.00313079 -0.003125
-0.00310513 -0.0031
-0.00307946 -0.003075
-0.0030538 -0.00305
-0.00302814 -0.003025
-0.00300248 -0.003
-0.00297682 -0.002975
-0.00295116 -0.00295
-0.0029255 -0.002925
-0.0029 -0.0029
-0.002875 -0.002875
-0.00285 -0.00285
-0.002825 -0.002825
-0.0028 -0.0028
-0.002775 -0.002775
-0.00275 -0.00275
-0.002725 -0.002725
-0.0027 -0.0027
-0.002675 -0.002675
-0.00265 -0.00265
-0.002625 -0.002625
-0.0026 -0.0026
-0.002575 -0.002575
-0.00255 -0.00255
-0.002525 -0.002525
-0.0025 -0.0025
-0.002475 -0.002475
-0.00245 -0.00245
-0.002425 -0.002425
-0.0024 -0.0024
-0.002375 -0.002375
-0.00235 -0.00235
-0.002325 -0.002325
-0.0023 -0.0023
-0.002275 -0.002275
-0.00225 -0.00225
-0.002225 -0.002225
-0.0022 -0.0022
-0.002175 -0.002175
-0.00215 -0.00215
-0.002125 -0.002125
-0.0021 -0.0021
-0.002075 -0.002075
-0.00205 -0.00205
-0.002025 -0.002025
-0.002 -0.002
-0.001975 -0.001975
-0.00195 -0.00195
-0.001925 -0.001925
-0.0019 -0.0019
-0.001875 -0.001875
-0.00185 -0.00185
-0.001825 -0.001825
-0.0018 -0.0018
-0.001775 -0.001775
-0.00175 -0.00175
-0.001725 -0.001725
-0.0017 -0.0017
-0.001675 -0.001675
-0.00165 -0.00165
-0.001625 -0.001625
-0.0016 -0.0016
-0.001575 -0.001575
-0.00155 -0.00155
-0.001525 -0.001525
-0.0015 -0.0015
-0.001475 -0.001475
-0.00145 -0.00145
-0.001425 -0.001425
-0.0014 -0.0014
-0.001375 -0.001375
-0.00135 -0.00135
-0.001325 -0.001325
-0.0013 -0.0013
-0.001275 -0.001275
-0.00125 -0.00125
-0.001225 -0.001225
-0.0012 -0.0012
-0.001175 -0.001175
-0.00115 -0.00115
-0.001125 -0.001125
-0.0011 -0.0011
-0.001075 -0.001075
-0.00105 -0.00105
-0.001025 -0.001025
-0.001 -0.001
-0.000975 -0.000975
-0.00095 -0.00095
-0.000925 -0.000925
-0.0009 -0.0009
-0.000875 -0.000875
-0.00085 -0.00085
-0.000825 -0.000825
-0.0008 -0.0008
-0.000775 -0.000775
-0.00075 -0.00075
-0.000725 -0.000725
-0.0007 -0.0007
-0.000675 -0.000675
-0.00065 -0.00065
-0.000625 -0.000625
-0.0006 -0.0006
-0.000575 -0.000575
-0.00055 -0.00055
-0.000525 -0.000525
-0.0005 -0.0005
-0.000475 -0.000475
-0.00045 -0.00045
-0.000425 -0.000425
-0.0004 -0.0004
-0.000375 -0.000375
-0.00035 -0.00035
-0.000325 -0.000325
-0.0003 -0.0003
-0.000275 -0.000275
-0.00025 -0.00025
-0.000225 -0.000225
-0.0002 -0.0002
-0.000175 -0.000175
-0.00015 -0.00015
-0.000125 -0.000125
-0.0001 -0.0001
-7.5e-05 -7.5e-05
-5e-05 -5e-05
-2.5e-05 -2.5e-05
-6.09864e-20 -6.09864e-20
2.5e-05 2.5e-05
5e-05 5e-05
7.5e-05 7.5e-05
0.0001 0.0001
0.000125 0.000125
0.00015 0.00015
0.000175 0.000175
0.0002 0.0002
0.000225 0.000225
0.00025 0.00025
0.000275 0.000275
0.0003 0.0003
0.000325 0.000325
0.00035 0.00035
0.000375 0.000375
0.0004 0.0004
0.000425 0.000425
0.00045 0.00045
0.000475 0.000475
0.0005 0.0005
0.000525 0.000525
0.00055 0.00055
0.000575 0.000575
0.0006 0.0006
0.000625 0.000625
0.0006 0.0006
0.000575 0.000575
0.00055 0.00055
0.000525 0.000525
0.0005 0.0005
0.000475 0.000475
0.00045 0.00045
0.000425 0.000425
0.0004 0.0004
0.000375 0.000375
0.00035 0.00035
0.000325 0.000325
0.0003 0.0003
0.000275 0.000275
0.00025 0.00025
0.000225 0.000225
0.0002 0.0002
0.000175 0.000175
0.00015 0.00015
0.000125 0.000125
0.0001 0.0001
7.5e-05 7.5e-05
5e-05 5e-05
2.5e-05 2.5e-05
-4.74338e-20 -4.74338e-20
-2.5e-05 -2.5e-05
-5e-05 -5e-05
-7.5e-05 -7.5e-05
-0.0001 -0.0001
-0.000125 -0.000125
-0.00015 -0.00015
-0.000175 -0.000175
-0.0002 -0.0002
-0.000225 -0.000225
-0.00025 -0.00025
-0.000275 -0.000275
-0.0003 -0.0003
-0.000325 -0.000325
-0.00035 -0.00035
-0.000375 -0.000375
-0.0004 -0.0004
-0.000425 -0.000425
-0.00045 -0.00045
-0.000475 -0.000475
-0.0005 -0.0005
-0.000525 -0.000525
-0.00055 -0.00055
-0.000575 -0.000575
-0.0006 -0.0006
-0.000625 -0.000625
-0.00065 -0.00065
-0.000675 -0.000675
-0.0007 -0.0007
-0.000725 -0.000725
-0.00075 -0.00075
-0.000775 -0.000775
-0.0008 -0.0008
-0.000825 -0.000825
-0.00085 -0.00085
-0.000875 -0.000875
-0.0009 -0.0009
-0.000925 -0.000925
-0.00095 -0.00095
-0.000975 -0.000975
-0.001 -0.001
-0.001025 -0.001025
-0.00105 -0.00105
-0.001075 -0.001075
-0.0011 -0.0011
-0.001125 -0.001125
-0.00115 -0.00115
-0.001175 -0.001175
-0.0012 -0.0012
-0.001225 -0.001225
-0.00125 -0.00125
-0.001275 -0.001275
-0.0013 -0.0013
-0.001325 -0.001325
-0.00135 -0.00135
-0.001375 -0.001375
-0.0014 -0.0014
-0.001425 -0.001425
-0.00145 -0.00145
-0.001475 -0.001475
-0.0015 -0.0015
-0.001525 -0.001525
-0.00155 -0.00155
-0.001575 -0.001575
-0.0016 -0.0016
-0.001625 -0.001625
-0.00165 -0.00165
-0.001675 -0.001675
-0.0017 -0.0017
-0.001725 -0.001725
-0.00175 -0.00175
-0.001775 -0.001775
-0.0018 -0.0018
-0.001825 -0.001825
-0.00185 -0.00185
-0.001875 -0.001875
-0.0019 -0.0019
-0.001925 -0.001925
-0.00195 -0.00195
-0.001975 -0.001975
-0.002 -0.002
-0.002025 -0.002025
-0.00205 -0.00205
-0.002075 -0.002075
-0.0021 -0.0021
-0.002125 -0.002125
-0.00215 -0.00215
-0.002175 -0.002175
-0.0022 -0.0022
-0.002225 -0.002225
-0.00225 -0.00225
-0.002275 -0.002275
-0.0023 -0.0023
-0.002325 -0.002325
-0.00235 -0.00235
-0.002375 -0.002375
-0.0024 -0.0024
-0.002425 -0.002425
-0.00245 -0.00245
-0.002475 -0.002475
-0.0025 -0.0025
-0.002525 -0.002525
-0.00255 -0.00255
-0.002575 -0.002575
-0.0026 -0.0026
-0.002625 -0.002625
-0.00265 -0.00265
-0.002675 -0.002675
-0.0027 -0.0027
-0.002725 -0.002725
-0.00275 -0.00275
-0.002775 -0.002775
-0.0028 -0.0028
-0.002825 -0.002825
-0.00285 -0.00285
-0.002875 -0.002875
-0.0029 -0.0029
-0.0029255 -0.002925
-0.00295116 -0.00295
-0.00297682 -0.002975
-0.00300248 -0.003
-0.00302814 -0.003025
-0.0030538 -0.00305
-0.00307946 -0.003075
-0.00310513 -0.0031
-0.00313079 -0.003125
-0.00315645 -0.00315
-0.00318211 -0.003175
-0.00320777 -0.0032
-0.00323343 -0.003225
-0.00325909 -0.00325
-0.00328475 -0.003275
-0.00331042 -0.0033
-0.00333608 -0.003325
-0.00336174 -0.00335
-0.0033874 -0.003375
-0.00341306 -0.0034
-0.00343872 -0.003425
-0.00346438 -0.00345
-0.00349004 -0.003475
-0.00351571 -0.0035
-0.00354137 -0.003525
-0.00356703 -0.00355
-0.00359269 -0.003575
-0.00361835 -0.0036
-0.00364401 -0.003625
-0.00366967 -0.00365
-0.00369533 -0.003675
-0.003721 -0.0037
-0.00374666 -0.003725
-0.00377232 -0.00375
-0.00379798 -0.003775
-0.00382364 -0.0038
-0.0038493 -0.003825
-0.00387496 -0.00385
-0.00390062 -0.003875
-0.00392629 -0.0039
-0.00395195 -0.003925
-0.00397761 -0.00395
-0.00400327 -0.003975
-0.00402893 -0.004
-0.00405459 -0.004025
-0.00408025 -0.00405
-0.00410591 -0.004075
-0.00413158 -0.0041
-0.00415724 -0.004125
-0.0041829 -0.00415
-0.00420856 -0.004175
-0.00423422 -0.0042
-0.00425988 -0.004225
-0.00428554 -0.00425
-0.0043112 -0.004275
-0.00433687 -0.0043
-0.00436253 -0.004325
-0.00438819 -0.00435
-0.00441385 -0.004375
-0.00443951 -0.0044
-0.00446517 -0.004425
-0.00449083 -0.00445
-0.00451649 -0.004475
-0.00454216 -0.0045
-0.00456782 -0.004525
-0.00459348 -0.00455
-0.00461914 -0.004575
-0.0046448 -0.0046
-0.00467046 -0.004625
-0.00469612 -0.00465
-0.00472178 -0.004675
-0.00474745 -0.0047
-0.00477311 -0.004725
-0.00479877 -0.00475
-0.00482443 -0.004775
-0.00485009 -0.0048
-0.00487575 -0.004825
-0.00490141 -0.00485
-0.00492707 -0.004875
-0.00495274 -0.0049
-0.0049784 -0.004925
-0.00500406 -0.00495
-0.00502972 -0.004975
-0.00505538 -0.005
-0.00508104 -0.005025
-0.0051067 -0.00505
-0.00513236 -0.005075
-0.00515803 -0.0051
-0.00518369 -0.005125
-0.00520935 -0.00515
-0.00523501 -0.005175
-0.00526067 -0.0052
-0.00528633 -0.005225
-0.00531199 -0.00525
-0.00533765 -0.005275
-0.00536332 -0.0053
-0.00538898 -0.005325
-0.00541464 -0.00535
-0.0054403 -0.005375
-0.00546596 -0.0054
-0.00549162 -0.005425
-0.00551728 -0.00545
-0.00554294 -0.005475
-0.00556861 -0.0055
-0.00559427 -0.005525
-0.00561993 -0.00555
-0.00564559 -0.005575
-0.00567125 -0.0056
-0.00569691 -0.005625
-0.00572257 -0.00565
-0.00574823 -0.005675
-0.0057739 -0.0057
-0.00579956 -0.005725
-0.00582522 -0.00575
-0.00585088 -0.005775
-0.00587654 -0.0058
-0.0059022 -0.005825
-0.00592786 -0.00585
-0.00595352 -0.005875
-0.00597919 -0.0059
-0.00600485 -0.005925
-0.00603051 -0.00595
-0.00605617 -0.005975
-0.00608183 -0.006
-0.00610749 -0.006025
-0.00613315 -0.00605
-0.00615881 -0.006075
-0.00618448 -0.0061
-0.00621014 -0.006125
-0.0062358 -0.00615
-0.00626146 -0.006175
-0.00628712 -0.0062
-0.00631278 -0.006225
-0.00633844 -0.00625
-0.00636191 -0.006275
-0.00638538 -0.0063
-0.00640884 -0.006325
-0.00643231 -0.00635
-0.00645578 -0.006375
-0.00647925 -0.0064
-0.00650271 -0.006425
-0.00652618 -0.00645
-0.00654965 -0.006475
-0.00657311 -0.0065
-0.00659658 -0.006525
-0.00662005 -0.00655
-0.00664351 -0.006575
-0.00666698 -0.0066
-0.00669045 -0.006625
-0.00671392 -0.00665
-0.00673738 -0.006675
-0.00676085 -0.0067
-0.00678432 -0.006725
-0.00680778 -0.00675
-0.00683125 -0.006775
-0.00685472 -0.0068
-0.00687818 -0.006825
-0.00690165 -0.00685
-0.00692512 -0.006875
-0.00694858 -0.0069
-0.00697205 -0.006925
-0.00699552 -0.00695
-0.00701899 -0.006975
-0.00704245 -0.007
-0.00706592 -0.007025
-0.00709 -0.00705
-0.007115 -0.007075
-0.00714 -0.0071
-0.007165 -0.007125
-0.00719 -0.00715
-0.007215 -0.007175
-0.00724 -0.0072
-0.007265 -0.007225
-0.00729 -0.00725
-0.007315 -0.007275
-0.00734 -0.0073
-0.007365 -0.007325
-0.00739 -0.00735
-0.007415 -0.007375
-0.00744 -0.0074
-0.007465 -0.007425
-0.00749 -0.00745
-0.007515 -0.007475
-0.00754 -0.0075
-0.00751475 -0.007475
-0.0074895 -0.00745
-0.00746425 -0.007425
-0.007439 -0.0074
-0.00741375 -0.007375
-0.0073885 -0.00735
-0.00736325 -0.007325
-0.007338 -0.0073
-0.00731275 -0.007275
-0.0072875 -0.00725
-0.00726225 -0.007225
-0.007237 -0.0072
-0.00721175 -0.007175
-0.0071865 -0.00715
-0.00716125 -0.007125
-0.007136 -0.0071
-0.00711075 -0.007075
-0.0070855 -0.00705
-0.00706025 -0.007025
-0.007035 -0.007
-0.00700975 -0.006975
-0.0069845 -0.00695
-0.00695925 -0.006925
-0.006934 -0.0069
-0.00690875 -0.006875
-0.0068835 -0.00685
-0.00685825 -0.006825
-0.006833 -0.0068
-0.00680775 -0.006775
-0.0067825 -0.00675
-0.00675725 -0.006725
-0.006732 -0.0067
-0.00670675 -0.006675
-0.0066815 -0.00665
-0.00665625 -0.006625
-0.006631 -0.0066
-0.00660575 -0.006575
-0.0065805 -0.00655
-0.00655525 -0.006525
-0.00653 -0.0065
-0.00650475 -0.006475
-0.0064795 -0.00645
-0.00645425 -0.006425
-0.006429 -0.0064
-0.00640375 -0.006375
-0.0063785 -0.00635
-0.00635325 -0.006325
-0.006328 -0.0063
-0.00630275 -0.006275
-0.0062775 -0.00625
-0.00625225 -0.006225
-0.006227 -0.0062
-0.00620175 -0.006175
-0.0061765 -0.00615
-0.00615125 -0.006125
-0.006126 -0.0061
-0.00610075 -0.006075
-0.0060755 -0.00605
-0.00605025 -0.006025
-0.006025 -0.006
-0.00599975 -0.005975
-0.0059745 -0.00595
-0.00594925 -0.005925
-0.005924 -0.0059
-0.00589875 -0.005875
-0.0058735 -0.00585
-0.00584825 -0.005825
-0.005823 -0.0058
-0.00579775 -0.005775
-0.0057725 -0.00575
-0.00574725 -0.005725
-0.005722 -0.0057
-0.00569675 -0.005675
-0.0056715 -0.00565
-0.00564625 -0.005625
-0.005621 -0.0056
-0.00559575 -0.005575
-0.0055705 -0.00555
-0.00554525 -0.005525
-0.00552 -0.0055
-0.00549476 -0.005475
-0.00546951 -0.00545
-0.00544426 -0.005425
-0.00541901 -0.0054
-0.00539376 -0.005375
-0.00536851 -0.00535
-0.00534326 -0.005325
-0.00531801 -0.0053
-0.00529276 -0.005275
-0.00526751 -0.00525
-0.00524226 -0.005225
-0.00521701 -0.0052
-0.00519176 -0.005175
-0.00516651 -0.00515
-0.00514126 -0.005125
-0.00511601 -0.0051
-0.00509076 -0.005075
-0.00506551 -0.00505
-0.00504026 -0.005025
-0.00501501 -0.005
-0.00498976 -0.004975
-0.00496451 -0.00495
-0.00493926 -0.004925
-0.00491401 -0.0049
-0.00488876 -0.004875
-0.00486351 -0.00485
-0.00483826 -0.004825
-0.00481301 -0.0048
-0.00478776 -0.004775
-0.00476251 -0.00475
-0.00473726 -0.004725
-0.00471201 -0.0047
-0.00468676 -0.004675
-0.00466151 -0.00465
-0.00463626 -0.004625
-0.00461101 -0.0046
-0.00458576 -0.004575
-0.00456051 -0.00455
-0.00453526 -0.004525
-0.00451001 -0.0045
-0.00448476 -0.004475
-0.00445951 -0.00445
-0.00443426 -0.004425
-0.00440901 -0.0044
-0.00438376 -0.004375
-0.00435851 -0.00435
-0.00433326 -0.004325
-0.00430801 -0.0043
-0.00428276 -0.004275
-0.00425751 -0.00425
-0.00423226 -0.004225
-0.00420701 -0.0042
-0.00418176 -0.004175
-0.00415651 -0.00415
-0.00413126 -0.004125
-0.00410601 -0.0041
-0.00408076 -0.004075
-0.00405551 -0.00405
-0.00403026 -0.004025
-0.00400501 -0.004
-0.00397976 -0.003975
-0.00395451 -0.00395
-0.00392926 -0.003925
-0.00390401 -0.0039
-0.00387876 -0.003875
-0.00385351 -0.00385
-0.00382826 -0.003825
-0.00380301 -0.0038
-0.00377776 -0.003775
-0.00375251 -0.00375
-0.00372726 -0.003725
-0.00370201 -0.0037
-0.00367676 -0.003675
-0.00365151 -0.00365
-0.00362626 -0.003625
-0.00360101 -0.0036
-0.00357576 -0.003575
-0.00355051 -0.00355
-0.00352526 -0.003525
-0.00350001 -0.0035
-0.003475 -0.003475
-0.00345 -0.00345
-0.003425 -0.003425
-0.0034 -0.0034
-0.003375 -0.003375
-0.00335 -0.00335
-0.003325 -0.003325
-0.0033 -0.0033
-0.003275 -0.003275
-0.00325 -0.00325
-0.003225 -0.003225
-0.0032 -0.0032
-0.003175 -0.003175
-0.00315 -0.00315
-0.003125 -0.003125
-0.0031 -0.0031
-0.003075 -0.003075
-0.00305 -0.00305
-0.003025 -0.003025
-0.003 -0.003
-0.002975 -0.002975
-0.00295 -0.00295
-0.002925 -0.002925
-0.0029 -0.0029
-0.002875 -0.002875
-0.00285 -0.00285
-0.002825 -0.002825
-0.0028 -0.0028
-0.002775 -0.002775
-0.00275 -0.00275
-0.002725 -0.002725
-0.0027 -0.0027
-0.002675 -0.002675
-0.00265 -0.00265
-0.002625 -0.002625
-0.0026 -0.0026
-0.002575 -0.002575
-0.00255 -0.00255
-0.002525 -0.002525
-0.0025 -0.0025
-0.002475 -0.002475
-0.00245 -0.00245
-0.002425 -0.002425
-0.0024 -0.0024
-0.002375 -0.002375
-0.00235 -0.00235
-0.002325 -0.002325
-0.0023 -0.0023
-0.002275 -0.002275
-0.00225 -0.00225
-0.002225 -0.002225
-0.0022 -0.0022
-0.002175 -0.002175
-0.00215 -0.00215
-0.002125 -0.002125
-0.0021 -0.0021
-0.002075 -0.002075
-0.00205 -0.00205
-0.002025 -0.002025
-0.002 -0.002
-0.001975 -0.001975
-0.00195 -0.00195
-0.001925 -0.001925
-0.0019 -0.0019
-0.001875 -0.001875
-0.00185 -0.00185
-0.001825 -0.001825
-0.0018 -0.0018
-0.001775 -0.001775
-0.00175 -0.00175
-0.001725 -0.001725
-0.0017 -0.0017
-0.001675 -0.001675
-0.00165 -0.00165
-0.001625 -0.001625
-0.0016 -0.0016
-0.001575 -0.001575
-0.00155 -0.00155
-0.001525 -0.001525
-0.0015 -0.0015
-0.001475 -0.001475
-0.00145 -0.00145
-0.001425 -0.001425
-0.0014 -0.0014
-0.001375 -0.001375
-0.00135 -0.00135
-0.001325 -0.001325
-0.0013 -0.0013
-0.001275 -0.001275
-0.00125 -0.00125
-0.001225 -0.001225
-0.0012 -0.0012
-0.001175 -0.001175
-0.00115 -0.00115
-0.001125 -0.001125
-0.0011 -0.0011
-0.001075 -0.001075
-0.00105 -0.00105
-0.001025 -0.001025
-0.001 -0.001
-0.000975 -0.000975
-0.00095 -0.00095
-0.000925 -0.000925
-0.0009 -0.0009
-0.000875 -0.000875
-0.00085 -0.00085
-0.000825 -0.000825
-0.0008 -0.0008
-0.000775 -0.000775
-0.00075 -0.00075
-0.000725 -0.000725
-0.0007 -0.0007
-0.000675 -0.000675
-0.00065 -0.00065
-0.000625 -0.000625
-0.0006 -0.0006
-0.000575 -0.000575
-0.00055 -0.00055
-0.000525 -0.000525
-0.0005 -0.0005
-0.000475 -0.000475
-0.00045 -0.00045
-0.000425 -0.000425
-0.0004 -0.0004
-0.000375 -0.000375
-0.00035 -0.00035
-0.000325 -0.000325
-0.0003 -0.0003
-0.000275 -0.000275
-0.00025 -0.00025
-0.000225 -0.000225
-0.0002 -0.0002
-0.000175 -0.000175
-0.00015 -0.00015
-0.000125 -0.000125
-0.0001 -0.0001
-7.5e-05 -7.5e-05
-5e-05 -5e-05
-2.5e-05 -2.5e-05
-6.09864e-20 -6.09864e-20
2.5e-05 2.5e-05
5e-05 5e-05
7.5e-05 7.5e-05
0.0001 0.0001
0.000125 0.000125
0.00015 0.00015
0.000175 0.000175
0.0002 0.0002
0.000225 0.000225
0.00025 0.00025
0.000275 0.000275
0.0003 0.0003
0.000325 0.000325
0.00035 0.00035
0.000375 0.000375
0.0004 0.0004
0.000425 0.000425
0.00045 0.00045
0.000475 0.000475
0.0005 0.0005
0.000525 0.000525
0.00055 0.00055
0.000575 0.000575
0.0006 0.0006
0.000625 0.000625
0.00065 0.00065
0.000675 0.000675
0.0007 0.0007
0.000725 0.000725
0.00075 0.00075
0.000725 0.000725
0.0007 0.0007
0.000675 0.000675
0.00065 0.00065
0.000625 0.000625
0.0006 0.0006
0.000575 0.000575
0.00055 0.00055
0.000525 0.000525
0.0005 0.0005
0.000475 0.000475
0.00045 0.00045
0.000425 0.000425
0.0004 0.0004
0.000375 0.000375
0.00035 0.00035
0.000325 0.000325
0.0003 0.0003
0.000275 0.000275
0.00025 0.00025
0.000225 0.000225
0.0002 0.0002
0.000175 0.000175
0.00015 0.00015
0.000125 0.000125
0.0001 0.0001
7.5e-05 7.5e-05
5e-05 5e-05
2.5e-05 2.5e-05
-4.74338e-20 -4.74338e-20
-2.5e-05 -2.5e-05
-5e-05 -5e-05
-7.5e-05 -7.5e-05
-0.0001 -0.0001
-0.000125 -0.000125
-0.00015 -0.00015
-0.000175 -0.000175
-0.0002 -0.0002
-0.000225 -0.000225
-0.00025 -0.00025
-0.000275 -0.000275
-0.0003 -0.0003
-0.000325 -0.000325
-0.00035 -0.00035
-0.000375 -0.000375
-0.0004 -0.0004
-0.000425 -0.000425
-0.00045 -0.00045
-0.000475 -0.000475
-0.0005 -0.0005
-0.000525 -0.000525
-0.00055 -0.00055
-0.000575 -0.000575
-0.0006 -0.0006
-0.000625 -0.000625
-0.00065 -0.00065
-0.000675 -0.000675
-0.0007 -0.0007
-0.000725 -0.000725
-0.00075 -0.00075
-0.000775 -0.000775
-0.0008 -0.0008
-0.000825 -0.000825
-0.00085 -0.00085
-0.000875 -0.000875
-0.0009 -0.0009
-0.000925 -0.000925
-0.00095 -0.00095
-0.000975 -0.000975
-0.001 -0.001
-0.001025 -0.001025
-0.00105 -0.00105
-0.001075 -0.001075
-0.0011 -0.0011
-0.001125 -0.001125
-0.00115 -0.00115
-0.001175 -0.001175
-0.0012 -0.0012
-0.001225 -0.001225
-0.00125 -0.00125
-0.001275 -0.001275
-0.0013 -0.0013
-0.001325 -0.001325
-0.00135 -0.00135
-0.001375 -0.001375
-0.0014 -0.0014
-0.001425 -0.001425
-0.00145 -0.00145
-0.001475 -0.001475
-0.0015 -0.0015
-0.001525 -0.001525
-0.00155 -0.00155
-0.001575 -0.001575
-0.0016 -0.0016
-0.001625 -0.001625
-0.00165 -0.00165
-0.001675 -0.001675
-0.0017 -0.0017
-0.001725 -0.001725
-0.00175 -0.00175
-0.001775 -0.001775
-0.0018 -0.0018
-0.001825 -0.001825
-0.00185 -0.00185
-0.001875 -0.001875
-0.0019 -0.0019
-0.001925 -0.001925
-0.00195 -0.00195
-0.001975 -0.001975
-0.002 -0.002
-0.002025 -0.002025
-0.00205 -0.00205
-0.002075 -0.002075
-0.0021 -0.0021
-0.002125 -0.002125
-0.00215 -0.00215
-0.002175 -0.002175
-0.0022 -0.0022
-0.002225 -0.002225
-0.00225 -0.00225
-0.002275 -0.002275
-0.0023 -0.0023
-0.002325 -0.002325
-0.00235 -0.00235
-0.002375 -0.002375
-0.0024 -0.0024
-0.002425 -0.002425
-0.00245 -0.00245
-0.002475 -0.002475
-0.0025 -0.0025
-0.002525 -0.002525
-0.00255 -0.00255
-0.002575 -0.002575
-0.0026 -0.0026
-0.002625 -0.002625
-0.00265 -0.00265
-0.002675 -0.002675
-0.0027 -0.0027
-0.002725 -0.002725
-0.00275 -0.00275
-0.002775 -0.002775
-0.0028 -0.0028
-0.002825 -0.002825
-0.00285 -0.00285
-0.002875 -0.002875
-0.0029 -0.0029
-0.002925 -0.002925
-0.00295 -0.00295
-0.002975 -0.002975
-0.003 -0.003
-0.003025 -0.003025
-0.00305 -0.00305
-0.003075 -0.003075
-0.0031 -0.0031
-0.003125 -0.003125
-0.00315 -0.00315
-0.003175 -0.003175
-0.0032 -0.0032
-0.003225 -0.003225
-0.00325 -0.00325
-0.003275 -0.003275
-0.0033 -0.0033
-0.003325 -0.003325
-0.00335 -0.00335
-0.003375 -0.003375
-0.0034 -0.0034
-0.003425 -0.003425
-0.00345 -0.00345
-0.003475 -0.003475
-0.00350001 -0.0035
-0.00352526 -0.003525
-0.00355051 -0.00355
-0.00357576 -0.003575
-0.00360101 -0.0036
-0.00362626 -0.003625
-0.00365151 -0.00365
-0.00367676 -0.003675
-0.00370201 -0.0037
-0.00372726 -0.003725
-0.00375251 -0.00375
-0.00377776 -0.003775
-0.00380301 -0.0038
-0.00382826 -0.003825
-0.00385351 -0.00385
-0.00387876 -0.003875
-0.00390401 -0.0039
-0.00392926 -0.003925
-0.00395451 -0.00395
-0.00397976 -0.003975
-0.00400501 -0.004
-0.00403026 -0.004025
-0.00405551 -0.00405
-0.00408076 -0.004075
-0.00410601 -0.0041
-0.00413126 -0.004125
-0.00415651 -0.00415
-0.00418176 -0.004175
-0.00420701 -0.0042
-0.00423226 -0.004225
-0.00425751 -0.00425
-0.00428276 -0.004275
-0.00430801 -0.0043
-0.00433326 -0.004325
-0.00435851 -0.00435
-0.00438376 -0.004375
-0.00440901 -0.0044
-0.00443426 -0.004425
-0.00445951 -0.00445
-0.00448476 -0.004475
-0.00451001 -0.0045
-0.00453526 -0.004525
-0.00456051 -0.00455
-0.00458576 -0.004575
-0.00461101 -0.0046
-0.00463626 -0.004625
-0.00466151 -0.00465
-0.00468676 -0.004675
-0.00471201 -0.0047
-0.00473726 -0.004725
-0.00476251 -0.00475
-0.00478776 -0.004775
-0.00481301 -0.0048
-0.00483826 -0.004825
-0.00486351 -0.00485
-0.00488876 -0.004875
-0.00491401 -0.0049
-0.00493926 -0.004925
-0.00496451 -0.00495
-0.00498976 -0.004975
-0.00501501 -0.005
-0.00504026 -0.005025
-0.00506551 -0.00505
-0.00509076 -0.005075
-0.00511601 -0.0051
-0.00514126 -0.005125
-0.00516651 -0.00515
-0.00519176 -0.005175
-0.00521701 -0.0052
-0.00524226 -0.005225
-0.00526751 -0.00525
-0.00529276 -0.005275
-0.00531801 -0.0053
-0.00534326 -0.005325
-0.00536851 -0.00535
-0.00539376 -0.005375
-0.00541901 -0.0054
-0.00544426 -0.005425
-0.00546951 -0.00545
-0.00549476 -0.005475
-0.00552 -0.0055
-0.00554525 -0.005525
-0.0055705 -0.00555
-0.00559575 -0.005575
-0.005621 -0.0056
-0.00564625 -0.005625
-0.0056715 -0.00565
-0.00569675 -0.005675
-0.005722 -0.0057
-0.00574725 -0.005725
-0.0057725 -0.00575
-0.00579775 -0.005775
-0.005823 -0.0058
-0.00584825 -0.005825
-0.0058735 -0.00585
-0.00589875 -0.005875
-0.005924 -0.0059
-0.00594925 -0.005925
-0.0059745 -0.00595
-0.00599975 -0.005975
-0.006025 -0.006
-0.00605025 -0.006025
-0.0060755 -0.00605
-0.00610075 -0.006075
-0.006126 -0.0061
-0.00615125 -0.006125
-0.0061765 -0.00615
-0.00620175 -0.006175
-0.006227 -0.0062
-0.00625225 -0.006225
-0.0062775 -0.00625
-0.00630275 -0.006275
-0.006328 -0.0063
-0.00635325 -0.006325
-0.0063785 -0.00635
-0.00640375 -0.006375
-0.006429 -0.0064
-0.00645425 -0.006425
-0.0064795 -0.00645
-0.00650475 -0.006475
-0.00653 -0.0065
-0.00655525 -0.006525
-0.0065805 -0.00655
-0.00660575 -0.006575
-0.006631 -0.0066
-0.00665625 -0.006625
-0.0066815 -0.00665
-0.00670675 -0.006675
-0.006732 -0.0067
-0.00675725 -0.006725
-0.0067825 -0.00675
-0.00680775 -0.006775
-0.006833 -0.0068
-0.00685825 -0.006825
-0.0068835 -0.00685
-0.00690875 -0.006875
-0.006934 -0.0069
-0.00695925 -0.006925
-0.0069845 -0.00695
-0.00700975 -0.006975
-0.007035 -0.007
-0.00706025 -0.007025
-0.0070855 -0.00705
-0.00711075 -0.007075
-0.007136 -0.0071
-0.00716125 -0.007125
-0.0071865 -0.00715
-0.00721175 -0.007175
-0.007237 -0.0072
-0.00726225 -0.007225
-0.0072875 -0.00725
-0.00731275 -0.007275
-0.007338 -0.0073
-0.00736325 -0.007325
-0.0073885 -0.00735
-0.00741375 -0.007375
-0.007439 -0.0074
-0.00746425 -0.007425
-0.0074895 -0.00745
-0.00751475 -0.007475
-0.00754 -0.0075
-0.007565 -0.007525
-0.00759 -0.00755
-0.007615 -0.007575
-0.00764 -0.0076
-0.007665 -0.007625
-0.00769 -0.00765
-0.007715 -0.007675
-0.00774 -0.0077
-0.007765 -0.007725
-0.00779 -0.00775
-0.007815 -0.007775
-0.00784 -0.0078
-0.007865 -0.007825
-0.00789 -0.00785
-0.007915 -0.007875
-0.00794 -0.0079
-0.007965 -0.007925
-0.00799 -0.00795
-0.008015 -0.007975
-0.00804 -0.008
-0.008065 -0.008025
-0.00809 -0.00805
-0.008115 -0.008075
-0.00814 -0.0081
-0.008165 -0.008125
-0.00819 -0.00815
-0.008215 -0.008175
-0.00824 -0.0082
-0.008265 -0.008225
-0.00829 -0.00825
-0.008315 -0.008275
-0.00834 -0.0083
-0.008365 -0.008325
-0.00839 -0.00835
-0.008415 -0.008375
-0.00844 -0.0084
-0.008465 -0.008425
-0.00849 -0.00845
-0.008515 -0.008475
-0.00854 -0.0085
-0.008565 -0.008525
-0.00859 -0.00855
-0.008615 -0.008575
-0.00864 -0.0086
-0.008665 -0.008625
-0.00869 -0.00865
-0.008715 -0.008675
-0.00874 -0.0087
-0.008765 -0.008725
-0.00879 -0.00875
-0.00876481 -0.008725
-0.00873962 -0.0087
-0.00871443 -0.008675
-0.00868924 -0.00865
-0.00866405 -0.008625
-0.00863886 -0.0086
-0.00861367 -0.008575
-0.00858848 -0.00855
-0.00856329 -0.008525
-0.0085381 -0.0085
-0.00851291 -0.008475
-0.00848771 -0.00845
-0.00846252 -0.008425
-0.00843733 -0.0084
-0.00841214 -0.008375
-0.00838695 -0.00835
-0.00836176 -0.008325
-0.00833657 -0.0083
-0.00831138 -0.008275
-0.00828619 -0.00825
-0.008261 -0.008225
-0.00823581 -0.0082
-0.00821062 -0.008175
-0.00818543 -0.00815
-0.00816024 -0.008125
-0.00813505 -0.0081
-0.00810986 -0.008075
-0.00808467 -0.00805
-0.00805948 -0.008025
-0.00803429 -0.008
-0.0080091 -0.007975
-0.00798391 -0.00795
-0.00795872 -0.007925
-0.00793353 -0.0079
-0.00790833 -0.007875
-0.00788314 -0.00785
-0.00785795 -0.007825
-0.00783276 -0.0078
-0.00780757 -0.007775
-0.00778238 -0.00775
-0.00775719 -0.007725
-0.007732 -0.0077
-0.00770681 -0.007675
-0.00768162 -0.00765
-0.00765643 -0.007625
-0.00763124 -0.0076
-0.00760605 -0.007575
-0.00758086 -0.00755
-0.00755567 -0.007525
-0.00753048 -0.0075
-0.00750529 -0.007475
-0.0074801 -0.00745
-0.00745491 -0.007425
-0.00742972 -0.0074
-0.00740453 -0.007375
-0.00737934 -0.00735
-0.00735414 -0.007325
-0.00732895 -0.0073
-0.00730376 -0.007275
-0.00727857 -0.00725
-0.00725338 -0.007225
-0.00722819 -0.0072
-0.007203 -0.007175
-0.00717781 -0.00715
-0.00715262 -0.007125
-0.00712743 -0.0071
-0.00710224 -0.007075
-0.00707705 -0.00705
-0.00705186 -0.007025
-0.00702667 -0.007
-0.00700148 -0.006975
-0.00697629 -0.00695
-0.0069511 -0.006925
-0.00692591 -0.0069
-0.00690072 -0.006875
-0.00687553 -0.00685
-0.00685034 -0.006825
-0.00682515 -0.0068
-0.00679996 -0.006775
-0.00677476 -0.00675
-0.00674957 -0.006725
-0.00672438 -0.0067
-0.00669919 -0.006675
-0.006674 -0.00665
-0.00664881 -0.006625
-0.00662362 -0.0066
-0.00659843 -0.006575
-0.00657324 -0.00655
-0.00654805 -0.006525
-0.00652286 -0.0065
-0.00649767 -0.006475
-0.00647248 -0.00645
-0.00644729 -0.006425
-0.0064221 -0.0064
-0.00639691 -0.006375
-0.00637172 -0.00635
-0.00634653 -0.006325
-0.00632134 -0.0063
-0.00629615 -0.006275
-0.00627096 -0.00625
-0.00624577 -0.006225
-0.00622058 -0.0062
-0.00619538 -0.006175
-0.00617019 -0.00615
-0.006145 -0.006125
-0.00611981 -0.0061
-0.00609462 -0.006075
-0.00606943 -0.00605
-0.00604424 -0.006025
-0.00601905 -0.006
-0.00599386 -0.005975
-0.00596867 -0.00595
-0.00594348 -0.005925
-0.00591829 -0.0059
-0.0058931 -0.005875
-0.00586791 -0.00585
-0.00584272 -0.005825
-0.00581753 -0.0058
-0.00579234 -0.005775
-0.00576715 -0.00575
-0.00574196 -0.005725
-0.00571677 -0.0057
-0.00569158 -0.005675
-0.00566639 -0.00565
-0.0056412 -0.005625
-0.005616 -0.0056
-0.00559081 -0.005575
-0.00556562 -0.00555
-0.00554043 -0.005525
-0.00551524 -0.0055
-0.00549005 -0.005475
-0.00546486 -0.00545
-0.00543967 -0.005425
-0.00541448 -0.0054
-0.00538929 -0.005375
-0.0053641 -0.00535
-0.00533891 -0.005325
-0.00531372 -0.0053
-0.00528853 -0.005275
-0.00526334 -0.00525
-0.00523815 -0.005225
-0.00521296 -0.0052
-0.00518777 -0.005175
-0.00516258 -0.00515
-0.00513739 -0.005125
-0.0051122 -0.0051
-0.00508701 -0.005075
-0.00506181 -0.00505
-0.00503662 -0.005025
-0.00501143 -0.005
-0.00498624 -0.004975
-0.00496105 -0.00495
-0.00493586 -0.004925
-0.00491067 -0.0049
-0.00488548 -0.004875
-0.00486029 -0.00485
-0.0048351 -0.004825
-0.00480991 -0.0048
-0.00478472 -0.004775
-0.00475953 -0.00475
-0.00473434 -0.004725
-0.00470915 -0.0047
-0.00468396 -0.004675
-0.00465877 -0.00465
-0.00463358 -0.004625
-0.00460839 -0.0046
-0.0045832 -0.004575
-0.00455801 -0.00455
-0.00453282 -0.004525
-0.00450763 -0.0045
-0.00448243 -0.004475
-0.00445724 -0.00445
-0.00443205 -0.004425
-0.00440686 -0.0044
-0.00438167 -0.004375
-0.00435648 -0.00435
-0.00433129 -0.004325
-0.0043061 -0.0043
-0.00428091 -0.004275
-0.00425572 -0.00425
-0.00423053 -0.004225
-0.00420534 -0.0042
-0.00418015 -0.004175
-0.00415496 -0.00415
-0.00412977 -0.004125
-0.00410458 -0.0041
-0.00407939 -0.004075
-0.0040542 -0.00405
-0.00402901 -0.004025
-0.00400382 -0.004
-0.00397863 -0.003975
-0.00395344 -0.00395
-0.00392825 -0.003925
-0.00390305 -0.0039
-0.00387786 -0.003875
-0.00385267 -0.00385
-0.00382748 -0.003825
-0.00380229 -0.0038
-0.0037771 -0.003775
-0.00375191 -0.00375
-0.00372672 -0.003725
-0.00370153 -0.0037
-0.00367634 -0.003675
-0.00365115 -0.00365
-0.00362596 -0.003625
-0.00360077 -0.0036
-0.00357558 -0.003575
-0.00355039 -0.00355
-0.0035252 -0.003525
-0.00350001 -0.0035
-0.003475 -0.003475
-0.00345 -0.00345
-0.003425 -0.003425
-0.0034 -0.0034
-0.003375 -0.003375
-0.00335 -0.00335
-0.003325 -0.003325
-0.0033 -0.0033
-0.003275 -0.003275
-0.00325 -0.00325
-0.003225 -0.003225
-0.0032 -0.0032
-0.003175 -0.003175
-0.00315 -0.00315
-0.003125 -0.003125
-0.0031 -0.0031
-0.003075 -0.003075
-0.00305 -0.00305
-0.003025 -0.003025
-0.003 -0.003
-0.002975 -0.002975
-0.00295 -0.00295
-0.002925 -0.002925
-0.0029 -0.0029
-0.002875 -0.002875
-0.00285 -0.00285
-0.002825 -0.002825
-0.0028 -0.0028
-0.002775 -0.002775
-0.00275 -0.00275
-0.002725 -0.002725
-0.0027 -0.0027
-0.002675 -0.002675
-0.00265 -0.00265
-0.002625 -0.002625
-0.0026 -0.0026
-0.002575 -0.002575
-0.00255 -0.00255
-0.002525 -0.002525
-0.0025 -0.0025
-0.002475 -0.002475
-0.00245 -0.00245
-0.002425 -0.002425
-0.0024 -0.0024
-0.002375 -0.002375
-0.00235 -0.00235
-0.002325 -0.002325
-0.0023 -0.0023
-0.002275 -0.002275
-0.00225 -0.00225
-0.002225 -0.002225
-0.0022 -0.0022
-0.002175 -0.002175
-0.00215 -0.00215
-0.002125 -0.002125
-0.0021 -0.0021
-0.002075 -0.002075
-0.00205 -0.00205
-0.002025 -0.002025
-0.002 -0.002
-0.001975 -0.001975
-0.00195 -0.00195
-0.001925 -0.001925
-0.0019 -0.0019
-0.001875 -0.001875
-0.00185 -0.00185
-0.001825 -0.001825
-0.0018 -0.0018
-0.001775 -0.001775
-0.00175 -0.00175
-0.001725 -0.001725
-0.0017 -0.0017
-0.001675 -0.001675
-0.00165 -0.00165
-0.001625 -0.001625
-0.0016 -0.0016
-0.001575 -0.001575
-0.00155 -0.00155
-0.001525 -0.001525
-0.0015 -0.0015
-0.001475 -0.001475
-0.00145 -0.00145
-0.001425 -0.001425
-0.0014 -0.0014
-0.001375 -0.001375
-0.00135 -0.00135
-0.001325 -0.001325
-0.0013 -0.0013
-0.001275 -0.001275
-0.00125 -0.00125
-0.001225 -0.001225
-0.0012 -0.0012
-0.001175 -0.001175
-0.00115 -0.00115
-0.001125 -0.001125
-0.0011 -0.0011
-0.001075 -0.001075
-0.00105 -0.00105
-0.001025 -0.001025
-0.001 -0.001
-0.000975 -0.000975
-0.00095 -0.00095
-0.000925 -0.000925
-0.0009 -0.0009
-0.000875 -0.000875
-0.00085 -0.00085
-0.000825 -0.000825
-0.0008 -0.0008
-0.000775 -0.000775
-0.00075 -0.00075
-0.000725 -0.000725
-0.0007 -0.0007
-0.000675 -0.000675
-0.00065 -0.00065
-0.000625 -0.000625
-0.0006 -0.0006
-0.000575 -0.000575
-0.00055 -0.00055
-0.000525 -0.000525
-0.0005 -0.0005
-0.000475 -0.000475
-0.00045 -0.00045
-0.000425 -0.000425
-0.0004 -0.0004
-0.000375 -0.000375
-0.00035 -0.00035
-0.000325 -0.000325
-0.0003 -0.0003
-0.000275 -0.000275
-0.00025 -0.00025
-0.000225 -0.000225
-0.0002 -0.0002
-0.000175 -0.000175
-0.00015 -0.00015
-0.000125 -0.000125
-0.0001 -0.0001
-7.5e-05 -7.5e-05
-5e-05 -5e-05
-2.5e-05 -2.5e-05
-9.28348e-19 -9.28348e-19
2.5e-05 2.5e-05
5e-05 5e-05
7.5e-05 7.5e-05
0.0001 0.0001
0.000125 0.000125
0.00015 0.00015
0.000175 0.000175
0.0002 0.0002
0.000225 0.000225
0.00025 0.00025
0.000275 0.000275
0.0003 0.0003
0.000325 0.000325
0.00035 0.00035
0.000375 0.000375
0.0004 0.0004
0.000425 0.000425
0.00045 0.00045
0.000475 0.000475
0.0005 0.0005
0.000525 0.000525
0.00055 0.00055
0.000575 0.000575
0.0006 0.0006
0.000625 0.000625
0.00065 0.00065
0.000675 0.000675
0.0007 0.0007
0.000725 0.000725
0.00075 0.00075
0.000775 0.000775
0.0008 0.0008
0.000825 0.000825
0.00085 0.00085
0.000875 0.000875
0.00085 0.00085
0.000825 0.000825
0.0008 0.0008
0.000775 0.000775
0.00075 0.00075
0.000725 0.000725
0.0007 0.0007
0.000675 0.000675
0.00065 0.00065
0.000625 0.000625
0.0006 0.0006
0.000575 0.000575
0.00055 0.00055
0.000525 0.000525
0.0005 0.0005
0.000475 0.000475
0.00045 0.00045
0.000425 0.000425
0.0004 0.0004
0.000375 0.000375
0.00035 0.00035
0.000325 0.000325
0.0003 0.0003
0.000275 0.000275
0.00025 0.00025
0.000225 0.000225
0.0002 0.0002
0.000175 0.000175
0.00015 0.00015
0.000125 0.000125
0.0001 0.0001
7.5e-05 7.5e-05
5e-05 5e-05
2.5e-05 2.5e-05
-9.14796e-19 -9.14796e-19
