-2.79316e-05 -2.5e-05
-5.58441e-05 -5e-05
-8.37374e-05 -7.5e-05
-0.000111612 -0.0001
-0.000139466 -0.000125
-0.000167302 -0.00015
-0.000195118 -0.000175
-0.000222915 -0.0002
-0.000250692 -0.000225
-0.000278449 -0.00025
-0.000306187 -0.000275
-0.000333906 -0.0003
-0.000361604 -0.000325
-0.000389283 -0.00035
-0.000416943 -0.000375
-0.000444582 -0.0004
-0.000472201 -0.000425
-0.000499801 -0.00045
-0.00052738 -0.000475
-0.00055494 -0.0005
-0.000582479 -0.000525
-0.000609998 -0.00055
-0.000637497 -0.000575
-0.000664975 -0.0006
-0.000692434 -0.000625
-0.000719872 -0.00065
-0.000747289 -0.000675
-0.000774686 -0.0007
-0.000802062 -0.000725
-0.000829418 -0.00075
-0.000856753 -0.000775
-0.000884067 -0.0008
-0.000911361 -0.000825
-0.000938634 -0.00085
-0.000965886 -0.000875
-0.000993116 -0.0009
-0.00102033 -0.000925
-0.00104752 -0.00095
-0.00107468 -0.000975
-0.00110183 -0.001
-0.00112895 -0.001025
-0.00115606 -0.00105
-0.00118314 -0.001075
-0.0012102 -0.0011
-0.00123724 -0.001125
-0.00126426 -0.00115
-0.00129126 -0.001175
-0.00131823 -0.0012
-0.00134518 -0.001225
-0.00137212 -0.00125
-0.00134419 -0.001225
-0.00131625 -0.0012
-0.00128832 -0.001175
-0.00126039 -0.00115
-0.00123246 -0.001125
-0.00120453 -0.0011
-0.0011766 -0.001075
-0.00114867 -0.00105
-0.00112074 -0.001025
-0.00109281 -0.001
-0.00106488 -0.000975
-0.00103695 -0.00095
-0.00100902 -0.000925
-0.000981093 -0.0009
-0.000953163 -0.000875
-0.000925233 -0.00085
-0.000897303 -0.000825
-0.000869373 -0.0008
-0.000841443 -0.000775
-0.000813512 -0.00075
-0.000785582 -0.000725
-0.000757652 -0.0007
-0.000729722 -0.000675
-0.000701792 -0.00065
-0.000673862 -0.000625
-0.000645932 -0.0006
-0.000618001 -0.000575
-0.000590071 -0.00055
-0.000562141 -0.000525
-0.000534211 -0.0005
-0.000506281 -0.000475
-0.000478351 -0.00045
-0.000450421 -0.000425
-0.00042249 -0.0004
-0.00039456 -0.000375
-0.00036663 -0.00035
-0.0003387 -0.000325
-0.00031077 -0.0003
-0.00028284 -0.000275
-0.00025491 -0.00025
-0.000226979 -0.000225
-0.0002 -0.0002
-0.000175 -0.000175
-0.00015 -0.00015
-0.000125 -0.000125
-0.0001 -0.0001
-7.5e-05 -7.5e-05
-5e-05 -5e-05
-2.5e-05 -2.5e-05
-6.09864e-20 -6.09864e-20
2.5e-05 2.5e-05
5e-05 5e-05
7.5e-05 7.5e-05
0.0001 0.0001
0.000125 0.000125
0.0001 0.0001
7.5e-05 7.5e-05
5e-05 5e-05
2.5e-05 2.5e-05
-4.74338e-20 -4.74338e-20
-2.5e-05 -2.5e-05
-5e-05 -5e-05
-7.5e-05 -7.5e-05
-0.0001 -0.0001
-0.000125 -0.000125
-0.00015 -0.00015
-0.000175 -0.000175
-0.0002 -0.0002
-0.000226979 -0.000225
-0.00025491 -0.00025
-0.00028284 -0.000275
-0.00031077 -0.0003
-0.0003387 -0.000325
-0.00036663 -0.00035
-0.00039456 -0.000375
-0.00042249 -0.0004
-0.000450421 -0.000425
-0.000478351 -0.00045
-0.000506281 -0.000475
-0.000534211 -0.0005
-0.000562141 -0.000525
-0.000590071 -0.00055
-0.000618001 -0.000575
-0.000645932 -0.0006
-0.000673862 -0.000625
-0.000701792 -0.00065
-0.000729722 -0.000675
-0.000757652 -0.0007
-0.000785582 -0.000725
-0.000813512 -0.00075
-0.000841443 -0.000775
-0.000869373 -0.0008
-0.000897303 -0.000825
-0.000925233 -0.00085
-0.000953163 -0.000875
-0.000981093 -0.0009
-0.00100902 -0.000925
-0.00103695 -0.00095
-0.00106488 -0.000975
-0.00109281 -0.001
-0.00112074 -0.001025
-0.00114867 -0.00105
-0.0011766 -0.001075
-0.00120453 -0.0011
-0.00123246 -0.001125
-0.00126039 -0.00115
-0.00128832 -0.001175
-0.00131625 -0.0012
-0.00134419 -0.001225
-0.00137212 -0.00125
-0.00139902 -0.001275
-0.00142591 -0.0013
-0.00145278 -0.001325
-0.00147962 -0.00135
-0.00150644 -0.001375
-0.00153324 -0.0014
-0.00156002 -0.001425
-0.00158677 -0.00145
-0.00161351 -0.001475
-0.00164022 -0.0015
-0.0016669 -0.001525
-0.00169357 -0.00155
-0.00172021 -0.001575
-0.00174683 -0.0016
-0.00177343 -0.001625
-0.0018 -0.00165
-0.00182655 -0.001675
-0.00185308 -0.0017
-0.00187958 -0.001725
-0.00190607 -0.00175
-0.00193252 -0.001775
-0.00195896 -0.0018
-0.00198537 -0.001825
-0.00201176 -0.00185
-0.00203813 -0.001875
-0.00206447 -0.0019
-0.00209079 -0.001925
-0.00211708 -0.00195
-0.00214335 -0.001975
-0.0021696 -0.002
-0.00219582 -0.002025
-0.00222202 -0.00205
-0.0022482 -0.002075
-0.00227435 -0.0021
-0.00230048 -0.002125
-0.00232658 -0.00215
-0.00235266 -0.002175
-0.00237871 -0.0022
-0.00240474 -0.002225
-0.00243075 -0.00225
-0.00245673 -0.002275
-0.00248269 -0.0023
-0.00250862 -0.002325
-0.00253452 -0.00235
-0.00256041 -0.002375
-0.00258626 -0.0024
-0.00261209 -0.002425
-0.0026379 -0.00245
-0.00266368 -0.002475
-0.00268944 -0.0025
-0.00271517 -0.002525
-0.00274087 -0.00255
-0.00276655 -0.002575
-0.00279221 -0.0026
-0.00281783 -0.002625
-0.00284344 -0.00265
-0.00286901 -0.002675
-0.00289456 -0.0027
-0.00292009 -0.002725
-0.00294559 -0.00275
-0.00297106 -0.002775
-0.00299651 -0.0028
-0.00302193 -0.002825
-0.00304732 -0.00285
-0.00307269 -0.002875
-0.00309803 -0.0029
-0.00312334 -0.002925
-0.00314863 -0.00295
-0.00317389 -0.002975
-0.00319912 -0.003
-0.00322432 -0.003025
-0.0032495 -0.00305
-0.00327465 -0.003075
-0.00329978 -0.0031
-0.00332488 -0.003125
-0.00334994 -0.00315
-0.00337499 -0.003175
-0.0034 -0.0032
-0.00342428 -0.003225
-0.00344856 -0.00325
-0.00347284 -0.003275
-0.00349712 -0.0033
-0.0035214 -0.003325
-0.00354568 -0.00335
-0.00356996 -0.003375
-0.00359424 -0.0034
-0.00361852 -0.003425
-0.0036428 -0.00345
-0.00366708 -0.003475
-0.00369136 -0.0035
-0.00371564 -0.003525
-0.00373992 -0.00355
-0.0037642 -0.003575
-0.00378848 -0.0036
-0.00381276 -0.003625
-0.00383704 -0.00365
-0.00386132 -0.003675
-0.0038856 -0.0037
-0.00390988 -0.003725
-0.00393416 -0.00375
-0.00390743 -0.003725
-0.00388071 -0.0037
-0.00385399 -0.003675
-0.00382726 -0.00365
-0.00380054 -0.003625
-0.00377382 -0.0036
-0.00374709 -0.003575
-0.00372037 -0.00355
-0.00369365 -0.003525
-0.00366693 -0.0035
-0.0036402 -0.003475
-0.00361348 -0.00345
-0.00358676 -0.003425
-0.00356003 -0.0034
-0.00353331 -0.003375
-0.00350659 -0.00335
-0.00347986 -0.003325
-0.00345314 -0.0033
-0.00342642 -0.003275
-0.00339969 -0.00325
-0.00337297 -0.003225
-0.00334625 -0.0032
-0.00331952 -0.003175
-0.0032928 -0.00315
-0.00326608 -0.003125
-0.00323936 -0.0031
-0.00321263 -0.003075
-0.00318591 -0.00305
-0.00315919 -0.003025
-0.00313246 -0.003
-0.00310574 -0.002975
-0.00307902 -0.00295
-0.00305229 -0.002925
-0.00302557 -0.0029
-0.00299885 -0.002875
-0.00297212 -0.00285
-0.0029454 -0.002825
-0.00291868 -0.0028
-0.00289196 -0.002775
-0.00286523 -0.00275
-0.00283851 -0.002725
-0.00281179 -0.0027
-0.00278506 -0.002675
-0.00275834 -0.00265
-0.00273162 -0.002625
-0.00270489 -0.0026
-0.00267817 -0.002575
-0.00265145 -0.00255
-0.00262472 -0.002525
-0.002598 -0.0025
-0.00257128 -0.002475
-0.00254455 -0.00245
-0.00251783 -0.002425
-0.00249111 -0.0024
-0.00246439 -0.002375
-0.00243766 -0.00235
-0.00241094 -0.002325
-0.00238422 -0.0023
-0.00235749 -0.002275
-0.00233077 -0.00225
-0.00230405 -0.002225
-0.00227732 -0.0022
-0.0022506 -0.002175
-0.00222388 -0.00215
-0.00219715 -0.002125
-0.00217043 -0.0021
-0.00214371 -0.002075
-0.00211699 -0.00205
-0.00209026 -0.002025
-0.00206354 -0.002
-0.00203682 -0.001975
-0.00201009 -0.00195
-0.00198337 -0.001925
-0.00195665 -0.0019
-0.00192992 -0.001875
-0.0019032 -0.00185
-0.00187648 -0.001825
-0.00184975 -0.0018
-0.00182303 -0.001775
-0.00179631 -0.00175
-0.00176958 -0.001725
-0.00174286 -0.0017
-0.00171614 -0.001675
-0.00168942 -0.00165
-0.00166269 -0.001625
-0.00163597 -0.0016
-0.00160925 -0.001575
-0.00158252 -0.00155
-0.0015558 -0.001525
-0.00152908 -0.0015
-0.00150235 -0.001475
-0.00147563 -0.00145
-0.00144891 -0.001425
-0.00142218 -0.0014
-0.00139546 -0.001375
-0.00136874 -0.00135
-0.00134202 -0.001325
-0.00131529 -0.0013
-0.00128857 -0.001275
-0.00126185 -0.00125
-0.00123512 -0.001225
-0.0012084 -0.0012
-0.00118168 -0.001175
-0.00115495 -0.00115
-0.00112823 -0.001125
-0.00110151 -0.0011
-0.001075 -0.001075
-0.00105 -0.00105
-0.001025 -0.001025
-0.001 -0.001
-0.000975 -0.000975
-0.00095 -0.00095
-0.000925 -0.000925
-0.0009 -0.0009
-0.000875 -0.000875
-0.00085 -0.00085
-0.000825 -0.000825
-0.0008 -0.0008
-0.000775 -0.000775
-0.00075 -0.00075
-0.000725 -0.000725
-0.0007 -0.0007
-0.000675 -0.000675
-0.00065 -0.00065
-0.000625 -0.000625
-0.0006 -0.0006
-0.000575 -0.000575
-0.00055 -0.00055
-0.000525 -0.000525
-0.0005 -0.0005
-0.000475 -0.000475
-0.00045 -0.00045
-0.000425 -0.000425
-0.0004 -0.0004
-0.000375 -0.000375
-0.00035 -0.00035
-0.000325 -0.000325
-0.0003 -0.0003
-0.000275 -0.000275
-0.00025 -0.00025
-0.000225 -0.000225
-0.0002 -0.0002
-0.000175 -0.000175
-0.00015 -0.00015
-0.000125 -0.000125
-0.0001 -0.0001
-7.5e-05 -7.5e-05
-5e-05 -5e-05
-2.5e-05 -2.5e-05
-6.09864e-20 -6.09864e-20
2.5e-05 2.5e-05
5e-05 5e-05
7.5e-05 7.5e-05
0.0001 0.0001
0.000125 0.000125
0.00015 0.00015
0.000175 0.000175
0.0002 0.0002
0.000225 0.000225
0.00025 0.00025
0.000275 0.000275
0.0003 0.0003
0.000325 0.000325
0.00035 0.00035
0.000375 0.000375
0.00035 0.00035
0.000325 0.000325
0.0003 0.0003
0.000275 0.000275
0.00025 0.00025
0.000225 0.000225
0.0002 0.0002
0.000175 0.000175
0.00015 0.00015
0.000125 0.000125
0.0001 0.0001
7.5e-05 7.5e-05
5e-05 5e-05
2.5e-05 2.5e-05
-4.74338e-20 -4.74338e-20
-2.5e-05 -2.5e-05
-5e-05 -5e-05
-7.5e-05 -7.5e-05
-0.0001 -0.0001
-0.000125 -0.000125
-0.00015 -0.00015
-0.000175 -0.000175
-0.0002 -0.0002
-0.000225 -0.000225
-0.00025 -0.00025
-0.000275 -0.000275
-0.0003 -0.0003
-0.000325 -0.000325
-0.00035 -0.00035
-0.000375 -0.000375
-0.0004 -0.0004
-0.000425 -0.000425
-0.00045 -0.00045
-0.000475 -0.000475
-0.0005 -0.0005
-0.000525 -0.000525
-0.00055 -0.00055
-0.000575 -0.000575
-0.0006 -0.0006
-0.000625 -0.000625
-0.00065 -0.00065
-0.000675 -0.000675
-0.0007 -0.0007
-0.000725 -0.000725
-0.00075 -0.00075
-0.000775 -0.000775
-0.0008 -0.0008
-0.000825 -0.000825
-0.00085 -0.00085
-0.000875 -0.000875
-0.0009 -0.0009
-0.000925 -0.000925
-0.00095 -0.00095
-0.000975 -0.000975
-0.001 -0.001
-0.001025 -0.001025
-0.00105 -0.00105
-0.001075 -0.001075
-0.00110151 -0.0011
-0.00112823 -0.001125
-0.00115495 -0.00115
-0.00118168 -0.001175
-0.0012084 -0.0012
-0.00123512 -0.001225
-0.00126185 -0.00125
-0.00128857 -0.001275
-0.00131529 -0.0013
-0.00134202 -0.001325
-0.00136874 -0.00135
-0.00139546 -0.001375
-0.00142218 -0.0014
-0.00144891 -0.001425
-0.00147563 -0.00145
-0.00150235 -0.001475
-0.00152908 -0.0015
-0.0015558 -0.001525
-0.00158252 -0.00155
-0.00160925 -0.001575
-0.00163597 -0.0016
-0.00166269 -0.001625
-0.00168942 -0.00165
-0.00171614 -0.001675
-0.00174286 -0.0017
-0.00176958 -0.001725
-0.00179631 -0.00175
-0.00182303 -0.001775
-0.00184975 -0.0018
-0.00187648 -0.001825
-0.0019032 -0.00185
-0.00192992 -0.001875
-0.00195665 -0.0019
-0.00198337 -0.001925
-0.00201009 -0.00195
-0.00203682 -0.001975
-0.00206354 -0.002
-0.00209026 -0.002025
-0.00211699 -0.00205
-0.00214371 -0.002075
-0.00217043 -0.0021
-0.00219715 -0.002125
-0.00222388 -0.00215
-0.0022506 -0.002175
-0.00227732 -0.0022
-0.00230405 -0.002225
-0.00233077 -0.00225
-0.00235749 -0.002275
-0.00238422 -0.0023
-0.00241094 -0.002325
-0.00243766 -0.00235
-0.00246439 -0.002375
-0.00249111 -0.0024
-0.00251783 -0.002425
-0.00254455 -0.00245
-0.00257128 -0.002475
-0.002598 -0.0025
-0.00262472 -0.002525
-0.00265145 -0.00255
-0.00267817 -0.002575
-0.00270489 -0.0026
-0.00273162 -0.002625
-0.00275834 -0.00265
-0.00278506 -0.002675
-0.00281179 -0.0027
-0.00283851 -0.002725
-0.00286523 -0.00275
-0.00289196 -0.002775
-0.00291868 -0.0028
-0.0029454 -0.002825
-0.00297212 -0.00285
-0.00299885 -0.002875
-0.00302557 -0.0029
-0.00305229 -0.002925
-0.00307902 -0.00295
-0.00310574 -0.002975
-0.00313246 -0.003
-0.00315919 -0.003025
-0.00318591 -0.00305
-0.00321263 -0.003075
-0.00323936 -0.0031
-0.00326608 -0.003125
-0.0032928 -0.00315
-0.00331952 -0.003175
-0.00334625 -0.0032
-0.00337297 -0.003225
-0.00339969 -0.00325
-0.00342642 -0.003275
-0.00345314 -0.0033
-0.00347986 -0.003325
-0.00350659 -0.00335
-0.00353331 -0.003375
-0.00356003 -0.0034
-0.00358676 -0.003425
-0.00361348 -0.00345
-0.0036402 -0.003475
-0.00366693 -0.0035
-0.00369365 -0.003525
-0.00372037 -0.00355
-0.00374709 -0.003575
-0.00377382 -0.0036
-0.00380054 -0.003625
-0.00382726 -0.00365
-0.00385399 -0.003675
-0.00388071 -0.0037
-0.00390743 -0.003725
-0.00393416 -0.00375
-0.00395844 -0.003775
-0.00398272 -0.0038
-0.004007 -0.003825
-0.00403128 -0.00385
-0.00405556 -0.003875
-0.00407984 -0.0039
-0.00410412 -0.003925
-0.0041284 -0.00395
-0.00415267 -0.003975
-0.00417695 -0.004
-0.00420123 -0.004025
-0.00422551 -0.00405
-0.00424979 -0.004075
-0.00427407 -0.0041
-0.00429835 -0.004125
-0.00432263 -0.00415
-0.00434691 -0.004175
-0.00437119 -0.0042
-0.00439547 -0.004225
-0.00441975 -0.00425
-0.00444403 -0.004275
-0.00446831 -0.0043
-0.00449259 -0.004325
-0.00451687 -0.00435
-0.00454115 -0.004375
-0.00456543 -0.0044
-0.00458971 -0.004425
-0.00461399 -0.00445
-0.00463827 -0.004475
-0.00466255 -0.0045
-0.00468683 -0.004525
-0.00471111 -0.00455
-0.00473539 -0.004575
-0.00475967 -0.0046
-0.00478395 -0.004625
-0.00480823 -0.00465
-0.00483251 -0.004675
-0.00485679 -0.0047
-0.00488107 -0.004725
-0.00490535 -0.00475
-0.00492963 -0.004775
-0.00495391 -0.0048
-0.00497819 -0.004825
-0.00500247 -0.00485
-0.00502675 -0.004875
-0.00505103 -0.0049
-0.00507531 -0.004925
-0.00509959 -0.00495
-0.00512387 -0.004975
-0.00514815 -0.005
-0.005122 -0.004975
-0.00509586 -0.00495
-0.00506971 -0.004925
-0.00504356 -0.0049
-0.00501742 -0.004875
-0.00499127 -0.00485
-0.00496513 -0.004825
-0.00493898 -0.0048
-0.00491283 -0.004775
-0.00488669 -0.00475
-0.00486054 -0.004725
-0.00483439 -0.0047
-0.00480825 -0.004675
-0.0047821 -0.00465
-0.00475596 -0.004625
-0.00472981 -0.0046
-0.00470366 -0.004575
-0.00467752 -0.00455
-0.00465137 -0.004525
-0.00462523 -0.0045
-0.00459908 -0.004475
-0.00457293 -0.00445
-0.00454679 -0.004425
-0.00452064 -0.0044
-0.00449449 -0.004375
-0.00446835 -0.00435
-0.0044422 -0.004325
-0.00441606 -0.0043
-0.00438991 -0.004275
-0.00436376 -0.00425
-0.00433762 -0.004225
-0.00431147 -0.0042
-0.00428533 -0.004175
-0.00425918 -0.00415
-0.00423303 -0.004125
-0.00420689 -0.0041
-0.00418074 -0.004075
-0.00415459 -0.00405
-0.00412845 -0.004025
-0.0041023 -0.004
-0.00407616 -0.003975
-0.00405001 -0.00395
-0.00402386 -0.003925
-0.00399772 -0.0039
-0.00397157 -0.003875
-0.00394543 -0.00385
-0.00391928 -0.003825
-0.00389313 -0.0038
-0.00386699 -0.003775
-0.00384084 -0.00375
-0.0038147 -0.003725
-0.00378855 -0.0037
-0.0037624 -0.003675
-0.00373626 -0.00365
-0.00371011 -0.003625
-0.00368396 -0.0036
-0.00365782 -0.003575
-0.00363167 -0.00355
-0.00360553 -0.003525
-0.00357938 -0.0035
-0.00355323 -0.003475
-0.00352709 -0.00345
-0.00350094 -0.003425
-0.0034748 -0.0034
-0.00344865 -0.003375
-0.0034225 -0.00335
-0.00339636 -0.003325
-0.00337021 -0.0033
-0.00334406 -0.003275
-0.00331792 -0.00325
-0.00329177 -0.003225
-0.00326563 -0.0032
-0.00323948 -0.003175
-0.00321333 -0.00315
-0.00318719 -0.003125
-0.00316104 -0.0031
-0.0031349 -0.003075
-0.00310875 -0.00305
-0.0030826 -0.003025
-0.00305646 -0.003
-0.00303031 -0.002975
-0.00300417 -0.00295
-0.00297802 -0.002925
-0.00295187 -0.0029
-0.00292573 -0.002875
-0.00289958 -0.00285
-0.00287343 -0.002825
-0.00284729 -0.0028
-0.00282114 -0.002775
-0.002795 -0.00275
-0.00276885 -0.002725
-0.0027427 -0.0027
-0.00271656 -0.002675
-0.00269041 -0.00265
-0.00266427 -0.002625
-0.00263812 -0.0026
-0.00261197 -0.002575
-0.00258583 -0.00255
-0.00255968 -0.002525
-0.00253353 -0.0025
-0.00250739 -0.002475
-0.00248124 -0.00245
-0.0024551 -0.002425
-0.00242895 -0.0024
-0.0024028 -0.002375
-0.00237666 -0.00235
-0.00235051 -0.002325
-0.00232437 -0.0023
-0.00229822 -0.002275
-0.00227207 -0.00225
-0.00224593 -0.002225
-0.00221978 -0.0022
-0.00219363 -0.002175
-0.00216749 -0.00215
-0.00214134 -0.002125
-0.0021152 -0.0021
-0.00208905 -0.002075
-0.0020629 -0.00205
-0.00203676 -0.002025
-0.00201061 -0.002
-0.00198447 -0.001975
-0.00195832 -0.00195
-0.00193217 -0.001925
-0.00190603 -0.0019
-0.00187988 -0.001875
-0.00185374 -0.00185
-0.00182759 -0.001825
-0.00180144 -0.0018
-0.0017753 -0.001775
-0.00175 -0.00175
-0.001725 -0.001725
-0.0017 -0.0017
-0.001675 -0.001675
-0.00165 -0.00165
-0.001625 -0.001625
-0.0016 -0.0016
-0.001575 -0.001575
-0.00155 -0.00155
-0.001525 -0.001525
-0.0015 -0.0015
-0.001475 -0.001475
-0.00145 -0.00145
-0.001425 -0.001425
-0.0014 -0.0014
-0.001375 -0.001375
-0.00135 -0.00135
-0.001325 -0.001325
-0.0013 -0.0013
-0.001275 -0.001275
-0.00125 -0.00125
-0.001225 -0.001225
-0.0012 -0.0012
-0.001175 -0.001175
-0.00115 -0.00115
-0.001125 -0.001125
-0.0011 -0.0011
-0.001075 -0.001075
-0.00105 -0.00105
-0.001025 -0.001025
-0.001 -0.001
-0.000975 -0.000975
-0.00095 -0.00095
-0.000925 -0.000925
-0.0009 -0.0009
-0.000875 -0.000875
-0.00085 -0.00085
-0.000825 -0.000825
-0.0008 -0.0008
-0.000775 -0.000775
-0.00075 -0.00075
-0.000725 -0.000725
-0.0007 -0.0007
-0.000675 -0.000675
-0.00065 -0.00065
-0.000625 -0.000625
-0.0006 -0.0006
-0.000575 -0.000575
-0.00055 -0.00055
-0.000525 -0.000525
-0.0005 -0.0005
-0.000475 -0.000475
-0.00045 -0.00045
-0.000425 -0.000425
-0.0004 -0.0004
-0.000375 -0.000375
-0.00035 -0.00035
-0.000325 -0.000325
-0.0003 -0.0003
-0.000275 -0.000275
-0.00025 -0.00025
-0.000225 -0.000225
-0.0002 -0.0002
-0.000175 -0.000175
-0.00015 -0.00015
-0.000125 -0.000125
-0.0001 -0.0001
-7.5e-05 -7.5e-05
-5e-05 -5e-05
-2.5e-05 -2.5e-05
-6.09864e-20 -6.09864e-20
2.5e-05 2.5e-05
5e-05 5e-05
7.5e-05 7.5e-05
0.0001 0.0001
0.000125 0.000125
0.00015 0.00015
0.000175 0.000175
0.0002 0.0002
0.000225 0.000225
0.00025 0.00025
0.000275 0.000275
0.0003 0.0003
0.000325 0.000325
0.00035 0.00035
0.000375 0.000375
0.0004 0.0004
0.000425 0.000425
0.00045 0.00045
0.000475 0.000475
0.0005 0.0005
0.000475 0.000475
0.00045 0.00045
0.000425 0.000425
0.0004 0.0004
0.000375 0.000375
0.00035 0.00035
0.000325 0.000325
0.0003 0.0003
0.000275 0.000275
0.00025 0.00025
0.000225 0.000225
0.0002 0.0002
0.000175 0.000175
0.00015 0.00015
0.000125 0.000125
0.0001 0.0001
7.5e-05 7.5e-05
5e-05 5e-05
2.5e-05 2.5e-05
-4.74338e-20 -4.74338e-20
-2.5e-05 -2.5e-05
-5e-05 -5e-05
-7.5e-05 -7.5e-05
-0.0001 -0.0001
-0.000125 -0.000125
-0.00015 -0.00015
-0.000175 -0.000175
-0.0002 -0.0002
-0.000225 -0.000225
-0.00025 -0.00025
-0.000275 -0.000275
-0.0003 -0.0003
-0.000325 -0.000325
-0.00035 -0.00035
-0.000375 -0.000375
-0.0004 -0.0004
-0.000425 -0.000425
-0.00045 -0.00045
-0.000475 -0.000475
-0.0005 -0.0005
-0.000525 -0.000525
-0.00055 -0.00055
-0.000575 -0.000575
-0.0006 -0.0006
-0.000625 -0.000625
-0.00065 -0.00065
-0.000675 -0.000675
-0.0007 -0.0007
-0.000725 -0.000725
-0.00075 -0.00075
-0.000775 -0.000775
-0.0008 -0.0008
-0.000825 -0.000825
-0.00085 -0.00085
-0.000875 -0.000875
-0.0009 -0.0009
-0.000925 -0.000925
-0.00095 -0.00095
-0.000975 -0.000975
-0.001 -0.001
-0.001025 -0.001025
-0.00105 -0.00105
-0.001075 -0.001075
-0.0011 -0.0011
-0.001125 -0.001125
-0.00115 -0.00115
-0.001175 -0.001175
-0.0012 -0.0012
-0.001225 -0.001225
-0.00125 -0.00125
-0.001275 -0.001275
-0.0013 -0.0013
-0.001325 -0.001325
-0.00135 -0.00135
-0.001375 -0.001375
-0.0014 -0.0014
-0.001425 -0.001425
-0.00145 -0.00145
-0.001475 -0.001475
-0.0015 -0.0015
-0.001525 -0.001525
-0.00155 -0.00155
-0.001575 -0.001575
-0.0016 -0.0016
-0.001625 -0.001625
-0.00165 -0.00165
-0.001675 -0.001675
-0.0017 -0.0017
-0.001725 -0.001725
-0.00175 -0.00175
-0.0017753 -0.001775
-0.00180144 -0.0018
-0.00182759 -0.001825
-0.00185374 -0.00185
-0.00187988 -0.001875
-0.00190603 -0.0019
-0.00193217 -0.001925
-0.00195832 -0.00195
-0.00198447 -0.001975
-0.00201061 -0.002
-0.00203676 -0.002025
-0.0020629 -0.00205
-0.00208905 -0.002075
-0.0021152 -0.0021
-0.00214134 -0.002125
-0.00216749 -0.00215
-0.00219363 -0.002175
-0.00221978 -0.0022
-0.00224593 -0.002225
-0.00227207 -0.00225
-0.00229822 -0.002275
-0.00232437 -0.0023
-0.00235051 -0.002325
-0.00237666 -0.00235
-0.0024028 -0.002375
-0.00242895 -0.0024
-0.0024551 -0.002425
-0.00248124 -0.00245
-0.00250739 -0.002475
-0.00253353 -0.0025
-0.00255968 -0.002525
-0.00258583 -0.00255
-0.00261197 -0.002575
-0.00263812 -0.0026
-0.00266427 -0.002625
-0.00269041 -0.00265
-0.00271656 -0.002675
-0.0027427 -0.0027
-0.00276885 -0.002725
-0.002795 -0.00275
-0.00282114 -0.002775
-0.00284729 -0.0028
-0.00287343 -0.002825
-0.00289958 -0.00285
-0.00292573 -0.002875
-0.00295187 -0.0029
-0.00297802 -0.002925
-0.00300417 -0.00295
-0.00303031 -0.002975
-0.00305646 -0.003
-0.0030826 -0.003025
-0.00310875 -0.00305
-0.0031349 -0.003075
-0.00316104 -0.0031
-0.00318719 -0.003125
-0.00321333 -0.00315
-0.00323948 -0.003175
-0.00326563 -0.0032
-0.00329177 -0.003225
-0.00331792 -0.00325
-0.00334406 -0.003275
-0.00337021 -0.0033
-0.00339636 -0.003325
-0.0034225 -0.00335
-0.00344865 -0.003375
-0.0034748 -0.0034
-0.00350094 -0.003425
-0.00352709 -0.00345
-0.00355323 -0.003475
-0.00357938 -0.0035
-0.00360553 -0.003525
-0.00363167 -0.00355
-0.00365782 -0.003575
-0.00368396 -0.0036
-0.00371011 -0.003625
-0.00373626 -0.00365
-0.0037624 -0.003675
-0.00378855 -0.0037
-0.0038147 -0.003725
-0.00384084 -0.00375
-0.00386699 -0.003775
-0.00389313 -0.0038
-0.00391928 -0.003825
-0.00394543 -0.00385
-0.00397157 -0.003875
-0.00399772 -0.0039
-0.00402386 -0.003925
-0.00405001 -0.00395
-0.00407616 -0.003975
-0.0041023 -0.004
-0.00412845 -0.004025
-0.00415459 -0.00405
-0.00418074 -0.004075
-0.00420689 -0.0041
-0.00423303 -0.004125
-0.00425918 -0.00415
-0.00428533 -0.004175
-0.00431147 -0.0042
-0.00433762 -0.004225
-0.00436376 -0.00425
-0.00438991 -0.004275
-0.00441606 -0.0043
-0.0044422 -0.004325
-0.00446835 -0.00435
-0.00449449 -0.004375
-0.00452064 -0.0044
-0.00454679 -0.004425
-0.00457293 -0.00445
-0.00459908 -0.004475
-0.00462523 -0.0045
-0.00465137 -0.004525
-0.00467752 -0.00455
-0.00470366 -0.004575
-0.00472981 -0.0046
-0.00475596 -0.004625
-0.0047821 -0.00465
-0.00480825 -0.004675
-0.00483439 -0.0047
-0.00486054 -0.004725
-0.00488669 -0.00475
-0.00491283 -0.004775
-0.00493898 -0.0048
-0.00496513 -0.004825
-0.00499127 -0.00485
-0.00501742 -0.004875
-0.00504356 -0.0049
-0.00506971 -0.004925
-0.00509586 -0.00495
-0.005122 -0.004975
-0.00514815 -0.005
-0.00517243 -0.005025
-0.00519671 -0.00505
-0.00522099 -0.005075
-0.00524527 -0.0051
-0.00526955 -0.005125
-0.00529383 -0.00515
-0.00531811 -0.005175
-0.00534239 -0.0052
-0.00536667 -0.005225
-0.00539095 -0.00525
-0.00541523 -0.005275
-0.00543951 -0.0053
-0.00546379 -0.005325
-0.00548807 -0.00535
-0.00551235 -0.005375
-0.00553663 -0.0054
-0.00556091 -0.005425
-0.00558519 -0.00545
-0.00560947 -0.005475
-0.00563374 -0.0055
-0.00565802 -0.005525
-0.0056823 -0.00555
-0.00570658 -0.005575
-0.00573086 -0.0056
-0.00575514 -0.005625
-0.00577942 -0.00565
-0.0058037 -0.005675
-0.00582798 -0.0057
-0.00585226 -0.005725
-0.00587654 -0.00575
-0.00590082 -0.005775
-0.0059251 -0.0058
-0.00594938 -0.005825
-0.00597366 -0.00585
-0.00599794 -0.005875
-0.00602222 -0.0059
-0.0060465 -0.005925
-0.00607078 -0.00595
-0.00609506 -0.005975
-0.00611934 -0.006
-0.00614362 -0.006025
-0.0061679 -0.00605
-0.00619218 -0.006075
-0.00621646 -0.0061
-0.00624074 -0.006125
-0.00626502 -0.00615
-0.0062893 -0.006175
-0.00631358 -0.0062
-0.00633786 -0.006225
-0.00636214 -0.00625
-0.00633637 -0.006225
-0.0063106 -0.0062
-0.00628484 -0.006175
-0.00625907 -0.00615
-0.0062333 -0.006125
-0.00620753 -0.0061
-0.00618176 -0.006075
-0.006156 -0.00605
-0.00613023 -0.006025
-0.00610446 -0.006
-0.00607869 -0.005975
-0.00605292 -0.00595
-0.00602716 -0.005925
-0.00600139 -0.0059
-0.00597562 -0.005875
-0.00594985 -0.00585
-0.00592408 -0.005825
-0.00589832 -0.0058
-0.00587255 -0.005775
-0.00584678 -0.00575
-0.00582101 -0.005725
-0.00579524 -0.0057
-0.00576948 -0.005675
-0.00574371 -0.00565
-0.00571794 -0.005625
-0.00569217 -0.0056
-0.0056664 -0.005575
-0.00564064 -0.00555
-0.00561487 -0.005525
-0.0055891 -0.0055
-0.00556333 -0.005475
-0.00553756 -0.00545
-0.0055118 -0.005425
-0.00548603 -0.0054
-0.00546026 -0.005375
-0.00543449 -0.00535
-0.00540873 -0.005325
-0.00538296 -0.0053
-0.00535719 -0.005275
-0.00533142 -0.00525
-0.00530565 -0.005225
-0.00527989 -0.0052
-0.00525412 -0.005175
-0.00522835 -0.00515
-0.00520258 -0.005125
-0.00517681 -0.0051
-0.00515105 -0.005075
-0.00512528 -0.00505
-0.00509951 -0.005025
-0.00507374 -0.005
-0.00504797 -0.004975
-0.00502221 -0.00495
-0.00499644 -0.004925
-0.00497067 -0.0049
-0.0049449 -0.004875
-0.00491913 -0.00485
-0.00489337 -0.004825
-0.0048676 -0.0048
-0.00484183 -0.004775
-0.00481606 -0.00475
-0.00479029 -0.004725
-0.00476453 -0.0047
-0.00473876 -0.004675
-0.00471299 -0.00465
-0.00468722 -0.004625
-0.00466145 -0.0046
-0.00463569 -0.004575
-0.00460992 -0.00455
-0.00458415 -0.004525
-0.00455838 -0.0045
-0.00453261 -0.004475
-0.00450685 -0.00445
-0.00448108 -0.004425
-0.00445531 -0.0044
-0.00442954 -0.004375
-0.00440377 -0.00435
-0.00437801 -0.004325
-0.00435224 -0.0043
-0.00432647 -0.004275
-0.0043007 -0.00425
-0.00427493 -0.004225
-0.00424917 -0.0042
-0.0042234 -0.004175
-0.00419763 -0.00415
-0.00417186 -0.004125
-0.00414609 -0.0041
-0.00412033 -0.004075
-0.00409456 -0.00405
-0.00406879 -0.004025
-0.00404302 -0.004
-0.00401725 -0.003975
-0.00399149 -0.00395
-0.00396572 -0.003925
-0.00393995 -0.0039
-0.00391418 -0.003875
-0.00388841 -0.00385
-0.00386265 -0.003825
-0.00383688 -0.0038
-0.00381111 -0.003775
-0.00378534 -0.00375
-0.00375957 -0.003725
-0.00373381 -0.0037
-0.00370804 -0.003675
-0.00368227 -0.00365
-0.0036565 -0.003625
-0.00363074 -0.0036
-0.00360497 -0.003575
-0.0035792 -0.00355
-0.00355343 -0.003525
-0.00352766 -0.0035
-0.0035019 -0.003475
-0.00347613 -0.00345
-0.00345036 -0.003425
-0.00342459 -0.0034
-0.00339882 -0.003375
-0.00337306 -0.00335
-0.00334729 -0.003325
-0.00332152 -0.0033
-0.00329575 -0.003275
-0.00326998 -0.00325
-0.00324422 -0.003225
-0.00321845 -0.0032
-0.00319268 -0.003175
-0.00316691 -0.00315
-0.00314114 -0.003125
-0.00311538 -0.0031
-0.00308961 -0.003075
-0.00306384 -0.00305
-0.00303807 -0.003025
-0.0030123 -0.003
-0.00298654 -0.002975
-0.00296077 -0.00295
-0.002935 -0.002925
-0.00290923 -0.0029
-0.00288346 -0.002875
-0.0028577 -0.00285
-0.00283193 -0.002825
-0.00280616 -0.0028
-0.00278039 -0.002775
-0.00275462 -0.00275
-0.00272886 -0.002725
-0.00270309 -0.0027
-0.00267732 -0.002675
-0.00265155 -0.00265
-0.00262578 -0.002625
-0.00260002 -0.0026
-0.002575 -0.002575
-0.00255 -0.00255
-0.002525 -0.002525
-0.0025 -0.0025
-0.002475 -0.002475
-0.00245 -0.00245
-0.002425 -0.002425
-0.0024 -0.0024
-0.002375 -0.002375
-0.00235 -0.00235
-0.002325 -0.002325
-0.0023 -0.0023
-0.002275 -0.002275
-0.00225 -0.00225
-0.002225 -0.002225
-0.0022 -0.0022
-0.002175 -0.002175
-0.00215 -0.00215
-0.002125 -0.002125
-0.0021 -0.0021
-0.002075 -0.002075
-0.00205 -0.00205
-0.002025 -0.002025
-0.002 -0.002
-0.001975 -0.001975
-0.00195 -0.00195
-0.001925 -0.001925
-0.0019 -0.0019
-0.001875 -0.001875
-0.00185 -0.00185
-0.001825 -0.001825
-0.0018 -0.0018
-0.001775 -0.001775
-0.00175 -0.00175
-0.001725 -0.001725
-0.0017 -0.0017
-0.001675 -0.001675
-0.00165 -0.00165
-0.001625 -0.001625
-0.0016 -0.0016
-0.001575 -0.001575
-0.00155 -0.00155
-0.001525 -0.001525
-0.0015 -0.0015
-0.001475 -0.001475
-0.00145 -0.00145
-0.001425 -0.001425
-0.0014 -0.0014
-0.001375 -0.001375
-0.00135 -0.00135
-0.001325 -0.001325
-0.0013 -0.0013
-0.001275 -0.001275
-0.00125 -0.00125
-0.001225 -0.001225
-0.0012 -0.0012
-0.001175 -0.001175
-0.00115 -0.00115
-0.001125 -0.001125
-0.0011 -0.0011
-0.001075 -0.001075
-0.00105 -0.00105
-0.001025 -0.001025
-0.001 -0.001
-0.000975 -0.000975
-0.00095 -0.00095
-0.000925 -0.000925
-0.0009 -0.0009
-0.000875 -0.000875
-0.00085 -0.00085
-0.000825 -0.000825
-0.0008 -0.0008
-0.000775 -0.000775
-0.00075 -0.00075
-0.000725 -0.000725
-0.0007 -0.0007
-0.000675 -0.000675
-0.00065 -0.00065
-0.000625 -0.000625
-0.0006 -0.0006
-0.000575 -0.000575
-0.00055 -0.00055
-0.000525 -0.000525
-0.0005 -0.0005
-0.000475 -0.000475
-0.00045 -0.00045
-0.000425 -0.000425
-0.0004 -0.0004
-0.000375 -0.000375
-0.00035 -0.00035
-0.000325 -0.000325
-0.0003 -0.0003
-0.000275 -0.000275
-0.00025 -0.00025
-0.000225 -0.000225
-0.0002 -0.0002
-0.000175 -0.000175
-0.00015 -0.00015
-0.000125 -0.000125
-0.0001 -0.0001
-7.5e-05 -7.5e-05
-5e-05 -5e-05
-2.5e-05 -2.5e-05
-6.09864e-20 -6.09864e-20
2.5e-05 2.5e-05
5e-05 5e-05
7.5e-05 7.5e-05
0.0001 0.0001
0.000125 0.000125
0.00015 0.00015
0.000175 0.000175
0.0002 0.0002
0.000225 0.000225
0.00025 0.00025
0.000275 0.000275
0.0003 0.0003
0.000325 0.000325
0.00035 0.00035
0.000375 0.000375
0.0004 0.0004
0.000425 0.000425
0.00045 0.00045
0.000475 0.000475
0.0005 0.0005
0.000525 0.000525
0.00055 0.00055
0.000575 0.000575
0.0006 0.0006
0.000625 0.000625
0.0006 0.0006
0.000575 0.000575
0.00055 0.00055
0.000525 0.000525
0.0005 0.0005
0.000475 0.000475
0.00045 0.00045
0.000425 0.000425
0.0004 0.0004
0.000375 0.000375
0.00035 0.00035
0.000325 0.000325
0.0003 0.0003
0.000275 0.000275
0.00025 0.00025
0.000225 0.000225
0.0002 0.0002
0.000175 0.000175
0.00015 0.00015
0.000125 0.000125
0.0001 0.0001
7.5e-05 7.5e-05
5e-05 5e-05
2.5e-05 2.5e-05
-4.74338e-20 -4.74338e-20
-2.5e-05 -2.5e-05
-5e-05 -5e-05
-7.5e-05 -7.5e-05
-0.0001 -0.0001
-0.000125 -0.000125
-0.00015 -0.00015
-0.000175 -0.000175
-0.0002 -0.0002
-0.000225 -0.000225
-0.00025 -0.00025
-0.000275 -0.000275
-0.0003 -0.0003
-0.000325 -0.000325
-0.00035 -0.00035
-0.000375 -0.000375
-0.0004 -0.0004
-0.000425 -0.000425
-0.00045 -0.00045
-0.000475 -0.000475
-0.0005 -0.0005
-0.000525 -0.000525
-0.00055 -0.00055
-0.000575 -0.000575
-0.0006 -0.0006
-0.000625 -0.000625
-0.00065 -0.00065
-0.000675 -0.000675
-0.0007 -0.0007
-0.000725 -0.000725
-0.00075 -0.00075
-0.000775 -0.000775
-0.0008 -0.0008
-0.000825 -0.000825
-0.00085 -0.00085
-0.000875 -0.000875
-0.0009 -0.0009
-0.000925 -0.000925
-0.00095 -0.00095
-0.000975 -0.000975
-0.001 -0.001
-0.001025 -0.001025
-0.00105 -0.00105
-0.001075 -0.001075
-0.0011 -0.0011
-0.001125 -0.001125
-0.00115 -0.00115
-0.001175 -0.001175
-0.0012 -0.0012
-0.001225 -0.001225
-0.00125 -0.00125
-0.001275 -0.001275
-0.0013 -0.0013
-0.001325 -0.001325
-0.00135 -0.00135
-0.001375 -0.001375
-0.0014 -0.0014
-0.001425 -0.001425
-0.00145 -0.00145
-0.001475 -0.001475
-0.0015 -0.0015
-0.001525 -0.001525
-0.00155 -0.00155
-0.001575 -0.001575
-0.0016 -0.0016
-0.001625 -0.001625
-0.00165 -0.00165
-0.001675 -0.001675
-0.0017 -0.0017
-0.001725 -0.001725
-0.00175 -0.00175
-0.001775 -0.001775
-0.0018 -0.0018
-0.001825 -0.001825
-0.00185 -0.00185
-0.001875 -0.001875
-0.0019 -0.0019
-0.001925 -0.001925
-0.00195 -0.00195
-0.001975 -0.001975
-0.002 -0.002
-0.002025 -0.002025
-0.00205 -0.00205
-0.002075 -0.002075
-0.0021 -0.0021
-0.002125 -0.002125
-0.00215 -0.00215
-0.002175 -0.002175
-0.0022 -0.0022
-0.002225 -0.002225
-0.00225 -0.00225
-0.002275 -0.002275
-0.0023 -0.0023
-0.002325 -0.002325
-0.00235 -0.00235
-0.002375 -0.002375
-0.0024 -0.0024
-0.002425 -0.002425
-0.00245 -0.00245
-0.002475 -0.002475
-0.0025 -0.0025
-0.002525 -0.002525
-0.00255 -0.00255
-0.002575 -0.002575
-0.00260002 -0.0026
-0.00262578 -0.002625
-0.00265155 -0.00265
-0.00267732 -0.002675
-0.00270309 -0.0027
-0.00272886 -0.002725
-0.00275462 -0.00275
-0.00278039 -0.002775
-0.00280616 -0.0028
-0.00283193 -0.002825
-0.0028577 -0.00285
-0.00288346 -0.002875
-0.00290923 -0.0029
-0.002935 -0.002925
-0.00296077 -0.00295
-0.00298654 -0.002975
-0.0030123 -0.003
-0.00303807 -0.003025
-0.00306384 -0.00305
-0.00308961 -0.003075
-0.00311538 -0.0031
-0.00314114 -0.003125
-0.00316691 -0.00315
-0.00319268 -0.003175
-0.00321845 -0.0032
-0.00324422 -0.003225
-0.00326998 -0.00325
-0.00329575 -0.003275
-0.00332152 -0.0033
-0.00334729 -0.003325
-0.00337306 -0.00335
-0.00339882 -0.003375
-0.00342459 -0.0034
-0.00345036 -0.003425
-0.00347613 -0.00345
-0.0035019 -0.003475
-0.00352766 -0.0035
-0.00355343 -0.003525
-0.0035792 -0.00355
-0.00360497 -0.003575
-0.00363074 -0.0036
-0.0036565 -0.003625
-0.00368227 -0.00365
-0.00370804 -0.003675
-0.00373381 -0.0037
-0.00375957 -0.003725
-0.00378534 -0.00375
-0.00381111 -0.003775
-0.00383688 -0.0038
-0.00386265 -0.003825
-0.00388841 -0.00385
-0.00391418 -0.003875
-0.00393995 -0.0039
-0.00396572 -0.003925
-0.00399149 -0.00395
-0.00401725 -0.003975
-0.00404302 -0.004
-0.00406879 -0.004025
-0.00409456 -0.00405
-0.00412033 -0.004075
-0.00414609 -0.0041
-0.00417186 -0.004125
-0.00419763 -0.00415
-0.0042234 -0.004175
-0.00424917 -0.0042
-0.00427493 -0.004225
-0.0043007 -0.00425
-0.00432647 -0.004275
-0.00435224 -0.0043
-0.00437801 -0.004325
-0.00440377 -0.00435
-0.00442954 -0.004375
-0.00445531 -0.0044
-0.00448108 -0.004425
-0.00450685 -0.00445
-0.00453261 -0.004475
-0.00455838 -0.0045
-0.00458415 -0.004525
-0.00460992 -0.00455
-0.00463569 -0.004575
-0.00466145 -0.0046
-0.00468722 -0.004625
-0.00471299 -0.00465
-0.00473876 -0.004675
-0.00476453 -0.0047
-0.00479029 -0.004725
-0.00481606 -0.00475
-0.00484183 -0.004775
-0.0048676 -0.0048
-0.00489337 -0.004825
-0.00491913 -0.00485
-0.0049449 -0.004875
-0.00497067 -0.0049
-0.00499644 -0.004925
-0.00502221 -0.00495
-0.00504797 -0.004975
-0.00507374 -0.005
-0.00509951 -0.005025
-0.00512528 -0.00505
-0.00515105 -0.005075
-0.00517681 -0.0051
-0.00520258 -0.005125
-0.00522835 -0.00515
-0.00525412 -0.005175
-0.00527989 -0.0052
-0.00530565 -0.005225
-0.00533142 -0.00525
-0.00535719 -0.005275
-0.00538296 -0.0053
-0.00540873 -0.005325
-0.00543449 -0.00535
-0.00546026 -0.005375
-0.00548603 -0.0054
-0.0055118 -0.005425
-0.00553756 -0.00545
-0.00556333 -0.005475
-0.0055891 -0.0055
-0.00561487 -0.005525
-0.00564064 -0.00555
-0.0056664 -0.005575
-0.00569217 -0.0056
-0.00571794 -0.005625
-0.00574371 -0.00565
-0.00576948 -0.005675
-0.00579524 -0.0057
-0.00582101 -0.005725
-0.00584678 -0.00575
-0.00587255 -0.005775
-0.00589832 -0.0058
-0.00592408 -0.005825
-0.00594985 -0.00585
-0.00597562 -0.005875
-0.00600139 -0.0059
-0.00602716 -0.005925
-0.00605292 -0.00595
-0.00607869 -0.005975
-0.00610446 -0.006
-0.00613023 -0.006025
-0.006156 -0.00605
-0.00618176 -0.006075
-0.00620753 -0.0061
-0.0062333 -0.006125
-0.00625907 -0.00615
-0.00628484 -0.006175
-0.0063106 -0.0062
-0.00633637 -0.006225
-0.00636214 -0.00625
-0.00638642 -0.006275
-0.0064107 -0.0063
-0.00643498 -0.006325
-0.00645926 -0.00635
-0.00648354 -0.006375
-0.00650782 -0.0064
-0.0065321 -0.006425
-0.00655638 -0.00645
-0.00658066 -0.006475
-0.00660494 -0.0065
-0.00662922 -0.006525
-0.0066535 -0.00655
-0.00667778 -0.006575
-0.00670206 -0.0066
-0.00672634 -0.006625
-0.00675062 -0.00665
-0.0067749 -0.006675
-0.00679918 -0.0067
-0.00682346 -0.006725
-0.00684774 -0.00675
-0.00687202 -0.006775
-0.0068963 -0.0068
-0.00692058 -0.006825
-0.00694486 -0.00685
-0.00696914 -0.006875
-0.00699342 -0.0069
-0.0070177 -0.006925
-0.00704198 -0.00695
-0.00706626 -0.006975
-0.00709053 -0.007
-0.00711481 -0.007025
-0.00713909 -0.00705
-0.00716337 -0.007075
-0.00718765 -0.0071
-0.00721193 -0.007125
-0.00723621 -0.00715
-0.00726049 -0.007175
-0.00728477 -0.0072
-0.00730905 -0.007225
-0.00733333 -0.00725
-0.00735761 -0.007275
-0.00738189 -0.0073
-0.00740617 -0.007325
-0.00743045 -0.00735
-0.00745473 -0.007375
-0.00747901 -0.0074
-0.00750329 -0.007425
-0.00752757 -0.00745
-0.00755185 -0.007475
-0.00757613 -0.0075
-0.00755065 -0.007475
-0.00752518 -0.00745
-0.0074997 -0.007425
-0.00747422 -0.0074
-0.00744875 -0.007375
-0.00742327 -0.00735
-0.00739779 -0.007325
-0.00737232 -0.0073
-0.00734684 -0.007275
-0.00732136 -0.00725
-0.00729589 -0.007225
-0.00727041 -0.0072
-0.00724493 -0.007175
-0.00721946 -0.00715
-0.00719398 -0.007125
-0.0071685 -0.0071
-0.00714303 -0.007075
-0.00711755 -0.00705
-0.00709207 -0.007025
-0.00706659 -0.007
-0.00704112 -0.006975
-0.00701564 -0.00695
-0.00699016 -0.006925
-0.00696469 -0.0069
-0.00693921 -0.006875
-0.00691373 -0.00685
-0.00688826 -0.006825
-0.00686278 -0.0068
-0.0068373 -0.006775
-0.00681183 -0.00675
-0.00678635 -0.006725
-0.00676087 -0.0067
-0.0067354 -0.006675
-0.00670992 -0.00665
-0.00668444 -0.006625
-0.00665896 -0.0066
-0.00663349 -0.006575
-0.00660801 -0.00655
-0.00658253 -0.006525
-0.00655706 -0.0065
-0.00653158 -0.006475
-0.0065061 -0.00645
-0.00648063 -0.006425
-0.00645515 -0.0064
-0.00642967 -0.006375
-0.0064042 -0.00635
-0.00637872 -0.006325
-0.00635324 -0.0063
-0.00632777 -0.006275
-0.00630229 -0.00625
-0.00627681 -0.006225
-0.00625134 -0.0062
-0.00622586 -0.006175
-0.00620038 -0.00615
-0.0061749 -0.006125
-0.00614943 -0.0061
-0.00612395 -0.006075
-0.00609847 -0.00605
-0.006073 -0.006025
-0.00604752 -0.006
-0.00602204 -0.005975
-0.00599657 -0.00595
-0.00597109 -0.005925
-0.00594561 -0.0059
-0.00592014 -0.005875
-0.00589466 -0.00585
-0.00586918 -0.005825
-0.00584371 -0.0058
-0.00581823 -0.005775
-0.00579275 -0.00575
-0.00576727 -0.005725
-0.0057418 -0.0057
-0.00571632 -0.005675
-0.00569084 -0.00565
-0.00566537 -0.005625
-0.00563989 -0.0056
-0.00561441 -0.005575
-0.00558894 -0.00555
-0.00556346 -0.005525
-0.00553798 -0.0055
-0.00551251 -0.005475
-0.00548703 -0.00545
-0.00546155 -0.005425
-0.00543608 -0.0054
-0.0054106 -0.005375
-0.00538512 -0.00535
-0.00535965 -0.005325
-0.00533417 -0.0053
-0.00530869 -0.005275
-0.00528321 -0.00525
-0.00525774 -0.005225
-0.00523226 -0.0052
-0.00520678 -0.005175
-0.00518131 -0.00515
-0.00515583 -0.005125
-0.00513035 -0.0051
-0.00510488 -0.005075
-0.0050794 -0.00505
-0.00505392 -0.005025
-0.00502845 -0.005
-0.00500297 -0.004975
-0.00497749 -0.00495
-0.00495202 -0.004925
-0.00492654 -0.0049
-0.00490106 -0.004875
-0.00487558 -0.00485
-0.00485011 -0.004825
-0.00482463 -0.0048
-0.00479915 -0.004775
-0.00477368 -0.00475
-0.0047482 -0.004725
-0.00472272 -0.0047
-0.00469725 -0.004675
-0.00467177 -0.00465
-0.00464629 -0.004625
-0.00462082 -0.0046
-0.00459534 -0.004575
-0.00456986 -0.00455
-0.00454439 -0.004525
-0.00451891 -0.0045
-0.00449343 -0.004475
-0.00446796 -0.00445
-0.00444248 -0.004425
-0.004417 -0.0044
-0.00439152 -0.004375
-0.00436605 -0.00435
-0.00434057 -0.004325
-0.00431509 -0.0043
-0.00428962 -0.004275
-0.00426414 -0.00425
-0.00423866 -0.004225
-0.00421319 -0.0042
-0.00418771 -0.004175
-0.00416223 -0.00415
-0.00413676 -0.004125
-0.00411128 -0.0041
-0.0040858 -0.004075
-0.00406033 -0.00405
-0.00403485 -0.004025
-0.00400937 -0.004
-0.00398389 -0.003975
-0.00395842 -0.00395
-0.00393294 -0.003925
-0.00390746 -0.0039
-0.00388199 -0.003875
-0.00385651 -0.00385
-0.00383103 -0.003825
-0.00380556 -0.0038
-0.00378008 -0.003775
-0.0037546 -0.00375
-0.00372913 -0.003725
-0.00370365 -0.0037
-0.00367817 -0.003675
-0.0036527 -0.00365
-0.00362722 -0.003625
-0.00360174 -0.0036
-0.00357627 -0.003575
-0.00355079 -0.00355
-0.00352531 -0.003525
-0.0035 -0.0035
-0.003475 -0.003475
-0.00345 -0.00345
-0.003425 -0.003425
-0.0034 -0.0034
-0.003375 -0.003375
-0.00335 -0.00335
-0.003325 -0.003325
-0.0033 -0.0033
-0.003275 -0.003275
-0.00325 -0.00325
-0.003225 -0.003225
-0.0032 -0.0032
-0.003175 -0.003175
-0.00315 -0.00315
-0.003125 -0.003125
-0.0031 -0.0031
-0.003075 -0.003075
-0.00305 -0.00305
-0.003025 -0.003025
-0.003 -0.003
-0.002975 -0.002975
-0.00295 -0.00295
-0.002925 -0.002925
-0.0029 -0.0029
-0.002875 -0.002875
-0.00285 -0.00285
-0.002825 -0.002825
-0.0028 -0.0028
-0.002775 -0.002775
-0.00275 -0.00275
-0.002725 -0.002725
-0.0027 -0.0027
-0.002675 -0.002675
-0.00265 -0.00265
-0.002625 -0.002625
-0.0026 -0.0026
-0.002575 -0.002575
-0.00255 -0.00255
-0.002525 -0.002525
-0.0025 -0.0025
-0.002475 -0.002475
-0.00245 -0.00245
-0.002425 -0.002425
-0.0024 -0.0024
-0.002375 -0.002375
-0.00235 -0.00235
-0.002325 -0.002325
-0.0023 -0.0023
-0.002275 -0.002275
-0.00225 -0.00225
-0.002225 -0.002225
-0.0022 -0.0022
-0.002175 -0.002175
-0.00215 -0.00215
-0.002125 -0.002125
-0.0021 -0.0021
-0.002075 -0.002075
-0.00205 -0.00205
-0.002025 -0.002025
-0.002 -0.002
-0.001975 -0.001975
-0.00195 -0.00195
-0.001925 -0.001925
-0.0019 -0.0019
-0.001875 -0.001875
-0.00185 -0.00185
-0.001825 -0.001825
-0.0018 -0.0018
-0.001775 -0.001775
-0.00175 -0.00175
-0.001725 -0.001725
-0.0017 -0.0017
-0.001675 -0.001675
-0.00165 -0.00165
-0.001625 -0.001625
-0.0016 -0.0016
-0.001575 -0.001575
-0.00155 -0.00155
-0.001525 -0.001525
-0.0015 -0.0015
-0.001475 -0.001475
-0.00145 -0.00145
-0.001425 -0.001425
-0.0014 -0.0014
-0.001375 -0.001375
-0.00135 -0.00135
-0.001325 -0.001325
-0.0013 -0.0013
-0.001275 -0.001275
-0.00125 -0.00125
-0.001225 -0.001225
-0.0012 -0.0012
-0.001175 -0.001175
-0.00115 -0.00115
-0.001125 -0.001125
-0.0011 -0.0011
-0.001075 -0.001075
-0.00105 -0.00105
-0.001025 -0.001025
-0.001 -0.001
-0.000975 -0.000975
-0.00095 -0.00095
-0.000925 -0.000925
-0.0009 -0.0009
-0.000875 -0.000875
-0.00085 -0.00085
-0.000825 -0.000825
-0.0008 -0.0008
-0.000775 -0.000775
-0.00075 -0.00075
-0.000725 -0.000725
-0.0007 -0.0007
-0.000675 -0.000675
-0.00065 -0.00065
-0.000625 -0.000625
-0.0006 -0.0006
-0.000575 -0.000575
-0.00055 -0.00055
-0.000525 -0.000525
-0.0005 -0.0005
-0.000475 -0.000475
-0.00045 -0.00045
-0.000425 -0.000425
-0.0004 -0.0004
-0.000375 -0.000375
-0.00035 -0.00035
-0.000325 -0.000325
-0.0003 -0.0003
-0.000275 -0.000275
-0.00025 -0.00025
-0.000225 -0.000225
-0.0002 -0.0002
-0.000175 -0.000175
-0.00015 -0.00015
-0.000125 -0.000125
-0.0001 -0.0001
-7.5e-05 -7.5e-05
-5e-05 -5e-05
-2.5e-05 -2.5e-05
-6.09864e-20 -6.09864e-20
2.5e-05 2.5e-05
5e-05 5e-05
7.5e-05 7.5e-05
0.0001 0.0001
0.000125 0.000125
0.00015 0.00015
0.000175 0.000175
0.0002 0.0002
0.000225 0.000225
0.00025 0.00025
0.000275 0.000275
0.0003 0.0003
0.000325 0.000325
0.00035 0.00035
0.000375 0.000375
0.0004 0.0004
0.000425 0.000425
0.00045 0.00045
0.000475 0.000475
0.0005 0.0005
0.000525 0.000525
0.00055 0.00055
0.000575 0.000575
0.0006 0.0006
0.000625 0.000625
0.00065 0.00065
0.000675 0.000675
0.0007 0.0007
0.000725 0.000725
0.00075 0.00075
0.000725 0.000725
0.0007 0.0007
0.000675 0.000675
0.00065 0.00065
0.000625 0.000625
0.0006 0.0006
0.000575 0.000575
0.00055 0.00055
0.000525 0.000525
0.0005 0.0005
0.000475 0.000475
0.00045 0.00045
0.000425 0.000425
0.0004 0.0004
0.000375 0.000375
0.00035 0.00035
0.000325 0.000325
0.0003 0.0003
0.000275 0.000275
0.00025 0.00025
0.000225 0.000225
0.0002 0.0002
0.000175 0.000175
0.00015 0.00015
0.000125 0.000125
0.0001 0.0001
7.5e-05 7.5e-05
5e-05 5e-05
2.5e-05 2.5e-05
-4.74338e-20 -4.74338e-20
-2.5e-05 -2.5e-05
-5e-05 -5e-05
-7.5e-05 -7.5e-05
-0.0001 -0.0001
-0.000125 -0.000125
-0.00015 -0.00015
-0.000175 -0.000175
-0.0002 -0.0002
-0.000225 -0.000225
-0.00025 -0.00025
-0.000275 -0.000275
-0.0003 -0.0003
-0.000325 -0.000325
-0.00035 -0.00035
-0.000375 -0.000375
-0.0004 -0.0004
-0.000425 -0.000425
-0.00045 -0.00045
-0.000475 -0.000475
-0.0005 -0.0005
-0.000525 -0.000525
-0.00055 -0.00055
-0.000575 -0.000575
-0.0006 -0.0006
-0.000625 -0.000625
-0.00065 -0.00065
-0.000675 -0.000675
-0.0007 -0.0007
-0.000725 -0.000725
-0.00075 -0.00075
-0.000775 -0.000775
-0.0008 -0.0008
-0.000825 -0.000825
-0.00085 -0.00085
-0.000875 -0.000875
-0.0009 -0.0009
-0.000925 -0.000925
-0.00095 -0.00095
-0.000975 -0.000975
-0.001 -0.001
-0.001025 -0.001025
-0.00105 -0.00105
-0.001075 -0.001075
-0.0011 -0.0011
-0.001125 -0.001125
-0.00115 -0.00115
-0.001175 -0.001175
-0.0012 -0.0012
-0.001225 -0.001225
-0.00125 -0.00125
-0.001275 -0.001275
-0.0013 -0.0013
-0.001325 -0.001325
-0.00135 -0.00135
-0.001375 -0.001375
-0.0014 -0.0014
-0.001425 -0.001425
-0.00145 -0.00145
-0.001475 -0.001475
-0.0015 -0.0015
-0.001525 -0.001525
-0.00155 -0.00155
-0.001575 -0.001575
-0.0016 -0.0016
-0.001625 -0.001625
-0.00165 -0.00165
-0.001675 -0.001675
-0.0017 -0.0017
-0.001725 -0.001725
-0.00175 -0.00175
-0.001775 -0.001775
-0.0018 -0.0018
-0.001825 -0.001825
-0.00185 -0.00185
-0.001875 -0.001875
-0.0019 -0.0019
-0.001925 -0.001925
-0.00195 -0.00195
-0.001975 -0.001975
-0.002 -0.002
-0.002025 -0.002025
-0.00205 -0.00205
-0.002075 -0.002075
-0.0021 -0.0021
-0.002125 -0.002125
-0.00215 -0.00215
-0.002175 -0.002175
-0.0022 -0.0022
-0.002225 -0.002225
-0.00225 -0.00225
-0.002275 -0.002275
-0.0023 -0.0023
-0.002325 -0.002325
-0.00235 -0.00235
-0.002375 -0.002375
-0.0024 -0.0024
-0.002425 -0.002425
-0.00245 -0.00245
-0.002475 -0.002475
-0.0025 -0.0025
-0.002525 -0.002525
-0.00255 -0.00255
-0.002575 -0.002575
-0.0026 -0.0026
-0.002625 -0.002625
-0.00265 -0.00265
-0.002675 -0.002675
-0.0027 -0.0027
-0.002725 -0.002725
-0.00275 -0.00275
-0.002775 -0.002775
-0.0028 -0.0028
-0.002825 -0.002825
-0.00285 -0.00285
-0.002875 -0.002875
-0.0029 -0.0029
-0.002925 -0.002925
-0.00295 -0.00295
-0.002975 -0.002975
-0.003 -0.003
-0.003025 -0.003025
-0.00305 -0.00305
-0.003075 -0.003075
-0.0031 -0.0031
-0.003125 -0.003125
-0.00315 -0.00315
-0.003175 -0.003175
-0.0032 -0.0032
-0.003225 -0.003225
-0.00325 -0.00325
-0.003275 -0.003275
-0.0033 -0.0033
-0.003325 -0.003325
-0.00335 -0.00335
-0.003375 -0.003375
-0.0034 -0.0034
-0.003425 -0.003425
-0.00345 -0.00345
-0.003475 -0.003475
-0.0035 -0.0035
-0.00352531 -0.003525
-0.00355079 -0.00355
-0.00357627 -0.003575
-0.00360174 -0.0036
-0.00362722 -0.003625
-0.0036527 -0.00365
-0.00367817 -0.003675
-0.00370365 -0.0037
-0.00372913 -0.003725
-0.0037546 -0.00375
-0.00378008 -0.003775
-0.00380556 -0.0038
-0.00383103 -0.003825
-0.00385651 -0.00385
-0.00388199 -0.003875
-0.00390746 -0.0039
-0.00393294 -0.003925
-0.00395842 -0.00395
-0.00398389 -0.003975
-0.00400937 -0.004
-0.00403485 -0.004025
-0.00406033 -0.00405
-0.0040858 -0.004075
-0.00411128 -0.0041
-0.00413676 -0.004125
-0.00416223 -0.00415
-0.00418771 -0.004175
-0.00421319 -0.0042
-0.00423866 -0.004225
-0.00426414 -0.00425
-0.00428962 -0.004275
-0.00431509 -0.0043
-0.00434057 -0.004325
-0.00436605 -0.00435
-0.00439152 -0.004375
-0.004417 -0.0044
-0.00444248 -0.004425
-0.00446796 -0.00445
-0.00449343 -0.004475
-0.00451891 -0.0045
-0.00454439 -0.004525
-0.00456986 -0.00455
-0.00459534 -0.004575
-0.00462082 -0.0046
-0.00464629 -0.004625
-0.00467177 -0.00465
-0.00469725 -0.004675
-0.00472272 -0.0047
-0.0047482 -0.004725
-0.00477368 -0.00475
-0.00479915 -0.004775
-0.00482463 -0.0048
-0.00485011 -0.004825
-0.00487558 -0.00485
-0.00490106 -0.004875
-0.00492654 -0.0049
-0.00495202 -0.004925
-0.00497749 -0.00495
-0.00500297 -0.004975
-0.00502845 -0.005
-0.00505392 -0.005025
-0.0050794 -0.00505
-0.00510488 -0.005075
-0.00513035 -0.0051
-0.00515583 -0.005125
-0.00518131 -0.00515
-0.00520678 -0.005175
-0.00523226 -0.0052
-0.00525774 -0.005225
-0.00528321 -0.00525
-0.00530869 -0.005275
-0.00533417 -0.0053
-0.00535965 -0.005325
-0.00538512 -0.00535
-0.0054106 -0.005375
-0.00543608 -0.0054
-0.00546155 -0.005425
-0.00548703 -0.00545
-0.00551251 -0.005475
-0.00553798 -0.0055
-0.00556346 -0.005525
-0.00558894 -0.00555
-0.00561441 -0.005575
-0.00563989 -0.0056
-0.00566537 -0.005625
-0.00569084 -0.00565
-0.00571632 -0.005675
-0.0057418 -0.0057
-0.00576727 -0.005725
-0.00579275 -0.00575
-0.00581823 -0.005775
-0.00584371 -0.0058
-0.00586918 -0.005825
-0.00589466 -0.00585
-0.00592014 -0.005875
-0.00594561 -0.0059
-0.00597109 -0.005925
-0.00599657 -0.00595
-0.00602204 -0.005975
-0.00604752 -0.006
-0.006073 -0.006025
-0.00609847 -0.00605
-0.00612395 -0.006075
-0.00614943 -0.0061
-0.0061749 -0.006125
-0.00620038 -0.00615
-0.00622586 -0.006175
-0.00625134 -0.0062
-0.00627681 -0.006225
-0.00630229 -0.00625
-0.00632777 -0.006275
-0.00635324 -0.0063
-0.00637872 -0.006325
-0.0064042 -0.00635
-0.00642967 -0.006375
-0.00645515 -0.0064
-0.00648063 -0.006425
-0.0065061 -0.00645
-0.00653158 -0.006475
-0.00655706 -0.0065
-0.00658253 -0.006525
-0.00660801 -0.00655
-0.00663349 -0.006575
-0.00665896 -0.0066
-0.00668444 -0.006625
-0.00670992 -0.00665
-0.0067354 -0.006675
-0.00676087 -0.0067
-0.00678635 -0.006725
-0.00681183 -0.00675
-0.0068373 -0.006775
-0.00686278 -0.0068
-0.00688826 -0.006825
-0.00691373 -0.00685
-0.00693921 -0.006875
-0.00696469 -0.0069
-0.00699016 -0.006925
-0.00701564 -0.00695
-0.00704112 -0.006975
-0.00706659 -0.007
-0.00709207 -0.007025
-0.00711755 -0.00705
-0.00714303 -0.007075
-0.0071685 -0.0071
-0.00719398 -0.007125
-0.00721946 -0.00715
-0.00724493 -0.007175
-0.00727041 -0.0072
-0.00729589 -0.007225
-0.00732136 -0.00725
-0.00734684 -0.007275
-0.00737232 -0.0073
-0.00739779 -0.007325
-0.00742327 -0.00735
-0.00744875 -0.007375
-0.00747422 -0.0074
-0.0074997 -0.007425
-0.00752518 -0.00745
-0.00755065 -0.007475
-0.00757613 -0.0075
-0.00760041 -0.007525
-0.00762469 -0.00755
-0.00764897 -0.007575
-0.00767325 -0.0076
-0.00769753 -0.007625
-0.00772181 -0.00765
-0.00774609 -0.007675
-0.00777037 -0.0077
-0.00779465 -0.007725
-0.00781893 -0.00775
-0.00784321 -0.007775
-0.00786749 -0.0078
-0.00789177 -0.007825
-0.00791605 -0.00785
-0.00794033 -0.007875
-0.00796461 -0.0079
-0.00798889 -0.007925
-0.00801317 -0.00795
-0.00803745 -0.007975
-0.00806173 -0.008
-0.00808601 -0.008025
-0.00811029 -0.00805
-0.008135 -0.008075
-0.00816 -0.0081
-0.008185 -0.008125
-0.00821 -0.00815
-0.008235 -0.008175
-0.00826 -0.0082
-0.008285 -0.008225
-0.00831 -0.00825
-0.008335 -0.008275
-0.00836 -0.0083
-0.008385 -0.008325
-0.00841 -0.00835
-0.008435 -0.008375
-0.00846 -0.0084
-0.008485 -0.008425
-0.00851 -0.00845
-0.008535 -0.008475
-0.00856 -0.0085
-0.008585 -0.008525
-0.00861 -0.00855
-0.008635 -0.008575
-0.00866 -0.0086
-0.008685 -0.008625
-0.00871 -0.00865
-0.008735 -0.008675
-0.00876 -0.0087
-0.008785 -0.008725
-0.00881 -0.00875
-0.00878469 -0.008725
-0.00875938 -0.0087
-0.00873407 -0.008675
-0.00870876 -0.00865
-0.00868345 -0.008625
-0.00865814 -0.0086
-0.00863283 -0.008575
-0.00860752 -0.00855
-0.00858221 -0.008525
-0.0085569 -0.0085
-0.00853159 -0.008475
-0.00850628 -0.00845
-0.00848097 -0.008425
-0.00845566 -0.0084
-0.00843035 -0.008375
-0.00840504 -0.00835
-0.00837972 -0.008325
-0.00835441 -0.0083
-0.0083291 -0.008275
-0.00830379 -0.00825
-0.00827848 -0.008225
-0.00825317 -0.0082
-0.00822786 -0.008175
-0.00820255 -0.00815
-0.00817724 -0.008125
-0.00815193 -0.0081
-0.00812662 -0.008075
-0.00810131 -0.00805
-0.008076 -0.008025
-0.00805069 -0.008
-0.00802538 -0.007975
-0.00800007 -0.00795
-0.00797476 -0.007925
-0.00794945 -0.0079
-0.00792414 -0.007875
-0.00789883 -0.00785
-0.00787352 -0.007825
-0.00784821 -0.0078
-0.0078229 -0.007775
-0.00779759 -0.00775
-0.00777228 -0.007725
-0.00774697 -0.0077
-0.00772166 -0.007675
-0.00769635 -0.00765
-0.00767104 -0.007625
-0.00764573 -0.0076
-0.00762042 -0.007575
-0.00759511 -0.00755
-0.0075698 -0.007525
-0.00754448 -0.0075
-0.00751917 -0.007475
-0.00749386 -0.00745
-0.00746855 -0.007425
-0.00744324 -0.0074
-0.00741793 -0.007375
-0.00739262 -0.00735
-0.00736731 -0.007325
-0.007342 -0.0073
-0.00731669 -0.007275
-0.00729138 -0.00725
-0.00726607 -0.007225
-0.00724076 -0.0072
-0.00721545 -0.007175
-0.00719014 -0.00715
-0.00716483 -0.007125
-0.00713952 -0.0071
-0.00711421 -0.007075
-0.0070889 -0.00705
-0.00706359 -0.007025
-0.00703828 -0.007
-0.00701297 -0.006975
-0.00698766 -0.00695
-0.00696235 -0.006925
-0.00693704 -0.0069
-0.00691173 -0.006875
-0.00688642 -0.00685
-0.00686111 -0.006825
-0.0068358 -0.0068
-0.00681049 -0.006775
-0.00678518 -0.00675
-0.00675987 -0.006725
-0.00673456 -0.0067
-0.00670924 -0.006675
-0.00668393 -0.00665
-0.00665862 -0.006625
-0.00663331 -0.0066
-0.006608 -0.006575
-0.00658269 -0.00655
-0.00655738 -0.006525
-0.00653207 -0.0065
-0.00650676 -0.006475
-0.00648145 -0.00645
-0.00645614 -0.006425
-0.00643083 -0.0064
-0.00640552 -0.006375
-0.00638021 -0.00635
-0.0063549 -0.006325
-0.00632959 -0.0063
-0.00630428 -0.006275
-0.00627897 -0.00625
-0.00625366 -0.006225
-0.00622835 -0.0062
-0.00620304 -0.006175
-0.00617773 -0.00615
-0.00615242 -0.006125
-0.00612711 -0.0061
-0.0061018 -0.006075
-0.00607649 -0.00605
-0.00605118 -0.006025
-0.00602587 -0.006
-0.00600056 -0.005975
-0.00597525 -0.00595
-0.00594994 -0.005925
-0.00592463 -0.0059
-0.00589932 -0.005875
-0.005874 -0.00585
-0.00584869 -0.005825
-0.00582338 -0.0058
-0.00579807 -0.005775
-0.00577276 -0.00575
-0.00574745 -0.005725
-0.00572214 -0.0057
-0.00569683 -0.005675
-0.00567152 -0.00565
-0.00564621 -0.005625
-0.0056209 -0.0056
-0.00559559 -0.005575
-0.00557028 -0.00555
-0.00554497 -0.005525
-0.00551966 -0.0055
-0.00549435 -0.005475
-0.00546904 -0.00545
-0.00544373 -0.005425
-0.00541842 -0.0054
-0.00539311 -0.005375
-0.0053678 -0.00535
-0.00534249 -0.005325
-0.00531718 -0.0053
-0.00529187 -0.005275
-0.00526656 -0.00525
-0.00524125 -0.005225
-0.00521594 -0.0052
-0.00519063 -0.005175
-0.00516532 -0.00515
-0.00514001 -0.005125
-0.0051147 -0.0051
-0.00508939 -0.005075
-0.00506408 -0.00505
-0.00503876 -0.005025
-0.00501345 -0.005
-0.00498814 -0.004975
-0.00496283 -0.00495
-0.00493752 -0.004925
-0.00491221 -0.0049
-0.0048869 -0.004875
-0.00486159 -0.00485
-0.00483628 -0.004825
-0.00481097 -0.0048
-0.00478566 -0.004775
-0.00476035 -0.00475
-0.00473504 -0.004725
-0.00470973 -0.0047
-0.00468442 -0.004675
-0.00465911 -0.00465
-0.0046338 -0.004625
-0.00460849 -0.0046
-0.00458318 -0.004575
-0.00455787 -0.00455
-0.00453256 -0.004525
-0.00450725 -0.0045
-0.00448194 -0.004475
-0.00445663 -0.00445
-0.00443132 -0.004425
-0.00440601 -0.0044
-0.0043807 -0.004375
-0.00435539 -0.00435
-0.00433008 -0.004325
-0.00430477 -0.0043
-0.00427946 -0.004275
-0.00425415 -0.00425
-0.00422884 -0.004225
-0.00420353 -0.0042
-0.00417821 -0.004175
-0.0041529 -0.00415
-0.00412759 -0.004125
-0.00410228 -0.0041
-0.00407697 -0.004075
-0.00405166 -0.00405
-0.00402635 -0.004025
-0.00400104 -0.004
-0.00397573 -0.003975
-0.00395042 -0.00395
-0.00392511 -0.003925
-0.0039 -0.0039
-0.003875 -0.003875
-0.00385 -0.00385
-0.003825 -0.003825
-0.0038 -0.0038
-0.003775 -0.003775
-0.00375 -0.00375
-0.003725 -0.003725
-0.0037 -0.0037
-0.003675 -0.003675
-0.00365 -0.00365
-0.003625 -0.003625
-0.0036 -0.0036
-0.003575 -0.003575
-0.00355 -0.00355
-0.003525 -0.003525
-0.0035 -0.0035
-0.003475 -0.003475
-0.00345 -0.00345
-0.003425 -0.003425
-0.0034 -0.0034
-0.003375 -0.003375
-0.00335 -0.00335
-0.003325 -0.003325
-0.0033 -0.0033
-0.003275 -0.003275
-0.00325 -0.00325
-0.003225 -0.003225
-0.0032 -0.0032
-0.003175 -0.003175
-0.00315 -0.00315
-0.003125 -0.003125
-0.0031 -0.0031
-0.003075 -0.003075
-0.00305 -0.00305
-0.003025 -0.003025
-0.003 -0.003
-0.002975 -0.002975
-0.00295 -0.00295
-0.002925 -0.002925
-0.0029 -0.0029
-0.002875 -0.002875
-0.00285 -0.00285
-0.002825 -0.002825
-0.0028 -0.0028
-0.002775 -0.002775
-0.00275 -0.00275
-0.002725 -0.002725
-0.0027 -0.0027
-0.002675 -0.002675
-0.00265 -0.00265
-0.002625 -0.002625
-0.0026 -0.0026
-0.002575 -0.002575
-0.00255 -0.00255
-0.002525 -0.002525
-0.0025 -0.0025
-0.002475 -0.002475
-0.00245 -0.00245
-0.002425 -0.002425
-0.0024 -0.0024
-0.002375 -0.002375
-0.00235 -0.00235
-0.002325 -0.002325
-0.0023 -0.0023
-0.002275 -0.002275
-0.00225 -0.00225
-0.002225 -0.002225
-0.0022 -0.0022
-0.002175 -0.002175
-0.00215 -0.00215
-0.002125 -0.002125
-0.0021 -0.0021
-0.002075 -0.002075
-0.00205 -0.00205
-0.002025 -0.002025
-0.002 -0.002
-0.001975 -0.001975
-0.00195 -0.00195
-0.001925 -0.001925
-0.0019 -0.0019
-0.001875 -0.001875
-0.00185 -0.00185
-0.001825 -0.001825
-0.0018 -0.0018
-0.001775 -0.001775
-0.00175 -0.00175
-0.001725 -0.001725
-0.0017 -0.0017
-0.001675 -0.001675
-0.00165 -0.00165
-0.001625 -0.001625
-0.0016 -0.0016
-0.001575 -0.001575
-0.00155 -0.00155
-0.001525 -0.001525
-0.0015 -0.0015
-0.001475 -0.001475
-0.00145 -0.00145
-0.001425 -0.001425
-0.0014 -0.0014
-0.001375 -0.001375
-0.00135 -0.00135
-0.001325 -0.001325
-0.0013 -0.0013
-0.001275 -0.001275
-0.00125 -0.00125
-0.001225 -0.001225
-0.0012 -0.0012
-0.001175 -0.001175
-0.00115 -0.00115
-0.001125 -0.001125
-0.0011 -0.0011
-0.001075 -0.001075
-0.00105 -0.00105
-0.001025 -0.001025
-0.001 -0.001
-0.000975 -0.000975
-0.00095 -0.00095
-0.000925 -0.000925
-0.0009 -0.0009
-0.000875 -0.000875
-0.00085 -0.00085
-0.000825 -0.000825
-0.0008 -0.0008
-0.000775 -0.000775
-0.00075 -0.00075
-0.000725 -0.000725
-0.0007 -0.0007
-0.000675 -0.000675
-0.00065 -0.00065
-0.000625 -0.000625
-0.0006 -0.0006
-0.000575 -0.000575
-0.00055 -0.00055
-0.000525 -0.000525
-0.0005 -0.0005
-0.000475 -0.000475
-0.00045 -0.00045
-0.000425 -0.000425
-0.0004 -0.0004
-0.000375 -0.000375
-0.00035 -0.00035
-0.000325 -0.000325
-0.0003 -0.0003
-0.000275 -0.000275
-0.00025 -0.00025
-0.000225 -0.000225
-0.0002 -0.0002
-0.000175 -0.000175
-0.00015 -0.00015
-0.000125 -0.000125
-0.0001 -0.0001
-7.5e-05 -7.5e-05
-5e-05 -5e-05
-2.5e-05 -2.5e-05
-9.28348e-19 -9.28348e-19
2.5e-05 2.5e-05
5e-05 5e-05
7.5e-05 7.5e-05
0.0001 0.0001
0.000125 0.000125
0.00015 0.00015
0.000175 0.000175
0.0002 0.0002
0.000225 0.000225
0.00025 0.00025
0.000275 0.000275
0.0003 0.0003
0.000325 0.000325
0.00035 0.00035
0.000375 0.000375
0.0004 0.0004
0.000425 0.000425
0.00045 0.00045
0.000475 0.000475
0.0005 0.0005
0.000525 0.000525
0.00055 0.00055
0.000575 0.000575
0.0006 0.0006
0.000625 0.000625
0.00065 0.00065
0.000675 0.000675
0.0007 0.0007
0.000725 0.000725
0.00075 0.00075
0.000775 0.000775
0.0008 0.0008
0.000825 0.000825
0.00085 0.00085
0.000875 0.000875
0.00085 0.00085
0.000825 0.000825
0.0008 0.0008
0.000775 0.000775
0.00075 0.00075
0.000725 0.000725
0.0007 0.0007
0.000675 0.000675
0.00065 0.00065
0.000625 0.000625
0.0006 0.0006
0.000575 0.000575
0.00055 0.00055
0.000525 0.000525
0.0005 0.0005
0.000475 0.000475
0.00045 0.00045
0.000425 0.000425
0.0004 0.0004
0.000375 0.000375
0.00035 0.00035
0.000325 0.000325
0.0003 0.0003
0.000275 0.000275
0.00025 0.00025
0.000225 0.000225
0.0002 0.0002
0.000175 0.000175
0.00015 0.00015
0.000125 0.000125
0.0001 0.0001
7.5e-05 7.5e-05
5e-05 5e-05
2.5e-05 2.5e-05
-9.14796e-19 -9.14796e-19
