-3.02495e-05 0.524947
-6.04715e-05 1.04715
-9.06659e-05 1.56659
-0.000120833 2.08327
-0.000150972 2.59717
-0.000181083 3.10828
-0.000211166 3.61658
-0.000241221 4.12207
-0.000271247 4.62473
-0.000301245 5.12455
-0.000331215 5.62152
-0.000361156 6.11563
-0.000391069 6.60686
-0.000420952 7.0952
-0.000450806 7.58064
-0.000480632 8.06317
-0.000510428 8.54277
-0.000540194 9.01944
-0.000569932 9.49315
-0.000599639 9.9639
-0.000629317 10.4317
-0.000658964 10.8964
-0.000688582 11.3582
-0.00071817 11.817
-0.000747727 12.2727
-0.000777254 12.7254
-0.00080675 13.175
-0.000836216 13.6216
-0.00086565 14.065
-0.000895054 14.5054
-0.000924427 14.9427
-0.000953768 15.3768
-0.000983078 15.8078
-0.00101236 16.2356
-0.0010416 16.6603
-0.00107082 17.0817
-0.0011 17.5
-0.00112915 17.9151
-0.00115827 18.3269
-0.00118735 18.7355
-0.00121641 19.1408
-0.00124543 19.5428
-0.00127442 19.9416
-0.00130337 20.337
-0.00133229 20.7292
-0.00136118 21.118
-0.00139003 21.5034
-0.00141885 21.8855
-0.00144764 22.2641
-0.00147639 22.6394
-0.00144613 22.1131
-0.00141587 21.5868
-0.0013856 21.0605
-0.00135534 20.5341
-0.00132508 20.0078
-0.00129482 19.4815
-0.00126455 18.9552
-0.00123429 18.4289
-0.00120403 17.9026
-0.00117376 17.3762
-0.0011435 16.8499
-0.00111324 16.3236
-0.00108297 15.7973
-0.00105271 15.271
-0.00102245 14.7447
-0.000992184 14.2184
-0.00096192 13.692
-0.000931657 13.1657
-0.000901394 12.6394
-0.000871131 12.1131
-0.000840868 11.5868
-0.000810605 11.0605
-0.000780341 10.5341
-0.000750078 10.0078
-0.000719815 9.48151
-0.000689552 8.9552
-0.000659289 8.42888
-0.000629026 7.90256
-0.000598762 7.37625
-0.000568499 6.84993
-0.000538236 6.32362
-0.000507973 5.7973
-0.00047771 5.27099
-0.000447447 4.74467
-0.000417184 4.21835
-0.00038692 3.69204
-0.000356657 3.16572
-0.000326394 2.63941
-0.000296131 2.11309
-0.000265868 1.58678
-0.000235605 1.06046
-0.000205341 0.534143
-0.000175078 0.00782769
-0.00015 0
-0.000125 0
-0.0001 0
-7.5e-05 0
-5e-05 0
-2.5e-05 0
-6.09864e-20 0
2.5e-05 0
5e-05 0
7.5e-05 0
0.0001 0
0.000125 0
0.0001 0
7.5e-05 0
5e-05 0
2.5e-05 0
-4.74338e-20 0
-2.5e-05 0
-5e-05 0
-7.5e-05 0
-0.0001 0
-0.000125 0
-0.00015 0
-0.000175078 0.00782769
-0.000205341 0.534143
-0.000235605 1.06046
-0.000265868 1.58678
-0.000296131 2.11309
-0.000326394 2.63941
-0.000356657 3.16572
-0.00038692 3.69204
-0.000417184 4.21835
-0.000447447 4.74467
-0.00047771 5.27099
-0.000507973 5.7973
-0.000538236 6.32362
-0.000568499 6.84993
-0.000598762 7.37625
-0.000629026 7.90256
-0.000659289 8.42888
-0.000689552 8.9552
-0.000719815 9.48151
-0.000750078 10.0078
-0.000780341 10.5341
-0.000810605 11.0605
-0.000840868 11.5868
-0.000871131 12.1131
-0.000901394 12.6394
-0.000931657 13.1657
-0.00096192 13.692
-0.000992184 14.2184
-0.00102245 14.7447
-0.00105271 15.271
-0.00108297 15.7973
-0.00111324 16.3236
-0.0011435 16.8499
-0.00117376 17.3762
-0.00120403 17.9026
-0.00123429 18.4289
-0.00126455 18.9552
-0.00129482 19.4815
-0.00132508 20.0078
-0.00135534 20.5341
-0.0013856 21.0605
-0.00141587 21.5868
-0.00144613 22.1131
-0.00147639 22.6394
-0.00150511 23.0113
-0.0015338 23.3797
-0.00156245 23.7447
-0.00159106 24.1062
-0.00161964 24.4642
-0.00164819 24.8187
-0.0016767 25.1697
-0.00170517 25.5171
-0.00173361 25.861
-0.00176201 26.2014
-0.00179038 26.5381
-0.00181871 26.8712
-0.00184701 27.2007
-0.00187527 27.5266
-0.00190349 27.8488
-0.00193167 28.1673
-0.00195982 28.4821
-0.00198793 28.7932
-0.00201601 29.1006
-0.00204404 29.4042
-0.00207204 29.704
-0.0021 30
-0.00212792 30.2922
-0.00215581 30.5806
-0.00218365 30.8651
-0.00221146 31.1457
-0.00223922 31.4225
-0.00226695 31.6953
-0.00229464 31.9642
-0.00232229 32.2291
-0.0023499 32.49
-0.00237747 32.747
-0.002405 32.9999
-0.00243249 33.2488
-0.00245994 33.4936
-0.00248734 33.7343
-0.00251471 33.9709
-0.00254203 34.2034
-0.00256932 34.4317
-0.00259656 34.6558
-0.00262376 34.8758
-0.00265091 35.0915
-0.00267803 35.3029
-0.0027051 35.5101
-0.00273213 35.713
-0.00275912 35.9115
-0.00278606 36.1058
-0.00281296 36.2956
-0.00283981 36.4811
-0.00286662 36.6621
-0.00289339 36.8387
-0.00292011 37.0108
-0.00294678 37.1784
-0.00297341 37.3415
-0.003 37.5
-0.00302654 37.654
-0.00305303 37.8033
-0.00307948 37.948
-0.00310588 38.0881
-0.00313223 38.2235
-0.00315854 38.3541
-0.0031848 38.48
-0.00321101 38.6012
-0.00323718 38.7175
-0.00326329 38.829
-0.00328936 38.9357
-0.00331537 39.0375
-0.00334134 39.1343
-0.00336726 39.2262
-0.00339313 39.3131
-0.00341895 39.395
-0.00344472 39.4719
-0.00347044 39.5436
-0.0034961 39.6103
-0.00352172 39.6719
-0.00354728 39.7282
-0.00357279 39.7794
-0.00359825 39.8253
-0.00362366 39.866
-0.00364901 39.9013
-0.00367431 39.9313
-0.00369956 39.9559
-0.00372475 39.9752
-0.00374989 39.9889
-0.00377497 39.9972
-0.0038 40
-0.00382318 39.8176
-0.00384635 39.6352
-0.00386953 39.4528
-0.0038927 39.2704
-0.00391588 39.088
-0.00393906 38.9056
-0.00396223 38.7232
-0.00398541 38.5408
-0.00400858 38.3584
-0.00403176 38.176
-0.00405494 37.9936
-0.00407811 37.8112
-0.00410129 37.6288
-0.00412446 37.4464
-0.00409607 37.1072
-0.00406768 36.7681
-0.00403929 36.429
-0.0040109 36.0898
-0.00398251 35.7507
-0.00395412 35.4116
-0.00392572 35.0724
-0.00389733 34.7333
-0.00386894 34.3942
-0.00384055 34.055
-0.00381216 33.7159
-0.00378377 33.3768
-0.00375538 33.0376
-0.00372699 32.6985
-0.00369859 32.3594
-0.0036702 32.0202
-0.00364181 31.6811
-0.00361342 31.342
-0.00358503 31.0029
-0.00355664 30.6637
-0.00352825 30.3246
-0.00349985 29.9855
-0.00347146 29.6463
-0.00344307 29.3072
-0.00341468 28.9681
-0.00338629 28.6289
-0.0033579 28.2898
-0.00332951 27.9507
-0.00330112 27.6115
-0.00327272 27.2724
-0.00324433 26.9333
-0.00321594 26.5941
-0.00318755 26.255
-0.00315916 25.9159
-0.00313077 25.5767
-0.00310238 25.2376
-0.00307398 24.8985
-0.00304559 24.5593
-0.0030172 24.2202
-0.00298881 23.8811
-0.00296042 23.542
-0.00293203 23.2028
-0.00290364 22.8637
-0.00287525 22.5246
-0.00284685 22.1854
-0.00281846 21.8463
-0.00279007 21.5072
-0.00276168 21.168
-0.00273329 20.8289
-0.0027049 20.4898
-0.00267651 20.1506
-0.00264812 19.8115
-0.00261972 19.4724
-0.00259133 19.1332
-0.00256294 18.7941
-0.00253455 18.455
-0.00250616 18.1158
-0.00247777 17.7767
-0.00244938 17.4376
-0.00242098 17.0985
-0.00239259 16.7593
-0.0023642 16.4202
-0.00233581 16.0811
-0.00230742 15.7419
-0.00227903 15.4028
-0.00225064 15.0637
-0.00222225 14.7245
-0.00219385 14.3854
-0.00216546 14.0463
-0.00213707 13.7071
-0.00210868 13.368
-0.00208029 13.0289
-0.0020519 12.6897
-0.00202351 12.3506
-0.00199511 12.0115
-0.00196672 11.6723
-0.00193833 11.3332
-0.00190994 10.9941
-0.00188155 10.655
-0.00185316 10.3158
-0.00182477 9.97669
-0.00179638 9.63756
-0.00176798 9.29842
-0.00173959 8.95929
-0.0017112 8.62016
-0.00168281 8.28103
-0.00165442 7.9419
-0.00162603 7.60277
-0.00159764 7.26363
-0.00156925 6.9245
-0.00154085 6.58537
-0.00151246 6.24624
-0.00148407 5.90711
-0.00145568 5.56798
-0.00142729 5.22884
-0.0013989 4.88971
-0.00137051 4.55058
-0.00134211 4.21145
-0.00131372 3.87232
-0.00128533 3.53319
-0.00125694 3.19406
-0.00122855 2.85492
-0.00120016 2.51579
-0.00117177 2.17666
-0.00114338 1.83753
-0.00111498 1.4984
-0.00108659 1.15927
-0.0010582 0.820133
-0.00102981 0.481002
-0.00100142 0.14187
-0.000975 0
-0.00095 0
-0.000925 0
-0.0009 0
-0.000875 0
-0.00085 0
-0.000825 0
-0.0008 0
-0.000775 0
-0.00075 0
-0.000725 0
-0.0007 0
-0.000675 0
-0.00065 0
-0.000625 0
-0.0006 0
-0.000575 0
-0.00055 0
-0.000525 0
-0.0005 0
-0.000475 0
-0.00045 0
-0.000425 0
-0.0004 0
-0.000375 0
-0.00035 0
-0.000325 0
-0.0003 0
-0.000275 0
-0.00025 0
-0.000225 0
-0.0002 0
-0.000175 0
-0.00015 0
-0.000125 0
-0.0001 0
-7.5e-05 0
-5e-05 0
-2.5e-05 0
-6.09864e-20 0
2.5e-05 0
5e-05 0
7.5e-05 0
0.0001 0
0.000125 0
0.00015 0
0.000175 0
0.0002 0
0.000225 0
0.00025 0
0.000275 0
0.0003 0
0.000325 0
0.00035 0
0.000375 0
0.00035 0
0.000325 0
0.0003 0
0.000275 0
0.00025 0
0.000225 0
0.0002 0
0.000175 0
0.00015 0
0.000125 0
0.0001 0
7.5e-05 0
5e-05 0
2.5e-05 0
-4.74338e-20 0
-2.5e-05 0
-5e-05 0
-7.5e-05 0
-0.0001 0
-0.000125 0
-0.00015 0
-0.000175 0
-0.0002 0
-0.000225 0
-0.00025 0
-0.000275 0
-0.0003 0
-0.000325 0
-0.00035 0
-0.000375 0
-0.0004 0
-0.000425 0
-0.00045 0
-0.000475 0
-0.0005 0
-0.000525 0
-0.00055 0
-0.000575 0
-0.0006 0
-0.000625 0
-0.00065 0
-0.000675 0
-0.0007 0
-0.000725 0
-0.00075 0
-0.000775 0
-0.0008 0
-0.000825 0
-0.00085 0
-0.000875 0
-0.0009 0
-0.000925 0
-0.00095 0
-0.000975 0
-0.00100142 0.14187
-0.00102981 0.481002
-0.0010582 0.820133
-0.00108659 1.15927
-0.00111498 1.4984
-0.00114338 1.83753
-0.00117177 2.17666
-0.00120016 2.51579
-0.00122855 2.85492
-0.00125694 3.19406
-0.00128533 3.53319
-0.00131372 3.87232
-0.00134211 4.21145
-0.00137051 4.55058
-0.0013989 4.88971
-0.00142729 5.22884
-0.00145568 5.56798
-0.00148407 5.90711
-0.00151246 6.24624
-0.00154085 6.58537
-0.00156925 6.9245
-0.00159764 7.26363
-0.00162603 7.60277
-0.00165442 7.9419
-0.00168281 8.28103
-0.0017112 8.62016
-0.00173959 8.95929
-0.00176798 9.29842
-0.00179638 9.63756
-0.00182477 9.97669
-0.00185316 10.3158
-0.00188155 10.655
-0.00190994 10.9941
-0.00193833 11.3332
-0.00196672 11.6723
-0.00199511 12.0115
-0.00202351 12.3506
-0.0020519 12.6897
-0.00208029 13.0289
-0.00210868 13.368
-0.00213707 13.7071
-0.00216546 14.0463
-0.00219385 14.3854
-0.00222225 14.7245
-0.00225064 15.0637
-0.00227903 15.4028
-0.00230742 15.7419
-0.00233581 16.0811
-0.0023642 16.4202
-0.00239259 16.7593
-0.00242098 17.0985
-0.00244938 17.4376
-0.00247777 17.7767
-0.00250616 18.1158
-0.00253455 18.455
-0.00256294 18.7941
-0.00259133 19.1332
-0.00261972 19.4724
-0.00264812 19.8115
-0.00267651 20.1506
-0.0027049 20.4898
-0.00273329 20.8289
-0.00276168 21.168
-0.00279007 21.5072
-0.00281846 21.8463
-0.00284685 22.1854
-0.00287525 22.5246
-0.00290364 22.8637
-0.00293203 23.2028
-0.00296042 23.542
-0.00298881 23.8811
-0.0030172 24.2202
-0.00304559 24.5593
-0.00307398 24.8985
-0.00310238 25.2376
-0.00313077 25.5767
-0.00315916 25.9159
-0.00318755 26.255
-0.00321594 26.5941
-0.00324433 26.9333
-0.00327272 27.2724
-0.00330112 27.6115
-0.00332951 27.9507
-0.0033579 28.2898
-0.00338629 28.6289
-0.00341468 28.9681
-0.00344307 29.3072
-0.00347146 29.6463
-0.00349985 29.9855
-0.00352825 30.3246
-0.00355664 30.6637
-0.00358503 31.0029
-0.00361342 31.342
-0.00364181 31.6811
-0.0036702 32.0202
-0.00369859 32.3594
-0.00372699 32.6985
-0.00375538 33.0376
-0.00378377 33.3768
-0.00381216 33.7159
-0.00384055 34.055
-0.00386894 34.3942
-0.00389733 34.7333
-0.00392572 35.0724
-0.00395412 35.4116
-0.00398251 35.7507
-0.0040109 36.0898
-0.00403929 36.429
-0.00406768 36.7681
-0.00409607 37.1072
-0.00412446 37.4464
-0.00414764 37.2639
-0.00417082 37.0815
-0.00419399 36.8991
-0.00421717 36.7167
-0.00424034 36.5343
-0.00426352 36.3519
-0.0042867 36.1695
-0.00430987 35.9871
-0.00433305 35.8047
-0.00435622 35.6223
-0.0043794 35.4399
-0.00440258 35.2575
-0.00442575 35.0751
-0.00444893 34.8927
-0.0044721 34.7103
-0.00449528 34.5279
-0.00451845 34.3455
-0.00454163 34.1631
-0.00456481 33.9807
-0.00458798 33.7983
-0.00461116 33.6159
-0.00463433 33.4335
-0.00465751 33.2511
-0.00468069 33.0687
-0.00470386 32.8863
-0.00472704 32.7039
-0.00475021 32.5215
-0.00477339 32.3391
-0.00479657 32.1567
-0.00481974 31.9742
-0.00484292 31.7918
-0.00486609 31.6094
-0.00488927 31.427
-0.00491245 31.2446
-0.00493562 31.0622
-0.0049588 30.8798
-0.00498197 30.6974
-0.00500515 30.515
-0.00502833 30.3326
-0.0050515 30.1502
-0.00507468 29.9678
-0.00509785 29.7854
-0.00512103 29.603
-0.00514421 29.4206
-0.00516738 29.2382
-0.00519056 29.0558
-0.00521373 28.8734
-0.00523691 28.691
-0.00526009 28.5086
-0.00528326 28.3262
-0.00525612 28.1123
-0.00522898 27.8985
-0.00520185 27.6846
-0.00517471 27.4708
-0.00514757 27.257
-0.00512043 27.0431
-0.00509329 26.8293
-0.00506615 26.6154
-0.00503902 26.4016
-0.00501188 26.1877
-0.00498474 25.9739
-0.0049576 25.76
-0.00493046 25.5462
-0.00490332 25.3323
-0.00487618 25.1185
-0.00484905 24.9047
-0.00482191 24.6908
-0.00479477 24.477
-0.00476763 24.2631
-0.00474049 24.0493
-0.00471335 23.8354
-0.00468622 23.6216
-0.00465908 23.4077
-0.00463194 23.1939
-0.0046048 22.98
-0.00457766 22.7662
-0.00455052 22.5523
-0.00452339 22.3385
-0.00449625 22.1247
-0.00446911 21.9108
-0.00444197 21.697
-0.00441483 21.4831
-0.00438769 21.2693
-0.00436055 21.0554
-0.00433342 20.8416
-0.00430628 20.6277
-0.00427914 20.4139
-0.004252 20.2
-0.00422486 19.9862
-0.00419772 19.7724
-0.00417059 19.5585
-0.00414345 19.3447
-0.00411631 19.1308
-0.00408917 18.917
-0.00406203 18.7031
-0.00403489 18.4893
-0.00400775 18.2754
-0.00398062 18.0616
-0.00395348 17.8477
-0.00392634 17.6339
-0.0038992 17.4201
-0.00387206 17.2062
-0.00384492 16.9924
-0.00381779 16.7785
-0.00379065 16.5647
-0.00376351 16.3508
-0.00373637 16.137
-0.00370923 15.9231
-0.00368209 15.7093
-0.00365495 15.4954
-0.00362782 15.2816
-0.00360068 15.0678
-0.00357354 14.8539
-0.0035464 14.6401
-0.00351926 14.4262
-0.00349212 14.2124
-0.00346499 13.9985
-0.00343785 13.7847
-0.00341071 13.5708
-0.00338357 13.357
-0.00335643 13.1431
-0.00332929 12.9293
-0.00330215 12.7155
-0.00327502 12.5016
-0.00324788 12.2878
-0.00322074 12.0739
-0.0031936 11.8601
-0.00316646 11.6462
-0.00313932 11.4324
-0.00311219 11.2185
-0.00308505 11.0047
-0.00305791 10.7908
-0.00303077 10.577
-0.00300363 10.3631
-0.00297649 10.1493
-0.00294935 9.93546
-0.00292222 9.72161
-0.00289508 9.50777
-0.00286794 9.29392
-0.0028408 9.08008
-0.00281366 8.86623
-0.00278652 8.65238
-0.00275939 8.43854
-0.00273225 8.22469
-0.00270511 8.01085
-0.00267797 7.797
-0.00265083 7.58316
-0.00262369 7.36931
-0.00259655 7.15547
-0.00256942 6.94162
-0.00254228 6.72777
-0.00251514 6.51393
-0.002488 6.30008
-0.00246086 6.08624
-0.00243372 5.87239
-0.00240659 5.65855
-0.00237945 5.4447
-0.00235231 5.23086
-0.00232517 5.01701
-0.00229803 4.80316
-0.00227089 4.58932
-0.00224375 4.37547
-0.00221662 4.16163
-0.00218948 3.94778
-0.00216234 3.73394
-0.0021352 3.52009
-0.00210806 3.30624
-0.00208092 3.0924
-0.00205379 2.87855
-0.00202665 2.66471
-0.00199951 2.45086
-0.00197237 2.23702
-0.00194523 2.02317
-0.00191809 1.80933
-0.00189095 1.59548
-0.00186382 1.38163
-0.00183668 1.16779
-0.00180954 0.953943
-0.0017824 0.740098
-0.00175526 0.526252
-0.00172812 0.312407
-0.00170099 0.0985609
-0.001675 0
-0.00165 0
-0.001625 0
-0.0016 0
-0.001575 0
-0.00155 0
-0.001525 0
-0.0015 0
-0.001475 0
-0.00145 0
-0.001425 0
-0.0014 0
-0.001375 0
-0.00135 0
-0.001325 0
-0.0013 0
-0.001275 0
-0.00125 0
-0.001225 0
-0.0012 0
-0.001175 0
-0.00115 0
-0.001125 0
-0.0011 0
-0.001075 0
-0.00105 0
-0.001025 0
-0.001 0
-0.000975 0
-0.00095 0
-0.000925 0
-0.0009 0
-0.000875 0
-0.00085 0
-0.000825 0
-0.0008 0
-0.000775 0
-0.00075 0
-0.000725 0
-0.0007 0
-0.000675 0
-0.00065 0
-0.000625 0
-0.0006 0
-0.000575 0
-0.00055 0
-0.000525 0
-0.0005 0
-0.000475 0
-0.00045 0
-0.000425 0
-0.0004 0
-0.000375 0
-0.00035 0
-0.000325 0
-0.0003 0
-0.000275 0
-0.00025 0
-0.000225 0
-0.0002 0
-0.000175 0
-0.00015 0
-0.000125 0
-0.0001 0
-7.5e-05 0
-5e-05 0
-2.5e-05 0
-6.09864e-20 0
2.5e-05 0
5e-05 0
7.5e-05 0
0.0001 0
0.000125 0
0.00015 0
0.000175 0
0.0002 0
0.000225 0
0.00025 0
0.000275 0
0.0003 0
0.000325 0
0.00035 0
0.000375 0
0.0004 0
0.000425 0
0.00045 0
0.000475 0
0.0005 0
0.000475 0
0.00045 0
0.000425 0
0.0004 0
0.000375 0
0.00035 0
0.000325 0
0.0003 0
0.000275 0
0.00025 0
0.000225 0
0.0002 0
0.000175 0
0.00015 0
0.000125 0
0.0001 0
7.5e-05 0
5e-05 0
2.5e-05 0
-4.74338e-20 0
-2.5e-05 0
-5e-05 0
-7.5e-05 0
-0.0001 0
-0.000125 0
-0.00015 0
-0.000175 0
-0.0002 0
-0.000225 0
-0.00025 0
-0.000275 0
-0.0003 0
-0.000325 0
-0.00035 0
-0.000375 0
-0.0004 0
-0.000425 0
-0.00045 0
-0.000475 0
-0.0005 0
-0.000525 0
-0.00055 0
-0.000575 0
-0.0006 0
-0.000625 0
-0.00065 0
-0.000675 0
-0.0007 0
-0.000725 0
-0.00075 0
-0.000775 0
-0.0008 0
-0.000825 0
-0.00085 0
-0.000875 0
-0.0009 0
-0.000925 0
-0.00095 0
-0.000975 0
-0.001 0
-0.001025 0
-0.00105 0
-0.001075 0
-0.0011 0
-0.001125 0
-0.00115 0
-0.001175 0
-0.0012 0
-0.001225 0
-0.00125 0
-0.001275 0
-0.0013 0
-0.001325 0
-0.00135 0
-0.001375 0
-0.0014 0
-0.001425 0
-0.00145 0
-0.001475 0
-0.0015 0
-0.001525 0
-0.00155 0
-0.001575 0
-0.0016 0
-0.001625 0
-0.00165 0
-0.001675 0
-0.00170099 0.0985609
-0.00172812 0.312407
-0.00175526 0.526252
-0.0017824 0.740098
-0.00180954 0.953943
-0.00183668 1.16779
-0.00186382 1.38163
-0.00189095 1.59548
-0.00191809 1.80933
-0.00194523 2.02317
-0.00197237 2.23702
-0.00199951 2.45086
-0.00202665 2.66471
-0.00205379 2.87855
-0.00208092 3.0924
-0.00210806 3.30624
-0.0021352 3.52009
-0.00216234 3.73394
-0.00218948 3.94778
-0.00221662 4.16163
-0.00224375 4.37547
-0.00227089 4.58932
-0.00229803 4.80316
-0.00232517 5.01701
-0.00235231 5.23086
-0.00237945 5.4447
-0.00240659 5.65855
-0.00243372 5.87239
-0.00246086 6.08624
-0.002488 6.30008
-0.00251514 6.51393
-0.00254228 6.72777
-0.00256942 6.94162
-0.00259655 7.15547
-0.00262369 7.36931
-0.00265083 7.58316
-0.00267797 7.797
-0.00270511 8.01085
-0.00273225 8.22469
-0.00275939 8.43854
-0.00278652 8.65238
-0.00281366 8.86623
-0.0028408 9.08008
-0.00286794 9.29392
-0.00289508 9.50777
-0.00292222 9.72161
-0.00294935 9.93546
-0.00297649 10.1493
-0.00300363 10.3631
-0.00303077 10.577
-0.00305791 10.7908
-0.00308505 11.0047
-0.00311219 11.2185
-0.00313932 11.4324
-0.00316646 11.6462
-0.0031936 11.8601
-0.00322074 12.0739
-0.00324788 12.2878
-0.00327502 12.5016
-0.00330215 12.7155
-0.00332929 12.9293
-0.00335643 13.1431
-0.00338357 13.357
-0.00341071 13.5708
-0.00343785 13.7847
-0.00346499 13.9985
-0.00349212 14.2124
-0.00351926 14.4262
-0.0035464 14.6401
-0.00357354 14.8539
-0.00360068 15.0678
-0.00362782 15.2816
-0.00365495 15.4954
-0.00368209 15.7093
-0.00370923 15.9231
-0.00373637 16.137
-0.00376351 16.3508
-0.00379065 16.5647
-0.00381779 16.7785
-0.00384492 16.9924
-0.00387206 17.2062
-0.0038992 17.4201
-0.00392634 17.6339
-0.00395348 17.8477
-0.00398062 18.0616
-0.00400775 18.2754
-0.00403489 18.4893
-0.00406203 18.7031
-0.00408917 18.917
-0.00411631 19.1308
-0.00414345 19.3447
-0.00417059 19.5585
-0.00419772 19.7724
-0.00422486 19.9862
-0.004252 20.2
-0.00427914 20.4139
-0.00430628 20.6277
-0.00433342 20.8416
-0.00436055 21.0554
-0.00438769 21.2693
-0.00441483 21.4831
-0.00444197 21.697
-0.00446911 21.9108
-0.00449625 22.1247
-0.00452339 22.3385
-0.00455052 22.5523
-0.00457766 22.7662
-0.0046048 22.98
-0.00463194 23.1939
-0.00465908 23.4077
-0.00468622 23.6216
-0.00471335 23.8354
-0.00474049 24.0493
-0.00476763 24.2631
-0.00479477 24.477
-0.00482191 24.6908
-0.00484905 24.9047
-0.00487618 25.1185
-0.00490332 25.3323
-0.00493046 25.5462
-0.0049576 25.76
-0.00498474 25.9739
-0.00501188 26.1877
-0.00503902 26.4016
-0.00506615 26.6154
-0.00509329 26.8293
-0.00512043 27.0431
-0.00514757 27.257
-0.00517471 27.4708
-0.00520185 27.6846
-0.00522898 27.8985
-0.00525612 28.1123
-0.00528326 28.3262
-0.00530644 28.1438
-0.00532961 27.9614
-0.00535279 27.779
-0.00537597 27.5966
-0.00539914 27.4142
-0.00542232 27.2318
-0.00544549 27.0494
-0.00546867 26.867
-0.00549185 26.6845
-0.00551502 26.5021
-0.0055382 26.3197
-0.00556137 26.1373
-0.00558455 25.9549
-0.00560773 25.7725
-0.0056309 25.5901
-0.00565408 25.4077
-0.00567725 25.2253
-0.00570043 25.0429
-0.00572361 24.8605
-0.00574678 24.6781
-0.00576996 24.4957
-0.00579313 24.3133
-0.00581631 24.1309
-0.00583948 23.9485
-0.00586266 23.7661
-0.00588584 23.5837
-0.00590901 23.4013
-0.00593219 23.2189
-0.00595536 23.0365
-0.00597854 22.8541
-0.00600172 22.6717
-0.00602489 22.4893
-0.00604807 22.3069
-0.00607124 22.1245
-0.00609442 21.9421
-0.0061176 21.7597
-0.00614077 21.5773
-0.00616395 21.3948
-0.00618712 21.2124
-0.0062103 21.03
-0.00623348 20.8476
-0.00625665 20.6652
-0.00627983 20.4828
-0.006303 20.3004
-0.00632618 20.118
-0.00634936 19.9356
-0.00637253 19.7532
-0.00639571 19.5708
-0.00641888 19.3884
-0.00644206 19.206
-0.00641576 19.0765
-0.00638947 18.947
-0.00636317 18.8174
-0.00633688 18.6879
-0.00631058 18.5584
-0.00628429 18.4289
-0.00625799 18.2993
-0.0062317 18.1698
-0.0062054 18.0403
-0.00617911 17.9108
-0.00615281 17.7812
-0.00612652 17.6517
-0.00610022 17.5222
-0.00607393 17.3927
-0.00604763 17.2631
-0.00602134 17.1336
-0.00599504 17.0041
-0.00596875 16.8746
-0.00594245 16.7451
-0.00591616 16.6155
-0.00588986 16.486
-0.00586356 16.3565
-0.00583727 16.227
-0.00581097 16.0974
-0.00578468 15.9679
-0.00575838 15.8384
-0.00573209 15.7089
-0.00570579 15.5793
-0.0056795 15.4498
-0.0056532 15.3203
-0.00562691 15.1908
-0.00560061 15.0612
-0.00557432 14.9317
-0.00554802 14.8022
-0.00552173 14.6727
-0.00549543 14.5431
-0.00546914 14.4136
-0.00544284 14.2841
-0.00541655 14.1546
-0.00539025 14.025
-0.00536396 13.8955
-0.00533766 13.766
-0.00531136 13.6365
-0.00528507 13.507
-0.00525877 13.3774
-0.00523248 13.2479
-0.00520618 13.1184
-0.00517989 12.9889
-0.00515359 12.8593
-0.0051273 12.7298
-0.005101 12.6003
-0.00507471 12.4708
-0.00504841 12.3412
-0.00502212 12.2117
-0.00499582 12.0822
-0.00496953 11.9527
-0.00494323 11.8231
-0.00491694 11.6936
-0.00489064 11.5641
-0.00486435 11.4346
-0.00483805 11.305
-0.00481176 11.1755
-0.00478546 11.046
-0.00475916 10.9165
-0.00473287 10.7869
-0.00470657 10.6574
-0.00468028 10.5279
-0.00465398 10.3984
-0.00462769 10.2689
-0.00460139 10.1393
-0.0045751 10.0098
-0.0045488 9.88028
-0.00452251 9.75076
-0.00449621 9.62123
-0.00446992 9.49171
-0.00444362 9.36218
-0.00441733 9.23266
-0.00439103 9.10314
-0.00436474 8.97361
-0.00433844 8.84409
-0.00431215 8.71456
-0.00428585 8.58504
-0.00425956 8.45552
-0.00423326 8.32599
-0.00420696 8.19647
-0.00418067 8.06694
-0.00415437 7.93742
-0.00412808 7.8079
-0.00410178 7.67837
-0.00407549 7.54885
-0.00404919 7.41932
-0.0040229 7.2898
-0.0039966 7.16028
-0.00397031 7.03075
-0.00394401 6.90123
-0.00391772 6.7717
-0.00389142 6.64218
-0.00386513 6.51266
-0.00383883 6.38313
-0.00381254 6.25361
-0.00378624 6.12408
-0.00375995 5.99456
-0.00373365 5.86504
-0.00370736 5.73551
-0.00368106 5.60599
-0.00365476 5.47646
-0.00362847 5.34694
-0.00360217 5.21742
-0.00357588 5.08789
-0.00354958 4.95837
-0.00352329 4.82884
-0.00349699 4.69932
-0.0034707 4.5698
-0.0034444 4.44027
-0.00341811 4.31075
-0.00339181 4.18122
-0.00336552 4.0517
-0.00333922 3.92218
-0.00331293 3.79265
-0.00328663 3.66313
-0.00326034 3.5336
-0.00323404 3.40408
-0.00320775 3.27456
-0.00318145 3.14503
-0.00315516 3.01551
-0.00312886 2.88598
-0.00310256 2.75646
-0.00307627 2.62694
-0.00304997 2.49741
-0.00302368 2.36789
-0.00299738 2.23836
-0.00297109 2.10884
-0.00294479 1.97932
-0.0029185 1.84979
-0.0028922 1.72027
-0.00286591 1.59074
-0.00283961 1.46122
-0.00281332 1.3317
-0.00278702 1.20217
-0.00276073 1.07265
-0.00273443 0.943124
-0.00270814 0.8136
-0.00268184 0.684076
-0.00265555 0.554552
-0.00262925 0.425028
-0.00260296 0.295504
-0.00257666 0.16598
-0.00255036 0.0364557
-0.002525 0
-0.0025 0
-0.002475 0
-0.00245 0
-0.002425 0
-0.0024 0
-0.002375 0
-0.00235 0
-0.002325 0
-0.0023 0
-0.002275 0
-0.00225 0
-0.002225 0
-0.0022 0
-0.002175 0
-0.00215 0
-0.002125 0
-0.0021 0
-0.002075 0
-0.00205 0
-0.002025 0
-0.002 0
-0.001975 0
-0.00195 0
-0.001925 0
-0.0019 0
-0.001875 0
-0.00185 0
-0.001825 0
-0.0018 0
-0.001775 0
-0.00175 0
-0.001725 0
-0.0017 0
-0.001675 0
-0.00165 0
-0.001625 0
-0.0016 0
-0.001575 0
-0.00155 0
-0.001525 0
-0.0015 0
-0.001475 0
-0.00145 0
-0.001425 0
-0.0014 0
-0.001375 0
-0.00135 0
-0.001325 0
-0.0013 0
-0.001275 0
-0.00125 0
-0.001225 0
-0.0012 0
-0.001175 0
-0.00115 0
-0.001125 0
-0.0011 0
-0.001075 0
-0.00105 0
-0.001025 0
-0.001 0
-0.000975 0
-0.00095 0
-0.000925 0
-0.0009 0
-0.000875 0
-0.00085 0
-0.000825 0
-0.0008 0
-0.000775 0
-0.00075 0
-0.000725 0
-0.0007 0
-0.000675 0
-0.00065 0
-0.000625 0
-0.0006 0
-0.000575 0
-0.00055 0
-0.000525 0
-0.0005 0
-0.000475 0
-0.00045 0
-0.000425 0
-0.0004 0
-0.000375 0
-0.00035 0
-0.000325 0
-0.0003 0
-0.000275 0
-0.00025 0
-0.000225 0
-0.0002 0
-0.000175 0
-0.00015 0
-0.000125 0
-0.0001 0
-7.5e-05 0
-5e-05 0
-2.5e-05 0
-6.09864e-20 0
2.5e-05 0
5e-05 0
7.5e-05 0
0.0001 0
0.000125 0
0.00015 0
0.000175 0
0.0002 0
0.000225 0
0.00025 0
0.000275 0
0.0003 0
0.000325 0
0.00035 0
0.000375 0
0.0004 0
0.000425 0
0.00045 0
0.000475 0
0.0005 0
0.000525 0
0.00055 0
0.000575 0
0.0006 0
0.000625 0
0.0006 0
0.000575 0
0.00055 0
0.000525 0
0.0005 0
0.000475 0
0.00045 0
0.000425 0
0.0004 0
0.000375 0
0.00035 0
0.000325 0
0.0003 0
0.000275 0
0.00025 0
0.000225 0
0.0002 0
0.000175 0
0.00015 0
0.000125 0
0.0001 0
7.5e-05 0
5e-05 0
2.5e-05 0
-4.74338e-20 0
-2.5e-05 0
-5e-05 0
-7.5e-05 0
-0.0001 0
-0.000125 0
-0.00015 0
-0.000175 0
-0.0002 0
-0.000225 0
-0.00025 0
-0.000275 0
-0.0003 0
-0.000325 0
-0.00035 0
-0.000375 0
-0.0004 0
-0.000425 0
-0.00045 0
-0.000475 0
-0.0005 0
-0.000525 0
-0.00055 0
-0.000575 0
-0.0006 0
-0.000625 0
-0.00065 0
-0.000675 0
-0.0007 0
-0.000725 0
-0.00075 0
-0.000775 0
-0.0008 0
-0.000825 0
-0.00085 0
-0.000875 0
-0.0009 0
-0.000925 0
-0.00095 0
-0.000975 0
-0.001 0
-0.001025 0
-0.00105 0
-0.001075 0
-0.0011 0
-0.001125 0
-0.00115 0
-0.001175 0
-0.0012 0
-0.001225 0
-0.00125 0
-0.001275 0
-0.0013 0
-0.001325 0
-0.00135 0
-0.001375 0
-0.0014 0
-0.001425 0
-0.00145 0
-0.001475 0
-0.0015 0
-0.001525 0
-0.00155 0
-0.001575 0
-0.0016 0
-0.001625 0
-0.00165 0
-0.001675 0
-0.0017 0
-0.001725 0
-0.00175 0
-0.001775 0
-0.0018 0
-0.001825 0
-0.00185 0
-0.001875 0
-0.0019 0
-0.001925 0
-0.00195 0
-0.001975 0
-0.002 0
-0.002025 0
-0.00205 0
-0.002075 0
-0.0021 0
-0.002125 0
-0.00215 0
-0.002175 0
-0.0022 0
-0.002225 0
-0.00225 0
-0.002275 0
-0.0023 0
-0.002325 0
-0.00235 0
-0.002375 0
-0.0024 0
-0.002425 0
-0.00245 0
-0.002475 0
-0.0025 0
-0.002525 0
-0.00255036 0.0364557
-0.00257666 0.16598
-0.00260296 0.295504
-0.00262925 0.425028
-0.00265555 0.554552
-0.00268184 0.684076
-0.00270814 0.8136
-0.00273443 0.943124
-0.00276073 1.07265
-0.00278702 1.20217
-0.00281332 1.3317
-0.00283961 1.46122
-0.00286591 1.59074
-0.0028922 1.72027
-0.0029185 1.84979
-0.00294479 1.97932
-0.00297109 2.10884
-0.00299738 2.23836
-0.00302368 2.36789
-0.00304997 2.49741
-0.00307627 2.62694
-0.00310256 2.75646
-0.00312886 2.88598
-0.00315516 3.01551
-0.00318145 3.14503
-0.00320775 3.27456
-0.00323404 3.40408
-0.00326034 3.5336
-0.00328663 3.66313
-0.00331293 3.79265
-0.00333922 3.92218
-0.00336552 4.0517
-0.00339181 4.18122
-0.00341811 4.31075
-0.0034444 4.44027
-0.0034707 4.5698
-0.00349699 4.69932
-0.00352329 4.82884
-0.00354958 4.95837
-0.00357588 5.08789
-0.00360217 5.21742
-0.00362847 5.34694
-0.00365476 5.47646
-0.00368106 5.60599
-0.00370736 5.73551
-0.00373365 5.86504
-0.00375995 5.99456
-0.00378624 6.12408
-0.00381254 6.25361
-0.00383883 6.38313
-0.00386513 6.51266
-0.00389142 6.64218
-0.00391772 6.7717
-0.00394401 6.90123
-0.00397031 7.03075
-0.0039966 7.16028
-0.0040229 7.2898
-0.00404919 7.41932
-0.00407549 7.54885
-0.00410178 7.67837
-0.00412808 7.8079
-0.00415437 7.93742
-0.00418067 8.06694
-0.00420696 8.19647
-0.00423326 8.32599
-0.00425956 8.45552
-0.00428585 8.58504
-0.00431215 8.71456
-0.00433844 8.84409
-0.00436474 8.97361
-0.00439103 9.10314
-0.00441733 9.23266
-0.00444362 9.36218
-0.00446992 9.49171
-0.00449621 9.62123
-0.00452251 9.75076
-0.0045488 9.88028
-0.0045751 10.0098
-0.00460139 10.1393
-0.00462769 10.2689
-0.00465398 10.3984
-0.00468028 10.5279
-0.00470657 10.6574
-0.00473287 10.7869
-0.00475916 10.9165
-0.00478546 11.046
-0.00481176 11.1755
-0.00483805 11.305
-0.00486435 11.4346
-0.00489064 11.5641
-0.00491694 11.6936
-0.00494323 11.8231
-0.00496953 11.9527
-0.00499582 12.0822
-0.00502212 12.2117
-0.00504841 12.3412
-0.00507471 12.4708
-0.005101 12.6003
-0.0051273 12.7298
-0.00515359 12.8593
-0.00517989 12.9889
-0.00520618 13.1184
-0.00523248 13.2479
-0.00525877 13.3774
-0.00528507 13.507
-0.00531136 13.6365
-0.00533766 13.766
-0.00536396 13.8955
-0.00539025 14.025
-0.00541655 14.1546
-0.00544284 14.2841
-0.00546914 14.4136
-0.00549543 14.5431
-0.00552173 14.6727
-0.00554802 14.8022
-0.00557432 14.9317
-0.00560061 15.0612
-0.00562691 15.1908
-0.0056532 15.3203
-0.0056795 15.4498
-0.00570579 15.5793
-0.00573209 15.7089
-0.00575838 15.8384
-0.00578468 15.9679
-0.00581097 16.0974
-0.00583727 16.227
-0.00586356 16.3565
-0.00588986 16.486
-0.00591616 16.6155
-0.00594245 16.7451
-0.00596875 16.8746
-0.00599504 17.0041
-0.00602134 17.1336
-0.00604763 17.2631
-0.00607393 17.3927
-0.00610022 17.5222
-0.00612652 17.6517
-0.00615281 17.7812
-0.00617911 17.9108
-0.0062054 18.0403
-0.0062317 18.1698
-0.00625799 18.2993
-0.00628429 18.4289
-0.00631058 18.5584
-0.00633688 18.6879
-0.00636317 18.8174
-0.00638947 18.947
-0.00641576 19.0765
-0.00644206 19.206
-0.00646524 19.0236
-0.00648841 18.8412
-0.00651159 18.6588
-0.00653476 18.4764
-0.00655794 18.294
-0.00658112 18.1116
-0.00660429 17.9292
-0.00662747 17.7468
-0.00665064 17.5644
-0.00667382 17.382
-0.006697 17.1996
-0.00672017 17.0172
-0.00674335 16.8348
-0.00676652 16.6524
-0.0067897 16.47
-0.00681288 16.2876
-0.00683605 16.1052
-0.00685923 15.9227
-0.0068824 15.7403
-0.00690558 15.5579
-0.00692876 15.3755
-0.00695193 15.1931
-0.00697511 15.0107
-0.00699828 14.8283
-0.00702146 14.6459
-0.00704464 14.4635
-0.00706781 14.2811
-0.00709099 14.0987
-0.00711416 13.9163
-0.00713734 13.7339
-0.00716052 13.5515
-0.00718369 13.3691
-0.00720687 13.1867
-0.00723004 13.0043
-0.00725322 12.8219
-0.00727639 12.6395
-0.00729957 12.4571
-0.00732275 12.2747
-0.00734592 12.0923
-0.0073691 11.9099
-0.00739227 11.7275
-0.00741545 11.5451
-0.00743863 11.3627
-0.0074618 11.1803
-0.00748498 10.9979
-0.00750815 10.8155
-0.00753133 10.633
-0.00755451 10.4506
-0.00757768 10.2682
-0.00760086 10.0858
-0.00757523 10.0229
-0.0075496 9.96004
-0.00752397 9.89714
-0.00749834 9.83424
-0.00747271 9.77135
-0.00744708 9.70845
-0.00742146 9.64555
-0.00739583 9.58265
-0.0073702 9.51975
-0.00734457 9.45686
-0.00731894 9.39396
-0.00729331 9.33106
-0.00726768 9.26816
-0.00724205 9.20526
-0.00721642 9.14237
-0.00719079 9.07947
-0.00716517 9.01657
-0.00713954 8.95367
-0.00711391 8.89077
-0.00708828 8.82788
-0.00706265 8.76498
-0.00703702 8.70208
-0.00701139 8.63918
-0.00698576 8.57628
-0.00696013 8.51339
-0.0069345 8.45049
-0.00690888 8.38759
-0.00688325 8.32469
-0.00685762 8.26179
-0.00683199 8.1989
-0.00680636 8.136
-0.00678073 8.0731
-0.0067551 8.0102
-0.00672947 7.94731
-0.00670384 7.88441
-0.00667822 7.82151
-0.00665259 7.75861
-0.00662696 7.69571
-0.00660133 7.63282
-0.0065757 7.56992
-0.00655007 7.50702
-0.00652444 7.44412
-0.00649881 7.38122
-0.00647318 7.31833
-0.00644755 7.25543
-0.00642193 7.19253
-0.0063963 7.12963
-0.00637067 7.06673
-0.00634504 7.00384
-0.00631941 6.94094
-0.00629378 6.87804
-0.00626815 6.81514
-0.00624252 6.75224
-0.00621689 6.68935
-0.00619126 6.62645
-0.00616564 6.56355
-0.00614001 6.50065
-0.00611438 6.43775
-0.00608875 6.37486
-0.00606312 6.31196
-0.00603749 6.24906
-0.00601186 6.18616
-0.00598623 6.12326
-0.0059606 6.06037
-0.00593497 5.99747
-0.00590935 5.93457
-0.00588372 5.87167
-0.00585809 5.80877
-0.00583246 5.74588
-0.00580683 5.68298
-0.0057812 5.62008
-0.00575557 5.55718
-0.00572994 5.49428
-0.00570431 5.43139
-0.00567868 5.36849
-0.00565306 5.30559
-0.00562743 5.24269
-0.0056018 5.17979
-0.00557617 5.1169
-0.00555054 5.054
-0.00552491 4.9911
-0.00549928 4.9282
-0.00547365 4.8653
-0.00544802 4.80241
-0.0054224 4.73951
-0.00539677 4.67661
-0.00537114 4.61371
-0.00534551 4.55081
-0.00531988 4.48792
-0.00529425 4.42502
-0.00526862 4.36212
-0.00524299 4.29922
-0.00521736 4.23632
-0.00519173 4.17343
-0.00516611 4.11053
-0.00514048 4.04763
-0.00511485 3.98473
-0.00508922 3.92183
-0.00506359 3.85894
-0.00503796 3.79604
-0.00501233 3.73314
-0.0049867 3.67024
-0.00496107 3.60734
-0.00493544 3.54445
-0.00490982 3.48155
-0.00488419 3.41865
-0.00485856 3.35575
-0.00483293 3.29285
-0.0048073 3.22996
-0.00478167 3.16706
-0.00475604 3.10416
-0.00473041 3.04126
-0.00470478 2.97836
-0.00467915 2.91547
-0.00465353 2.85257
-0.0046279 2.78967
-0.00460227 2.72677
-0.00457664 2.66387
-0.00455101 2.60098
-0.00452538 2.53808
-0.00449975 2.47518
-0.00447412 2.41228
-0.00444849 2.34938
-0.00442286 2.28649
-0.00439724 2.22359
-0.00437161 2.16069
-0.00434598 2.09779
-0.00432035 2.03489
-0.00429472 1.972
-0.00426909 1.9091
-0.00424346 1.8462
-0.00421783 1.7833
-0.0041922 1.7204
-0.00416658 1.65751
-0.00414095 1.59461
-0.00411532 1.53171
-0.00408969 1.46881
-0.00406406 1.40591
-0.00403843 1.34302
-0.0040128 1.28012
-0.00398717 1.21722
-0.00396154 1.15432
-0.00393591 1.09142
-0.00391029 1.02853
-0.00388466 0.965627
-0.00385903 0.902729
-0.0038334 0.839831
-0.00380777 0.776933
-0.00378214 0.714035
-0.00375651 0.651137
-0.00373088 0.588239
-0.00370525 0.525341
-0.00367962 0.462443
-0.003654 0.399545
-0.00362837 0.336647
-0.00360274 0.273749
-0.00357711 0.210851
-0.00355148 0.147953
-0.00352585 0.0850554
-0.00350022 0.0221574
-0.003475 0
-0.00345 0
-0.003425 0
-0.0034 0
-0.003375 0
-0.00335 0
-0.003325 0
-0.0033 0
-0.003275 0
-0.00325 0
-0.003225 0
-0.0032 0
-0.003175 0
-0.00315 0
-0.003125 0
-0.0031 0
-0.003075 0
-0.00305 0
-0.003025 0
-0.003 0
-0.002975 0
-0.00295 0
-0.002925 0
-0.0029 0
-0.002875 0
-0.00285 0
-0.002825 0
-0.0028 0
-0.002775 0
-0.00275 0
-0.002725 0
-0.0027 0
-0.002675 0
-0.00265 0
-0.002625 0
-0.0026 0
-0.002575 0
-0.00255 0
-0.002525 0
-0.0025 0
-0.002475 0
-0.00245 0
-0.002425 0
-0.0024 0
-0.002375 0
-0.00235 0
-0.002325 0
-0.0023 0
-0.002275 0
-0.00225 0
-0.002225 0
-0.0022 0
-0.002175 0
-0.00215 0
-0.002125 0
-0.0021 0
-0.002075 0
-0.00205 0
-0.002025 0
-0.002 0
-0.001975 0
-0.00195 0
-0.001925 0
-0.0019 0
-0.001875 0
-0.00185 0
-0.001825 0
-0.0018 0
-0.001775 0
-0.00175 0
-0.001725 0
-0.0017 0
-0.001675 0
-0.00165 0
-0.001625 0
-0.0016 0
-0.001575 0
-0.00155 0
-0.001525 0
-0.0015 0
-0.001475 0
-0.00145 0
-0.001425 0
-0.0014 0
-0.001375 0
-0.00135 0
-0.001325 0
-0.0013 0
-0.001275 0
-0.00125 0
-0.001225 0
-0.0012 0
-0.001175 0
-0.00115 0
-0.001125 0
-0.0011 0
-0.001075 0
-0.00105 0
-0.001025 0
-0.001 0
-0.000975 0
-0.00095 0
-0.000925 0
-0.0009 0
-0.000875 0
-0.00085 0
-0.000825 0
-0.0008 0
-0.000775 0
-0.00075 0
-0.000725 0
-0.0007 0
-0.000675 0
-0.00065 0
-0.000625 0
-0.0006 0
-0.000575 0
-0.00055 0
-0.000525 0
-0.0005 0
-0.000475 0
-0.00045 0
-0.000425 0
-0.0004 0
-0.000375 0
-0.00035 0
-0.000325 0
-0.0003 0
-0.000275 0
-0.00025 0
-0.000225 0
-0.0002 0
-0.000175 0
-0.00015 0
-0.000125 0
-0.0001 0
-7.5e-05 0
-5e-05 0
-2.5e-05 0
-6.09864e-20 0
2.5e-05 0
5e-05 0
7.5e-05 0
0.0001 0
0.000125 0
0.00015 0
0.000175 0
0.0002 0
0.000225 0
0.00025 0
0.000275 0
0.0003 0
0.000325 0
0.00035 0
0.000375 0
0.0004 0
0.000425 0
0.00045 0
0.000475 0
0.0005 0
0.000525 0
0.00055 0
0.000575 0
0.0006 0
0.000625 0
0.00065 0
0.000675 0
0.0007 0
0.000725 0
0.00075 0
0.000725 0
0.0007 0
0.000675 0
0.00065 0
0.000625 0
0.0006 0
0.000575 0
0.00055 0
0.000525 0
0.0005 0
0.000475 0
0.00045 0
0.000425 0
0.0004 0
0.000375 0
0.00035 0
0.000325 0
0.0003 0
0.000275 0
0.00025 0
0.000225 0
0.0002 0
0.000175 0
0.00015 0
0.000125 0
0.0001 0
7.5e-05 0
5e-05 0
2.5e-05 0
-4.74338e-20 0
-2.5e-05 0
-5e-05 0
-7.5e-05 0
-0.0001 0
-0.000125 0
-0.00015 0
-0.000175 0
-0.0002 0
-0.000225 0
-0.00025 0
-0.000275 0
-0.0003 0
-0.000325 0
-0.00035 0
-0.000375 0
-0.0004 0
-0.000425 0
-0.00045 0
-0.000475 0
-0.0005 0
-0.000525 0
-0.00055 0
-0.000575 0
-0.0006 0
-0.000625 0
-0.00065 0
-0.000675 0
-0.0007 0
-0.000725 0
-0.00075 0
-0.000775 0
-0.0008 0
-0.000825 0
-0.00085 0
-0.000875 0
-0.0009 0
-0.000925 0
-0.00095 0
-0.000975 0
-0.001 0
-0.001025 0
-0.00105 0
-0.001075 0
-0.0011 0
-0.001125 0
-0.00115 0
-0.001175 0
-0.0012 0
-0.001225 0
-0.00125 0
-0.001275 0
-0.0013 0
-0.001325 0
-0.00135 0
-0.001375 0
-0.0014 0
-0.001425 0
-0.00145 0
-0.001475 0
-0.0015 0
-0.001525 0
-0.00155 0
-0.001575 0
-0.0016 0
-0.001625 0
-0.00165 0
-0.001675 0
-0.0017 0
-0.001725 0
-0.00175 0
-0.001775 0
-0.0018 0
-0.001825 0
-0.00185 0
-0.001875 0
-0.0019 0
-0.001925 0
-0.00195 0
-0.001975 0
-0.002 0
-0.002025 0
-0.00205 0
-0.002075 0
-0.0021 0
-0.002125 0
-0.00215 0
-0.002175 0
-0.0022 0
-0.002225 0
-0.00225 0
-0.002275 0
-0.0023 0
-0.002325 0
-0.00235 0
-0.002375 0
-0.0024 0
-0.002425 0
-0.00245 0
-0.002475 0
-0.0025 0
-0.002525 0
-0.00255 0
-0.002575 0
-0.0026 0
-0.002625 0
-0.00265 0
-0.002675 0
-0.0027 0
-0.002725 0
-0.00275 0
-0.002775 0
-0.0028 0
-0.002825 0
-0.00285 0
-0.002875 0
-0.0029 0
-0.002925 0
-0.00295 0
-0.002975 0
-0.003 0
-0.003025 0
-0.00305 0
-0.003075 0
-0.0031 0
-0.003125 0
-0.00315 0
-0.003175 0
-0.0032 0
-0.003225 0
-0.00325 0
-0.003275 0
-0.0033 0
-0.003325 0
-0.00335 0
-0.003375 0
-0.0034 0
-0.003425 0
-0.00345 0
-0.003475 0
-0.00350022 0.0221574
-0.00352585 0.0850554
-0.00355148 0.147953
-0.00357711 0.210851
-0.00360274 0.273749
-0.00362837 0.336647
-0.003654 0.399545
-0.00367962 0.462443
-0.00370525 0.525341
-0.00373088 0.588239
-0.00375651 0.651137
-0.00378214 0.714035
-0.00380777 0.776933
-0.0038334 0.839831
-0.00385903 0.902729
-0.00388466 0.965627
-0.00391029 1.02853
-0.00393591 1.09142
-0.00396154 1.15432
-0.00398717 1.21722
-0.0040128 1.28012
-0.00403843 1.34302
-0.00406406 1.40591
-0.00408969 1.46881
-0.00411532 1.53171
-0.00414095 1.59461
-0.00416658 1.65751
-0.0041922 1.7204
-0.00421783 1.7833
-0.00424346 1.8462
-0.00426909 1.9091
-0.00429472 1.972
-0.00432035 2.03489
-0.00434598 2.09779
-0.00437161 2.16069
-0.00439724 2.22359
-0.00442286 2.28649
-0.00444849 2.34938
-0.00447412 2.41228
-0.00449975 2.47518
-0.00452538 2.53808
-0.00455101 2.60098
-0.00457664 2.66387
-0.00460227 2.72677
-0.0046279 2.78967
-0.00465353 2.85257
-0.00467915 2.91547
-0.00470478 2.97836
-0.00473041 3.04126
-0.00475604 3.10416
-0.00478167 3.16706
-0.0048073 3.22996
-0.00483293 3.29285
-0.00485856 3.35575
-0.00488419 3.41865
-0.00490982 3.48155
-0.00493544 3.54445
-0.00496107 3.60734
-0.0049867 3.67024
-0.00501233 3.73314
-0.00503796 3.79604
-0.00506359 3.85894
-0.00508922 3.92183
-0.00511485 3.98473
-0.00514048 4.04763
-0.00516611 4.11053
-0.00519173 4.17343
-0.00521736 4.23632
-0.00524299 4.29922
-0.00526862 4.36212
-0.00529425 4.42502
-0.00531988 4.48792
-0.00534551 4.55081
-0.00537114 4.61371
-0.00539677 4.67661
-0.0054224 4.73951
-0.00544802 4.80241
-0.00547365 4.8653
-0.00549928 4.9282
-0.00552491 4.9911
-0.00555054 5.054
-0.00557617 5.1169
-0.0056018 5.17979
-0.00562743 5.24269
-0.00565306 5.30559
-0.00567868 5.36849
-0.00570431 5.43139
-0.00572994 5.49428
-0.00575557 5.55718
-0.0057812 5.62008
-0.00580683 5.68298
-0.00583246 5.74588
-0.00585809 5.80877
-0.00588372 5.87167
-0.00590935 5.93457
-0.00593497 5.99747
-0.0059606 6.06037
-0.00598623 6.12326
-0.00601186 6.18616
-0.00603749 6.24906
-0.00606312 6.31196
-0.00608875 6.37486
-0.00611438 6.43775
-0.00614001 6.50065
-0.00616564 6.56355
-0.00619126 6.62645
-0.00621689 6.68935
-0.00624252 6.75224
-0.00626815 6.81514
-0.00629378 6.87804
-0.00631941 6.94094
-0.00634504 7.00384
-0.00637067 7.06673
-0.0063963 7.12963
-0.00642193 7.19253
-0.00644755 7.25543
-0.00647318 7.31833
-0.00649881 7.38122
-0.00652444 7.44412
-0.00655007 7.50702
-0.0065757 7.56992
-0.00660133 7.63282
-0.00662696 7.69571
-0.00665259 7.75861
-0.00667822 7.82151
-0.00670384 7.88441
-0.00672947 7.94731
-0.0067551 8.0102
-0.00678073 8.0731
-0.00680636 8.136
-0.00683199 8.1989
-0.00685762 8.26179
-0.00688325 8.32469
-0.00690888 8.38759
-0.0069345 8.45049
-0.00696013 8.51339
-0.00698576 8.57628
-0.00701139 8.63918
-0.00703702 8.70208
-0.00706265 8.76498
-0.00708828 8.82788
-0.00711391 8.89077
-0.00713954 8.95367
-0.00716517 9.01657
-0.00719079 9.07947
-0.00721642 9.14237
-0.00724205 9.20526
-0.00726768 9.26816
-0.00729331 9.33106
-0.00731894 9.39396
-0.00734457 9.45686
-0.0073702 9.51975
-0.00739583 9.58265
-0.00742146 9.64555
-0.00744708 9.70845
-0.00747271 9.77135
-0.00749834 9.83424
-0.00752397 9.89714
-0.0075496 9.96004
-0.00757523 10.0229
-0.00760086 10.0858
-0.00762403 9.90343
-0.00764721 9.72103
-0.00767039 9.53863
-0.00769356 9.35622
-0.00771674 9.17382
-0.00773991 8.99142
-0.00776309 8.80901
-0.00778627 8.62661
-0.00780944 8.44421
-0.00783262 8.2618
-0.00785579 8.0794
-0.00787897 7.897
-0.00790215 7.71459
-0.00792532 7.53219
-0.0079485 7.34979
-0.00797167 7.16738
-0.00799485 6.98498
-0.00801803 6.80258
-0.0080412 6.62017
-0.00806438 6.43777
-0.00808755 6.25536
-0.00811073 6.07296
-0.008135 6
-0.00816 6
-0.008185 6
-0.00821 6
-0.008235 6
-0.00826 6
-0.008285 6
-0.00831 6
-0.008335 6
-0.00836 6
-0.008385 6
-0.00841 6
-0.008435 6
-0.00846 6
-0.008485 6
-0.00851 6
-0.008535 6
-0.00856 6
-0.008585 6
-0.00861 6
-0.008635 6
-0.00866 6
-0.008685 6
-0.00871 6
-0.008735 6
-0.00876 6
-0.008785 6
-0.00881 6
-0.00878469 5.96897
-0.00875938 5.93794
-0.00873407 5.90691
-0.00870876 5.87588
-0.00868345 5.84485
-0.00865814 5.81382
-0.00863283 5.78279
-0.00860752 5.75176
-0.00858221 5.72073
-0.0085569 5.6897
-0.00853159 5.65867
-0.00850628 5.62764
-0.00848097 5.59661
-0.00845566 5.56558
-0.00843035 5.53455
-0.00840504 5.50352
-0.00837972 5.47249
-0.00835441 5.44146
-0.0083291 5.41043
-0.00830379 5.3794
-0.00827848 5.34837
-0.00825317 5.31734
-0.00822786 5.28631
-0.00820255 5.25528
-0.00817724 5.22424
-0.00815193 5.19321
-0.00812662 5.16218
-0.00810131 5.13115
-0.008076 5.10012
-0.00805069 5.06909
-0.00802538 5.03806
-0.00800007 5.00703
-0.00797476 4.976
-0.00794945 4.94497
-0.00792414 4.91394
-0.00789883 4.88291
-0.00787352 4.85188
-0.00784821 4.82085
-0.0078229 4.78982
-0.00779759 4.75879
-0.00777228 4.72776
-0.00774697 4.69673
-0.00772166 4.6657
-0.00769635 4.63467
-0.00767104 4.60364
-0.00764573 4.57261
-0.00762042 4.54158
-0.00759511 4.51055
-0.0075698 4.47952
-0.00754448 4.44849
-0.00751917 4.41746
-0.00749386 4.38643
-0.00746855 4.3554
-0.00744324 4.32437
-0.00741793 4.29334
-0.00739262 4.26231
-0.00736731 4.23128
-0.007342 4.20025
-0.00731669 4.16922
-0.00729138 4.13819
-0.00726607 4.10716
-0.00724076 4.07613
-0.00721545 4.0451
-0.00719014 4.01407
-0.00716483 3.98304
-0.00713952 3.95201
-0.00711421 3.92098
-0.0070889 3.88995
-0.00706359 3.85892
-0.00703828 3.82789
-0.00701297 3.79686
-0.00698766 3.76583
-0.00696235 3.7348
-0.00693704 3.70376
-0.00691173 3.67273
-0.00688642 3.6417
-0.00686111 3.61067
-0.0068358 3.57964
-0.00681049 3.54861
-0.00678518 3.51758
-0.00675987 3.48655
-0.00673456 3.45552
-0.00670924 3.42449
-0.00668393 3.39346
-0.00665862 3.36243
-0.00663331 3.3314
-0.006608 3.30037
-0.00658269 3.26934
-0.00655738 3.23831
-0.00653207 3.20728
-0.00650676 3.17625
-0.00648145 3.14522
-0.00645614 3.11419
-0.00643083 3.08316
-0.00640552 3.05213
-0.00638021 3.0211
-0.0063549 2.99007
-0.00632959 2.95904
-0.00630428 2.92801
-0.00627897 2.89698
-0.00625366 2.86595
-0.00622835 2.83492
-0.00620304 2.80389
-0.00617773 2.77286
-0.00615242 2.74183
-0.00612711 2.7108
-0.0061018 2.67977
-0.00607649 2.64874
-0.00605118 2.61771
-0.00602587 2.58668
-0.00600056 2.55565
-0.00597525 2.52462
-0.00594994 2.49359
-0.00592463 2.46256
-0.00589932 2.43153
-0.005874 2.4005
-0.00584869 2.36947
-0.00582338 2.33844
-0.00579807 2.30741
-0.00577276 2.27638
-0.00574745 2.24535
-0.00572214 2.21432
-0.00569683 2.18329
-0.00567152 2.15225
-0.00564621 2.12122
-0.0056209 2.09019
-0.00559559 2.05916
-0.00557028 2.02813
-0.00554497 1.9971
-0.00551966 1.96607
-0.00549435 1.93504
-0.00546904 1.90401
-0.00544373 1.87298
-0.00541842 1.84195
-0.00539311 1.81092
-0.0053678 1.77989
-0.00534249 1.74886
-0.00531718 1.71783
-0.00529187 1.6868
-0.00526656 1.65577
-0.00524125 1.62474
-0.00521594 1.59371
-0.00519063 1.56268
-0.00516532 1.53165
-0.00514001 1.50062
-0.0051147 1.46959
-0.00508939 1.43856
-0.00506408 1.40753
-0.00503876 1.3765
-0.00501345 1.34547
-0.00498814 1.31444
-0.00496283 1.28341
-0.00493752 1.25238
-0.00491221 1.22135
-0.0048869 1.19032
-0.00486159 1.15929
-0.00483628 1.12826
-0.00481097 1.09723
-0.00478566 1.0662
-0.00476035 1.03517
-0.00473504 1.00414
-0.00470973 0.973107
-0.00468442 0.942077
-0.00465911 0.911047
-0.0046338 0.880017
-0.00460849 0.848986
-0.00458318 0.817956
-0.00455787 0.786926
-0.00453256 0.755896
-0.00450725 0.724866
-0.00448194 0.693835
-0.00445663 0.662805
-0.00443132 0.631775
-0.00440601 0.600745
-0.0043807 0.569715
-0.00435539 0.538684
-0.00433008 0.507654
-0.00430477 0.476624
-0.00427946 0.445594
-0.00425415 0.414564
-0.00422884 0.383533
-0.00420353 0.352503
-0.00417821 0.321473
-0.0041529 0.290443
-0.00412759 0.259412
-0.00410228 0.228382
-0.00407697 0.197352
-0.00405166 0.166322
-0.00402635 0.135292
-0.00400104 0.104261
-0.00397573 0.0732313
-0.00395042 0.0422011
-0.00392511 0.0111709
-0.0039 0
-0.003875 0
-0.00385 0
-0.003825 0
-0.0038 0
-0.003775 0
-0.00375 0
-0.003725 0
-0.0037 0
-0.003675 0
-0.00365 0
-0.003625 0
-0.0036 0
-0.003575 0
-0.00355 0
-0.003525 0
-0.0035 0
-0.003475 0
-0.00345 0
-0.003425 0
-0.0034 0
-0.003375 0
-0.00335 0
-0.003325 0
-0.0033 0
-0.003275 0
-0.00325 0
-0.003225 0
-0.0032 0
-0.003175 0
-0.00315 0
-0.003125 0
-0.0031 0
-0.003075 0
-0.00305 0
-0.003025 0
-0.003 0
-0.002975 0
-0.00295 0
-0.002925 0
-0.0029 0
-0.002875 0
-0.00285 0
-0.002825 0
-0.0028 0
-0.002775 0
-0.00275 0
-0.002725 0
-0.0027 0
-0.002675 0
-0.00265 0
-0.002625 0
-0.0026 0
-0.002575 0
-0.00255 0
-0.002525 0
-0.0025 0
-0.002475 0
-0.00245 0
-0.002425 0
-0.0024 0
-0.002375 0
-0.00235 0
-0.002325 0
-0.0023 0
-0.002275 0
-0.00225 0
-0.002225 0
-0.0022 0
-0.002175 0
-0.00215 0
-0.002125 0
-0.0021 0
-0.002075 0
-0.00205 0
-0.002025 0
-0.002 0
-0.001975 0
-0.00195 0
-0.001925 0
-0.0019 0
-0.001875 0
-0.00185 0
-0.001825 0
-0.0018 0
-0.001775 0
-0.00175 0
-0.001725 0
-0.0017 0
-0.001675 0
-0.00165 0
-0.001625 0
-0.0016 0
-0.001575 0
-0.00155 0
-0.001525 0
-0.0015 0
-0.001475 0
-0.00145 0
-0.001425 0
-0.0014 0
-0.001375 0
-0.00135 0
-0.001325 0
-0.0013 0
-0.001275 0
-0.00125 0
-0.001225 0
-0.0012 0
-0.001175 0
-0.00115 0
-0.001125 0
-0.0011 0
-0.001075 0
-0.00105 0
-0.001025 0
-0.001 0
-0.000975 0
-0.00095 0
-0.000925 0
-0.0009 0
-0.000875 0
-0.00085 0
-0.000825 0
-0.0008 0
-0.000775 0
-0.00075 0
-0.000725 0
-0.0007 0
-0.000675 0
-0.00065 0
-0.000625 0
-0.0006 0
-0.000575 0
-0.00055 0
-0.000525 0
-0.0005 0
-0.000475 0
-0.00045 0
-0.000425 0
-0.0004 0
-0.000375 0
-0.00035 0
-0.000325 0
-0.0003 0
-0.000275 0
-0.00025 0
-0.000225 0
-0.0002 0
-0.000175 0
-0.00015 0
-0.000125 0
-0.0001 0
-7.5e-05 0
-5e-05 0
-2.5e-05 0
-9.28348e-19 0
2.5e-05 0
5e-05 0
7.5e-05 0
0.0001 0
0.000125 0
0.00015 0
0.000175 0
0.0002 0
0.000225 0
0.00025 0
0.000275 0
0.0003 0
0.000325 0
0.00035 0
0.000375 0
0.0004 0
0.000425 0
0.00045 0
0.000475 0
0.0005 0
0.000525 0
0.00055 0
0.000575 0
0.0006 0
0.000625 0
0.00065 0
0.000675 0
0.0007 0
0.000725 0
0.00075 0
0.000775 0
0.0008 0
0.000825 0
0.00085 0
0.000875 0
0.00085 0
0.000825 0
0.0008 0
0.000775 0
0.00075 0
0.000725 0
0.0007 0
0.000675 0
0.00065 0
0.000625 0
0.0006 0
0.000575 0
0.00055 0
0.000525 0
0.0005 0
0.000475 0
0.00045 0
0.000425 0
0.0004 0
0.000375 0
0.00035 0
0.000325 0
0.0003 0
0.000275 0
0.00025 0
0.000225 0
0.0002 0
0.000175 0
0.00015 0
0.000125 0
0.0001 0
7.5e-05 0
5e-05 0
2.5e-05 0
-9.14796e-19 0
