-2.9823e-05 0.482295
-5.96143e-05 0.961428
-8.93739e-05 1.43739
-0.000119102 1.91015
-0.000148797 2.37971
-0.00017846 2.84604
-0.000208091 3.30914
-0.00023769 3.76899
-0.000267256 4.22557
-0.000296789 4.67886
-0.000326289 5.12885
-0.000355755 5.57553
-0.000385189 6.01887
-0.000414589 6.45887
-0.000443955 6.8955
-0.000473287 7.32874
-0.000502586 7.75859
-0.00053185 8.18503
-0.00056108 8.60803
-0.000590276 9.02758
-0.000619437 9.44367
-0.000648563 9.85628
-0.000677654 10.2654
-0.00070671 10.671
-0.00073573 11.073
-0.000764715 11.4715
-0.000793664 11.8664
-0.000822577 12.2577
-0.000851455 12.6455
-0.000880295 13.0295
-0.0009091 13.41
-0.000937868 13.7868
-0.000966599 14.1599
-0.000995292 14.5292
-0.00102395 14.8949
-0.00105257 15.2568
-0.00108115 15.615
-0.00110969 15.9694
-0.0011382 16.3199
-0.00116667 16.6667
-0.0011951 17.0096
-0.00122349 17.3486
-0.00125184 17.6838
-0.00128015 18.015
-0.00130842 18.3423
-0.00133666 18.6657
-0.00136485 18.9851
-0.001393 19.3005
-0.00142112 19.6119
-0.00144919 19.9192
-0.00141945 19.4447
-0.0013897 18.9701
-0.00135996 18.4956
-0.00133021 18.021
-0.00130046 17.5464
-0.00127072 17.0719
-0.00124097 16.5973
-0.00121123 16.1228
-0.00118148 15.6482
-0.00115174 15.1736
-0.00112199 14.6991
-0.00109225 14.2245
-0.0010625 13.75
-0.00103275 13.2754
-0.00100301 12.8008
-0.000973263 12.3263
-0.000943517 11.8517
-0.000913771 11.3771
-0.000884026 10.9026
-0.00085428 10.428
-0.000824535 9.95347
-0.000794789 9.4789
-0.000765043 9.00434
-0.000735298 8.52978
-0.000705552 8.05522
-0.000675807 7.58066
-0.000646061 7.1061
-0.000616315 6.63154
-0.00058657 6.15698
-0.000556824 5.68242
-0.000527079 5.20786
-0.000497333 4.7333
-0.000467587 4.25874
-0.000437842 3.78418
-0.000408096 3.30962
-0.000378351 2.83506
-0.000348605 2.3605
-0.000318859 1.88593
-0.000289114 1.41137
-0.000259368 0.936813
-0.000229623 0.462253
-0.0002 0
-0.000175 0
-0.00015 0
-0.000125 0
-0.0001 0
-7.5e-05 0
-5e-05 0
-2.5e-05 0
-6.09864e-20 0
2.5e-05 0
5e-05 0
7.5e-05 0
0.0001 0
0.000125 0
0.0001 0
7.5e-05 0
5e-05 0
2.5e-05 0
-4.74338e-20 0
-2.5e-05 0
-5e-05 0
-7.5e-05 0
-0.0001 0
-0.000125 0
-0.00015 0
-0.000175 0
-0.0002 0
-0.000229623 0.462253
-0.000259368 0.936813
-0.000289114 1.41137
-0.000318859 1.88593
-0.000348605 2.3605
-0.000378351 2.83506
-0.000408096 3.30962
-0.000437842 3.78418
-0.000467587 4.25874
-0.000497333 4.7333
-0.000527079 5.20786
-0.000556824 5.68242
-0.00058657 6.15698
-0.000616315 6.63154
-0.000646061 7.1061
-0.000675807 7.58066
-0.000705552 8.05522
-0.000735298 8.52978
-0.000765043 9.00434
-0.000794789 9.4789
-0.000824535 9.95347
-0.00085428 10.428
-0.000884026 10.9026
-0.000913771 11.3771
-0.000943517 11.8517
-0.000973263 12.3263
-0.00100301 12.8008
-0.00103275 13.2754
-0.0010625 13.75
-0.00109225 14.2245
-0.00112199 14.6991
-0.00115174 15.1736
-0.00118148 15.6482
-0.00121123 16.1228
-0.00124097 16.5973
-0.00127072 17.0719
-0.00130046 17.5464
-0.00133021 18.021
-0.00135996 18.4956
-0.0013897 18.9701
-0.00141945 19.4447
-0.00144919 19.9192
-0.00147723 20.2225
-0.00150522 20.5217
-0.00153317 20.8169
-0.00156108 21.1078
-0.00158895 21.3947
-0.00161677 21.6773
-0.00164456 21.9558
-0.0016723 22.23
-0.0017 22.5
-0.00172766 22.7657
-0.00175527 23.0271
-0.00178284 23.2842
-0.00181037 23.537
-0.00183785 23.7854
-0.00186529 24.0294
-0.00189269 24.2689
-0.00192004 24.5041
-0.00194735 24.7347
-0.00197461 24.9609
-0.00200182 25.1825
-0.002029 25.3995
-0.00205612 25.612
-0.0020832 25.8199
-0.00211023 26.0231
-0.00213722 26.2217
-0.00216416 26.4155
-0.00219105 26.6047
-0.00221789 26.7891
-0.00224469 26.9687
-0.00227143 27.1435
-0.00229813 27.3134
-0.00232478 27.4785
-0.00235139 27.6387
-0.00237794 27.7939
-0.00240444 27.9442
-0.00243089 28.0895
-0.0024573 28.2297
-0.00248365 28.3649
-0.00250995 28.495
-0.0025362 28.62
-0.0025624 28.7398
-0.00258854 28.8544
-0.00261464 28.9637
-0.00264068 29.0679
-0.00266667 29.1667
-0.0026926 29.2601
-0.00271848 29.3483
-0.00274431 29.431
-0.00277008 29.5082
-0.0027958 29.58
-0.00282146 29.6463
-0.00284707 29.707
-0.00287262 29.7621
-0.00289812 29.8116
-0.00292355 29.8554
-0.00294894 29.8935
-0.00297426 29.9259
-0.00299952 29.9525
-0.00302473 29.9732
-0.00304988 29.9881
-0.00307497 29.997
-0.0031 30
-0.00312347 29.8467
-0.00314693 29.6934
-0.0031704 29.5401
-0.00319387 29.3868
-0.00321733 29.2335
-0.0032408 29.0802
-0.00326427 28.9269
-0.00328774 28.7736
-0.0033112 28.6203
-0.00333467 28.467
-0.00335814 28.3137
-0.0033816 28.1604
-0.00340507 28.0071
-0.00342854 27.8538
-0.003452 27.7005
-0.00347547 27.5472
-0.00349894 27.3939
-0.00352241 27.2406
-0.00354587 27.0873
-0.00356934 26.934
-0.00359281 26.7807
-0.00361627 26.6274
-0.00363974 26.4741
-0.00366321 26.3208
-0.00368667 26.1675
-0.00371014 26.0142
-0.00373361 25.8608
-0.00375708 25.7075
-0.00378054 25.5542
-0.00380401 25.4009
-0.00382748 25.2476
-0.00385094 25.0943
-0.00387441 24.941
-0.00389788 24.7877
-0.00392134 24.6344
-0.00394481 24.4811
-0.00396828 24.3278
-0.00399175 24.1745
-0.0039644 23.9403
-0.00393706 23.706
-0.00390972 23.4718
-0.00388238 23.2376
-0.00385503 23.0033
-0.00382769 22.7691
-0.00380035 22.5348
-0.00377301 22.3006
-0.00374566 22.0663
-0.00371832 21.8321
-0.00369098 21.5979
-0.00366364 21.3636
-0.00363629 21.1294
-0.00360895 20.8951
-0.00358161 20.6609
-0.00355427 20.4266
-0.00352692 20.1924
-0.00349958 19.9582
-0.00347224 19.7239
-0.0034449 19.4897
-0.00341755 19.2554
-0.00339021 19.0212
-0.00336287 18.7869
-0.00333553 18.5527
-0.00330818 18.3185
-0.00328084 18.0842
-0.0032535 17.85
-0.00322616 17.6157
-0.00319881 17.3815
-0.00317147 17.1472
-0.00314413 16.913
-0.00311679 16.6788
-0.00308945 16.4445
-0.0030621 16.2103
-0.00303476 15.976
-0.00300742 15.7418
-0.00298008 15.5075
-0.00295273 15.2733
-0.00292539 15.0391
-0.00289805 14.8048
-0.00287071 14.5706
-0.00284336 14.3363
-0.00281602 14.1021
-0.00278868 13.8678
-0.00276134 13.6336
-0.00273399 13.3994
-0.00270665 13.1651
-0.00267931 12.9309
-0.00265197 12.6966
-0.00262462 12.4624
-0.00259728 12.2281
-0.00256994 11.9939
-0.0025426 11.7597
-0.00251525 11.5254
-0.00248791 11.2912
-0.00246057 11.0569
-0.00243323 10.8227
-0.00240588 10.5884
-0.00237854 10.3542
-0.0023512 10.12
-0.00232386 9.88572
-0.00229651 9.65147
-0.00226917 9.41723
-0.00224183 9.18299
-0.00221449 8.94875
-0.00218715 8.7145
-0.0021598 8.48026
-0.00213246 8.24602
-0.00210512 8.01177
-0.00207778 7.77753
-0.00205043 7.54329
-0.00202309 7.30905
-0.00199575 7.0748
-0.00196841 6.84056
-0.00194106 6.60632
-0.00191372 6.37207
-0.00188638 6.13783
-0.00185904 5.90359
-0.00183169 5.66935
-0.00180435 5.4351
-0.00177701 5.20086
-0.00174967 4.96662
-0.00172232 4.73237
-0.00169498 4.49813
-0.00166764 4.26389
-0.0016403 4.02965
-0.00161295 3.7954
-0.00158561 3.56116
-0.00155827 3.32692
-0.00153093 3.09268
-0.00150358 2.85843
-0.00147624 2.62419
-0.0014489 2.38995
-0.00142156 2.1557
-0.00139421 1.92146
-0.00136687 1.68722
-0.00133953 1.45298
-0.00131219 1.21873
-0.00128484 0.98449
-0.0012575 0.750247
-0.00123016 0.516004
-0.00120282 0.281761
-0.00117548 0.0475187
-0.00115 0
-0.001125 0
-0.0011 0
-0.001075 0
-0.00105 0
-0.001025 0
-0.001 0
-0.000975 0
-0.00095 0
-0.000925 0
-0.0009 0
-0.000875 0
-0.00085 0
-0.000825 0
-0.0008 0
-0.000775 0
-0.00075 0
-0.000725 0
-0.0007 0
-0.000675 0
-0.00065 0
-0.000625 0
-0.0006 0
-0.000575 0
-0.00055 0
-0.000525 0
-0.0005 0
-0.000475 0
-0.00045 0
-0.000425 0
-0.0004 0
-0.000375 0
-0.00035 0
-0.000325 0
-0.0003 0
-0.000275 0
-0.00025 0
-0.000225 0
-0.0002 0
-0.000175 0
-0.00015 0
-0.000125 0
-0.0001 0
-7.5e-05 0
-5e-05 0
-2.5e-05 0
-6.09864e-20 0
2.5e-05 0
5e-05 0
7.5e-05 0
0.0001 0
0.000125 0
0.00015 0
0.000175 0
0.0002 0
0.000225 0
0.00025 0
0.000275 0
0.0003 0
0.000325 0
0.00035 0
0.000375 0
0.00035 0
0.000325 0
0.0003 0
0.000275 0
0.00025 0
0.000225 0
0.0002 0
0.000175 0
0.00015 0
0.000125 0
0.0001 0
7.5e-05 0
5e-05 0
2.5e-05 0
-4.74338e-20 0
-2.5e-05 0
-5e-05 0
-7.5e-05 0
-0.0001 0
-0.000125 0
-0.00015 0
-0.000175 0
-0.0002 0
-0.000225 0
-0.00025 0
-0.000275 0
-0.0003 0
-0.000325 0
-0.00035 0
-0.000375 0
-0.0004 0
-0.000425 0
-0.00045 0
-0.000475 0
-0.0005 0
-0.000525 0
-0.00055 0
-0.000575 0
-0.0006 0
-0.000625 0
-0.00065 0
-0.000675 0
-0.0007 0
-0.000725 0
-0.00075 0
-0.000775 0
-0.0008 0
-0.000825 0
-0.00085 0
-0.000875 0
-0.0009 0
-0.000925 0
-0.00095 0
-0.000975 0
-0.001 0
-0.001025 0
-0.00105 0
-0.001075 0
-0.0011 0
-0.001125 0
-0.00115 0
-0.00117548 0.0475187
-0.00120282 0.281761
-0.00123016 0.516004
-0.0012575 0.750247
-0.00128484 0.98449
-0.00131219 1.21873
-0.00133953 1.45298
-0.00136687 1.68722
-0.00139421 1.92146
-0.00142156 2.1557
-0.0014489 2.38995
-0.00147624 2.62419
-0.00150358 2.85843
-0.00153093 3.09268
-0.00155827 3.32692
-0.00158561 3.56116
-0.00161295 3.7954
-0.0016403 4.02965
-0.00166764 4.26389
-0.00169498 4.49813
-0.00172232 4.73237
-0.00174967 4.96662
-0.00177701 5.20086
-0.00180435 5.4351
-0.00183169 5.66935
-0.00185904 5.90359
-0.00188638 6.13783
-0.00191372 6.37207
-0.00194106 6.60632
-0.00196841 6.84056
-0.00199575 7.0748
-0.00202309 7.30905
-0.00205043 7.54329
-0.00207778 7.77753
-0.00210512 8.01177
-0.00213246 8.24602
-0.0021598 8.48026
-0.00218715 8.7145
-0.00221449 8.94875
-0.00224183 9.18299
-0.00226917 9.41723
-0.00229651 9.65147
-0.00232386 9.88572
-0.0023512 10.12
-0.00237854 10.3542
-0.00240588 10.5884
-0.00243323 10.8227
-0.00246057 11.0569
-0.00248791 11.2912
-0.00251525 11.5254
-0.0025426 11.7597
-0.00256994 11.9939
-0.00259728 12.2281
-0.00262462 12.4624
-0.00265197 12.6966
-0.00267931 12.9309
-0.00270665 13.1651
-0.00273399 13.3994
-0.00276134 13.6336
-0.00278868 13.8678
-0.00281602 14.1021
-0.00284336 14.3363
-0.00287071 14.5706
-0.00289805 14.8048
-0.00292539 15.0391
-0.00295273 15.2733
-0.00298008 15.5075
-0.00300742 15.7418
-0.00303476 15.976
-0.0030621 16.2103
-0.00308945 16.4445
-0.00311679 16.6788
-0.00314413 16.913
-0.00317147 17.1472
-0.00319881 17.3815
-0.00322616 17.6157
-0.0032535 17.85
-0.00328084 18.0842
-0.00330818 18.3185
-0.00333553 18.5527
-0.00336287 18.7869
-0.00339021 19.0212
-0.00341755 19.2554
-0.0034449 19.4897
-0.00347224 19.7239
-0.00349958 19.9582
-0.00352692 20.1924
-0.00355427 20.4266
-0.00358161 20.6609
-0.00360895 20.8951
-0.00363629 21.1294
-0.00366364 21.3636
-0.00369098 21.5979
-0.00371832 21.8321
-0.00374566 22.0663
-0.00377301 22.3006
-0.00380035 22.5348
-0.00382769 22.7691
-0.00385503 23.0033
-0.00388238 23.2376
-0.00390972 23.4718
-0.00393706 23.706
-0.0039644 23.9403
-0.00399175 24.1745
-0.00401521 24.0212
-0.00403868 23.8679
-0.00406215 23.7146
-0.00408561 23.5613
-0.00410908 23.408
-0.00413255 23.2547
-0.00415601 23.1014
-0.00417948 22.9481
-0.00420295 22.7948
-0.00422642 22.6415
-0.00424988 22.4882
-0.00427335 22.3349
-0.00429682 22.1816
-0.00432028 22.0283
-0.00434375 21.875
-0.00436722 21.7217
-0.00439068 21.5684
-0.00441415 21.4151
-0.00443762 21.2618
-0.00446108 21.1085
-0.00448455 20.9552
-0.00450802 20.8019
-0.00453149 20.6486
-0.00455495 20.4953
-0.00457842 20.342
-0.00460189 20.1887
-0.00462535 20.0354
-0.00464882 19.8821
-0.00467229 19.7288
-0.00469575 19.5755
-0.00471922 19.4222
-0.00474269 19.2689
-0.00476616 19.1156
-0.00478962 18.9623
-0.00481309 18.809
-0.00483656 18.6557
-0.00486002 18.5024
-0.00488349 18.3491
-0.00490696 18.1958
-0.00493042 18.0425
-0.00495389 17.8892
-0.00497736 17.7358
-0.00500083 17.5825
-0.00502429 17.4292
-0.00504776 17.2759
-0.00507123 17.1226
-0.00509469 16.9693
-0.00511816 16.816
-0.00514163 16.6627
-0.00516509 16.5094
-0.00513873 16.3726
-0.00511236 16.2357
-0.00508599 16.0988
-0.00505962 15.962
-0.00503325 15.8251
-0.00500688 15.6882
-0.00498051 15.5514
-0.00495415 15.4145
-0.00492778 15.2776
-0.00490141 15.1408
-0.00487504 15.0039
-0.00484867 14.8671
-0.0048223 14.7302
-0.00479593 14.5933
-0.00476956 14.4565
-0.0047432 14.3196
-0.00471683 14.1827
-0.00469046 14.0459
-0.00466409 13.909
-0.00463772 13.7721
-0.00461135 13.6353
-0.00458498 13.4984
-0.00455862 13.3615
-0.00453225 13.2247
-0.00450588 13.0878
-0.00447951 12.9509
-0.00445314 12.8141
-0.00442677 12.6772
-0.0044004 12.5403
-0.00437403 12.4035
-0.00434767 12.2666
-0.0043213 12.1297
-0.00429493 11.9929
-0.00426856 11.856
-0.00424219 11.7191
-0.00421582 11.5823
-0.00418945 11.4454
-0.00416309 11.3086
-0.00413672 11.1717
-0.00411035 11.0348
-0.00408398 10.898
-0.00405761 10.7611
-0.00403124 10.6242
-0.00400487 10.4874
-0.0039785 10.3505
-0.00395214 10.2136
-0.00392577 10.0768
-0.0038994 9.9399
-0.00387303 9.80304
-0.00384666 9.66617
-0.00382029 9.52931
-0.00379392 9.39244
-0.00376756 9.25557
-0.00374119 9.11871
-0.00371482 8.98184
-0.00368845 8.84498
-0.00366208 8.70811
-0.00363571 8.57125
-0.00360934 8.43438
-0.00358298 8.29752
-0.00355661 8.16065
-0.00353024 8.02379
-0.00350387 7.88692
-0.0034775 7.75006
-0.00345113 7.61319
-0.00342476 7.47633
-0.00339839 7.33946
-0.00337203 7.2026
-0.00334566 7.06573
-0.00331929 6.92887
-0.00329292 6.792
-0.00326655 6.65513
-0.00324018 6.51827
-0.00321381 6.3814
-0.00318745 6.24454
-0.00316108 6.10767
-0.00313471 5.97081
-0.00310834 5.83394
-0.00308197 5.69708
-0.0030556 5.56021
-0.00302923 5.42335
-0.00300286 5.28648
-0.0029765 5.14962
-0.00295013 5.01275
-0.00292376 4.87589
-0.00289739 4.73902
-0.00287102 4.60216
-0.00284465 4.46529
-0.00281828 4.32843
-0.00279192 4.19156
-0.00276555 4.05469
-0.00273918 3.91783
-0.00271281 3.78096
-0.00268644 3.6441
-0.00266007 3.50723
-0.0026337 3.37037
-0.00260734 3.2335
-0.00258097 3.09664
-0.0025546 2.95977
-0.00252823 2.82291
-0.00250186 2.68604
-0.00247549 2.54918
-0.00244912 2.41231
-0.00242275 2.27545
-0.00239639 2.13858
-0.00237002 2.00172
-0.00234365 1.86485
-0.00231728 1.72798
-0.00229091 1.59112
-0.00226454 1.45425
-0.00223817 1.31739
-0.00221181 1.18052
-0.00218544 1.04366
-0.00215907 0.906793
-0.0021327 0.769928
-0.00210633 0.633063
-0.00207996 0.496198
-0.00205359 0.359332
-0.00202722 0.222467
-0.00200086 0.0856017
-0.001975 0
-0.00195 0
-0.001925 0
-0.0019 0
-0.001875 0
-0.00185 0
-0.001825 0
-0.0018 0
-0.001775 0
-0.00175 0
-0.001725 0
-0.0017 0
-0.001675 0
-0.00165 0
-0.001625 0
-0.0016 0
-0.001575 0
-0.00155 0
-0.001525 0
-0.0015 0
-0.001475 0
-0.00145 0
-0.001425 0
-0.0014 0
-0.001375 0
-0.00135 0
-0.001325 0
-0.0013 0
-0.001275 0
-0.00125 0
-0.001225 0
-0.0012 0
-0.001175 0
-0.00115 0
-0.001125 0
-0.0011 0
-0.001075 0
-0.00105 0
-0.001025 0
-0.001 0
-0.000975 0
-0.00095 0
-0.000925 0
-0.0009 0
-0.000875 0
-0.00085 0
-0.000825 0
-0.0008 0
-0.000775 0
-0.00075 0
-0.000725 0
-0.0007 0
-0.000675 0
-0.00065 0
-0.000625 0
-0.0006 0
-0.000575 0
-0.00055 0
-0.000525 0
-0.0005 0
-0.000475 0
-0.00045 0
-0.000425 0
-0.0004 0
-0.000375 0
-0.00035 0
-0.000325 0
-0.0003 0
-0.000275 0
-0.00025 0
-0.000225 0
-0.0002 0
-0.000175 0
-0.00015 0
-0.000125 0
-0.0001 0
-7.5e-05 0
-5e-05 0
-2.5e-05 0
-6.09864e-20 0
2.5e-05 0
5e-05 0
7.5e-05 0
0.0001 0
0.000125 0
0.00015 0
0.000175 0
0.0002 0
0.000225 0
0.00025 0
0.000275 0
0.0003 0
0.000325 0
0.00035 0
0.000375 0
0.0004 0
0.000425 0
0.00045 0
0.000475 0
0.0005 0
0.000475 0
0.00045 0
0.000425 0
0.0004 0
0.000375 0
0.00035 0
0.000325 0
0.0003 0
0.000275 0
0.00025 0
0.000225 0
0.0002 0
0.000175 0
0.00015 0
0.000125 0
0.0001 0
7.5e-05 0
5e-05 0
2.5e-05 0
-4.74338e-20 0
-2.5e-05 0
-5e-05 0
-7.5e-05 0
-0.0001 0
-0.000125 0
-0.00015 0
-0.000175 0
-0.0002 0
-0.000225 0
-0.00025 0
-0.000275 0
-0.0003 0
-0.000325 0
-0.00035 0
-0.000375 0
-0.0004 0
-0.000425 0
-0.00045 0
-0.000475 0
-0.0005 0
-0.000525 0
-0.00055 0
-0.000575 0
-0.0006 0
-0.000625 0
-0.00065 0
-0.000675 0
-0.0007 0
-0.000725 0
-0.00075 0
-0.000775 0
-0.0008 0
-0.000825 0
-0.00085 0
-0.000875 0
-0.0009 0
-0.000925 0
-0.00095 0
-0.000975 0
-0.001 0
-0.001025 0
-0.00105 0
-0.001075 0
-0.0011 0
-0.001125 0
-0.00115 0
-0.001175 0
-0.0012 0
-0.001225 0
-0.00125 0
-0.001275 0
-0.0013 0
-0.001325 0
-0.00135 0
-0.001375 0
-0.0014 0
-0.001425 0
-0.00145 0
-0.001475 0
-0.0015 0
-0.001525 0
-0.00155 0
-0.001575 0
-0.0016 0
-0.001625 0
-0.00165 0
-0.001675 0
-0.0017 0
-0.001725 0
-0.00175 0
-0.001775 0
-0.0018 0
-0.001825 0
-0.00185 0
-0.001875 0
-0.0019 0
-0.001925 0
-0.00195 0
-0.001975 0
-0.00200086 0.0856017
-0.00202722 0.222467
-0.00205359 0.359332
-0.00207996 0.496198
-0.00210633 0.633063
-0.0021327 0.769928
-0.00215907 0.906793
-0.00218544 1.04366
-0.00221181 1.18052
-0.00223817 1.31739
-0.00226454 1.45425
-0.00229091 1.59112
-0.00231728 1.72798
-0.00234365 1.86485
-0.00237002 2.00172
-0.00239639 2.13858
-0.00242275 2.27545
-0.00244912 2.41231
-0.00247549 2.54918
-0.00250186 2.68604
-0.00252823 2.82291
-0.0025546 2.95977
-0.00258097 3.09664
-0.00260734 3.2335
-0.0026337 3.37037
-0.00266007 3.50723
-0.00268644 3.6441
-0.00271281 3.78096
-0.00273918 3.91783
-0.00276555 4.05469
-0.00279192 4.19156
-0.00281828 4.32843
-0.00284465 4.46529
-0.00287102 4.60216
-0.00289739 4.73902
-0.00292376 4.87589
-0.00295013 5.01275
-0.0029765 5.14962
-0.00300286 5.28648
-0.00302923 5.42335
-0.0030556 5.56021
-0.00308197 5.69708
-0.00310834 5.83394
-0.00313471 5.97081
-0.00316108 6.10767
-0.00318745 6.24454
-0.00321381 6.3814
-0.00324018 6.51827
-0.00326655 6.65513
-0.00329292 6.792
-0.00331929 6.92887
-0.00334566 7.06573
-0.00337203 7.2026
-0.00339839 7.33946
-0.00342476 7.47633
-0.00345113 7.61319
-0.0034775 7.75006
-0.00350387 7.88692
-0.00353024 8.02379
-0.00355661 8.16065
-0.00358298 8.29752
-0.00360934 8.43438
-0.00363571 8.57125
-0.00366208 8.70811
-0.00368845 8.84498
-0.00371482 8.98184
-0.00374119 9.11871
-0.00376756 9.25557
-0.00379392 9.39244
-0.00382029 9.52931
-0.00384666 9.66617
-0.00387303 9.80304
-0.0038994 9.9399
-0.00392577 10.0768
-0.00395214 10.2136
-0.0039785 10.3505
-0.00400487 10.4874
-0.00403124 10.6242
-0.00405761 10.7611
-0.00408398 10.898
-0.00411035 11.0348
-0.00413672 11.1717
-0.00416309 11.3086
-0.00418945 11.4454
-0.00421582 11.5823
-0.00424219 11.7191
-0.00426856 11.856
-0.00429493 11.9929
-0.0043213 12.1297
-0.00434767 12.2666
-0.00437403 12.4035
-0.0044004 12.5403
-0.00442677 12.6772
-0.00445314 12.8141
-0.00447951 12.9509
-0.00450588 13.0878
-0.00453225 13.2247
-0.00455862 13.3615
-0.00458498 13.4984
-0.00461135 13.6353
-0.00463772 13.7721
-0.00466409 13.909
-0.00469046 14.0459
-0.00471683 14.1827
-0.0047432 14.3196
-0.00476956 14.4565
-0.00479593 14.5933
-0.0048223 14.7302
-0.00484867 14.8671
-0.00487504 15.0039
-0.00490141 15.1408
-0.00492778 15.2776
-0.00495415 15.4145
-0.00498051 15.5514
-0.00500688 15.6882
-0.00503325 15.8251
-0.00505962 15.962
-0.00508599 16.0988
-0.00511236 16.2357
-0.00513873 16.3726
-0.00516509 16.5094
-0.00518856 16.3561
-0.00521203 16.2028
-0.0052355 16.0495
-0.00525896 15.8962
-0.00528243 15.7429
-0.0053059 15.5896
-0.00532936 15.4363
-0.00535283 15.283
-0.0053763 15.1297
-0.00539976 14.9764
-0.00542323 14.8231
-0.0054467 14.6698
-0.00547017 14.5165
-0.00549363 14.3632
-0.0055171 14.2099
-0.00554057 14.0566
-0.00556403 13.9033
-0.0055875 13.75
-0.00561097 13.5967
-0.00563443 13.4434
-0.0056579 13.2901
-0.00568137 13.1368
-0.00570483 12.9835
-0.0057283 12.8302
-0.00575177 12.6769
-0.00577524 12.5236
-0.0057987 12.3703
-0.00582217 12.217
-0.00584564 12.0637
-0.0058691 11.9104
-0.00589257 11.7571
-0.00591604 11.6038
-0.0059395 11.4505
-0.00596297 11.2972
-0.00598644 11.1439
-0.00600991 10.9906
-0.00603337 10.8373
-0.00605684 10.684
-0.00608031 10.5307
-0.00610377 10.3774
-0.00612724 10.2241
-0.00615071 10.0708
-0.00617417 9.91745
-0.00619764 9.76415
-0.00622111 9.61085
-0.00624458 9.45755
-0.00626804 9.30425
-0.00629151 9.15094
-0.00631498 8.99764
-0.00633844 8.84434
-0.00631278 8.77821
-0.00628712 8.71209
-0.00626146 8.64596
-0.0062358 8.57984
-0.00621014 8.51371
-0.00618448 8.44759
-0.00615881 8.38146
-0.00613315 8.31534
-0.00610749 8.24921
-0.00608183 8.18309
-0.00605617 8.11696
-0.00603051 8.05084
-0.00600485 7.98471
-0.00597919 7.91859
-0.00595352 7.85246
-0.00592786 7.78633
-0.0059022 7.72021
-0.00587654 7.65408
-0.00585088 7.58796
-0.00582522 7.52183
-0.00579956 7.45571
-0.0057739 7.38958
-0.00574823 7.32346
-0.00572257 7.25733
-0.00569691 7.19121
-0.00567125 7.12508
-0.00564559 7.05896
-0.00561993 6.99283
-0.00559427 6.92671
-0.00556861 6.86058
-0.00554294 6.79445
-0.00551728 6.72833
-0.00549162 6.6622
-0.00546596 6.59608
-0.0054403 6.52995
-0.00541464 6.46383
-0.00538898 6.3977
-0.00536332 6.33158
-0.00533765 6.26545
-0.00531199 6.19933
-0.00528633 6.1332
-0.00526067 6.06708
-0.00523501 6.00095
-0.00520935 5.93483
-0.00518369 5.8687
-0.00515803 5.80257
-0.00513236 5.73645
-0.0051067 5.67032
-0.00508104 5.6042
-0.00505538 5.53807
-0.00502972 5.47195
-0.00500406 5.40582
-0.0049784 5.3397
-0.00495274 5.27357
-0.00492707 5.20745
-0.00490141 5.14132
-0.00487575 5.0752
-0.00485009 5.00907
-0.00482443 4.94295
-0.00479877 4.87682
-0.00477311 4.8107
-0.00474745 4.74457
-0.00472178 4.67844
-0.00469612 4.61232
-0.00467046 4.54619
-0.0046448 4.48007
-0.00461914 4.41394
-0.00459348 4.34782
-0.00456782 4.28169
-0.00454216 4.21557
-0.00451649 4.14944
-0.00449083 4.08332
-0.00446517 4.01719
-0.00443951 3.95107
-0.00441385 3.88494
-0.00438819 3.81882
-0.00436253 3.75269
-0.00433687 3.68656
-0.0043112 3.62044
-0.00428554 3.55431
-0.00425988 3.48819
-0.00423422 3.42206
-0.00420856 3.35594
-0.0041829 3.28981
-0.00415724 3.22369
-0.00413158 3.15756
-0.00410591 3.09144
-0.00408025 3.02531
-0.00405459 2.95919
-0.00402893 2.89306
-0.00400327 2.82694
-0.00397761 2.76081
-0.00395195 2.69468
-0.00392629 2.62856
-0.00390062 2.56243
-0.00387496 2.49631
-0.0038493 2.43018
-0.00382364 2.36406
-0.00379798 2.29793
-0.00377232 2.23181
-0.00374666 2.16568
-0.003721 2.09956
-0.00369533 2.03343
-0.00366967 1.96731
-0.00364401 1.90118
-0.00361835 1.83506
-0.00359269 1.76893
-0.00356703 1.7028
-0.00354137 1.63668
-0.00351571 1.57055
-0.00349004 1.50443
-0.00346438 1.4383
-0.00343872 1.37218
-0.00341306 1.30605
-0.0033874 1.23993
-0.00336174 1.1738
-0.00333608 1.10768
-0.00331042 1.04155
-0.00328475 0.975426
-0.00325909 0.909301
-0.00323343 0.843176
-0.00320777 0.77705
-0.00318211 0.710925
-0.00315645 0.6448
-0.00313079 0.578675
-0.00310513 0.512549
-0.00307946 0.446424
-0.0030538 0.380299
-0.00302814 0.314173
-0.00300248 0.248048
-0.00297682 0.181923
-0.00295116 0.115797
-0.0029255 0.049672
-0.0029 0
-0.002875 0
-0.00285 0
-0.002825 0
-0.0028 0
-0.002775 0
-0.00275 0
-0.002725 0
-0.0027 0
-0.002675 0
-0.00265 0
-0.002625 0
-0.0026 0
-0.002575 0
-0.00255 0
-0.002525 0
-0.0025 0
-0.002475 0
-0.00245 0
-0.002425 0
-0.0024 0
-0.002375 0
-0.00235 0
-0.002325 0
-0.0023 0
-0.002275 0
-0.00225 0
-0.002225 0
-0.0022 0
-0.002175 0
-0.00215 0
-0.002125 0
-0.0021 0
-0.002075 0
-0.00205 0
-0.002025 0
-0.002 0
-0.001975 0
-0.00195 0
-0.001925 0
-0.0019 0
-0.001875 0
-0.00185 0
-0.001825 0
-0.0018 0
-0.001775 0
-0.00175 0
-0.001725 0
-0.0017 0
-0.001675 0
-0.00165 0
-0.001625 0
-0.0016 0
-0.001575 0
-0.00155 0
-0.001525 0
-0.0015 0
-0.001475 0
-0.00145 0
-0.001425 0
-0.0014 0
-0.001375 0
-0.00135 0
-0.001325 0
-0.0013 0
-0.001275 0
-0.00125 0
-0.001225 0
-0.0012 0
-0.001175 0
-0.00115 0
-0.001125 0
-0.0011 0
-0.001075 0
-0.00105 0
-0.001025 0
-0.001 0
-0.000975 0
-0.00095 0
-0.000925 0
-0.0009 0
-0.000875 0
-0.00085 0
-0.000825 0
-0.0008 0
-0.000775 0
-0.00075 0
-0.000725 0
-0.0007 0
-0.000675 0
-0.00065 0
-0.000625 0
-0.0006 0
-0.000575 0
-0.00055 0
-0.000525 0
-0.0005 0
-0.000475 0
-0.00045 0
-0.000425 0
-0.0004 0
-0.000375 0
-0.00035 0
-0.000325 0
-0.0003 0
-0.000275 0
-0.00025 0
-0.000225 0
-0.0002 0
-0.000175 0
-0.00015 0
-0.000125 0
-0.0001 0
-7.5e-05 0
-5e-05 0
-2.5e-05 0
-6.09864e-20 0
2.5e-05 0
5e-05 0
7.5e-05 0
0.0001 0
0.000125 0
0.00015 0
0.000175 0
0.0002 0
0.000225 0
0.00025 0
0.000275 0
0.0003 0
0.000325 0
0.00035 0
0.000375 0
0.0004 0
0.000425 0
0.00045 0
0.000475 0
0.0005 0
0.000525 0
0.00055 0
0.000575 0
0.0006 0
0.000625 0
0.0006 0
0.000575 0
0.00055 0
0.000525 0
0.0005 0
0.000475 0
0.00045 0
0.000425 0
0.0004 0
0.000375 0
0.00035 0
0.000325 0
0.0003 0
0.000275 0
0.00025 0
0.000225 0
0.0002 0
0.000175 0
0.00015 0
0.000125 0
0.0001 0
7.5e-05 0
5e-05 0
2.5e-05 0
-4.74338e-20 0
-2.5e-05 0
-5e-05 0
-7.5e-05 0
-0.0001 0
-0.000125 0
-0.00015 0
-0.000175 0
-0.0002 0
-0.000225 0
-0.00025 0
-0.000275 0
-0.0003 0
-0.000325 0
-0.00035 0
-0.000375 0
-0.0004 0
-0.000425 0
-0.00045 0
-0.000475 0
-0.0005 0
-0.000525 0
-0.00055 0
-0.000575 0
-0.0006 0
-0.000625 0
-0.00065 0
-0.000675 0
-0.0007 0
-0.000725 0
-0.00075 0
-0.000775 0
-0.0008 0
-0.000825 0
-0.00085 0
-0.000875 0
-0.0009 0
-0.000925 0
-0.00095 0
-0.000975 0
-0.001 0
-0.001025 0
-0.00105 0
-0.001075 0
-0.0011 0
-0.001125 0
-0.00115 0
-0.001175 0
-0.0012 0
-0.001225 0
-0.00125 0
-0.001275 0
-0.0013 0
-0.001325 0
-0.00135 0
-0.001375 0
-0.0014 0
-0.001425 0
-0.00145 0
-0.001475 0
-0.0015 0
-0.001525 0
-0.00155 0
-0.001575 0
-0.0016 0
-0.001625 0
-0.00165 0
-0.001675 0
-0.0017 0
-0.001725 0
-0.00175 0
-0.001775 0
-0.0018 0
-0.001825 0
-0.00185 0
-0.001875 0
-0.0019 0
-0.001925 0
-0.00195 0
-0.001975 0
-0.002 0
-0.002025 0
-0.00205 0
-0.002075 0
-0.0021 0
-0.002125 0
-0.00215 0
-0.002175 0
-0.0022 0
-0.002225 0
-0.00225 0
-0.002275 0
-0.0023 0
-0.002325 0
-0.00235 0
-0.002375 0
-0.0024 0
-0.002425 0
-0.00245 0
-0.002475 0
-0.0025 0
-0.002525 0
-0.00255 0
-0.002575 0
-0.0026 0
-0.002625 0
-0.00265 0
-0.002675 0
-0.0027 0
-0.002725 0
-0.00275 0
-0.002775 0
-0.0028 0
-0.002825 0
-0.00285 0
-0.002875 0
-0.0029 0
-0.0029255 0.049672
-0.00295116 0.115797
-0.00297682 0.181923
-0.00300248 0.248048
-0.00302814 0.314173
-0.0030538 0.380299
-0.00307946 0.446424
-0.00310513 0.512549
-0.00313079 0.578675
-0.00315645 0.6448
-0.00318211 0.710925
-0.00320777 0.77705
-0.00323343 0.843176
-0.00325909 0.909301
-0.00328475 0.975426
-0.00331042 1.04155
-0.00333608 1.10768
-0.00336174 1.1738
-0.0033874 1.23993
-0.00341306 1.30605
-0.00343872 1.37218
-0.00346438 1.4383
-0.00349004 1.50443
-0.00351571 1.57055
-0.00354137 1.63668
-0.00356703 1.7028
-0.00359269 1.76893
-0.00361835 1.83506
-0.00364401 1.90118
-0.00366967 1.96731
-0.00369533 2.03343
-0.003721 2.09956
-0.00374666 2.16568
-0.00377232 2.23181
-0.00379798 2.29793
-0.00382364 2.36406
-0.0038493 2.43018
-0.00387496 2.49631
-0.00390062 2.56243
-0.00392629 2.62856
-0.00395195 2.69468
-0.00397761 2.76081
-0.00400327 2.82694
-0.00402893 2.89306
-0.00405459 2.95919
-0.00408025 3.02531
-0.00410591 3.09144
-0.00413158 3.15756
-0.00415724 3.22369
-0.0041829 3.28981
-0.00420856 3.35594
-0.00423422 3.42206
-0.00425988 3.48819
-0.00428554 3.55431
-0.0043112 3.62044
-0.00433687 3.68656
-0.00436253 3.75269
-0.00438819 3.81882
-0.00441385 3.88494
-0.00443951 3.95107
-0.00446517 4.01719
-0.00449083 4.08332
-0.00451649 4.14944
-0.00454216 4.21557
-0.00456782 4.28169
-0.00459348 4.34782
-0.00461914 4.41394
-0.0046448 4.48007
-0.00467046 4.54619
-0.00469612 4.61232
-0.00472178 4.67844
-0.00474745 4.74457
-0.00477311 4.8107
-0.00479877 4.87682
-0.00482443 4.94295
-0.00485009 5.00907
-0.00487575 5.0752
-0.00490141 5.14132
-0.00492707 5.20745
-0.00495274 5.27357
-0.0049784 5.3397
-0.00500406 5.40582
-0.00502972 5.47195
-0.00505538 5.53807
-0.00508104 5.6042
-0.0051067 5.67032
-0.00513236 5.73645
-0.00515803 5.80257
-0.00518369 5.8687
-0.00520935 5.93483
-0.00523501 6.00095
-0.00526067 6.06708
-0.00528633 6.1332
-0.00531199 6.19933
-0.00533765 6.26545
-0.00536332 6.33158
-0.00538898 6.3977
-0.00541464 6.46383
-0.0054403 6.52995
-0.00546596 6.59608
-0.00549162 6.6622
-0.00551728 6.72833
-0.00554294 6.79445
-0.00556861 6.86058
-0.00559427 6.92671
-0.00561993 6.99283
-0.00564559 7.05896
-0.00567125 7.12508
-0.00569691 7.19121
-0.00572257 7.25733
-0.00574823 7.32346
-0.0057739 7.38958
-0.00579956 7.45571
-0.00582522 7.52183
-0.00585088 7.58796
-0.00587654 7.65408
-0.0059022 7.72021
-0.00592786 7.78633
-0.00595352 7.85246
-0.00597919 7.91859
-0.00600485 7.98471
-0.00603051 8.05084
-0.00605617 8.11696
-0.00608183 8.18309
-0.00610749 8.24921
-0.00613315 8.31534
-0.00615881 8.38146
-0.00618448 8.44759
-0.00621014 8.51371
-0.0062358 8.57984
-0.00626146 8.64596
-0.00628712 8.71209
-0.00631278 8.77821
-0.00633844 8.84434
-0.00636191 8.69104
-0.00638538 8.53774
-0.00640884 8.38443
-0.00643231 8.23113
-0.00645578 8.07783
-0.00647925 7.92453
-0.00650271 7.77123
-0.00652618 7.61792
-0.00654965 7.46462
-0.00657311 7.31132
-0.00659658 7.15802
-0.00662005 7.00472
-0.00664351 6.85142
-0.00666698 6.69811
-0.00669045 6.54481
-0.00671392 6.39151
-0.00673738 6.23821
-0.00676085 6.08491
-0.00678432 5.9316
-0.00680778 5.7783
-0.00683125 5.625
-0.00685472 5.4717
-0.00687818 5.3184
-0.00690165 5.16509
-0.00692512 5.01179
-0.00694858 4.85849
-0.00697205 4.70519
-0.00699552 4.55189
-0.00701899 4.39858
-0.00704245 4.24528
-0.00706592 4.09198
-0.00709 4
-0.007115 4
-0.00714 4
-0.007165 4
-0.00719 4
-0.007215 4
-0.00724 4
-0.007265 4
-0.00729 4
-0.007315 4
-0.00734 4
-0.007365 4
-0.00739 4
-0.007415 4
-0.00744 4
-0.007465 4
-0.00749 4
-0.007515 4
-0.00754 4
-0.00751475 3.97501
-0.0074895 3.95001
-0.00746425 3.92502
-0.007439 3.90002
-0.00741375 3.87503
-0.0073885 3.85004
-0.00736325 3.82504
-0.007338 3.80005
-0.00731275 3.77506
-0.0072875 3.75006
-0.00726225 3.72507
-0.007237 3.70007
-0.00721175 3.67508
-0.0071865 3.65009
-0.00716125 3.62509
-0.007136 3.6001
-0.00711075 3.57511
-0.0070855 3.55011
-0.00706025 3.52512
-0.007035 3.50012
-0.00700975 3.47513
-0.0069845 3.45014
-0.00695925 3.42514
-0.006934 3.40015
-0.00690875 3.37516
-0.0068835 3.35016
-0.00685825 3.32517
-0.006833 3.30017
-0.00680775 3.27518
-0.0067825 3.25019
-0.00675725 3.22519
-0.006732 3.2002
-0.00670675 3.17521
-0.0066815 3.15021
-0.00665625 3.12522
-0.006631 3.10022
-0.00660575 3.07523
-0.0065805 3.05024
-0.00655525 3.02524
-0.00653 3.00025
-0.00650475 2.97526
-0.0064795 2.95026
-0.00645425 2.92527
-0.006429 2.90027
-0.00640375 2.87528
-0.0063785 2.85029
-0.00635325 2.82529
-0.006328 2.8003
-0.00630275 2.77531
-0.0062775 2.75031
-0.00625225 2.72532
-0.006227 2.70032
-0.00620175 2.67533
-0.0061765 2.65034
-0.00615125 2.62534
-0.006126 2.60035
-0.00610075 2.57536
-0.0060755 2.55036
-0.00605025 2.52537
-0.006025 2.50037
-0.00599975 2.47538
-0.0059745 2.45039
-0.00594925 2.42539
-0.005924 2.4004
-0.00589875 2.37541
-0.0058735 2.35041
-0.00584825 2.32542
-0.005823 2.30042
-0.00579775 2.27543
-0.0057725 2.25044
-0.00574725 2.22544
-0.005722 2.20045
-0.00569675 2.17546
-0.0056715 2.15046
-0.00564625 2.12547
-0.005621 2.10047
-0.00559575 2.07548
-0.0055705 2.05049
-0.00554525 2.02549
-0.00552 2.0005
-0.00549476 1.97551
-0.00546951 1.95051
-0.00544426 1.92552
-0.00541901 1.90052
-0.00539376 1.87553
-0.00536851 1.85054
-0.00534326 1.82554
-0.00531801 1.80055
-0.00529276 1.77556
-0.00526751 1.75056
-0.00524226 1.72557
-0.00521701 1.70057
-0.00519176 1.67558
-0.00516651 1.65059
-0.00514126 1.62559
-0.00511601 1.6006
-0.00509076 1.57561
-0.00506551 1.55061
-0.00504026 1.52562
-0.00501501 1.50062
-0.00498976 1.47563
-0.00496451 1.45064
-0.00493926 1.42564
-0.00491401 1.40065
-0.00488876 1.37566
-0.00486351 1.35066
-0.00483826 1.32567
-0.00481301 1.30067
-0.00478776 1.27568
-0.00476251 1.25069
-0.00473726 1.22569
-0.00471201 1.2007
-0.00468676 1.17571
-0.00466151 1.15071
-0.00463626 1.12572
-0.00461101 1.10072
-0.00458576 1.07573
-0.00456051 1.05074
-0.00453526 1.02574
-0.00451001 1.00075
-0.00448476 0.975756
-0.00445951 0.950762
-0.00443426 0.925769
-0.00440901 0.900775
-0.00438376 0.875781
-0.00435851 0.850787
-0.00433326 0.825794
-0.00430801 0.8008
-0.00428276 0.775806
-0.00425751 0.750812
-0.00423226 0.725819
-0.00420701 0.700825
-0.00418176 0.675831
-0.00415651 0.650837
-0.00413126 0.625844
-0.00410601 0.60085
-0.00408076 0.575856
-0.00405551 0.550862
-0.00403026 0.525869
-0.00400501 0.500875
-0.00397976 0.475881
-0.00395451 0.450887
-0.00392926 0.425894
-0.00390401 0.4009
-0.00387876 0.375906
-0.00385351 0.350912
-0.00382826 0.325919
-0.00380301 0.300925
-0.00377776 0.275931
-0.00375251 0.250937
-0.00372726 0.225944
-0.00370201 0.20095
-0.00367676 0.175956
-0.00365151 0.150962
-0.00362626 0.125969
-0.00360101 0.100975
-0.00357576 0.075981
-0.00355051 0.0509873
-0.00352526 0.0259935
-0.00350001 0.00099975
-0.003475 0
-0.00345 0
-0.003425 0
-0.0034 0
-0.003375 0
-0.00335 0
-0.003325 0
-0.0033 0
-0.003275 0
-0.00325 0
-0.003225 0
-0.0032 0
-0.003175 0
-0.00315 0
-0.003125 0
-0.0031 0
-0.003075 0
-0.00305 0
-0.003025 0
-0.003 0
-0.002975 0
-0.00295 0
-0.002925 0
-0.0029 0
-0.002875 0
-0.00285 0
-0.002825 0
-0.0028 0
-0.002775 0
-0.00275 0
-0.002725 0
-0.0027 0
-0.002675 0
-0.00265 0
-0.002625 0
-0.0026 0
-0.002575 0
-0.00255 0
-0.002525 0
-0.0025 0
-0.002475 0
-0.00245 0
-0.002425 0
-0.0024 0
-0.002375 0
-0.00235 0
-0.002325 0
-0.0023 0
-0.002275 0
-0.00225 0
-0.002225 0
-0.0022 0
-0.002175 0
-0.00215 0
-0.002125 0
-0.0021 0
-0.002075 0
-0.00205 0
-0.002025 0
-0.002 0
-0.001975 0
-0.00195 0
-0.001925 0
-0.0019 0
-0.001875 0
-0.00185 0
-0.001825 0
-0.0018 0
-0.001775 0
-0.00175 0
-0.001725 0
-0.0017 0
-0.001675 0
-0.00165 0
-0.001625 0
-0.0016 0
-0.001575 0
-0.00155 0
-0.001525 0
-0.0015 0
-0.001475 0
-0.00145 0
-0.001425 0
-0.0014 0
-0.001375 0
-0.00135 0
-0.001325 0
-0.0013 0
-0.001275 0
-0.00125 0
-0.001225 0
-0.0012 0
-0.001175 0
-0.00115 0
-0.001125 0
-0.0011 0
-0.001075 0
-0.00105 0
-0.001025 0
-0.001 0
-0.000975 0
-0.00095 0
-0.000925 0
-0.0009 0
-0.000875 0
-0.00085 0
-0.000825 0
-0.0008 0
-0.000775 0
-0.00075 0
-0.000725 0
-0.0007 0
-0.000675 0
-0.00065 0
-0.000625 0
-0.0006 0
-0.000575 0
-0.00055 0
-0.000525 0
-0.0005 0
-0.000475 0
-0.00045 0
-0.000425 0
-0.0004 0
-0.000375 0
-0.00035 0
-0.000325 0
-0.0003 0
-0.000275 0
-0.00025 0
-0.000225 0
-0.0002 0
-0.000175 0
-0.00015 0
-0.000125 0
-0.0001 0
-7.5e-05 0
-5e-05 0
-2.5e-05 0
-6.09864e-20 0
2.5e-05 0
5e-05 0
7.5e-05 0
0.0001 0
0.000125 0
0.00015 0
0.000175 0
0.0002 0
0.000225 0
0.00025 0
0.000275 0
0.0003 0
0.000325 0
0.00035 0
0.000375 0
0.0004 0
0.000425 0
0.00045 0
0.000475 0
0.0005 0
0.000525 0
0.00055 0
0.000575 0
0.0006 0
0.000625 0
0.00065 0
0.000675 0
0.0007 0
0.000725 0
0.00075 0
0.000725 0
0.0007 0
0.000675 0
0.00065 0
0.000625 0
0.0006 0
0.000575 0
0.00055 0
0.000525 0
0.0005 0
0.000475 0
0.00045 0
0.000425 0
0.0004 0
0.000375 0
0.00035 0
0.000325 0
0.0003 0
0.000275 0
0.00025 0
0.000225 0
0.0002 0
0.000175 0
0.00015 0
0.000125 0
0.0001 0
7.5e-05 0
5e-05 0
2.5e-05 0
-4.74338e-20 0
-2.5e-05 0
-5e-05 0
-7.5e-05 0
-0.0001 0
-0.000125 0
-0.00015 0
-0.000175 0
-0.0002 0
-0.000225 0
-0.00025 0
-0.000275 0
-0.0003 0
-0.000325 0
-0.00035 0
-0.000375 0
-0.0004 0
-0.000425 0
-0.00045 0
-0.000475 0
-0.0005 0
-0.000525 0
-0.00055 0
-0.000575 0
-0.0006 0
-0.000625 0
-0.00065 0
-0.000675 0
-0.0007 0
-0.000725 0
-0.00075 0
-0.000775 0
-0.0008 0
-0.000825 0
-0.00085 0
-0.000875 0
-0.0009 0
-0.000925 0
-0.00095 0
-0.000975 0
-0.001 0
-0.001025 0
-0.00105 0
-0.001075 0
-0.0011 0
-0.001125 0
-0.00115 0
-0.001175 0
-0.0012 0
-0.001225 0
-0.00125 0
-0.001275 0
-0.0013 0
-0.001325 0
-0.00135 0
-0.001375 0
-0.0014 0
-0.001425 0
-0.00145 0
-0.001475 0
-0.0015 0
-0.001525 0
-0.00155 0
-0.001575 0
-0.0016 0
-0.001625 0
-0.00165 0
-0.001675 0
-0.0017 0
-0.001725 0
-0.00175 0
-0.001775 0
-0.0018 0
-0.001825 0
-0.00185 0
-0.001875 0
-0.0019 0
-0.001925 0
-0.00195 0
-0.001975 0
-0.002 0
-0.002025 0
-0.00205 0
-0.002075 0
-0.0021 0
-0.002125 0
-0.00215 0
-0.002175 0
-0.0022 0
-0.002225 0
-0.00225 0
-0.002275 0
-0.0023 0
-0.002325 0
-0.00235 0
-0.002375 0
-0.0024 0
-0.002425 0
-0.00245 0
-0.002475 0
-0.0025 0
-0.002525 0
-0.00255 0
-0.002575 0
-0.0026 0
-0.002625 0
-0.00265 0
-0.002675 0
-0.0027 0
-0.002725 0
-0.00275 0
-0.002775 0
-0.0028 0
-0.002825 0
-0.00285 0
-0.002875 0
-0.0029 0
-0.002925 0
-0.00295 0
-0.002975 0
-0.003 0
-0.003025 0
-0.00305 0
-0.003075 0
-0.0031 0
-0.003125 0
-0.00315 0
-0.003175 0
-0.0032 0
-0.003225 0
-0.00325 0
-0.003275 0
-0.0033 0
-0.003325 0
-0.00335 0
-0.003375 0
-0.0034 0
-0.003425 0
-0.00345 0
-0.003475 0
-0.00350001 0.00099975
-0.00352526 0.0259935
-0.00355051 0.0509873
-0.00357576 0.075981
-0.00360101 0.100975
-0.00362626 0.125969
-0.00365151 0.150962
-0.00367676 0.175956
-0.00370201 0.20095
-0.00372726 0.225944
-0.00375251 0.250937
-0.00377776 0.275931
-0.00380301 0.300925
-0.00382826 0.325919
-0.00385351 0.350912
-0.00387876 0.375906
-0.00390401 0.4009
-0.00392926 0.425894
-0.00395451 0.450887
-0.00397976 0.475881
-0.00400501 0.500875
-0.00403026 0.525869
-0.00405551 0.550862
-0.00408076 0.575856
-0.00410601 0.60085
-0.00413126 0.625844
-0.00415651 0.650837
-0.00418176 0.675831
-0.00420701 0.700825
-0.00423226 0.725819
-0.00425751 0.750812
-0.00428276 0.775806
-0.00430801 0.8008
-0.00433326 0.825794
-0.00435851 0.850787
-0.00438376 0.875781
-0.00440901 0.900775
-0.00443426 0.925769
-0.00445951 0.950762
-0.00448476 0.975756
-0.00451001 1.00075
-0.00453526 1.02574
-0.00456051 1.05074
-0.00458576 1.07573
-0.00461101 1.10072
-0.00463626 1.12572
-0.00466151 1.15071
-0.00468676 1.17571
-0.00471201 1.2007
-0.00473726 1.22569
-0.00476251 1.25069
-0.00478776 1.27568
-0.00481301 1.30067
-0.00483826 1.32567
-0.00486351 1.35066
-0.00488876 1.37566
-0.00491401 1.40065
-0.00493926 1.42564
-0.00496451 1.45064
-0.00498976 1.47563
-0.00501501 1.50062
-0.00504026 1.52562
-0.00506551 1.55061
-0.00509076 1.57561
-0.00511601 1.6006
-0.00514126 1.62559
-0.00516651 1.65059
-0.00519176 1.67558
-0.00521701 1.70057
-0.00524226 1.72557
-0.00526751 1.75056
-0.00529276 1.77556
-0.00531801 1.80055
-0.00534326 1.82554
-0.00536851 1.85054
-0.00539376 1.87553
-0.00541901 1.90052
-0.00544426 1.92552
-0.00546951 1.95051
-0.00549476 1.97551
-0.00552 2.0005
-0.00554525 2.02549
-0.0055705 2.05049
-0.00559575 2.07548
-0.005621 2.10047
-0.00564625 2.12547
-0.0056715 2.15046
-0.00569675 2.17546
-0.005722 2.20045
-0.00574725 2.22544
-0.0057725 2.25044
-0.00579775 2.27543
-0.005823 2.30042
-0.00584825 2.32542
-0.0058735 2.35041
-0.00589875 2.37541
-0.005924 2.4004
-0.00594925 2.42539
-0.0059745 2.45039
-0.00599975 2.47538
-0.006025 2.50037
-0.00605025 2.52537
-0.0060755 2.55036
-0.00610075 2.57536
-0.006126 2.60035
-0.00615125 2.62534
-0.0061765 2.65034
-0.00620175 2.67533
-0.006227 2.70032
-0.00625225 2.72532
-0.0062775 2.75031
-0.00630275 2.77531
-0.006328 2.8003
-0.00635325 2.82529
-0.0063785 2.85029
-0.00640375 2.87528
-0.006429 2.90027
-0.00645425 2.92527
-0.0064795 2.95026
-0.00650475 2.97526
-0.00653 3.00025
-0.00655525 3.02524
-0.0065805 3.05024
-0.00660575 3.07523
-0.006631 3.10022
-0.00665625 3.12522
-0.0066815 3.15021
-0.00670675 3.17521
-0.006732 3.2002
-0.00675725 3.22519
-0.0067825 3.25019
-0.00680775 3.27518
-0.006833 3.30017
-0.00685825 3.32517
-0.0068835 3.35016
-0.00690875 3.37516
-0.006934 3.40015
-0.00695925 3.42514
-0.0069845 3.45014
-0.00700975 3.47513
-0.007035 3.50012
-0.00706025 3.52512
-0.0070855 3.55011
-0.00711075 3.57511
-0.007136 3.6001
-0.00716125 3.62509
-0.0071865 3.65009
-0.00721175 3.67508
-0.007237 3.70007
-0.00726225 3.72507
-0.0072875 3.75006
-0.00731275 3.77506
-0.007338 3.80005
-0.00736325 3.82504
-0.0073885 3.85004
-0.00741375 3.87503
-0.007439 3.90002
-0.00746425 3.92502
-0.0074895 3.95001
-0.00751475 3.97501
-0.00754 4
-0.007565 4
-0.00759 4
-0.007615 4
-0.00764 4
-0.007665 4
-0.00769 4
-0.007715 4
-0.00774 4
-0.007765 4
-0.00779 4
-0.007815 4
-0.00784 4
-0.007865 4
-0.00789 4
-0.007915 4
-0.00794 4
-0.007965 4
-0.00799 4
-0.008015 4
-0.00804 4
-0.008065 4
-0.00809 4
-0.008115 4
-0.00814 4
-0.008165 4
-0.00819 4
-0.008215 4
-0.00824 4
-0.008265 4
-0.00829 4
-0.008315 4
-0.00834 4
-0.008365 4
-0.00839 4
-0.008415 4
-0.00844 4
-0.008465 4
-0.00849 4
-0.008515 4
-0.00854 4
-0.008565 4
-0.00859 4
-0.008615 4
-0.00864 4
-0.008665 4
-0.00869 4
-0.008715 4
-0.00874 4
-0.008765 4
-0.00879 4
-0.00876481 3.98096
-0.00873962 3.96191
-0.00871443 3.94287
-0.00868924 3.92382
-0.00866405 3.90478
-0.00863886 3.88574
-0.00861367 3.86669
-0.00858848 3.84765
-0.00856329 3.8286
-0.0085381 3.80956
-0.00851291 3.79052
-0.00848771 3.77147
-0.00846252 3.75243
-0.00843733 3.73338
-0.00841214 3.71434
-0.00838695 3.6953
-0.00836176 3.67625
-0.00833657 3.65721
-0.00831138 3.63816
-0.00828619 3.61912
-0.008261 3.60008
-0.00823581 3.58103
-0.00821062 3.56199
-0.00818543 3.54294
-0.00816024 3.5239
-0.00813505 3.50486
-0.00810986 3.48581
-0.00808467 3.46677
-0.00805948 3.44772
-0.00803429 3.42868
-0.0080091 3.40964
-0.00798391 3.39059
-0.00795872 3.37155
-0.00793353 3.3525
-0.00790833 3.33346
-0.00788314 3.31442
-0.00785795 3.29537
-0.00783276 3.27633
-0.00780757 3.25728
-0.00778238 3.23824
-0.00775719 3.2192
-0.007732 3.20015
-0.00770681 3.18111
-0.00768162 3.16206
-0.00765643 3.14302
-0.00763124 3.12398
-0.00760605 3.10493
-0.00758086 3.08589
-0.00755567 3.06684
-0.00753048 3.0478
-0.00750529 3.02876
-0.0074801 3.00971
-0.00745491 2.99067
-0.00742972 2.97162
-0.00740453 2.95258
-0.00737934 2.93354
-0.00735414 2.91449
-0.00732895 2.89545
-0.00730376 2.8764
-0.00727857 2.85736
-0.00725338 2.83832
-0.00722819 2.81927
-0.007203 2.80023
-0.00717781 2.78118
-0.00715262 2.76214
-0.00712743 2.7431
-0.00710224 2.72405
-0.00707705 2.70501
-0.00705186 2.68596
-0.00702667 2.66692
-0.00700148 2.64788
-0.00697629 2.62883
-0.0069511 2.60979
-0.00692591 2.59074
-0.00690072 2.5717
-0.00687553 2.55266
-0.00685034 2.53361
-0.00682515 2.51457
-0.00679996 2.49552
-0.00677476 2.47648
-0.00674957 2.45744
-0.00672438 2.43839
-0.00669919 2.41935
-0.006674 2.4003
-0.00664881 2.38126
-0.00662362 2.36222
-0.00659843 2.34317
-0.00657324 2.32413
-0.00654805 2.30508
-0.00652286 2.28604
-0.00649767 2.267
-0.00647248 2.24795
-0.00644729 2.22891
-0.0064221 2.20986
-0.00639691 2.19082
-0.00637172 2.17178
-0.00634653 2.15273
-0.00632134 2.13369
-0.00629615 2.11464
-0.00627096 2.0956
-0.00624577 2.07656
-0.00622058 2.05751
-0.00619538 2.03847
-0.00617019 2.01942
-0.006145 2.00038
-0.00611981 1.98134
-0.00609462 1.96229
-0.00606943 1.94325
-0.00604424 1.9242
-0.00601905 1.90516
-0.00599386 1.88612
-0.00596867 1.86707
-0.00594348 1.84803
-0.00591829 1.82898
-0.0058931 1.80994
-0.00586791 1.7909
-0.00584272 1.77185
-0.00581753 1.75281
-0.00579234 1.73376
-0.00576715 1.71472
-0.00574196 1.69568
-0.00571677 1.67663
-0.00569158 1.65759
-0.00566639 1.63855
-0.0056412 1.6195
-0.005616 1.60046
-0.00559081 1.58141
-0.00556562 1.56237
-0.00554043 1.54333
-0.00551524 1.52428
-0.00549005 1.50524
-0.00546486 1.48619
-0.00543967 1.46715
-0.00541448 1.44811
-0.00538929 1.42906
-0.0053641 1.41002
-0.00533891 1.39097
-0.00531372 1.37193
-0.00528853 1.35289
-0.00526334 1.33384
-0.00523815 1.3148
-0.00521296 1.29575
-0.00518777 1.27671
-0.00516258 1.25767
-0.00513739 1.23862
-0.0051122 1.21958
-0.00508701 1.20053
-0.00506181 1.18149
-0.00503662 1.16245
-0.00501143 1.1434
-0.00498624 1.12436
-0.00496105 1.10531
-0.00493586 1.08627
-0.00491067 1.06723
-0.00488548 1.04818
-0.00486029 1.02914
-0.0048351 1.01009
-0.00480991 0.991049
-0.00478472 0.972005
-0.00475953 0.952961
-0.00473434 0.933917
-0.00470915 0.914873
-0.00468396 0.895829
-0.00465877 0.876785
-0.00463358 0.857741
-0.00460839 0.838697
-0.0045832 0.819653
-0.00455801 0.800609
-0.00453282 0.781565
-0.00450763 0.762521
-0.00448243 0.743477
-0.00445724 0.724433
-0.00443205 0.705389
-0.00440686 0.686345
-0.00438167 0.667301
-0.00435648 0.648257
-0.00433129 0.629213
-0.0043061 0.610169
-0.00428091 0.591125
-0.00425572 0.572082
-0.00423053 0.553038
-0.00420534 0.533994
-0.00418015 0.51495
-0.00415496 0.495906
-0.00412977 0.476862
-0.00410458 0.457818
-0.00407939 0.438774
-0.0040542 0.41973
-0.00402901 0.400686
-0.00400382 0.381642
-0.00397863 0.362598
-0.00395344 0.343554
-0.00392825 0.32451
-0.00390305 0.305466
-0.00387786 0.286422
-0.00385267 0.267378
-0.00382748 0.248334
-0.00380229 0.22929
-0.0037771 0.210246
-0.00375191 0.191202
-0.00372672 0.172158
-0.00370153 0.153114
-0.00367634 0.13407
-0.00365115 0.115026
-0.00362596 0.0959817
-0.00360077 0.0769377
-0.00357558 0.0578937
-0.00355039 0.0388497
-0.0035252 0.0198058
-0.00350001 0.00076176
-0.003475 0
-0.00345 0
-0.003425 0
-0.0034 0
-0.003375 0
-0.00335 0
-0.003325 0
-0.0033 0
-0.003275 0
-0.00325 0
-0.003225 0
-0.0032 0
-0.003175 0
-0.00315 0
-0.003125 0
-0.0031 0
-0.003075 0
-0.00305 0
-0.003025 0
-0.003 0
-0.002975 0
-0.00295 0
-0.002925 0
-0.0029 0
-0.002875 0
-0.00285 0
-0.002825 0
-0.0028 0
-0.002775 0
-0.00275 0
-0.002725 0
-0.0027 0
-0.002675 0
-0.00265 0
-0.002625 0
-0.0026 0
-0.002575 0
-0.00255 0
-0.002525 0
-0.0025 0
-0.002475 0
-0.00245 0
-0.002425 0
-0.0024 0
-0.002375 0
-0.00235 0
-0.002325 0
-0.0023 0
-0.002275 0
-0.00225 0
-0.002225 0
-0.0022 0
-0.002175 0
-0.00215 0
-0.002125 0
-0.0021 0
-0.002075 0
-0.00205 0
-0.002025 0
-0.002 0
-0.001975 0
-0.00195 0
-0.001925 0
-0.0019 0
-0.001875 0
-0.00185 0
-0.001825 0
-0.0018 0
-0.001775 0
-0.00175 0
-0.001725 0
-0.0017 0
-0.001675 0
-0.00165 0
-0.001625 0
-0.0016 0
-0.001575 0
-0.00155 0
-0.001525 0
-0.0015 0
-0.001475 0
-0.00145 0
-0.001425 0
-0.0014 0
-0.001375 0
-0.00135 0
-0.001325 0
-0.0013 0
-0.001275 0
-0.00125 0
-0.001225 0
-0.0012 0
-0.001175 0
-0.00115 0
-0.001125 0
-0.0011 0
-0.001075 0
-0.00105 0
-0.001025 0
-0.001 0
-0.000975 0
-0.00095 0
-0.000925 0
-0.0009 0
-0.000875 0
-0.00085 0
-0.000825 0
-0.0008 0
-0.000775 0
-0.00075 0
-0.000725 0
-0.0007 0
-0.000675 0
-0.00065 0
-0.000625 0
-0.0006 0
-0.000575 0
-0.00055 0
-0.000525 0
-0.0005 0
-0.000475 0
-0.00045 0
-0.000425 0
-0.0004 0
-0.000375 0
-0.00035 0
-0.000325 0
-0.0003 0
-0.000275 0
-0.00025 0
-0.000225 0
-0.0002 0
-0.000175 0
-0.00015 0
-0.000125 0
-0.0001 0
-7.5e-05 0
-5e-05 0
-2.5e-05 0
-9.28348e-19 0
2.5e-05 0
5e-05 0
7.5e-05 0
0.0001 0
0.000125 0
0.00015 0
0.000175 0
0.0002 0
0.000225 0
0.00025 0
0.000275 0
0.0003 0
0.000325 0
0.00035 0
0.000375 0
0.0004 0
0.000425 0
0.00045 0
0.000475 0
0.0005 0
0.000525 0
0.00055 0
0.000575 0
0.0006 0
0.000625 0
0.00065 0
0.000675 0
0.0007 0
0.000725 0
0.00075 0
0.000775 0
0.0008 0
0.000825 0
0.00085 0
0.000875 0
0.00085 0
0.000825 0
0.0008 0
0.000775 0
0.00075 0
0.000725 0
0.0007 0
0.000675 0
0.00065 0
0.000625 0
0.0006 0
0.000575 0
0.00055 0
0.000525 0
0.0005 0
0.000475 0
0.00045 0
0.000425 0
0.0004 0
0.000375 0
0.00035 0
0.000325 0
0.0003 0
0.000275 0
0.00025 0
0.000225 0
0.0002 0
0.000175 0
0.00015 0
0.000125 0
0.0001 0
7.5e-05 0
5e-05 0
2.5e-05 0
-9.14796e-19 0
