-3.07478e-05 -2.5e-05
-6.14527e-05 -5e-05
-9.21144e-05 -7.5e-05
-0.000122732 -0.0001
-0.000153307 -0.000125
-0.000183837 -0.00015
-0.000214323 -0.000175
-0.000244764 -0.0002
-0.000275159 -0.000225
-0.00030551 -0.00025
-0.000335815 -0.000275
-0.000366074 -0.0003
-0.000396286 -0.000325
-0.000426452 -0.00035
-0.000456571 -0.000375
-0.000486643 -0.0004
-0.000516667 -0.000425
-0.000546643 -0.00045
-0.00057657 -0.000475
-0.000606449 -0.0005
-0.000636279 -0.000525
-0.000666059 -0.00055
-0.00069579 -0.000575
-0.00072547 -0.0006
-0.0007551 -0.000625
-0.00078468 -0.00065
-0.000814207 -0.000675
-0.000843683 -0.0007
-0.000873107 -0.000725
-0.000902479 -0.00075
-0.000931798 -0.000775
-0.000961063 -0.0008
-0.000990275 -0.000825
-0.00101943 -0.00085
-0.00104854 -0.000875
-0.00107758 -0.0009
-0.00110658 -0.000925
-0.00113551 -0.00095
-0.00116439 -0.000975
-0.00119322 -0.001
-0.00122198 -0.001025
-0.00125069 -0.00105
-0.00127934 -0.001075
-0.00130794 -0.0011
-0.00133647 -0.001125
-0.00136494 -0.00115
-0.00139336 -0.001175
-0.00142171 -0.0012
-0.00145 -0.001225
-0.00147823 -0.00125
-0.00144775 -0.001225
-0.00141727 -0.0012
-0.00138679 -0.001175
-0.00135632 -0.00115
-0.00132584 -0.001125
-0.00129536 -0.0011
-0.00126488 -0.001075
-0.0012344 -0.00105
-0.00120392 -0.001025
-0.00117344 -0.001
-0.00114297 -0.000975
-0.00111249 -0.00095
-0.00108201 -0.000925
-0.00105153 -0.0009
-0.00102105 -0.000875
-0.000990574 -0.00085
-0.000960095 -0.000825
-0.000929617 -0.0008
-0.000899138 -0.000775
-0.00086866 -0.00075
-0.000838181 -0.000725
-0.000807703 -0.0007
-0.000777224 -0.000675
-0.000746746 -0.00065
-0.000716267 -0.000625
-0.000685789 -0.0006
-0.00065531 -0.000575
-0.000624832 -0.00055
-0.000594353 -0.000525
-0.000563875 -0.0005
-0.000533396 -0.000475
-0.000502918 -0.00045
-0.000472439 -0.000425
-0.000441961 -0.0004
-0.000411482 -0.000375
-0.000381004 -0.00035
-0.000350525 -0.000325
-0.000320047 -0.0003
-0.000289568 -0.000275
-0.00025909 -0.00025
-0.000228611 -0.000225
-0.0002 -0.0002
-0.000175 -0.000175
-0.00015 -0.00015
-0.000125 -0.000125
-0.0001 -0.0001
-7.5e-05 -7.5e-05
-5e-05 -5e-05
-2.5e-05 -2.5e-05
-6.09864e-20 -6.09864e-20
2.5e-05 2.5e-05
5e-05 5e-05
7.5e-05 7.5e-05
0.0001 0.0001
0.000125 0.000125
0.0001 0.0001
7.5e-05 7.5e-05
5e-05 5e-05
2.5e-05 2.5e-05
-4.74338e-20 -4.74338e-20
-2.5e-05 -2.5e-05
-5e-05 -5e-05
-7.5e-05 -7.5e-05
-0.0001 -0.0001
-0.000125 -0.000125
-0.00015 -0.00015
-0.000175 -0.000175
-0.0002 -0.0002
-0.000228611 -0.000225
-0.00025909 -0.00025
-0.000289568 -0.000275
-0.000320047 -0.0003
-0.000350525 -0.000325
-0.000381004 -0.00035
-0.000411482 -0.000375
-0.000441961 -0.0004
-0.000472439 -0.000425
-0.000502918 -0.00045
-0.000533396 -0.000475
-0.000563875 -0.0005
-0.000594353 -0.000525
-0.000624832 -0.00055
-0.00065531 -0.000575
-0.000685789 -0.0006
-0.000716267 -0.000625
-0.000746746 -0.00065
-0.000777224 -0.000675
-0.000807703 -0.0007
-0.000838181 -0.000725
-0.00086866 -0.00075
-0.000899138 -0.000775
-0.000929617 -0.0008
-0.000960095 -0.000825
-0.000990574 -0.00085
-0.00102105 -0.000875
-0.00105153 -0.0009
-0.00108201 -0.000925
-0.00111249 -0.00095
-0.00114297 -0.000975
-0.00117344 -0.001
-0.00120392 -0.001025
-0.0012344 -0.00105
-0.00126488 -0.001075
-0.00129536 -0.0011
-0.00132584 -0.001125
-0.00135632 -0.00115
-0.00138679 -0.001175
-0.00141727 -0.0012
-0.00144775 -0.001225
-0.00147823 -0.00125
-0.0015064 -0.001275
-0.0015345 -0.0013
-0.00156254 -0.001325
-0.00159052 -0.00135
-0.00161844 -0.001375
-0.00164629 -0.0014
-0.00167407 -0.001425
-0.00170179 -0.00145
-0.00172944 -0.001475
-0.00175702 -0.0015
-0.00178453 -0.001525
-0.00181198 -0.00155
-0.00183936 -0.001575
-0.00186667 -0.0016
-0.0018939 -0.001625
-0.00192107 -0.00165
-0.00194816 -0.001675
-0.00197519 -0.0017
-0.00200214 -0.001725
-0.00202901 -0.00175
-0.00205581 -0.001775
-0.00208254 -0.0018
-0.00210919 -0.001825
-0.00213576 -0.00185
-0.00216225 -0.001875
-0.00218867 -0.0019
-0.00221501 -0.001925
-0.00224127 -0.00195
-0.00226744 -0.001975
-0.00229354 -0.002
-0.00231955 -0.002025
-0.00234548 -0.00205
-0.00237133 -0.002075
-0.00239709 -0.0021
-0.00242276 -0.002125
-0.00244835 -0.00215
-0.00247385 -0.002175
-0.00249926 -0.0022
-0.00252458 -0.002225
-0.00254981 -0.00225
-0.00257495 -0.002275
-0.0026 -0.0023
-0.00262312 -0.002325
-0.00264624 -0.00235
-0.00266935 -0.002375
-0.00269247 -0.0024
-0.00271559 -0.002425
-0.00273871 -0.00245
-0.00276183 -0.002475
-0.00278495 -0.0025
-0.00280806 -0.002525
-0.00283118 -0.00255
-0.0028543 -0.002575
-0.00287742 -0.0026
-0.00290054 -0.002625
-0.00292366 -0.00265
-0.00294677 -0.002675
-0.00296989 -0.0027
-0.00299301 -0.002725
-0.00301613 -0.00275
-0.00303925 -0.002775
-0.00306237 -0.0028
-0.00308548 -0.002825
-0.0031086 -0.00285
-0.00313172 -0.002875
-0.00315484 -0.0029
-0.00317796 -0.002925
-0.00320108 -0.00295
-0.00322419 -0.002975
-0.00324731 -0.003
-0.00327043 -0.003025
-0.00329355 -0.00305
-0.00331667 -0.003075
-0.00333978 -0.0031
-0.0033629 -0.003125
-0.00338602 -0.00315
-0.00340914 -0.003175
-0.00343226 -0.0032
-0.00345538 -0.003225
-0.00347849 -0.00325
-0.00350161 -0.003275
-0.00352473 -0.0033
-0.00354785 -0.003325
-0.00357097 -0.00335
-0.00359409 -0.003375
-0.0036172 -0.0034
-0.00364032 -0.003425
-0.00366344 -0.00345
-0.00368656 -0.003475
-0.00370968 -0.0035
-0.0037328 -0.003525
-0.00375591 -0.00355
-0.00377903 -0.003575
-0.00380215 -0.0036
-0.00382527 -0.003625
-0.00384839 -0.00365
-0.00387151 -0.003675
-0.00389462 -0.0037
-0.00391774 -0.003725
-0.00394086 -0.00375
-0.00391385 -0.003725
-0.00388683 -0.0037
-0.00385982 -0.003675
-0.0038328 -0.00365
-0.00380579 -0.003625
-0.00377877 -0.0036
-0.00375176 -0.003575
-0.00372475 -0.00355
-0.00369773 -0.003525
-0.00367072 -0.0035
-0.0036437 -0.003475
-0.00361669 -0.00345
-0.00358968 -0.003425
-0.00356266 -0.0034
-0.00353565 -0.003375
-0.00350863 -0.00335
-0.00348162 -0.003325
-0.0034546 -0.0033
-0.00342759 -0.003275
-0.00340058 -0.00325
-0.00337356 -0.003225
-0.00334655 -0.0032
-0.00331953 -0.003175
-0.00329252 -0.00315
-0.0032655 -0.003125
-0.00323849 -0.0031
-0.00321148 -0.003075
-0.00318446 -0.00305
-0.00315745 -0.003025
-0.00313043 -0.003
-0.00310342 -0.002975
-0.00307641 -0.00295
-0.00304939 -0.002925
-0.00302238 -0.0029
-0.00299536 -0.002875
-0.00296835 -0.00285
-0.00294133 -0.002825
-0.00291432 -0.0028
-0.00288731 -0.002775
-0.00286029 -0.00275
-0.00283328 -0.002725
-0.00280626 -0.0027
-0.00277925 -0.002675
-0.00275223 -0.00265
-0.00272522 -0.002625
-0.00269821 -0.0026
-0.00267119 -0.002575
-0.00264418 -0.00255
-0.00261716 -0.002525
-0.00259015 -0.0025
-0.00256314 -0.002475
-0.00253612 -0.00245
-0.00250911 -0.002425
-0.00248209 -0.0024
-0.00245508 -0.002375
-0.00242806 -0.00235
-0.00240105 -0.002325
-0.00237404 -0.0023
-0.00234702 -0.002275
-0.00232001 -0.00225
-0.00229299 -0.002225
-0.00226598 -0.0022
-0.00223896 -0.002175
-0.00221195 -0.00215
-0.00218494 -0.002125
-0.00215792 -0.0021
-0.00213091 -0.002075
-0.00210389 -0.00205
-0.00207688 -0.002025
-0.00204987 -0.002
-0.00202285 -0.001975
-0.00199584 -0.00195
-0.00196882 -0.001925
-0.00194181 -0.0019
-0.00191479 -0.001875
-0.00188778 -0.00185
-0.00186077 -0.001825
-0.00183375 -0.0018
-0.00180674 -0.001775
-0.00177972 -0.00175
-0.00175271 -0.001725
-0.00172569 -0.0017
-0.00169868 -0.001675
-0.00167167 -0.00165
-0.00164465 -0.001625
-0.00161764 -0.0016
-0.00159062 -0.001575
-0.00156361 -0.00155
-0.0015366 -0.001525
-0.00150958 -0.0015
-0.00148257 -0.001475
-0.00145555 -0.00145
-0.00142854 -0.001425
-0.00140152 -0.0014
-0.001375 -0.001375
-0.00135 -0.00135
-0.001325 -0.001325
-0.0013 -0.0013
-0.001275 -0.001275
-0.00125 -0.00125
-0.001225 -0.001225
-0.0012 -0.0012
-0.001175 -0.001175
-0.00115 -0.00115
-0.001125 -0.001125
-0.0011 -0.0011
-0.001075 -0.001075
-0.00105 -0.00105
-0.001025 -0.001025
-0.001 -0.001
-0.000975 -0.000975
-0.00095 -0.00095
-0.000925 -0.000925
-0.0009 -0.0009
-0.000875 -0.000875
-0.00085 -0.00085
-0.000825 -0.000825
-0.0008 -0.0008
-0.000775 -0.000775
-0.00075 -0.00075
-0.000725 -0.000725
-0.0007 -0.0007
-0.000675 -0.000675
-0.00065 -0.00065
-0.000625 -0.000625
-0.0006 -0.0006
-0.000575 -0.000575
-0.00055 -0.00055
-0.000525 -0.000525
-0.0005 -0.0005
-0.000475 -0.000475
-0.00045 -0.00045
-0.000425 -0.000425
-0.0004 -0.0004
-0.000375 -0.000375
-0.00035 -0.00035
-0.000325 -0.000325
-0.0003 -0.0003
-0.000275 -0.000275
-0.00025 -0.00025
-0.000225 -0.000225
-0.0002 -0.0002
-0.000175 -0.000175
-0.00015 -0.00015
-0.000125 -0.000125
-0.0001 -0.0001
-7.5e-05 -7.5e-05
-5e-05 -5e-05
-2.5e-05 -2.5e-05
-6.09864e-20 -6.09864e-20
2.5e-05 2.5e-05
5e-05 5e-05
7.5e-05 7.5e-05
0.0001 0.0001
0.000125 0.000125
0.00015 0.00015
0.000175 0.000175
0.0002 0.0002
0.000225 0.000225
0.00025 0.00025
0.000275 0.000275
0.0003 0.0003
0.000325 0.000325
0.00035 0.00035
0.000375 0.000375
0.00035 0.00035
0.000325 0.000325
0.0003 0.0003
0.000275 0.000275
0.00025 0.00025
0.000225 0.000225
0.0002 0.0002
0.000175 0.000175
0.00015 0.00015
0.000125 0.000125
0.0001 0.0001
7.5e-05 7.5e-05
5e-05 5e-05
2.5e-05 2.5e-05
-4.74338e-20 -4.74338e-20
-2.5e-05 -2.5e-05
-5e-05 -5e-05
-7.5e-05 -7.5e-05
-0.0001 -0.0001
-0.000125 -0.000125
-0.00015 -0.00015
-0.000175 -0.000175
-0.0002 -0.0002
-0.000225 -0.000225
-0.00025 -0.00025
-0.000275 -0.000275
-0.0003 -0.0003
-0.000325 -0.000325
-0.00035 -0.00035
-0.000375 -0.000375
-0.0004 -0.0004
-0.000425 -0.000425
-0.00045 -0.00045
-0.000475 -0.000475
-0.0005 -0.0005
-0.000525 -0.000525
-0.00055 -0.00055
-0.000575 -0.000575
-0.0006 -0.0006
-0.000625 -0.000625
-0.00065 -0.00065
-0.000675 -0.000675
-0.0007 -0.0007
-0.000725 -0.000725
-0.00075 -0.00075
-0.000775 -0.000775
-0.0008 -0.0008
-0.000825 -0.000825
-0.00085 -0.00085
-0.000875 -0.000875
-0.0009 -0.0009
-0.000925 -0.000925
-0.00095 -0.00095
-0.000975 -0.000975
-0.001 -0.001
-0.001025 -0.001025
-0.00105 -0.00105
-0.001075 -0.001075
-0.0011 -0.0011
-0.001125 -0.001125
-0.00115 -0.00115
-0.001175 -0.001175
-0.0012 -0.0012
-0.001225 -0.001225
-0.00125 -0.00125
-0.001275 -0.001275
-0.0013 -0.0013
-0.001325 -0.001325
-0.00135 -0.00135
-0.001375 -0.001375
-0.00140152 -0.0014
-0.00142854 -0.001425
-0.00145555 -0.00145
-0.00148257 -0.001475
-0.00150958 -0.0015
-0.0015366 -0.001525
-0.00156361 -0.00155
-0.00159062 -0.001575
-0.00161764 -0.0016
-0.00164465 -0.001625
-0.00167167 -0.00165
-0.00169868 -0.001675
-0.00172569 -0.0017
-0.00175271 -0.001725
-0.00177972 -0.00175
-0.00180674 -0.001775
-0.00183375 -0.0018
-0.00186077 -0.001825
-0.00188778 -0.00185
-0.00191479 -0.001875
-0.00194181 -0.0019
-0.00196882 -0.001925
-0.00199584 -0.00195
-0.00202285 -0.001975
-0.00204987 -0.002
-0.00207688 -0.002025
-0.00210389 -0.00205
-0.00213091 -0.002075
-0.00215792 -0.0021
-0.00218494 -0.002125
-0.00221195 -0.00215
-0.00223896 -0.002175
-0.00226598 -0.0022
-0.00229299 -0.002225
-0.00232001 -0.00225
-0.00234702 -0.002275
-0.00237404 -0.0023
-0.00240105 -0.002325
-0.00242806 -0.00235
-0.00245508 -0.002375
-0.00248209 -0.0024
-0.00250911 -0.002425
-0.00253612 -0.00245
-0.00256314 -0.002475
-0.00259015 -0.0025
-0.00261716 -0.002525
-0.00264418 -0.00255
-0.00267119 -0.002575
-0.00269821 -0.0026
-0.00272522 -0.002625
-0.00275223 -0.00265
-0.00277925 -0.002675
-0.00280626 -0.0027
-0.00283328 -0.002725
-0.00286029 -0.00275
-0.00288731 -0.002775
-0.00291432 -0.0028
-0.00294133 -0.002825
-0.00296835 -0.00285
-0.00299536 -0.002875
-0.00302238 -0.0029
-0.00304939 -0.002925
-0.00307641 -0.00295
-0.00310342 -0.002975
-0.00313043 -0.003
-0.00315745 -0.003025
-0.00318446 -0.00305
-0.00321148 -0.003075
-0.00323849 -0.0031
-0.0032655 -0.003125
-0.00329252 -0.00315
-0.00331953 -0.003175
-0.00334655 -0.0032
-0.00337356 -0.003225
-0.00340058 -0.00325
-0.00342759 -0.003275
-0.0034546 -0.0033
-0.00348162 -0.003325
-0.00350863 -0.00335
-0.00353565 -0.003375
-0.00356266 -0.0034
-0.00358968 -0.003425
-0.00361669 -0.00345
-0.0036437 -0.003475
-0.00367072 -0.0035
-0.00369773 -0.003525
-0.00372475 -0.00355
-0.00375176 -0.003575
-0.00377877 -0.0036
-0.00380579 -0.003625
-0.0038328 -0.00365
-0.00385982 -0.003675
-0.00388683 -0.0037
-0.00391385 -0.003725
-0.00394086 -0.00375
-0.00396398 -0.003775
-0.0039871 -0.0038
-0.00401022 -0.003825
-0.00403333 -0.00385
-0.00405645 -0.003875
-0.00407957 -0.0039
-0.00410269 -0.003925
-0.00412581 -0.00395
-0.00414892 -0.003975
-0.00417204 -0.004
-0.00419516 -0.004025
-0.00421828 -0.00405
-0.0042414 -0.004075
-0.00426452 -0.0041
-0.00428763 -0.004125
-0.00431075 -0.00415
-0.00433387 -0.004175
-0.00435699 -0.0042
-0.00438011 -0.004225
-0.00440323 -0.00425
-0.00442634 -0.004275
-0.00444946 -0.0043
-0.00447258 -0.004325
-0.0044957 -0.00435
-0.00451882 -0.004375
-0.00454194 -0.0044
-0.00456505 -0.004425
-0.00458817 -0.00445
-0.00461129 -0.004475
-0.00463441 -0.0045
-0.00465753 -0.004525
-0.00468065 -0.00455
-0.00470376 -0.004575
-0.00472688 -0.0046
-0.00475 -0.004625
-0.00477312 -0.00465
-0.00479624 -0.004675
-0.00481935 -0.0047
-0.00484247 -0.004725
-0.00486559 -0.00475
-0.00488871 -0.004775
-0.00491183 -0.0048
-0.00493495 -0.004825
-0.00495806 -0.00485
-0.00498118 -0.004875
-0.0050043 -0.0049
-0.00502742 -0.004925
-0.00505054 -0.00495
-0.00507366 -0.004975
-0.00509677 -0.005
-0.00507088 -0.004975
-0.00504498 -0.00495
-0.00501908 -0.004925
-0.00499318 -0.0049
-0.00496728 -0.004875
-0.00494138 -0.00485
-0.00491549 -0.004825
-0.00488959 -0.0048
-0.00486369 -0.004775
-0.00483779 -0.00475
-0.00481189 -0.004725
-0.004786 -0.0047
-0.0047601 -0.004675
-0.0047342 -0.00465
-0.0047083 -0.004625
-0.0046824 -0.0046
-0.0046565 -0.004575
-0.00463061 -0.00455
-0.00460471 -0.004525
-0.00457881 -0.0045
-0.00455291 -0.004475
-0.00452701 -0.00445
-0.00450111 -0.004425
-0.00447522 -0.0044
-0.00444932 -0.004375
-0.00442342 -0.00435
-0.00439752 -0.004325
-0.00437162 -0.0043
-0.00434573 -0.004275
-0.00431983 -0.00425
-0.00429393 -0.004225
-0.00426803 -0.0042
-0.00424213 -0.004175
-0.00421623 -0.00415
-0.00419034 -0.004125
-0.00416444 -0.0041
-0.00413854 -0.004075
-0.00411264 -0.00405
-0.00408674 -0.004025
-0.00406084 -0.004
-0.00403495 -0.003975
-0.00400905 -0.00395
-0.00398315 -0.003925
-0.00395725 -0.0039
-0.00393135 -0.003875
-0.00390545 -0.00385
-0.00387956 -0.003825
-0.00385366 -0.0038
-0.00382776 -0.003775
-0.00380186 -0.00375
-0.00377596 -0.003725
-0.00375007 -0.0037
-0.00372417 -0.003675
-0.00369827 -0.00365
-0.00367237 -0.003625
-0.00364647 -0.0036
-0.00362057 -0.003575
-0.00359468 -0.00355
-0.00356878 -0.003525
-0.00354288 -0.0035
-0.00351698 -0.003475
-0.00349108 -0.00345
-0.00346518 -0.003425
-0.00343929 -0.0034
-0.00341339 -0.003375
-0.00338749 -0.00335
-0.00336159 -0.003325
-0.00333569 -0.0033
-0.0033098 -0.003275
-0.0032839 -0.00325
-0.003258 -0.003225
-0.0032321 -0.0032
-0.0032062 -0.003175
-0.0031803 -0.00315
-0.00315441 -0.003125
-0.00312851 -0.0031
-0.00310261 -0.003075
-0.00307671 -0.00305
-0.00305081 -0.003025
-0.00302491 -0.003
-0.00299902 -0.002975
-0.00297312 -0.00295
-0.00294722 -0.002925
-0.00292132 -0.0029
-0.00289542 -0.002875
-0.00286952 -0.00285
-0.00284363 -0.002825
-0.00281773 -0.0028
-0.00279183 -0.002775
-0.00276593 -0.00275
-0.00274003 -0.002725
-0.00271414 -0.0027
-0.00268824 -0.002675
-0.00266234 -0.00265
-0.00263644 -0.002625
-0.00261054 -0.0026
-0.00258464 -0.002575
-0.00255875 -0.00255
-0.00253285 -0.002525
-0.00250695 -0.0025
-0.00248105 -0.002475
-0.00245515 -0.00245
-0.00242925 -0.002425
-0.00240336 -0.0024
-0.00237746 -0.002375
-0.00235156 -0.00235
-0.00232566 -0.002325
-0.0023 -0.0023
-0.002275 -0.002275
-0.00225 -0.00225
-0.002225 -0.002225
-0.0022 -0.0022
-0.002175 -0.002175
-0.00215 -0.00215
-0.002125 -0.002125
-0.0021 -0.0021
-0.002075 -0.002075
-0.00205 -0.00205
-0.002025 -0.002025
-0.002 -0.002
-0.001975 -0.001975
-0.00195 -0.00195
-0.001925 -0.001925
-0.0019 -0.0019
-0.001875 -0.001875
-0.00185 -0.00185
-0.001825 -0.001825
-0.0018 -0.0018
-0.001775 -0.001775
-0.00175 -0.00175
-0.001725 -0.001725
-0.0017 -0.0017
-0.001675 -0.001675
-0.00165 -0.00165
-0.001625 -0.001625
-0.0016 -0.0016
-0.001575 -0.001575
-0.00155 -0.00155
-0.001525 -0.001525
-0.0015 -0.0015
-0.001475 -0.001475
-0.00145 -0.00145
-0.001425 -0.001425
-0.0014 -0.0014
-0.001375 -0.001375
-0.00135 -0.00135
-0.001325 -0.001325
-0.0013 -0.0013
-0.001275 -0.001275
-0.00125 -0.00125
-0.001225 -0.001225
-0.0012 -0.0012
-0.001175 -0.001175
-0.00115 -0.00115
-0.001125 -0.001125
-0.0011 -0.0011
-0.001075 -0.001075
-0.00105 -0.00105
-0.001025 -0.001025
-0.001 -0.001
-0.000975 -0.000975
-0.00095 -0.00095
-0.000925 -0.000925
-0.0009 -0.0009
-0.000875 -0.000875
-0.00085 -0.00085
-0.000825 -0.000825
-0.0008 -0.0008
-0.000775 -0.000775
-0.00075 -0.00075
-0.000725 -0.000725
-0.0007 -0.0007
-0.000675 -0.000675
-0.00065 -0.00065
-0.000625 -0.000625
-0.0006 -0.0006
-0.000575 -0.000575
-0.00055 -0.00055
-0.000525 -0.000525
-0.0005 -0.0005
-0.000475 -0.000475
-0.00045 -0.00045
-0.000425 -0.000425
-0.0004 -0.0004
-0.000375 -0.000375
-0.00035 -0.00035
-0.000325 -0.000325
-0.0003 -0.0003
-0.000275 -0.000275
-0.00025 -0.00025
-0.000225 -0.000225
-0.0002 -0.0002
-0.000175 -0.000175
-0.00015 -0.00015
-0.000125 -0.000125
-0.0001 -0.0001
-7.5e-05 -7.5e-05
-5e-05 -5e-05
-2.5e-05 -2.5e-05
-6.09864e-20 -6.09864e-20
2.5e-05 2.5e-05
5e-05 5e-05
7.5e-05 7.5e-05
0.0001 0.0001
0.000125 0.000125
0.00015 0.00015
0.000175 0.000175
0.0002 0.0002
0.000225 0.000225
0.00025 0.00025
0.000275 0.000275
0.0003 0.0003
0.000325 0.000325
0.00035 0.00035
0.000375 0.000375
0.0004 0.0004
0.000425 0.000425
0.00045 0.00045
0.000475 0.000475
0.0005 0.0005
0.000475 0.000475
0.00045 0.00045
0.000425 0.000425
0.0004 0.0004
0.000375 0.000375
0.00035 0.00035
0.000325 0.000325
0.0003 0.0003
0.000275 0.000275
0.00025 0.00025
0.000225 0.000225
0.0002 0.0002
0.000175 0.000175
0.00015 0.00015
0.000125 0.000125
0.0001 0.0001
7.5e-05 7.5e-05
5e-05 5e-05
2.5e-05 2.5e-05
-4.74338e-20 -4.74338e-20
-2.5e-05 -2.5e-05
-5e-05 -5e-05
-7.5e-05 -7.5e-05
-0.0001 -0.0001
-0.000125 -0.000125
-0.00015 -0.00015
-0.000175 -0.000175
-0.0002 -0.0002
-0.000225 -0.000225
-0.00025 -0.00025
-0.000275 -0.000275
-0.0003 -0.0003
-0.000325 -0.000325
-0.00035 -0.00035
-0.000375 -0.000375
-0.0004 -0.0004
-0.000425 -0.000425
-0.00045 -0.00045
-0.000475 -0.000475
-0.0005 -0.0005
-0.000525 -0.000525
-0.00055 -0.00055
-0.000575 -0.000575
-0.0006 -0.0006
-0.000625 -0.000625
-0.00065 -0.00065
-0.000675 -0.000675
-0.0007 -0.0007
-0.000725 -0.000725
-0.00075 -0.00075
-0.000775 -0.000775
-0.0008 -0.0008
-0.000825 -0.000825
-0.00085 -0.00085
-0.000875 -0.000875
-0.0009 -0.0009
-0.000925 -0.000925
-0.00095 -0.00095
-0.000975 -0.000975
-0.001 -0.001
-0.001025 -0.001025
-0.00105 -0.00105
-0.001075 -0.001075
-0.0011 -0.0011
-0.001125 -0.001125
-0.00115 -0.00115
-0.001175 -0.001175
-0.0012 -0.0012
-0.001225 -0.001225
-0.00125 -0.00125
-0.001275 -0.001275
-0.0013 -0.0013
-0.001325 -0.001325
-0.00135 -0.00135
-0.001375 -0.001375
-0.0014 -0.0014
-0.001425 -0.001425
-0.00145 -0.00145
-0.001475 -0.001475
-0.0015 -0.0015
-0.001525 -0.001525
-0.00155 -0.00155
-0.001575 -0.001575
-0.0016 -0.0016
-0.001625 -0.001625
-0.00165 -0.00165
-0.001675 -0.001675
-0.0017 -0.0017
-0.001725 -0.001725
-0.00175 -0.00175
-0.001775 -0.001775
-0.0018 -0.0018
-0.001825 -0.001825
-0.00185 -0.00185
-0.001875 -0.001875
-0.0019 -0.0019
-0.001925 -0.001925
-0.00195 -0.00195
-0.001975 -0.001975
-0.002 -0.002
-0.002025 -0.002025
-0.00205 -0.00205
-0.002075 -0.002075
-0.0021 -0.0021
-0.002125 -0.002125
-0.00215 -0.00215
-0.002175 -0.002175
-0.0022 -0.0022
-0.002225 -0.002225
-0.00225 -0.00225
-0.002275 -0.002275
-0.0023 -0.0023
-0.00232566 -0.002325
-0.00235156 -0.00235
-0.00237746 -0.002375
-0.00240336 -0.0024
-0.00242925 -0.002425
-0.00245515 -0.00245
-0.00248105 -0.002475
-0.00250695 -0.0025
-0.00253285 -0.002525
-0.00255875 -0.00255
-0.00258464 -0.002575
-0.00261054 -0.0026
-0.00263644 -0.002625
-0.00266234 -0.00265
-0.00268824 -0.002675
-0.00271414 -0.0027
-0.00274003 -0.002725
-0.00276593 -0.00275
-0.00279183 -0.002775
-0.00281773 -0.0028
-0.00284363 -0.002825
-0.00286952 -0.00285
-0.00289542 -0.002875
-0.00292132 -0.0029
-0.00294722 -0.002925
-0.00297312 -0.00295
-0.00299902 -0.002975
-0.00302491 -0.003
-0.00305081 -0.003025
-0.00307671 -0.00305
-0.00310261 -0.003075
-0.00312851 -0.0031
-0.00315441 -0.003125
-0.0031803 -0.00315
-0.0032062 -0.003175
-0.0032321 -0.0032
-0.003258 -0.003225
-0.0032839 -0.00325
-0.0033098 -0.003275
-0.00333569 -0.0033
-0.00336159 -0.003325
-0.00338749 -0.00335
-0.00341339 -0.003375
-0.00343929 -0.0034
-0.00346518 -0.003425
-0.00349108 -0.00345
-0.00351698 -0.003475
-0.00354288 -0.0035
-0.00356878 -0.003525
-0.00359468 -0.00355
-0.00362057 -0.003575
-0.00364647 -0.0036
-0.00367237 -0.003625
-0.00369827 -0.00365
-0.00372417 -0.003675
-0.00375007 -0.0037
-0.00377596 -0.003725
-0.00380186 -0.00375
-0.00382776 -0.003775
-0.00385366 -0.0038
-0.00387956 -0.003825
-0.00390545 -0.00385
-0.00393135 -0.003875
-0.00395725 -0.0039
-0.00398315 -0.003925
-0.00400905 -0.00395
-0.00403495 -0.003975
-0.00406084 -0.004
-0.00408674 -0.004025
-0.00411264 -0.00405
-0.00413854 -0.004075
-0.00416444 -0.0041
-0.00419034 -0.004125
-0.00421623 -0.00415
-0.00424213 -0.004175
-0.00426803 -0.0042
-0.00429393 -0.004225
-0.00431983 -0.00425
-0.00434573 -0.004275
-0.00437162 -0.0043
-0.00439752 -0.004325
-0.00442342 -0.00435
-0.00444932 -0.004375
-0.00447522 -0.0044
-0.00450111 -0.004425
-0.00452701 -0.00445
-0.00455291 -0.004475
-0.00457881 -0.0045
-0.00460471 -0.004525
-0.00463061 -0.00455
-0.0046565 -0.004575
-0.0046824 -0.0046
-0.0047083 -0.004625
-0.0047342 -0.00465
-0.0047601 -0.004675
-0.004786 -0.0047
-0.00481189 -0.004725
-0.00483779 -0.00475
-0.00486369 -0.004775
-0.00488959 -0.0048
-0.00491549 -0.004825
-0.00494138 -0.00485
-0.00496728 -0.004875
-0.00499318 -0.0049
-0.00501908 -0.004925
-0.00504498 -0.00495
-0.00507088 -0.004975
-0.00509677 -0.005
-0.00511989 -0.005025
-0.00514301 -0.00505
-0.00516613 -0.005075
-0.00518925 -0.0051
-0.00521237 -0.005125
-0.00523548 -0.00515
-0.0052586 -0.005175
-0.00528172 -0.0052
-0.00530484 -0.005225
-0.00532796 -0.00525
-0.00535108 -0.005275
-0.00537419 -0.0053
-0.00539731 -0.005325
-0.00542043 -0.00535
-0.00544355 -0.005375
-0.00546667 -0.0054
-0.00548978 -0.005425
-0.0055129 -0.00545
-0.00553602 -0.005475
-0.00555914 -0.0055
-0.00558226 -0.005525
-0.00560538 -0.00555
-0.00562849 -0.005575
-0.00565161 -0.0056
-0.00567473 -0.005625
-0.00569785 -0.00565
-0.00572097 -0.005675
-0.00574409 -0.0057
-0.0057672 -0.005725
-0.00579032 -0.00575
-0.00581344 -0.005775
-0.00583656 -0.0058
-0.00585968 -0.005825
-0.0058828 -0.00585
-0.00590591 -0.005875
-0.00592903 -0.0059
-0.00595215 -0.005925
-0.00597527 -0.00595
-0.00599839 -0.005975
-0.00602151 -0.006
-0.006045 -0.006025
-0.00607 -0.00605
-0.006095 -0.006075
-0.00612 -0.0061
-0.006145 -0.006125
-0.00617 -0.00615
-0.006195 -0.006175
-0.00622 -0.0062
-0.006245 -0.006225
-0.00627 -0.00625
-0.00624484 -0.006225
-0.00621968 -0.0062
-0.00619453 -0.006175
-0.00616937 -0.00615
-0.00614421 -0.006125
-0.00611905 -0.0061
-0.0060939 -0.006075
-0.00606874 -0.00605
-0.00604358 -0.006025
-0.00601842 -0.006
-0.00599326 -0.005975
-0.00596811 -0.00595
-0.00594295 -0.005925
-0.00591779 -0.0059
-0.00589263 -0.005875
-0.00586747 -0.00585
-0.00584232 -0.005825
-0.00581716 -0.0058
-0.005792 -0.005775
-0.00576684 -0.00575
-0.00574169 -0.005725
-0.00571653 -0.0057
-0.00569137 -0.005675
-0.00566621 -0.00565
-0.00564105 -0.005625
-0.0056159 -0.0056
-0.00559074 -0.005575
-0.00556558 -0.00555
-0.00554042 -0.005525
-0.00551527 -0.0055
-0.00549011 -0.005475
-0.00546495 -0.00545
-0.00543979 -0.005425
-0.00541463 -0.0054
-0.00538948 -0.005375
-0.00536432 -0.00535
-0.00533916 -0.005325
-0.005314 -0.0053
-0.00528884 -0.005275
-0.00526369 -0.00525
-0.00523853 -0.005225
-0.00521337 -0.0052
-0.00518821 -0.005175
-0.00516306 -0.00515
-0.0051379 -0.005125
-0.00511274 -0.0051
-0.00508758 -0.005075
-0.00506242 -0.00505
-0.00503727 -0.005025
-0.00501211 -0.005
-0.00498695 -0.004975
-0.00496179 -0.00495
-0.00493664 -0.004925
-0.00491148 -0.0049
-0.00488632 -0.004875
-0.00486116 -0.00485
-0.004836 -0.004825
-0.00481085 -0.0048
-0.00478569 -0.004775
-0.00476053 -0.00475
-0.00473537 -0.004725
-0.00471021 -0.0047
-0.00468506 -0.004675
-0.0046599 -0.00465
-0.00463474 -0.004625
-0.00460958 -0.0046
-0.00458443 -0.004575
-0.00455927 -0.00455
-0.00453411 -0.004525
-0.00450895 -0.0045
-0.00448379 -0.004475
-0.00445864 -0.00445
-0.00443348 -0.004425
-0.00440832 -0.0044
-0.00438316 -0.004375
-0.00435801 -0.00435
-0.00433285 -0.004325
-0.00430769 -0.0043
-0.00428253 -0.004275
-0.00425737 -0.00425
-0.00423222 -0.004225
-0.00420706 -0.0042
-0.0041819 -0.004175
-0.00415674 -0.00415
-0.00413158 -0.004125
-0.00410643 -0.0041
-0.00408127 -0.004075
-0.00405611 -0.00405
-0.00403095 -0.004025
-0.0040058 -0.004
-0.00398064 -0.003975
-0.00395548 -0.00395
-0.00393032 -0.003925
-0.00390516 -0.0039
-0.00388001 -0.003875
-0.00385485 -0.00385
-0.00382969 -0.003825
-0.00380453 -0.0038
-0.00377937 -0.003775
-0.00375422 -0.00375
-0.00372906 -0.003725
-0.0037039 -0.0037
-0.00367874 -0.003675
-0.00365359 -0.00365
-0.00362843 -0.003625
-0.00360327 -0.0036
-0.00357811 -0.003575
-0.00355295 -0.00355
-0.0035278 -0.003525
-0.00350264 -0.0035
-0.00347748 -0.003475
-0.00345232 -0.00345
-0.00342717 -0.003425
-0.00340201 -0.0034
-0.00337685 -0.003375
-0.00335169 -0.00335
-0.00332653 -0.003325
-0.00330138 -0.0033
-0.00327622 -0.003275
-0.00325106 -0.00325
-0.0032259 -0.003225
-0.00320074 -0.0032
-0.00317559 -0.003175
-0.00315043 -0.00315
-0.00312527 -0.003125
-0.00310011 -0.0031
-0.003075 -0.003075
-0.00305 -0.00305
-0.003025 -0.003025
-0.003 -0.003
-0.002975 -0.002975
-0.00295 -0.00295
-0.002925 -0.002925
-0.0029 -0.0029
-0.002875 -0.002875
-0.00285 -0.00285
-0.002825 -0.002825
-0.0028 -0.0028
-0.002775 -0.002775
-0.00275 -0.00275
-0.002725 -0.002725
-0.0027 -0.0027
-0.002675 -0.002675
-0.00265 -0.00265
-0.002625 -0.002625
-0.0026 -0.0026
-0.002575 -0.002575
-0.00255 -0.00255
-0.002525 -0.002525
-0.0025 -0.0025
-0.002475 -0.002475
-0.00245 -0.00245
-0.002425 -0.002425
-0.0024 -0.0024
-0.002375 -0.002375
-0.00235 -0.00235
-0.002325 -0.002325
-0.0023 -0.0023
-0.002275 -0.002275
-0.00225 -0.00225
-0.002225 -0.002225
-0.0022 -0.0022
-0.002175 -0.002175
-0.00215 -0.00215
-0.002125 -0.002125
-0.0021 -0.0021
-0.002075 -0.002075
-0.00205 -0.00205
-0.002025 -0.002025
-0.002 -0.002
-0.001975 -0.001975
-0.00195 -0.00195
-0.001925 -0.001925
-0.0019 -0.0019
-0.001875 -0.001875
-0.00185 -0.00185
-0.001825 -0.001825
-0.0018 -0.0018
-0.001775 -0.001775
-0.00175 -0.00175
-0.001725 -0.001725
-0.0017 -0.0017
-0.001675 -0.001675
-0.00165 -0.00165
-0.001625 -0.001625
-0.0016 -0.0016
-0.001575 -0.001575
-0.00155 -0.00155
-0.001525 -0.001525
-0.0015 -0.0015
-0.001475 -0.001475
-0.00145 -0.00145
-0.001425 -0.001425
-0.0014 -0.0014
-0.001375 -0.001375
-0.00135 -0.00135
-0.001325 -0.001325
-0.0013 -0.0013
-0.001275 -0.001275
-0.00125 -0.00125
-0.001225 -0.001225
-0.0012 -0.0012
-0.001175 -0.001175
-0.00115 -0.00115
-0.001125 -0.001125
-0.0011 -0.0011
-0.001075 -0.001075
-0.00105 -0.00105
-0.001025 -0.001025
-0.001 -0.001
-0.000975 -0.000975
-0.00095 -0.00095
-0.000925 -0.000925
-0.0009 -0.0009
-0.000875 -0.000875
-0.00085 -0.00085
-0.000825 -0.000825
-0.0008 -0.0008
-0.000775 -0.000775
-0.00075 -0.00075
-0.000725 -0.000725
-0.0007 -0.0007
-0.000675 -0.000675
-0.00065 -0.00065
-0.000625 -0.000625
-0.0006 -0.0006
-0.000575 -0.000575
-0.00055 -0.00055
-0.000525 -0.000525
-0.0005 -0.0005
-0.000475 -0.000475
-0.00045 -0.00045
-0.000425 -0.000425
-0.0004 -0.0004
-0.000375 -0.000375
-0.00035 -0.00035
-0.000325 -0.000325
-0.0003 -0.0003
-0.000275 -0.000275
-0.00025 -0.00025
-0.000225 -0.000225
-0.0002 -0.0002
-0.000175 -0.000175
-0.00015 -0.00015
-0.000125 -0.000125
-0.0001 -0.0001
-7.5e-05 -7.5e-05
-5e-05 -5e-05
-2.5e-05 -2.5e-05
-6.09864e-20 -6.09864e-20
2.5e-05 2.5e-05
5e-05 5e-05
7.5e-05 7.5e-05
0.0001 0.0001
0.000125 0.000125
0.00015 0.00015
0.000175 0.000175
0.0002 0.0002
0.000225 0.000225
0.00025 0.00025
0.000275 0.000275
0.0003 0.0003
0.000325 0.000325
0.00035 0.00035
0.000375 0.000375
0.0004 0.0004
0.000425 0.000425
0.00045 0.00045
0.000475 0.000475
0.0005 0.0005
0.000525 0.000525
0.00055 0.00055
0.000575 0.000575
0.0006 0.0006
0.000625 0.000625
0.0006 0.0006
0.000575 0.000575
0.00055 0.00055
0.000525 0.000525
0.0005 0.0005
0.000475 0.000475
0.00045 0.00045
0.000425 0.000425
0.0004 0.0004
0.000375 0.000375
0.00035 0.00035
0.000325 0.000325
0.0003 0.0003
0.000275 0.000275
0.00025 0.00025
0.000225 0.000225
0.0002 0.0002
0.000175 0.000175
0.00015 0.00015
0.000125 0.000125
0.0001 0.0001
7.5e-05 7.5e-05
5e-05 5e-05
2.5e-05 2.5e-05
-4.74338e-20 -4.74338e-20
-2.5e-05 -2.5e-05
-5e-05 -5e-05
-7.5e-05 -7.5e-05
-0.0001 -0.0001
-0.000125 -0.000125
-0.00015 -0.00015
-0.000175 -0.000175
-0.0002 -0.0002
-0.000225 -0.000225
-0.00025 -0.00025
-0.000275 -0.000275
-0.0003 -0.0003
-0.000325 -0.000325
-0.00035 -0.00035
-0.000375 -0.000375
-0.0004 -0.0004
-0.000425 -0.000425
-0.00045 -0.00045
-0.000475 -0.000475
-0.0005 -0.0005
-0.000525 -0.000525
-0.00055 -0.00055
-0.000575 -0.000575
-0.0006 -0.0006
-0.000625 -0.000625
-0.00065 -0.00065
-0.000675 -0.000675
-0.0007 -0.0007
-0.000725 -0.000725
-0.00075 -0.00075
-0.000775 -0.000775
-0.0008 -0.0008
-0.000825 -0.000825
-0.00085 -0.00085
-0.000875 -0.000875
-0.0009 -0.0009
-0.000925 -0.000925
-0.00095 -0.00095
-0.000975 -0.000975
-0.001 -0.001
-0.001025 -0.001025
-0.00105 -0.00105
-0.001075 -0.001075
-0.0011 -0.0011
-0.001125 -0.001125
-0.00115 -0.00115
-0.001175 -0.001175
-0.0012 -0.0012
-0.001225 -0.001225
-0.00125 -0.00125
-0.001275 -0.001275
-0.0013 -0.0013
-0.001325 -0.001325
-0.00135 -0.00135
-0.001375 -0.001375
-0.0014 -0.0014
-0.001425 -0.001425
-0.00145 -0.00145
-0.001475 -0.001475
-0.0015 -0.0015
-0.001525 -0.001525
-0.00155 -0.00155
-0.001575 -0.001575
-0.0016 -0.0016
-0.001625 -0.001625
-0.00165 -0.00165
-0.001675 -0.001675
-0.0017 -0.0017
-0.001725 -0.001725
-0.00175 -0.00175
-0.001775 -0.001775
-0.0018 -0.0018
-0.001825 -0.001825
-0.00185 -0.00185
-0.001875 -0.001875
-0.0019 -0.0019
-0.001925 -0.001925
-0.00195 -0.00195
-0.001975 -0.001975
-0.002 -0.002
-0.002025 -0.002025
-0.00205 -0.00205
-0.002075 -0.002075
-0.0021 -0.0021
-0.002125 -0.002125
-0.00215 -0.00215
-0.002175 -0.002175
-0.0022 -0.0022
-0.002225 -0.002225
-0.00225 -0.00225
-0.002275 -0.002275
-0.0023 -0.0023
-0.002325 -0.002325
-0.00235 -0.00235
-0.002375 -0.002375
-0.0024 -0.0024
-0.002425 -0.002425
-0.00245 -0.00245
-0.002475 -0.002475
-0.0025 -0.0025
-0.002525 -0.002525
-0.00255 -0.00255
-0.002575 -0.002575
-0.0026 -0.0026
-0.002625 -0.002625
-0.00265 -0.00265
-0.002675 -0.002675
-0.0027 -0.0027
-0.002725 -0.002725
-0.00275 -0.00275
-0.002775 -0.002775
-0.0028 -0.0028
-0.002825 -0.002825
-0.00285 -0.00285
-0.002875 -0.002875
-0.0029 -0.0029
-0.002925 -0.002925
-0.00295 -0.00295
-0.002975 -0.002975
-0.003 -0.003
-0.003025 -0.003025
-0.00305 -0.00305
-0.003075 -0.003075
-0.00310011 -0.0031
-0.00312527 -0.003125
-0.00315043 -0.00315
-0.00317559 -0.003175
-0.00320074 -0.0032
-0.0032259 -0.003225
-0.00325106 -0.00325
-0.00327622 -0.003275
-0.00330138 -0.0033
-0.00332653 -0.003325
-0.00335169 -0.00335
-0.00337685 -0.003375
-0.00340201 -0.0034
-0.00342717 -0.003425
-0.00345232 -0.00345
-0.00347748 -0.003475
-0.00350264 -0.0035
-0.0035278 -0.003525
-0.00355295 -0.00355
-0.00357811 -0.003575
-0.00360327 -0.0036
-0.00362843 -0.003625
-0.00365359 -0.00365
-0.00367874 -0.003675
-0.0037039 -0.0037
-0.00372906 -0.003725
-0.00375422 -0.00375
-0.00377937 -0.003775
-0.00380453 -0.0038
-0.00382969 -0.003825
-0.00385485 -0.00385
-0.00388001 -0.003875
-0.00390516 -0.0039
-0.00393032 -0.003925
-0.00395548 -0.00395
-0.00398064 -0.003975
-0.0040058 -0.004
-0.00403095 -0.004025
-0.00405611 -0.00405
-0.00408127 -0.004075
-0.00410643 -0.0041
-0.00413158 -0.004125
-0.00415674 -0.00415
-0.0041819 -0.004175
-0.00420706 -0.0042
-0.00423222 -0.004225
-0.00425737 -0.00425
-0.00428253 -0.004275
-0.00430769 -0.0043
-0.00433285 -0.004325
-0.00435801 -0.00435
-0.00438316 -0.004375
-0.00440832 -0.0044
-0.00443348 -0.004425
-0.00445864 -0.00445
-0.00448379 -0.004475
-0.00450895 -0.0045
-0.00453411 -0.004525
-0.00455927 -0.00455
-0.00458443 -0.004575
-0.00460958 -0.0046
-0.00463474 -0.004625
-0.0046599 -0.00465
-0.00468506 -0.004675
-0.00471021 -0.0047
-0.00473537 -0.004725
-0.00476053 -0.00475
-0.00478569 -0.004775
-0.00481085 -0.0048
-0.004836 -0.004825
-0.00486116 -0.00485
-0.00488632 -0.004875
-0.00491148 -0.0049
-0.00493664 -0.004925
-0.00496179 -0.00495
-0.00498695 -0.004975
-0.00501211 -0.005
-0.00503727 -0.005025
-0.00506242 -0.00505
-0.00508758 -0.005075
-0.00511274 -0.0051
-0.0051379 -0.005125
-0.00516306 -0.00515
-0.00518821 -0.005175
-0.00521337 -0.0052
-0.00523853 -0.005225
-0.00526369 -0.00525
-0.00528884 -0.005275
-0.005314 -0.0053
-0.00533916 -0.005325
-0.00536432 -0.00535
-0.00538948 -0.005375
-0.00541463 -0.0054
-0.00543979 -0.005425
-0.00546495 -0.00545
-0.00549011 -0.005475
-0.00551527 -0.0055
-0.00554042 -0.005525
-0.00556558 -0.00555
-0.00559074 -0.005575
-0.0056159 -0.0056
-0.00564105 -0.005625
-0.00566621 -0.00565
-0.00569137 -0.005675
-0.00571653 -0.0057
-0.00574169 -0.005725
-0.00576684 -0.00575
-0.005792 -0.005775
-0.00581716 -0.0058
-0.00584232 -0.005825
-0.00586747 -0.00585
-0.00589263 -0.005875
-0.00591779 -0.0059
-0.00594295 -0.005925
-0.00596811 -0.00595
-0.00599326 -0.005975
-0.00601842 -0.006
-0.00604358 -0.006025
-0.00606874 -0.00605
-0.0060939 -0.006075
-0.00611905 -0.0061
-0.00614421 -0.006125
-0.00616937 -0.00615
-0.00619453 -0.006175
-0.00621968 -0.0062
-0.00624484 -0.006225
-0.00627 -0.00625
-0.006295 -0.006275
-0.00632 -0.0063
-0.006345 -0.006325
-0.00637 -0.00635
-0.006395 -0.006375
-0.00642 -0.0064
-0.006445 -0.006425
-0.00647 -0.00645
-0.006495 -0.006475
-0.00652 -0.0065
-0.006545 -0.006525
-0.00657 -0.00655
-0.006595 -0.006575
-0.00662 -0.0066
-0.006645 -0.006625
-0.00667 -0.00665
-0.006695 -0.006675
-0.00672 -0.0067
-0.006745 -0.006725
-0.00677 -0.00675
-0.006795 -0.006775
-0.00682 -0.0068
-0.006845 -0.006825
-0.00687 -0.00685
-0.006895 -0.006875
-0.00692 -0.0069
-0.006945 -0.006925
-0.00697 -0.00695
-0.006995 -0.006975
-0.00702 -0.007
-0.007045 -0.007025
-0.00707 -0.00705
-0.007095 -0.007075
-0.00712 -0.0071
-0.007145 -0.007125
-0.00717 -0.00715
-0.007195 -0.007175
-0.00722 -0.0072
-0.007245 -0.007225
-0.00727 -0.00725
-0.007295 -0.007275
-0.00732 -0.0073
-0.007345 -0.007325
-0.00737 -0.00735
-0.007395 -0.007375
-0.00742 -0.0074
-0.007445 -0.007425
-0.00747 -0.00745
-0.007495 -0.007475
-0.00752 -0.0075
-0.00749489 -0.007475
-0.00746977 -0.00745
-0.00744466 -0.007425
-0.00741955 -0.0074
-0.00739443 -0.007375
-0.00736932 -0.00735
-0.00734421 -0.007325
-0.00731909 -0.0073
-0.00729398 -0.007275
-0.00726887 -0.00725
-0.00724376 -0.007225
-0.00721864 -0.0072
-0.00719353 -0.007175
-0.00716842 -0.00715
-0.0071433 -0.007125
-0.00711819 -0.0071
-0.00709308 -0.007075
-0.00706796 -0.00705
-0.00704285 -0.007025
-0.00701774 -0.007
-0.00699262 -0.006975
-0.00696751 -0.00695
-0.0069424 -0.006925
-0.00691728 -0.0069
-0.00689217 -0.006875
-0.00686706 -0.00685
-0.00684194 -0.006825
-0.00681683 -0.0068
-0.00679172 -0.006775
-0.0067666 -0.00675
-0.00674149 -0.006725
-0.00671638 -0.0067
-0.00669127 -0.006675
-0.00666615 -0.00665
-0.00664104 -0.006625
-0.00661593 -0.0066
-0.00659081 -0.006575
-0.0065657 -0.00655
-0.00654059 -0.006525
-0.00651547 -0.0065
-0.00649036 -0.006475
-0.00646525 -0.00645
-0.00644013 -0.006425
-0.00641502 -0.0064
-0.00638991 -0.006375
-0.00636479 -0.00635
-0.00633968 -0.006325
-0.00631457 -0.0063
-0.00628945 -0.006275
-0.00626434 -0.00625
-0.00623923 -0.006225
-0.00621411 -0.0062
-0.006189 -0.006175
-0.00616389 -0.00615
-0.00613878 -0.006125
-0.00611366 -0.0061
-0.00608855 -0.006075
-0.00606344 -0.00605
-0.00603832 -0.006025
-0.00601321 -0.006
-0.0059881 -0.005975
-0.00596298 -0.00595
-0.00593787 -0.005925
-0.00591276 -0.0059
-0.00588764 -0.005875
-0.00586253 -0.00585
-0.00583742 -0.005825
-0.0058123 -0.0058
-0.00578719 -0.005775
-0.00576208 -0.00575
-0.00573696 -0.005725
-0.00571185 -0.0057
-0.00568674 -0.005675
-0.00566163 -0.00565
-0.00563651 -0.005625
-0.0056114 -0.0056
-0.00558629 -0.005575
-0.00556117 -0.00555
-0.00553606 -0.005525
-0.00551095 -0.0055
-0.00548583 -0.005475
-0.00546072 -0.00545
-0.00543561 -0.005425
-0.00541049 -0.0054
-0.00538538 -0.005375
-0.00536027 -0.00535
-0.00533515 -0.005325
-0.00531004 -0.0053
-0.00528493 -0.005275
-0.00525981 -0.00525
-0.0052347 -0.005225
-0.00520959 -0.0052
-0.00518447 -0.005175
-0.00515936 -0.00515
-0.00513425 -0.005125
-0.00510914 -0.0051
-0.00508402 -0.005075
-0.00505891 -0.00505
-0.0050338 -0.005025
-0.00500868 -0.005
-0.00498357 -0.004975
-0.00495846 -0.00495
-0.00493334 -0.004925
-0.00490823 -0.0049
-0.00488312 -0.004875
-0.004858 -0.00485
-0.00483289 -0.004825
-0.00480778 -0.0048
-0.00478266 -0.004775
-0.00475755 -0.00475
-0.00473244 -0.004725
-0.00470732 -0.0047
-0.00468221 -0.004675
-0.0046571 -0.00465
-0.00463199 -0.004625
-0.00460687 -0.0046
-0.00458176 -0.004575
-0.00455665 -0.00455
-0.00453153 -0.004525
-0.00450642 -0.0045
-0.00448131 -0.004475
-0.00445619 -0.00445
-0.00443108 -0.004425
-0.00440597 -0.0044
-0.00438085 -0.004375
-0.00435574 -0.00435
-0.00433063 -0.004325
-0.00430551 -0.0043
-0.0042804 -0.004275
-0.00425529 -0.00425
-0.00423017 -0.004225
-0.00420506 -0.0042
-0.00417995 -0.004175
-0.00415483 -0.00415
-0.00412972 -0.004125
-0.00410461 -0.0041
-0.0040795 -0.004075
-0.00405438 -0.00405
-0.00402927 -0.004025
-0.00400416 -0.004
-0.00397904 -0.003975
-0.00395393 -0.00395
-0.00392882 -0.003925
-0.0039037 -0.0039
-0.00387859 -0.003875
-0.00385348 -0.00385
-0.00382836 -0.003825
-0.00380325 -0.0038
-0.00377814 -0.003775
-0.00375302 -0.00375
-0.00372791 -0.003725
-0.0037028 -0.0037
-0.00367768 -0.003675
-0.00365257 -0.00365
-0.00362746 -0.003625
-0.00360234 -0.0036
-0.00357723 -0.003575
-0.00355212 -0.00355
-0.00352701 -0.003525
-0.00350189 -0.0035
-0.00347678 -0.003475
-0.00345167 -0.00345
-0.00342655 -0.003425
-0.00340144 -0.0034
-0.00337633 -0.003375
-0.00335121 -0.00335
-0.0033261 -0.003325
-0.00330099 -0.0033
-0.00327587 -0.003275
-0.00325076 -0.00325
-0.00322565 -0.003225
-0.00320053 -0.0032
-0.00317542 -0.003175
-0.00315031 -0.00315
-0.00312519 -0.003125
-0.00310008 -0.0031
-0.003075 -0.003075
-0.00305 -0.00305
-0.003025 -0.003025
-0.003 -0.003
-0.002975 -0.002975
-0.00295 -0.00295
-0.002925 -0.002925
-0.0029 -0.0029
-0.002875 -0.002875
-0.00285 -0.00285
-0.002825 -0.002825
-0.0028 -0.0028
-0.002775 -0.002775
-0.00275 -0.00275
-0.002725 -0.002725
-0.0027 -0.0027
-0.002675 -0.002675
-0.00265 -0.00265
-0.002625 -0.002625
-0.0026 -0.0026
-0.002575 -0.002575
-0.00255 -0.00255
-0.002525 -0.002525
-0.0025 -0.0025
-0.002475 -0.002475
-0.00245 -0.00245
-0.002425 -0.002425
-0.0024 -0.0024
-0.002375 -0.002375
-0.00235 -0.00235
-0.002325 -0.002325
-0.0023 -0.0023
-0.002275 -0.002275
-0.00225 -0.00225
-0.002225 -0.002225
-0.0022 -0.0022
-0.002175 -0.002175
-0.00215 -0.00215
-0.002125 -0.002125
-0.0021 -0.0021
-0.002075 -0.002075
-0.00205 -0.00205
-0.002025 -0.002025
-0.002 -0.002
-0.001975 -0.001975
-0.00195 -0.00195
-0.001925 -0.001925
-0.0019 -0.0019
-0.001875 -0.001875
-0.00185 -0.00185
-0.001825 -0.001825
-0.0018 -0.0018
-0.001775 -0.001775
-0.00175 -0.00175
-0.001725 -0.001725
-0.0017 -0.0017
-0.001675 -0.001675
-0.00165 -0.00165
-0.001625 -0.001625
-0.0016 -0.0016
-0.001575 -0.001575
-0.00155 -0.00155
-0.001525 -0.001525
-0.0015 -0.0015
-0.001475 -0.001475
-0.00145 -0.00145
-0.001425 -0.001425
-0.0014 -0.0014
-0.001375 -0.001375
-0.00135 -0.00135
-0.001325 -0.001325
-0.0013 -0.0013
-0.001275 -0.001275
-0.00125 -0.00125
-0.001225 -0.001225
-0.0012 -0.0012
-0.001175 -0.001175
-0.00115 -0.00115
-0.001125 -0.001125
-0.0011 -0.0011
-0.001075 -0.001075
-0.00105 -0.00105
-0.001025 -0.001025
-0.001 -0.001
-0.000975 -0.000975
-0.00095 -0.00095
-0.000925 -0.000925
-0.0009 -0.0009
-0.000875 -0.000875
-0.00085 -0.00085
-0.000825 -0.000825
-0.0008 -0.0008
-0.000775 -0.000775
-0.00075 -0.00075
-0.000725 -0.000725
-0.0007 -0.0007
-0.000675 -0.000675
-0.00065 -0.00065
-0.000625 -0.000625
-0.0006 -0.0006
-0.000575 -0.000575
-0.00055 -0.00055
-0.000525 -0.000525
-0.0005 -0.0005
-0.000475 -0.000475
-0.00045 -0.00045
-0.000425 -0.000425
-0.0004 -0.0004
-0.000375 -0.000375
-0.00035 -0.00035
-0.000325 -0.000325
-0.0003 -0.0003
-0.000275 -0.000275
-0.00025 -0.00025
-0.000225 -0.000225
-0.0002 -0.0002
-0.000175 -0.000175
-0.00015 -0.00015
-0.000125 -0.000125
-0.0001 -0.0001
-7.5e-05 -7.5e-05
-5e-05 -5e-05
-2.5e-05 -2.5e-05
-6.09864e-20 -6.09864e-20
2.5e-05 2.5e-05
5e-05 5e-05
7.5e-05 7.5e-05
0.0001 0.0001
0.000125 0.000125
0.00015 0.00015
0.000175 0.000175
0.0002 0.0002
0.000225 0.000225
0.00025 0.00025
0.000275 0.000275
0.0003 0.0003
0.000325 0.000325
0.00035 0.00035
0.000375 0.000375
0.0004 0.0004
0.000425 0.000425
0.00045 0.00045
0.000475 0.000475
0.0005 0.0005
0.000525 0.000525
0.00055 0.00055
0.000575 0.000575
0.0006 0.0006
0.000625 0.000625
0.00065 0.00065
0.000675 0.000675
0.0007 0.0007
0.000725 0.000725
0.00075 0.00075
0.000725 0.000725
0.0007 0.0007
0.000675 0.000675
0.00065 0.00065
0.000625 0.000625
0.0006 0.0006
0.000575 0.000575
0.00055 0.00055
0.000525 0.000525
0.0005 0.0005
0.000475 0.000475
0.00045 0.00045
0.000425 0.000425
0.0004 0.0004
0.000375 0.000375
0.00035 0.00035
0.000325 0.000325
0.0003 0.0003
0.000275 0.000275
0.00025 0.00025
0.000225 0.000225
0.0002 0.0002
0.000175 0.000175
0.00015 0.00015
0.000125 0.000125
0.0001 0.0001
7.5e-05 7.5e-05
5e-05 5e-05
2.5e-05 2.5e-05
-4.74338e-20 -4.74338e-20
-2.5e-05 -2.5e-05
-5e-05 -5e-05
-7.5e-05 -7.5e-05
-0.0001 -0.0001
-0.000125 -0.000125
-0.00015 -0.00015
-0.000175 -0.000175
-0.0002 -0.0002
-0.000225 -0.000225
-0.00025 -0.00025
-0.000275 -0.000275
-0.0003 -0.0003
-0.000325 -0.000325
-0.00035 -0.00035
-0.000375 -0.000375
-0.0004 -0.0004
-0.000425 -0.000425
-0.00045 -0.00045
-0.000475 -0.000475
-0.0005 -0.0005
-0.000525 -0.000525
-0.00055 -0.00055
-0.000575 -0.000575
-0.0006 -0.0006
-0.000625 -0.000625
-0.00065 -0.00065
-0.000675 -0.000675
-0.0007 -0.0007
-0.000725 -0.000725
-0.00075 -0.00075
-0.000775 -0.000775
-0.0008 -0.0008
-0.000825 -0.000825
-0.00085 -0.00085
-0.000875 -0.000875
-0.0009 -0.0009
-0.000925 -0.000925
-0.00095 -0.00095
-0.000975 -0.000975
-0.001 -0.001
-0.001025 -0.001025
-0.00105 -0.00105
-0.001075 -0.001075
-0.0011 -0.0011
-0.001125 -0.001125
-0.00115 -0.00115
-0.001175 -0.001175
-0.0012 -0.0012
-0.001225 -0.001225
-0.00125 -0.00125
-0.001275 -0.001275
-0.0013 -0.0013
-0.001325 -0.001325
-0.00135 -0.00135
-0.001375 -0.001375
-0.0014 -0.0014
-0.001425 -0.001425
-0.00145 -0.00145
-0.001475 -0.001475
-0.0015 -0.0015
-0.001525 -0.001525
-0.00155 -0.00155
-0.001575 -0.001575
-0.0016 -0.0016
-0.001625 -0.001625
-0.00165 -0.00165
-0.001675 -0.001675
-0.0017 -0.0017
-0.001725 -0.001725
-0.00175 -0.00175
-0.001775 -0.001775
-0.0018 -0.0018
-0.001825 -0.001825
-0.00185 -0.00185
-0.001875 -0.001875
-0.0019 -0.0019
-0.001925 -0.001925
-0.00195 -0.00195
-0.001975 -0.001975
-0.002 -0.002
-0.002025 -0.002025
-0.00205 -0.00205
-0.002075 -0.002075
-0.0021 -0.0021
-0.002125 -0.002125
-0.00215 -0.00215
-0.002175 -0.002175
-0.0022 -0.0022
-0.002225 -0.002225
-0.00225 -0.00225
-0.002275 -0.002275
-0.0023 -0.0023
-0.002325 -0.002325
-0.00235 -0.00235
-0.002375 -0.002375
-0.0024 -0.0024
-0.002425 -0.002425
-0.00245 -0.00245
-0.002475 -0.002475
-0.0025 -0.0025
-0.002525 -0.002525
-0.00255 -0.00255
-0.002575 -0.002575
-0.0026 -0.0026
-0.002625 -0.002625
-0.00265 -0.00265
-0.002675 -0.002675
-0.0027 -0.0027
-0.002725 -0.002725
-0.00275 -0.00275
-0.002775 -0.002775
-0.0028 -0.0028
-0.002825 -0.002825
-0.00285 -0.00285
-0.002875 -0.002875
-0.0029 -0.0029
-0.002925 -0.002925
-0.00295 -0.00295
-0.002975 -0.002975
-0.003 -0.003
-0.003025 -0.003025
-0.00305 -0.00305
-0.003075 -0.003075
-0.00310008 -0.0031
-0.00312519 -0.003125
-0.00315031 -0.00315
-0.00317542 -0.003175
-0.00320053 -0.0032
-0.00322565 -0.003225
-0.00325076 -0.00325
-0.00327587 -0.003275
-0.00330099 -0.0033
-0.0033261 -0.003325
-0.00335121 -0.00335
-0.00337633 -0.003375
-0.00340144 -0.0034
-0.00342655 -0.003425
-0.00345167 -0.00345
-0.00347678 -0.003475
-0.00350189 -0.0035
-0.00352701 -0.003525
-0.00355212 -0.00355
-0.00357723 -0.003575
-0.00360234 -0.0036
-0.00362746 -0.003625
-0.00365257 -0.00365
-0.00367768 -0.003675
-0.0037028 -0.0037
-0.00372791 -0.003725
-0.00375302 -0.00375
-0.00377814 -0.003775
-0.00380325 -0.0038
-0.00382836 -0.003825
-0.00385348 -0.00385
-0.00387859 -0.003875
-0.0039037 -0.0039
-0.00392882 -0.003925
-0.00395393 -0.00395
-0.00397904 -0.003975
-0.00400416 -0.004
-0.00402927 -0.004025
-0.00405438 -0.00405
-0.0040795 -0.004075
-0.00410461 -0.0041
-0.00412972 -0.004125
-0.00415483 -0.00415
-0.00417995 -0.004175
-0.00420506 -0.0042
-0.00423017 -0.004225
-0.00425529 -0.00425
-0.0042804 -0.004275
-0.00430551 -0.0043
-0.00433063 -0.004325
-0.00435574 -0.00435
-0.00438085 -0.004375
-0.00440597 -0.0044
-0.00443108 -0.004425
-0.00445619 -0.00445
-0.00448131 -0.004475
-0.00450642 -0.0045
-0.00453153 -0.004525
-0.00455665 -0.00455
-0.00458176 -0.004575
-0.00460687 -0.0046
-0.00463199 -0.004625
-0.0046571 -0.00465
-0.00468221 -0.004675
-0.00470732 -0.0047
-0.00473244 -0.004725
-0.00475755 -0.00475
-0.00478266 -0.004775
-0.00480778 -0.0048
-0.00483289 -0.004825
-0.004858 -0.00485
-0.00488312 -0.004875
-0.00490823 -0.0049
-0.00493334 -0.004925
-0.00495846 -0.00495
-0.00498357 -0.004975
-0.00500868 -0.005
-0.0050338 -0.005025
-0.00505891 -0.00505
-0.00508402 -0.005075
-0.00510914 -0.0051
-0.00513425 -0.005125
-0.00515936 -0.00515
-0.00518447 -0.005175
-0.00520959 -0.0052
-0.0052347 -0.005225
-0.00525981 -0.00525
-0.00528493 -0.005275
-0.00531004 -0.0053
-0.00533515 -0.005325
-0.00536027 -0.00535
-0.00538538 -0.005375
-0.00541049 -0.0054
-0.00543561 -0.005425
-0.00546072 -0.00545
-0.00548583 -0.005475
-0.00551095 -0.0055
-0.00553606 -0.005525
-0.00556117 -0.00555
-0.00558629 -0.005575
-0.0056114 -0.0056
-0.00563651 -0.005625
-0.00566163 -0.00565
-0.00568674 -0.005675
-0.00571185 -0.0057
-0.00573696 -0.005725
-0.00576208 -0.00575
-0.00578719 -0.005775
-0.0058123 -0.0058
-0.00583742 -0.005825
-0.00586253 -0.00585
-0.00588764 -0.005875
-0.00591276 -0.0059
-0.00593787 -0.005925
-0.00596298 -0.00595
-0.0059881 -0.005975
-0.00601321 -0.006
-0.00603832 -0.006025
-0.00606344 -0.00605
-0.00608855 -0.006075
-0.00611366 -0.0061
-0.00613878 -0.006125
-0.00616389 -0.00615
-0.006189 -0.006175
-0.00621411 -0.0062
-0.00623923 -0.006225
-0.00626434 -0.00625
-0.00628945 -0.006275
-0.00631457 -0.0063
-0.00633968 -0.006325
-0.00636479 -0.00635
-0.00638991 -0.006375
-0.00641502 -0.0064
-0.00644013 -0.006425
-0.00646525 -0.00645
-0.00649036 -0.006475
-0.00651547 -0.0065
-0.00654059 -0.006525
-0.0065657 -0.00655
-0.00659081 -0.006575
-0.00661593 -0.0066
-0.00664104 -0.006625
-0.00666615 -0.00665
-0.00669127 -0.006675
-0.00671638 -0.0067
-0.00674149 -0.006725
-0.0067666 -0.00675
-0.00679172 -0.006775
-0.00681683 -0.0068
-0.00684194 -0.006825
-0.00686706 -0.00685
-0.00689217 -0.006875
-0.00691728 -0.0069
-0.0069424 -0.006925
-0.00696751 -0.00695
-0.00699262 -0.006975
-0.00701774 -0.007
-0.00704285 -0.007025
-0.00706796 -0.00705
-0.00709308 -0.007075
-0.00711819 -0.0071
-0.0071433 -0.007125
-0.00716842 -0.00715
-0.00719353 -0.007175
-0.00721864 -0.0072
-0.00724376 -0.007225
-0.00726887 -0.00725
-0.00729398 -0.007275
-0.00731909 -0.0073
-0.00734421 -0.007325
-0.00736932 -0.00735
-0.00739443 -0.007375
-0.00741955 -0.0074
-0.00744466 -0.007425
-0.00746977 -0.00745
-0.00749489 -0.007475
-0.00752 -0.0075
-0.007545 -0.007525
-0.00757 -0.00755
-0.007595 -0.007575
-0.00762 -0.0076
-0.007645 -0.007625
-0.00767 -0.00765
-0.007695 -0.007675
-0.00772 -0.0077
-0.007745 -0.007725
-0.00777 -0.00775
-0.007795 -0.007775
-0.00782 -0.0078
-0.007845 -0.007825
-0.00787 -0.00785
-0.007895 -0.007875
-0.00792 -0.0079
-0.007945 -0.007925
-0.00797 -0.00795
-0.007995 -0.007975
-0.00802 -0.008
-0.008045 -0.008025
-0.00807 -0.00805
-0.008095 -0.008075
-0.00812 -0.0081
-0.008145 -0.008125
-0.00817 -0.00815
-0.008195 -0.008175
-0.00822 -0.0082
-0.008245 -0.008225
-0.00827 -0.00825
-0.008295 -0.008275
-0.00832 -0.0083
-0.008345 -0.008325
-0.00837 -0.00835
-0.008395 -0.008375
-0.00842 -0.0084
-0.008445 -0.008425
-0.00847 -0.00845
-0.008495 -0.008475
-0.00852 -0.0085
-0.008545 -0.008525
-0.00857 -0.00855
-0.008595 -0.008575
-0.00862 -0.0086
-0.008645 -0.008625
-0.00867 -0.00865
-0.008695 -0.008675
-0.00872 -0.0087
-0.008745 -0.008725
-0.00877 -0.00875
-0.00874491 -0.008725
-0.00871982 -0.0087
-0.00869474 -0.008675
-0.00866965 -0.00865
-0.00864456 -0.008625
-0.00861947 -0.0086
-0.00859438 -0.008575
-0.00856929 -0.00855
-0.00854421 -0.008525
-0.00851912 -0.0085
-0.00849403 -0.008475
-0.00846894 -0.00845
-0.00844385 -0.008425
-0.00841876 -0.0084
-0.00839368 -0.008375
-0.00836859 -0.00835
-0.0083435 -0.008325
-0.00831841 -0.0083
-0.00829332 -0.008275
-0.00826824 -0.00825
-0.00824315 -0.008225
-0.00821806 -0.0082
-0.00819297 -0.008175
-0.00816788 -0.00815
-0.00814279 -0.008125
-0.00811771 -0.0081
-0.00809262 -0.008075
-0.00806753 -0.00805
-0.00804244 -0.008025
-0.00801735 -0.008
-0.00799227 -0.007975
-0.00796718 -0.00795
-0.00794209 -0.007925
-0.007917 -0.0079
-0.00789191 -0.007875
-0.00786682 -0.00785
-0.00784174 -0.007825
-0.00781665 -0.0078
-0.00779156 -0.007775
-0.00776647 -0.00775
-0.00774138 -0.007725
-0.00771629 -0.0077
-0.00769121 -0.007675
-0.00766612 -0.00765
-0.00764103 -0.007625
-0.00761594 -0.0076
-0.00759085 -0.007575
-0.00756577 -0.00755
-0.00754068 -0.007525
-0.00751559 -0.0075
-0.0074905 -0.007475
-0.00746541 -0.00745
-0.00744032 -0.007425
-0.00741524 -0.0074
-0.00739015 -0.007375
-0.00736506 -0.00735
-0.00733997 -0.007325
-0.00731488 -0.0073
-0.0072898 -0.007275
-0.00726471 -0.00725
-0.00723962 -0.007225
-0.00721453 -0.0072
-0.00718944 -0.007175
-0.00716435 -0.00715
-0.00713927 -0.007125
-0.00711418 -0.0071
-0.00708909 -0.007075
-0.007064 -0.00705
-0.00703891 -0.007025
-0.00701382 -0.007
-0.00698874 -0.006975
-0.00696365 -0.00695
-0.00693856 -0.006925
-0.00691347 -0.0069
-0.00688838 -0.006875
-0.0068633 -0.00685
-0.00683821 -0.006825
-0.00681312 -0.0068
-0.00678803 -0.006775
-0.00676294 -0.00675
-0.00673785 -0.006725
-0.00671277 -0.0067
-0.00668768 -0.006675
-0.00666259 -0.00665
-0.0066375 -0.006625
-0.00661241 -0.0066
-0.00658733 -0.006575
-0.00656224 -0.00655
-0.00653715 -0.006525
-0.00651206 -0.0065
-0.00648697 -0.006475
-0.00646188 -0.00645
-0.0064368 -0.006425
-0.00641171 -0.0064
-0.00638662 -0.006375
-0.00636153 -0.00635
-0.00633644 -0.006325
-0.00631135 -0.0063
-0.00628627 -0.006275
-0.00626118 -0.00625
-0.00623609 -0.006225
-0.006211 -0.0062
-0.00618591 -0.006175
-0.00616083 -0.00615
-0.00613574 -0.006125
-0.00611065 -0.0061
-0.00608556 -0.006075
-0.00606047 -0.00605
-0.00603538 -0.006025
-0.0060103 -0.006
-0.00598521 -0.005975
-0.00596012 -0.00595
-0.00593503 -0.005925
-0.00590994 -0.0059
-0.00588486 -0.005875
-0.00585977 -0.00585
-0.00583468 -0.005825
-0.00580959 -0.0058
-0.0057845 -0.005775
-0.00575941 -0.00575
-0.00573433 -0.005725
-0.00570924 -0.0057
-0.00568415 -0.005675
-0.00565906 -0.00565
-0.00563397 -0.005625
-0.00560888 -0.0056
-0.0055838 -0.005575
-0.00555871 -0.00555
-0.00553362 -0.005525
-0.00550853 -0.0055
-0.00548344 -0.005475
-0.00545836 -0.00545
-0.00543327 -0.005425
-0.00540818 -0.0054
-0.00538309 -0.005375
-0.005358 -0.00535
-0.00533291 -0.005325
-0.00530783 -0.0053
-0.00528274 -0.005275
-0.00525765 -0.00525
-0.00523256 -0.005225
-0.00520747 -0.0052
-0.00518239 -0.005175
-0.0051573 -0.00515
-0.00513221 -0.005125
-0.00510712 -0.0051
-0.00508203 -0.005075
-0.00505694 -0.00505
-0.00503186 -0.005025
-0.00500677 -0.005
-0.00498168 -0.004975
-0.00495659 -0.00495
-0.0049315 -0.004925
-0.00490641 -0.0049
-0.00488133 -0.004875
-0.00485624 -0.00485
-0.00483115 -0.004825
-0.00480606 -0.0048
-0.00478097 -0.004775
-0.00475589 -0.00475
-0.0047308 -0.004725
-0.00470571 -0.0047
-0.00468062 -0.004675
-0.00465553 -0.00465
-0.00463044 -0.004625
-0.00460536 -0.0046
-0.00458027 -0.004575
-0.00455518 -0.00455
-0.00453009 -0.004525
-0.004505 -0.0045
-0.00447992 -0.004475
-0.00445483 -0.00445
-0.00442974 -0.004425
-0.00440465 -0.0044
-0.00437956 -0.004375
-0.00435447 -0.00435
-0.00432939 -0.004325
-0.0043043 -0.0043
-0.00427921 -0.004275
-0.00425412 -0.00425
-0.00422903 -0.004225
-0.00420394 -0.0042
-0.00417886 -0.004175
-0.00415377 -0.00415
-0.00412868 -0.004125
-0.00410359 -0.0041
-0.0040785 -0.004075
-0.00405342 -0.00405
-0.00402833 -0.004025
-0.00400324 -0.004
-0.00397815 -0.003975
-0.00395306 -0.00395
-0.00392797 -0.003925
-0.00390289 -0.0039
-0.0038778 -0.003875
-0.00385271 -0.00385
-0.00382762 -0.003825
-0.00380253 -0.0038
-0.00377745 -0.003775
-0.00375236 -0.00375
-0.00372727 -0.003725
-0.00370218 -0.0037
-0.00367709 -0.003675
-0.003652 -0.00365
-0.00362692 -0.003625
-0.00360183 -0.0036
-0.00357674 -0.003575
-0.00355165 -0.00355
-0.00352656 -0.003525
-0.00350147 -0.0035
-0.00347639 -0.003475
-0.0034513 -0.00345
-0.00342621 -0.003425
-0.00340112 -0.0034
-0.00337603 -0.003375
-0.00335095 -0.00335
-0.00332586 -0.003325
-0.00330077 -0.0033
-0.00327568 -0.003275
-0.00325059 -0.00325
-0.0032255 -0.003225
-0.00320042 -0.0032
-0.00317533 -0.003175
-0.00315024 -0.00315
-0.00312515 -0.003125
-0.00310006 -0.0031
-0.003075 -0.003075
-0.00305 -0.00305
-0.003025 -0.003025
-0.003 -0.003
-0.002975 -0.002975
-0.00295 -0.00295
-0.002925 -0.002925
-0.0029 -0.0029
-0.002875 -0.002875
-0.00285 -0.00285
-0.002825 -0.002825
-0.0028 -0.0028
-0.002775 -0.002775
-0.00275 -0.00275
-0.002725 -0.002725
-0.0027 -0.0027
-0.002675 -0.002675
-0.00265 -0.00265
-0.002625 -0.002625
-0.0026 -0.0026
-0.002575 -0.002575
-0.00255 -0.00255
-0.002525 -0.002525
-0.0025 -0.0025
-0.002475 -0.002475
-0.00245 -0.00245
-0.002425 -0.002425
-0.0024 -0.0024
-0.002375 -0.002375
-0.00235 -0.00235
-0.002325 -0.002325
-0.0023 -0.0023
-0.002275 -0.002275
-0.00225 -0.00225
-0.002225 -0.002225
-0.0022 -0.0022
-0.002175 -0.002175
-0.00215 -0.00215
-0.002125 -0.002125
-0.0021 -0.0021
-0.002075 -0.002075
-0.00205 -0.00205
-0.002025 -0.002025
-0.002 -0.002
-0.001975 -0.001975
-0.00195 -0.00195
-0.001925 -0.001925
-0.0019 -0.0019
-0.001875 -0.001875
-0.00185 -0.00185
-0.001825 -0.001825
-0.0018 -0.0018
-0.001775 -0.001775
-0.00175 -0.00175
-0.001725 -0.001725
-0.0017 -0.0017
-0.001675 -0.001675
-0.00165 -0.00165
-0.001625 -0.001625
-0.0016 -0.0016
-0.001575 -0.001575
-0.00155 -0.00155
-0.001525 -0.001525
-0.0015 -0.0015
-0.001475 -0.001475
-0.00145 -0.00145
-0.001425 -0.001425
-0.0014 -0.0014
-0.001375 -0.001375
-0.00135 -0.00135
-0.001325 -0.001325
-0.0013 -0.0013
-0.001275 -0.001275
-0.00125 -0.00125
-0.001225 -0.001225
-0.0012 -0.0012
-0.001175 -0.001175
-0.00115 -0.00115
-0.001125 -0.001125
-0.0011 -0.0011
-0.001075 -0.001075
-0.00105 -0.00105
-0.001025 -0.001025
-0.001 -0.001
-0.000975 -0.000975
-0.00095 -0.00095
-0.000925 -0.000925
-0.0009 -0.0009
-0.000875 -0.000875
-0.00085 -0.00085
-0.000825 -0.000825
-0.0008 -0.0008
-0.000775 -0.000775
-0.00075 -0.00075
-0.000725 -0.000725
-0.0007 -0.0007
-0.000675 -0.000675
-0.00065 -0.00065
-0.000625 -0.000625
-0.0006 -0.0006
-0.000575 -0.000575
-0.00055 -0.00055
-0.000525 -0.000525
-0.0005 -0.0005
-0.000475 -0.000475
-0.00045 -0.00045
-0.000425 -0.000425
-0.0004 -0.0004
-0.000375 -0.000375
-0.00035 -0.00035
-0.000325 -0.000325
-0.0003 -0.0003
-0.000275 -0.000275
-0.00025 -0.00025
-0.000225 -0.000225
-0.0002 -0.0002
-0.000175 -0.000175
-0.00015 -0.00015
-0.000125 -0.000125
-0.0001 -0.0001
-7.5e-05 -7.5e-05
-5e-05 -5e-05
-2.5e-05 -2.5e-05
-9.28348e-19 -9.28348e-19
2.5e-05 2.5e-05
5e-05 5e-05
7.5e-05 7.5e-05
0.0001 0.0001
0.000125 0.000125
0.00015 0.00015
0.000175 0.000175
0.0002 0.0002
0.000225 0.000225
0.00025 0.00025
0.000275 0.000275
0.0003 0.0003
0.000325 0.000325
0.00035 0.00035
0.000375 0.000375
0.0004 0.0004
0.000425 0.000425
0.00045 0.00045
0.000475 0.000475
0.0005 0.0005
0.000525 0.000525
0.00055 0.00055
0.000575 0.000575
0.0006 0.0006
0.000625 0.000625
0.00065 0.00065
0.000675 0.000675
0.0007 0.0007
0.000725 0.000725
0.00075 0.00075
0.000775 0.000775
0.0008 0.0008
0.000825 0.000825
0.00085 0.00085
0.000875 0.000875
0.00085 0.00085
0.000825 0.000825
0.0008 0.0008
0.000775 0.000775
0.00075 0.00075
0.000725 0.000725
0.0007 0.0007
0.000675 0.000675
0.00065 0.00065
0.000625 0.000625
0.0006 0.0006
0.000575 0.000575
0.00055 0.00055
0.000525 0.000525
0.0005 0.0005
0.000475 0.000475
0.00045 0.00045
0.000425 0.000425
0.0004 0.0004
0.000375 0.000375
0.00035 0.00035
0.000325 0.000325
0.0003 0.0003
0.000275 0.000275
0.00025 0.00025
0.000225 0.000225
0.0002 0.0002
0.000175 0.000175
0.00015 0.00015
0.000125 0.000125
0.0001 0.0001
7.5e-05 7.5e-05
5e-05 5e-05
2.5e-05 2.5e-05
-9.14796e-19 -9.14796e-19
