-2.96401e-05 -2.5e-05
-5.92582e-05 -5e-05
-8.88541e-05 -7.5e-05
-0.000118428 -0.0001
-0.000147979 -0.000125
-0.000177508 -0.00015
-0.000207015 -0.000175
-0.000236499 -0.0002
-0.00026596 -0.000225
-0.000295399 -0.00025
-0.000324815 -0.000275
-0.000354208 -0.0003
-0.000383579 -0.000325
-0.000412926 -0.00035
-0.00044225 -0.000375
-0.000471551 -0.0004
-0.000500829 -0.000425
-0.000530084 -0.00045
-0.000559315 -0.000475
-0.000588523 -0.0005
-0.000617708 -0.000525
-0.000646868 -0.00055
-0.000676005 -0.000575
-0.000705119 -0.0006
-0.000734208 -0.000625
-0.000763274 -0.00065
-0.000792315 -0.000675
-0.000821333 -0.0007
-0.000850326 -0.000725
-0.000879295 -0.00075
-0.00090824 -0.000775
-0.00093716 -0.0008
-0.000966056 -0.000825
-0.000994927 -0.00085
-0.00102377 -0.000875
-0.00105259 -0.0009
-0.00108139 -0.000925
-0.00111016 -0.00095
-0.00113891 -0.000975
-0.00116763 -0.001
-0.00119633 -0.001025
-0.001225 -0.00105
-0.00125365 -0.001075
-0.00128227 -0.0011
-0.00131086 -0.001125
-0.00133943 -0.00115
-0.00136797 -0.001175
-0.00139649 -0.0012
-0.00142498 -0.001225
-0.00145345 -0.00125
-0.0014238 -0.001225
-0.00139415 -0.0012
-0.00136449 -0.001175
-0.00133484 -0.00115
-0.00130519 -0.001125
-0.00127554 -0.0011
-0.00124589 -0.001075
-0.00121624 -0.00105
-0.00118659 -0.001025
-0.00115694 -0.001
-0.00112729 -0.000975
-0.00109763 -0.00095
-0.00106798 -0.000925
-0.00103833 -0.0009
-0.00100868 -0.000875
-0.000979029 -0.00085
-0.000949378 -0.000825
-0.000919727 -0.0008
-0.000890076 -0.000775
-0.000860425 -0.00075
-0.000830774 -0.000725
-0.000801122 -0.0007
-0.000771471 -0.000675
-0.00074182 -0.00065
-0.000712169 -0.000625
-0.000682518 -0.0006
-0.000652867 -0.000575
-0.000623215 -0.00055
-0.000593564 -0.000525
-0.000563913 -0.0005
-0.000534262 -0.000475
-0.000504611 -0.00045
-0.00047496 -0.000425
-0.000445308 -0.0004
-0.000415657 -0.000375
-0.000386006 -0.00035
-0.000356355 -0.000325
-0.000326704 -0.0003
-0.000297053 -0.000275
-0.000267401 -0.00025
-0.00023775 -0.000225
-0.000208099 -0.0002
-0.000178448 -0.000175
-0.00015 -0.00015
-0.000125 -0.000125
-0.0001 -0.0001
-7.5e-05 -7.5e-05
-5e-05 -5e-05
-2.5e-05 -2.5e-05
-6.09864e-20 -6.09864e-20
2.5e-05 2.5e-05
5e-05 5e-05
7.5e-05 7.5e-05
0.0001 0.0001
0.000125 0.000125
0.0001 0.0001
7.5e-05 7.5e-05
5e-05 5e-05
2.5e-05 2.5e-05
-4.74338e-20 -4.74338e-20
-2.5e-05 -2.5e-05
-5e-05 -5e-05
-7.5e-05 -7.5e-05
-0.0001 -0.0001
-0.000125 -0.000125
-0.00015 -0.00015
-0.000178448 -0.000175
-0.000208099 -0.0002
-0.00023775 -0.000225
-0.000267401 -0.00025
-0.000297053 -0.000275
-0.000326704 -0.0003
-0.000356355 -0.000325
-0.000386006 -0.00035
-0.000415657 -0.000375
-0.000445308 -0.0004
-0.00047496 -0.000425
-0.000504611 -0.00045
-0.000534262 -0.000475
-0.000563913 -0.0005
-0.000593564 -0.000525
-0.000623215 -0.00055
-0.000652867 -0.000575
-0.000682518 -0.0006
-0.000712169 -0.000625
-0.00074182 -0.00065
-0.000771471 -0.000675
-0.000801122 -0.0007
-0.000830774 -0.000725
-0.000860425 -0.00075
-0.000890076 -0.000775
-0.000919727 -0.0008
-0.000949378 -0.000825
-0.000979029 -0.00085
-0.00100868 -0.000875
-0.00103833 -0.0009
-0.00106798 -0.000925
-0.00109763 -0.00095
-0.00112729 -0.000975
-0.00115694 -0.001
-0.00118659 -0.001025
-0.00121624 -0.00105
-0.00124589 -0.001075
-0.00127554 -0.0011
-0.00130519 -0.001125
-0.00133484 -0.00115
-0.00136449 -0.001175
-0.00139415 -0.0012
-0.0014238 -0.001225
-0.00145345 -0.00125
-0.00148189 -0.001275
-0.0015103 -0.0013
-0.00153869 -0.001325
-0.00156705 -0.00135
-0.00159538 -0.001375
-0.00162369 -0.0014
-0.00165197 -0.001425
-0.00168022 -0.00145
-0.00170845 -0.001475
-0.00173665 -0.0015
-0.00176482 -0.001525
-0.00179297 -0.00155
-0.00182109 -0.001575
-0.00184918 -0.0016
-0.00187724 -0.001625
-0.00190528 -0.00165
-0.00193328 -0.001675
-0.00196126 -0.0017
-0.00198922 -0.001725
-0.00201714 -0.00175
-0.00204504 -0.001775
-0.0020729 -0.0018
-0.00210074 -0.001825
-0.00212855 -0.00185
-0.00215634 -0.001875
-0.00218409 -0.0019
-0.00221181 -0.001925
-0.00223951 -0.00195
-0.00226718 -0.001975
-0.00229481 -0.002
-0.00232242 -0.002025
-0.00235 -0.00205
-0.00237755 -0.002075
-0.00240507 -0.0021
-0.00243256 -0.002125
-0.00246002 -0.00215
-0.00248745 -0.002175
-0.00251485 -0.0022
-0.00254222 -0.002225
-0.00256956 -0.00225
-0.00259687 -0.002275
-0.00262415 -0.0023
-0.00265139 -0.002325
-0.00267861 -0.00235
-0.0027058 -0.002375
-0.00273295 -0.0024
-0.00276008 -0.002425
-0.00278717 -0.00245
-0.00281423 -0.002475
-0.00284126 -0.0025
-0.00286826 -0.002525
-0.00289522 -0.00255
-0.00292215 -0.002575
-0.00294906 -0.0026
-0.00297593 -0.002625
-0.00300276 -0.00265
-0.00302957 -0.002675
-0.00305634 -0.0027
-0.00308308 -0.002725
-0.00310978 -0.00275
-0.00313646 -0.002775
-0.0031631 -0.0028
-0.0031897 -0.002825
-0.00321628 -0.00285
-0.00324281 -0.002875
-0.00326932 -0.0029
-0.00329579 -0.002925
-0.00332223 -0.00295
-0.00334863 -0.002975
-0.003375 -0.003
-0.00340133 -0.003025
-0.00342763 -0.00305
-0.0034539 -0.003075
-0.00348013 -0.0031
-0.00350632 -0.003125
-0.00353248 -0.00315
-0.0035586 -0.003175
-0.00358469 -0.0032
-0.00361074 -0.003225
-0.00363676 -0.00325
-0.00366274 -0.003275
-0.00368868 -0.0033
-0.00371459 -0.003325
-0.00374046 -0.00335
-0.0037663 -0.003375
-0.00379209 -0.0034
-0.00381785 -0.003425
-0.00384358 -0.00345
-0.00386926 -0.003475
-0.00389491 -0.0035
-0.00392052 -0.003525
-0.00394609 -0.00355
-0.00397162 -0.003575
-0.00399712 -0.0036
-0.00402257 -0.003625
-0.00404799 -0.00365
-0.00407337 -0.003675
-0.00409871 -0.0037
-0.00412401 -0.003725
-0.00414927 -0.00375
-0.00412077 -0.003725
-0.00409227 -0.0037
-0.00406376 -0.003675
-0.00403526 -0.00365
-0.00400676 -0.003625
-0.00397825 -0.0036
-0.00394975 -0.003575
-0.00392125 -0.00355
-0.00389274 -0.003525
-0.00386424 -0.0035
-0.00383574 -0.003475
-0.00380723 -0.00345
-0.00377873 -0.003425
-0.00375023 -0.0034
-0.00372172 -0.003375
-0.00369322 -0.00335
-0.00366472 -0.003325
-0.00363621 -0.0033
-0.00360771 -0.003275
-0.00357921 -0.00325
-0.0035507 -0.003225
-0.0035222 -0.0032
-0.0034937 -0.003175
-0.00346519 -0.00315
-0.00343669 -0.003125
-0.00340819 -0.0031
-0.00337968 -0.003075
-0.00335118 -0.00305
-0.00332268 -0.003025
-0.00329417 -0.003
-0.00326567 -0.002975
-0.00323717 -0.00295
-0.00320866 -0.002925
-0.00318016 -0.0029
-0.00315166 -0.002875
-0.00312315 -0.00285
-0.00309465 -0.002825
-0.00306615 -0.0028
-0.00303764 -0.002775
-0.00300914 -0.00275
-0.00298064 -0.002725
-0.00295213 -0.0027
-0.00292363 -0.002675
-0.00289513 -0.00265
-0.00286662 -0.002625
-0.00283812 -0.0026
-0.00280962 -0.002575
-0.00278111 -0.00255
-0.00275261 -0.002525
-0.00272411 -0.0025
-0.0026956 -0.002475
-0.0026671 -0.00245
-0.0026386 -0.002425
-0.0026101 -0.0024
-0.00258159 -0.002375
-0.00255309 -0.00235
-0.00252459 -0.002325
-0.00249608 -0.0023
-0.00246758 -0.002275
-0.00243908 -0.00225
-0.00241057 -0.002225
-0.00238207 -0.0022
-0.00235357 -0.002175
-0.00232506 -0.00215
-0.00229656 -0.002125
-0.00226806 -0.0021
-0.00223955 -0.002075
-0.00221105 -0.00205
-0.00218255 -0.002025
-0.00215404 -0.002
-0.00212554 -0.001975
-0.00209704 -0.00195
-0.00206853 -0.001925
-0.00204003 -0.0019
-0.00201153 -0.001875
-0.00198302 -0.00185
-0.00195452 -0.001825
-0.00192602 -0.0018
-0.00189751 -0.001775
-0.00186901 -0.00175
-0.00184051 -0.001725
-0.001812 -0.0017
-0.0017835 -0.001675
-0.001755 -0.00165
-0.00172649 -0.001625
-0.00169799 -0.0016
-0.00166949 -0.001575
-0.00164098 -0.00155
-0.00161248 -0.001525
-0.00158398 -0.0015
-0.00155547 -0.001475
-0.00152697 -0.00145
-0.00149847 -0.001425
-0.00146996 -0.0014
-0.00144146 -0.001375
-0.00141296 -0.00135
-0.00138445 -0.001325
-0.00135595 -0.0013
-0.00132745 -0.001275
-0.00129894 -0.00125
-0.00127044 -0.001225
-0.00124194 -0.0012
-0.00121343 -0.001175
-0.00118493 -0.00115
-0.00115643 -0.001125
-0.00112792 -0.0011
-0.00109942 -0.001075
-0.00107092 -0.00105
-0.00104241 -0.001025
-0.00101391 -0.001
-0.000985408 -0.000975
-0.000956904 -0.00095
-0.000928401 -0.000925
-0.0009 -0.0009
-0.000875 -0.000875
-0.00085 -0.00085
-0.000825 -0.000825
-0.0008 -0.0008
-0.000775 -0.000775
-0.00075 -0.00075
-0.000725 -0.000725
-0.0007 -0.0007
-0.000675 -0.000675
-0.00065 -0.00065
-0.000625 -0.000625
-0.0006 -0.0006
-0.000575 -0.000575
-0.00055 -0.00055
-0.000525 -0.000525
-0.0005 -0.0005
-0.000475 -0.000475
-0.00045 -0.00045
-0.000425 -0.000425
-0.0004 -0.0004
-0.000375 -0.000375
-0.00035 -0.00035
-0.000325 -0.000325
-0.0003 -0.0003
-0.000275 -0.000275
-0.00025 -0.00025
-0.000225 -0.000225
-0.0002 -0.0002
-0.000175 -0.000175
-0.00015 -0.00015
-0.000125 -0.000125
-0.0001 -0.0001
-7.5e-05 -7.5e-05
-5e-05 -5e-05
-2.5e-05 -2.5e-05
-6.09864e-20 -6.09864e-20
2.5e-05 2.5e-05
5e-05 5e-05
7.5e-05 7.5e-05
0.0001 0.0001
0.000125 0.000125
0.00015 0.00015
0.000175 0.000175
0.0002 0.0002
0.000225 0.000225
0.00025 0.00025
0.000275 0.000275
0.0003 0.0003
0.000325 0.000325
0.00035 0.00035
0.000375 0.000375
0.00035 0.00035
0.000325 0.000325
0.0003 0.0003
0.000275 0.000275
0.00025 0.00025
0.000225 0.000225
0.0002 0.0002
0.000175 0.000175
0.00015 0.00015
0.000125 0.000125
0.0001 0.0001
7.5e-05 7.5e-05
5e-05 5e-05
2.5e-05 2.5e-05
-4.74338e-20 -4.74338e-20
-2.5e-05 -2.5e-05
-5e-05 -5e-05
-7.5e-05 -7.5e-05
-0.0001 -0.0001
-0.000125 -0.000125
-0.00015 -0.00015
-0.000175 -0.000175
-0.0002 -0.0002
-0.000225 -0.000225
-0.00025 -0.00025
-0.000275 -0.000275
-0.0003 -0.0003
-0.000325 -0.000325
-0.00035 -0.00035
-0.000375 -0.000375
-0.0004 -0.0004
-0.000425 -0.000425
-0.00045 -0.00045
-0.000475 -0.000475
-0.0005 -0.0005
-0.000525 -0.000525
-0.00055 -0.00055
-0.000575 -0.000575
-0.0006 -0.0006
-0.000625 -0.000625
-0.00065 -0.00065
-0.000675 -0.000675
-0.0007 -0.0007
-0.000725 -0.000725
-0.00075 -0.00075
-0.000775 -0.000775
-0.0008 -0.0008
-0.000825 -0.000825
-0.00085 -0.00085
-0.000875 -0.000875
-0.0009 -0.0009
-0.000928401 -0.000925
-0.000956904 -0.00095
-0.000985408 -0.000975
-0.00101391 -0.001
-0.00104241 -0.001025
-0.00107092 -0.00105
-0.00109942 -0.001075
-0.00112792 -0.0011
-0.00115643 -0.001125
-0.00118493 -0.00115
-0.00121343 -0.001175
-0.00124194 -0.0012
-0.00127044 -0.001225
-0.00129894 -0.00125
-0.00132745 -0.001275
-0.00135595 -0.0013
-0.00138445 -0.001325
-0.00141296 -0.00135
-0.00144146 -0.001375
-0.00146996 -0.0014
-0.00149847 -0.001425
-0.00152697 -0.00145
-0.00155547 -0.001475
-0.00158398 -0.0015
-0.00161248 -0.001525
-0.00164098 -0.00155
-0.00166949 -0.001575
-0.00169799 -0.0016
-0.00172649 -0.001625
-0.001755 -0.00165
-0.0017835 -0.001675
-0.001812 -0.0017
-0.00184051 -0.001725
-0.00186901 -0.00175
-0.00189751 -0.001775
-0.00192602 -0.0018
-0.00195452 -0.001825
-0.00198302 -0.00185
-0.00201153 -0.001875
-0.00204003 -0.0019
-0.00206853 -0.001925
-0.00209704 -0.00195
-0.00212554 -0.001975
-0.00215404 -0.002
-0.00218255 -0.002025
-0.00221105 -0.00205
-0.00223955 -0.002075
-0.00226806 -0.0021
-0.00229656 -0.002125
-0.00232506 -0.00215
-0.00235357 -0.002175
-0.00238207 -0.0022
-0.00241057 -0.002225
-0.00243908 -0.00225
-0.00246758 -0.002275
-0.00249608 -0.0023
-0.00252459 -0.002325
-0.00255309 -0.00235
-0.00258159 -0.002375
-0.0026101 -0.0024
-0.0026386 -0.002425
-0.0026671 -0.00245
-0.0026956 -0.002475
-0.00272411 -0.0025
-0.00275261 -0.002525
-0.00278111 -0.00255
-0.00280962 -0.002575
-0.00283812 -0.0026
-0.00286662 -0.002625
-0.00289513 -0.00265
-0.00292363 -0.002675
-0.00295213 -0.0027
-0.00298064 -0.002725
-0.00300914 -0.00275
-0.00303764 -0.002775
-0.00306615 -0.0028
-0.00309465 -0.002825
-0.00312315 -0.00285
-0.00315166 -0.002875
-0.00318016 -0.0029
-0.00320866 -0.002925
-0.00323717 -0.00295
-0.00326567 -0.002975
-0.00329417 -0.003
-0.00332268 -0.003025
-0.00335118 -0.00305
-0.00337968 -0.003075
-0.00340819 -0.0031
-0.00343669 -0.003125
-0.00346519 -0.00315
-0.0034937 -0.003175
-0.0035222 -0.0032
-0.0035507 -0.003225
-0.00357921 -0.00325
-0.00360771 -0.003275
-0.00363621 -0.0033
-0.00366472 -0.003325
-0.00369322 -0.00335
-0.00372172 -0.003375
-0.00375023 -0.0034
-0.00377873 -0.003425
-0.00380723 -0.00345
-0.00383574 -0.003475
-0.00386424 -0.0035
-0.00389274 -0.003525
-0.00392125 -0.00355
-0.00394975 -0.003575
-0.00397825 -0.0036
-0.00400676 -0.003625
-0.00403526 -0.00365
-0.00406376 -0.003675
-0.00409227 -0.0037
-0.00412077 -0.003725
-0.00414927 -0.00375
-0.00417449 -0.003775
-0.00419968 -0.0038
-0.00422482 -0.003825
-0.00424992 -0.00385
-0.00427498 -0.003875
-0.0043 -0.0039
-0.00432346 -0.003925
-0.00434691 -0.00395
-0.00437037 -0.003975
-0.00439382 -0.004
-0.00441728 -0.004025
-0.00444073 -0.00405
-0.00446419 -0.004075
-0.00448764 -0.0041
-0.0045111 -0.004125
-0.00453456 -0.00415
-0.00455801 -0.004175
-0.00458147 -0.0042
-0.00460492 -0.004225
-0.00462838 -0.00425
-0.00465183 -0.004275
-0.00467529 -0.0043
-0.00469875 -0.004325
-0.0047222 -0.00435
-0.00474566 -0.004375
-0.00476911 -0.0044
-0.00479257 -0.004425
-0.00481602 -0.00445
-0.00483948 -0.004475
-0.00486293 -0.0045
-0.00488639 -0.004525
-0.00490985 -0.00455
-0.0049333 -0.004575
-0.00495676 -0.0046
-0.00498021 -0.004625
-0.00500367 -0.00465
-0.00502712 -0.004675
-0.00505058 -0.0047
-0.00507403 -0.004725
-0.00509749 -0.00475
-0.00512095 -0.004775
-0.0051444 -0.0048
-0.00516786 -0.004825
-0.00519131 -0.00485
-0.00521477 -0.004875
-0.00523822 -0.0049
-0.00526168 -0.004925
-0.00528514 -0.00495
-0.00530859 -0.004975
-0.00533205 -0.005
-0.00530467 -0.004975
-0.00527729 -0.00495
-0.00524991 -0.004925
-0.00522253 -0.0049
-0.00519516 -0.004875
-0.00516778 -0.00485
-0.0051404 -0.004825
-0.00511302 -0.0048
-0.00508564 -0.004775
-0.00505826 -0.00475
-0.00503089 -0.004725
-0.00500351 -0.0047
-0.00497613 -0.004675
-0.00494875 -0.00465
-0.00492137 -0.004625
-0.00489399 -0.0046
-0.00486662 -0.004575
-0.00483924 -0.00455
-0.00481186 -0.004525
-0.00478448 -0.0045
-0.0047571 -0.004475
-0.00472972 -0.00445
-0.00470235 -0.004425
-0.00467497 -0.0044
-0.00464759 -0.004375
-0.00462021 -0.00435
-0.00459283 -0.004325
-0.00456546 -0.0043
-0.00453808 -0.004275
-0.0045107 -0.00425
-0.00448332 -0.004225
-0.00445594 -0.0042
-0.00442856 -0.004175
-0.00440119 -0.00415
-0.00437381 -0.004125
-0.00434643 -0.0041
-0.00431905 -0.004075
-0.00429167 -0.00405
-0.00426429 -0.004025
-0.00423692 -0.004
-0.00420954 -0.003975
-0.00418216 -0.00395
-0.00415478 -0.003925
-0.0041274 -0.0039
-0.00410003 -0.003875
-0.00407265 -0.00385
-0.00404527 -0.003825
-0.00401789 -0.0038
-0.00399051 -0.003775
-0.00396313 -0.00375
-0.00393576 -0.003725
-0.00390838 -0.0037
-0.003881 -0.003675
-0.00385362 -0.00365
-0.00382624 -0.003625
-0.00379886 -0.0036
-0.00377149 -0.003575
-0.00374411 -0.00355
-0.00371673 -0.003525
-0.00368935 -0.0035
-0.00366197 -0.003475
-0.00363459 -0.00345
-0.00360722 -0.003425
-0.00357984 -0.0034
-0.00355246 -0.003375
-0.00352508 -0.00335
-0.0034977 -0.003325
-0.00347033 -0.0033
-0.00344295 -0.003275
-0.00341557 -0.00325
-0.00338819 -0.003225
-0.00336081 -0.0032
-0.00333343 -0.003175
-0.00330606 -0.00315
-0.00327868 -0.003125
-0.0032513 -0.0031
-0.00322392 -0.003075
-0.00319654 -0.00305
-0.00316916 -0.003025
-0.00314179 -0.003
-0.00311441 -0.002975
-0.00308703 -0.00295
-0.00305965 -0.002925
-0.00303227 -0.0029
-0.00300489 -0.002875
-0.00297752 -0.00285
-0.00295014 -0.002825
-0.00292276 -0.0028
-0.00289538 -0.002775
-0.002868 -0.00275
-0.00284063 -0.002725
-0.00281325 -0.0027
-0.00278587 -0.002675
-0.00275849 -0.00265
-0.00273111 -0.002625
-0.00270373 -0.0026
-0.00267636 -0.002575
-0.00264898 -0.00255
-0.0026216 -0.002525
-0.00259422 -0.0025
-0.00256684 -0.002475
-0.00253946 -0.00245
-0.00251209 -0.002425
-0.00248471 -0.0024
-0.00245733 -0.002375
-0.00242995 -0.00235
-0.00240257 -0.002325
-0.0023752 -0.0023
-0.00234782 -0.002275
-0.00232044 -0.00225
-0.00229306 -0.002225
-0.00226568 -0.0022
-0.0022383 -0.002175
-0.00221093 -0.00215
-0.00218355 -0.002125
-0.00215617 -0.0021
-0.00212879 -0.002075
-0.00210141 -0.00205
-0.00207403 -0.002025
-0.00204666 -0.002
-0.00201928 -0.001975
-0.0019919 -0.00195
-0.00196452 -0.001925
-0.00193714 -0.0019
-0.00190976 -0.001875
-0.00188239 -0.00185
-0.00185501 -0.001825
-0.00182763 -0.0018
-0.00180025 -0.001775
-0.00177287 -0.00175
-0.0017455 -0.001725
-0.00171812 -0.0017
-0.00169074 -0.001675
-0.00166336 -0.00165
-0.00163598 -0.001625
-0.0016086 -0.0016
-0.00158123 -0.001575
-0.00155385 -0.00155
-0.00152647 -0.001525
-0.0015 -0.0015
-0.001475 -0.001475
-0.00145 -0.00145
-0.001425 -0.001425
-0.0014 -0.0014
-0.001375 -0.001375
-0.00135 -0.00135
-0.001325 -0.001325
-0.0013 -0.0013
-0.001275 -0.001275
-0.00125 -0.00125
-0.001225 -0.001225
-0.0012 -0.0012
-0.001175 -0.001175
-0.00115 -0.00115
-0.001125 -0.001125
-0.0011 -0.0011
-0.001075 -0.001075
-0.00105 -0.00105
-0.001025 -0.001025
-0.001 -0.001
-0.000975 -0.000975
-0.00095 -0.00095
-0.000925 -0.000925
-0.0009 -0.0009
-0.000875 -0.000875
-0.00085 -0.00085
-0.000825 -0.000825
-0.0008 -0.0008
-0.000775 -0.000775
-0.00075 -0.00075
-0.000725 -0.000725
-0.0007 -0.0007
-0.000675 -0.000675
-0.00065 -0.00065
-0.000625 -0.000625
-0.0006 -0.0006
-0.000575 -0.000575
-0.00055 -0.00055
-0.000525 -0.000525
-0.0005 -0.0005
-0.000475 -0.000475
-0.00045 -0.00045
-0.000425 -0.000425
-0.0004 -0.0004
-0.000375 -0.000375
-0.00035 -0.00035
-0.000325 -0.000325
-0.0003 -0.0003
-0.000275 -0.000275
-0.00025 -0.00025
-0.000225 -0.000225
-0.0002 -0.0002
-0.000175 -0.000175
-0.00015 -0.00015
-0.000125 -0.000125
-0.0001 -0.0001
-7.5e-05 -7.5e-05
-5e-05 -5e-05
-2.5e-05 -2.5e-05
-6.09864e-20 -6.09864e-20
2.5e-05 2.5e-05
5e-05 5e-05
7.5e-05 7.5e-05
0.0001 0.0001
0.000125 0.000125
0.00015 0.00015
0.000175 0.000175
0.0002 0.0002
0.000225 0.000225
0.00025 0.00025
0.000275 0.000275
0.0003 0.0003
0.000325 0.000325
0.00035 0.00035
0.000375 0.000375
0.0004 0.0004
0.000425 0.000425
0.00045 0.00045
0.000475 0.000475
0.0005 0.0005
0.000475 0.000475
0.00045 0.00045
0.000425 0.000425
0.0004 0.0004
0.000375 0.000375
0.00035 0.00035
0.000325 0.000325
0.0003 0.0003
0.000275 0.000275
0.00025 0.00025
0.000225 0.000225
0.0002 0.0002
0.000175 0.000175
0.00015 0.00015
0.000125 0.000125
0.0001 0.0001
7.5e-05 7.5e-05
5e-05 5e-05
2.5e-05 2.5e-05
-4.74338e-20 -4.74338e-20
-2.5e-05 -2.5e-05
-5e-05 -5e-05
-7.5e-05 -7.5e-05
-0.0001 -0.0001
-0.000125 -0.000125
-0.00015 -0.00015
-0.000175 -0.000175
-0.0002 -0.0002
-0.000225 -0.000225
-0.00025 -0.00025
-0.000275 -0.000275
-0.0003 -0.0003
-0.000325 -0.000325
-0.00035 -0.00035
-0.000375 -0.000375
-0.0004 -0.0004
-0.000425 -0.000425
-0.00045 -0.00045
-0.000475 -0.000475
-0.0005 -0.0005
-0.000525 -0.000525
-0.00055 -0.00055
-0.000575 -0.000575
-0.0006 -0.0006
-0.000625 -0.000625
-0.00065 -0.00065
-0.000675 -0.000675
-0.0007 -0.0007
-0.000725 -0.000725
-0.00075 -0.00075
-0.000775 -0.000775
-0.0008 -0.0008
-0.000825 -0.000825
-0.00085 -0.00085
-0.000875 -0.000875
-0.0009 -0.0009
-0.000925 -0.000925
-0.00095 -0.00095
-0.000975 -0.000975
-0.001 -0.001
-0.001025 -0.001025
-0.00105 -0.00105
-0.001075 -0.001075
-0.0011 -0.0011
-0.001125 -0.001125
-0.00115 -0.00115
-0.001175 -0.001175
-0.0012 -0.0012
-0.001225 -0.001225
-0.00125 -0.00125
-0.001275 -0.001275
-0.0013 -0.0013
-0.001325 -0.001325
-0.00135 -0.00135
-0.001375 -0.001375
-0.0014 -0.0014
-0.001425 -0.001425
-0.00145 -0.00145
-0.001475 -0.001475
-0.0015 -0.0015
-0.00152647 -0.001525
-0.00155385 -0.00155
-0.00158123 -0.001575
-0.0016086 -0.0016
-0.00163598 -0.001625
-0.00166336 -0.00165
-0.00169074 -0.001675
-0.00171812 -0.0017
-0.0017455 -0.001725
-0.00177287 -0.00175
-0.00180025 -0.001775
-0.00182763 -0.0018
-0.00185501 -0.001825
-0.00188239 -0.00185
-0.00190976 -0.001875
-0.00193714 -0.0019
-0.00196452 -0.001925
-0.0019919 -0.00195
-0.00201928 -0.001975
-0.00204666 -0.002
-0.00207403 -0.002025
-0.00210141 -0.00205
-0.00212879 -0.002075
-0.00215617 -0.0021
-0.00218355 -0.002125
-0.00221093 -0.00215
-0.0022383 -0.002175
-0.00226568 -0.0022
-0.00229306 -0.002225
-0.00232044 -0.00225
-0.00234782 -0.002275
-0.0023752 -0.0023
-0.00240257 -0.002325
-0.00242995 -0.00235
-0.00245733 -0.002375
-0.00248471 -0.0024
-0.00251209 -0.002425
-0.00253946 -0.00245
-0.00256684 -0.002475
-0.00259422 -0.0025
-0.0026216 -0.002525
-0.00264898 -0.00255
-0.00267636 -0.002575
-0.00270373 -0.0026
-0.00273111 -0.002625
-0.00275849 -0.00265
-0.00278587 -0.002675
-0.00281325 -0.0027
-0.00284063 -0.002725
-0.002868 -0.00275
-0.00289538 -0.002775
-0.00292276 -0.0028
-0.00295014 -0.002825
-0.00297752 -0.00285
-0.00300489 -0.002875
-0.00303227 -0.0029
-0.00305965 -0.002925
-0.00308703 -0.00295
-0.00311441 -0.002975
-0.00314179 -0.003
-0.00316916 -0.003025
-0.00319654 -0.00305
-0.00322392 -0.003075
-0.0032513 -0.0031
-0.00327868 -0.003125
-0.00330606 -0.00315
-0.00333343 -0.003175
-0.00336081 -0.0032
-0.00338819 -0.003225
-0.00341557 -0.00325
-0.00344295 -0.003275
-0.00347033 -0.0033
-0.0034977 -0.003325
-0.00352508 -0.00335
-0.00355246 -0.003375
-0.00357984 -0.0034
-0.00360722 -0.003425
-0.00363459 -0.00345
-0.00366197 -0.003475
-0.00368935 -0.0035
-0.00371673 -0.003525
-0.00374411 -0.00355
-0.00377149 -0.003575
-0.00379886 -0.0036
-0.00382624 -0.003625
-0.00385362 -0.00365
-0.003881 -0.003675
-0.00390838 -0.0037
-0.00393576 -0.003725
-0.00396313 -0.00375
-0.00399051 -0.003775
-0.00401789 -0.0038
-0.00404527 -0.003825
-0.00407265 -0.00385
-0.00410003 -0.003875
-0.0041274 -0.0039
-0.00415478 -0.003925
-0.00418216 -0.00395
-0.00420954 -0.003975
-0.00423692 -0.004
-0.00426429 -0.004025
-0.00429167 -0.00405
-0.00431905 -0.004075
-0.00434643 -0.0041
-0.00437381 -0.004125
-0.00440119 -0.00415
-0.00442856 -0.004175
-0.00445594 -0.0042
-0.00448332 -0.004225
-0.0045107 -0.00425
-0.00453808 -0.004275
-0.00456546 -0.0043
-0.00459283 -0.004325
-0.00462021 -0.00435
-0.00464759 -0.004375
-0.00467497 -0.0044
-0.00470235 -0.004425
-0.00472972 -0.00445
-0.0047571 -0.004475
-0.00478448 -0.0045
-0.00481186 -0.004525
-0.00483924 -0.00455
-0.00486662 -0.004575
-0.00489399 -0.0046
-0.00492137 -0.004625
-0.00494875 -0.00465
-0.00497613 -0.004675
-0.00500351 -0.0047
-0.00503089 -0.004725
-0.00505826 -0.00475
-0.00508564 -0.004775
-0.00511302 -0.0048
-0.0051404 -0.004825
-0.00516778 -0.00485
-0.00519516 -0.004875
-0.00522253 -0.0049
-0.00524991 -0.004925
-0.00527729 -0.00495
-0.00530467 -0.004975
-0.00533205 -0.005
-0.0053555 -0.005025
-0.00537896 -0.00505
-0.00540241 -0.005075
-0.00542587 -0.0051
-0.00544932 -0.005125
-0.00547278 -0.00515
-0.00549624 -0.005175
-0.00551969 -0.0052
-0.00554315 -0.005225
-0.0055666 -0.00525
-0.00559006 -0.005275
-0.00561351 -0.0053
-0.00563697 -0.005325
-0.00566042 -0.00535
-0.00568388 -0.005375
-0.00570734 -0.0054
-0.00573079 -0.005425
-0.00575425 -0.00545
-0.0057777 -0.005475
-0.00580116 -0.0055
-0.00582461 -0.005525
-0.00584807 -0.00555
-0.00587153 -0.005575
-0.00589498 -0.0056
-0.00591844 -0.005625
-0.00594189 -0.00565
-0.00596535 -0.005675
-0.0059888 -0.0057
-0.00601226 -0.005725
-0.00603571 -0.00575
-0.00605917 -0.005775
-0.00608263 -0.0058
-0.00610608 -0.005825
-0.00612954 -0.00585
-0.00615299 -0.005875
-0.00617645 -0.0059
-0.0061999 -0.005925
-0.00622336 -0.00595
-0.00624681 -0.005975
-0.00627027 -0.006
-0.00629373 -0.006025
-0.00631718 -0.00605
-0.00634064 -0.006075
-0.00636409 -0.0061
-0.00638755 -0.006125
-0.006411 -0.00615
-0.00643446 -0.006175
-0.00645792 -0.0062
-0.00648137 -0.006225
-0.00650483 -0.00625
-0.00647823 -0.006225
-0.00645163 -0.0062
-0.00642503 -0.006175
-0.00639843 -0.00615
-0.00637183 -0.006125
-0.00634523 -0.0061
-0.00631863 -0.006075
-0.00629203 -0.00605
-0.00626543 -0.006025
-0.00623883 -0.006
-0.00621223 -0.005975
-0.00618563 -0.00595
-0.00615903 -0.005925
-0.00613243 -0.0059
-0.00610583 -0.005875
-0.00607923 -0.00585
-0.00605263 -0.005825
-0.00602603 -0.0058
-0.00599943 -0.005775
-0.00597283 -0.00575
-0.00594623 -0.005725
-0.00591963 -0.0057
-0.00589303 -0.005675
-0.00586643 -0.00565
-0.00583983 -0.005625
-0.00581323 -0.0056
-0.00578663 -0.005575
-0.00576003 -0.00555
-0.00573343 -0.005525
-0.00570683 -0.0055
-0.00568023 -0.005475
-0.00565363 -0.00545
-0.00562703 -0.005425
-0.00560043 -0.0054
-0.00557383 -0.005375
-0.00554723 -0.00535
-0.00552063 -0.005325
-0.00549403 -0.0053
-0.00546743 -0.005275
-0.00544083 -0.00525
-0.00541423 -0.005225
-0.00538763 -0.0052
-0.00536103 -0.005175
-0.00533443 -0.00515
-0.00530783 -0.005125
-0.00528123 -0.0051
-0.00525463 -0.005075
-0.00522803 -0.00505
-0.00520143 -0.005025
-0.00517482 -0.005
-0.00514822 -0.004975
-0.00512162 -0.00495
-0.00509502 -0.004925
-0.00506842 -0.0049
-0.00504182 -0.004875
-0.00501522 -0.00485
-0.00498862 -0.004825
-0.00496202 -0.0048
-0.00493542 -0.004775
-0.00490882 -0.00475
-0.00488222 -0.004725
-0.00485562 -0.0047
-0.00482902 -0.004675
-0.00480242 -0.00465
-0.00477582 -0.004625
-0.00474922 -0.0046
-0.00472262 -0.004575
-0.00469602 -0.00455
-0.00466942 -0.004525
-0.00464282 -0.0045
-0.00461622 -0.004475
-0.00458962 -0.00445
-0.00456302 -0.004425
-0.00453642 -0.0044
-0.00450982 -0.004375
-0.00448322 -0.00435
-0.00445662 -0.004325
-0.00443002 -0.0043
-0.00440342 -0.004275
-0.00437682 -0.00425
-0.00435022 -0.004225
-0.00432362 -0.0042
-0.00429702 -0.004175
-0.00427042 -0.00415
-0.00424382 -0.004125
-0.00421722 -0.0041
-0.00419062 -0.004075
-0.00416402 -0.00405
-0.00413742 -0.004025
-0.00411082 -0.004
-0.00408422 -0.003975
-0.00405762 -0.00395
-0.00403102 -0.003925
-0.00400442 -0.0039
-0.00397782 -0.003875
-0.00395122 -0.00385
-0.00392462 -0.003825
-0.00389802 -0.0038
-0.00387142 -0.003775
-0.00384482 -0.00375
-0.00381822 -0.003725
-0.00379162 -0.0037
-0.00376502 -0.003675
-0.00373842 -0.00365
-0.00371182 -0.003625
-0.00368522 -0.0036
-0.00365862 -0.003575
-0.00363202 -0.00355
-0.00360542 -0.003525
-0.00357882 -0.0035
-0.00355222 -0.003475
-0.00352562 -0.00345
-0.00349902 -0.003425
-0.00347242 -0.0034
-0.00344582 -0.003375
-0.00341922 -0.00335
-0.00339262 -0.003325
-0.00336602 -0.0033
-0.00333942 -0.003275
-0.00331282 -0.00325
-0.00328622 -0.003225
-0.00325962 -0.0032
-0.00323302 -0.003175
-0.00320642 -0.00315
-0.00317982 -0.003125
-0.00315322 -0.0031
-0.00312662 -0.003075
-0.00310002 -0.00305
-0.00307342 -0.003025
-0.00304682 -0.003
-0.00302022 -0.002975
-0.00299362 -0.00295
-0.00296702 -0.002925
-0.00294042 -0.0029
-0.00291382 -0.002875
-0.00288722 -0.00285
-0.00286062 -0.002825
-0.00283402 -0.0028
-0.00280742 -0.002775
-0.00278082 -0.00275
-0.00275422 -0.002725
-0.00272762 -0.0027
-0.00270102 -0.002675
-0.00267442 -0.00265
-0.00264782 -0.002625
-0.00262122 -0.0026
-0.00259462 -0.002575
-0.00256802 -0.00255
-0.00254142 -0.002525
-0.00251482 -0.0025
-0.00248822 -0.002475
-0.00246162 -0.00245
-0.00243502 -0.002425
-0.00240842 -0.0024
-0.00238182 -0.002375
-0.00235522 -0.00235
-0.00232862 -0.002325
-0.00230202 -0.0023
-0.00227542 -0.002275
-0.00225 -0.00225
-0.002225 -0.002225
-0.0022 -0.0022
-0.002175 -0.002175
-0.00215 -0.00215
-0.002125 -0.002125
-0.0021 -0.0021
-0.002075 -0.002075
-0.00205 -0.00205
-0.002025 -0.002025
-0.002 -0.002
-0.001975 -0.001975
-0.00195 -0.00195
-0.001925 -0.001925
-0.0019 -0.0019
-0.001875 -0.001875
-0.00185 -0.00185
-0.001825 -0.001825
-0.0018 -0.0018
-0.001775 -0.001775
-0.00175 -0.00175
-0.001725 -0.001725
-0.0017 -0.0017
-0.001675 -0.001675
-0.00165 -0.00165
-0.001625 -0.001625
-0.0016 -0.0016
-0.001575 -0.001575
-0.00155 -0.00155
-0.001525 -0.001525
-0.0015 -0.0015
-0.001475 -0.001475
-0.00145 -0.00145
-0.001425 -0.001425
-0.0014 -0.0014
-0.001375 -0.001375
-0.00135 -0.00135
-0.001325 -0.001325
-0.0013 -0.0013
-0.001275 -0.001275
-0.00125 -0.00125
-0.001225 -0.001225
-0.0012 -0.0012
-0.001175 -0.001175
-0.00115 -0.00115
-0.001125 -0.001125
-0.0011 -0.0011
-0.001075 -0.001075
-0.00105 -0.00105
-0.001025 -0.001025
-0.001 -0.001
-0.000975 -0.000975
-0.00095 -0.00095
-0.000925 -0.000925
-0.0009 -0.0009
-0.000875 -0.000875
-0.00085 -0.00085
-0.000825 -0.000825
-0.0008 -0.0008
-0.000775 -0.000775
-0.00075 -0.00075
-0.000725 -0.000725
-0.0007 -0.0007
-0.000675 -0.000675
-0.00065 -0.00065
-0.000625 -0.000625
-0.0006 -0.0006
-0.000575 -0.000575
-0.00055 -0.00055
-0.000525 -0.000525
-0.0005 -0.0005
-0.000475 -0.000475
-0.00045 -0.00045
-0.000425 -0.000425
-0.0004 -0.0004
-0.000375 -0.000375
-0.00035 -0.00035
-0.000325 -0.000325
-0.0003 -0.0003
-0.000275 -0.000275
-0.00025 -0.00025
-0.000225 -0.000225
-0.0002 -0.0002
-0.000175 -0.000175
-0.00015 -0.00015
-0.000125 -0.000125
-0.0001 -0.0001
-7.5e-05 -7.5e-05
-5e-05 -5e-05
-2.5e-05 -2.5e-05
-6.09864e-20 -6.09864e-20
2.5e-05 2.5e-05
5e-05 5e-05
7.5e-05 7.5e-05
0.0001 0.0001
0.000125 0.000125
0.00015 0.00015
0.000175 0.000175
0.0002 0.0002
0.000225 0.000225
0.00025 0.00025
0.000275 0.000275
0.0003 0.0003
0.000325 0.000325
0.00035 0.00035
0.000375 0.000375
0.0004 0.0004
0.000425 0.000425
0.00045 0.00045
0.000475 0.000475
0.0005 0.0005
0.000525 0.000525
0.00055 0.00055
0.000575 0.000575
0.0006 0.0006
0.000625 0.000625
0.0006 0.0006
0.000575 0.000575
0.00055 0.00055
0.000525 0.000525
0.0005 0.0005
0.000475 0.000475
0.00045 0.00045
0.000425 0.000425
0.0004 0.0004
0.000375 0.000375
0.00035 0.00035
0.000325 0.000325
0.0003 0.0003
0.000275 0.000275
0.00025 0.00025
0.000225 0.000225
0.0002 0.0002
0.000175 0.000175
0.00015 0.00015
0.000125 0.000125
0.0001 0.0001
7.5e-05 7.5e-05
5e-05 5e-05
2.5e-05 2.5e-05
-4.74338e-20 -4.74338e-20
-2.5e-05 -2.5e-05
-5e-05 -5e-05
-7.5e-05 -7.5e-05
-0.0001 -0.0001
-0.000125 -0.000125
-0.00015 -0.00015
-0.000175 -0.000175
-0.0002 -0.0002
-0.000225 -0.000225
-0.00025 -0.00025
-0.000275 -0.000275
-0.0003 -0.0003
-0.000325 -0.000325
-0.00035 -0.00035
-0.000375 -0.000375
-0.0004 -0.0004
-0.000425 -0.000425
-0.00045 -0.00045
-0.000475 -0.000475
-0.0005 -0.0005
-0.000525 -0.000525
-0.00055 -0.00055
-0.000575 -0.000575
-0.0006 -0.0006
-0.000625 -0.000625
-0.00065 -0.00065
-0.000675 -0.000675
-0.0007 -0.0007
-0.000725 -0.000725
-0.00075 -0.00075
-0.000775 -0.000775
-0.0008 -0.0008
-0.000825 -0.000825
-0.00085 -0.00085
-0.000875 -0.000875
-0.0009 -0.0009
-0.000925 -0.000925
-0.00095 -0.00095
-0.000975 -0.000975
-0.001 -0.001
-0.001025 -0.001025
-0.00105 -0.00105
-0.001075 -0.001075
-0.0011 -0.0011
-0.001125 -0.001125
-0.00115 -0.00115
-0.001175 -0.001175
-0.0012 -0.0012
-0.001225 -0.001225
-0.00125 -0.00125
-0.001275 -0.001275
-0.0013 -0.0013
-0.001325 -0.001325
-0.00135 -0.00135
-0.001375 -0.001375
-0.0014 -0.0014
-0.001425 -0.001425
-0.00145 -0.00145
-0.001475 -0.001475
-0.0015 -0.0015
-0.001525 -0.001525
-0.00155 -0.00155
-0.001575 -0.001575
-0.0016 -0.0016
-0.001625 -0.001625
-0.00165 -0.00165
-0.001675 -0.001675
-0.0017 -0.0017
-0.001725 -0.001725
-0.00175 -0.00175
-0.001775 -0.001775
-0.0018 -0.0018
-0.001825 -0.001825
-0.00185 -0.00185
-0.001875 -0.001875
-0.0019 -0.0019
-0.001925 -0.001925
-0.00195 -0.00195
-0.001975 -0.001975
-0.002 -0.002
-0.002025 -0.002025
-0.00205 -0.00205
-0.002075 -0.002075
-0.0021 -0.0021
-0.002125 -0.002125
-0.00215 -0.00215
-0.002175 -0.002175
-0.0022 -0.0022
-0.002225 -0.002225
-0.00225 -0.00225
-0.00227542 -0.002275
-0.00230202 -0.0023
-0.00232862 -0.002325
-0.00235522 -0.00235
-0.00238182 -0.002375
-0.00240842 -0.0024
-0.00243502 -0.002425
-0.00246162 -0.00245
-0.00248822 -0.002475
-0.00251482 -0.0025
-0.00254142 -0.002525
-0.00256802 -0.00255
-0.00259462 -0.002575
-0.00262122 -0.0026
-0.00264782 -0.002625
-0.00267442 -0.00265
-0.00270102 -0.002675
-0.00272762 -0.0027
-0.00275422 -0.002725
-0.00278082 -0.00275
-0.00280742 -0.002775
-0.00283402 -0.0028
-0.00286062 -0.002825
-0.00288722 -0.00285
-0.00291382 -0.002875
-0.00294042 -0.0029
-0.00296702 -0.002925
-0.00299362 -0.00295
-0.00302022 -0.002975
-0.00304682 -0.003
-0.00307342 -0.003025
-0.00310002 -0.00305
-0.00312662 -0.003075
-0.00315322 -0.0031
-0.00317982 -0.003125
-0.00320642 -0.00315
-0.00323302 -0.003175
-0.00325962 -0.0032
-0.00328622 -0.003225
-0.00331282 -0.00325
-0.00333942 -0.003275
-0.00336602 -0.0033
-0.00339262 -0.003325
-0.00341922 -0.00335
-0.00344582 -0.003375
-0.00347242 -0.0034
-0.00349902 -0.003425
-0.00352562 -0.00345
-0.00355222 -0.003475
-0.00357882 -0.0035
-0.00360542 -0.003525
-0.00363202 -0.00355
-0.00365862 -0.003575
-0.00368522 -0.0036
-0.00371182 -0.003625
-0.00373842 -0.00365
-0.00376502 -0.003675
-0.00379162 -0.0037
-0.00381822 -0.003725
-0.00384482 -0.00375
-0.00387142 -0.003775
-0.00389802 -0.0038
-0.00392462 -0.003825
-0.00395122 -0.00385
-0.00397782 -0.003875
-0.00400442 -0.0039
-0.00403102 -0.003925
-0.00405762 -0.00395
-0.00408422 -0.003975
-0.00411082 -0.004
-0.00413742 -0.004025
-0.00416402 -0.00405
-0.00419062 -0.004075
-0.00421722 -0.0041
-0.00424382 -0.004125
-0.00427042 -0.00415
-0.00429702 -0.004175
-0.00432362 -0.0042
-0.00435022 -0.004225
-0.00437682 -0.00425
-0.00440342 -0.004275
-0.00443002 -0.0043
-0.00445662 -0.004325
-0.00448322 -0.00435
-0.00450982 -0.004375
-0.00453642 -0.0044
-0.00456302 -0.004425
-0.00458962 -0.00445
-0.00461622 -0.004475
-0.00464282 -0.0045
-0.00466942 -0.004525
-0.00469602 -0.00455
-0.00472262 -0.004575
-0.00474922 -0.0046
-0.00477582 -0.004625
-0.00480242 -0.00465
-0.00482902 -0.004675
-0.00485562 -0.0047
-0.00488222 -0.004725
-0.00490882 -0.00475
-0.00493542 -0.004775
-0.00496202 -0.0048
-0.00498862 -0.004825
-0.00501522 -0.00485
-0.00504182 -0.004875
-0.00506842 -0.0049
-0.00509502 -0.004925
-0.00512162 -0.00495
-0.00514822 -0.004975
-0.00517482 -0.005
-0.00520143 -0.005025
-0.00522803 -0.00505
-0.00525463 -0.005075
-0.00528123 -0.0051
-0.00530783 -0.005125
-0.00533443 -0.00515
-0.00536103 -0.005175
-0.00538763 -0.0052
-0.00541423 -0.005225
-0.00544083 -0.00525
-0.00546743 -0.005275
-0.00549403 -0.0053
-0.00552063 -0.005325
-0.00554723 -0.00535
-0.00557383 -0.005375
-0.00560043 -0.0054
-0.00562703 -0.005425
-0.00565363 -0.00545
-0.00568023 -0.005475
-0.00570683 -0.0055
-0.00573343 -0.005525
-0.00576003 -0.00555
-0.00578663 -0.005575
-0.00581323 -0.0056
-0.00583983 -0.005625
-0.00586643 -0.00565
-0.00589303 -0.005675
-0.00591963 -0.0057
-0.00594623 -0.005725
-0.00597283 -0.00575
-0.00599943 -0.005775
-0.00602603 -0.0058
-0.00605263 -0.005825
-0.00607923 -0.00585
-0.00610583 -0.005875
-0.00613243 -0.0059
-0.00615903 -0.005925
-0.00618563 -0.00595
-0.00621223 -0.005975
-0.00623883 -0.006
-0.00626543 -0.006025
-0.00629203 -0.00605
-0.00631863 -0.006075
-0.00634523 -0.0061
-0.00637183 -0.006125
-0.00639843 -0.00615
-0.00642503 -0.006175
-0.00645163 -0.0062
-0.00647823 -0.006225
-0.00650483 -0.00625
-0.00652828 -0.006275
-0.00655174 -0.0063
-0.00657519 -0.006325
-0.00659865 -0.00635
-0.0066221 -0.006375
-0.00664556 -0.0064
-0.00666902 -0.006425
-0.00669247 -0.00645
-0.00671593 -0.006475
-0.00673938 -0.0065
-0.00676284 -0.006525
-0.00678629 -0.00655
-0.00680975 -0.006575
-0.0068332 -0.0066
-0.00685666 -0.006625
-0.00688012 -0.00665
-0.00690357 -0.006675
-0.00692703 -0.0067
-0.00695048 -0.006725
-0.00697394 -0.00675
-0.00699739 -0.006775
-0.00702085 -0.0068
-0.00704431 -0.006825
-0.00706776 -0.00685
-0.00709122 -0.006875
-0.00711467 -0.0069
-0.00713813 -0.006925
-0.00716158 -0.00695
-0.00718504 -0.006975
-0.00720849 -0.007
-0.00723195 -0.007025
-0.00725541 -0.00705
-0.00727886 -0.007075
-0.00730232 -0.0071
-0.00732577 -0.007125
-0.00734923 -0.00715
-0.00737268 -0.007175
-0.00739614 -0.0072
-0.00741959 -0.007225
-0.00744305 -0.00725
-0.00746651 -0.007275
-0.00748996 -0.0073
-0.00751342 -0.007325
-0.00753687 -0.00735
-0.00756033 -0.007375
-0.00758378 -0.0074
-0.00760724 -0.007425
-0.00763069 -0.00745
-0.00765415 -0.007475
-0.00767761 -0.0075
-0.00765159 -0.007475
-0.00762557 -0.00745
-0.00759955 -0.007425
-0.00757353 -0.0074
-0.00754751 -0.007375
-0.00752149 -0.00735
-0.00749547 -0.007325
-0.00746945 -0.0073
-0.00744343 -0.007275
-0.00741741 -0.00725
-0.00739139 -0.007225
-0.00736537 -0.0072
-0.00733935 -0.007175
-0.00731333 -0.00715
-0.00728731 -0.007125
-0.00726129 -0.0071
-0.00723527 -0.007075
-0.00720925 -0.00705
-0.00718323 -0.007025
-0.00715721 -0.007
-0.00713119 -0.006975
-0.00710517 -0.00695
-0.00707915 -0.006925
-0.00705313 -0.0069
-0.00702711 -0.006875
-0.00700109 -0.00685
-0.00697507 -0.006825
-0.00694905 -0.0068
-0.00692303 -0.006775
-0.00689701 -0.00675
-0.00687099 -0.006725
-0.00684497 -0.0067
-0.00681895 -0.006675
-0.00679293 -0.00665
-0.00676691 -0.006625
-0.00674089 -0.0066
-0.00671487 -0.006575
-0.00668885 -0.00655
-0.00666283 -0.006525
-0.00663681 -0.0065
-0.00661079 -0.006475
-0.00658477 -0.00645
-0.00655875 -0.006425
-0.00653273 -0.0064
-0.00650671 -0.006375
-0.00648069 -0.00635
-0.00645467 -0.006325
-0.00642865 -0.0063
-0.00640263 -0.006275
-0.00637661 -0.00625
-0.00635059 -0.006225
-0.00632457 -0.0062
-0.00629855 -0.006175
-0.00627253 -0.00615
-0.00624651 -0.006125
-0.00622049 -0.0061
-0.00619447 -0.006075
-0.00616845 -0.00605
-0.00614243 -0.006025
-0.00611641 -0.006
-0.00609039 -0.005975
-0.00606437 -0.00595
-0.00603835 -0.005925
-0.00601233 -0.0059
-0.00598631 -0.005875
-0.00596029 -0.00585
-0.00593427 -0.005825
-0.00590825 -0.0058
-0.00588223 -0.005775
-0.00585621 -0.00575
-0.00583019 -0.005725
-0.00580417 -0.0057
-0.00577815 -0.005675
-0.00575213 -0.00565
-0.00572611 -0.005625
-0.00570009 -0.0056
-0.00567407 -0.005575
-0.00564805 -0.00555
-0.00562203 -0.005525
-0.00559601 -0.0055
-0.00556999 -0.005475
-0.00554397 -0.00545
-0.00551795 -0.005425
-0.00549193 -0.0054
-0.00546591 -0.005375
-0.00543989 -0.00535
-0.00541387 -0.005325
-0.00538785 -0.0053
-0.00536183 -0.005275
-0.00533581 -0.00525
-0.00530979 -0.005225
-0.00528377 -0.0052
-0.00525775 -0.005175
-0.00523173 -0.00515
-0.00520571 -0.005125
-0.00517969 -0.0051
-0.00515367 -0.005075
-0.00512765 -0.00505
-0.00510163 -0.005025
-0.00507561 -0.005
-0.00504959 -0.004975
-0.00502357 -0.00495
-0.00499755 -0.004925
-0.00497153 -0.0049
-0.00494551 -0.004875
-0.00491949 -0.00485
-0.00489347 -0.004825
-0.00486745 -0.0048
-0.00484143 -0.004775
-0.00481541 -0.00475
-0.00478939 -0.004725
-0.00476337 -0.0047
-0.00473735 -0.004675
-0.00471133 -0.00465
-0.00468531 -0.004625
-0.00465929 -0.0046
-0.00463327 -0.004575
-0.00460725 -0.00455
-0.00458123 -0.004525
-0.00455521 -0.0045
-0.00452919 -0.004475
-0.00450317 -0.00445
-0.00447715 -0.004425
-0.00445113 -0.0044
-0.00442511 -0.004375
-0.00439909 -0.00435
-0.00437307 -0.004325
-0.00434705 -0.0043
-0.00432103 -0.004275
-0.00429501 -0.00425
-0.00426899 -0.004225
-0.00424297 -0.0042
-0.00421695 -0.004175
-0.00419093 -0.00415
-0.00416491 -0.004125
-0.00413889 -0.0041
-0.00411287 -0.004075
-0.00408685 -0.00405
-0.00406083 -0.004025
-0.00403481 -0.004
-0.00400879 -0.003975
-0.00398277 -0.00395
-0.00395675 -0.003925
-0.00393073 -0.0039
-0.00390471 -0.003875
-0.00387869 -0.00385
-0.00385267 -0.003825
-0.00382665 -0.0038
-0.00380063 -0.003775
-0.00377461 -0.00375
-0.00374859 -0.003725
-0.00372257 -0.0037
-0.00369655 -0.003675
-0.00367053 -0.00365
-0.00364451 -0.003625
-0.00361849 -0.0036
-0.00359247 -0.003575
-0.00356645 -0.00355
-0.00354043 -0.003525
-0.00351441 -0.0035
-0.00348839 -0.003475
-0.00346237 -0.00345
-0.00343635 -0.003425
-0.00341033 -0.0034
-0.00338431 -0.003375
-0.00335829 -0.00335
-0.00333227 -0.003325
-0.00330625 -0.0033
-0.00328023 -0.003275
-0.00325421 -0.00325
-0.00322819 -0.003225
-0.00320217 -0.0032
-0.00317615 -0.003175
-0.00315013 -0.00315
-0.003125 -0.003125
-0.0031 -0.0031
-0.003075 -0.003075
-0.00305 -0.00305
-0.003025 -0.003025
-0.003 -0.003
-0.002975 -0.002975
-0.00295 -0.00295
-0.002925 -0.002925
-0.0029 -0.0029
-0.002875 -0.002875
-0.00285 -0.00285
-0.002825 -0.002825
-0.0028 -0.0028
-0.002775 -0.002775
-0.00275 -0.00275
-0.002725 -0.002725
-0.0027 -0.0027
-0.002675 -0.002675
-0.00265 -0.00265
-0.002625 -0.002625
-0.0026 -0.0026
-0.002575 -0.002575
-0.00255 -0.00255
-0.002525 -0.002525
-0.0025 -0.0025
-0.002475 -0.002475
-0.00245 -0.00245
-0.002425 -0.002425
-0.0024 -0.0024
-0.002375 -0.002375
-0.00235 -0.00235
-0.002325 -0.002325
-0.0023 -0.0023
-0.002275 -0.002275
-0.00225 -0.00225
-0.002225 -0.002225
-0.0022 -0.0022
-0.002175 -0.002175
-0.00215 -0.00215
-0.002125 -0.002125
-0.0021 -0.0021
-0.002075 -0.002075
-0.00205 -0.00205
-0.002025 -0.002025
-0.002 -0.002
-0.001975 -0.001975
-0.00195 -0.00195
-0.001925 -0.001925
-0.0019 -0.0019
-0.001875 -0.001875
-0.00185 -0.00185
-0.001825 -0.001825
-0.0018 -0.0018
-0.001775 -0.001775
-0.00175 -0.00175
-0.001725 -0.001725
-0.0017 -0.0017
-0.001675 -0.001675
-0.00165 -0.00165
-0.001625 -0.001625
-0.0016 -0.0016
-0.001575 -0.001575
-0.00155 -0.00155
-0.001525 -0.001525
-0.0015 -0.0015
-0.001475 -0.001475
-0.00145 -0.00145
-0.001425 -0.001425
-0.0014 -0.0014
-0.001375 -0.001375
-0.00135 -0.00135
-0.001325 -0.001325
-0.0013 -0.0013
-0.001275 -0.001275
-0.00125 -0.00125
-0.001225 -0.001225
-0.0012 -0.0012
-0.001175 -0.001175
-0.00115 -0.00115
-0.001125 -0.001125
-0.0011 -0.0011
-0.001075 -0.001075
-0.00105 -0.00105
-0.001025 -0.001025
-0.001 -0.001
-0.000975 -0.000975
-0.00095 -0.00095
-0.000925 -0.000925
-0.0009 -0.0009
-0.000875 -0.000875
-0.00085 -0.00085
-0.000825 -0.000825
-0.0008 -0.0008
-0.000775 -0.000775
-0.00075 -0.00075
-0.000725 -0.000725
-0.0007 -0.0007
-0.000675 -0.000675
-0.00065 -0.00065
-0.000625 -0.000625
-0.0006 -0.0006
-0.000575 -0.000575
-0.00055 -0.00055
-0.000525 -0.000525
-0.0005 -0.0005
-0.000475 -0.000475
-0.00045 -0.00045
-0.000425 -0.000425
-0.0004 -0.0004
-0.000375 -0.000375
-0.00035 -0.00035
-0.000325 -0.000325
-0.0003 -0.0003
-0.000275 -0.000275
-0.00025 -0.00025
-0.000225 -0.000225
-0.0002 -0.0002
-0.000175 -0.000175
-0.00015 -0.00015
-0.000125 -0.000125
-0.0001 -0.0001
-7.5e-05 -7.5e-05
-5e-05 -5e-05
-2.5e-05 -2.5e-05
-6.09864e-20 -6.09864e-20
2.5e-05 2.5e-05
5e-05 5e-05
7.5e-05 7.5e-05
0.0001 0.0001
0.000125 0.000125
0.00015 0.00015
0.000175 0.000175
0.0002 0.0002
0.000225 0.000225
0.00025 0.00025
0.000275 0.000275
0.0003 0.0003
0.000325 0.000325
0.00035 0.00035
0.000375 0.000375
0.0004 0.0004
0.000425 0.000425
0.00045 0.00045
0.000475 0.000475
0.0005 0.0005
0.000525 0.000525
0.00055 0.00055
0.000575 0.000575
0.0006 0.0006
0.000625 0.000625
0.00065 0.00065
0.000675 0.000675
0.0007 0.0007
0.000725 0.000725
0.00075 0.00075
0.000725 0.000725
0.0007 0.0007
0.000675 0.000675
0.00065 0.00065
0.000625 0.000625
0.0006 0.0006
0.000575 0.000575
0.00055 0.00055
0.000525 0.000525
0.0005 0.0005
0.000475 0.000475
0.00045 0.00045
0.000425 0.000425
0.0004 0.0004
0.000375 0.000375
0.00035 0.00035
0.000325 0.000325
0.0003 0.0003
0.000275 0.000275
0.00025 0.00025
0.000225 0.000225
0.0002 0.0002
0.000175 0.000175
0.00015 0.00015
0.000125 0.000125
0.0001 0.0001
7.5e-05 7.5e-05
5e-05 5e-05
2.5e-05 2.5e-05
-4.74338e-20 -4.74338e-20
-2.5e-05 -2.5e-05
-5e-05 -5e-05
-7.5e-05 -7.5e-05
-0.0001 -0.0001
-0.000125 -0.000125
-0.00015 -0.00015
-0.000175 -0.000175
-0.0002 -0.0002
-0.000225 -0.000225
-0.00025 -0.00025
-0.000275 -0.000275
-0.0003 -0.0003
-0.000325 -0.000325
-0.00035 -0.00035
-0.000375 -0.000375
-0.0004 -0.0004
-0.000425 -0.000425
-0.00045 -0.00045
-0.000475 -0.000475
-0.0005 -0.0005
-0.000525 -0.000525
-0.00055 -0.00055
-0.000575 -0.000575
-0.0006 -0.0006
-0.000625 -0.000625
-0.00065 -0.00065
-0.000675 -0.000675
-0.0007 -0.0007
-0.000725 -0.000725
-0.00075 -0.00075
-0.000775 -0.000775
-0.0008 -0.0008
-0.000825 -0.000825
-0.00085 -0.00085
-0.000875 -0.000875
-0.0009 -0.0009
-0.000925 -0.000925
-0.00095 -0.00095
-0.000975 -0.000975
-0.001 -0.001
-0.001025 -0.001025
-0.00105 -0.00105
-0.001075 -0.001075
-0.0011 -0.0011
-0.001125 -0.001125
-0.00115 -0.00115
-0.001175 -0.001175
-0.0012 -0.0012
-0.001225 -0.001225
-0.00125 -0.00125
-0.001275 -0.001275
-0.0013 -0.0013
-0.001325 -0.001325
-0.00135 -0.00135
-0.001375 -0.001375
-0.0014 -0.0014
-0.001425 -0.001425
-0.00145 -0.00145
-0.001475 -0.001475
-0.0015 -0.0015
-0.001525 -0.001525
-0.00155 -0.00155
-0.001575 -0.001575
-0.0016 -0.0016
-0.001625 -0.001625
-0.00165 -0.00165
-0.001675 -0.001675
-0.0017 -0.0017
-0.001725 -0.001725
-0.00175 -0.00175
-0.001775 -0.001775
-0.0018 -0.0018
-0.001825 -0.001825
-0.00185 -0.00185
-0.001875 -0.001875
-0.0019 -0.0019
-0.001925 -0.001925
-0.00195 -0.00195
-0.001975 -0.001975
-0.002 -0.002
-0.002025 -0.002025
-0.00205 -0.00205
-0.002075 -0.002075
-0.0021 -0.0021
-0.002125 -0.002125
-0.00215 -0.00215
-0.002175 -0.002175
-0.0022 -0.0022
-0.002225 -0.002225
-0.00225 -0.00225
-0.002275 -0.002275
-0.0023 -0.0023
-0.002325 -0.002325
-0.00235 -0.00235
-0.002375 -0.002375
-0.0024 -0.0024
-0.002425 -0.002425
-0.00245 -0.00245
-0.002475 -0.002475
-0.0025 -0.0025
-0.002525 -0.002525
-0.00255 -0.00255
-0.002575 -0.002575
-0.0026 -0.0026
-0.002625 -0.002625
-0.00265 -0.00265
-0.002675 -0.002675
-0.0027 -0.0027
-0.002725 -0.002725
-0.00275 -0.00275
-0.002775 -0.002775
-0.0028 -0.0028
-0.002825 -0.002825
-0.00285 -0.00285
-0.002875 -0.002875
-0.0029 -0.0029
-0.002925 -0.002925
-0.00295 -0.00295
-0.002975 -0.002975
-0.003 -0.003
-0.003025 -0.003025
-0.00305 -0.00305
-0.003075 -0.003075
-0.0031 -0.0031
-0.003125 -0.003125
-0.00315013 -0.00315
-0.00317615 -0.003175
-0.00320217 -0.0032
-0.00322819 -0.003225
-0.00325421 -0.00325
-0.00328023 -0.003275
-0.00330625 -0.0033
-0.00333227 -0.003325
-0.00335829 -0.00335
-0.00338431 -0.003375
-0.00341033 -0.0034
-0.00343635 -0.003425
-0.00346237 -0.00345
-0.00348839 -0.003475
-0.00351441 -0.0035
-0.00354043 -0.003525
-0.00356645 -0.00355
-0.00359247 -0.003575
-0.00361849 -0.0036
-0.00364451 -0.003625
-0.00367053 -0.00365
-0.00369655 -0.003675
-0.00372257 -0.0037
-0.00374859 -0.003725
-0.00377461 -0.00375
-0.00380063 -0.003775
-0.00382665 -0.0038
-0.00385267 -0.003825
-0.00387869 -0.00385
-0.00390471 -0.003875
-0.00393073 -0.0039
-0.00395675 -0.003925
-0.00398277 -0.00395
-0.00400879 -0.003975
-0.00403481 -0.004
-0.00406083 -0.004025
-0.00408685 -0.00405
-0.00411287 -0.004075
-0.00413889 -0.0041
-0.00416491 -0.004125
-0.00419093 -0.00415
-0.00421695 -0.004175
-0.00424297 -0.0042
-0.00426899 -0.004225
-0.00429501 -0.00425
-0.00432103 -0.004275
-0.00434705 -0.0043
-0.00437307 -0.004325
-0.00439909 -0.00435
-0.00442511 -0.004375
-0.00445113 -0.0044
-0.00447715 -0.004425
-0.00450317 -0.00445
-0.00452919 -0.004475
-0.00455521 -0.0045
-0.00458123 -0.004525
-0.00460725 -0.00455
-0.00463327 -0.004575
-0.00465929 -0.0046
-0.00468531 -0.004625
-0.00471133 -0.00465
-0.00473735 -0.004675
-0.00476337 -0.0047
-0.00478939 -0.004725
-0.00481541 -0.00475
-0.00484143 -0.004775
-0.00486745 -0.0048
-0.00489347 -0.004825
-0.00491949 -0.00485
-0.00494551 -0.004875
-0.00497153 -0.0049
-0.00499755 -0.004925
-0.00502357 -0.00495
-0.00504959 -0.004975
-0.00507561 -0.005
-0.00510163 -0.005025
-0.00512765 -0.00505
-0.00515367 -0.005075
-0.00517969 -0.0051
-0.00520571 -0.005125
-0.00523173 -0.00515
-0.00525775 -0.005175
-0.00528377 -0.0052
-0.00530979 -0.005225
-0.00533581 -0.00525
-0.00536183 -0.005275
-0.00538785 -0.0053
-0.00541387 -0.005325
-0.00543989 -0.00535
-0.00546591 -0.005375
-0.00549193 -0.0054
-0.00551795 -0.005425
-0.00554397 -0.00545
-0.00556999 -0.005475
-0.00559601 -0.0055
-0.00562203 -0.005525
-0.00564805 -0.00555
-0.00567407 -0.005575
-0.00570009 -0.0056
-0.00572611 -0.005625
-0.00575213 -0.00565
-0.00577815 -0.005675
-0.00580417 -0.0057
-0.00583019 -0.005725
-0.00585621 -0.00575
-0.00588223 -0.005775
-0.00590825 -0.0058
-0.00593427 -0.005825
-0.00596029 -0.00585
-0.00598631 -0.005875
-0.00601233 -0.0059
-0.00603835 -0.005925
-0.00606437 -0.00595
-0.00609039 -0.005975
-0.00611641 -0.006
-0.00614243 -0.006025
-0.00616845 -0.00605
-0.00619447 -0.006075
-0.00622049 -0.0061
-0.00624651 -0.006125
-0.00627253 -0.00615
-0.00629855 -0.006175
-0.00632457 -0.0062
-0.00635059 -0.006225
-0.00637661 -0.00625
-0.00640263 -0.006275
-0.00642865 -0.0063
-0.00645467 -0.006325
-0.00648069 -0.00635
-0.00650671 -0.006375
-0.00653273 -0.0064
-0.00655875 -0.006425
-0.00658477 -0.00645
-0.00661079 -0.006475
-0.00663681 -0.0065
-0.00666283 -0.006525
-0.00668885 -0.00655
-0.00671487 -0.006575
-0.00674089 -0.0066
-0.00676691 -0.006625
-0.00679293 -0.00665
-0.00681895 -0.006675
-0.00684497 -0.0067
-0.00687099 -0.006725
-0.00689701 -0.00675
-0.00692303 -0.006775
-0.00694905 -0.0068
-0.00697507 -0.006825
-0.00700109 -0.00685
-0.00702711 -0.006875
-0.00705313 -0.0069
-0.00707915 -0.006925
-0.00710517 -0.00695
-0.00713119 -0.006975
-0.00715721 -0.007
-0.00718323 -0.007025
-0.00720925 -0.00705
-0.00723527 -0.007075
-0.00726129 -0.0071
-0.00728731 -0.007125
-0.00731333 -0.00715
-0.00733935 -0.007175
-0.00736537 -0.0072
-0.00739139 -0.007225
-0.00741741 -0.00725
-0.00744343 -0.007275
-0.00746945 -0.0073
-0.00749547 -0.007325
-0.00752149 -0.00735
-0.00754751 -0.007375
-0.00757353 -0.0074
-0.00759955 -0.007425
-0.00762557 -0.00745
-0.00765159 -0.007475
-0.00767761 -0.0075
-0.00770106 -0.007525
-0.00772452 -0.00755
-0.00774797 -0.007575
-0.00777143 -0.0076
-0.00779488 -0.007625
-0.00781834 -0.00765
-0.0078418 -0.007675
-0.00786525 -0.0077
-0.00788871 -0.007725
-0.00791216 -0.00775
-0.00793562 -0.007775
-0.00795907 -0.0078
-0.00798253 -0.007825
-0.00800598 -0.00785
-0.00802944 -0.007875
-0.0080529 -0.0079
-0.00807635 -0.007925
-0.00809981 -0.00795
-0.00812326 -0.007975
-0.00814672 -0.008
-0.00817017 -0.008025
-0.00819363 -0.00805
-0.00821708 -0.008075
-0.00824054 -0.0081
-0.008264 -0.008125
-0.00828745 -0.00815
-0.00831091 -0.008175
-0.00833436 -0.0082
-0.00835782 -0.008225
-0.00838127 -0.00825
-0.00840473 -0.008275
-0.00842819 -0.0083
-0.00845164 -0.008325
-0.0084751 -0.00835
-0.00849855 -0.008375
-0.00852201 -0.0084
-0.00854546 -0.008425
-0.00856892 -0.00845
-0.00859237 -0.008475
-0.00861583 -0.0085
-0.00863929 -0.008525
-0.00866274 -0.00855
-0.0086862 -0.008575
-0.00870965 -0.0086
-0.00873311 -0.008625
-0.00875656 -0.00865
-0.00878002 -0.008675
-0.00880347 -0.0087
-0.00882693 -0.008725
-0.00885039 -0.00875
-0.00882485 -0.008725
-0.00879931 -0.0087
-0.00877377 -0.008675
-0.00874823 -0.00865
-0.0087227 -0.008625
-0.00869716 -0.0086
-0.00867162 -0.008575
-0.00864608 -0.00855
-0.00862054 -0.008525
-0.00859501 -0.0085
-0.00856947 -0.008475
-0.00854393 -0.00845
-0.00851839 -0.008425
-0.00849285 -0.0084
-0.00846732 -0.008375
-0.00844178 -0.00835
-0.00841624 -0.008325
-0.0083907 -0.0083
-0.00836516 -0.008275
-0.00833963 -0.00825
-0.00831409 -0.008225
-0.00828855 -0.0082
-0.00826301 -0.008175
-0.00823747 -0.00815
-0.00821194 -0.008125
-0.0081864 -0.0081
-0.00816086 -0.008075
-0.00813532 -0.00805
-0.00810978 -0.008025
-0.00808425 -0.008
-0.00805871 -0.007975
-0.00803317 -0.00795
-0.00800763 -0.007925
-0.00798209 -0.0079
-0.00795656 -0.007875
-0.00793102 -0.00785
-0.00790548 -0.007825
-0.00787994 -0.0078
-0.0078544 -0.007775
-0.00782887 -0.00775
-0.00780333 -0.007725
-0.00777779 -0.0077
-0.00775225 -0.007675
-0.00772671 -0.00765
-0.00770118 -0.007625
-0.00767564 -0.0076
-0.0076501 -0.007575
-0.00762456 -0.00755
-0.00759902 -0.007525
-0.00757349 -0.0075
-0.00754795 -0.007475
-0.00752241 -0.00745
-0.00749687 -0.007425
-0.00747133 -0.0074
-0.0074458 -0.007375
-0.00742026 -0.00735
-0.00739472 -0.007325
-0.00736918 -0.0073
-0.00734364 -0.007275
-0.00731811 -0.00725
-0.00729257 -0.007225
-0.00726703 -0.0072
-0.00724149 -0.007175
-0.00721595 -0.00715
-0.00719042 -0.007125
-0.00716488 -0.0071
-0.00713934 -0.007075
-0.0071138 -0.00705
-0.00708826 -0.007025
-0.00706273 -0.007
-0.00703719 -0.006975
-0.00701165 -0.00695
-0.00698611 -0.006925
-0.00696057 -0.0069
-0.00693504 -0.006875
-0.0069095 -0.00685
-0.00688396 -0.006825
-0.00685842 -0.0068
-0.00683288 -0.006775
-0.00680735 -0.00675
-0.00678181 -0.006725
-0.00675627 -0.0067
-0.00673073 -0.006675
-0.00670519 -0.00665
-0.00667966 -0.006625
-0.00665412 -0.0066
-0.00662858 -0.006575
-0.00660304 -0.00655
-0.0065775 -0.006525
-0.00655197 -0.0065
-0.00652643 -0.006475
-0.00650089 -0.00645
-0.00647535 -0.006425
-0.00644981 -0.0064
-0.00642428 -0.006375
-0.00639874 -0.00635
-0.0063732 -0.006325
-0.00634766 -0.0063
-0.00632212 -0.006275
-0.00629659 -0.00625
-0.00627105 -0.006225
-0.00624551 -0.0062
-0.00621997 -0.006175
-0.00619443 -0.00615
-0.0061689 -0.006125
-0.00614336 -0.0061
-0.00611782 -0.006075
-0.00609228 -0.00605
-0.00606674 -0.006025
-0.00604121 -0.006
-0.00601567 -0.005975
-0.00599013 -0.00595
-0.00596459 -0.005925
-0.00593905 -0.0059
-0.00591352 -0.005875
-0.00588798 -0.00585
-0.00586244 -0.005825
-0.0058369 -0.0058
-0.00581136 -0.005775
-0.00578583 -0.00575
-0.00576029 -0.005725
-0.00573475 -0.0057
-0.00570921 -0.005675
-0.00568367 -0.00565
-0.00565814 -0.005625
-0.0056326 -0.0056
-0.00560706 -0.005575
-0.00558152 -0.00555
-0.00555598 -0.005525
-0.00553045 -0.0055
-0.00550491 -0.005475
-0.00547937 -0.00545
-0.00545383 -0.005425
-0.00542829 -0.0054
-0.00540276 -0.005375
-0.00537722 -0.00535
-0.00535168 -0.005325
-0.00532614 -0.0053
-0.0053006 -0.005275
-0.00527507 -0.00525
-0.00524953 -0.005225
-0.00522399 -0.0052
-0.00519845 -0.005175
-0.00517291 -0.00515
-0.00514738 -0.005125
-0.00512184 -0.0051
-0.0050963 -0.005075
-0.00507076 -0.00505
-0.00504522 -0.005025
-0.00501969 -0.005
-0.00499415 -0.004975
-0.00496861 -0.00495
-0.00494307 -0.004925
-0.00491753 -0.0049
-0.004892 -0.004875
-0.00486646 -0.00485
-0.00484092 -0.004825
-0.00481538 -0.0048
-0.00478984 -0.004775
-0.00476431 -0.00475
-0.00473877 -0.004725
-0.00471323 -0.0047
-0.00468769 -0.004675
-0.00466215 -0.00465
-0.00463661 -0.004625
-0.00461108 -0.0046
-0.00458554 -0.004575
-0.00456 -0.00455
-0.00453446 -0.004525
-0.00450892 -0.0045
-0.00448339 -0.004475
-0.00445785 -0.00445
-0.00443231 -0.004425
-0.00440677 -0.0044
-0.00438123 -0.004375
-0.0043557 -0.00435
-0.00433016 -0.004325
-0.00430462 -0.0043
-0.00427908 -0.004275
-0.00425354 -0.00425
-0.00422801 -0.004225
-0.00420247 -0.0042
-0.00417693 -0.004175
-0.00415139 -0.00415
-0.00412585 -0.004125
-0.00410032 -0.0041
-0.004075 -0.004075
-0.00405 -0.00405
-0.004025 -0.004025
-0.004 -0.004
-0.003975 -0.003975
-0.00395 -0.00395
-0.003925 -0.003925
-0.0039 -0.0039
-0.003875 -0.003875
-0.00385 -0.00385
-0.003825 -0.003825
-0.0038 -0.0038
-0.003775 -0.003775
-0.00375 -0.00375
-0.003725 -0.003725
-0.0037 -0.0037
-0.003675 -0.003675
-0.00365 -0.00365
-0.003625 -0.003625
-0.0036 -0.0036
-0.003575 -0.003575
-0.00355 -0.00355
-0.003525 -0.003525
-0.0035 -0.0035
-0.003475 -0.003475
-0.00345 -0.00345
-0.003425 -0.003425
-0.0034 -0.0034
-0.003375 -0.003375
-0.00335 -0.00335
-0.003325 -0.003325
-0.0033 -0.0033
-0.003275 -0.003275
-0.00325 -0.00325
-0.003225 -0.003225
-0.0032 -0.0032
-0.003175 -0.003175
-0.00315 -0.00315
-0.003125 -0.003125
-0.0031 -0.0031
-0.003075 -0.003075
-0.00305 -0.00305
-0.003025 -0.003025
-0.003 -0.003
-0.002975 -0.002975
-0.00295 -0.00295
-0.002925 -0.002925
-0.0029 -0.0029
-0.002875 -0.002875
-0.00285 -0.00285
-0.002825 -0.002825
-0.0028 -0.0028
-0.002775 -0.002775
-0.00275 -0.00275
-0.002725 -0.002725
-0.0027 -0.0027
-0.002675 -0.002675
-0.00265 -0.00265
-0.002625 -0.002625
-0.0026 -0.0026
-0.002575 -0.002575
-0.00255 -0.00255
-0.002525 -0.002525
-0.0025 -0.0025
-0.002475 -0.002475
-0.00245 -0.00245
-0.002425 -0.002425
-0.0024 -0.0024
-0.002375 -0.002375
-0.00235 -0.00235
-0.002325 -0.002325
-0.0023 -0.0023
-0.002275 -0.002275
-0.00225 -0.00225
-0.002225 -0.002225
-0.0022 -0.0022
-0.002175 -0.002175
-0.00215 -0.00215
-0.002125 -0.002125
-0.0021 -0.0021
-0.002075 -0.002075
-0.00205 -0.00205
-0.002025 -0.002025
-0.002 -0.002
-0.001975 -0.001975
-0.00195 -0.00195
-0.001925 -0.001925
-0.0019 -0.0019
-0.001875 -0.001875
-0.00185 -0.00185
-0.001825 -0.001825
-0.0018 -0.0018
-0.001775 -0.001775
-0.00175 -0.00175
-0.001725 -0.001725
-0.0017 -0.0017
-0.001675 -0.001675
-0.00165 -0.00165
-0.001625 -0.001625
-0.0016 -0.0016
-0.001575 -0.001575
-0.00155 -0.00155
-0.001525 -0.001525
-0.0015 -0.0015
-0.001475 -0.001475
-0.00145 -0.00145
-0.001425 -0.001425
-0.0014 -0.0014
-0.001375 -0.001375
-0.00135 -0.00135
-0.001325 -0.001325
-0.0013 -0.0013
-0.001275 -0.001275
-0.00125 -0.00125
-0.001225 -0.001225
-0.0012 -0.0012
-0.001175 -0.001175
-0.00115 -0.00115
-0.001125 -0.001125
-0.0011 -0.0011
-0.001075 -0.001075
-0.00105 -0.00105
-0.001025 -0.001025
-0.001 -0.001
-0.000975 -0.000975
-0.00095 -0.00095
-0.000925 -0.000925
-0.0009 -0.0009
-0.000875 -0.000875
-0.00085 -0.00085
-0.000825 -0.000825
-0.0008 -0.0008
-0.000775 -0.000775
-0.00075 -0.00075
-0.000725 -0.000725
-0.0007 -0.0007
-0.000675 -0.000675
-0.00065 -0.00065
-0.000625 -0.000625
-0.0006 -0.0006
-0.000575 -0.000575
-0.00055 -0.00055
-0.000525 -0.000525
-0.0005 -0.0005
-0.000475 -0.000475
-0.00045 -0.00045
-0.000425 -0.000425
-0.0004 -0.0004
-0.000375 -0.000375
-0.00035 -0.00035
-0.000325 -0.000325
-0.0003 -0.0003
-0.000275 -0.000275
-0.00025 -0.00025
-0.000225 -0.000225
-0.0002 -0.0002
-0.000175 -0.000175
-0.00015 -0.00015
-0.000125 -0.000125
-0.0001 -0.0001
-7.5e-05 -7.5e-05
-5e-05 -5e-05
-2.5e-05 -2.5e-05
-9.28348e-19 -9.28348e-19
2.5e-05 2.5e-05
5e-05 5e-05
7.5e-05 7.5e-05
0.0001 0.0001
0.000125 0.000125
0.00015 0.00015
0.000175 0.000175
0.0002 0.0002
0.000225 0.000225
0.00025 0.00025
0.000275 0.000275
0.0003 0.0003
0.000325 0.000325
0.00035 0.00035
0.000375 0.000375
0.0004 0.0004
0.000425 0.000425
0.00045 0.00045
0.000475 0.000475
0.0005 0.0005
0.000525 0.000525
0.00055 0.00055
0.000575 0.000575
0.0006 0.0006
0.000625 0.000625
0.00065 0.00065
0.000675 0.000675
0.0007 0.0007
0.000725 0.000725
0.00075 0.00075
0.000775 0.000775
0.0008 0.0008
0.000825 0.000825
0.00085 0.00085
0.000875 0.000875
0.00085 0.00085
0.000825 0.000825
0.0008 0.0008
0.000775 0.000775
0.00075 0.00075
0.000725 0.000725
0.0007 0.0007
0.000675 0.000675
0.00065 0.00065
0.000625 0.000625
0.0006 0.0006
0.000575 0.000575
0.00055 0.00055
0.000525 0.000525
0.0005 0.0005
0.000475 0.000475
0.00045 0.00045
0.000425 0.000425
0.0004 0.0004
0.000375 0.000375
0.00035 0.00035
0.000325 0.000325
0.0003 0.0003
0.000275 0.000275
0.00025 0.00025
0.000225 0.000225
0.0002 0.0002
0.000175 0.000175
0.00015 0.00015
0.000125 0.000125
0.0001 0.0001
7.5e-05 7.5e-05
5e-05 5e-05
2.5e-05 2.5e-05
-9.14796e-19 -9.14796e-19
