-3.10432e-05 -2.5e-05
-6.20514e-05 -5e-05
-9.30244e-05 -7.5e-05
-0.000123962 -0.0001
-0.000154864 -0.000125
-0.000185731 -0.00015
-0.000216561 -0.000175
-0.000247355 -0.0002
-0.000278113 -0.000225
-0.000308834 -0.00025
-0.000339519 -0.000275
-0.000370166 -0.0003
-0.000400776 -0.000325
-0.000431349 -0.00035
-0.000461884 -0.000375
-0.000492382 -0.0004
-0.000522841 -0.000425
-0.000553262 -0.00045
-0.000583644 -0.000475
-0.000613988 -0.0005
-0.000644292 -0.000525
-0.000674558 -0.00055
-0.000704783 -0.000575
-0.00073497 -0.0006
-0.000765116 -0.000625
-0.000795222 -0.00065
-0.000825287 -0.000675
-0.000855312 -0.0007
-0.000885296 -0.000725
-0.000915239 -0.00075
-0.00094514 -0.000775
-0.000975 -0.0008
-0.00100482 -0.000825
-0.00103459 -0.00085
-0.00106433 -0.000875
-0.00109402 -0.0009
-0.00112366 -0.000925
-0.00115327 -0.00095
-0.00118283 -0.000975
-0.00121234 -0.001
-0.00124182 -0.001025
-0.00127124 -0.00105
-0.00130063 -0.001075
-0.00132997 -0.0011
-0.00135926 -0.001125
-0.00138851 -0.00115
-0.00141771 -0.001175
-0.00144686 -0.0012
-0.00147597 -0.001225
-0.00150503 -0.00125
-0.00147404 -0.001225
-0.00144304 -0.0012
-0.00141204 -0.001175
-0.00138105 -0.00115
-0.00135005 -0.001125
-0.00131905 -0.0011
-0.00128806 -0.001075
-0.00125706 -0.00105
-0.00122606 -0.001025
-0.00119507 -0.001
-0.00116407 -0.000975
-0.00113307 -0.00095
-0.00110208 -0.000925
-0.00107108 -0.0009
-0.00104008 -0.000875
-0.00100909 -0.00085
-0.00097809 -0.000825
-0.000947093 -0.0008
-0.000916097 -0.000775
-0.0008851 -0.00075
-0.000854104 -0.000725
-0.000823107 -0.0007
-0.00079211 -0.000675
-0.000761114 -0.00065
-0.000730117 -0.000625
-0.000699121 -0.0006
-0.000668124 -0.000575
-0.000637127 -0.00055
-0.000606131 -0.000525
-0.000575134 -0.0005
-0.000544138 -0.000475
-0.000513141 -0.00045
-0.000482144 -0.000425
-0.000451148 -0.0004
-0.000420151 -0.000375
-0.000389155 -0.00035
-0.000358158 -0.000325
-0.000327161 -0.0003
-0.000296165 -0.000275
-0.000265168 -0.00025
-0.000234172 -0.000225
-0.000203175 -0.0002
-0.000175 -0.000175
-0.00015 -0.00015
-0.000125 -0.000125
-0.0001 -0.0001
-7.5e-05 -7.5e-05
-5e-05 -5e-05
-2.5e-05 -2.5e-05
-6.09864e-20 -6.09864e-20
2.5e-05 2.5e-05
5e-05 5e-05
7.5e-05 7.5e-05
0.0001 0.0001
0.000125 0.000125
0.0001 0.0001
7.5e-05 7.5e-05
5e-05 5e-05
2.5e-05 2.5e-05
-4.74338e-20 -4.74338e-20
-2.5e-05 -2.5e-05
-5e-05 -5e-05
-7.5e-05 -7.5e-05
-0.0001 -0.0001
-0.000125 -0.000125
-0.00015 -0.00015
-0.000175 -0.000175
-0.000203175 -0.0002
-0.000234172 -0.000225
-0.000265168 -0.00025
-0.000296165 -0.000275
-0.000327161 -0.0003
-0.000358158 -0.000325
-0.000389155 -0.00035
-0.000420151 -0.000375
-0.000451148 -0.0004
-0.000482144 -0.000425
-0.000513141 -0.00045
-0.000544138 -0.000475
-0.000575134 -0.0005
-0.000606131 -0.000525
-0.000637127 -0.00055
-0.000668124 -0.000575
-0.000699121 -0.0006
-0.000730117 -0.000625
-0.000761114 -0.00065
-0.00079211 -0.000675
-0.000823107 -0.0007
-0.000854104 -0.000725
-0.0008851 -0.00075
-0.000916097 -0.000775
-0.000947093 -0.0008
-0.00097809 -0.000825
-0.00100909 -0.00085
-0.00104008 -0.000875
-0.00107108 -0.0009
-0.00110208 -0.000925
-0.00113307 -0.00095
-0.00116407 -0.000975
-0.00119507 -0.001
-0.00122606 -0.001025
-0.00125706 -0.00105
-0.00128806 -0.001075
-0.00131905 -0.0011
-0.00135005 -0.001125
-0.00138105 -0.00115
-0.00141204 -0.001175
-0.00144304 -0.0012
-0.00147404 -0.001225
-0.00150503 -0.00125
-0.00153405 -0.001275
-0.00156301 -0.0013
-0.00159193 -0.001325
-0.0016208 -0.00135
-0.00164963 -0.001375
-0.0016784 -0.0014
-0.00170713 -0.001425
-0.0017358 -0.00145
-0.00176443 -0.001475
-0.001793 -0.0015
-0.00182153 -0.001525
-0.00185 -0.00155
-0.00187842 -0.001575
-0.00190679 -0.0016
-0.00193511 -0.001625
-0.00196338 -0.00165
-0.00199159 -0.001675
-0.00201975 -0.0017
-0.00204786 -0.001725
-0.00207591 -0.00175
-0.00210391 -0.001775
-0.00213186 -0.0018
-0.00215975 -0.001825
-0.00218758 -0.00185
-0.00221536 -0.001875
-0.00224308 -0.0019
-0.00227074 -0.001925
-0.00229835 -0.00195
-0.0023259 -0.001975
-0.00235339 -0.002
-0.00238082 -0.002025
-0.0024082 -0.00205
-0.00243551 -0.002075
-0.00246276 -0.0021
-0.00248996 -0.002125
-0.00251709 -0.00215
-0.00254416 -0.002175
-0.00257117 -0.0022
-0.00259812 -0.002225
-0.002625 -0.00225
-0.00265182 -0.002275
-0.00267858 -0.0023
-0.00270527 -0.002325
-0.00273189 -0.00235
-0.00275845 -0.002375
-0.00278495 -0.0024
-0.00281138 -0.002425
-0.00283774 -0.00245
-0.00286403 -0.002475
-0.00289025 -0.0025
-0.00291641 -0.002525
-0.00294249 -0.00255
-0.00296851 -0.002575
-0.00299445 -0.0026
-0.00302032 -0.002625
-0.00304612 -0.00265
-0.00307185 -0.002675
-0.0030975 -0.0027
-0.00312308 -0.002725
-0.00314859 -0.00275
-0.00317402 -0.002775
-0.00319937 -0.0028
-0.00322464 -0.002825
-0.00324984 -0.00285
-0.00327496 -0.002875
-0.0033 -0.0029
-0.00332283 -0.002925
-0.00334565 -0.00295
-0.00336848 -0.002975
-0.0033913 -0.003
-0.00341413 -0.003025
-0.00343696 -0.00305
-0.00345978 -0.003075
-0.00348261 -0.0031
-0.00350543 -0.003125
-0.00352826 -0.00315
-0.00355109 -0.003175
-0.00357391 -0.0032
-0.00359674 -0.003225
-0.00361957 -0.00325
-0.00364239 -0.003275
-0.00366522 -0.0033
-0.00368804 -0.003325
-0.00371087 -0.00335
-0.0037337 -0.003375
-0.00375652 -0.0034
-0.00377935 -0.003425
-0.00380217 -0.00345
-0.003825 -0.003475
-0.00384783 -0.0035
-0.00387065 -0.003525
-0.00389348 -0.00355
-0.0039163 -0.003575
-0.00393913 -0.0036
-0.00396196 -0.003625
-0.00398478 -0.00365
-0.00400761 -0.003675
-0.00403043 -0.0037
-0.00405326 -0.003725
-0.00407609 -0.00375
-0.00404798 -0.003725
-0.00401988 -0.0037
-0.00399177 -0.003675
-0.00396366 -0.00365
-0.00393556 -0.003625
-0.00390745 -0.0036
-0.00387935 -0.003575
-0.00385124 -0.00355
-0.00382314 -0.003525
-0.00379503 -0.0035
-0.00376692 -0.003475
-0.00373882 -0.00345
-0.00371071 -0.003425
-0.00368261 -0.0034
-0.0036545 -0.003375
-0.0036264 -0.00335
-0.00359829 -0.003325
-0.00357019 -0.0033
-0.00354208 -0.003275
-0.00351397 -0.00325
-0.00348587 -0.003225
-0.00345776 -0.0032
-0.00342966 -0.003175
-0.00340155 -0.00315
-0.00337345 -0.003125
-0.00334534 -0.0031
-0.00331723 -0.003075
-0.00328913 -0.00305
-0.00326102 -0.003025
-0.00323292 -0.003
-0.00320481 -0.002975
-0.00317671 -0.00295
-0.0031486 -0.002925
-0.00312049 -0.0029
-0.00309239 -0.002875
-0.00306428 -0.00285
-0.00303618 -0.002825
-0.00300807 -0.0028
-0.00297997 -0.002775
-0.00295186 -0.00275
-0.00292376 -0.002725
-0.00289565 -0.0027
-0.00286754 -0.002675
-0.00283944 -0.00265
-0.00281133 -0.002625
-0.00278323 -0.0026
-0.00275512 -0.002575
-0.00272702 -0.00255
-0.00269891 -0.002525
-0.0026708 -0.0025
-0.0026427 -0.002475
-0.00261459 -0.00245
-0.00258649 -0.002425
-0.00255838 -0.0024
-0.00253028 -0.002375
-0.00250217 -0.00235
-0.00247406 -0.002325
-0.00244596 -0.0023
-0.00241785 -0.002275
-0.00238975 -0.00225
-0.00236164 -0.002225
-0.00233354 -0.0022
-0.00230543 -0.002175
-0.00227733 -0.00215
-0.00224922 -0.002125
-0.00222111 -0.0021
-0.00219301 -0.002075
-0.0021649 -0.00205
-0.0021368 -0.002025
-0.00210869 -0.002
-0.00208059 -0.001975
-0.00205248 -0.00195
-0.00202437 -0.001925
-0.00199627 -0.0019
-0.00196816 -0.001875
-0.00194006 -0.00185
-0.00191195 -0.001825
-0.00188385 -0.0018
-0.00185574 -0.001775
-0.00182763 -0.00175
-0.00179953 -0.001725
-0.00177142 -0.0017
-0.00174332 -0.001675
-0.00171521 -0.00165
-0.00168711 -0.001625
-0.001659 -0.0016
-0.0016309 -0.001575
-0.00160279 -0.00155
-0.00157468 -0.001525
-0.00154658 -0.0015
-0.00151847 -0.001475
-0.00149037 -0.00145
-0.00146226 -0.001425
-0.00143416 -0.0014
-0.00140605 -0.001375
-0.00137794 -0.00135
-0.00134984 -0.001325
-0.00132173 -0.0013
-0.00129363 -0.001275
-0.00126552 -0.00125
-0.00123742 -0.001225
-0.00120931 -0.0012
-0.0011812 -0.001175
-0.0011531 -0.00115
-0.001125 -0.001125
-0.0011 -0.0011
-0.001075 -0.001075
-0.00105 -0.00105
-0.001025 -0.001025
-0.001 -0.001
-0.000975 -0.000975
-0.00095 -0.00095
-0.000925 -0.000925
-0.0009 -0.0009
-0.000875 -0.000875
-0.00085 -0.00085
-0.000825 -0.000825
-0.0008 -0.0008
-0.000775 -0.000775
-0.00075 -0.00075
-0.000725 -0.000725
-0.0007 -0.0007
-0.000675 -0.000675
-0.00065 -0.00065
-0.000625 -0.000625
-0.0006 -0.0006
-0.000575 -0.000575
-0.00055 -0.00055
-0.000525 -0.000525
-0.0005 -0.0005
-0.000475 -0.000475
-0.00045 -0.00045
-0.000425 -0.000425
-0.0004 -0.0004
-0.000375 -0.000375
-0.00035 -0.00035
-0.000325 -0.000325
-0.0003 -0.0003
-0.000275 -0.000275
-0.00025 -0.00025
-0.000225 -0.000225
-0.0002 -0.0002
-0.000175 -0.000175
-0.00015 -0.00015
-0.000125 -0.000125
-0.0001 -0.0001
-7.5e-05 -7.5e-05
-5e-05 -5e-05
-2.5e-05 -2.5e-05
-6.09864e-20 -6.09864e-20
2.5e-05 2.5e-05
5e-05 5e-05
7.5e-05 7.5e-05
0.0001 0.0001
0.000125 0.000125
0.00015 0.00015
0.000175 0.000175
0.0002 0.0002
0.000225 0.000225
0.00025 0.00025
0.000275 0.000275
0.0003 0.0003
0.000325 0.000325
0.00035 0.00035
0.000375 0.000375
0.00035 0.00035
0.000325 0.000325
0.0003 0.0003
0.000275 0.000275
0.00025 0.00025
0.000225 0.000225
0.0002 0.0002
0.000175 0.000175
0.00015 0.00015
0.000125 0.000125
0.0001 0.0001
7.5e-05 7.5e-05
5e-05 5e-05
2.5e-05 2.5e-05
-4.74338e-20 -4.74338e-20
-2.5e-05 -2.5e-05
-5e-05 -5e-05
-7.5e-05 -7.5e-05
-0.0001 -0.0001
-0.000125 -0.000125
-0.00015 -0.00015
-0.000175 -0.000175
-0.0002 -0.0002
-0.000225 -0.000225
-0.00025 -0.00025
-0.000275 -0.000275
-0.0003 -0.0003
-0.000325 -0.000325
-0.00035 -0.00035
-0.000375 -0.000375
-0.0004 -0.0004
-0.000425 -0.000425
-0.00045 -0.00045
-0.000475 -0.000475
-0.0005 -0.0005
-0.000525 -0.000525
-0.00055 -0.00055
-0.000575 -0.000575
-0.0006 -0.0006
-0.000625 -0.000625
-0.00065 -0.00065
-0.000675 -0.000675
-0.0007 -0.0007
-0.000725 -0.000725
-0.00075 -0.00075
-0.000775 -0.000775
-0.0008 -0.0008
-0.000825 -0.000825
-0.00085 -0.00085
-0.000875 -0.000875
-0.0009 -0.0009
-0.000925 -0.000925
-0.00095 -0.00095
-0.000975 -0.000975
-0.001 -0.001
-0.001025 -0.001025
-0.00105 -0.00105
-0.001075 -0.001075
-0.0011 -0.0011
-0.001125 -0.001125
-0.0011531 -0.00115
-0.0011812 -0.001175
-0.00120931 -0.0012
-0.00123742 -0.001225
-0.00126552 -0.00125
-0.00129363 -0.001275
-0.00132173 -0.0013
-0.00134984 -0.001325
-0.00137794 -0.00135
-0.00140605 -0.001375
-0.00143416 -0.0014
-0.00146226 -0.001425
-0.00149037 -0.00145
-0.00151847 -0.001475
-0.00154658 -0.0015
-0.00157468 -0.001525
-0.00160279 -0.00155
-0.0016309 -0.001575
-0.001659 -0.0016
-0.00168711 -0.001625
-0.00171521 -0.00165
-0.00174332 -0.001675
-0.00177142 -0.0017
-0.00179953 -0.001725
-0.00182763 -0.00175
-0.00185574 -0.001775
-0.00188385 -0.0018
-0.00191195 -0.001825
-0.00194006 -0.00185
-0.00196816 -0.001875
-0.00199627 -0.0019
-0.00202437 -0.001925
-0.00205248 -0.00195
-0.00208059 -0.001975
-0.00210869 -0.002
-0.0021368 -0.002025
-0.0021649 -0.00205
-0.00219301 -0.002075
-0.00222111 -0.0021
-0.00224922 -0.002125
-0.00227733 -0.00215
-0.00230543 -0.002175
-0.00233354 -0.0022
-0.00236164 -0.002225
-0.00238975 -0.00225
-0.00241785 -0.002275
-0.00244596 -0.0023
-0.00247406 -0.002325
-0.00250217 -0.00235
-0.00253028 -0.002375
-0.00255838 -0.0024
-0.00258649 -0.002425
-0.00261459 -0.00245
-0.0026427 -0.002475
-0.0026708 -0.0025
-0.00269891 -0.002525
-0.00272702 -0.00255
-0.00275512 -0.002575
-0.00278323 -0.0026
-0.00281133 -0.002625
-0.00283944 -0.00265
-0.00286754 -0.002675
-0.00289565 -0.0027
-0.00292376 -0.002725
-0.00295186 -0.00275
-0.00297997 -0.002775
-0.00300807 -0.0028
-0.00303618 -0.002825
-0.00306428 -0.00285
-0.00309239 -0.002875
-0.00312049 -0.0029
-0.0031486 -0.002925
-0.00317671 -0.00295
-0.00320481 -0.002975
-0.00323292 -0.003
-0.00326102 -0.003025
-0.00328913 -0.00305
-0.00331723 -0.003075
-0.00334534 -0.0031
-0.00337345 -0.003125
-0.00340155 -0.00315
-0.00342966 -0.003175
-0.00345776 -0.0032
-0.00348587 -0.003225
-0.00351397 -0.00325
-0.00354208 -0.003275
-0.00357019 -0.0033
-0.00359829 -0.003325
-0.0036264 -0.00335
-0.0036545 -0.003375
-0.00368261 -0.0034
-0.00371071 -0.003425
-0.00373882 -0.00345
-0.00376692 -0.003475
-0.00379503 -0.0035
-0.00382314 -0.003525
-0.00385124 -0.00355
-0.00387935 -0.003575
-0.00390745 -0.0036
-0.00393556 -0.003625
-0.00396366 -0.00365
-0.00399177 -0.003675
-0.00401988 -0.0037
-0.00404798 -0.003725
-0.00407609 -0.00375
-0.00409891 -0.003775
-0.00412174 -0.0038
-0.00414457 -0.003825
-0.00416739 -0.00385
-0.00419022 -0.003875
-0.00421304 -0.0039
-0.00423587 -0.003925
-0.0042587 -0.00395
-0.00428152 -0.003975
-0.00430435 -0.004
-0.00432717 -0.004025
-0.00435 -0.00405
-0.00437283 -0.004075
-0.00439565 -0.0041
-0.00441848 -0.004125
-0.0044413 -0.00415
-0.00446413 -0.004175
-0.00448696 -0.0042
-0.00450978 -0.004225
-0.00453261 -0.00425
-0.00455543 -0.004275
-0.00457826 -0.0043
-0.00460109 -0.004325
-0.00462391 -0.00435
-0.00464674 -0.004375
-0.00466957 -0.0044
-0.00469239 -0.004425
-0.00471522 -0.00445
-0.00473804 -0.004475
-0.00476087 -0.0045
-0.0047837 -0.004525
-0.00480652 -0.00455
-0.00482935 -0.004575
-0.00485217 -0.0046
-0.004875 -0.004625
-0.00489783 -0.00465
-0.00492065 -0.004675
-0.00494348 -0.0047
-0.0049663 -0.004725
-0.00498913 -0.00475
-0.00501196 -0.004775
-0.00503478 -0.0048
-0.00505761 -0.004825
-0.00508043 -0.00485
-0.00510326 -0.004875
-0.00512609 -0.0049
-0.00514891 -0.004925
-0.00517174 -0.00495
-0.00519457 -0.004975
-0.00521739 -0.005
-0.00519061 -0.004975
-0.00516383 -0.00495
-0.00513705 -0.004925
-0.00511027 -0.0049
-0.00508349 -0.004875
-0.00505671 -0.00485
-0.00502992 -0.004825
-0.00500314 -0.0048
-0.00497636 -0.004775
-0.00494958 -0.00475
-0.0049228 -0.004725
-0.00489602 -0.0047
-0.00486924 -0.004675
-0.00484246 -0.00465
-0.00481568 -0.004625
-0.0047889 -0.0046
-0.00476212 -0.004575
-0.00473533 -0.00455
-0.00470855 -0.004525
-0.00468177 -0.0045
-0.00465499 -0.004475
-0.00462821 -0.00445
-0.00460143 -0.004425
-0.00457465 -0.0044
-0.00454787 -0.004375
-0.00452109 -0.00435
-0.00449431 -0.004325
-0.00446752 -0.0043
-0.00444074 -0.004275
-0.00441396 -0.00425
-0.00438718 -0.004225
-0.0043604 -0.0042
-0.00433362 -0.004175
-0.00430684 -0.00415
-0.00428006 -0.004125
-0.00425328 -0.0041
-0.0042265 -0.004075
-0.00419971 -0.00405
-0.00417293 -0.004025
-0.00414615 -0.004
-0.00411937 -0.003975
-0.00409259 -0.00395
-0.00406581 -0.003925
-0.00403903 -0.0039
-0.00401225 -0.003875
-0.00398547 -0.00385
-0.00395869 -0.003825
-0.00393191 -0.0038
-0.00390512 -0.003775
-0.00387834 -0.00375
-0.00385156 -0.003725
-0.00382478 -0.0037
-0.003798 -0.003675
-0.00377122 -0.00365
-0.00374444 -0.003625
-0.00371766 -0.0036
-0.00369088 -0.003575
-0.0036641 -0.00355
-0.00363731 -0.003525
-0.00361053 -0.0035
-0.00358375 -0.003475
-0.00355697 -0.00345
-0.00353019 -0.003425
-0.00350341 -0.0034
-0.00347663 -0.003375
-0.00344985 -0.00335
-0.00342307 -0.003325
-0.00339629 -0.0033
-0.00336951 -0.003275
-0.00334272 -0.00325
-0.00331594 -0.003225
-0.00328916 -0.0032
-0.00326238 -0.003175
-0.0032356 -0.00315
-0.00320882 -0.003125
-0.00318204 -0.0031
-0.00315526 -0.003075
-0.00312848 -0.00305
-0.0031017 -0.003025
-0.00307491 -0.003
-0.00304813 -0.002975
-0.00302135 -0.00295
-0.00299457 -0.002925
-0.00296779 -0.0029
-0.00294101 -0.002875
-0.00291423 -0.00285
-0.00288745 -0.002825
-0.00286067 -0.0028
-0.00283389 -0.002775
-0.00280711 -0.00275
-0.00278032 -0.002725
-0.00275354 -0.0027
-0.00272676 -0.002675
-0.00269998 -0.00265
-0.0026732 -0.002625
-0.00264642 -0.0026
-0.00261964 -0.002575
-0.00259286 -0.00255
-0.00256608 -0.002525
-0.0025393 -0.0025
-0.00251251 -0.002475
-0.00248573 -0.00245
-0.00245895 -0.002425
-0.00243217 -0.0024
-0.00240539 -0.002375
-0.00237861 -0.00235
-0.00235183 -0.002325
-0.00232505 -0.0023
-0.00229827 -0.002275
-0.00227149 -0.00225
-0.00224471 -0.002225
-0.00221792 -0.0022
-0.00219114 -0.002175
-0.00216436 -0.00215
-0.00213758 -0.002125
-0.0021108 -0.0021
-0.00208402 -0.002075
-0.00205724 -0.00205
-0.00203046 -0.002025
-0.00200368 -0.002
-0.0019769 -0.001975
-0.00195011 -0.00195
-0.001925 -0.001925
-0.0019 -0.0019
-0.001875 -0.001875
-0.00185 -0.00185
-0.001825 -0.001825
-0.0018 -0.0018
-0.001775 -0.001775
-0.00175 -0.00175
-0.001725 -0.001725
-0.0017 -0.0017
-0.001675 -0.001675
-0.00165 -0.00165
-0.001625 -0.001625
-0.0016 -0.0016
-0.001575 -0.001575
-0.00155 -0.00155
-0.001525 -0.001525
-0.0015 -0.0015
-0.001475 -0.001475
-0.00145 -0.00145
-0.001425 -0.001425
-0.0014 -0.0014
-0.001375 -0.001375
-0.00135 -0.00135
-0.001325 -0.001325
-0.0013 -0.0013
-0.001275 -0.001275
-0.00125 -0.00125
-0.001225 -0.001225
-0.0012 -0.0012
-0.001175 -0.001175
-0.00115 -0.00115
-0.001125 -0.001125
-0.0011 -0.0011
-0.001075 -0.001075
-0.00105 -0.00105
-0.001025 -0.001025
-0.001 -0.001
-0.000975 -0.000975
-0.00095 -0.00095
-0.000925 -0.000925
-0.0009 -0.0009
-0.000875 -0.000875
-0.00085 -0.00085
-0.000825 -0.000825
-0.0008 -0.0008
-0.000775 -0.000775
-0.00075 -0.00075
-0.000725 -0.000725
-0.0007 -0.0007
-0.000675 -0.000675
-0.00065 -0.00065
-0.000625 -0.000625
-0.0006 -0.0006
-0.000575 -0.000575
-0.00055 -0.00055
-0.000525 -0.000525
-0.0005 -0.0005
-0.000475 -0.000475
-0.00045 -0.00045
-0.000425 -0.000425
-0.0004 -0.0004
-0.000375 -0.000375
-0.00035 -0.00035
-0.000325 -0.000325
-0.0003 -0.0003
-0.000275 -0.000275
-0.00025 -0.00025
-0.000225 -0.000225
-0.0002 -0.0002
-0.000175 -0.000175
-0.00015 -0.00015
-0.000125 -0.000125
-0.0001 -0.0001
-7.5e-05 -7.5e-05
-5e-05 -5e-05
-2.5e-05 -2.5e-05
-6.09864e-20 -6.09864e-20
2.5e-05 2.5e-05
5e-05 5e-05
7.5e-05 7.5e-05
0.0001 0.0001
0.000125 0.000125
0.00015 0.00015
0.000175 0.000175
0.0002 0.0002
0.000225 0.000225
0.00025 0.00025
0.000275 0.000275
0.0003 0.0003
0.000325 0.000325
0.00035 0.00035
0.000375 0.000375
0.0004 0.0004
0.000425 0.000425
0.00045 0.00045
0.000475 0.000475
0.0005 0.0005
0.000475 0.000475
0.00045 0.00045
0.000425 0.000425
0.0004 0.0004
0.000375 0.000375
0.00035 0.00035
0.000325 0.000325
0.0003 0.0003
0.000275 0.000275
0.00025 0.00025
0.000225 0.000225
0.0002 0.0002
0.000175 0.000175
0.00015 0.00015
0.000125 0.000125
0.0001 0.0001
7.5e-05 7.5e-05
5e-05 5e-05
2.5e-05 2.5e-05
-4.74338e-20 -4.74338e-20
-2.5e-05 -2.5e-05
-5e-05 -5e-05
-7.5e-05 -7.5e-05
-0.0001 -0.0001
-0.000125 -0.000125
-0.00015 -0.00015
-0.000175 -0.000175
-0.0002 -0.0002
-0.000225 -0.000225
-0.00025 -0.00025
-0.000275 -0.000275
-0.0003 -0.0003
-0.000325 -0.000325
-0.00035 -0.00035
-0.000375 -0.000375
-0.0004 -0.0004
-0.000425 -0.000425
-0.00045 -0.00045
-0.000475 -0.000475
-0.0005 -0.0005
-0.000525 -0.000525
-0.00055 -0.00055
-0.000575 -0.000575
-0.0006 -0.0006
-0.000625 -0.000625
-0.00065 -0.00065
-0.000675 -0.000675
-0.0007 -0.0007
-0.000725 -0.000725
-0.00075 -0.00075
-0.000775 -0.000775
-0.0008 -0.0008
-0.000825 -0.000825
-0.00085 -0.00085
-0.000875 -0.000875
-0.0009 -0.0009
-0.000925 -0.000925
-0.00095 -0.00095
-0.000975 -0.000975
-0.001 -0.001
-0.001025 -0.001025
-0.00105 -0.00105
-0.001075 -0.001075
-0.0011 -0.0011
-0.001125 -0.001125
-0.00115 -0.00115
-0.001175 -0.001175
-0.0012 -0.0012
-0.001225 -0.001225
-0.00125 -0.00125
-0.001275 -0.001275
-0.0013 -0.0013
-0.001325 -0.001325
-0.00135 -0.00135
-0.001375 -0.001375
-0.0014 -0.0014
-0.001425 -0.001425
-0.00145 -0.00145
-0.001475 -0.001475
-0.0015 -0.0015
-0.001525 -0.001525
-0.00155 -0.00155
-0.001575 -0.001575
-0.0016 -0.0016
-0.001625 -0.001625
-0.00165 -0.00165
-0.001675 -0.001675
-0.0017 -0.0017
-0.001725 -0.001725
-0.00175 -0.00175
-0.001775 -0.001775
-0.0018 -0.0018
-0.001825 -0.001825
-0.00185 -0.00185
-0.001875 -0.001875
-0.0019 -0.0019
-0.001925 -0.001925
-0.00195011 -0.00195
-0.0019769 -0.001975
-0.00200368 -0.002
-0.00203046 -0.002025
-0.00205724 -0.00205
-0.00208402 -0.002075
-0.0021108 -0.0021
-0.00213758 -0.002125
-0.00216436 -0.00215
-0.00219114 -0.002175
-0.00221792 -0.0022
-0.00224471 -0.002225
-0.00227149 -0.00225
-0.00229827 -0.002275
-0.00232505 -0.0023
-0.00235183 -0.002325
-0.00237861 -0.00235
-0.00240539 -0.002375
-0.00243217 -0.0024
-0.00245895 -0.002425
-0.00248573 -0.00245
-0.00251251 -0.002475
-0.0025393 -0.0025
-0.00256608 -0.002525
-0.00259286 -0.00255
-0.00261964 -0.002575
-0.00264642 -0.0026
-0.0026732 -0.002625
-0.00269998 -0.00265
-0.00272676 -0.002675
-0.00275354 -0.0027
-0.00278032 -0.002725
-0.00280711 -0.00275
-0.00283389 -0.002775
-0.00286067 -0.0028
-0.00288745 -0.002825
-0.00291423 -0.00285
-0.00294101 -0.002875
-0.00296779 -0.0029
-0.00299457 -0.002925
-0.00302135 -0.00295
-0.00304813 -0.002975
-0.00307491 -0.003
-0.0031017 -0.003025
-0.00312848 -0.00305
-0.00315526 -0.003075
-0.00318204 -0.0031
-0.00320882 -0.003125
-0.0032356 -0.00315
-0.00326238 -0.003175
-0.00328916 -0.0032
-0.00331594 -0.003225
-0.00334272 -0.00325
-0.00336951 -0.003275
-0.00339629 -0.0033
-0.00342307 -0.003325
-0.00344985 -0.00335
-0.00347663 -0.003375
-0.00350341 -0.0034
-0.00353019 -0.003425
-0.00355697 -0.00345
-0.00358375 -0.003475
-0.00361053 -0.0035
-0.00363731 -0.003525
-0.0036641 -0.00355
-0.00369088 -0.003575
-0.00371766 -0.0036
-0.00374444 -0.003625
-0.00377122 -0.00365
-0.003798 -0.003675
-0.00382478 -0.0037
-0.00385156 -0.003725
-0.00387834 -0.00375
-0.00390512 -0.003775
-0.00393191 -0.0038
-0.00395869 -0.003825
-0.00398547 -0.00385
-0.00401225 -0.003875
-0.00403903 -0.0039
-0.00406581 -0.003925
-0.00409259 -0.00395
-0.00411937 -0.003975
-0.00414615 -0.004
-0.00417293 -0.004025
-0.00419971 -0.00405
-0.0042265 -0.004075
-0.00425328 -0.0041
-0.00428006 -0.004125
-0.00430684 -0.00415
-0.00433362 -0.004175
-0.0043604 -0.0042
-0.00438718 -0.004225
-0.00441396 -0.00425
-0.00444074 -0.004275
-0.00446752 -0.0043
-0.00449431 -0.004325
-0.00452109 -0.00435
-0.00454787 -0.004375
-0.00457465 -0.0044
-0.00460143 -0.004425
-0.00462821 -0.00445
-0.00465499 -0.004475
-0.00468177 -0.0045
-0.00470855 -0.004525
-0.00473533 -0.00455
-0.00476212 -0.004575
-0.0047889 -0.0046
-0.00481568 -0.004625
-0.00484246 -0.00465
-0.00486924 -0.004675
-0.00489602 -0.0047
-0.0049228 -0.004725
-0.00494958 -0.00475
-0.00497636 -0.004775
-0.00500314 -0.0048
-0.00502992 -0.004825
-0.00505671 -0.00485
-0.00508349 -0.004875
-0.00511027 -0.0049
-0.00513705 -0.004925
-0.00516383 -0.00495
-0.00519061 -0.004975
-0.00521739 -0.005
-0.00524022 -0.005025
-0.00526304 -0.00505
-0.00528587 -0.005075
-0.0053087 -0.0051
-0.00533152 -0.005125
-0.00535435 -0.00515
-0.00537717 -0.005175
-0.0054 -0.0052
-0.00542283 -0.005225
-0.00544565 -0.00525
-0.00546848 -0.005275
-0.0054913 -0.0053
-0.00551413 -0.005325
-0.00553696 -0.00535
-0.00555978 -0.005375
-0.00558261 -0.0054
-0.00560543 -0.005425
-0.00562826 -0.00545
-0.00565109 -0.005475
-0.00567391 -0.0055
-0.00569674 -0.005525
-0.00571957 -0.00555
-0.00574239 -0.005575
-0.00576522 -0.0056
-0.00578804 -0.005625
-0.00581087 -0.00565
-0.0058337 -0.005675
-0.00585652 -0.0057
-0.00587935 -0.005725
-0.00590217 -0.00575
-0.005925 -0.005775
-0.00594783 -0.0058
-0.00597065 -0.005825
-0.00599348 -0.00585
-0.0060163 -0.005875
-0.00603913 -0.0059
-0.00606196 -0.005925
-0.00608478 -0.00595
-0.00610761 -0.005975
-0.00613043 -0.006
-0.00615326 -0.006025
-0.00617609 -0.00605
-0.00619891 -0.006075
-0.00622174 -0.0061
-0.00624457 -0.006125
-0.00626739 -0.00615
-0.00629022 -0.006175
-0.00631304 -0.0062
-0.00633587 -0.006225
-0.0063587 -0.00625
-0.00633289 -0.006225
-0.00630708 -0.0062
-0.00628127 -0.006175
-0.00625546 -0.00615
-0.00622965 -0.006125
-0.00620384 -0.0061
-0.00617803 -0.006075
-0.00615222 -0.00605
-0.00612641 -0.006025
-0.0061006 -0.006
-0.00607479 -0.005975
-0.00604899 -0.00595
-0.00602318 -0.005925
-0.00599737 -0.0059
-0.00597156 -0.005875
-0.00594575 -0.00585
-0.00591994 -0.005825
-0.00589413 -0.0058
-0.00586832 -0.005775
-0.00584251 -0.00575
-0.0058167 -0.005725
-0.00579089 -0.0057
-0.00576508 -0.005675
-0.00573927 -0.00565
-0.00571347 -0.005625
-0.00568766 -0.0056
-0.00566185 -0.005575
-0.00563604 -0.00555
-0.00561023 -0.005525
-0.00558442 -0.0055
-0.00555861 -0.005475
-0.0055328 -0.00545
-0.00550699 -0.005425
-0.00548118 -0.0054
-0.00545537 -0.005375
-0.00542956 -0.00535
-0.00540376 -0.005325
-0.00537795 -0.0053
-0.00535214 -0.005275
-0.00532633 -0.00525
-0.00530052 -0.005225
-0.00527471 -0.0052
-0.0052489 -0.005175
-0.00522309 -0.00515
-0.00519728 -0.005125
-0.00517147 -0.0051
-0.00514566 -0.005075
-0.00511985 -0.00505
-0.00509404 -0.005025
-0.00506824 -0.005
-0.00504243 -0.004975
-0.00501662 -0.00495
-0.00499081 -0.004925
-0.004965 -0.0049
-0.00493919 -0.004875
-0.00491338 -0.00485
-0.00488757 -0.004825
-0.00486176 -0.0048
-0.00483595 -0.004775
-0.00481014 -0.00475
-0.00478433 -0.004725
-0.00475852 -0.0047
-0.00473272 -0.004675
-0.00470691 -0.00465
-0.0046811 -0.004625
-0.00465529 -0.0046
-0.00462948 -0.004575
-0.00460367 -0.00455
-0.00457786 -0.004525
-0.00455205 -0.0045
-0.00452624 -0.004475
-0.00450043 -0.00445
-0.00447462 -0.004425
-0.00444881 -0.0044
-0.00442301 -0.004375
-0.0043972 -0.00435
-0.00437139 -0.004325
-0.00434558 -0.0043
-0.00431977 -0.004275
-0.00429396 -0.00425
-0.00426815 -0.004225
-0.00424234 -0.0042
-0.00421653 -0.004175
-0.00419072 -0.00415
-0.00416491 -0.004125
-0.0041391 -0.0041
-0.00411329 -0.004075
-0.00408749 -0.00405
-0.00406168 -0.004025
-0.00403587 -0.004
-0.00401006 -0.003975
-0.00398425 -0.00395
-0.00395844 -0.003925
-0.00393263 -0.0039
-0.00390682 -0.003875
-0.00388101 -0.00385
-0.0038552 -0.003825
-0.00382939 -0.0038
-0.00380358 -0.003775
-0.00377778 -0.00375
-0.00375197 -0.003725
-0.00372616 -0.0037
-0.00370035 -0.003675
-0.00367454 -0.00365
-0.00364873 -0.003625
-0.00362292 -0.0036
-0.00359711 -0.003575
-0.0035713 -0.00355
-0.00354549 -0.003525
-0.00351968 -0.0035
-0.00349387 -0.003475
-0.00346806 -0.00345
-0.00344226 -0.003425
-0.00341645 -0.0034
-0.00339064 -0.003375
-0.00336483 -0.00335
-0.00333902 -0.003325
-0.00331321 -0.0033
-0.0032874 -0.003275
-0.00326159 -0.00325
-0.00323578 -0.003225
-0.00320997 -0.0032
-0.00318416 -0.003175
-0.00315835 -0.00315
-0.00313254 -0.003125
-0.00310674 -0.0031
-0.00308093 -0.003075
-0.00305512 -0.00305
-0.00302931 -0.003025
-0.0030035 -0.003
-0.00297769 -0.002975
-0.00295188 -0.00295
-0.00292607 -0.002925
-0.00290026 -0.0029
-0.002875 -0.002875
-0.00285 -0.00285
-0.002825 -0.002825
-0.0028 -0.0028
-0.002775 -0.002775
-0.00275 -0.00275
-0.002725 -0.002725
-0.0027 -0.0027
-0.002675 -0.002675
-0.00265 -0.00265
-0.002625 -0.002625
-0.0026 -0.0026
-0.002575 -0.002575
-0.00255 -0.00255
-0.002525 -0.002525
-0.0025 -0.0025
-0.002475 -0.002475
-0.00245 -0.00245
-0.002425 -0.002425
-0.0024 -0.0024
-0.002375 -0.002375
-0.00235 -0.00235
-0.002325 -0.002325
-0.0023 -0.0023
-0.002275 -0.002275
-0.00225 -0.00225
-0.002225 -0.002225
-0.0022 -0.0022
-0.002175 -0.002175
-0.00215 -0.00215
-0.002125 -0.002125
-0.0021 -0.0021
-0.002075 -0.002075
-0.00205 -0.00205
-0.002025 -0.002025
-0.002 -0.002
-0.001975 -0.001975
-0.00195 -0.00195
-0.001925 -0.001925
-0.0019 -0.0019
-0.001875 -0.001875
-0.00185 -0.00185
-0.001825 -0.001825
-0.0018 -0.0018
-0.001775 -0.001775
-0.00175 -0.00175
-0.001725 -0.001725
-0.0017 -0.0017
-0.001675 -0.001675
-0.00165 -0.00165
-0.001625 -0.001625
-0.0016 -0.0016
-0.001575 -0.001575
-0.00155 -0.00155
-0.001525 -0.001525
-0.0015 -0.0015
-0.001475 -0.001475
-0.00145 -0.00145
-0.001425 -0.001425
-0.0014 -0.0014
-0.001375 -0.001375
-0.00135 -0.00135
-0.001325 -0.001325
-0.0013 -0.0013
-0.001275 -0.001275
-0.00125 -0.00125
-0.001225 -0.001225
-0.0012 -0.0012
-0.001175 -0.001175
-0.00115 -0.00115
-0.001125 -0.001125
-0.0011 -0.0011
-0.001075 -0.001075
-0.00105 -0.00105
-0.001025 -0.001025
-0.001 -0.001
-0.000975 -0.000975
-0.00095 -0.00095
-0.000925 -0.000925
-0.0009 -0.0009
-0.000875 -0.000875
-0.00085 -0.00085
-0.000825 -0.000825
-0.0008 -0.0008
-0.000775 -0.000775
-0.00075 -0.00075
-0.000725 -0.000725
-0.0007 -0.0007
-0.000675 -0.000675
-0.00065 -0.00065
-0.000625 -0.000625
-0.0006 -0.0006
-0.000575 -0.000575
-0.00055 -0.00055
-0.000525 -0.000525
-0.0005 -0.0005
-0.000475 -0.000475
-0.00045 -0.00045
-0.000425 -0.000425
-0.0004 -0.0004
-0.000375 -0.000375
-0.00035 -0.00035
-0.000325 -0.000325
-0.0003 -0.0003
-0.000275 -0.000275
-0.00025 -0.00025
-0.000225 -0.000225
-0.0002 -0.0002
-0.000175 -0.000175
-0.00015 -0.00015
-0.000125 -0.000125
-0.0001 -0.0001
-7.5e-05 -7.5e-05
-5e-05 -5e-05
-2.5e-05 -2.5e-05
-6.09864e-20 -6.09864e-20
2.5e-05 2.5e-05
5e-05 5e-05
7.5e-05 7.5e-05
0.0001 0.0001
0.000125 0.000125
0.00015 0.00015
0.000175 0.000175
0.0002 0.0002
0.000225 0.000225
0.00025 0.00025
0.000275 0.000275
0.0003 0.0003
0.000325 0.000325
0.00035 0.00035
0.000375 0.000375
0.0004 0.0004
0.000425 0.000425
0.00045 0.00045
0.000475 0.000475
0.0005 0.0005
0.000525 0.000525
0.00055 0.00055
0.000575 0.000575
0.0006 0.0006
0.000625 0.000625
0.0006 0.0006
0.000575 0.000575
0.00055 0.00055
0.000525 0.000525
0.0005 0.0005
0.000475 0.000475
0.00045 0.00045
0.000425 0.000425
0.0004 0.0004
0.000375 0.000375
0.00035 0.00035
0.000325 0.000325
0.0003 0.0003
0.000275 0.000275
0.00025 0.00025
0.000225 0.000225
0.0002 0.0002
0.000175 0.000175
0.00015 0.00015
0.000125 0.000125
0.0001 0.0001
7.5e-05 7.5e-05
5e-05 5e-05
2.5e-05 2.5e-05
-4.74338e-20 -4.74338e-20
-2.5e-05 -2.5e-05
-5e-05 -5e-05
-7.5e-05 -7.5e-05
-0.0001 -0.0001
-0.000125 -0.000125
-0.00015 -0.00015
-0.000175 -0.000175
-0.0002 -0.0002
-0.000225 -0.000225
-0.00025 -0.00025
-0.000275 -0.000275
-0.0003 -0.0003
-0.000325 -0.000325
-0.00035 -0.00035
-0.000375 -0.000375
-0.0004 -0.0004
-0.000425 -0.000425
-0.00045 -0.00045
-0.000475 -0.000475
-0.0005 -0.0005
-0.000525 -0.000525
-0.00055 -0.00055
-0.000575 -0.000575
-0.0006 -0.0006
-0.000625 -0.000625
-0.00065 -0.00065
-0.000675 -0.000675
-0.0007 -0.0007
-0.000725 -0.000725
-0.00075 -0.00075
-0.000775 -0.000775
-0.0008 -0.0008
-0.000825 -0.000825
-0.00085 -0.00085
-0.000875 -0.000875
-0.0009 -0.0009
-0.000925 -0.000925
-0.00095 -0.00095
-0.000975 -0.000975
-0.001 -0.001
-0.001025 -0.001025
-0.00105 -0.00105
-0.001075 -0.001075
-0.0011 -0.0011
-0.001125 -0.001125
-0.00115 -0.00115
-0.001175 -0.001175
-0.0012 -0.0012
-0.001225 -0.001225
-0.00125 -0.00125
-0.001275 -0.001275
-0.0013 -0.0013
-0.001325 -0.001325
-0.00135 -0.00135
-0.001375 -0.001375
-0.0014 -0.0014
-0.001425 -0.001425
-0.00145 -0.00145
-0.001475 -0.001475
-0.0015 -0.0015
-0.001525 -0.001525
-0.00155 -0.00155
-0.001575 -0.001575
-0.0016 -0.0016
-0.001625 -0.001625
-0.00165 -0.00165
-0.001675 -0.001675
-0.0017 -0.0017
-0.001725 -0.001725
-0.00175 -0.00175
-0.001775 -0.001775
-0.0018 -0.0018
-0.001825 -0.001825
-0.00185 -0.00185
-0.001875 -0.001875
-0.0019 -0.0019
-0.001925 -0.001925
-0.00195 -0.00195
-0.001975 -0.001975
-0.002 -0.002
-0.002025 -0.002025
-0.00205 -0.00205
-0.002075 -0.002075
-0.0021 -0.0021
-0.002125 -0.002125
-0.00215 -0.00215
-0.002175 -0.002175
-0.0022 -0.0022
-0.002225 -0.002225
-0.00225 -0.00225
-0.002275 -0.002275
-0.0023 -0.0023
-0.002325 -0.002325
-0.00235 -0.00235
-0.002375 -0.002375
-0.0024 -0.0024
-0.002425 -0.002425
-0.00245 -0.00245
-0.002475 -0.002475
-0.0025 -0.0025
-0.002525 -0.002525
-0.00255 -0.00255
-0.002575 -0.002575
-0.0026 -0.0026
-0.002625 -0.002625
-0.00265 -0.00265
-0.002675 -0.002675
-0.0027 -0.0027
-0.002725 -0.002725
-0.00275 -0.00275
-0.002775 -0.002775
-0.0028 -0.0028
-0.002825 -0.002825
-0.00285 -0.00285
-0.002875 -0.002875
-0.00290026 -0.0029
-0.00292607 -0.002925
-0.00295188 -0.00295
-0.00297769 -0.002975
-0.0030035 -0.003
-0.00302931 -0.003025
-0.00305512 -0.00305
-0.00308093 -0.003075
-0.00310674 -0.0031
-0.00313254 -0.003125
-0.00315835 -0.00315
-0.00318416 -0.003175
-0.00320997 -0.0032
-0.00323578 -0.003225
-0.00326159 -0.00325
-0.0032874 -0.003275
-0.00331321 -0.0033
-0.00333902 -0.003325
-0.00336483 -0.00335
-0.00339064 -0.003375
-0.00341645 -0.0034
-0.00344226 -0.003425
-0.00346806 -0.00345
-0.00349387 -0.003475
-0.00351968 -0.0035
-0.00354549 -0.003525
-0.0035713 -0.00355
-0.00359711 -0.003575
-0.00362292 -0.0036
-0.00364873 -0.003625
-0.00367454 -0.00365
-0.00370035 -0.003675
-0.00372616 -0.0037
-0.00375197 -0.003725
-0.00377778 -0.00375
-0.00380358 -0.003775
-0.00382939 -0.0038
-0.0038552 -0.003825
-0.00388101 -0.00385
-0.00390682 -0.003875
-0.00393263 -0.0039
-0.00395844 -0.003925
-0.00398425 -0.00395
-0.00401006 -0.003975
-0.00403587 -0.004
-0.00406168 -0.004025
-0.00408749 -0.00405
-0.00411329 -0.004075
-0.0041391 -0.0041
-0.00416491 -0.004125
-0.00419072 -0.00415
-0.00421653 -0.004175
-0.00424234 -0.0042
-0.00426815 -0.004225
-0.00429396 -0.00425
-0.00431977 -0.004275
-0.00434558 -0.0043
-0.00437139 -0.004325
-0.0043972 -0.00435
-0.00442301 -0.004375
-0.00444881 -0.0044
-0.00447462 -0.004425
-0.00450043 -0.00445
-0.00452624 -0.004475
-0.00455205 -0.0045
-0.00457786 -0.004525
-0.00460367 -0.00455
-0.00462948 -0.004575
-0.00465529 -0.0046
-0.0046811 -0.004625
-0.00470691 -0.00465
-0.00473272 -0.004675
-0.00475852 -0.0047
-0.00478433 -0.004725
-0.00481014 -0.00475
-0.00483595 -0.004775
-0.00486176 -0.0048
-0.00488757 -0.004825
-0.00491338 -0.00485
-0.00493919 -0.004875
-0.004965 -0.0049
-0.00499081 -0.004925
-0.00501662 -0.00495
-0.00504243 -0.004975
-0.00506824 -0.005
-0.00509404 -0.005025
-0.00511985 -0.00505
-0.00514566 -0.005075
-0.00517147 -0.0051
-0.00519728 -0.005125
-0.00522309 -0.00515
-0.0052489 -0.005175
-0.00527471 -0.0052
-0.00530052 -0.005225
-0.00532633 -0.00525
-0.00535214 -0.005275
-0.00537795 -0.0053
-0.00540376 -0.005325
-0.00542956 -0.00535
-0.00545537 -0.005375
-0.00548118 -0.0054
-0.00550699 -0.005425
-0.0055328 -0.00545
-0.00555861 -0.005475
-0.00558442 -0.0055
-0.00561023 -0.005525
-0.00563604 -0.00555
-0.00566185 -0.005575
-0.00568766 -0.0056
-0.00571347 -0.005625
-0.00573927 -0.00565
-0.00576508 -0.005675
-0.00579089 -0.0057
-0.0058167 -0.005725
-0.00584251 -0.00575
-0.00586832 -0.005775
-0.00589413 -0.0058
-0.00591994 -0.005825
-0.00594575 -0.00585
-0.00597156 -0.005875
-0.00599737 -0.0059
-0.00602318 -0.005925
-0.00604899 -0.00595
-0.00607479 -0.005975
-0.0061006 -0.006
-0.00612641 -0.006025
-0.00615222 -0.00605
-0.00617803 -0.006075
-0.00620384 -0.0061
-0.00622965 -0.006125
-0.00625546 -0.00615
-0.00628127 -0.006175
-0.00630708 -0.0062
-0.00633289 -0.006225
-0.0063587 -0.00625
-0.00638152 -0.006275
-0.00640435 -0.0063
-0.00642717 -0.006325
-0.00645 -0.00635
-0.00647283 -0.006375
-0.00649565 -0.0064
-0.00651848 -0.006425
-0.0065413 -0.00645
-0.00656413 -0.006475
-0.00658696 -0.0065
-0.00660978 -0.006525
-0.00663261 -0.00655
-0.00665543 -0.006575
-0.00667826 -0.0066
-0.00670109 -0.006625
-0.00672391 -0.00665
-0.00674674 -0.006675
-0.00676957 -0.0067
-0.00679239 -0.006725
-0.00681522 -0.00675
-0.00683804 -0.006775
-0.00686087 -0.0068
-0.0068837 -0.006825
-0.00690652 -0.00685
-0.00692935 -0.006875
-0.00695217 -0.0069
-0.006975 -0.006925
-0.00699783 -0.00695
-0.00702065 -0.006975
-0.00704348 -0.007
-0.0070663 -0.007025
-0.00709 -0.00705
-0.007115 -0.007075
-0.00714 -0.0071
-0.007165 -0.007125
-0.00719 -0.00715
-0.007215 -0.007175
-0.00724 -0.0072
-0.007265 -0.007225
-0.00729 -0.00725
-0.007315 -0.007275
-0.00734 -0.0073
-0.007365 -0.007325
-0.00739 -0.00735
-0.007415 -0.007375
-0.00744 -0.0074
-0.007465 -0.007425
-0.00749 -0.00745
-0.007515 -0.007475
-0.00754 -0.0075
-0.00751475 -0.007475
-0.0074895 -0.00745
-0.00746425 -0.007425
-0.007439 -0.0074
-0.00741375 -0.007375
-0.0073885 -0.00735
-0.00736325 -0.007325
-0.007338 -0.0073
-0.00731275 -0.007275
-0.0072875 -0.00725
-0.00726225 -0.007225
-0.007237 -0.0072
-0.00721175 -0.007175
-0.0071865 -0.00715
-0.00716125 -0.007125
-0.007136 -0.0071
-0.00711075 -0.007075
-0.0070855 -0.00705
-0.00706025 -0.007025
-0.007035 -0.007
-0.00700975 -0.006975
-0.0069845 -0.00695
-0.00695925 -0.006925
-0.006934 -0.0069
-0.00690875 -0.006875
-0.0068835 -0.00685
-0.00685825 -0.006825
-0.006833 -0.0068
-0.00680775 -0.006775
-0.0067825 -0.00675
-0.00675725 -0.006725
-0.006732 -0.0067
-0.00670675 -0.006675
-0.0066815 -0.00665
-0.00665625 -0.006625
-0.006631 -0.0066
-0.00660575 -0.006575
-0.0065805 -0.00655
-0.00655525 -0.006525
-0.00653 -0.0065
-0.00650475 -0.006475
-0.0064795 -0.00645
-0.00645425 -0.006425
-0.006429 -0.0064
-0.00640375 -0.006375
-0.0063785 -0.00635
-0.00635325 -0.006325
-0.006328 -0.0063
-0.00630275 -0.006275
-0.0062775 -0.00625
-0.00625225 -0.006225
-0.006227 -0.0062
-0.00620175 -0.006175
-0.0061765 -0.00615
-0.00615125 -0.006125
-0.006126 -0.0061
-0.00610075 -0.006075
-0.0060755 -0.00605
-0.00605025 -0.006025
-0.006025 -0.006
-0.00599975 -0.005975
-0.0059745 -0.00595
-0.00594925 -0.005925
-0.005924 -0.0059
-0.00589875 -0.005875
-0.0058735 -0.00585
-0.00584825 -0.005825
-0.005823 -0.0058
-0.00579775 -0.005775
-0.0057725 -0.00575
-0.00574725 -0.005725
-0.005722 -0.0057
-0.00569675 -0.005675
-0.0056715 -0.00565
-0.00564625 -0.005625
-0.005621 -0.0056
-0.00559575 -0.005575
-0.0055705 -0.00555
-0.00554525 -0.005525
-0.00552 -0.0055
-0.00549476 -0.005475
-0.00546951 -0.00545
-0.00544426 -0.005425
-0.00541901 -0.0054
-0.00539376 -0.005375
-0.00536851 -0.00535
-0.00534326 -0.005325
-0.00531801 -0.0053
-0.00529276 -0.005275
-0.00526751 -0.00525
-0.00524226 -0.005225
-0.00521701 -0.0052
-0.00519176 -0.005175
-0.00516651 -0.00515
-0.00514126 -0.005125
-0.00511601 -0.0051
-0.00509076 -0.005075
-0.00506551 -0.00505
-0.00504026 -0.005025
-0.00501501 -0.005
-0.00498976 -0.004975
-0.00496451 -0.00495
-0.00493926 -0.004925
-0.00491401 -0.0049
-0.00488876 -0.004875
-0.00486351 -0.00485
-0.00483826 -0.004825
-0.00481301 -0.0048
-0.00478776 -0.004775
-0.00476251 -0.00475
-0.00473726 -0.004725
-0.00471201 -0.0047
-0.00468676 -0.004675
-0.00466151 -0.00465
-0.00463626 -0.004625
-0.00461101 -0.0046
-0.00458576 -0.004575
-0.00456051 -0.00455
-0.00453526 -0.004525
-0.00451001 -0.0045
-0.00448476 -0.004475
-0.00445951 -0.00445
-0.00443426 -0.004425
-0.00440901 -0.0044
-0.00438376 -0.004375
-0.00435851 -0.00435
-0.00433326 -0.004325
-0.00430801 -0.0043
-0.00428276 -0.004275
-0.00425751 -0.00425
-0.00423226 -0.004225
-0.00420701 -0.0042
-0.00418176 -0.004175
-0.00415651 -0.00415
-0.00413126 -0.004125
-0.00410601 -0.0041
-0.00408076 -0.004075
-0.00405551 -0.00405
-0.00403026 -0.004025
-0.00400501 -0.004
-0.00397976 -0.003975
-0.00395451 -0.00395
-0.00392926 -0.003925
-0.00390401 -0.0039
-0.00387876 -0.003875
-0.00385351 -0.00385
-0.00382826 -0.003825
-0.00380301 -0.0038
-0.00377776 -0.003775
-0.00375251 -0.00375
-0.00372726 -0.003725
-0.00370201 -0.0037
-0.00367676 -0.003675
-0.00365151 -0.00365
-0.00362626 -0.003625
-0.00360101 -0.0036
-0.00357576 -0.003575
-0.00355051 -0.00355
-0.00352526 -0.003525
-0.00350001 -0.0035
-0.003475 -0.003475
-0.00345 -0.00345
-0.003425 -0.003425
-0.0034 -0.0034
-0.003375 -0.003375
-0.00335 -0.00335
-0.003325 -0.003325
-0.0033 -0.0033
-0.003275 -0.003275
-0.00325 -0.00325
-0.003225 -0.003225
-0.0032 -0.0032
-0.003175 -0.003175
-0.00315 -0.00315
-0.003125 -0.003125
-0.0031 -0.0031
-0.003075 -0.003075
-0.00305 -0.00305
-0.003025 -0.003025
-0.003 -0.003
-0.002975 -0.002975
-0.00295 -0.00295
-0.002925 -0.002925
-0.0029 -0.0029
-0.002875 -0.002875
-0.00285 -0.00285
-0.002825 -0.002825
-0.0028 -0.0028
-0.002775 -0.002775
-0.00275 -0.00275
-0.002725 -0.002725
-0.0027 -0.0027
-0.002675 -0.002675
-0.00265 -0.00265
-0.002625 -0.002625
-0.0026 -0.0026
-0.002575 -0.002575
-0.00255 -0.00255
-0.002525 -0.002525
-0.0025 -0.0025
-0.002475 -0.002475
-0.00245 -0.00245
-0.002425 -0.002425
-0.0024 -0.0024
-0.002375 -0.002375
-0.00235 -0.00235
-0.002325 -0.002325
-0.0023 -0.0023
-0.002275 -0.002275
-0.00225 -0.00225
-0.002225 -0.002225
-0.0022 -0.0022
-0.002175 -0.002175
-0.00215 -0.00215
-0.002125 -0.002125
-0.0021 -0.0021
-0.002075 -0.002075
-0.00205 -0.00205
-0.002025 -0.002025
-0.002 -0.002
-0.001975 -0.001975
-0.00195 -0.00195
-0.001925 -0.001925
-0.0019 -0.0019
-0.001875 -0.001875
-0.00185 -0.00185
-0.001825 -0.001825
-0.0018 -0.0018
-0.001775 -0.001775
-0.00175 -0.00175
-0.001725 -0.001725
-0.0017 -0.0017
-0.001675 -0.001675
-0.00165 -0.00165
-0.001625 -0.001625
-0.0016 -0.0016
-0.001575 -0.001575
-0.00155 -0.00155
-0.001525 -0.001525
-0.0015 -0.0015
-0.001475 -0.001475
-0.00145 -0.00145
-0.001425 -0.001425
-0.0014 -0.0014
-0.001375 -0.001375
-0.00135 -0.00135
-0.001325 -0.001325
-0.0013 -0.0013
-0.001275 -0.001275
-0.00125 -0.00125
-0.001225 -0.001225
-0.0012 -0.0012
-0.001175 -0.001175
-0.00115 -0.00115
-0.001125 -0.001125
-0.0011 -0.0011
-0.001075 -0.001075
-0.00105 -0.00105
-0.001025 -0.001025
-0.001 -0.001
-0.000975 -0.000975
-0.00095 -0.00095
-0.000925 -0.000925
-0.0009 -0.0009
-0.000875 -0.000875
-0.00085 -0.00085
-0.000825 -0.000825
-0.0008 -0.0008
-0.000775 -0.000775
-0.00075 -0.00075
-0.000725 -0.000725
-0.0007 -0.0007
-0.000675 -0.000675
-0.00065 -0.00065
-0.000625 -0.000625
-0.0006 -0.0006
-0.000575 -0.000575
-0.00055 -0.00055
-0.000525 -0.000525
-0.0005 -0.0005
-0.000475 -0.000475
-0.00045 -0.00045
-0.000425 -0.000425
-0.0004 -0.0004
-0.000375 -0.000375
-0.00035 -0.00035
-0.000325 -0.000325
-0.0003 -0.0003
-0.000275 -0.000275
-0.00025 -0.00025
-0.000225 -0.000225
-0.0002 -0.0002
-0.000175 -0.000175
-0.00015 -0.00015
-0.000125 -0.000125
-0.0001 -0.0001
-7.5e-05 -7.5e-05
-5e-05 -5e-05
-2.5e-05 -2.5e-05
-6.09864e-20 -6.09864e-20
2.5e-05 2.5e-05
5e-05 5e-05
7.5e-05 7.5e-05
0.0001 0.0001
0.000125 0.000125
0.00015 0.00015
0.000175 0.000175
0.0002 0.0002
0.000225 0.000225
0.00025 0.00025
0.000275 0.000275
0.0003 0.0003
0.000325 0.000325
0.00035 0.00035
0.000375 0.000375
0.0004 0.0004
0.000425 0.000425
0.00045 0.00045
0.000475 0.000475
0.0005 0.0005
0.000525 0.000525
0.00055 0.00055
0.000575 0.000575
0.0006 0.0006
0.000625 0.000625
0.00065 0.00065
0.000675 0.000675
0.0007 0.0007
0.000725 0.000725
0.00075 0.00075
0.000725 0.000725
0.0007 0.0007
0.000675 0.000675
0.00065 0.00065
0.000625 0.000625
0.0006 0.0006
0.000575 0.000575
0.00055 0.00055
0.000525 0.000525
0.0005 0.0005
0.000475 0.000475
0.00045 0.00045
0.000425 0.000425
0.0004 0.0004
0.000375 0.000375
0.00035 0.00035
0.000325 0.000325
0.0003 0.0003
0.000275 0.000275
0.00025 0.00025
0.000225 0.000225
0.0002 0.0002
0.000175 0.000175
0.00015 0.00015
0.000125 0.000125
0.0001 0.0001
7.5e-05 7.5e-05
5e-05 5e-05
2.5e-05 2.5e-05
-4.74338e-20 -4.74338e-20
-2.5e-05 -2.5e-05
-5e-05 -5e-05
-7.5e-05 -7.5e-05
-0.0001 -0.0001
-0.000125 -0.000125
-0.00015 -0.00015
-0.000175 -0.000175
-0.0002 -0.0002
-0.000225 -0.000225
-0.00025 -0.00025
-0.000275 -0.000275
-0.0003 -0.0003
-0.000325 -0.000325
-0.00035 -0.00035
-0.000375 -0.000375
-0.0004 -0.0004
-0.000425 -0.000425
-0.00045 -0.00045
-0.000475 -0.000475
-0.0005 -0.0005
-0.000525 -0.000525
-0.00055 -0.00055
-0.000575 -0.000575
-0.0006 -0.0006
-0.000625 -0.000625
-0.00065 -0.00065
-0.000675 -0.000675
-0.0007 -0.0007
-0.000725 -0.000725
-0.00075 -0.00075
-0.000775 -0.000775
-0.0008 -0.0008
-0.000825 -0.000825
-0.00085 -0.00085
-0.000875 -0.000875
-0.0009 -0.0009
-0.000925 -0.000925
-0.00095 -0.00095
-0.000975 -0.000975
-0.001 -0.001
-0.001025 -0.001025
-0.00105 -0.00105
-0.001075 -0.001075
-0.0011 -0.0011
-0.001125 -0.001125
-0.00115 -0.00115
-0.001175 -0.001175
-0.0012 -0.0012
-0.001225 -0.001225
-0.00125 -0.00125
-0.001275 -0.001275
-0.0013 -0.0013
-0.001325 -0.001325
-0.00135 -0.00135
-0.001375 -0.001375
-0.0014 -0.0014
-0.001425 -0.001425
-0.00145 -0.00145
-0.001475 -0.001475
-0.0015 -0.0015
-0.001525 -0.001525
-0.00155 -0.00155
-0.001575 -0.001575
-0.0016 -0.0016
-0.001625 -0.001625
-0.00165 -0.00165
-0.001675 -0.001675
-0.0017 -0.0017
-0.001725 -0.001725
-0.00175 -0.00175
-0.001775 -0.001775
-0.0018 -0.0018
-0.001825 -0.001825
-0.00185 -0.00185
-0.001875 -0.001875
-0.0019 -0.0019
-0.001925 -0.001925
-0.00195 -0.00195
-0.001975 -0.001975
-0.002 -0.002
-0.002025 -0.002025
-0.00205 -0.00205
-0.002075 -0.002075
-0.0021 -0.0021
-0.002125 -0.002125
-0.00215 -0.00215
-0.002175 -0.002175
-0.0022 -0.0022
-0.002225 -0.002225
-0.00225 -0.00225
-0.002275 -0.002275
-0.0023 -0.0023
-0.002325 -0.002325
-0.00235 -0.00235
-0.002375 -0.002375
-0.0024 -0.0024
-0.002425 -0.002425
-0.00245 -0.00245
-0.002475 -0.002475
-0.0025 -0.0025
-0.002525 -0.002525
-0.00255 -0.00255
-0.002575 -0.002575
-0.0026 -0.0026
-0.002625 -0.002625
-0.00265 -0.00265
-0.002675 -0.002675
-0.0027 -0.0027
-0.002725 -0.002725
-0.00275 -0.00275
-0.002775 -0.002775
-0.0028 -0.0028
-0.002825 -0.002825
-0.00285 -0.00285
-0.002875 -0.002875
-0.0029 -0.0029
-0.002925 -0.002925
-0.00295 -0.00295
-0.002975 -0.002975
-0.003 -0.003
-0.003025 -0.003025
-0.00305 -0.00305
-0.003075 -0.003075
-0.0031 -0.0031
-0.003125 -0.003125
-0.00315 -0.00315
-0.003175 -0.003175
-0.0032 -0.0032
-0.003225 -0.003225
-0.00325 -0.00325
-0.003275 -0.003275
-0.0033 -0.0033
-0.003325 -0.003325
-0.00335 -0.00335
-0.003375 -0.003375
-0.0034 -0.0034
-0.003425 -0.003425
-0.00345 -0.00345
-0.003475 -0.003475
-0.00350001 -0.0035
-0.00352526 -0.003525
-0.00355051 -0.00355
-0.00357576 -0.003575
-0.00360101 -0.0036
-0.00362626 -0.003625
-0.00365151 -0.00365
-0.00367676 -0.003675
-0.00370201 -0.0037
-0.00372726 -0.003725
-0.00375251 -0.00375
-0.00377776 -0.003775
-0.00380301 -0.0038
-0.00382826 -0.003825
-0.00385351 -0.00385
-0.00387876 -0.003875
-0.00390401 -0.0039
-0.00392926 -0.003925
-0.00395451 -0.00395
-0.00397976 -0.003975
-0.00400501 -0.004
-0.00403026 -0.004025
-0.00405551 -0.00405
-0.00408076 -0.004075
-0.00410601 -0.0041
-0.00413126 -0.004125
-0.00415651 -0.00415
-0.00418176 -0.004175
-0.00420701 -0.0042
-0.00423226 -0.004225
-0.00425751 -0.00425
-0.00428276 -0.004275
-0.00430801 -0.0043
-0.00433326 -0.004325
-0.00435851 -0.00435
-0.00438376 -0.004375
-0.00440901 -0.0044
-0.00443426 -0.004425
-0.00445951 -0.00445
-0.00448476 -0.004475
-0.00451001 -0.0045
-0.00453526 -0.004525
-0.00456051 -0.00455
-0.00458576 -0.004575
-0.00461101 -0.0046
-0.00463626 -0.004625
-0.00466151 -0.00465
-0.00468676 -0.004675
-0.00471201 -0.0047
-0.00473726 -0.004725
-0.00476251 -0.00475
-0.00478776 -0.004775
-0.00481301 -0.0048
-0.00483826 -0.004825
-0.00486351 -0.00485
-0.00488876 -0.004875
-0.00491401 -0.0049
-0.00493926 -0.004925
-0.00496451 -0.00495
-0.00498976 -0.004975
-0.00501501 -0.005
-0.00504026 -0.005025
-0.00506551 -0.00505
-0.00509076 -0.005075
-0.00511601 -0.0051
-0.00514126 -0.005125
-0.00516651 -0.00515
-0.00519176 -0.005175
-0.00521701 -0.0052
-0.00524226 -0.005225
-0.00526751 -0.00525
-0.00529276 -0.005275
-0.00531801 -0.0053
-0.00534326 -0.005325
-0.00536851 -0.00535
-0.00539376 -0.005375
-0.00541901 -0.0054
-0.00544426 -0.005425
-0.00546951 -0.00545
-0.00549476 -0.005475
-0.00552 -0.0055
-0.00554525 -0.005525
-0.0055705 -0.00555
-0.00559575 -0.005575
-0.005621 -0.0056
-0.00564625 -0.005625
-0.0056715 -0.00565
-0.00569675 -0.005675
-0.005722 -0.0057
-0.00574725 -0.005725
-0.0057725 -0.00575
-0.00579775 -0.005775
-0.005823 -0.0058
-0.00584825 -0.005825
-0.0058735 -0.00585
-0.00589875 -0.005875
-0.005924 -0.0059
-0.00594925 -0.005925
-0.0059745 -0.00595
-0.00599975 -0.005975
-0.006025 -0.006
-0.00605025 -0.006025
-0.0060755 -0.00605
-0.00610075 -0.006075
-0.006126 -0.0061
-0.00615125 -0.006125
-0.0061765 -0.00615
-0.00620175 -0.006175
-0.006227 -0.0062
-0.00625225 -0.006225
-0.0062775 -0.00625
-0.00630275 -0.006275
-0.006328 -0.0063
-0.00635325 -0.006325
-0.0063785 -0.00635
-0.00640375 -0.006375
-0.006429 -0.0064
-0.00645425 -0.006425
-0.0064795 -0.00645
-0.00650475 -0.006475
-0.00653 -0.0065
-0.00655525 -0.006525
-0.0065805 -0.00655
-0.00660575 -0.006575
-0.006631 -0.0066
-0.00665625 -0.006625
-0.0066815 -0.00665
-0.00670675 -0.006675
-0.006732 -0.0067
-0.00675725 -0.006725
-0.0067825 -0.00675
-0.00680775 -0.006775
-0.006833 -0.0068
-0.00685825 -0.006825
-0.0068835 -0.00685
-0.00690875 -0.006875
-0.006934 -0.0069
-0.00695925 -0.006925
-0.0069845 -0.00695
-0.00700975 -0.006975
-0.007035 -0.007
-0.00706025 -0.007025
-0.0070855 -0.00705
-0.00711075 -0.007075
-0.007136 -0.0071
-0.00716125 -0.007125
-0.0071865 -0.00715
-0.00721175 -0.007175
-0.007237 -0.0072
-0.00726225 -0.007225
-0.0072875 -0.00725
-0.00731275 -0.007275
-0.007338 -0.0073
-0.00736325 -0.007325
-0.0073885 -0.00735
-0.00741375 -0.007375
-0.007439 -0.0074
-0.00746425 -0.007425
-0.0074895 -0.00745
-0.00751475 -0.007475
-0.00754 -0.0075
-0.007565 -0.007525
-0.00759 -0.00755
-0.007615 -0.007575
-0.00764 -0.0076
-0.007665 -0.007625
-0.00769 -0.00765
-0.007715 -0.007675
-0.00774 -0.0077
-0.007765 -0.007725
-0.00779 -0.00775
-0.007815 -0.007775
-0.00784 -0.0078
-0.007865 -0.007825
-0.00789 -0.00785
-0.007915 -0.007875
-0.00794 -0.0079
-0.007965 -0.007925
-0.00799 -0.00795
-0.008015 -0.007975
-0.00804 -0.008
-0.008065 -0.008025
-0.00809 -0.00805
-0.008115 -0.008075
-0.00814 -0.0081
-0.008165 -0.008125
-0.00819 -0.00815
-0.008215 -0.008175
-0.00824 -0.0082
-0.008265 -0.008225
-0.00829 -0.00825
-0.008315 -0.008275
-0.00834 -0.0083
-0.008365 -0.008325
-0.00839 -0.00835
-0.008415 -0.008375
-0.00844 -0.0084
-0.008465 -0.008425
-0.00849 -0.00845
-0.008515 -0.008475
-0.00854 -0.0085
-0.008565 -0.008525
-0.00859 -0.00855
-0.008615 -0.008575
-0.00864 -0.0086
-0.008665 -0.008625
-0.00869 -0.00865
-0.008715 -0.008675
-0.00874 -0.0087
-0.008765 -0.008725
-0.00879 -0.00875
-0.00876481 -0.008725
-0.00873962 -0.0087
-0.00871443 -0.008675
-0.00868924 -0.00865
-0.00866405 -0.008625
-0.00863886 -0.0086
-0.00861367 -0.008575
-0.00858848 -0.00855
-0.00856329 -0.008525
-0.0085381 -0.0085
-0.00851291 -0.008475
-0.00848771 -0.00845
-0.00846252 -0.008425
-0.00843733 -0.0084
-0.00841214 -0.008375
-0.00838695 -0.00835
-0.00836176 -0.008325
-0.00833657 -0.0083
-0.00831138 -0.008275
-0.00828619 -0.00825
-0.008261 -0.008225
-0.00823581 -0.0082
-0.00821062 -0.008175
-0.00818543 -0.00815
-0.00816024 -0.008125
-0.00813505 -0.0081
-0.00810986 -0.008075
-0.00808467 -0.00805
-0.00805948 -0.008025
-0.00803429 -0.008
-0.0080091 -0.007975
-0.00798391 -0.00795
-0.00795872 -0.007925
-0.00793353 -0.0079
-0.00790833 -0.007875
-0.00788314 -0.00785
-0.00785795 -0.007825
-0.00783276 -0.0078
-0.00780757 -0.007775
-0.00778238 -0.00775
-0.00775719 -0.007725
-0.007732 -0.0077
-0.00770681 -0.007675
-0.00768162 -0.00765
-0.00765643 -0.007625
-0.00763124 -0.0076
-0.00760605 -0.007575
-0.00758086 -0.00755
-0.00755567 -0.007525
-0.00753048 -0.0075
-0.00750529 -0.007475
-0.0074801 -0.00745
-0.00745491 -0.007425
-0.00742972 -0.0074
-0.00740453 -0.007375
-0.00737934 -0.00735
-0.00735414 -0.007325
-0.00732895 -0.0073
-0.00730376 -0.007275
-0.00727857 -0.00725
-0.00725338 -0.007225
-0.00722819 -0.0072
-0.007203 -0.007175
-0.00717781 -0.00715
-0.00715262 -0.007125
-0.00712743 -0.0071
-0.00710224 -0.007075
-0.00707705 -0.00705
-0.00705186 -0.007025
-0.00702667 -0.007
-0.00700148 -0.006975
-0.00697629 -0.00695
-0.0069511 -0.006925
-0.00692591 -0.0069
-0.00690072 -0.006875
-0.00687553 -0.00685
-0.00685034 -0.006825
-0.00682515 -0.0068
-0.00679996 -0.006775
-0.00677476 -0.00675
-0.00674957 -0.006725
-0.00672438 -0.0067
-0.00669919 -0.006675
-0.006674 -0.00665
-0.00664881 -0.006625
-0.00662362 -0.0066
-0.00659843 -0.006575
-0.00657324 -0.00655
-0.00654805 -0.006525
-0.00652286 -0.0065
-0.00649767 -0.006475
-0.00647248 -0.00645
-0.00644729 -0.006425
-0.0064221 -0.0064
-0.00639691 -0.006375
-0.00637172 -0.00635
-0.00634653 -0.006325
-0.00632134 -0.0063
-0.00629615 -0.006275
-0.00627096 -0.00625
-0.00624577 -0.006225
-0.00622058 -0.0062
-0.00619538 -0.006175
-0.00617019 -0.00615
-0.006145 -0.006125
-0.00611981 -0.0061
-0.00609462 -0.006075
-0.00606943 -0.00605
-0.00604424 -0.006025
-0.00601905 -0.006
-0.00599386 -0.005975
-0.00596867 -0.00595
-0.00594348 -0.005925
-0.00591829 -0.0059
-0.0058931 -0.005875
-0.00586791 -0.00585
-0.00584272 -0.005825
-0.00581753 -0.0058
-0.00579234 -0.005775
-0.00576715 -0.00575
-0.00574196 -0.005725
-0.00571677 -0.0057
-0.00569158 -0.005675
-0.00566639 -0.00565
-0.0056412 -0.005625
-0.005616 -0.0056
-0.00559081 -0.005575
-0.00556562 -0.00555
-0.00554043 -0.005525
-0.00551524 -0.0055
-0.00549005 -0.005475
-0.00546486 -0.00545
-0.00543967 -0.005425
-0.00541448 -0.0054
-0.00538929 -0.005375
-0.0053641 -0.00535
-0.00533891 -0.005325
-0.00531372 -0.0053
-0.00528853 -0.005275
-0.00526334 -0.00525
-0.00523815 -0.005225
-0.00521296 -0.0052
-0.00518777 -0.005175
-0.00516258 -0.00515
-0.00513739 -0.005125
-0.0051122 -0.0051
-0.00508701 -0.005075
-0.00506181 -0.00505
-0.00503662 -0.005025
-0.00501143 -0.005
-0.00498624 -0.004975
-0.00496105 -0.00495
-0.00493586 -0.004925
-0.00491067 -0.0049
-0.00488548 -0.004875
-0.00486029 -0.00485
-0.0048351 -0.004825
-0.00480991 -0.0048
-0.00478472 -0.004775
-0.00475953 -0.00475
-0.00473434 -0.004725
-0.00470915 -0.0047
-0.00468396 -0.004675
-0.00465877 -0.00465
-0.00463358 -0.004625
-0.00460839 -0.0046
-0.0045832 -0.004575
-0.00455801 -0.00455
-0.00453282 -0.004525
-0.00450763 -0.0045
-0.00448243 -0.004475
-0.00445724 -0.00445
-0.00443205 -0.004425
-0.00440686 -0.0044
-0.00438167 -0.004375
-0.00435648 -0.00435
-0.00433129 -0.004325
-0.0043061 -0.0043
-0.00428091 -0.004275
-0.00425572 -0.00425
-0.00423053 -0.004225
-0.00420534 -0.0042
-0.00418015 -0.004175
-0.00415496 -0.00415
-0.00412977 -0.004125
-0.00410458 -0.0041
-0.00407939 -0.004075
-0.0040542 -0.00405
-0.00402901 -0.004025
-0.00400382 -0.004
-0.00397863 -0.003975
-0.00395344 -0.00395
-0.00392825 -0.003925
-0.00390305 -0.0039
-0.00387786 -0.003875
-0.00385267 -0.00385
-0.00382748 -0.003825
-0.00380229 -0.0038
-0.0037771 -0.003775
-0.00375191 -0.00375
-0.00372672 -0.003725
-0.00370153 -0.0037
-0.00367634 -0.003675
-0.00365115 -0.00365
-0.00362596 -0.003625
-0.00360077 -0.0036
-0.00357558 -0.003575
-0.00355039 -0.00355
-0.0035252 -0.003525
-0.00350001 -0.0035
-0.003475 -0.003475
-0.00345 -0.00345
-0.003425 -0.003425
-0.0034 -0.0034
-0.003375 -0.003375
-0.00335 -0.00335
-0.003325 -0.003325
-0.0033 -0.0033
-0.003275 -0.003275
-0.00325 -0.00325
-0.003225 -0.003225
-0.0032 -0.0032
-0.003175 -0.003175
-0.00315 -0.00315
-0.003125 -0.003125
-0.0031 -0.0031
-0.003075 -0.003075
-0.00305 -0.00305
-0.003025 -0.003025
-0.003 -0.003
-0.002975 -0.002975
-0.00295 -0.00295
-0.002925 -0.002925
-0.0029 -0.0029
-0.002875 -0.002875
-0.00285 -0.00285
-0.002825 -0.002825
-0.0028 -0.0028
-0.002775 -0.002775
-0.00275 -0.00275
-0.002725 -0.002725
-0.0027 -0.0027
-0.002675 -0.002675
-0.00265 -0.00265
-0.002625 -0.002625
-0.0026 -0.0026
-0.002575 -0.002575
-0.00255 -0.00255
-0.002525 -0.002525
-0.0025 -0.0025
-0.002475 -0.002475
-0.00245 -0.00245
-0.002425 -0.002425
-0.0024 -0.0024
-0.002375 -0.002375
-0.00235 -0.00235
-0.002325 -0.002325
-0.0023 -0.0023
-0.002275 -0.002275
-0.00225 -0.00225
-0.002225 -0.002225
-0.0022 -0.0022
-0.002175 -0.002175
-0.00215 -0.00215
-0.002125 -0.002125
-0.0021 -0.0021
-0.002075 -0.002075
-0.00205 -0.00205
-0.002025 -0.002025
-0.002 -0.002
-0.001975 -0.001975
-0.00195 -0.00195
-0.001925 -0.001925
-0.0019 -0.0019
-0.001875 -0.001875
-0.00185 -0.00185
-0.001825 -0.001825
-0.0018 -0.0018
-0.001775 -0.001775
-0.00175 -0.00175
-0.001725 -0.001725
-0.0017 -0.0017
-0.001675 -0.001675
-0.00165 -0.00165
-0.001625 -0.001625
-0.0016 -0.0016
-0.001575 -0.001575
-0.00155 -0.00155
-0.001525 -0.001525
-0.0015 -0.0015
-0.001475 -0.001475
-0.00145 -0.00145
-0.001425 -0.001425
-0.0014 -0.0014
-0.001375 -0.001375
-0.00135 -0.00135
-0.001325 -0.001325
-0.0013 -0.0013
-0.001275 -0.001275
-0.00125 -0.00125
-0.001225 -0.001225
-0.0012 -0.0012
-0.001175 -0.001175
-0.00115 -0.00115
-0.001125 -0.001125
-0.0011 -0.0011
-0.001075 -0.001075
-0.00105 -0.00105
-0.001025 -0.001025
-0.001 -0.001
-0.000975 -0.000975
-0.00095 -0.00095
-0.000925 -0.000925
-0.0009 -0.0009
-0.000875 -0.000875
-0.00085 -0.00085
-0.000825 -0.000825
-0.0008 -0.0008
-0.000775 -0.000775
-0.00075 -0.00075
-0.000725 -0.000725
-0.0007 -0.0007
-0.000675 -0.000675
-0.00065 -0.00065
-0.000625 -0.000625
-0.0006 -0.0006
-0.000575 -0.000575
-0.00055 -0.00055
-0.000525 -0.000525
-0.0005 -0.0005
-0.000475 -0.000475
-0.00045 -0.00045
-0.000425 -0.000425
-0.0004 -0.0004
-0.000375 -0.000375
-0.00035 -0.00035
-0.000325 -0.000325
-0.0003 -0.0003
-0.000275 -0.000275
-0.00025 -0.00025
-0.000225 -0.000225
-0.0002 -0.0002
-0.000175 -0.000175
-0.00015 -0.00015
-0.000125 -0.000125
-0.0001 -0.0001
-7.5e-05 -7.5e-05
-5e-05 -5e-05
-2.5e-05 -2.5e-05
-9.28348e-19 -9.28348e-19
2.5e-05 2.5e-05
5e-05 5e-05
7.5e-05 7.5e-05
0.0001 0.0001
0.000125 0.000125
0.00015 0.00015
0.000175 0.000175
0.0002 0.0002
0.000225 0.000225
0.00025 0.00025
0.000275 0.000275
0.0003 0.0003
0.000325 0.000325
0.00035 0.00035
0.000375 0.000375
0.0004 0.0004
0.000425 0.000425
0.00045 0.00045
0.000475 0.000475
0.0005 0.0005
0.000525 0.000525
0.00055 0.00055
0.000575 0.000575
0.0006 0.0006
0.000625 0.000625
0.00065 0.00065
0.000675 0.000675
0.0007 0.0007
0.000725 0.000725
0.00075 0.00075
0.000775 0.000775
0.0008 0.0008
0.000825 0.000825
0.00085 0.00085
0.000875 0.000875
0.00085 0.00085
0.000825 0.000825
0.0008 0.0008
0.000775 0.000775
0.00075 0.00075
0.000725 0.000725
0.0007 0.0007
0.000675 0.000675
0.00065 0.00065
0.000625 0.000625
0.0006 0.0006
0.000575 0.000575
0.00055 0.00055
0.000525 0.000525
0.0005 0.0005
0.000475 0.000475
0.00045 0.00045
0.000425 0.000425
0.0004 0.0004
0.000375 0.000375
0.00035 0.00035
0.000325 0.000325
0.0003 0.0003
0.000275 0.000275
0.00025 0.00025
0.000225 0.000225
0.0002 0.0002
0.000175 0.000175
0.00015 0.00015
0.000125 0.000125
0.0001 0.0001
7.5e-05 7.5e-05
5e-05 5e-05
2.5e-05 2.5e-05
-9.14796e-19 -9.14796e-19
