-2.84354e-05 -2.5e-05
-5.68452e-05 -5e-05
-8.52291e-05 -7.5e-05
-0.000113587 -0.0001
-0.000141919 -0.000125
-0.000170225 -0.00015
-0.000198505 -0.000175
-0.000226758 -0.0002
-0.000254985 -0.000225
-0.000283186 -0.00025
-0.00031136 -0.000275
-0.000339507 -0.0003
-0.000367628 -0.000325
-0.000395722 -0.00035
-0.000423789 -0.000375
-0.000451828 -0.0004
-0.000479841 -0.000425
-0.000507826 -0.00045
-0.000535784 -0.000475
-0.000563715 -0.0005
-0.000591618 -0.000525
-0.000619493 -0.00055
-0.00064734 -0.000575
-0.00067516 -0.0006
-0.000702951 -0.000625
-0.000730715 -0.00065
-0.00075845 -0.000675
-0.000786157 -0.0007
-0.000813836 -0.000725
-0.000841486 -0.00075
-0.000869107 -0.000775
-0.0008967 -0.0008
-0.000924264 -0.000825
-0.000951798 -0.00085
-0.000979304 -0.000875
-0.00100678 -0.0009
-0.00103423 -0.000925
-0.00106165 -0.00095
-0.00108903 -0.000975
-0.00111639 -0.001
-0.00114372 -0.001025
-0.00117102 -0.00105
-0.00119829 -0.001075
-0.00122553 -0.0011
-0.00125274 -0.001125
-0.00127992 -0.00115
-0.00130706 -0.001175
-0.00133418 -0.0012
-0.00136127 -0.001225
-0.00138832 -0.00125
-0.00135998 -0.001225
-0.00133163 -0.0012
-0.00130329 -0.001175
-0.00127494 -0.00115
-0.0012466 -0.001125
-0.00121825 -0.0011
-0.00118991 -0.001075
-0.00116156 -0.00105
-0.00113322 -0.001025
-0.00110487 -0.001
-0.00107653 -0.000975
-0.00104818 -0.00095
-0.00101984 -0.000925
-0.000991492 -0.0009
-0.000963147 -0.000875
-0.000934802 -0.00085
-0.000906457 -0.000825
-0.000878112 -0.0008
-0.000849767 -0.000775
-0.000821422 -0.00075
-0.000793077 -0.000725
-0.000764733 -0.0007
-0.000736388 -0.000675
-0.000708043 -0.00065
-0.000679698 -0.000625
-0.000651353 -0.0006
-0.000623008 -0.000575
-0.000594663 -0.00055
-0.000566318 -0.000525
-0.000537973 -0.0005
-0.000509628 -0.000475
-0.000481283 -0.00045
-0.000452938 -0.000425
-0.000424593 -0.0004
-0.000396248 -0.000375
-0.000367903 -0.00035
-0.000339558 -0.000325
-0.000311213 -0.0003
-0.000282868 -0.000275
-0.000254523 -0.00025
-0.000226178 -0.000225
-0.0002 -0.0002
-0.000175 -0.000175
-0.00015 -0.00015
-0.000125 -0.000125
-0.0001 -0.0001
-7.5e-05 -7.5e-05
-5e-05 -5e-05
-2.5e-05 -2.5e-05
-6.09864e-20 -6.09864e-20
2.5e-05 2.5e-05
5e-05 5e-05
7.5e-05 7.5e-05
0.0001 0.0001
0.000125 0.000125
0.0001 0.0001
7.5e-05 7.5e-05
5e-05 5e-05
2.5e-05 2.5e-05
-4.74338e-20 -4.74338e-20
-2.5e-05 -2.5e-05
-5e-05 -5e-05
-7.5e-05 -7.5e-05
-0.0001 -0.0001
-0.000125 -0.000125
-0.00015 -0.00015
-0.000175 -0.000175
-0.0002 -0.0002
-0.000226178 -0.000225
-0.000254523 -0.00025
-0.000282868 -0.000275
-0.000311213 -0.0003
-0.000339558 -0.000325
-0.000367903 -0.00035
-0.000396248 -0.000375
-0.000424593 -0.0004
-0.000452938 -0.000425
-0.000481283 -0.00045
-0.000509628 -0.000475
-0.000537973 -0.0005
-0.000566318 -0.000525
-0.000594663 -0.00055
-0.000623008 -0.000575
-0.000651353 -0.0006
-0.000679698 -0.000625
-0.000708043 -0.00065
-0.000736388 -0.000675
-0.000764733 -0.0007
-0.000793077 -0.000725
-0.000821422 -0.00075
-0.000849767 -0.000775
-0.000878112 -0.0008
-0.000906457 -0.000825
-0.000934802 -0.00085
-0.000963147 -0.000875
-0.000991492 -0.0009
-0.00101984 -0.000925
-0.00104818 -0.00095
-0.00107653 -0.000975
-0.00110487 -0.001
-0.00113322 -0.001025
-0.00116156 -0.00105
-0.00118991 -0.001075
-0.00121825 -0.0011
-0.0012466 -0.001125
-0.00127494 -0.00115
-0.00130329 -0.001175
-0.00133163 -0.0012
-0.00135998 -0.001225
-0.00138832 -0.00125
-0.00141535 -0.001275
-0.00144234 -0.0013
-0.0014693 -0.001325
-0.00149623 -0.00135
-0.00152313 -0.001375
-0.00155 -0.0014
-0.00157684 -0.001425
-0.00160364 -0.00145
-0.00163041 -0.001475
-0.00165715 -0.0015
-0.00168386 -0.001525
-0.00171053 -0.00155
-0.00173718 -0.001575
-0.00176379 -0.0016
-0.00179036 -0.001625
-0.00181691 -0.00165
-0.00184342 -0.001675
-0.0018699 -0.0017
-0.00189634 -0.001725
-0.00192275 -0.00175
-0.00194913 -0.001775
-0.00197547 -0.0018
-0.00200178 -0.001825
-0.00202806 -0.00185
-0.0020543 -0.001875
-0.00208051 -0.0019
-0.00210668 -0.001925
-0.00213282 -0.00195
-0.00215892 -0.001975
-0.00218499 -0.002
-0.00221102 -0.002025
-0.00223701 -0.00205
-0.00226298 -0.002075
-0.0022889 -0.0021
-0.00231479 -0.002125
-0.00234065 -0.00215
-0.00236646 -0.002175
-0.00239225 -0.0022
-0.00241799 -0.002225
-0.0024437 -0.00225
-0.00246937 -0.002275
-0.00249501 -0.0023
-0.0025206 -0.002325
-0.00254617 -0.00235
-0.00257169 -0.002375
-0.00259717 -0.0024
-0.00262262 -0.002425
-0.00264803 -0.00245
-0.0026734 -0.002475
-0.00269874 -0.0025
-0.00272403 -0.002525
-0.00274929 -0.00255
-0.0027745 -0.002575
-0.00279968 -0.0026
-0.00282482 -0.002625
-0.00284992 -0.00265
-0.00287498 -0.002675
-0.0029 -0.0027
-0.00292408 -0.002725
-0.00294816 -0.00275
-0.00297224 -0.002775
-0.00299631 -0.0028
-0.00302039 -0.002825
-0.00304447 -0.00285
-0.00306855 -0.002875
-0.00309263 -0.0029
-0.00311671 -0.002925
-0.00314078 -0.00295
-0.00316486 -0.002975
-0.00318894 -0.003
-0.00321302 -0.003025
-0.0032371 -0.00305
-0.00326118 -0.003075
-0.00328525 -0.0031
-0.00330933 -0.003125
-0.00333341 -0.00315
-0.00335749 -0.003175
-0.00338157 -0.0032
-0.00340565 -0.003225
-0.00342972 -0.00325
-0.0034538 -0.003275
-0.00347788 -0.0033
-0.00350196 -0.003325
-0.00352604 -0.00335
-0.00355012 -0.003375
-0.00357419 -0.0034
-0.00359827 -0.003425
-0.00362235 -0.00345
-0.00364643 -0.003475
-0.00367051 -0.0035
-0.00369459 -0.003525
-0.00371866 -0.00355
-0.00374274 -0.003575
-0.00376682 -0.0036
-0.0037909 -0.003625
-0.00381498 -0.00365
-0.00383906 -0.003675
-0.00386313 -0.0037
-0.00388721 -0.003725
-0.00391129 -0.00375
-0.0038847 -0.003725
-0.00385811 -0.0037
-0.00383152 -0.003675
-0.00380493 -0.00365
-0.00377834 -0.003625
-0.00375175 -0.0036
-0.00372516 -0.003575
-0.00369857 -0.00355
-0.00367198 -0.003525
-0.00364539 -0.0035
-0.0036188 -0.003475
-0.00359221 -0.00345
-0.00356562 -0.003425
-0.00353903 -0.0034
-0.00351244 -0.003375
-0.00348586 -0.00335
-0.00345927 -0.003325
-0.00343268 -0.0033
-0.00340609 -0.003275
-0.0033795 -0.00325
-0.00335291 -0.003225
-0.00332632 -0.0032
-0.00329973 -0.003175
-0.00327314 -0.00315
-0.00324655 -0.003125
-0.00321996 -0.0031
-0.00319337 -0.003075
-0.00316678 -0.00305
-0.00314019 -0.003025
-0.0031136 -0.003
-0.00308701 -0.002975
-0.00306042 -0.00295
-0.00303383 -0.002925
-0.00300724 -0.0029
-0.00298065 -0.002875
-0.00295406 -0.00285
-0.00292747 -0.002825
-0.00290088 -0.0028
-0.00287429 -0.002775
-0.0028477 -0.00275
-0.00282111 -0.002725
-0.00279452 -0.0027
-0.00276793 -0.002675
-0.00274134 -0.00265
-0.00271475 -0.002625
-0.00268816 -0.0026
-0.00266157 -0.002575
-0.00263498 -0.00255
-0.0026084 -0.002525
-0.00258181 -0.0025
-0.00255522 -0.002475
-0.00252863 -0.00245
-0.00250204 -0.002425
-0.00247545 -0.0024
-0.00244886 -0.002375
-0.00242227 -0.00235
-0.00239568 -0.002325
-0.00236909 -0.0023
-0.0023425 -0.002275
-0.00231591 -0.00225
-0.00228932 -0.002225
-0.00226273 -0.0022
-0.00223614 -0.002175
-0.00220955 -0.00215
-0.00218296 -0.002125
-0.00215637 -0.0021
-0.00212978 -0.002075
-0.00210319 -0.00205
-0.0020766 -0.002025
-0.00205001 -0.002
-0.00202342 -0.001975
-0.00199683 -0.00195
-0.00197024 -0.001925
-0.00194365 -0.0019
-0.00191706 -0.001875
-0.00189047 -0.00185
-0.00186388 -0.001825
-0.00183729 -0.0018
-0.0018107 -0.001775
-0.00178411 -0.00175
-0.00175752 -0.001725
-0.00173094 -0.0017
-0.00170435 -0.001675
-0.00167776 -0.00165
-0.00165117 -0.001625
-0.00162458 -0.0016
-0.00159799 -0.001575
-0.0015714 -0.00155
-0.00154481 -0.001525
-0.00151822 -0.0015
-0.00149163 -0.001475
-0.00146504 -0.00145
-0.00143845 -0.001425
-0.00141186 -0.0014
-0.00138527 -0.001375
-0.00135868 -0.00135
-0.00133209 -0.001325
-0.0013055 -0.0013
-0.00127891 -0.001275
-0.00125232 -0.00125
-0.00122573 -0.001225
-0.0012 -0.0012
-0.001175 -0.001175
-0.00115 -0.00115
-0.001125 -0.001125
-0.0011 -0.0011
-0.001075 -0.001075
-0.00105 -0.00105
-0.001025 -0.001025
-0.001 -0.001
-0.000975 -0.000975
-0.00095 -0.00095
-0.000925 -0.000925
-0.0009 -0.0009
-0.000875 -0.000875
-0.00085 -0.00085
-0.000825 -0.000825
-0.0008 -0.0008
-0.000775 -0.000775
-0.00075 -0.00075
-0.000725 -0.000725
-0.0007 -0.0007
-0.000675 -0.000675
-0.00065 -0.00065
-0.000625 -0.000625
-0.0006 -0.0006
-0.000575 -0.000575
-0.00055 -0.00055
-0.000525 -0.000525
-0.0005 -0.0005
-0.000475 -0.000475
-0.00045 -0.00045
-0.000425 -0.000425
-0.0004 -0.0004
-0.000375 -0.000375
-0.00035 -0.00035
-0.000325 -0.000325
-0.0003 -0.0003
-0.000275 -0.000275
-0.00025 -0.00025
-0.000225 -0.000225
-0.0002 -0.0002
-0.000175 -0.000175
-0.00015 -0.00015
-0.000125 -0.000125
-0.0001 -0.0001
-7.5e-05 -7.5e-05
-5e-05 -5e-05
-2.5e-05 -2.5e-05
-6.09864e-20 -6.09864e-20
2.5e-05 2.5e-05
5e-05 5e-05
7.5e-05 7.5e-05
0.0001 0.0001
0.000125 0.000125
0.00015 0.00015
0.000175 0.000175
0.0002 0.0002
0.000225 0.000225
0.00025 0.00025
0.000275 0.000275
0.0003 0.0003
0.000325 0.000325
0.00035 0.00035
0.000375 0.000375
0.00035 0.00035
0.000325 0.000325
0.0003 0.0003
0.000275 0.000275
0.00025 0.00025
0.000225 0.000225
0.0002 0.0002
0.000175 0.000175
0.00015 0.00015
0.000125 0.000125
0.0001 0.0001
7.5e-05 7.5e-05
5e-05 5e-05
2.5e-05 2.5e-05
-4.74338e-20 -4.74338e-20
-2.5e-05 -2.5e-05
-5e-05 -5e-05
-7.5e-05 -7.5e-05
-0.0001 -0.0001
-0.000125 -0.000125
-0.00015 -0.00015
-0.000175 -0.000175
-0.0002 -0.0002
-0.000225 -0.000225
-0.00025 -0.00025
-0.000275 -0.000275
-0.0003 -0.0003
-0.000325 -0.000325
-0.00035 -0.00035
-0.000375 -0.000375
-0.0004 -0.0004
-0.000425 -0.000425
-0.00045 -0.00045
-0.000475 -0.000475
-0.0005 -0.0005
-0.000525 -0.000525
-0.00055 -0.00055
-0.000575 -0.000575
-0.0006 -0.0006
-0.000625 -0.000625
-0.00065 -0.00065
-0.000675 -0.000675
-0.0007 -0.0007
-0.000725 -0.000725
-0.00075 -0.00075
-0.000775 -0.000775
-0.0008 -0.0008
-0.000825 -0.000825
-0.00085 -0.00085
-0.000875 -0.000875
-0.0009 -0.0009
-0.000925 -0.000925
-0.00095 -0.00095
-0.000975 -0.000975
-0.001 -0.001
-0.001025 -0.001025
-0.00105 -0.00105
-0.001075 -0.001075
-0.0011 -0.0011
-0.001125 -0.001125
-0.00115 -0.00115
-0.001175 -0.001175
-0.0012 -0.0012
-0.00122573 -0.001225
-0.00125232 -0.00125
-0.00127891 -0.001275
-0.0013055 -0.0013
-0.00133209 -0.001325
-0.00135868 -0.00135
-0.00138527 -0.001375
-0.00141186 -0.0014
-0.00143845 -0.001425
-0.00146504 -0.00145
-0.00149163 -0.001475
-0.00151822 -0.0015
-0.00154481 -0.001525
-0.0015714 -0.00155
-0.00159799 -0.001575
-0.00162458 -0.0016
-0.00165117 -0.001625
-0.00167776 -0.00165
-0.00170435 -0.001675
-0.00173094 -0.0017
-0.00175752 -0.001725
-0.00178411 -0.00175
-0.0018107 -0.001775
-0.00183729 -0.0018
-0.00186388 -0.001825
-0.00189047 -0.00185
-0.00191706 -0.001875
-0.00194365 -0.0019
-0.00197024 -0.001925
-0.00199683 -0.00195
-0.00202342 -0.001975
-0.00205001 -0.002
-0.0020766 -0.002025
-0.00210319 -0.00205
-0.00212978 -0.002075
-0.00215637 -0.0021
-0.00218296 -0.002125
-0.00220955 -0.00215
-0.00223614 -0.002175
-0.00226273 -0.0022
-0.00228932 -0.002225
-0.00231591 -0.00225
-0.0023425 -0.002275
-0.00236909 -0.0023
-0.00239568 -0.002325
-0.00242227 -0.00235
-0.00244886 -0.002375
-0.00247545 -0.0024
-0.00250204 -0.002425
-0.00252863 -0.00245
-0.00255522 -0.002475
-0.00258181 -0.0025
-0.0026084 -0.002525
-0.00263498 -0.00255
-0.00266157 -0.002575
-0.00268816 -0.0026
-0.00271475 -0.002625
-0.00274134 -0.00265
-0.00276793 -0.002675
-0.00279452 -0.0027
-0.00282111 -0.002725
-0.0028477 -0.00275
-0.00287429 -0.002775
-0.00290088 -0.0028
-0.00292747 -0.002825
-0.00295406 -0.00285
-0.00298065 -0.002875
-0.00300724 -0.0029
-0.00303383 -0.002925
-0.00306042 -0.00295
-0.00308701 -0.002975
-0.0031136 -0.003
-0.00314019 -0.003025
-0.00316678 -0.00305
-0.00319337 -0.003075
-0.00321996 -0.0031
-0.00324655 -0.003125
-0.00327314 -0.00315
-0.00329973 -0.003175
-0.00332632 -0.0032
-0.00335291 -0.003225
-0.0033795 -0.00325
-0.00340609 -0.003275
-0.00343268 -0.0033
-0.00345927 -0.003325
-0.00348586 -0.00335
-0.00351244 -0.003375
-0.00353903 -0.0034
-0.00356562 -0.003425
-0.00359221 -0.00345
-0.0036188 -0.003475
-0.00364539 -0.0035
-0.00367198 -0.003525
-0.00369857 -0.00355
-0.00372516 -0.003575
-0.00375175 -0.0036
-0.00377834 -0.003625
-0.00380493 -0.00365
-0.00383152 -0.003675
-0.00385811 -0.0037
-0.0038847 -0.003725
-0.00391129 -0.00375
-0.00393537 -0.003775
-0.00395945 -0.0038
-0.00398353 -0.003825
-0.0040076 -0.00385
-0.00403168 -0.003875
-0.00405576 -0.0039
-0.00407984 -0.003925
-0.00410392 -0.00395
-0.004128 -0.003975
-0.00415207 -0.004
-0.00417615 -0.004025
-0.00420023 -0.00405
-0.00422431 -0.004075
-0.00424839 -0.0041
-0.00427247 -0.004125
-0.00429654 -0.00415
-0.00432062 -0.004175
-0.0043447 -0.0042
-0.00436878 -0.004225
-0.00439286 -0.00425
-0.00441694 -0.004275
-0.00444101 -0.0043
-0.00446509 -0.004325
-0.00448917 -0.00435
-0.00451325 -0.004375
-0.00453733 -0.0044
-0.00456141 -0.004425
-0.00458548 -0.00445
-0.00460956 -0.004475
-0.00463364 -0.0045
-0.00465772 -0.004525
-0.0046818 -0.00455
-0.00470588 -0.004575
-0.00472995 -0.0046
-0.00475403 -0.004625
-0.00477811 -0.00465
-0.00480219 -0.004675
-0.00482627 -0.0047
-0.00485035 -0.004725
-0.00487442 -0.00475
-0.0048985 -0.004775
-0.00492258 -0.0048
-0.00494666 -0.004825
-0.00497074 -0.00485
-0.00499482 -0.004875
-0.00501889 -0.0049
-0.00504297 -0.004925
-0.00506705 -0.00495
-0.00509113 -0.004975
-0.00511521 -0.005
-0.00508924 -0.004975
-0.00506328 -0.00495
-0.00503731 -0.004925
-0.00501134 -0.0049
-0.00498538 -0.004875
-0.00495941 -0.00485
-0.00493344 -0.004825
-0.00490748 -0.0048
-0.00488151 -0.004775
-0.00485555 -0.00475
-0.00482958 -0.004725
-0.00480361 -0.0047
-0.00477765 -0.004675
-0.00475168 -0.00465
-0.00472571 -0.004625
-0.00469975 -0.0046
-0.00467378 -0.004575
-0.00464782 -0.00455
-0.00462185 -0.004525
-0.00459588 -0.0045
-0.00456992 -0.004475
-0.00454395 -0.00445
-0.00451799 -0.004425
-0.00449202 -0.0044
-0.00446605 -0.004375
-0.00444009 -0.00435
-0.00441412 -0.004325
-0.00438815 -0.0043
-0.00436219 -0.004275
-0.00433622 -0.00425
-0.00431026 -0.004225
-0.00428429 -0.0042
-0.00425832 -0.004175
-0.00423236 -0.00415
-0.00420639 -0.004125
-0.00418043 -0.0041
-0.00415446 -0.004075
-0.00412849 -0.00405
-0.00410253 -0.004025
-0.00407656 -0.004
-0.00405059 -0.003975
-0.00402463 -0.00395
-0.00399866 -0.003925
-0.0039727 -0.0039
-0.00394673 -0.003875
-0.00392076 -0.00385
-0.0038948 -0.003825
-0.00386883 -0.0038
-0.00384286 -0.003775
-0.0038169 -0.00375
-0.00379093 -0.003725
-0.00376497 -0.0037
-0.003739 -0.003675
-0.00371303 -0.00365
-0.00368707 -0.003625
-0.0036611 -0.0036
-0.00363514 -0.003575
-0.00360917 -0.00355
-0.0035832 -0.003525
-0.00355724 -0.0035
-0.00353127 -0.003475
-0.0035053 -0.00345
-0.00347934 -0.003425
-0.00345337 -0.0034
-0.00342741 -0.003375
-0.00340144 -0.00335
-0.00337547 -0.003325
-0.00334951 -0.0033
-0.00332354 -0.003275
-0.00329758 -0.00325
-0.00327161 -0.003225
-0.00324564 -0.0032
-0.00321968 -0.003175
-0.00319371 -0.00315
-0.00316774 -0.003125
-0.00314178 -0.0031
-0.00311581 -0.003075
-0.00308985 -0.00305
-0.00306388 -0.003025
-0.00303791 -0.003
-0.00301195 -0.002975
-0.00298598 -0.00295
-0.00296002 -0.002925
-0.00293405 -0.0029
-0.00290808 -0.002875
-0.00288212 -0.00285
-0.00285615 -0.002825
-0.00283018 -0.0028
-0.00280422 -0.002775
-0.00277825 -0.00275
-0.00275229 -0.002725
-0.00272632 -0.0027
-0.00270035 -0.002675
-0.00267439 -0.00265
-0.00264842 -0.002625
-0.00262245 -0.0026
-0.00259649 -0.002575
-0.00257052 -0.00255
-0.00254456 -0.002525
-0.00251859 -0.0025
-0.00249262 -0.002475
-0.00246666 -0.00245
-0.00244069 -0.002425
-0.00241473 -0.0024
-0.00238876 -0.002375
-0.00236279 -0.00235
-0.00233683 -0.002325
-0.00231086 -0.0023
-0.00228489 -0.002275
-0.00225893 -0.00225
-0.00223296 -0.002225
-0.002207 -0.0022
-0.00218103 -0.002175
-0.00215506 -0.00215
-0.0021291 -0.002125
-0.00210313 -0.0021
-0.00207717 -0.002075
-0.0020512 -0.00205
-0.00202523 -0.002025
-0.002 -0.002
-0.001975 -0.001975
-0.00195 -0.00195
-0.001925 -0.001925
-0.0019 -0.0019
-0.001875 -0.001875
-0.00185 -0.00185
-0.001825 -0.001825
-0.0018 -0.0018
-0.001775 -0.001775
-0.00175 -0.00175
-0.001725 -0.001725
-0.0017 -0.0017
-0.001675 -0.001675
-0.00165 -0.00165
-0.001625 -0.001625
-0.0016 -0.0016
-0.001575 -0.001575
-0.00155 -0.00155
-0.001525 -0.001525
-0.0015 -0.0015
-0.001475 -0.001475
-0.00145 -0.00145
-0.001425 -0.001425
-0.0014 -0.0014
-0.001375 -0.001375
-0.00135 -0.00135
-0.001325 -0.001325
-0.0013 -0.0013
-0.001275 -0.001275
-0.00125 -0.00125
-0.001225 -0.001225
-0.0012 -0.0012
-0.001175 -0.001175
-0.00115 -0.00115
-0.001125 -0.001125
-0.0011 -0.0011
-0.001075 -0.001075
-0.00105 -0.00105
-0.001025 -0.001025
-0.001 -0.001
-0.000975 -0.000975
-0.00095 -0.00095
-0.000925 -0.000925
-0.0009 -0.0009
-0.000875 -0.000875
-0.00085 -0.00085
-0.000825 -0.000825
-0.0008 -0.0008
-0.000775 -0.000775
-0.00075 -0.00075
-0.000725 -0.000725
-0.0007 -0.0007
-0.000675 -0.000675
-0.00065 -0.00065
-0.000625 -0.000625
-0.0006 -0.0006
-0.000575 -0.000575
-0.00055 -0.00055
-0.000525 -0.000525
-0.0005 -0.0005
-0.000475 -0.000475
-0.00045 -0.00045
-0.000425 -0.000425
-0.0004 -0.0004
-0.000375 -0.000375
-0.00035 -0.00035
-0.000325 -0.000325
-0.0003 -0.0003
-0.000275 -0.000275
-0.00025 -0.00025
-0.000225 -0.000225
-0.0002 -0.0002
-0.000175 -0.000175
-0.00015 -0.00015
-0.000125 -0.000125
-0.0001 -0.0001
-7.5e-05 -7.5e-05
-5e-05 -5e-05
-2.5e-05 -2.5e-05
-6.09864e-20 -6.09864e-20
2.5e-05 2.5e-05
5e-05 5e-05
7.5e-05 7.5e-05
0.0001 0.0001
0.000125 0.000125
0.00015 0.00015
0.000175 0.000175
0.0002 0.0002
0.000225 0.000225
0.00025 0.00025
0.000275 0.000275
0.0003 0.0003
0.000325 0.000325
0.00035 0.00035
0.000375 0.000375
0.0004 0.0004
0.000425 0.000425
0.00045 0.00045
0.000475 0.000475
0.0005 0.0005
0.000475 0.000475
0.00045 0.00045
0.000425 0.000425
0.0004 0.0004
0.000375 0.000375
0.00035 0.00035
0.000325 0.000325
0.0003 0.0003
0.000275 0.000275
0.00025 0.00025
0.000225 0.000225
0.0002 0.0002
0.000175 0.000175
0.00015 0.00015
0.000125 0.000125
0.0001 0.0001
7.5e-05 7.5e-05
5e-05 5e-05
2.5e-05 2.5e-05
-4.74338e-20 -4.74338e-20
-2.5e-05 -2.5e-05
-5e-05 -5e-05
-7.5e-05 -7.5e-05
-0.0001 -0.0001
-0.000125 -0.000125
-0.00015 -0.00015
-0.000175 -0.000175
-0.0002 -0.0002
-0.000225 -0.000225
-0.00025 -0.00025
-0.000275 -0.000275
-0.0003 -0.0003
-0.000325 -0.000325
-0.00035 -0.00035
-0.000375 -0.000375
-0.0004 -0.0004
-0.000425 -0.000425
-0.00045 -0.00045
-0.000475 -0.000475
-0.0005 -0.0005
-0.000525 -0.000525
-0.00055 -0.00055
-0.000575 -0.000575
-0.0006 -0.0006
-0.000625 -0.000625
-0.00065 -0.00065
-0.000675 -0.000675
-0.0007 -0.0007
-0.000725 -0.000725
-0.00075 -0.00075
-0.000775 -0.000775
-0.0008 -0.0008
-0.000825 -0.000825
-0.00085 -0.00085
-0.000875 -0.000875
-0.0009 -0.0009
-0.000925 -0.000925
-0.00095 -0.00095
-0.000975 -0.000975
-0.001 -0.001
-0.001025 -0.001025
-0.00105 -0.00105
-0.001075 -0.001075
-0.0011 -0.0011
-0.001125 -0.001125
-0.00115 -0.00115
-0.001175 -0.001175
-0.0012 -0.0012
-0.001225 -0.001225
-0.00125 -0.00125
-0.001275 -0.001275
-0.0013 -0.0013
-0.001325 -0.001325
-0.00135 -0.00135
-0.001375 -0.001375
-0.0014 -0.0014
-0.001425 -0.001425
-0.00145 -0.00145
-0.001475 -0.001475
-0.0015 -0.0015
-0.001525 -0.001525
-0.00155 -0.00155
-0.001575 -0.001575
-0.0016 -0.0016
-0.001625 -0.001625
-0.00165 -0.00165
-0.001675 -0.001675
-0.0017 -0.0017
-0.001725 -0.001725
-0.00175 -0.00175
-0.001775 -0.001775
-0.0018 -0.0018
-0.001825 -0.001825
-0.00185 -0.00185
-0.001875 -0.001875
-0.0019 -0.0019
-0.001925 -0.001925
-0.00195 -0.00195
-0.001975 -0.001975
-0.002 -0.002
-0.00202523 -0.002025
-0.0020512 -0.00205
-0.00207717 -0.002075
-0.00210313 -0.0021
-0.0021291 -0.002125
-0.00215506 -0.00215
-0.00218103 -0.002175
-0.002207 -0.0022
-0.00223296 -0.002225
-0.00225893 -0.00225
-0.00228489 -0.002275
-0.00231086 -0.0023
-0.00233683 -0.002325
-0.00236279 -0.00235
-0.00238876 -0.002375
-0.00241473 -0.0024
-0.00244069 -0.002425
-0.00246666 -0.00245
-0.00249262 -0.002475
-0.00251859 -0.0025
-0.00254456 -0.002525
-0.00257052 -0.00255
-0.00259649 -0.002575
-0.00262245 -0.0026
-0.00264842 -0.002625
-0.00267439 -0.00265
-0.00270035 -0.002675
-0.00272632 -0.0027
-0.00275229 -0.002725
-0.00277825 -0.00275
-0.00280422 -0.002775
-0.00283018 -0.0028
-0.00285615 -0.002825
-0.00288212 -0.00285
-0.00290808 -0.002875
-0.00293405 -0.0029
-0.00296002 -0.002925
-0.00298598 -0.00295
-0.00301195 -0.002975
-0.00303791 -0.003
-0.00306388 -0.003025
-0.00308985 -0.00305
-0.00311581 -0.003075
-0.00314178 -0.0031
-0.00316774 -0.003125
-0.00319371 -0.00315
-0.00321968 -0.003175
-0.00324564 -0.0032
-0.00327161 -0.003225
-0.00329758 -0.00325
-0.00332354 -0.003275
-0.00334951 -0.0033
-0.00337547 -0.003325
-0.00340144 -0.00335
-0.00342741 -0.003375
-0.00345337 -0.0034
-0.00347934 -0.003425
-0.0035053 -0.00345
-0.00353127 -0.003475
-0.00355724 -0.0035
-0.0035832 -0.003525
-0.00360917 -0.00355
-0.00363514 -0.003575
-0.0036611 -0.0036
-0.00368707 -0.003625
-0.00371303 -0.00365
-0.003739 -0.003675
-0.00376497 -0.0037
-0.00379093 -0.003725
-0.0038169 -0.00375
-0.00384286 -0.003775
-0.00386883 -0.0038
-0.0038948 -0.003825
-0.00392076 -0.00385
-0.00394673 -0.003875
-0.0039727 -0.0039
-0.00399866 -0.003925
-0.00402463 -0.00395
-0.00405059 -0.003975
-0.00407656 -0.004
-0.00410253 -0.004025
-0.00412849 -0.00405
-0.00415446 -0.004075
-0.00418043 -0.0041
-0.00420639 -0.004125
-0.00423236 -0.00415
-0.00425832 -0.004175
-0.00428429 -0.0042
-0.00431026 -0.004225
-0.00433622 -0.00425
-0.00436219 -0.004275
-0.00438815 -0.0043
-0.00441412 -0.004325
-0.00444009 -0.00435
-0.00446605 -0.004375
-0.00449202 -0.0044
-0.00451799 -0.004425
-0.00454395 -0.00445
-0.00456992 -0.004475
-0.00459588 -0.0045
-0.00462185 -0.004525
-0.00464782 -0.00455
-0.00467378 -0.004575
-0.00469975 -0.0046
-0.00472571 -0.004625
-0.00475168 -0.00465
-0.00477765 -0.004675
-0.00480361 -0.0047
-0.00482958 -0.004725
-0.00485555 -0.00475
-0.00488151 -0.004775
-0.00490748 -0.0048
-0.00493344 -0.004825
-0.00495941 -0.00485
-0.00498538 -0.004875
-0.00501134 -0.0049
-0.00503731 -0.004925
-0.00506328 -0.00495
-0.00508924 -0.004975
-0.00511521 -0.005
-0.00513929 -0.005025
-0.00516336 -0.00505
-0.00518744 -0.005075
-0.00521152 -0.0051
-0.0052356 -0.005125
-0.00525968 -0.00515
-0.00528376 -0.005175
-0.00530783 -0.0052
-0.00533191 -0.005225
-0.00535599 -0.00525
-0.00538007 -0.005275
-0.00540415 -0.0053
-0.00542823 -0.005325
-0.0054523 -0.00535
-0.00547638 -0.005375
-0.00550046 -0.0054
-0.00552454 -0.005425
-0.00554862 -0.00545
-0.0055727 -0.005475
-0.00559677 -0.0055
-0.00562085 -0.005525
-0.00564493 -0.00555
-0.00566901 -0.005575
-0.00569309 -0.0056
-0.00571717 -0.005625
-0.00574124 -0.00565
-0.00576532 -0.005675
-0.0057894 -0.0057
-0.00581348 -0.005725
-0.00583756 -0.00575
-0.00586164 -0.005775
-0.00588571 -0.0058
-0.00590979 -0.005825
-0.00593387 -0.00585
-0.00595795 -0.005875
-0.00598203 -0.0059
-0.00600611 -0.005925
-0.00603018 -0.00595
-0.00605426 -0.005975
-0.00607834 -0.006
-0.00610242 -0.006025
-0.0061265 -0.00605
-0.00615058 -0.006075
-0.00617465 -0.0061
-0.00619873 -0.006125
-0.00622281 -0.00615
-0.00624689 -0.006175
-0.00627097 -0.0062
-0.00629505 -0.006225
-0.00631912 -0.00625
-0.00629361 -0.006225
-0.00626809 -0.0062
-0.00624257 -0.006175
-0.00621705 -0.00615
-0.00619153 -0.006125
-0.00616601 -0.0061
-0.00614049 -0.006075
-0.00611497 -0.00605
-0.00608945 -0.006025
-0.00606394 -0.006
-0.00603842 -0.005975
-0.0060129 -0.00595
-0.00598738 -0.005925
-0.00596186 -0.0059
-0.00593634 -0.005875
-0.00591082 -0.00585
-0.0058853 -0.005825
-0.00585978 -0.0058
-0.00583426 -0.005775
-0.00580875 -0.00575
-0.00578323 -0.005725
-0.00575771 -0.0057
-0.00573219 -0.005675
-0.00570667 -0.00565
-0.00568115 -0.005625
-0.00565563 -0.0056
-0.00563011 -0.005575
-0.00560459 -0.00555
-0.00557908 -0.005525
-0.00555356 -0.0055
-0.00552804 -0.005475
-0.00550252 -0.00545
-0.005477 -0.005425
-0.00545148 -0.0054
-0.00542596 -0.005375
-0.00540044 -0.00535
-0.00537492 -0.005325
-0.0053494 -0.0053
-0.00532389 -0.005275
-0.00529837 -0.00525
-0.00527285 -0.005225
-0.00524733 -0.0052
-0.00522181 -0.005175
-0.00519629 -0.00515
-0.00517077 -0.005125
-0.00514525 -0.0051
-0.00511973 -0.005075
-0.00509422 -0.00505
-0.0050687 -0.005025
-0.00504318 -0.005
-0.00501766 -0.004975
-0.00499214 -0.00495
-0.00496662 -0.004925
-0.0049411 -0.0049
-0.00491558 -0.004875
-0.00489006 -0.00485
-0.00486455 -0.004825
-0.00483903 -0.0048
-0.00481351 -0.004775
-0.00478799 -0.00475
-0.00476247 -0.004725
-0.00473695 -0.0047
-0.00471143 -0.004675
-0.00468591 -0.00465
-0.00466039 -0.004625
-0.00463487 -0.0046
-0.00460936 -0.004575
-0.00458384 -0.00455
-0.00455832 -0.004525
-0.0045328 -0.0045
-0.00450728 -0.004475
-0.00448176 -0.00445
-0.00445624 -0.004425
-0.00443072 -0.0044
-0.0044052 -0.004375
-0.00437969 -0.00435
-0.00435417 -0.004325
-0.00432865 -0.0043
-0.00430313 -0.004275
-0.00427761 -0.00425
-0.00425209 -0.004225
-0.00422657 -0.0042
-0.00420105 -0.004175
-0.00417553 -0.00415
-0.00415002 -0.004125
-0.0041245 -0.0041
-0.00409898 -0.004075
-0.00407346 -0.00405
-0.00404794 -0.004025
-0.00402242 -0.004
-0.0039969 -0.003975
-0.00397138 -0.00395
-0.00394586 -0.003925
-0.00392034 -0.0039
-0.00389483 -0.003875
-0.00386931 -0.00385
-0.00384379 -0.003825
-0.00381827 -0.0038
-0.00379275 -0.003775
-0.00376723 -0.00375
-0.00374171 -0.003725
-0.00371619 -0.0037
-0.00369067 -0.003675
-0.00366516 -0.00365
-0.00363964 -0.003625
-0.00361412 -0.0036
-0.0035886 -0.003575
-0.00356308 -0.00355
-0.00353756 -0.003525
-0.00351204 -0.0035
-0.00348652 -0.003475
-0.003461 -0.00345
-0.00343548 -0.003425
-0.00340997 -0.0034
-0.00338445 -0.003375
-0.00335893 -0.00335
-0.00333341 -0.003325
-0.00330789 -0.0033
-0.00328237 -0.003275
-0.00325685 -0.00325
-0.00323133 -0.003225
-0.00320581 -0.0032
-0.0031803 -0.003175
-0.00315478 -0.00315
-0.00312926 -0.003125
-0.00310374 -0.0031
-0.00307822 -0.003075
-0.0030527 -0.00305
-0.00302718 -0.003025
-0.00300166 -0.003
-0.00297614 -0.002975
-0.00295063 -0.00295
-0.00292511 -0.002925
-0.0029 -0.0029
-0.002875 -0.002875
-0.00285 -0.00285
-0.002825 -0.002825
-0.0028 -0.0028
-0.002775 -0.002775
-0.00275 -0.00275
-0.002725 -0.002725
-0.0027 -0.0027
-0.002675 -0.002675
-0.00265 -0.00265
-0.002625 -0.002625
-0.0026 -0.0026
-0.002575 -0.002575
-0.00255 -0.00255
-0.002525 -0.002525
-0.0025 -0.0025
-0.002475 -0.002475
-0.00245 -0.00245
-0.002425 -0.002425
-0.0024 -0.0024
-0.002375 -0.002375
-0.00235 -0.00235
-0.002325 -0.002325
-0.0023 -0.0023
-0.002275 -0.002275
-0.00225 -0.00225
-0.002225 -0.002225
-0.0022 -0.0022
-0.002175 -0.002175
-0.00215 -0.00215
-0.002125 -0.002125
-0.0021 -0.0021
-0.002075 -0.002075
-0.00205 -0.00205
-0.002025 -0.002025
-0.002 -0.002
-0.001975 -0.001975
-0.00195 -0.00195
-0.001925 -0.001925
-0.0019 -0.0019
-0.001875 -0.001875
-0.00185 -0.00185
-0.001825 -0.001825
-0.0018 -0.0018
-0.001775 -0.001775
-0.00175 -0.00175
-0.001725 -0.001725
-0.0017 -0.0017
-0.001675 -0.001675
-0.00165 -0.00165
-0.001625 -0.001625
-0.0016 -0.0016
-0.001575 -0.001575
-0.00155 -0.00155
-0.001525 -0.001525
-0.0015 -0.0015
-0.001475 -0.001475
-0.00145 -0.00145
-0.001425 -0.001425
-0.0014 -0.0014
-0.001375 -0.001375
-0.00135 -0.00135
-0.001325 -0.001325
-0.0013 -0.0013
-0.001275 -0.001275
-0.00125 -0.00125
-0.001225 -0.001225
-0.0012 -0.0012
-0.001175 -0.001175
-0.00115 -0.00115
-0.001125 -0.001125
-0.0011 -0.0011
-0.001075 -0.001075
-0.00105 -0.00105
-0.001025 -0.001025
-0.001 -0.001
-0.000975 -0.000975
-0.00095 -0.00095
-0.000925 -0.000925
-0.0009 -0.0009
-0.000875 -0.000875
-0.00085 -0.00085
-0.000825 -0.000825
-0.0008 -0.0008
-0.000775 -0.000775
-0.00075 -0.00075
-0.000725 -0.000725
-0.0007 -0.0007
-0.000675 -0.000675
-0.00065 -0.00065
-0.000625 -0.000625
-0.0006 -0.0006
-0.000575 -0.000575
-0.00055 -0.00055
-0.000525 -0.000525
-0.0005 -0.0005
-0.000475 -0.000475
-0.00045 -0.00045
-0.000425 -0.000425
-0.0004 -0.0004
-0.000375 -0.000375
-0.00035 -0.00035
-0.000325 -0.000325
-0.0003 -0.0003
-0.000275 -0.000275
-0.00025 -0.00025
-0.000225 -0.000225
-0.0002 -0.0002
-0.000175 -0.000175
-0.00015 -0.00015
-0.000125 -0.000125
-0.0001 -0.0001
-7.5e-05 -7.5e-05
-5e-05 -5e-05
-2.5e-05 -2.5e-05
-6.09864e-20 -6.09864e-20
2.5e-05 2.5e-05
5e-05 5e-05
7.5e-05 7.5e-05
0.0001 0.0001
0.000125 0.000125
0.00015 0.00015
0.000175 0.000175
0.0002 0.0002
0.000225 0.000225
0.00025 0.00025
0.000275 0.000275
0.0003 0.0003
0.000325 0.000325
0.00035 0.00035
0.000375 0.000375
0.0004 0.0004
0.000425 0.000425
0.00045 0.00045
0.000475 0.000475
0.0005 0.0005
0.000525 0.000525
0.00055 0.00055
0.000575 0.000575
0.0006 0.0006
0.000625 0.000625
0.0006 0.0006
0.000575 0.000575
0.00055 0.00055
0.000525 0.000525
0.0005 0.0005
0.000475 0.000475
0.00045 0.00045
0.000425 0.000425
0.0004 0.0004
0.000375 0.000375
0.00035 0.00035
0.000325 0.000325
0.0003 0.0003
0.000275 0.000275
0.00025 0.00025
0.000225 0.000225
0.0002 0.0002
0.000175 0.000175
0.00015 0.00015
0.000125 0.000125
0.0001 0.0001
7.5e-05 7.5e-05
5e-05 5e-05
2.5e-05 2.5e-05
-4.74338e-20 -4.74338e-20
-2.5e-05 -2.5e-05
-5e-05 -5e-05
-7.5e-05 -7.5e-05
-0.0001 -0.0001
-0.000125 -0.000125
-0.00015 -0.00015
-0.000175 -0.000175
-0.0002 -0.0002
-0.000225 -0.000225
-0.00025 -0.00025
-0.000275 -0.000275
-0.0003 -0.0003
-0.000325 -0.000325
-0.00035 -0.00035
-0.000375 -0.000375
-0.0004 -0.0004
-0.000425 -0.000425
-0.00045 -0.00045
-0.000475 -0.000475
-0.0005 -0.0005
-0.000525 -0.000525
-0.00055 -0.00055
-0.000575 -0.000575
-0.0006 -0.0006
-0.000625 -0.000625
-0.00065 -0.00065
-0.000675 -0.000675
-0.0007 -0.0007
-0.000725 -0.000725
-0.00075 -0.00075
-0.000775 -0.000775
-0.0008 -0.0008
-0.000825 -0.000825
-0.00085 -0.00085
-0.000875 -0.000875
-0.0009 -0.0009
-0.000925 -0.000925
-0.00095 -0.00095
-0.000975 -0.000975
-0.001 -0.001
-0.001025 -0.001025
-0.00105 -0.00105
-0.001075 -0.001075
-0.0011 -0.0011
-0.001125 -0.001125
-0.00115 -0.00115
-0.001175 -0.001175
-0.0012 -0.0012
-0.001225 -0.001225
-0.00125 -0.00125
-0.001275 -0.001275
-0.0013 -0.0013
-0.001325 -0.001325
-0.00135 -0.00135
-0.001375 -0.001375
-0.0014 -0.0014
-0.001425 -0.001425
-0.00145 -0.00145
-0.001475 -0.001475
-0.0015 -0.0015
-0.001525 -0.001525
-0.00155 -0.00155
-0.001575 -0.001575
-0.0016 -0.0016
-0.001625 -0.001625
-0.00165 -0.00165
-0.001675 -0.001675
-0.0017 -0.0017
-0.001725 -0.001725
-0.00175 -0.00175
-0.001775 -0.001775
-0.0018 -0.0018
-0.001825 -0.001825
-0.00185 -0.00185
-0.001875 -0.001875
-0.0019 -0.0019
-0.001925 -0.001925
-0.00195 -0.00195
-0.001975 -0.001975
-0.002 -0.002
-0.002025 -0.002025
-0.00205 -0.00205
-0.002075 -0.002075
-0.0021 -0.0021
-0.002125 -0.002125
-0.00215 -0.00215
-0.002175 -0.002175
-0.0022 -0.0022
-0.002225 -0.002225
-0.00225 -0.00225
-0.002275 -0.002275
-0.0023 -0.0023
-0.002325 -0.002325
-0.00235 -0.00235
-0.002375 -0.002375
-0.0024 -0.0024
-0.002425 -0.002425
-0.00245 -0.00245
-0.002475 -0.002475
-0.0025 -0.0025
-0.002525 -0.002525
-0.00255 -0.00255
-0.002575 -0.002575
-0.0026 -0.0026
-0.002625 -0.002625
-0.00265 -0.00265
-0.002675 -0.002675
-0.0027 -0.0027
-0.002725 -0.002725
-0.00275 -0.00275
-0.002775 -0.002775
-0.0028 -0.0028
-0.002825 -0.002825
-0.00285 -0.00285
-0.002875 -0.002875
-0.0029 -0.0029
-0.00292511 -0.002925
-0.00295063 -0.00295
-0.00297614 -0.002975
-0.00300166 -0.003
-0.00302718 -0.003025
-0.0030527 -0.00305
-0.00307822 -0.003075
-0.00310374 -0.0031
-0.00312926 -0.003125
-0.00315478 -0.00315
-0.0031803 -0.003175
-0.00320581 -0.0032
-0.00323133 -0.003225
-0.00325685 -0.00325
-0.00328237 -0.003275
-0.00330789 -0.0033
-0.00333341 -0.003325
-0.00335893 -0.00335
-0.00338445 -0.003375
-0.00340997 -0.0034
-0.00343548 -0.003425
-0.003461 -0.00345
-0.00348652 -0.003475
-0.00351204 -0.0035
-0.00353756 -0.003525
-0.00356308 -0.00355
-0.0035886 -0.003575
-0.00361412 -0.0036
-0.00363964 -0.003625
-0.00366516 -0.00365
-0.00369067 -0.003675
-0.00371619 -0.0037
-0.00374171 -0.003725
-0.00376723 -0.00375
-0.00379275 -0.003775
-0.00381827 -0.0038
-0.00384379 -0.003825
-0.00386931 -0.00385
-0.00389483 -0.003875
-0.00392034 -0.0039
-0.00394586 -0.003925
-0.00397138 -0.00395
-0.0039969 -0.003975
-0.00402242 -0.004
-0.00404794 -0.004025
-0.00407346 -0.00405
-0.00409898 -0.004075
-0.0041245 -0.0041
-0.00415002 -0.004125
-0.00417553 -0.00415
-0.00420105 -0.004175
-0.00422657 -0.0042
-0.00425209 -0.004225
-0.00427761 -0.00425
-0.00430313 -0.004275
-0.00432865 -0.0043
-0.00435417 -0.004325
-0.00437969 -0.00435
-0.0044052 -0.004375
-0.00443072 -0.0044
-0.00445624 -0.004425
-0.00448176 -0.00445
-0.00450728 -0.004475
-0.0045328 -0.0045
-0.00455832 -0.004525
-0.00458384 -0.00455
-0.00460936 -0.004575
-0.00463487 -0.0046
-0.00466039 -0.004625
-0.00468591 -0.00465
-0.00471143 -0.004675
-0.00473695 -0.0047
-0.00476247 -0.004725
-0.00478799 -0.00475
-0.00481351 -0.004775
-0.00483903 -0.0048
-0.00486455 -0.004825
-0.00489006 -0.00485
-0.00491558 -0.004875
-0.0049411 -0.0049
-0.00496662 -0.004925
-0.00499214 -0.00495
-0.00501766 -0.004975
-0.00504318 -0.005
-0.0050687 -0.005025
-0.00509422 -0.00505
-0.00511973 -0.005075
-0.00514525 -0.0051
-0.00517077 -0.005125
-0.00519629 -0.00515
-0.00522181 -0.005175
-0.00524733 -0.0052
-0.00527285 -0.005225
-0.00529837 -0.00525
-0.00532389 -0.005275
-0.0053494 -0.0053
-0.00537492 -0.005325
-0.00540044 -0.00535
-0.00542596 -0.005375
-0.00545148 -0.0054
-0.005477 -0.005425
-0.00550252 -0.00545
-0.00552804 -0.005475
-0.00555356 -0.0055
-0.00557908 -0.005525
-0.00560459 -0.00555
-0.00563011 -0.005575
-0.00565563 -0.0056
-0.00568115 -0.005625
-0.00570667 -0.00565
-0.00573219 -0.005675
-0.00575771 -0.0057
-0.00578323 -0.005725
-0.00580875 -0.00575
-0.00583426 -0.005775
-0.00585978 -0.0058
-0.0058853 -0.005825
-0.00591082 -0.00585
-0.00593634 -0.005875
-0.00596186 -0.0059
-0.00598738 -0.005925
-0.0060129 -0.00595
-0.00603842 -0.005975
-0.00606394 -0.006
-0.00608945 -0.006025
-0.00611497 -0.00605
-0.00614049 -0.006075
-0.00616601 -0.0061
-0.00619153 -0.006125
-0.00621705 -0.00615
-0.00624257 -0.006175
-0.00626809 -0.0062
-0.00629361 -0.006225
-0.00631912 -0.00625
-0.0063432 -0.006275
-0.00636728 -0.0063
-0.00639136 -0.006325
-0.00641544 -0.00635
-0.00643952 -0.006375
-0.00646359 -0.0064
-0.00648767 -0.006425
-0.00651175 -0.00645
-0.00653583 -0.006475
-0.00655991 -0.0065
-0.00658399 -0.006525
-0.00660806 -0.00655
-0.00663214 -0.006575
-0.00665622 -0.0066
-0.0066803 -0.006625
-0.00670438 -0.00665
-0.00672846 -0.006675
-0.00675253 -0.0067
-0.00677661 -0.006725
-0.00680069 -0.00675
-0.00682477 -0.006775
-0.00684885 -0.0068
-0.00687293 -0.006825
-0.006897 -0.00685
-0.00692108 -0.006875
-0.00694516 -0.0069
-0.00696924 -0.006925
-0.00699332 -0.00695
-0.0070174 -0.006975
-0.00704147 -0.007
-0.00706555 -0.007025
-0.00709 -0.00705
-0.007115 -0.007075
-0.00714 -0.0071
-0.007165 -0.007125
-0.00719 -0.00715
-0.007215 -0.007175
-0.00724 -0.0072
-0.007265 -0.007225
-0.00729 -0.00725
-0.007315 -0.007275
-0.00734 -0.0073
-0.007365 -0.007325
-0.00739 -0.00735
-0.007415 -0.007375
-0.00744 -0.0074
-0.007465 -0.007425
-0.00749 -0.00745
-0.007515 -0.007475
-0.00754 -0.0075
-0.00751475 -0.007475
-0.0074895 -0.00745
-0.00746425 -0.007425
-0.007439 -0.0074
-0.00741375 -0.007375
-0.0073885 -0.00735
-0.00736325 -0.007325
-0.007338 -0.0073
-0.00731275 -0.007275
-0.0072875 -0.00725
-0.00726225 -0.007225
-0.007237 -0.0072
-0.00721175 -0.007175
-0.0071865 -0.00715
-0.00716125 -0.007125
-0.007136 -0.0071
-0.00711075 -0.007075
-0.0070855 -0.00705
-0.00706025 -0.007025
-0.007035 -0.007
-0.00700975 -0.006975
-0.0069845 -0.00695
-0.00695925 -0.006925
-0.006934 -0.0069
-0.00690875 -0.006875
-0.0068835 -0.00685
-0.00685825 -0.006825
-0.006833 -0.0068
-0.00680775 -0.006775
-0.0067825 -0.00675
-0.00675725 -0.006725
-0.006732 -0.0067
-0.00670675 -0.006675
-0.0066815 -0.00665
-0.00665625 -0.006625
-0.006631 -0.0066
-0.00660575 -0.006575
-0.0065805 -0.00655
-0.00655525 -0.006525
-0.00653 -0.0065
-0.00650475 -0.006475
-0.0064795 -0.00645
-0.00645425 -0.006425
-0.006429 -0.0064
-0.00640375 -0.006375
-0.0063785 -0.00635
-0.00635325 -0.006325
-0.006328 -0.0063
-0.00630275 -0.006275
-0.0062775 -0.00625
-0.00625225 -0.006225
-0.006227 -0.0062
-0.00620175 -0.006175
-0.0061765 -0.00615
-0.00615125 -0.006125
-0.006126 -0.0061
-0.00610075 -0.006075
-0.0060755 -0.00605
-0.00605025 -0.006025
-0.006025 -0.006
-0.00599975 -0.005975
-0.0059745 -0.00595
-0.00594925 -0.005925
-0.005924 -0.0059
-0.00589875 -0.005875
-0.0058735 -0.00585
-0.00584825 -0.005825
-0.005823 -0.0058
-0.00579775 -0.005775
-0.0057725 -0.00575
-0.00574725 -0.005725
-0.005722 -0.0057
-0.00569675 -0.005675
-0.0056715 -0.00565
-0.00564625 -0.005625
-0.005621 -0.0056
-0.00559575 -0.005575
-0.0055705 -0.00555
-0.00554525 -0.005525
-0.00552 -0.0055
-0.00549476 -0.005475
-0.00546951 -0.00545
-0.00544426 -0.005425
-0.00541901 -0.0054
-0.00539376 -0.005375
-0.00536851 -0.00535
-0.00534326 -0.005325
-0.00531801 -0.0053
-0.00529276 -0.005275
-0.00526751 -0.00525
-0.00524226 -0.005225
-0.00521701 -0.0052
-0.00519176 -0.005175
-0.00516651 -0.00515
-0.00514126 -0.005125
-0.00511601 -0.0051
-0.00509076 -0.005075
-0.00506551 -0.00505
-0.00504026 -0.005025
-0.00501501 -0.005
-0.00498976 -0.004975
-0.00496451 -0.00495
-0.00493926 -0.004925
-0.00491401 -0.0049
-0.00488876 -0.004875
-0.00486351 -0.00485
-0.00483826 -0.004825
-0.00481301 -0.0048
-0.00478776 -0.004775
-0.00476251 -0.00475
-0.00473726 -0.004725
-0.00471201 -0.0047
-0.00468676 -0.004675
-0.00466151 -0.00465
-0.00463626 -0.004625
-0.00461101 -0.0046
-0.00458576 -0.004575
-0.00456051 -0.00455
-0.00453526 -0.004525
-0.00451001 -0.0045
-0.00448476 -0.004475
-0.00445951 -0.00445
-0.00443426 -0.004425
-0.00440901 -0.0044
-0.00438376 -0.004375
-0.00435851 -0.00435
-0.00433326 -0.004325
-0.00430801 -0.0043
-0.00428276 -0.004275
-0.00425751 -0.00425
-0.00423226 -0.004225
-0.00420701 -0.0042
-0.00418176 -0.004175
-0.00415651 -0.00415
-0.00413126 -0.004125
-0.00410601 -0.0041
-0.00408076 -0.004075
-0.00405551 -0.00405
-0.00403026 -0.004025
-0.00400501 -0.004
-0.00397976 -0.003975
-0.00395451 -0.00395
-0.00392926 -0.003925
-0.00390401 -0.0039
-0.00387876 -0.003875
-0.00385351 -0.00385
-0.00382826 -0.003825
-0.00380301 -0.0038
-0.00377776 -0.003775
-0.00375251 -0.00375
-0.00372726 -0.003725
-0.00370201 -0.0037
-0.00367676 -0.003675
-0.00365151 -0.00365
-0.00362626 -0.003625
-0.00360101 -0.0036
-0.00357576 -0.003575
-0.00355051 -0.00355
-0.00352526 -0.003525
-0.00350001 -0.0035
-0.003475 -0.003475
-0.00345 -0.00345
-0.003425 -0.003425
-0.0034 -0.0034
-0.003375 -0.003375
-0.00335 -0.00335
-0.003325 -0.003325
-0.0033 -0.0033
-0.003275 -0.003275
-0.00325 -0.00325
-0.003225 -0.003225
-0.0032 -0.0032
-0.003175 -0.003175
-0.00315 -0.00315
-0.003125 -0.003125
-0.0031 -0.0031
-0.003075 -0.003075
-0.00305 -0.00305
-0.003025 -0.003025
-0.003 -0.003
-0.002975 -0.002975
-0.00295 -0.00295
-0.002925 -0.002925
-0.0029 -0.0029
-0.002875 -0.002875
-0.00285 -0.00285
-0.002825 -0.002825
-0.0028 -0.0028
-0.002775 -0.002775
-0.00275 -0.00275
-0.002725 -0.002725
-0.0027 -0.0027
-0.002675 -0.002675
-0.00265 -0.00265
-0.002625 -0.002625
-0.0026 -0.0026
-0.002575 -0.002575
-0.00255 -0.00255
-0.002525 -0.002525
-0.0025 -0.0025
-0.002475 -0.002475
-0.00245 -0.00245
-0.002425 -0.002425
-0.0024 -0.0024
-0.002375 -0.002375
-0.00235 -0.00235
-0.002325 -0.002325
-0.0023 -0.0023
-0.002275 -0.002275
-0.00225 -0.00225
-0.002225 -0.002225
-0.0022 -0.0022
-0.002175 -0.002175
-0.00215 -0.00215
-0.002125 -0.002125
-0.0021 -0.0021
-0.002075 -0.002075
-0.00205 -0.00205
-0.002025 -0.002025
-0.002 -0.002
-0.001975 -0.001975
-0.00195 -0.00195
-0.001925 -0.001925
-0.0019 -0.0019
-0.001875 -0.001875
-0.00185 -0.00185
-0.001825 -0.001825
-0.0018 -0.0018
-0.001775 -0.001775
-0.00175 -0.00175
-0.001725 -0.001725
-0.0017 -0.0017
-0.001675 -0.001675
-0.00165 -0.00165
-0.001625 -0.001625
-0.0016 -0.0016
-0.001575 -0.001575
-0.00155 -0.00155
-0.001525 -0.001525
-0.0015 -0.0015
-0.001475 -0.001475
-0.00145 -0.00145
-0.001425 -0.001425
-0.0014 -0.0014
-0.001375 -0.001375
-0.00135 -0.00135
-0.001325 -0.001325
-0.0013 -0.0013
-0.001275 -0.001275
-0.00125 -0.00125
-0.001225 -0.001225
-0.0012 -0.0012
-0.001175 -0.001175
-0.00115 -0.00115
-0.001125 -0.001125
-0.0011 -0.0011
-0.001075 -0.001075
-0.00105 -0.00105
-0.001025 -0.001025
-0.001 -0.001
-0.000975 -0.000975
-0.00095 -0.00095
-0.000925 -0.000925
-0.0009 -0.0009
-0.000875 -0.000875
-0.00085 -0.00085
-0.000825 -0.000825
-0.0008 -0.0008
-0.000775 -0.000775
-0.00075 -0.00075
-0.000725 -0.000725
-0.0007 -0.0007
-0.000675 -0.000675
-0.00065 -0.00065
-0.000625 -0.000625
-0.0006 -0.0006
-0.000575 -0.000575
-0.00055 -0.00055
-0.000525 -0.000525
-0.0005 -0.0005
-0.000475 -0.000475
-0.00045 -0.00045
-0.000425 -0.000425
-0.0004 -0.0004
-0.000375 -0.000375
-0.00035 -0.00035
-0.000325 -0.000325
-0.0003 -0.0003
-0.000275 -0.000275
-0.00025 -0.00025
-0.000225 -0.000225
-0.0002 -0.0002
-0.000175 -0.000175
-0.00015 -0.00015
-0.000125 -0.000125
-0.0001 -0.0001
-7.5e-05 -7.5e-05
-5e-05 -5e-05
-2.5e-05 -2.5e-05
-6.09864e-20 -6.09864e-20
2.5e-05 2.5e-05
5e-05 5e-05
7.5e-05 7.5e-05
0.0001 0.0001
0.000125 0.000125
0.00015 0.00015
0.000175 0.000175
0.0002 0.0002
0.000225 0.000225
0.00025 0.00025
0.000275 0.000275
0.0003 0.0003
0.000325 0.000325
0.00035 0.00035
0.000375 0.000375
0.0004 0.0004
0.000425 0.000425
0.00045 0.00045
0.000475 0.000475
0.0005 0.0005
0.000525 0.000525
0.00055 0.00055
0.000575 0.000575
0.0006 0.0006
0.000625 0.000625
0.00065 0.00065
0.000675 0.000675
0.0007 0.0007
0.000725 0.000725
0.00075 0.00075
0.000725 0.000725
0.0007 0.0007
0.000675 0.000675
0.00065 0.00065
0.000625 0.000625
0.0006 0.0006
0.000575 0.000575
0.00055 0.00055
0.000525 0.000525
0.0005 0.0005
0.000475 0.000475
0.00045 0.00045
0.000425 0.000425
0.0004 0.0004
0.000375 0.000375
0.00035 0.00035
0.000325 0.000325
0.0003 0.0003
0.000275 0.000275
0.00025 0.00025
0.000225 0.000225
0.0002 0.0002
0.000175 0.000175
0.00015 0.00015
0.000125 0.000125
0.0001 0.0001
7.5e-05 7.5e-05
5e-05 5e-05
2.5e-05 2.5e-05
-4.74338e-20 -4.74338e-20
-2.5e-05 -2.5e-05
-5e-05 -5e-05
-7.5e-05 -7.5e-05
-0.0001 -0.0001
-0.000125 -0.000125
-0.00015 -0.00015
-0.000175 -0.000175
-0.0002 -0.0002
-0.000225 -0.000225
-0.00025 -0.00025
-0.000275 -0.000275
-0.0003 -0.0003
-0.000325 -0.000325
-0.00035 -0.00035
-0.000375 -0.000375
-0.0004 -0.0004
-0.000425 -0.000425
-0.00045 -0.00045
-0.000475 -0.000475
-0.0005 -0.0005
-0.000525 -0.000525
-0.00055 -0.00055
-0.000575 -0.000575
-0.0006 -0.0006
-0.000625 -0.000625
-0.00065 -0.00065
-0.000675 -0.000675
-0.0007 -0.0007
-0.000725 -0.000725
-0.00075 -0.00075
-0.000775 -0.000775
-0.0008 -0.0008
-0.000825 -0.000825
-0.00085 -0.00085
-0.000875 -0.000875
-0.0009 -0.0009
-0.000925 -0.000925
-0.00095 -0.00095
-0.000975 -0.000975
-0.001 -0.001
-0.001025 -0.001025
-0.00105 -0.00105
-0.001075 -0.001075
-0.0011 -0.0011
-0.001125 -0.001125
-0.00115 -0.00115
-0.001175 -0.001175
-0.0012 -0.0012
-0.001225 -0.001225
-0.00125 -0.00125
-0.001275 -0.001275
-0.0013 -0.0013
-0.001325 -0.001325
-0.00135 -0.00135
-0.001375 -0.001375
-0.0014 -0.0014
-0.001425 -0.001425
-0.00145 -0.00145
-0.001475 -0.001475
-0.0015 -0.0015
-0.001525 -0.001525
-0.00155 -0.00155
-0.001575 -0.001575
-0.0016 -0.0016
-0.001625 -0.001625
-0.00165 -0.00165
-0.001675 -0.001675
-0.0017 -0.0017
-0.001725 -0.001725
-0.00175 -0.00175
-0.001775 -0.001775
-0.0018 -0.0018
-0.001825 -0.001825
-0.00185 -0.00185
-0.001875 -0.001875
-0.0019 -0.0019
-0.001925 -0.001925
-0.00195 -0.00195
-0.001975 -0.001975
-0.002 -0.002
-0.002025 -0.002025
-0.00205 -0.00205
-0.002075 -0.002075
-0.0021 -0.0021
-0.002125 -0.002125
-0.00215 -0.00215
-0.002175 -0.002175
-0.0022 -0.0022
-0.002225 -0.002225
-0.00225 -0.00225
-0.002275 -0.002275
-0.0023 -0.0023
-0.002325 -0.002325
-0.00235 -0.00235
-0.002375 -0.002375
-0.0024 -0.0024
-0.002425 -0.002425
-0.00245 -0.00245
-0.002475 -0.002475
-0.0025 -0.0025
-0.002525 -0.002525
-0.00255 -0.00255
-0.002575 -0.002575
-0.0026 -0.0026
-0.002625 -0.002625
-0.00265 -0.00265
-0.002675 -0.002675
-0.0027 -0.0027
-0.002725 -0.002725
-0.00275 -0.00275
-0.002775 -0.002775
-0.0028 -0.0028
-0.002825 -0.002825
-0.00285 -0.00285
-0.002875 -0.002875
-0.0029 -0.0029
-0.002925 -0.002925
-0.00295 -0.00295
-0.002975 -0.002975
-0.003 -0.003
-0.003025 -0.003025
-0.00305 -0.00305
-0.003075 -0.003075
-0.0031 -0.0031
-0.003125 -0.003125
-0.00315 -0.00315
-0.003175 -0.003175
-0.0032 -0.0032
-0.003225 -0.003225
-0.00325 -0.00325
-0.003275 -0.003275
-0.0033 -0.0033
-0.003325 -0.003325
-0.00335 -0.00335
-0.003375 -0.003375
-0.0034 -0.0034
-0.003425 -0.003425
-0.00345 -0.00345
-0.003475 -0.003475
-0.00350001 -0.0035
-0.00352526 -0.003525
-0.00355051 -0.00355
-0.00357576 -0.003575
-0.00360101 -0.0036
-0.00362626 -0.003625
-0.00365151 -0.00365
-0.00367676 -0.003675
-0.00370201 -0.0037
-0.00372726 -0.003725
-0.00375251 -0.00375
-0.00377776 -0.003775
-0.00380301 -0.0038
-0.00382826 -0.003825
-0.00385351 -0.00385
-0.00387876 -0.003875
-0.00390401 -0.0039
-0.00392926 -0.003925
-0.00395451 -0.00395
-0.00397976 -0.003975
-0.00400501 -0.004
-0.00403026 -0.004025
-0.00405551 -0.00405
-0.00408076 -0.004075
-0.00410601 -0.0041
-0.00413126 -0.004125
-0.00415651 -0.00415
-0.00418176 -0.004175
-0.00420701 -0.0042
-0.00423226 -0.004225
-0.00425751 -0.00425
-0.00428276 -0.004275
-0.00430801 -0.0043
-0.00433326 -0.004325
-0.00435851 -0.00435
-0.00438376 -0.004375
-0.00440901 -0.0044
-0.00443426 -0.004425
-0.00445951 -0.00445
-0.00448476 -0.004475
-0.00451001 -0.0045
-0.00453526 -0.004525
-0.00456051 -0.00455
-0.00458576 -0.004575
-0.00461101 -0.0046
-0.00463626 -0.004625
-0.00466151 -0.00465
-0.00468676 -0.004675
-0.00471201 -0.0047
-0.00473726 -0.004725
-0.00476251 -0.00475
-0.00478776 -0.004775
-0.00481301 -0.0048
-0.00483826 -0.004825
-0.00486351 -0.00485
-0.00488876 -0.004875
-0.00491401 -0.0049
-0.00493926 -0.004925
-0.00496451 -0.00495
-0.00498976 -0.004975
-0.00501501 -0.005
-0.00504026 -0.005025
-0.00506551 -0.00505
-0.00509076 -0.005075
-0.00511601 -0.0051
-0.00514126 -0.005125
-0.00516651 -0.00515
-0.00519176 -0.005175
-0.00521701 -0.0052
-0.00524226 -0.005225
-0.00526751 -0.00525
-0.00529276 -0.005275
-0.00531801 -0.0053
-0.00534326 -0.005325
-0.00536851 -0.00535
-0.00539376 -0.005375
-0.00541901 -0.0054
-0.00544426 -0.005425
-0.00546951 -0.00545
-0.00549476 -0.005475
-0.00552 -0.0055
-0.00554525 -0.005525
-0.0055705 -0.00555
-0.00559575 -0.005575
-0.005621 -0.0056
-0.00564625 -0.005625
-0.0056715 -0.00565
-0.00569675 -0.005675
-0.005722 -0.0057
-0.00574725 -0.005725
-0.0057725 -0.00575
-0.00579775 -0.005775
-0.005823 -0.0058
-0.00584825 -0.005825
-0.0058735 -0.00585
-0.00589875 -0.005875
-0.005924 -0.0059
-0.00594925 -0.005925
-0.0059745 -0.00595
-0.00599975 -0.005975
-0.006025 -0.006
-0.00605025 -0.006025
-0.0060755 -0.00605
-0.00610075 -0.006075
-0.006126 -0.0061
-0.00615125 -0.006125
-0.0061765 -0.00615
-0.00620175 -0.006175
-0.006227 -0.0062
-0.00625225 -0.006225
-0.0062775 -0.00625
-0.00630275 -0.006275
-0.006328 -0.0063
-0.00635325 -0.006325
-0.0063785 -0.00635
-0.00640375 -0.006375
-0.006429 -0.0064
-0.00645425 -0.006425
-0.0064795 -0.00645
-0.00650475 -0.006475
-0.00653 -0.0065
-0.00655525 -0.006525
-0.0065805 -0.00655
-0.00660575 -0.006575
-0.006631 -0.0066
-0.00665625 -0.006625
-0.0066815 -0.00665
-0.00670675 -0.006675
-0.006732 -0.0067
-0.00675725 -0.006725
-0.0067825 -0.00675
-0.00680775 -0.006775
-0.006833 -0.0068
-0.00685825 -0.006825
-0.0068835 -0.00685
-0.00690875 -0.006875
-0.006934 -0.0069
-0.00695925 -0.006925
-0.0069845 -0.00695
-0.00700975 -0.006975
-0.007035 -0.007
-0.00706025 -0.007025
-0.0070855 -0.00705
-0.00711075 -0.007075
-0.007136 -0.0071
-0.00716125 -0.007125
-0.0071865 -0.00715
-0.00721175 -0.007175
-0.007237 -0.0072
-0.00726225 -0.007225
-0.0072875 -0.00725
-0.00731275 -0.007275
-0.007338 -0.0073
-0.00736325 -0.007325
-0.0073885 -0.00735
-0.00741375 -0.007375
-0.007439 -0.0074
-0.00746425 -0.007425
-0.0074895 -0.00745
-0.00751475 -0.007475
-0.00754 -0.0075
-0.007565 -0.007525
-0.00759 -0.00755
-0.007615 -0.007575
-0.00764 -0.0076
-0.007665 -0.007625
-0.00769 -0.00765
-0.007715 -0.007675
-0.00774 -0.0077
-0.007765 -0.007725
-0.00779 -0.00775
-0.007815 -0.007775
-0.00784 -0.0078
-0.007865 -0.007825
-0.00789 -0.00785
-0.007915 -0.007875
-0.00794 -0.0079
-0.007965 -0.007925
-0.00799 -0.00795
-0.008015 -0.007975
-0.00804 -0.008
-0.008065 -0.008025
-0.00809 -0.00805
-0.008115 -0.008075
-0.00814 -0.0081
-0.008165 -0.008125
-0.00819 -0.00815
-0.008215 -0.008175
-0.00824 -0.0082
-0.008265 -0.008225
-0.00829 -0.00825
-0.008315 -0.008275
-0.00834 -0.0083
-0.008365 -0.008325
-0.00839 -0.00835
-0.008415 -0.008375
-0.00844 -0.0084
-0.008465 -0.008425
-0.00849 -0.00845
-0.008515 -0.008475
-0.00854 -0.0085
-0.008565 -0.008525
-0.00859 -0.00855
-0.008615 -0.008575
-0.00864 -0.0086
-0.008665 -0.008625
-0.00869 -0.00865
-0.008715 -0.008675
-0.00874 -0.0087
-0.008765 -0.008725
-0.00879 -0.00875
-0.00876481 -0.008725
-0.00873962 -0.0087
-0.00871443 -0.008675
-0.00868924 -0.00865
-0.00866405 -0.008625
-0.00863886 -0.0086
-0.00861367 -0.008575
-0.00858848 -0.00855
-0.00856329 -0.008525
-0.0085381 -0.0085
-0.00851291 -0.008475
-0.00848771 -0.00845
-0.00846252 -0.008425
-0.00843733 -0.0084
-0.00841214 -0.008375
-0.00838695 -0.00835
-0.00836176 -0.008325
-0.00833657 -0.0083
-0.00831138 -0.008275
-0.00828619 -0.00825
-0.008261 -0.008225
-0.00823581 -0.0082
-0.00821062 -0.008175
-0.00818543 -0.00815
-0.00816024 -0.008125
-0.00813505 -0.0081
-0.00810986 -0.008075
-0.00808467 -0.00805
-0.00805948 -0.008025
-0.00803429 -0.008
-0.0080091 -0.007975
-0.00798391 -0.00795
-0.00795872 -0.007925
-0.00793353 -0.0079
-0.00790833 -0.007875
-0.00788314 -0.00785
-0.00785795 -0.007825
-0.00783276 -0.0078
-0.00780757 -0.007775
-0.00778238 -0.00775
-0.00775719 -0.007725
-0.007732 -0.0077
-0.00770681 -0.007675
-0.00768162 -0.00765
-0.00765643 -0.007625
-0.00763124 -0.0076
-0.00760605 -0.007575
-0.00758086 -0.00755
-0.00755567 -0.007525
-0.00753048 -0.0075
-0.00750529 -0.007475
-0.0074801 -0.00745
-0.00745491 -0.007425
-0.00742972 -0.0074
-0.00740453 -0.007375
-0.00737934 -0.00735
-0.00735414 -0.007325
-0.00732895 -0.0073
-0.00730376 -0.007275
-0.00727857 -0.00725
-0.00725338 -0.007225
-0.00722819 -0.0072
-0.007203 -0.007175
-0.00717781 -0.00715
-0.00715262 -0.007125
-0.00712743 -0.0071
-0.00710224 -0.007075
-0.00707705 -0.00705
-0.00705186 -0.007025
-0.00702667 -0.007
-0.00700148 -0.006975
-0.00697629 -0.00695
-0.0069511 -0.006925
-0.00692591 -0.0069
-0.00690072 -0.006875
-0.00687553 -0.00685
-0.00685034 -0.006825
-0.00682515 -0.0068
-0.00679996 -0.006775
-0.00677476 -0.00675
-0.00674957 -0.006725
-0.00672438 -0.0067
-0.00669919 -0.006675
-0.006674 -0.00665
-0.00664881 -0.006625
-0.00662362 -0.0066
-0.00659843 -0.006575
-0.00657324 -0.00655
-0.00654805 -0.006525
-0.00652286 -0.0065
-0.00649767 -0.006475
-0.00647248 -0.00645
-0.00644729 -0.006425
-0.0064221 -0.0064
-0.00639691 -0.006375
-0.00637172 -0.00635
-0.00634653 -0.006325
-0.00632134 -0.0063
-0.00629615 -0.006275
-0.00627096 -0.00625
-0.00624577 -0.006225
-0.00622058 -0.0062
-0.00619538 -0.006175
-0.00617019 -0.00615
-0.006145 -0.006125
-0.00611981 -0.0061
-0.00609462 -0.006075
-0.00606943 -0.00605
-0.00604424 -0.006025
-0.00601905 -0.006
-0.00599386 -0.005975
-0.00596867 -0.00595
-0.00594348 -0.005925
-0.00591829 -0.0059
-0.0058931 -0.005875
-0.00586791 -0.00585
-0.00584272 -0.005825
-0.00581753 -0.0058
-0.00579234 -0.005775
-0.00576715 -0.00575
-0.00574196 -0.005725
-0.00571677 -0.0057
-0.00569158 -0.005675
-0.00566639 -0.00565
-0.0056412 -0.005625
-0.005616 -0.0056
-0.00559081 -0.005575
-0.00556562 -0.00555
-0.00554043 -0.005525
-0.00551524 -0.0055
-0.00549005 -0.005475
-0.00546486 -0.00545
-0.00543967 -0.005425
-0.00541448 -0.0054
-0.00538929 -0.005375
-0.0053641 -0.00535
-0.00533891 -0.005325
-0.00531372 -0.0053
-0.00528853 -0.005275
-0.00526334 -0.00525
-0.00523815 -0.005225
-0.00521296 -0.0052
-0.00518777 -0.005175
-0.00516258 -0.00515
-0.00513739 -0.005125
-0.0051122 -0.0051
-0.00508701 -0.005075
-0.00506181 -0.00505
-0.00503662 -0.005025
-0.00501143 -0.005
-0.00498624 -0.004975
-0.00496105 -0.00495
-0.00493586 -0.004925
-0.00491067 -0.0049
-0.00488548 -0.004875
-0.00486029 -0.00485
-0.0048351 -0.004825
-0.00480991 -0.0048
-0.00478472 -0.004775
-0.00475953 -0.00475
-0.00473434 -0.004725
-0.00470915 -0.0047
-0.00468396 -0.004675
-0.00465877 -0.00465
-0.00463358 -0.004625
-0.00460839 -0.0046
-0.0045832 -0.004575
-0.00455801 -0.00455
-0.00453282 -0.004525
-0.00450763 -0.0045
-0.00448243 -0.004475
-0.00445724 -0.00445
-0.00443205 -0.004425
-0.00440686 -0.0044
-0.00438167 -0.004375
-0.00435648 -0.00435
-0.00433129 -0.004325
-0.0043061 -0.0043
-0.00428091 -0.004275
-0.00425572 -0.00425
-0.00423053 -0.004225
-0.00420534 -0.0042
-0.00418015 -0.004175
-0.00415496 -0.00415
-0.00412977 -0.004125
-0.00410458 -0.0041
-0.00407939 -0.004075
-0.0040542 -0.00405
-0.00402901 -0.004025
-0.00400382 -0.004
-0.00397863 -0.003975
-0.00395344 -0.00395
-0.00392825 -0.003925
-0.00390305 -0.0039
-0.00387786 -0.003875
-0.00385267 -0.00385
-0.00382748 -0.003825
-0.00380229 -0.0038
-0.0037771 -0.003775
-0.00375191 -0.00375
-0.00372672 -0.003725
-0.00370153 -0.0037
-0.00367634 -0.003675
-0.00365115 -0.00365
-0.00362596 -0.003625
-0.00360077 -0.0036
-0.00357558 -0.003575
-0.00355039 -0.00355
-0.0035252 -0.003525
-0.00350001 -0.0035
-0.003475 -0.003475
-0.00345 -0.00345
-0.003425 -0.003425
-0.0034 -0.0034
-0.003375 -0.003375
-0.00335 -0.00335
-0.003325 -0.003325
-0.0033 -0.0033
-0.003275 -0.003275
-0.00325 -0.00325
-0.003225 -0.003225
-0.0032 -0.0032
-0.003175 -0.003175
-0.00315 -0.00315
-0.003125 -0.003125
-0.0031 -0.0031
-0.003075 -0.003075
-0.00305 -0.00305
-0.003025 -0.003025
-0.003 -0.003
-0.002975 -0.002975
-0.00295 -0.00295
-0.002925 -0.002925
-0.0029 -0.0029
-0.002875 -0.002875
-0.00285 -0.00285
-0.002825 -0.002825
-0.0028 -0.0028
-0.002775 -0.002775
-0.00275 -0.00275
-0.002725 -0.002725
-0.0027 -0.0027
-0.002675 -0.002675
-0.00265 -0.00265
-0.002625 -0.002625
-0.0026 -0.0026
-0.002575 -0.002575
-0.00255 -0.00255
-0.002525 -0.002525
-0.0025 -0.0025
-0.002475 -0.002475
-0.00245 -0.00245
-0.002425 -0.002425
-0.0024 -0.0024
-0.002375 -0.002375
-0.00235 -0.00235
-0.002325 -0.002325
-0.0023 -0.0023
-0.002275 -0.002275
-0.00225 -0.00225
-0.002225 -0.002225
-0.0022 -0.0022
-0.002175 -0.002175
-0.00215 -0.00215
-0.002125 -0.002125
-0.0021 -0.0021
-0.002075 -0.002075
-0.00205 -0.00205
-0.002025 -0.002025
-0.002 -0.002
-0.001975 -0.001975
-0.00195 -0.00195
-0.001925 -0.001925
-0.0019 -0.0019
-0.001875 -0.001875
-0.00185 -0.00185
-0.001825 -0.001825
-0.0018 -0.0018
-0.001775 -0.001775
-0.00175 -0.00175
-0.001725 -0.001725
-0.0017 -0.0017
-0.001675 -0.001675
-0.00165 -0.00165
-0.001625 -0.001625
-0.0016 -0.0016
-0.001575 -0.001575
-0.00155 -0.00155
-0.001525 -0.001525
-0.0015 -0.0015
-0.001475 -0.001475
-0.00145 -0.00145
-0.001425 -0.001425
-0.0014 -0.0014
-0.001375 -0.001375
-0.00135 -0.00135
-0.001325 -0.001325
-0.0013 -0.0013
-0.001275 -0.001275
-0.00125 -0.00125
-0.001225 -0.001225
-0.0012 -0.0012
-0.001175 -0.001175
-0.00115 -0.00115
-0.001125 -0.001125
-0.0011 -0.0011
-0.001075 -0.001075
-0.00105 -0.00105
-0.001025 -0.001025
-0.001 -0.001
-0.000975 -0.000975
-0.00095 -0.00095
-0.000925 -0.000925
-0.0009 -0.0009
-0.000875 -0.000875
-0.00085 -0.00085
-0.000825 -0.000825
-0.0008 -0.0008
-0.000775 -0.000775
-0.00075 -0.00075
-0.000725 -0.000725
-0.0007 -0.0007
-0.000675 -0.000675
-0.00065 -0.00065
-0.000625 -0.000625
-0.0006 -0.0006
-0.000575 -0.000575
-0.00055 -0.00055
-0.000525 -0.000525
-0.0005 -0.0005
-0.000475 -0.000475
-0.00045 -0.00045
-0.000425 -0.000425
-0.0004 -0.0004
-0.000375 -0.000375
-0.00035 -0.00035
-0.000325 -0.000325
-0.0003 -0.0003
-0.000275 -0.000275
-0.00025 -0.00025
-0.000225 -0.000225
-0.0002 -0.0002
-0.000175 -0.000175
-0.00015 -0.00015
-0.000125 -0.000125
-0.0001 -0.0001
-7.5e-05 -7.5e-05
-5e-05 -5e-05
-2.5e-05 -2.5e-05
-9.28348e-19 -9.28348e-19
2.5e-05 2.5e-05
5e-05 5e-05
7.5e-05 7.5e-05
0.0001 0.0001
0.000125 0.000125
0.00015 0.00015
0.000175 0.000175
0.0002 0.0002
0.000225 0.000225
0.00025 0.00025
0.000275 0.000275
0.0003 0.0003
0.000325 0.000325
0.00035 0.00035
0.000375 0.000375
0.0004 0.0004
0.000425 0.000425
0.00045 0.00045
0.000475 0.000475
0.0005 0.0005
0.000525 0.000525
0.00055 0.00055
0.000575 0.000575
0.0006 0.0006
0.000625 0.000625
0.00065 0.00065
0.000675 0.000675
0.0007 0.0007
0.000725 0.000725
0.00075 0.00075
0.000775 0.000775
0.0008 0.0008
0.000825 0.000825
0.00085 0.00085
0.000875 0.000875
0.00085 0.00085
0.000825 0.000825
0.0008 0.0008
0.000775 0.000775
0.00075 0.00075
0.000725 0.000725
0.0007 0.0007
0.000675 0.000675
0.00065 0.00065
0.000625 0.000625
0.0006 0.0006
0.000575 0.000575
0.00055 0.00055
0.000525 0.000525
0.0005 0.0005
0.000475 0.000475
0.00045 0.00045
0.000425 0.000425
0.0004 0.0004
0.000375 0.000375
0.00035 0.00035
0.000325 0.000325
0.0003 0.0003
0.000275 0.000275
0.00025 0.00025
0.000225 0.000225
0.0002 0.0002
0.000175 0.000175
0.00015 0.00015
0.000125 0.000125
0.0001 0.0001
7.5e-05 7.5e-05
5e-05 5e-05
2.5e-05 2.5e-05
-9.14796e-19 -9.14796e-19
