-0.000128203 -0.0001
-0.000255655 -0.0002
-0.00038233 -0.0003
-0.000508204 -0.0004
-0.00063325 -0.0005
-0.000757439 -0.0006
-0.000880741 -0.0007
-0.00100312 -0.0008
-0.00112456 -0.0009
-0.001245 -0.001
-0.00136441 -0.0011
-0.00148276 -0.0012
-0.0016 -0.0013
-0.00171608 -0.0014
-0.00183095 -0.0015
-0.00194456 -0.0016
-0.00205685 -0.0017
-0.00216776 -0.0018
-0.00227723 -0.0019
-0.00238516 -0.002
-0.00226111 -0.0019
-0.00213705 -0.0018
-0.00201299 -0.0017
-0.00188893 -0.0016
-0.00176488 -0.0015
-0.00164082 -0.0014
-0.00151676 -0.0013
-0.0013927 -0.0012
-0.00126865 -0.0011
-0.00114459 -0.001
-0.00102053 -0.0009
-0.000896474 -0.0008
-0.000772417 -0.0007
-0.000648359 -0.0006
-0.000524301 -0.0005
-0.000400244 -0.0004
-0.0003 -0.0003
-0.0002 -0.0002
-0.0001 -0.0001
1.89735e-19 1.89735e-19
-0.0001 -0.0001
-0.0002 -0.0002
-0.0003 -0.0003
-0.000400244 -0.0004
-0.000524301 -0.0005
-0.000648359 -0.0006
-0.000772417 -0.0007
-0.000896474 -0.0008
-0.00102053 -0.0009
-0.00114459 -0.001
-0.00126865 -0.0011
-0.0013927 -0.0012
-0.00151676 -0.0013
-0.00164082 -0.0014
-0.00176488 -0.0015
-0.00188893 -0.0016
-0.00201299 -0.0017
-0.00213705 -0.0018
-0.00226111 -0.0019
-0.00238516 -0.002
-0.0024915 -0.0021
-0.00259615 -0.0022
-0.00269902 -0.0023
-0.0028 -0.0024
-0.00288095 -0.0025
-0.0029619 -0.0026
-0.00304286 -0.0027
-0.00312381 -0.0028
-0.00320476 -0.0029
-0.00328571 -0.003
-0.00317219 -0.0029
-0.00305867 -0.0028
-0.00294515 -0.0027
-0.00283163 -0.0026
-0.00271811 -0.0025
-0.00260458 -0.0024
-0.00249106 -0.0023
-0.00237754 -0.0022
-0.00226402 -0.0021
-0.0021505 -0.002
-0.00203698 -0.0019
-0.00192345 -0.0018
-0.00180993 -0.0017
-0.00169641 -0.0016
-0.00158289 -0.0015
-0.00146937 -0.0014
-0.00135585 -0.0013
-0.00124232 -0.0012
-0.0011288 -0.0011
-0.00101528 -0.001
-0.000901759 -0.0009
-0.0008 -0.0008
-0.0007 -0.0007
-0.0006 -0.0006
-0.0005 -0.0005
-0.0004 -0.0004
-0.0003 -0.0003
-0.0002 -0.0002
-0.0001 -0.0001
1.89735e-19 1.89735e-19
-0.0001 -0.0001
-0.0002 -0.0002
-0.0003 -0.0003
-0.0004 -0.0004
-0.0005 -0.0005
-0.0006 -0.0006
-0.0007 -0.0007
-0.0008 -0.0008
-0.000901759 -0.0009
-0.00101528 -0.001
-0.0011288 -0.0011
-0.00124232 -0.0012
-0.00135585 -0.0013
-0.00146937 -0.0014
-0.00158289 -0.0015
-0.00169641 -0.0016
-0.00180993 -0.0017
-0.00192345 -0.0018
-0.00203698 -0.0019
-0.0021505 -0.002
-0.00226402 -0.0021
-0.00237754 -0.0022
-0.00249106 -0.0023
-0.00260458 -0.0024
-0.00271811 -0.0025
-0.00283163 -0.0026
-0.00294515 -0.0027
-0.00305867 -0.0028
-0.00317219 -0.0029
-0.00328571 -0.003
-0.00336667 -0.0031
-0.00344762 -0.0032
-0.00352857 -0.0033
-0.00360952 -0.0034
-0.00369048 -0.0035
-0.00377143 -0.0036
-0.00385238 -0.0037
-0.00393333 -0.0038
-0.00401429 -0.0039
-0.00409524 -0.004
-0.00399125 -0.0039
-0.00388726 -0.0038
-0.00378327 -0.0037
-0.00367928 -0.0036
-0.00357529 -0.0035
-0.0034713 -0.0034
-0.00336731 -0.0033
-0.00326332 -0.0032
-0.00315933 -0.0031
-0.00305534 -0.003
-0.00295135 -0.0029
-0.00284736 -0.0028
-0.00274337 -0.0027
-0.00263938 -0.0026
-0.00253539 -0.0025
-0.0024314 -0.0024
-0.00232741 -0.0023
-0.00222342 -0.0022
-0.00211943 -0.0021
-0.00201544 -0.002
-0.00191145 -0.0019
-0.00180746 -0.0018
-0.00170347 -0.0017
-0.0016 -0.0016
-0.0015 -0.0015
-0.0014 -0.0014
-0.0013 -0.0013
-0.0012 -0.0012
-0.0011 -0.0011
-0.001 -0.001
-0.0009 -0.0009
-0.0008 -0.0008
-0.0007 -0.0007
-0.0006 -0.0006
-0.0005 -0.0005
-0.0004 -0.0004
-0.0003 -0.0003
-0.0002 -0.0002
-0.0001 -0.0001
-2.43945e-19 -2.43945e-19
-0.0001 -0.0001
-0.0002 -0.0002
-0.0003 -0.0003
-0.0004 -0.0004
-0.0005 -0.0005
-0.0006 -0.0006
-0.0007 -0.0007
-0.0008 -0.0008
-0.0009 -0.0009
-0.001 -0.001
-0.0011 -0.0011
-0.0012 -0.0012
-0.0013 -0.0013
-0.0014 -0.0014
-0.0015 -0.0015
-0.0016 -0.0016
-0.00170347 -0.0017
-0.00180746 -0.0018
-0.00191145 -0.0019
-0.00201544 -0.002
-0.00211943 -0.0021
-0.00222342 -0.0022
-0.00232741 -0.0023
-0.0024314 -0.0024
-0.00253539 -0.0025
-0.00263938 -0.0026
-0.00274337 -0.0027
-0.00284736 -0.0028
-0.00295135 -0.0029
-0.00305534 -0.003
-0.00315933 -0.0031
-0.00326332 -0.0032
-0.00336731 -0.0033
-0.0034713 -0.0034
-0.00357529 -0.0035
-0.00367928 -0.0036
-0.00378327 -0.0037
-0.00388726 -0.0038
-0.00399125 -0.0039
-0.00409524 -0.004
-0.00418 -0.0041
-0.00428 -0.0042
-0.00438 -0.0043
-0.00448 -0.0044
-0.00458 -0.0045
-0.00468 -0.0046
-0.00478 -0.0047
-0.00488 -0.0048
-0.00498 -0.0049
-0.00508 -0.005
-0.0049776 -0.0049
-0.0048752 -0.0048
-0.0047728 -0.0047
-0.0046704 -0.0046
-0.004568 -0.0045
-0.00446559 -0.0044
-0.00436319 -0.0043
-0.00426079 -0.0042
-0.00415839 -0.0041
-0.00405599 -0.004
-0.00395359 -0.0039
-0.00385119 -0.0038
-0.00374879 -0.0037
-0.00364639 -0.0036
-0.00354399 -0.0035
-0.00344158 -0.0034
-0.00333918 -0.0033
-0.00323678 -0.0032
-0.00313438 -0.0031
-0.00303198 -0.003
-0.00292958 -0.0029
-0.00282718 -0.0028
-0.00272478 -0.0027
-0.00262238 -0.0026
-0.00251998 -0.0025
-0.00241758 -0.0024
-0.00231517 -0.0023
-0.00221277 -0.0022
-0.00211037 -0.0021
-0.00200797 -0.002
-0.00190557 -0.0019
-0.00180317 -0.0018
-0.00170077 -0.0017
-0.0016 -0.0016
-0.0015 -0.0015
-0.0014 -0.0014
-0.0013 -0.0013
-0.0012 -0.0012
-0.0011 -0.0011
-0.001 -0.001
-0.0009 -0.0009
-0.0008 -0.0008
-0.0007 -0.0007
-0.0006 -0.0006
-0.0005 -0.0005
-0.0004 -0.0004
-0.0003 -0.0003
-0.0002 -0.0002
-0.0001 -0.0001
-2.43945e-19 -2.43945e-19
