6710.84 -1.09251
13405.8 -2.18508
20084.8 -3.27771
26748 -4.37041
33395.3 -5.46316
40026.6 -6.55598
46642.1 -7.64886
53241.7 -8.74181
59825.3 -9.83482
66393.1 -10.9279
72945 -12.021
79481 -13.1142
86001.1 -14.2075
92505.3 -15.3008
98993.5 -16.3942
105466 -17.4876
111922 -18.5811
118363 -19.6747
124787 -20.7683
131196 -21.862
137589 -22.9558
143965 -24.0496
150325 -25.1435
156668 -26.2374
162993 -27.3313
169300 -28.4253
175588 -29.5192
181854 -30.6131
188096 -31.7068
194309 -32.8004
200487 -33.8936
206622 -34.9863
212703 -36.0783
218714 -37.1693
224636 -38.2588
230443 -39.3462
236102 -40.4311
241578 -41.5125
246825 -42.5896
251798 -43.6616
256448 -44.7273
260734 -45.7861
264616 -46.8372
268071 -47.8803
271084 -48.915
273658 -49.9416
275807 -50.9602
277554 -51.9717
278928 -52.9769
279959 -53.977
280681 -54.9731
281134 -55.9664
281357 -56.9572
281392 -57.9459
281277 -58.9339
281047 -59.9216
280740 -60.9084
280382 -61.8944
279991 -62.8798
279578 -63.8646
279148 -64.8489
278705 -65.8328
278250 -66.8163
277786 -67.7994
277314 -68.7821
276836 -69.7646
276353 -70.7469
275866 -71.729
275376 -72.711
274884 -73.6929
274390 -74.6747
273896 -75.6565
273400 -76.6382
272905 -77.6199
272409 -78.6016
271913 -79.5833
271418 -80.565
270922 -81.5468
270427 -82.5285
269933 -83.5103
269439 -84.492
268945 -85.4738
268451 -86.4557
267959 -87.4376
267466 -88.4195
266974 -89.4014
266483 -90.3834
265992 -91.3654
265502 -92.3474
265012 -93.3295
264523 -94.3116
264035 -95.2937
263547 -96.2758
263060 -97.258
262573 -98.2402
262087 -99.2224
261601 -100.205
261116 -101.187
260632 -102.169
260148 -103.152
259665 -104.134
259183 -105.116
258701 -106.099
258219 -107.081
257739 -108.063
257259 -109.046
256779 -110.028
256300 -111.011
255822 -111.993
255344 -112.976
254867 -113.959
254390 -114.941
253914 -115.924
253439 -116.906
252964 -117.889
252490 -118.872
252016 -119.855
251543 -120.837
251070 -121.82
250598 -122.803
250127 -123.786
249656 -124.769
249186 -125.751
248716 -126.734
248247 -127.717
247779 -128.7
247311 -129.683
246843 -130.666
246377 -131.649
245910 -132.632
245444 -133.615
244979 -134.598
244515 -135.581
244051 -136.564
243587 -137.547
243124 -138.53
242662 -139.514
242200 -140.497
241738 -141.48
241277 -142.463
240817 -143.446
240357 -144.43
239898 -145.413
239439 -146.396
238981 -147.379
238523 -148.363
238066 -149.346
237609 -150.329
237152 -151.313
236696 -152.296
236241 -153.279
235786 -154.263
235332 -155.246
234877 -156.23
234424 -157.213
233971 -158.196
233518 -159.18
233065 -160.163
232613 -161.147
232162 -162.13
231710 -163.113
231259 -164.097
230809 -165.08
230358 -166.064
229908 -167.047
229459 -168.03
229009 -169.014
228560 -169.997
228111 -170.98
227662 -171.963
227213 -172.947
226765 -173.93
226316 -174.913
225868 -175.896
225420 -176.879
224971 -177.862
224523 -178.845
224075 -179.828
223626 -180.811
223178 -181.794
222729 -182.776
222280 -183.759
221831 -184.742
221382 -185.724
220932 -186.706
220482 -187.689
220031 -188.671
219581 -189.653
219129 -190.635
218677 -191.616
218224 -192.598
217771 -193.579
217317 -194.561
216862 -195.542
216406 -196.523
215950 -197.504
215492 -198.484
215034 -199.465
214574 -200.445
214114 -201.425
213652 -202.405
213190 -203.385
212726 -204.364
212261 -205.343
211795 -206.322
211328 -207.301
210860 -208.28
210391 -209.258
209920 -210.237
209449 -211.215
208976 -212.193
208502 -213.17
208028 -214.148
207552 -215.125
207075 -216.103
206597 -217.08
206118 -218.057
205639 -219.033
205158 -220.01
204676 -220.986
204194 -221.963
203711 -222.939
203227 -223.915
202742 -224.891
202257 -225.867
201771 -226.843
201284 -227.819
200796 -228.795
200308 -229.771
199819 -230.746
199329 -231.722
198838 -232.697
198347 -233.673
197855 -234.648
197363 -235.623
196870 -236.599
196376 -237.574
195881 -238.549
195386 -239.524
194889 -240.499
194393 -241.474
193895 -242.449
193396 -243.424
192897 -244.399
192397 -245.374
191897 -246.349
191395 -247.324
190893 -248.299
190390 -249.274
189886 -250.248
189381 -251.223
188875 -252.198
188369 -253.173
187862 -254.147
187353 -255.122
186844 -256.097
186334 -257.071
185824 -258.046
185312 -259.021
184799 -259.995
184286 -260.97
183771 -261.945
183256 -262.919
182739 -263.894
182222 -264.869
181704 -265.843
181185 -266.818
180665 -267.793
180144 -268.767
179622 -269.742
179099 -270.717
178575 -271.691
178050 -272.666
177524 -273.641
176997 -274.615
176470 -275.59
175941 -276.565
175412 -277.54
174881 -278.514
174350 -279.489
173818 -280.464
173285 -281.438
172752 -282.413
172217 -283.388
171682 -284.363
171146 -285.337
170609 -286.312
170072 -287.287
169534 -288.262
168996 -289.236
168457 -290.211
167917 -291.186
167377 -292.161
166836 -293.136
166295 -294.11
165754 -295.085
165212 -296.06
164669 -297.035
164127 -298.01
163583 -298.985
163040 -299.96
162497 -300.935
161953 -301.91
161408 -302.885
160864 -303.86
160319 -304.835
159775 -305.81
159230 -306.785
158684 -307.76
158139 -308.735
157594 -309.71
157048 -310.685
156502 -311.66
155956 -312.635
155410 -313.61
154864 -314.585
154318 -315.56
153771 -316.535
153225 -317.51
152678 -318.485
152131 -319.46
151585 -320.436
151038 -321.411
150491 -322.386
149944 -323.361
149397 -324.336
148850 -325.311
148303 -326.286
147756 -327.261
147209 -328.236
146662 -329.211
146115 -330.186
145567 -331.161
145020 -332.136
144473 -333.111
143926 -334.086
143378 -335.061
142831 -336.035
142284 -337.01
141736 -337.985
141189 -338.96
140641 -339.934
140094 -340.909
139546 -341.884
138998 -342.858
138450 -343.832
137901 -344.807
137352 -345.781
136802 -346.755
136252 -347.729
135701 -348.703
135149 -349.677
134597 -350.65
134043 -351.624
133489 -352.597
132932 -353.57
132374 -354.543
131814 -355.515
131252 -356.488
130687 -357.46
130119 -358.432
129548 -359.404
128973 -360.375
128392 -361.346
127802 -362.317
127203 -363.287
126601 -364.258
126000 -365.229
125399 -366.201
124798 -367.174
124198 -368.147
123598 -369.12
122998 -370.093
122399 -371.067
121799 -372.041
121200 -373.015
120601 -373.989
120002 -374.962
119404 -375.936
118805 -376.91
118207 -377.884
117609 -378.858
117012 -379.831
116415 -380.805
115818 -381.779
115221 -382.752
114625 -383.725
114029 -384.699
113434 -385.672
112839 -386.645
112244 -387.618
111650 -388.591
111056 -389.563
110463 -390.536
109870 -391.508
109278 -392.481
108686 -393.453
108094 -394.425
107503 -395.397
106912 -396.369
106322 -397.341
105732 -398.312
105143 -399.284
104554 -400.255
103966 -401.226
103378 -402.197
102791 -403.168
102204 -404.139
101617 -405.11
101031 -406.081
100446 -407.051
99861 -408.021
99276.5 -408.992
98692.6 -409.962
98109.1 -410.932
97526 -411.902
96943.5 -412.871
96361.4 -413.841
95779.9 -414.81
95198.8 -415.78
94618.2 -416.749
94038.1 -417.718
93458.4 -418.687
92879.2 -419.656
92300.5 -420.625
91722.3 -421.594
91144.5 -422.563
90567.2 -423.531
89990.4 -424.5
89414.1 -425.468
88838.1 -426.436
88262.7 -427.404
87687.7 -428.372
87113.2 -429.34
86539.1 -430.308
85965.4 -431.276
85392.2 -432.244
84819.5 -433.212
84247.2 -434.179
83675.3 -435.147
83103.8 -436.114
82532.8 -437.081
81962.2 -438.049
81392 -439.016
80822.3 -439.983
80252.9 -440.95
79684 -441.917
79115.5 -442.884
78547.4 -443.851
77979.7 -444.817
77412.4 -445.784
76845.5 -446.751
76279 -447.717
75712.8 -448.684
75147.1 -449.65
74581.8 -450.616
74016.8 -451.583
73452.2 -452.549
72888 -453.515
72324.2 -454.481
71760.7 -455.447
71197.6 -456.413
70634.9 -457.379
70072.6 -458.344
69510.6 -459.31
68948.9 -460.276
68387.6 -461.241
67826.7 -462.207
67266.1 -463.172
66705.8 -464.137
66145.9 -465.103
65586.4 -466.068
65027.2 -467.033
64468.3 -467.998
63909.8 -468.963
63351.6 -469.928
62793.6 -470.893
62236.1 -471.857
61678.8 -472.822
61121.7 -473.786
60565 -474.751
60008.6 -475.715
59452.5 -476.679
58896.6 -477.644
58341.1 -478.608
57785.8 -479.572
57230.8 -480.536
56676.1 -481.499
56121.7 -482.463
55567.6 -483.426
55013.7 -484.39
54460.2 -485.353
53906.9 -486.316
53353.9 -487.279
52801.2 -488.242
52248.7 -489.205
51696.5 -490.168
51144.6 -491.13
50593 -492.092
50041.7 -493.055
49490.6 -494.017
48939.9 -494.978
48389.4 -495.94
47839.1 -496.902
47289.2 -497.863
46739.6 -498.824
46190.2 -499.785
45641.1 -500.746
45092.4 -501.706
44543.9 -502.666
43995.7 -503.626
43447.8 -504.586
42900.3 -505.545
42353 -506.505
41806.1 -507.464
41259.5 -508.422
40713.3 -509.38
40167.4 -510.339
39621.9 -511.296
39076.7 -512.254
38531.9 -513.211
37987.5 -514.167
37443.5 -515.124
36900 -516.079
36356.8 -517.035
35814.1 -517.99
35271.9 -518.945
34730.1 -519.899
34188.9 -520.853
33648.1 -521.806
33107.9 -522.759
32568.2 -523.711
32029 -524.663
31490.5 -525.614
30952.5 -526.564
30415.2 -527.514
29878.4 -528.464
29342.4 -529.412
28807 -530.36
28272.3 -531.308
27738.3 -532.254
27205.1 -533.2
26672.6 -534.145
26141 -535.09
25610.1 -536.033
25080.2 -536.976
24551.1 -537.917
24022.8 -538.858
23495.5 -539.798
22969 -540.737
22443.4 -541.675
21918.8 -542.613
21395.1 -543.549
20872.2 -544.484
20350.3 -545.417
19829.3 -546.35
19309.2 -547.282
18789.9 -548.212
18271.5 -549.142
17753.9 -550.07
17237.1 -550.996
16721 -551.922
16205.3 -552.846
15690.1 -553.769
15175.2 -554.691
14659.9 -555.612
14143.4 -556.533
13626.8 -557.453
13110.1 -558.371
12593.4 -559.288
12077.1 -560.203
11561 -561.116
11044.3 -562.028
10527.3 -562.938
10009.8 -563.846
9491.9 -564.752
8972.95 -565.658
8453.28 -566.562
7932.48 -567.464
7410.27 -568.365
6886.24 -569.265
6359.6 -570.164
5828.84 -571.063
5290.38 -571.961
4700.43 -572.864
4044.61 -573.803
3297.08 -574.766
2490.19 -575.739
