6710.84 7130.27 7130.27 7130.27 7130.27 7130.27 7130.27 7130.27 7130.27 7130.27 7130.27 7130.27 7130.27 7130.27 7130.27 7130.27 7130.27
13405.8 14243.6 14243.6 14243.6 14243.6 14243.6 14243.6 14243.6 14243.6 14243.6 14243.6 14243.6 14243.6 14243.6 14243.6 14243.6 14243.6
20084.8 21340.1 21340.1 21340.1 21340.1 21340.1 21340.1 21340.1 21340.1 21340.1 21340.1 21340.1 21340.1 21340.1 21340.1 21340.1 21340.1
26748 28419.7 28419.7 28419.7 28419.7 28419.7 28419.7 28419.7 28419.7 28419.7 28419.7 28419.7 28419.7 28419.7 28419.7 28419.7 28419.7
33395.3 35482.4 35482.5 35482.5 35482.5 35482.4 35482.5 35482.5 35482.5 35482.4 35482.5 35482.5 35482.5 35482.4 35482.5 35482.5 35482.5
40026.6 42528.3 42528.3 42528.3 42528.3 42528.3 42528.3 42528.3 42528.3 42528.3 42528.3 42528.3 42528.3 42528.3 42528.3 42528.3 42528.3
46642.1 49557.2 49557.2 49557.2 49557.2 49557.2 49557.2 49557.2 49557.2 49557.2 49557.2 49557.2 49557.2 49557.2 49557.2 49557.2 49557.2
53241.7 56569.3 56569.3 56569.3 56569.3 56569.3 56569.3 56569.3 56569.3 56569.3 56569.3 56569.3 56569.3 56569.3 56569.3 56569.3 56569.3
59825.3 63564.4 63564.4 63564.4 63564.4 63564.4 63564.4 63564.4 63564.4 63564.4 63564.4 63564.4 63564.4 63564.4 63564.4 63564.4 63564.4
66393.1 70542.7 70542.7 70542.7 70542.7 70542.7 70542.7 70542.7 70542.7 70542.7 70542.7 70542.7 70542.7 70542.7 70542.7 70542.7 70542.7
72945 77504 77504.1 77504.1 77504.1 77504 77504.1 77504.1 77504.1 77504 77504.1 77504.1 77504.1 77504 77504.1 77504.1 77504.1
79481 84448.5 84448.6 84448.5 84448.6 84448.5 84448.6 84448.5 84448.6 84448.5 84448.6 84448.5 84448.6 84448.5 84448.6 84448.5 84448.6
86001.1 91376.1 91376.1 91376.1 91376.1 91376.1 91376.1 91376.1 91376.1 91376.1 91376.1 91376.1 91376.1 91376.1 91376.1 91376.1 91376.1
92505.3 98286.8 98286.8 98286.8 98286.8 98286.8 98286.8 98286.8 98286.8 98286.8 98286.8 98286.8 98286.8 98286.8 98286.8 98286.8 98286.8
98993.5 105181 105181 105181 105181 105181 105181 105181 105181 105181 105181 105181 105181 105181 105181 105181 105181
105466 112058 112058 112058 112058 112058 112058 112058 112058 112058 112058 112058 112058 112058 112058 112058 112058
111922 118917 118918 118917 118918 118917 118918 118917 118918 118917 118918 118917 118918 118917 118918 118917 118918
118363 125761 125761 125761 125761 125761 125761 125761 125761 125761 125761 125761 125761 125761 125761 125761 125761
124787 132587 132587 132587 132587 132587 132587 132587 132587 132587 132587 132587 132587 132587 132587 132587 132587
131196 139396 139396 139396 139396 139396 139396 139396 139396 139396 139396 139396 139396 139396 139396 139396 139396
137589 146188 146188 146188 146188 146188 146188 146188 146188 146188 146188 146188 146188 146188 146188 146188 146188
143965 152963 152963 152963 152963 152963 152963 152963 152963 152963 152963 152963 152963 152963 152963 152963 152963
150325 159720 159720 159720 159720 159720 159720 159720 159720 159720 159720 159720 159720 159720 159720 159720 159720
156668 166459 166459 166459 166459 166459 166459 166459 166459 166459 166459 166459 166459 166459 166459 166459 166459
162993 173180 173180 173180 173180 173180 173180 173180 173180 173180 173180 173180 173180 173180 173180 173180 173180
169300 179882 179882 179882 179882 179882 179882 179882 179882 179882 179882 179882 179882 179882 179882 179882 179882
175588 186562 186562 186562 186562 186562 186562 186562 186562 186562 186562 186562 186562 186562 186562 186562 186562
181854 193220 193220 193220 193220 193220 193220 193220 193220 193220 193220 193220 193220 193220 193220 193220 193220
188096 199852 199852 199852 199852 199852 199852 199852 199852 199852 199852 199852 199852 199852 199852 199852 199852
194309 206453 206453 206453 206453 206453 206453 206453 206453 206453 206453 206453 206453 206453 206453 206453 206453
200487 213017 213017 213017 213017 213017 213017 213017 213017 213017 213017 213017 213017 213017 213017 213017 213017
206622 219536 219536 219536 219536 219536 219536 219536 219536 219536 219536 219536 219536 219536 219536 219536 219536
212703 225997 225997 225997 225997 225997 225997 225997 225997 225997 225997 225997 225997 225997 225997 225997 225997
218714 232384 232384 232384 232384 232384 232384 232384 232384 232384 232384 232384 232384 232384 232384 232384 232384
224636 238676 238676 238676 238676 238676 238676 238676 238676 238676 238676 238676 238676 238676 238676 238676 238676
230443 244845 244845 244845 244845 244845 244845 244845 244845 244845 244845 244845 244845 244845 244845 244845 244845
236102 250859 250859 250859 250859 250859 250859 250859 250859 250859 250859 250859 250859 250859 250859 250859 250859
241578 256676 256676 256676 256676 256676 256676 256676 256676 256676 256676 256676 256676 256676 256676 256676 256676
246825 262251 262251 262251 262251 262251 262251 262251 262251 262251 262251 262251 262251 262251 262251 262251 262251
251798 267535 267535 267535 267535 267535 267535 267535 267535 267535 267535 267535 267535 267535 267535 267535 267535
256448 272476 272477 272476 272477 272476 272477 272476 272477 272476 272477 272476 272477 272476 272477 272476 272477
260734 277030 277030 277030 277030 277030 277030 277030 277030 277030 277030 277030 277030 277030 277030 277030 277030
264616 281155 281155 281155 281155 281155 281155 281155 281155 281155 281155 281155 281155 281155 281155 281155 281155
268071 284825 284825 284825 284825 284825 284825 284825 284825 284825 284825 284825 284825 284825 284825 284825 284825
271084 288027 288027 288027 288027 288027 288027 288027 288027 288027 288027 288027 288027 288027 288027 288027 288027
273658 290762 290762 290762 290762 290762 290762 290762 290762 290762 290762 290762 290762 290762 290762 290762 290762
275807 293045 293045 293045 293045 293045 293045 293045 293045 293045 293045 293045 293045 293045 293045 293045 293045
277554 294901 294901 294901 294901 294901 294901 294901 294901 294901 294901 294901 294901 294901 294901 294901 294901
278928 296361 296361 296361 296361 296361 296361 296361 296361 296361 296361 296361 296361 296361 296361 296361 296361
279959 297456 297456 297456 297456 297456 297456 297456 297456 297456 297456 297456 297456 297456 297456 297456 297456
280681 298224 298224 298224 298224 298224 298224 298224 298224 298224 298224 298224 298224 298224 298224 298224 298224
281134 298705 298705 298705 298705 298705 298705 298705 298705 298705 298705 298705 298705 298705 298705 298705 298705
281357 298942 298942 298942 298942 298942 298942 298942 298942 298942 298942 298942 298942 298942 298942 298942 298942
281392 298979 298979 298979 298979 298979 298979 298979 298979 298979 298979 298979 298979 298979 298979 298979 298979
281277 298857 298857 298857 298857 298857 298857 298857 298857 298857 298857 298857 298857 298857 298857 298857 298857
281047 298613 298613 298613 298613 298613 298613 298613 298613 298613 298613 298613 298613 298613 298613 298613 298613
280740 298286 298286 298286 298286 298286 298286 298286 298286 298286 298286 298286 298286 298286 298286 298286 298286
280382 297906 297906 297906 297906 297906 297906 297906 297906 297906 297906 297906 297906 297906 297906 297906 297906
279991 297491 297491 297491 297491 297491 297491 297491 297491 297491 297491 297491 297491 297491 297491 297491 297491
279578 297052 297052 297052 297052 297052 297052 297052 297052 297052 297052 297052 297052 297052 297052 297052 297052
279148 296595 296595 296595 296595 296595 296595 296595 296595 296595 296595 296595 296595 296595 296595 296595 296595
278705 296124 296124 296124 296124 296124 296124 296124 296124 296124 296124 296124 296124 296124 296124 296124 296124
278250 295640 295641 295641 295641 295640 295641 295641 295641 295640 295641 295641 295641 295640 295641 295641 295641
277786 295147 295148 295148 295148 295147 295148 295148 295148 295147 295148 295148 295148 295147 295148 295148 295148
277314 294646 294646 294646 294646 294646 294646 294646 294646 294646 294646 294646 294646 294646 294646 294646 294646
276836 294138 294138 294138 294138 294138 294138 294138 294138 294138 294138 294138 294138 294138 294138 294138 294138
276353 293625 293625 293625 293625 293625 293625 293625 293625 293625 293625 293625 293625 293625 293625 293625 293625
275866 293108 293108 293108 293108 293108 293108 293108 293108 293108 293108 293108 293108 293108 293108 293108 293108
275376 292587 292587 292587 292587 292587 292587 292587 292587 292587 292587 292587 292587 292587 292587 292587 292587
274884 292064 292064 292064 292064 292064 292064 292064 292064 292064 292064 292064 292064 292064 292064 292064 292064
274390 291540 291540 291540 291540 291540 291540 291540 291540 291540 291540 291540 291540 291540 291540 291540 291540
273896 291014 291014 291014 291014 291014 291014 291014 291014 291014 291014 291014 291014 291014 291014 291014 291014
273400 290488 290488 290488 290488 290488 290488 290488 290488 290488 290488 290488 290488 290488 290488 290488 290488
272905 289961 289961 289961 289961 289961 289961 289961 289961 289961 289961 289961 289961 289961 289961 289961 289961
272409 289435 289435 289435 289435 289435 289435 289435 289435 289435 289435 289435 289435 289435 289435 289435 289435
271913 288908 288908 288908 288908 288908 288908 288908 288908 288908 288908 288908 288908 288908 288908 288908 288908
271418 288381 288381 288381 288381 288381 288381 288381 288381 288381 288381 288381 288381 288381 288381 288381 288381
270922 287855 287855 287855 287855 287855 287855 287855 287855 287855 287855 287855 287855 287855 287855 287855 287855
270427 287329 287329 287329 287329 287329 287329 287329 287329 287329 287329 287329 287329 287329 287329 287329 287329
269933 286803 286804 286804 286804 286803 286804 286804 286804 286803 286804 286804 286804 286803 286804 286804 286804
269439 286278 286278 286278 286278 286278 286278 286278 286278 286278 286278 286278 286278 286278 286278 286278 286278
268945 285754 285754 285754 285754 285754 285754 285754 285754 285754 285754 285754 285754 285754 285754 285754 285754
268451 285230 285230 285230 285230 285230 285230 285230 285230 285230 285230 285230 285230 285230 285230 285230 285230
267959 284706 284706 284706 284706 284706 284706 284706 284706 284706 284706 284706 284706 284706 284706 284706 284706
267466 284183 284183 284183 284183 284183 284183 284183 284183 284183 284183 284183 284183 284183 284183 284183 284183
266974 283660 283660 283660 283660 283660 283660 283660 283660 283660 283660 283660 283660 283660 283660 283660 283660
266483 283138 283138 283138 283138 283138 283138 283138 283138 283138 283138 283138 283138 283138 283138 283138 283138
265992 282617 282617 282617 282617 282617 282617 282617 282617 282617 282617 282617 282617 282617 282617 282617 282617
265502 282096 282096 282096 282096 282096 282096 282096 282096 282096 282096 282096 282096 282096 282096 282096 282096
265012 281576 281576 281576 281576 281576 281576 281576 281576 281576 281576 281576 281576 281576 281576 281576 281576
264523 281056 281056 281056 281056 281056 281056 281056 281056 281056 281056 281056 281056 281056 281056 281056 281056
264035 280537 280537 280537 280537 280537 280537 280537 280537 280537 280537 280537 280537 280537 280537 280537 280537
263547 280019 280019 280019 280019 280019 280019 280019 280019 280019 280019 280019 280019 280019 280019 280019 280019
263060 279501 279501 279501 279501 279501 279501 279501 279501 279501 279501 279501 279501 279501 279501 279501 279501
262573 278984 278984 278984 278984 278984 278984 278984 278984 278984 278984 278984 278984 278984 278984 278984 278984
262087 278467 278467 278467 278467 278467 278467 278467 278467 278467 278467 278467 278467 278467 278467 278467 278467
261601 277951 277951 277951 277951 277951 277951 277951 277951 277951 277951 277951 277951 277951 277951 277951 277951
261116 277436 277436 277436 277436 277436 277436 277436 277436 277436 277436 277436 277436 277436 277436 277436 277436
260632 276922 276922 276922 276922 276922 276922 276922 276922 276922 276922 276922 276922 276922 276922 276922 276922
260148 276408 276408 276408 276408 276408 276408 276408 276408 276408 276408 276408 276408 276408 276408 276408 276408
259665 275894 275894 275894 275894 275894 275894 275894 275894 275894 275894 275894 275894 275894 275894 275894 275894
259183 275382 275382 275382 275382 275382 275382 275382 275382 275382 275382 275382 275382 275382 275382 275382 275382
258701 274870 274870 274870 274870 274870 274870 274870 274870 274870 274870 274870 274870 274870 274870 274870 274870
258219 274358 274358 274358 274358 274358 274358 274358 274358 274358 274358 274358 274358 274358 274358 274358 274358
257739 273847 273847 273847 273847 273847 273847 273847 273847 273847 273847 273847 273847 273847 273847 273847 273847
257259 273337 273337 273337 273337 273337 273337 273337 273337 273337 273337 273337 273337 273337 273337 273337 273337
256779 272828 272828 272828 272828 272828 272828 272828 272828 272828 272828 272828 272828 272828 272828 272828 272828
256300 272319 272319 272319 272319 272319 272319 272319 272319 272319 272319 272319 272319 272319 272319 272319 272319
255822 271810 271811 271811 271811 271810 271811 271811 271811 271810 271811 271811 271811 271810 271811 271811 271811
255344 271303 271303 271303 271303 271303 271303 271303 271303 271303 271303 271303 271303 271303 271303 271303 271303
254867 270796 270796 270796 270796 270796 270796 270796 270796 270796 270796 270796 270796 270796 270796 270796 270796
254390 270289 270290 270290 270290 270289 270290 270290 270290 270289 270290 270290 270290 270289 270290 270290 270290
253914 269784 269784 269784 269784 269784 269784 269784 269784 269784 269784 269784 269784 269784 269784 269784 269784
253439 269279 269279 269279 269279 269279 269279 269279 269279 269279 269279 269279 269279 269279 269279 269279 269279
252964 268774 268774 268774 268774 268774 268774 268774 268774 268774 268774 268774 268774 268774 268774 268774 268774
252490 268270 268270 268270 268270 268270 268270 268270 268270 268270 268270 268270 268270 268270 268270 268270 268270
252016 267767 267767 267767 267767 267767 267767 267767 267767 267767 267767 267767 267767 267767 267767 267767 267767
251543 267264 267264 267264 267264 267264 267264 267264 267264 267264 267264 267264 267264 267264 267264 267264 267264
251070 266762 266762 266762 266762 266762 266762 266762 266762 266762 266762 266762 266762 266762 266762 266762 266762
250598 266261 266261 266261 266261 266261 266261 266261 266261 266261 266261 266261 266261 266261 266261 266261 266261
250127 265760 265760 265760 265760 265760 265760 265760 265760 265760 265760 265760 265760 265760 265760 265760 265760
249656 265260 265260 265260 265260 265260 265260 265260 265260 265260 265260 265260 265260 265260 265260 265260 265260
249186 264760 264760 264760 264760 264760 264760 264760 264760 264760 264760 264760 264760 264760 264760 264760 264760
248716 264261 264261 264261 264261 264261 264261 264261 264261 264261 264261 264261 264261 264261 264261 264261 264261
248247 263763 263763 263763 263763 263763 263763 263763 263763 263763 263763 263763 263763 263763 263763 263763 263763
247779 263265 263265 263265 263265 263265 263265 263265 263265 263265 263265 263265 263265 263265 263265 263265 263265
247311 262768 262768 262768 262768 262768 262768 262768 262768 262768 262768 262768 262768 262768 262768 262768 262768
246843 262271 262271 262271 262271 262271 262271 262271 262271 262271 262271 262271 262271 262271 262271 262271 262271
246377 261775 261775 261775 261775 261775 261775 261775 261775 261775 261775 261775 261775 261775 261775 261775 261775
245910 261280 261280 261280 261280 261280 261280 261280 261280 261280 261280 261280 261280 261280 261280 261280 261280
245444 260785 260785 260785 260785 260785 260785 260785 260785 260785 260785 260785 260785 260785 260785 260785 260785
244979 260290 260291 260291 260291 260290 260291 260291 260291 260290 260291 260291 260291 260290 260291 260291 260291
244515 259797 259797 259797 259797 259797 259797 259797 259797 259797 259797 259797 259797 259797 259797 259797 259797
244051 259304 259304 259304 259304 259304 259304 259304 259304 259304 259304 259304 259304 259304 259304 259304 259304
243587 258811 258811 258811 258811 258811 258811 258811 258811 258811 258811 258811 258811 258811 258811 258811 258811
243124 258319 258319 258319 258319 258319 258319 258319 258319 258319 258319 258319 258319 258319 258319 258319 258319
242662 257828 257828 257828 257828 257828 257828 257828 257828 257828 257828 257828 257828 257828 257828 257828 257828
242200 257337 257337 257337 257337 257337 257337 257337 257337 257337 257337 257337 257337 257337 257337 257337 257337
241738 256847 256847 256847 256847 256847 256847 256847 256847 256847 256847 256847 256847 256847 256847 256847 256847
241277 256357 256357 256357 256357 256357 256357 256357 256357 256357 256357 256357 256357 256357 256357 256357 256357
240817 255868 255868 255868 255868 255868 255868 255868 255868 255868 255868 255868 255868 255868 255868 255868 255868
240357 255379 255380 255380 255380 255379 255380 255380 255380 255379 255380 255380 255380 255379 255380 255380 255380
239898 254891 254891 254891 254891 254891 254891 254891 254891 254891 254891 254891 254891 254891 254891 254891 254891
239439 254404 254404 254404 254404 254404 254404 254404 254404 254404 254404 254404 254404 254404 254404 254404 254404
238981 253917 253917 253917 253917 253917 253917 253917 253917 253917 253917 253917 253917 253917 253917 253917 253917
238523 253431 253431 253431 253431 253431 253431 253431 253431 253431 253431 253431 253431 253431 253431 253431 253431
238066 252945 252945 252945 252945 252945 252945 252945 252945 252945 252945 252945 252945 252945 252945 252945 252945
237609 252459 252459 252459 252459 252459 252459 252459 252459 252459 252459 252459 252459 252459 252459 252459 252459
237152 251974 251974 251974 251974 251974 251974 251974 251974 251974 251974 251974 251974 251974 251974 251974 251974
236696 251490 251490 251490 251490 251490 251490 251490 251490 251490 251490 251490 251490 251490 251490 251490 251490
236241 251006 251006 251006 251006 251006 251006 251006 251006 251006 251006 251006 251006 251006 251006 251006 251006
235786 250523 250523 250523 250523 250523 250523 250523 250523 250523 250523 250523 250523 250523 250523 250523 250523
235332 250040 250040 250040 250040 250040 250040 250040 250040 250040 250040 250040 250040 250040 250040 250040 250040
234877 249557 249557 249557 249557 249557 249557 249557 249557 249557 249557 249557 249557 249557 249557 249557 249557
234424 249075 249075 249075 249075 249075 249075 249075 249075 249075 249075 249075 249075 249075 249075 249075 249075
233971 248594 248594 248594 248594 248594 248594 248594 248594 248594 248594 248594 248594 248594 248594 248594 248594
233518 248113 248113 248113 248113 248113 248113 248113 248113 248113 248113 248113 248113 248113 248113 248113 248113
233065 247632 247632 247632 247632 247632 247632 247632 247632 247632 247632 247632 247632 247632 247632 247632 247632
232613 247152 247152 247152 247152 247152 247152 247152 247152 247152 247152 247152 247152 247152 247152 247152 247152
232162 246672 246672 246672 246672 246672 246672 246672 246672 246672 246672 246672 246672 246672 246672 246672 246672
231710 246192 246192 246192 246192 246192 246192 246192 246192 246192 246192 246192 246192 246192 246192 246192 246192
231259 245713 245713 245713 245713 245713 245713 245713 245713 245713 245713 245713 245713 245713 245713 245713 245713
230809 245234 245234 245234 245234 245234 245234 245234 245234 245234 245234 245234 245234 245234 245234 245234 245234
230358 244756 244756 244756 244756 244756 244756 244756 244756 244756 244756 244756 244756 244756 244756 244756 244756
229908 244277 244278 244278 244278 244277 244278 244278 244278 244277 244278 244278 244278 244277 244278 244278 244278
229459 243800 243800 243800 243800 243800 243800 243800 243800 243800 243800 243800 243800 243800 243800 243800 243800
229009 243322 243322 243322 243322 243322 243322 243322 243322 243322 243322 243322 243322 243322 243322 243322 243322
228560 242845 242845 242845 242845 242845 242845 242845 242845 242845 242845 242845 242845 242845 242845 242845 242845
228111 242368 242368 242368 242368 242368 242368 242368 242368 242368 242368 242368 242368 242368 242368 242368 242368
227662 241891 241891 241891 241891 241891 241891 241891 241891 241891 241891 241891 241891 241891 241891 241891 241891
227213 241414 241414 241414 241414 241414 241414 241414 241414 241414 241414 241414 241414 241414 241414 241414 241414
226765 240937 240937 240937 240937 240937 240937 240937 240937 240937 240937 240937 240937 240937 240937 240937 240937
226316 240461 240461 240461 240461 240461 240461 240461 240461 240461 240461 240461 240461 240461 240461 240461 240461
225868 239985 239985 239985 239985 239985 239985 239985 239985 239985 239985 239985 239985 239985 239985 239985 239985
225420 239508 239508 239508 239508 239508 239508 239508 239508 239508 239508 239508 239508 239508 239508 239508 239508
224971 239032 239032 239032 239032 239032 239032 239032 239032 239032 239032 239032 239032 239032 239032 239032 239032
224523 238556 238556 238556 238556 238556 238556 238556 238556 238556 238556 238556 238556 238556 238556 238556 238556
224075 238079 238079 238079 238079 238079 238079 238079 238079 238079 238079 238079 238079 238079 238079 238079 238079
223626 237603 237603 237603 237603 237603 237603 237603 237603 237603 237603 237603 237603 237603 237603 237603 237603
223178 237126 237126 237126 237126 237126 237126 237126 237126 237126 237126 237126 237126 237126 237126 237126 237126
222729 236650 236650 236650 236650 236650 236650 236650 236650 236650 236650 236650 236650 236650 236650 236650 236650
222280 236173 236173 236173 236173 236173 236173 236173 236173 236173 236173 236173 236173 236173 236173 236173 236173
221831 235696 235696 235696 235696 235696 235696 235696 235696 235696 235696 235696 235696 235696 235696 235696 235696
221382 235218 235218 235218 235218 235218 235218 235218 235218 235218 235218 235218 235218 235218 235218 235218 235218
220932 234740 234740 234740 234740 234740 234740 234740 234740 234740 234740 234740 234740 234740 234740 234740 234740
220482 234262 234262 234262 234262 234262 234262 234262 234262 234262 234262 234262 234262 234262 234262 234262 234262
220031 233783 233783 233783 233783 233783 233783 233783 233783 233783 233783 233783 233783 233783 233783 233783 233783
219581 233304 233304 233304 233304 233304 233304 233304 233304 233304 233304 233304 233304 233304 233304 233304 233304
219129 232825 232825 232825 232825 232825 232825 232825 232825 232825 232825 232825 232825 232825 232825 232825 232825
218677 232344 232344 232344 232344 232344 232344 232344 232344 232344 232344 232344 232344 232344 232344 232344 232344
218224 231863 231863 231863 231863 231863 231863 231863 231863 231863 231863 231863 231863 231863 231863 231863 231863
217771 231381 231381 231381 231381 231381 231381 231381 231381 231381 231381 231381 231381 231381 231381 231381 231381
217317 230899 230899 230899 230899 230899 230899 230899 230899 230899 230899 230899 230899 230899 230899 230899 230899
216862 230416 230416 230416 230416 230416 230416 230416 230416 230416 230416 230416 230416 230416 230416 230416 230416
216406 229931 229932 229932 229932 229931 229932 229932 229932 229931 229932 229932 229932 229931 229932 229932 229932
215950 229446 229446 229446 229446 229446 229446 229446 229446 229446 229446 229446 229446 229446 229446 229446 229446
215492 228960 228960 228960 228960 228960 228960 228960 228960 228960 228960 228960 228960 228960 228960 228960 228960
215034 228473 228473 228473 228473 228473 228473 228473 228473 228473 228473 228473 228473 228473 228473 228473 228473
214574 227985 227985 227985 227985 227985 227985 227985 227985 227985 227985 227985 227985 227985 227985 227985 227985
214114 227496 227496 227496 227496 227496 227496 227496 227496 227496 227496 227496 227496 227496 227496 227496 227496
213652 227006 227006 227006 227006 227006 227006 227006 227006 227006 227006 227006 227006 227006 227006 227006 227006
213190 226514 226514 226514 226514 226514 226514 226514 226514 226514 226514 226514 226514 226514 226514 226514 226514
212726 226022 226022 226022 226022 226022 226022 226022 226022 226022 226022 226022 226022 226022 226022 226022 226022
212261 225528 225528 225528 225528 225528 225528 225528 225528 225528 225528 225528 225528 225528 225528 225528 225528
211795 225033 225033 225033 225033 225033 225033 225033 225033 225033 225033 225033 225033 225033 225033 225033 225033
211328 224536 224536 224536 224536 224536 224536 224536 224536 224536 224536 224536 224536 224536 224536 224536 224536
210860 224039 224039 224039 224039 224039 224039 224039 224039 224039 224039 224039 224039 224039 224039 224039 224039
210391 223540 223540 223540 223540 223540 223540 223540 223540 223540 223540 223540 223540 223540 223540 223540 223540
209920 223040 223041 223040 223041 223040 223041 223040 223041 223040 223041 223040 223041 223040 223041 223040 223041
209449 222539 222539 222539 222539 222539 222539 222539 222539 222539 222539 222539 222539 222539 222539 222539 222539
208976 222037 222037 222037 222037 222037 222037 222037 222037 222037 222037 222037 222037 222037 222037 222037 222037
208502 221534 221534 221534 221534 221534 221534 221534 221534 221534 221534 221534 221534 221534 221534 221534 221534
208028 221029 221029 221029 221029 221029 221029 221029 221029 221029 221029 221029 221029 221029 221029 221029 221029
207552 220524 220524 220524 220524 220524 220524 220524 220524 220524 220524 220524 220524 220524 220524 220524 220524
207075 220017 220017 220017 220017 220017 220017 220017 220017 220017 220017 220017 220017 220017 220017 220017 220017
206597 219509 219509 219509 219509 219509 219509 219509 219509 219509 219509 219509 219509 219509 219509 219509 219509
206118 219001 219001 219001 219001 219001 219001 219001 219001 219001 219001 219001 219001 219001 219001 219001 219001
205639 218491 218491 218491 218491 218491 218491 218491 218491 218491 218491 218491 218491 218491 218491 218491 218491
205158 217980 217980 217980 217980 217980 217980 217980 217980 217980 217980 217980 217980 217980 217980 217980 217980
204676 217469 217469 217469 217469 217469 217469 217469 217469 217469 217469 217469 217469 217469 217469 217469 217469
204194 216956 216956 216956 216956 216956 216956 216956 216956 216956 216956 216956 216956 216956 216956 216956 216956
203711 216443 216443 216443 216443 216443 216443 216443 216443 216443 216443 216443 216443 216443 216443 216443 216443
203227 215929 215929 215929 215929 215929 215929 215929 215929 215929 215929 215929 215929 215929 215929 215929 215929
202742 215414 215414 215414 215414 215414 215414 215414 215414 215414 215414 215414 215414 215414 215414 215414 215414
202257 214898 214898 214898 214898 214898 214898 214898 214898 214898 214898 214898 214898 214898 214898 214898 214898
201771 214381 214381 214381 214381 214381 214381 214381 214381 214381 214381 214381 214381 214381 214381 214381 214381
201284 213864 213864 213864 213864 213864 213864 213864 213864 213864 213864 213864 213864 213864 213864 213864 213864
200796 213346 213346 213346 213346 213346 213346 213346 213346 213346 213346 213346 213346 213346 213346 213346 213346
200308 212827 212827 212827 212827 212827 212827 212827 212827 212827 212827 212827 212827 212827 212827 212827 212827
199819 212307 212307 212307 212307 212307 212307 212307 212307 212307 212307 212307 212307 212307 212307 212307 212307
199329 211787 211787 211787 211787 211787 211787 211787 211787 211787 211787 211787 211787 211787 211787 211787 211787
198838 211266 211266 211266 211266 211266 211266 211266 211266 211266 211266 211266 211266 211266 211266 211266 211266
198347 210744 210744 210744 210744 210744 210744 210744 210744 210744 210744 210744 210744 210744 210744 210744 210744
197855 210221 210221 210221 210221 210221 210221 210221 210221 210221 210221 210221 210221 210221 210221 210221 210221
197363 209698 209698 209698 209698 209698 209698 209698 209698 209698 209698 209698 209698 209698 209698 209698 209698
196870 209174 209174 209174 209174 209174 209174 209174 209174 209174 209174 209174 209174 209174 209174 209174 209174
196376 208649 208649 208649 208649 208649 208649 208649 208649 208649 208649 208649 208649 208649 208649 208649 208649
195881 208123 208124 208124 208124 208123 208124 208124 208124 208123 208124 208124 208124 208123 208124 208124 208124
195386 207597 207597 207597 207597 207597 207597 207597 207597 207597 207597 207597 207597 207597 207597 207597 207597
194889 207070 207070 207070 207070 207070 207070 207070 207070 207070 207070 207070 207070 207070 207070 207070 207070
194393 206542 206542 206542 206542 206542 206542 206542 206542 206542 206542 206542 206542 206542 206542 206542 206542
193895 206013 206013 206013 206013 206013 206013 206013 206013 206013 206013 206013 206013 206013 206013 206013 206013
193396 205484 205484 205484 205484 205484 205484 205484 205484 205484 205484 205484 205484 205484 205484 205484 205484
192897 204953 204953 204953 204953 204953 204953 204953 204953 204953 204953 204953 204953 204953 204953 204953 204953
192397 204422 204422 204422 204422 204422 204422 204422 204422 204422 204422 204422 204422 204422 204422 204422 204422
191897 203890 203890 203890 203890 203890 203890 203890 203890 203890 203890 203890 203890 203890 203890 203890 203890
191395 203357 203357 203357 203357 203357 203357 203357 203357 203357 203357 203357 203357 203357 203357 203357 203357
190893 202824 202824 202824 202824 202824 202824 202824 202824 202824 202824 202824 202824 202824 202824 202824 202824
190390 202289 202289 202289 202289 202289 202289 202289 202289 202289 202289 202289 202289 202289 202289 202289 202289
189886 201753 201754 201754 201754 201753 201754 201754 201754 201753 201754 201754 201754 201753 201754 201754 201754
189381 201217 201217 201217 201217 201217 201217 201217 201217 201217 201217 201217 201217 201217 201217 201217 201217
188875 200680 200680 200680 200680 200680 200680 200680 200680 200680 200680 200680 200680 200680 200680 200680 200680
188369 200142 200142 200142 200142 200142 200142 200142 200142 200142 200142 200142 200142 200142 200142 200142 200142
187862 199603 199603 199603 199603 199603 199603 199603 199603 199603 199603 199603 199603 199603 199603 199603 199603
187353 199063 199063 199063 199063 199063 199063 199063 199063 199063 199063 199063 199063 199063 199063 199063 199063
186844 198522 198522 198522 198522 198522 198522 198522 198522 198522 198522 198522 198522 198522 198522 198522 198522
186334 197980 197980 197980 197980 197980 197980 197980 197980 197980 197980 197980 197980 197980 197980 197980 197980
185824 197437 197438 197438 197438 197437 197438 197438 197438 197437 197438 197438 197438 197437 197438 197438 197438
185312 196894 196894 196894 196894 196894 196894 196894 196894 196894 196894 196894 196894 196894 196894 196894 196894
184799 196349 196349 196349 196349 196349 196349 196349 196349 196349 196349 196349 196349 196349 196349 196349 196349
184286 195803 195804 195803 195804 195803 195804 195803 195804 195803 195804 195803 195804 195803 195804 195803 195804
183771 195257 195257 195257 195257 195257 195257 195257 195257 195257 195257 195257 195257 195257 195257 195257 195257
183256 194709 194709 194709 194709 194709 194709 194709 194709 194709 194709 194709 194709 194709 194709 194709 194709
182739 194161 194161 194161 194161 194161 194161 194161 194161 194161 194161 194161 194161 194161 194161 194161 194161
182222 193611 193611 193611 193611 193611 193611 193611 193611 193611 193611 193611 193611 193611 193611 193611 193611
181704 193060 193061 193060 193061 193060 193061 193060 193061 193060 193061 193060 193061 193060 193061 193060 193061
181185 192509 192509 192509 192509 192509 192509 192509 192509 192509 192509 192509 192509 192509 192509 192509 192509
180665 191956 191956 191956 191956 191956 191956 191956 191956 191956 191956 191956 191956 191956 191956 191956 191956
180144 191403 191403 191403 191403 191403 191403 191403 191403 191403 191403 191403 191403 191403 191403 191403 191403
179622 190848 190848 190848 190848 190848 190848 190848 190848 190848 190848 190848 190848 190848 190848 190848 190848
179099 190292 190292 190292 190292 190292 190292 190292 190292 190292 190292 190292 190292 190292 190292 190292 190292
178575 189736 189736 189736 189736 189736 189736 189736 189736 189736 189736 189736 189736 189736 189736 189736 189736
178050 189178 189178 189178 189178 189178 189178 189178 189178 189178 189178 189178 189178 189178 189178 189178 189178
177524 188619 188619 188619 188619 188619 188619 188619 188619 188619 188619 188619 188619 188619 188619 188619 188619
176997 188060 188060 188060 188060 188060 188060 188060 188060 188060 188060 188060 188060 188060 188060 188060 188060
176470 187499 187499 187499 187499 187499 187499 187499 187499 187499 187499 187499 187499 187499 187499 187499 187499
175941 186937 186938 186937 186938 186937 186938 186937 186938 186937 186938 186937 186938 186937 186938 186937 186938
175412 186375 186375 186375 186375 186375 186375 186375 186375 186375 186375 186375 186375 186375 186375 186375 186375
174881 185811 185811 185811 185811 185811 185811 185811 185811 185811 185811 185811 185811 185811 185811 185811 185811
174350 185247 185247 185247 185247 185247 185247 185247 185247 185247 185247 185247 185247 185247 185247 185247 185247
173818 184682 184682 184682 184682 184682 184682 184682 184682 184682 184682 184682 184682 184682 184682 184682 184682
173285 184116 184116 184116 184116 184116 184116 184116 184116 184116 184116 184116 184116 184116 184116 184116 184116
172752 183549 183549 183549 183549 183549 183549 183549 183549 183549 183549 183549 183549 183549 183549 183549 183549
172217 182981 182981 182981 182981 182981 182981 182981 182981 182981 182981 182981 182981 182981 182981 182981 182981
171682 182412 182412 182412 182412 182412 182412 182412 182412 182412 182412 182412 182412 182412 182412 182412 182412
171146 181843 181843 181843 181843 181843 181843 181843 181843 181843 181843 181843 181843 181843 181843 181843 181843
170609 181273 181273 181273 181273 181273 181273 181273 181273 181273 181273 181273 181273 181273 181273 181273 181273
170072 180702 180702 180702 180702 180702 180702 180702 180702 180702 180702 180702 180702 180702 180702 180702 180702
169534 180130 180130 180130 180130 180130 180130 180130 180130 180130 180130 180130 180130 180130 180130 180130 180130
168996 179558 179558 179558 179558 179558 179558 179558 179558 179558 179558 179558 179558 179558 179558 179558 179558
168457 178985 178985 178985 178985 178985 178985 178985 178985 178985 178985 178985 178985 178985 178985 178985 178985
167917 178412 178412 178412 178412 178412 178412 178412 178412 178412 178412 178412 178412 178412 178412 178412 178412
167377 177838 177838 177838 177838 177838 177838 177838 177838 177838 177838 177838 177838 177838 177838 177838 177838
166836 177263 177264 177263 177264 177263 177264 177263 177264 177263 177264 177263 177264 177263 177264 177263 177264
166295 176688 176689 176689 176689 176688 176689 176689 176689 176688 176689 176689 176689 176688 176689 176689 176689
165754 176113 176113 176113 176113 176113 176113 176113 176113 176113 176113 176113 176113 176113 176113 176113 176113
165212 175537 175537 175537 175537 175537 175537 175537 175537 175537 175537 175537 175537 175537 175537 175537 175537
164669 174961 174961 174961 174961 174961 174961 174961 174961 174961 174961 174961 174961 174961 174961 174961 174961
164127 174384 174384 174384 174384 174384 174384 174384 174384 174384 174384 174384 174384 174384 174384 174384 174384
163583 173807 173807 173807 173807 173807 173807 173807 173807 173807 173807 173807 173807 173807 173807 173807 173807
163040 173230 173230 173230 173230 173230 173230 173230 173230 173230 173230 173230 173230 173230 173230 173230 173230
162497 172652 172653 172653 172653 172652 172653 172653 172653 172652 172653 172653 172653 172652 172653 172653 172653
161953 172075 172075 172075 172075 172075 172075 172075 172075 172075 172075 172075 172075 172075 172075 172075 172075
161408 171496 171497 171496 171497 171496 171497 171496 171497 171496 171497 171496 171497 171496 171497 171496 171497
160864 170918 170918 170918 170918 170918 170918 170918 170918 170918 170918 170918 170918 170918 170918 170918 170918
160319 170339 170339 170339 170339 170339 170339 170339 170339 170339 170339 170339 170339 170339 170339 170339 170339
159775 169760 169761 169760 169761 169760 169761 169760 169761 169760 169761 169760 169761 169760 169761 169760 169761
159230 169181 169181 169181 169181 169181 169181 169181 169181 169181 169181 169181 169181 169181 169181 169181 169181
158684 168602 168602 168602 168602 168602 168602 168602 168602 168602 168602 168602 168602 168602 168602 168602 168602
158139 168023 168023 168023 168023 168023 168023 168023 168023 168023 168023 168023 168023 168023 168023 168023 168023
157594 167443 167443 167443 167443 167443 167443 167443 167443 167443 167443 167443 167443 167443 167443 167443 167443
157048 166863 166863 166863 166863 166863 166863 166863 166863 166863 166863 166863 166863 166863 166863 166863 166863
156502 166283 166283 166283 166283 166283 166283 166283 166283 166283 166283 166283 166283 166283 166283 166283 166283
155956 165703 165703 165703 165703 165703 165703 165703 165703 165703 165703 165703 165703 165703 165703 165703 165703
155410 165123 165123 165123 165123 165123 165123 165123 165123 165123 165123 165123 165123 165123 165123 165123 165123
154864 164543 164543 164543 164543 164543 164543 164543 164543 164543 164543 164543 164543 164543 164543 164543 164543
154318 163962 163962 163962 163962 163962 163962 163962 163962 163962 163962 163962 163962 163962 163962 163962 163962
153771 163382 163382 163382 163382 163382 163382 163382 163382 163382 163382 163382 163382 163382 163382 163382 163382
153225 162801 162801 162801 162801 162801 162801 162801 162801 162801 162801 162801 162801 162801 162801 162801 162801
152678 162220 162221 162220 162221 162220 162221 162220 162221 162220 162221 162220 162221 162220 162221 162220 162221
152131 161640 161640 161640 161640 161640 161640 161640 161640 161640 161640 161640 161640 161640 161640 161640 161640
151585 161059 161059 161059 161059 161059 161059 161059 161059 161059 161059 161059 161059 161059 161059 161059 161059
151038 160478 160478 160478 160478 160478 160478 160478 160478 160478 160478 160478 160478 160478 160478 160478 160478
150491 159897 159897 159897 159897 159897 159897 159897 159897 159897 159897 159897 159897 159897 159897 159897 159897
149944 159316 159316 159316 159316 159316 159316 159316 159316 159316 159316 159316 159316 159316 159316 159316 159316
149397 158734 158735 158734 158735 158734 158735 158734 158735 158734 158735 158734 158735 158734 158735 158734 158735
148850 158153 158153 158153 158153 158153 158153 158153 158153 158153 158153 158153 158153 158153 158153 158153 158153
148303 157572 157572 157572 157572 157572 157572 157572 157572 157572 157572 157572 157572 157572 157572 157572 157572
147756 156991 156991 156991 156991 156991 156991 156991 156991 156991 156991 156991 156991 156991 156991 156991 156991
147209 156409 156409 156409 156409 156409 156409 156409 156409 156409 156409 156409 156409 156409 156409 156409 156409
146662 155828 155828 155828 155828 155828 155828 155828 155828 155828 155828 155828 155828 155828 155828 155828 155828
146115 155247 155247 155247 155247 155247 155247 155247 155247 155247 155247 155247 155247 155247 155247 155247 155247
145567 154665 154665 154665 154665 154665 154665 154665 154665 154665 154665 154665 154665 154665 154665 154665 154665
145020 154084 154084 154084 154084 154084 154084 154084 154084 154084 154084 154084 154084 154084 154084 154084 154084
144473 153502 153503 153502 153503 153502 153503 153502 153503 153502 153503 153502 153503 153502 153503 153502 153503
143926 152921 152921 152921 152921 152921 152921 152921 152921 152921 152921 152921 152921 152921 152921 152921 152921
143378 152339 152340 152340 152340 152339 152340 152340 152340 152339 152340 152340 152340 152339 152340 152340 152340
142831 151758 151758 151758 151758 151758 151758 151758 151758 151758 151758 151758 151758 151758 151758 151758 151758
142284 151176 151177 151176 151177 151176 151177 151176 151177 151176 151177 151176 151177 151176 151177 151176 151177
141736 150595 150595 150595 150595 150595 150595 150595 150595 150595 150595 150595 150595 150595 150595 150595 150595
141189 150013 150013 150013 150013 150013 150013 150013 150013 150013 150013 150013 150013 150013 150013 150013 150013
140641 149432 149432 149432 149432 149432 149432 149432 149432 149432 149432 149432 149432 149432 149432 149432 149432
140094 148850 148850 148850 148850 148850 148850 148850 148850 148850 148850 148850 148850 148850 148850 148850 148850
139546 148268 148268 148268 148268 148268 148268 148268 148268 148268 148268 148268 148268 148268 148268 148268 148268
138998 147685 147685 147685 147685 147685 147685 147685 147685 147685 147685 147685 147685 147685 147685 147685 147685
138450 147103 147103 147103 147103 147103 147103 147103 147103 147103 147103 147103 147103 147103 147103 147103 147103
137901 146520 146520 146520 146520 146520 146520 146520 146520 146520 146520 146520 146520 146520 146520 146520 146520
137352 145936 145936 145936 145936 145936 145936 145936 145936 145936 145936 145936 145936 145936 145936 145936 145936
136802 145352 145352 145352 145352 145352 145352 145352 145352 145352 145352 145352 145352 145352 145352 145352 145352
136252 144768 144768 144768 144768 144768 144768 144768 144768 144768 144768 144768 144768 144768 144768 144768 144768
135701 144182 144182 144182 144182 144182 144182 144182 144182 144182 144182 144182 144182 144182 144182 144182 144182
135149 143596 143596 143596 143596 143596 143596 143596 143596 143596 143596 143596 143596 143596 143596 143596 143596
134597 143009 143009 143009 143009 143009 143009 143009 143009 143009 143009 143009 143009 143009 143009 143009 143009
134043 142421 142421 142421 142421 142421 142421 142421 142421 142421 142421 142421 142421 142421 142421 142421 142421
133489 141832 141832 141832 141832 141832 141832 141832 141832 141832 141832 141832 141832 141832 141832 141832 141832
132932 141241 141241 141241 141241 141241 141241 141241 141241 141241 141241 141241 141241 141241 141241 141241 141241
132374 140648 140648 140648 140648 140648 140648 140648 140648 140648 140648 140648 140648 140648 140648 140648 140648
131814 140052 140052 140052 140052 140052 140052 140052 140052 140052 140052 140052 140052 140052 140052 140052 140052
131252 139455 139455 139455 139455 139455 139455 139455 139455 139455 139455 139455 139455 139455 139455 139455 139455
130687 138855 138855 138855 138855 138855 138855 138855 138855 138855 138855 138855 138855 138855 138855 138855 138855
130119 138252 138252 138252 138252 138252 138252 138252 138252 138252 138252 138252 138252 138252 138252 138252 138252
129548 137645 137645 137645 137645 137645 137645 137645 137645 137645 137645 137645 137645 137645 137645 137645 137645
128973 137034 137034 137034 137034 137034 137034 137034 137034 137034 137034 137034 137034 137034 137034 137034 137034
128392 136416 136416 136416 136416 136416 136416 136416 136416 136416 136416 136416 136416 136416 136416 136416 136416
127802 135790 135790 135790 135790 135790 135790 135790 135790 135790 135790 135790 135790 135790 135790 135790 135790
127203 135153 135153 135153 135153 135153 135153 135153 135153 135153 135153 135153 135153 135153 135153 135153 135153
126601 134514 134514 134514 134514 134514 134514 134514 134514 134514 134514 134514 134514 134514 134514 134514 134514
126000 133875 133875 133875 133875 133875 133875 133875 133875 133875 133875 133875 133875 133875 133875 133875 133875
125399 133236 133236 133236 133236 133236 133236 133236 133236 133236 133236 133236 133236 133236 133236 133236 133236
124798 132598 132598 132598 132598 132598 132598 132598 132598 132598 132598 132598 132598 132598 132598 132598 132598
124198 131960 131960 131960 131960 131960 131960 131960 131960 131960 131960 131960 131960 131960 131960 131960 131960
123598 131323 131323 131323 131323 131323 131323 131323 131323 131323 131323 131323 131323 131323 131323 131323 131323
122998 130685 130686 130685 130686 130685 130686 130685 130686 130685 130686 130685 130686 130685 130686 130685 130686
122399 130048 130048 130048 130048 130048 130048 130048 130048 130048 130048 130048 130048 130048 130048 130048 130048
121799 129411 129412 129412 129412 129411 129412 129412 129412 129411 129412 129412 129412 129411 129412 129412 129412
121200 128775 128775 128775 128775 128775 128775 128775 128775 128775 128775 128775 128775 128775 128775 128775 128775
120601 128138 128139 128139 128139 128138 128139 128139 128139 128138 128139 128139 128139 128138 128139 128139 128139
120002 127502 127502 127502 127502 127502 127502 127502 127502 127502 127502 127502 127502 127502 127502 127502 127502
119404 126866 126866 126866 126866 126866 126866 126866 126866 126866 126866 126866 126866 126866 126866 126866 126866
118805 126230 126231 126230 126231 126230 126231 126230 126231 126230 126231 126230 126231 126230 126231 126230 126231
118207 125595 125595 125595 125595 125595 125595 125595 125595 125595 125595 125595 125595 125595 125595 125595 125595
117609 124960 124960 124960 124960 124960 124960 124960 124960 124960 124960 124960 124960 124960 124960 124960 124960
117012 124325 124325 124325 124325 124325 124325 124325 124325 124325 124325 124325 124325 124325 124325 124325 124325
116415 123690 123690 123690 123690 123690 123690 123690 123690 123690 123690 123690 123690 123690 123690 123690 123690
115818 123056 123056 123056 123056 123056 123056 123056 123056 123056 123056 123056 123056 123056 123056 123056 123056
115221 122422 122423 122422 122423 122422 122423 122422 122423 122422 122423 122422 122423 122422 122423 122422 122423
114625 121789 121789 121789 121789 121789 121789 121789 121789 121789 121789 121789 121789 121789 121789 121789 121789
114029 121156 121156 121156 121156 121156 121156 121156 121156 121156 121156 121156 121156 121156 121156 121156 121156
113434 120523 120524 120523 120524 120523 120524 120523 120524 120523 120524 120523 120524 120523 120524 120523 120524
112839 119891 119891 119891 119891 119891 119891 119891 119891 119891 119891 119891 119891 119891 119891 119891 119891
112244 119259 119260 119260 119260 119259 119260 119260 119260 119259 119260 119260 119260 119259 119260 119260 119260
111650 118628 118628 118628 118628 118628 118628 118628 118628 118628 118628 118628 118628 118628 118628 118628 118628
111056 117997 117997 117997 117997 117997 117997 117997 117997 117997 117997 117997 117997 117997 117997 117997 117997
110463 117367 117367 117367 117367 117367 117367 117367 117367 117367 117367 117367 117367 117367 117367 117367 117367
109870 116737 116737 116737 116737 116737 116737 116737 116737 116737 116737 116737 116737 116737 116737 116737 116737
109278 116107 116108 116107 116108 116107 116108 116107 116108 116107 116108 116107 116108 116107 116108 116107 116108
108686 115478 115479 115478 115479 115478 115479 115478 115479 115478 115479 115478 115479 115478 115479 115478 115479
108094 114850 114850 114850 114850 114850 114850 114850 114850 114850 114850 114850 114850 114850 114850 114850 114850
107503 114222 114222 114222 114222 114222 114222 114222 114222 114222 114222 114222 114222 114222 114222 114222 114222
106912 113594 113594 113594 113594 113594 113594 113594 113594 113594 113594 113594 113594 113594 113594 113594 113594
106322 112967 112967 112967 112967 112967 112967 112967 112967 112967 112967 112967 112967 112967 112967 112967 112967
105732 112340 112341 112341 112341 112340 112341 112341 112341 112340 112341 112341 112341 112340 112341 112341 112341
105143 111714 111714 111714 111714 111714 111714 111714 111714 111714 111714 111714 111714 111714 111714 111714 111714
104554 111089 111089 111089 111089 111089 111089 111089 111089 111089 111089 111089 111089 111089 111089 111089 111089
103966 110464 110464 110464 110464 110464 110464 110464 110464 110464 110464 110464 110464 110464 110464 110464 110464
103378 109839 109839 109839 109839 109839 109839 109839 109839 109839 109839 109839 109839 109839 109839 109839 109839
102791 109215 109215 109215 109215 109215 109215 109215 109215 109215 109215 109215 109215 109215 109215 109215 109215
102204 108591 108592 108591 108592 108591 108592 108591 108592 108591 108592 108591 108592 108591 108592 108591 108592
101617 107968 107968 107968 107968 107968 107968 107968 107968 107968 107968 107968 107968 107968 107968 107968 107968
101031 107346 107346 107346 107346 107346 107346 107346 107346 107346 107346 107346 107346 107346 107346 107346 107346
100446 106724 106724 106724 106724 106724 106724 106724 106724 106724 106724 106724 106724 106724 106724 106724 106724
99861 106102 106102 106102 106102 106102 106102 106102 106102 106102 106102 106102 106102 106102 106102 106102 106102
99276.5 105481 105481 105481 105481 105481 105481 105481 105481 105481 105481 105481 105481 105481 105481 105481 105481
98692.6 104861 104861 104861 104861 104861 104861 104861 104861 104861 104861 104861 104861 104861 104861 104861 104861
98109.1 104241 104241 104241 104241 104241 104241 104241 104241 104241 104241 104241 104241 104241 104241 104241 104241
97526 103621 103621 103621 103621 103621 103621 103621 103621 103621 103621 103621 103621 103621 103621 103621 103621
96943.5 103002 103003 103002 103003 103002 103003 103002 103003 103002 103003 103002 103003 103002 103003 103002 103003
96361.4 102384 102384 102384 102384 102384 102384 102384 102384 102384 102384 102384 102384 102384 102384 102384 102384
95779.9 101766 101766 101766 101766 101766 101766 101766 101766 101766 101766 101766 101766 101766 101766 101766 101766
95198.8 101149 101149 101149 101149 101149 101149 101149 101149 101149 101149 101149 101149 101149 101149 101149 101149
94618.2 100532 100532 100532 100532 100532 100532 100532 100532 100532 100532 100532 100532 100532 100532 100532 100532
94038.1 99915.3 99915.5 99915.4 99915.5 99915.3 99915.5 99915.4 99915.5 99915.3 99915.5 99915.4 99915.5 99915.3 99915.5 99915.4 99915.5
93458.4 99299.4 99299.6 99299.5 99299.6 99299.4 99299.6 99299.5 99299.6 99299.4 99299.6 99299.5 99299.6 99299.4 99299.6 99299.5 99299.6
92879.2 98684.1 98684.3 98684.2 98684.3 98684.1 98684.3 98684.2 98684.3 98684.1 98684.3 98684.2 98684.3 98684.1 98684.3 98684.2 98684.3
92300.5 98069.2 98069.4 98069.3 98069.4 98069.2 98069.4 98069.3 98069.4 98069.2 98069.4 98069.3 98069.4 98069.2 98069.4 98069.3 98069.4
91722.3 97454.8 97455 97454.9 97455 97454.8 97455 97454.9 97455 97454.8 97455 97454.9 97455 97454.8 97455 97454.9 97455
91144.5 96840.9 96841.1 96841.1 96841.1 96840.9 96841.1 96841.1 96841.1 96840.9 96841.1 96841.1 96841.1 96840.9 96841.1 96841.1 96841.1
90567.2 96227.6 96227.8 96227.7 96227.8 96227.6 96227.8 96227.7 96227.8 96227.6 96227.8 96227.7 96227.8 96227.6 96227.8 96227.7 96227.8
89990.4 95614.7 95614.9 95614.8 95614.9 95614.7 95614.9 95614.8 95614.9 95614.7 95614.9 95614.8 95614.9 95614.7 95614.9 95614.8 95614.9
89414.1 95002.3 95002.5 95002.4 95002.5 95002.3 95002.5 95002.4 95002.5 95002.3 95002.5 95002.4 95002.5 95002.3 95002.5 95002.4 95002.5
88838.1 94390.4 94390.6 94390.5 94390.6 94390.4 94390.6 94390.5 94390.6 94390.4 94390.6 94390.5 94390.6 94390.4 94390.6 94390.5 94390.6
88262.7 93779 93779.2 93779.1 93779.2 93779 93779.2 93779.1 93779.2 93779 93779.2 93779.1 93779.2 93779 93779.2 93779.1 93779.2
87687.7 93168.1 93168.3 93168.2 93168.3 93168.1 93168.3 93168.2 93168.3 93168.1 93168.3 93168.2 93168.3 93168.1 93168.3 93168.2 93168.3
87113.2 92557.6 92557.8 92557.7 92557.8 92557.6 92557.8 92557.7 92557.8 92557.6 92557.8 92557.7 92557.8 92557.6 92557.8 92557.7 92557.8
86539.1 91947.6 91947.8 91947.8 91947.8 91947.6 91947.8 91947.8 91947.8 91947.6 91947.8 91947.8 91947.8 91947.6 91947.8 91947.8 91947.8
85965.4 91338.1 91338.3 91338.3 91338.3 91338.1 91338.3 91338.3 91338.3 91338.1 91338.3 91338.3 91338.3 91338.1 91338.3 91338.3 91338.3
85392.2 90729.1 90729.3 90729.2 90729.3 90729.1 90729.3 90729.2 90729.3 90729.1 90729.3 90729.2 90729.3 90729.1 90729.3 90729.2 90729.3
84819.5 90120.6 90120.8 90120.7 90120.8 90120.6 90120.8 90120.7 90120.8 90120.6 90120.8 90120.7 90120.8 90120.6 90120.8 90120.7 90120.8
84247.2 89512.5 89512.7 89512.6 89512.7 89512.5 89512.7 89512.6 89512.7 89512.5 89512.7 89512.6 89512.7 89512.5 89512.7 89512.6 89512.7
83675.3 88904.8 88905 88905 88905 88904.8 88905 88905 88905 88904.8 88905 88905 88905 88904.8 88905 88905 88905
83103.8 88297.7 88297.9 88297.8 88297.9 88297.7 88297.9 88297.8 88297.9 88297.7 88297.9 88297.8 88297.9 88297.7 88297.9 88297.8 88297.9
82532.8 87691 87691.2 87691.1 87691.2 87691 87691.2 87691.1 87691.2 87691 87691.2 87691.1 87691.2 87691 87691.2 87691.1 87691.2
81962.2 87084.7 87084.9 87084.8 87084.9 87084.7 87084.9 87084.8 87084.9 87084.7 87084.9 87084.8 87084.9 87084.7 87084.9 87084.8 87084.9
81392 86478.9 86479.1 86479 86479.1 86478.9 86479.1 86479 86479.1 86478.9 86479.1 86479 86479.1 86478.9 86479.1 86479 86479.1
80822.3 85873.5 85873.7 85873.6 85873.7 85873.5 85873.7 85873.6 85873.7 85873.5 85873.7 85873.6 85873.7 85873.5 85873.7 85873.6 85873.7
80252.9 85268.6 85268.8 85268.7 85268.8 85268.6 85268.8 85268.7 85268.8 85268.6 85268.8 85268.7 85268.8 85268.6 85268.8 85268.7 85268.8
79684 84664.1 84664.3 84664.2 84664.3 84664.1 84664.3 84664.2 84664.3 84664.1 84664.3 84664.2 84664.3 84664.1 84664.3 84664.2 84664.3
79115.5 84060.1 84060.3 84060.2 84060.3 84060.1 84060.3 84060.2 84060.3 84060.1 84060.3 84060.2 84060.3 84060.1 84060.3 84060.2 84060.3
78547.4 83456.5 83456.7 83456.6 83456.7 83456.5 83456.7 83456.6 83456.7 83456.5 83456.7 83456.6 83456.7 83456.5 83456.7 83456.6 83456.7
77979.7 82853.3 82853.5 82853.4 82853.5 82853.3 82853.5 82853.4 82853.5 82853.3 82853.5 82853.4 82853.5 82853.3 82853.5 82853.4 82853.5
77412.4 82250.5 82250.7 82250.6 82250.7 82250.5 82250.7 82250.6 82250.7 82250.5 82250.7 82250.6 82250.7 82250.5 82250.7 82250.6 82250.7
76845.5 81648.2 81648.4 81648.3 81648.4 81648.2 81648.4 81648.3 81648.4 81648.2 81648.4 81648.3 81648.4 81648.2 81648.4 81648.3 81648.4
76279 81046.3 81046.5 81046.4 81046.5 81046.3 81046.5 81046.4 81046.5 81046.3 81046.5 81046.4 81046.5 81046.3 81046.5 81046.4 81046.5
75712.8 80444.8 80445 80444.9 80445 80444.8 80445 80444.9 80445 80444.8 80445 80444.9 80445 80444.8 80445 80444.9 80445
75147.1 79843.7 79843.9 79843.8 79843.9 79843.7 79843.9 79843.8 79843.9 79843.7 79843.9 79843.8 79843.9 79843.7 79843.9 79843.8 79843.9
74581.8 79243 79243.2 79243.1 79243.2 79243 79243.2 79243.1 79243.2 79243 79243.2 79243.1 79243.2 79243 79243.2 79243.1 79243.2
74016.8 78642.7 78642.9 78642.9 78642.9 78642.7 78642.9 78642.9 78642.9 78642.7 78642.9 78642.9 78642.9 78642.7 78642.9 78642.9 78642.9
73452.2 78042.9 78043.1 78043 78043.1 78042.9 78043.1 78043 78043.1 78042.9 78043.1 78043 78043.1 78042.9 78043.1 78043 78043.1
72888 77443.4 77443.6 77443.5 77443.6 77443.4 77443.6 77443.5 77443.6 77443.4 77443.6 77443.5 77443.6 77443.4 77443.6 77443.5 77443.6
72324.2 76844.3 76844.5 76844.5 76844.5 76844.3 76844.5 76844.5 76844.5 76844.3 76844.5 76844.5 76844.5 76844.3 76844.5 76844.5 76844.5
71760.7 76245.6 76245.9 76245.8 76245.9 76245.6 76245.9 76245.8 76245.9 76245.6 76245.9 76245.8 76245.9 76245.6 76245.9 76245.8 76245.9
71197.6 75647.4 75647.6 75647.5 75647.6 75647.4 75647.6 75647.5 75647.6 75647.4 75647.6 75647.5 75647.6 75647.4 75647.6 75647.5 75647.6
70634.9 75049.5 75049.7 75049.6 75049.7 75049.5 75049.7 75049.6 75049.7 75049.5 75049.7 75049.6 75049.7 75049.5 75049.7 75049.6 75049.7
70072.6 74451.9 74452.2 74452.1 74452.2 74451.9 74452.2 74452.1 74452.2 74451.9 74452.2 74452.1 74452.2 74451.9 74452.2 74452.1 74452.2
69510.6 73854.8 73855 73855 73855 73854.8 73855 73855 73855 73854.8 73855 73855 73855 73854.8 73855 73855 73855
68948.9 73258.1 73258.3 73258.2 73258.3 73258.1 73258.3 73258.2 73258.3 73258.1 73258.3 73258.2 73258.3 73258.1 73258.3 73258.2 73258.3
68387.6 72661.7 72661.9 72661.8 72661.9 72661.7 72661.9 72661.8 72661.9 72661.7 72661.9 72661.8 72661.9 72661.7 72661.9 72661.8 72661.9
67826.7 72065.7 72065.9 72065.8 72065.9 72065.7 72065.9 72065.8 72065.9 72065.7 72065.9 72065.8 72065.9 72065.7 72065.9 72065.8 72065.9
67266.1 71470.1 71470.3 71470.2 71470.3 71470.1 71470.3 71470.2 71470.3 71470.1 71470.3 71470.2 71470.3 71470.1 71470.3 71470.2 71470.3
66705.8 70874.8 70875 70874.9 70875 70874.8 70875 70874.9 70875 70874.8 70875 70874.9 70875 70874.8 70875 70874.9 70875
66145.9 70279.9 70280.1 70280.1 70280.1 70279.9 70280.1 70280.1 70280.1 70279.9 70280.1 70280.1 70280.1 70279.9 70280.1 70280.1 70280.1
65586.4 69685.4 69685.6 69685.5 69685.6 69685.4 69685.6 69685.5 69685.6 69685.4 69685.6 69685.5 69685.6 69685.4 69685.6 69685.5 69685.6
65027.2 69091.2 69091.5 69091.4 69091.5 69091.2 69091.5 69091.4 69091.5 69091.2 69091.5 69091.4 69091.5 69091.2 69091.5 69091.4 69091.5
64468.3 68497.4 68497.7 68497.6 68497.7 68497.4 68497.7 68497.6 68497.7 68497.4 68497.7 68497.6 68497.7 68497.4 68497.7 68497.6 68497.7
63909.8 67904 67904.2 67904.1 67904.2 67904 67904.2 67904.1 67904.2 67904 67904.2 67904.1 67904.2 67904 67904.2 67904.1 67904.2
63351.6 67310.9 67311.1 67311 67311.1 67310.9 67311.1 67311 67311.1 67310.9 67311.1 67311 67311.1 67310.9 67311.1 67311 67311.1
62793.6 66718.8 66719.1 66719 66719.1 66718.8 66719.1 66719 66719.1 66718.8 66719.1 66719 66719.1 66718.8 66719.1 66719 66719.1
62236.1 66125.7 66125.9 66125.8 66125.9 66125.7 66125.9 66125.8 66125.9 66125.7 66125.9 66125.8 66125.9 66125.7 66125.9 66125.8 66125.9
61678.8 65533.5 65533.7 65533.7 65533.7 65533.5 65533.7 65533.7 65533.7 65533.5 65533.7 65533.7 65533.7 65533.5 65533.7 65533.7 65533.7
61121.7 64941.7 64941.9 64941.9 64941.9 64941.7 64941.9 64941.9 64941.9 64941.7 64941.9 64941.9 64941.9 64941.7 64941.9 64941.9 64941.9
60565 64350.2 64350.4 64350.3 64350.4 64350.2 64350.4 64350.3 64350.4 64350.2 64350.4 64350.3 64350.4 64350.2 64350.4 64350.3 64350.4
60008.6 63759 63759.2 63759.1 63759.2 63759 63759.2 63759.1 63759.2 63759 63759.2 63759.1 63759.2 63759 63759.2 63759.1 63759.2
59452.5 63168.1 63168.3 63168.3 63168.3 63168.1 63168.3 63168.3 63168.3 63168.1 63168.3 63168.3 63168.3 63168.1 63168.3 63168.3 63168.3
58896.6 62577.5 62577.8 62577.7 62577.8 62577.5 62577.8 62577.7 62577.8 62577.5 62577.8 62577.7 62577.8 62577.5 62577.8 62577.7 62577.8
58341.1 61987.3 61987.5 61987.4 61987.5 61987.3 61987.5 61987.4 61987.5 61987.3 61987.5 61987.4 61987.5 61987.3 61987.5 61987.4 61987.5
57785.8 61397.3 61397.5 61397.4 61397.5 61397.3 61397.5 61397.4 61397.5 61397.3 61397.5 61397.4 61397.5 61397.3 61397.5 61397.4 61397.5
57230.8 60807.6 60807.8 60807.8 60807.8 60807.6 60807.8 60807.8 60807.8 60807.6 60807.8 60807.8 60807.8 60807.6 60807.8 60807.8 60807.8
56676.1 60218.2 60218.5 60218.4 60218.5 60218.2 60218.5 60218.4 60218.5 60218.2 60218.5 60218.4 60218.5 60218.2 60218.5 60218.4 60218.5
56121.7 59629.2 59629.4 59629.3 59629.4 59629.2 59629.4 59629.3 59629.4 59629.2 59629.4 59629.3 59629.4 59629.2 59629.4 59629.3 59629.4
55567.6 59040.4 59040.6 59040.6 59040.6 59040.4 59040.6 59040.6 59040.6 59040.4 59040.6 59040.6 59040.6 59040.4 59040.6 59040.6 59040.6
55013.7 58452 58452.2 58452.1 58452.2 58452 58452.2 58452.1 58452.2 58452 58452.2 58452.1 58452.2 58452 58452.2 58452.1 58452.2
54460.2 57863.8 57864 57863.9 57864 57863.8 57864 57863.9 57864 57863.8 57864 57863.9 57864 57863.8 57864 57863.9 57864
53906.9 57275.9 57276.2 57276.1 57276.2 57275.9 57276.2 57276.1 57276.2 57275.9 57276.2 57276.1 57276.2 57275.9 57276.2 57276.1 57276.2
53353.9 56688.3 56688.6 56688.5 56688.6 56688.3 56688.6 56688.5 56688.6 56688.3 56688.6 56688.5 56688.6 56688.3 56688.6 56688.5 56688.6
52801.2 56101.1 56101.3 56101.2 56101.3 56101.1 56101.3 56101.2 56101.3 56101.1 56101.3 56101.2 56101.3 56101.1 56101.3 56101.2 56101.3
52248.7 55514.1 55514.3 55514.3 55514.3 55514.1 55514.3 55514.3 55514.3 55514.1 55514.3 55514.3 55514.3 55514.1 55514.3 55514.3 55514.3
51696.5 54927.4 54927.6 54927.6 54927.6 54927.4 54927.6 54927.6 54927.6 54927.4 54927.6 54927.6 54927.6 54927.4 54927.6 54927.6 54927.6
51144.6 54341 54341.3 54341.2 54341.3 54341 54341.3 54341.2 54341.3 54341 54341.3 54341.2 54341.3 54341 54341.3 54341.2 54341.3
50593 53754.9 53755.2 53755.1 53755.2 53754.9 53755.2 53755.1 53755.2 53754.9 53755.2 53755.1 53755.2 53754.9 53755.2 53755.1 53755.2
50041.7 53169.1 53169.4 53169.3 53169.4 53169.1 53169.4 53169.3 53169.4 53169.1 53169.4 53169.3 53169.4 53169.1 53169.4 53169.3 53169.4
49490.6 52583.6 52583.9 52583.8 52583.9 52583.6 52583.9 52583.8 52583.9 52583.6 52583.9 52583.8 52583.9 52583.6 52583.9 52583.8 52583.9
48939.9 51998.4 51998.7 51998.6 51998.7 51998.4 51998.7 51998.6 51998.7 51998.4 51998.7 51998.6 51998.7 51998.4 51998.7 51998.6 51998.7
48389.4 51413.5 51413.8 51413.7 51413.8 51413.5 51413.8 51413.7 51413.8 51413.5 51413.8 51413.7 51413.8 51413.5 51413.8 51413.7 51413.8
47839.1 50828.9 50829.2 50829.1 50829.2 50828.9 50829.2 50829.1 50829.2 50828.9 50829.2 50829.1 50829.2 50828.9 50829.2 50829.1 50829.2
47289.2 50244.6 50244.9 50244.8 50244.9 50244.6 50244.9 50244.8 50244.9 50244.6 50244.9 50244.8 50244.9 50244.6 50244.9 50244.8 50244.9
46739.6 49660.6 49660.9 49660.8 49660.9 49660.6 49660.9 49660.8 49660.9 49660.6 49660.9 49660.8 49660.9 49660.6 49660.9 49660.8 49660.9
46190.2 49076.9 49077.2 49077.1 49077.2 49076.9 49077.2 49077.1 49077.2 49076.9 49077.2 49077.1 49077.2 49076.9 49077.2 49077.1 49077.2
45641.1 48493.5 48493.8 48493.7 48493.8 48493.5 48493.8 48493.7 48493.8 48493.5 48493.8 48493.7 48493.8 48493.5 48493.8 48493.7 48493.8
45092.4 47910.5 47910.7 47910.6 47910.7 47910.5 47910.7 47910.6 47910.7 47910.5 47910.7 47910.6 47910.7 47910.5 47910.7 47910.6 47910.7
44543.9 47327.7 47327.9 47327.9 47327.9 47327.7 47327.9 47327.9 47327.9 47327.7 47327.9 47327.9 47327.9 47327.7 47327.9 47327.9 47327.9
43995.7 46745.3 46745.5 46745.4 46745.5 46745.3 46745.5 46745.4 46745.5 46745.3 46745.5 46745.4 46745.5 46745.3 46745.5 46745.4 46745.5
43447.8 46163.2 46163.4 46163.3 46163.4 46163.2 46163.4 46163.3 46163.4 46163.2 46163.4 46163.3 46163.4 46163.2 46163.4 46163.3 46163.4
42900.3 45581.4 45581.6 45581.6 45581.6 45581.4 45581.6 45581.6 45581.6 45581.4 45581.6 45581.6 45581.6 45581.4 45581.6 45581.6 45581.6
42353 44999.9 45000.2 45000.1 45000.2 44999.9 45000.2 45000.1 45000.2 44999.9 45000.2 45000.1 45000.2 44999.9 45000.2 45000.1 45000.2
41806.1 44418.8 44419.1 44419 44419.1 44418.8 44419.1 44419 44419.1 44418.8 44419.1 44419 44419.1 44418.8 44419.1 44419 44419.1
41259.5 43838.1 43838.3 43838.3 43838.3 43838.1 43838.3 43838.3 43838.3 43838.1 43838.3 43838.3 43838.3 43838.1 43838.3 43838.3 43838.3
40713.3 43257.7 43258 43257.9 43258 43257.7 43258 43257.9 43258 43257.7 43258 43257.9 43258 43257.7 43258 43257.9 43258
40167.4 42677.7 42677.9 42677.9 42677.9 42677.7 42677.9 42677.9 42677.9 42677.7 42677.9 42677.9 42677.9 42677.7 42677.9 42677.9 42677.9
39621.9 42098.1 42098.3 42098.3 42098.3 42098.1 42098.3 42098.3 42098.3 42098.1 42098.3 42098.3 42098.3 42098.1 42098.3 42098.3 42098.3
39076.7 41518.8 41519.1 41519 41519.1 41518.8 41519.1 41519 41519.1 41518.8 41519.1 41519 41519.1 41518.8 41519.1 41519 41519.1
38531.9 40940 40940.2 40940.2 40940.2 40940 40940.2 40940.2 40940.2 40940 40940.2 40940.2 40940.2 40940 40940.2 40940.2 40940.2
37987.5 40361.6 40361.8 40361.8 40361.8 40361.6 40361.8 40361.8 40361.8 40361.6 40361.8 40361.8 40361.8 40361.6 40361.8 40361.8 40361.8
37443.5 39783.6 39783.8 39783.8 39783.8 39783.6 39783.8 39783.8 39783.8 39783.6 39783.8 39783.8 39783.8 39783.6 39783.8 39783.8 39783.8
36900 39206 39206.3 39206.2 39206.3 39206 39206.3 39206.2 39206.3 39206 39206.3 39206.2 39206.3 39206 39206.3 39206.2 39206.3
36356.8 38628.9 38629.2 38629.2 38629.2 38628.9 38629.2 38629.2 38629.2 38628.9 38629.2 38629.2 38629.2 38628.9 38629.2 38629.2 38629.2
35814.1 38052.3 38052.6 38052.5 38052.6 38052.3 38052.6 38052.5 38052.6 38052.3 38052.6 38052.5 38052.6 38052.3 38052.6 38052.5 38052.6
35271.9 37476.2 37476.4 37476.4 37476.4 37476.2 37476.4 37476.4 37476.4 37476.2 37476.4 37476.4 37476.4 37476.2 37476.4 37476.4 37476.4
34730.1 36900.6 36900.8 36900.8 36900.8 36900.6 36900.8 36900.8 36900.8 36900.6 36900.8 36900.8 36900.8 36900.6 36900.8 36900.8 36900.8
34188.9 36325.5 36325.7 36325.7 36325.7 36325.5 36325.7 36325.7 36325.7 36325.5 36325.7 36325.7 36325.7 36325.5 36325.7 36325.7 36325.7
33648.1 35750.9 35751.2 35751.1 35751.2 35750.9 35751.2 35751.1 35751.2 35750.9 35751.2 35751.1 35751.2 35750.9 35751.2 35751.1 35751.2
33107.9 35176.9 35177.2 35177.1 35177.2 35176.9 35177.2 35177.1 35177.2 35176.9 35177.2 35177.1 35177.2 35176.9 35177.2 35177.1 35177.2
32568.2 34603.5 34603.8 34603.7 34603.7 34603.5 34603.8 34603.8 34603.8 34603.5 34603.7 34603.7 34603.8 34603.5 34603.7 34603.7 34603.8
32029 34030.7 34030.9 34030.9 34030.9 34030.7 34030.9 34030.9 34030.9 34030.7 34030.9 34030.9 34030.9 34030.7 34030.9 34030.9 34030.9
31490.5 33458.4 33458.7 33458.7 33458.7 33458.4 33458.7 33458.7 33458.7 33458.4 33458.7 33458.7 33458.7 33458.4 33458.7 33458.7 33458.7
30952.5 32886.8 32887.1 32887.1 32887.1 32886.8 32887.1 32887.1 32887.1 32886.8 32887.1 32887.1 32887.1 32886.8 32887.1 32887.1 32887.1
30415.2 32315.9 32316.2 32316.2 32316.2 32315.9 32316.2 32316.2 32316.2 32315.9 32316.2 32316.2 32316.2 32315.9 32316.2 32316.2 32316.2
29878.4 31745.6 31745.9 31745.9 31745.9 31745.6 31745.9 31745.9 31745.9 31745.6 31745.9 31745.9 31745.9 31745.6 31745.9 31745.9 31745.9
29342.4 31176 31176.3 31176.3 31176.3 31176 31176.3 31176.3 31176.3 31176 31176.3 31176.3 31176.3 31176 31176.3 31176.3 31176.3
28807 30607.2 30607.5 30607.5 30607.5 30607.2 30607.5 30607.5 30607.5 30607.2 30607.5 30607.5 30607.5 30607.2 30607.5 30607.5 30607.5
28272.3 30039 30039.3 30039.4 30039.3 30039 30039.3 30039.4 30039.3 30039 30039.3 30039.4 30039.3 30039 30039.3 30039.4 30039.3
27738.3 29471.7 29472 29472 29472 29471.7 29472 29472 29472 29471.7 29472 29472 29472 29471.7 29472 29472 29472
27205.1 28905.1 28905.4 28905.5 28905.4 28905.1 28905.4 28905.5 28905.4 28905.1 28905.4 28905.5 28905.4 28905.1 28905.4 28905.5 28905.4
26672.6 28339.4 28339.7 28339.8 28339.7 28339.4 28339.7 28339.8 28339.7 28339.4 28339.7 28339.8 28339.7 28339.4 28339.7 28339.8 28339.7
26141 27774.5 27774.9 27774.9 27774.9 27774.5 27774.9 27774.9 27774.9 27774.5 27774.9 27774.9 27774.9 27774.5 27774.9 27774.9 27774.9
25610.1 27210.5 27210.9 27210.9 27210.9 27210.5 27210.9 27210.9 27210.9 27210.5 27210.9 27210.9 27210.9 27210.5 27210.9 27210.9 27210.9
25080.2 26647.4 26647.8 26647.8 26647.8 26647.4 26647.8 26647.8 26647.8 26647.4 26647.8 26647.8 26647.8 26647.4 26647.8 26647.8 26647.8
24551.1 26085.2 26085.6 26085.7 26085.6 26085.2 26085.6 26085.7 26085.6 26085.2 26085.6 26085.7 26085.6 26085.2 26085.6 26085.7 26085.6
24022.8 25523.9 25524.3 25524.4 25524.3 25523.9 25524.3 25524.4 25524.3 25523.9 25524.3 25524.4 25524.3 25523.9 25524.3 25524.4 25524.3
23495.5 24963.6 24964 24964.1 24964 24963.6 24964 24964.1 24964 24963.6 24964 24964.1 24964 24963.6 24964 24964.1 24964
22969 24404.2 24404.6 24404.8 24404.6 24404.2 24404.6 24404.8 24404.6 24404.2 24404.6 24404.8 24404.6 24404.2 24404.6 24404.8 24404.6
22443.4 23845.7 23846.2 23846.4 23846.2 23845.7 23846.2 23846.4 23846.2 23845.7 23846.2 23846.4 23846.2 23845.7 23846.2 23846.4 23846.2
21918.8 23288.2 23288.8 23289 23288.8 23288.2 23288.8 23289 23288.8 23288.2 23288.8 23289 23288.8 23288.2 23288.8 23289 23288.8
21395.1 22731.7 22732.3 22732.6 22732.3 22731.7 22732.3 22732.6 22732.3 22731.7 22732.3 22732.6 22732.3 22731.7 22732.3 22732.7 22732.3
20872.2 22176.1 22176.8 22177.3 22176.8 22176.1 22176.8 22177.3 22176.8 22176.1 22176.8 22177.3 22176.8 22176.1 22176.8 22177.3 22176.8
20350.3 21621.4 21622.3 21622.9 21622.3 21621.4 21622.3 21622.9 21622.3 21621.4 21622.3 21622.9 21622.3 21621.4 21622.3 21622.9 21622.3
19829.3 21067.4 21068.7 21069.7 21068.7 21067.4 21068.7 21069.7 21068.7 21067.4 21068.7 21069.7 21068.7 21067.4 21068.7 21069.7 21068.7
19309.2 20513.9 20516.1 20517.9 20516.1 20513.9 20516.1 20517.9 20516.1 20513.9 20516.1 20517.9 20516.1 20513.9 20516.1 20517.9 20516.1
18789.9 19949.5 19964.4 19979 19964.3 19949.5 19964.4 19979 19964.3 19949.5 19964.4 19979 19964.3 19949.5 19964.4 19979 19964.3
18271.5 19407.1 19413.4 19419.9 19413.8 19406.7 19413.6 19420.1 19413.5 19406.9 19413.8 19419.8 19413.4 19407.1 19413.6 19419.8 19413.6
17753.9 18865.1 18863.6 18861.9 18863.7 18865 18863.7 18861.9 18863.6 18865 18863.7 18861.9 18863.6 18865.1 18863.7 18861.9 18863.7
17237.1 18325.5 18314.7 18302.6 18314.8 18325.4 18314.8 18302.6 18314.8 18325.5 18314.8 18302.6 18314.7 18325.5 18314.8 18302.6 18314.8
16721 17779.7 17766.4 17751.8 17766.5 17779.6 17766.4 17751.8 17766.4 17779.6 17766.5 17751.8 17766.4 17779.7 17766.4 17751.7 17766.4
16205.3 17235.8 17218.5 17199.8 17218.6 17235.7 17218.6 17199.9 17218.5 17235.8 17218.6 17199.8 17218.5 17235.8 17218.5 17199.8 17218.6
15690.1 16695.7 16671 16645 16671.1 16695.6 16671.1 16645.1 16671.1 16695.6 16671.1 16645 16671.1 16695.7 16671.1 16645 16671.1
15175.2 16167 16124 16079.6 16124.1 16166.9 16124 16079.6 16124 16166.9 16124.1 16079.6 16124 16167 16124 16079.6 16124
14659.9 15722.3 15580.8 15420.3 15581 15722.3 15580.9 15420.3 15580.9 15722.3 15580.9 15420.3 15580.9 15722.3 15580.9 15420.3 15580.9
14143.4 15226 15046.3 14819.8 15017.3 15225.9 15046.4 14819.9 15017.2 15225.9 15046.4 14819.8 15017.2 15226 15046.4 14819.8 15017.2
13626.8 14733.4 14510 14213.9 14456.6 14733.3 14510.1 14214 14456.5 14733.3 14510.1 14213.9 14456.5 14733.4 14510.1 14213.9 14456.5
13110.1 14260.2 13975.8 13587.4 13894.6 14260.1 13975.9 13587.5 13894.6 14260.1 13975.9 13587.4 13894.6 14260.2 13975.8 13587.4 13894.6
12593.4 13804.3 13444.1 12942.6 13330.9 13804.2 13444.2 12942.6 13330.8 13804.2 13444.3 12942.6 13330.8 13804.3 13444.2 12942.6 13330.8
12077.1 13377.1 12897 12264.3 12789.3 13377 12897 12264.3 12789.3 13377 12897.1 12264.3 12789.2 13377.1 12897 12264.3 12789.3
11561 12961.3 12334.2 11565.6 12273.2 12961.2 12334.2 11565.6 12273.1 12961.2 12334.3 11565.5 12273.1 12961.3 12334.2 11565.5 12273.1
11044.3 12549.3 11761 10858.9 11769.3 12549.2 11761 10859 11769.2 12549.2 11761.1 10858.9 11769.2 12549.3 11761 10858.9 11769.2
10527.3 12140.1 11181.9 10148.5 11270.6 12140 11182 10148.6 11270.6 12140.1 11182 10148.5 11270.5 12140.1 11182 10148.5 11270.6
10009.8 11733 10596.6 9435.26 10777 11732.9 10596.6 9435.29 10777 11732.9 10596.7 9435.25 10777 11733 10596.6 9435.23 10777
9491.9 11327.4 9998.34 8721.08 10294 11326.6 9999.37 8721.1 10293 11327.3 10000.2 8719.28 10292.9 11328.8 9999.37 8719.65 10294.3
8972.95 10923.1 9409.29 8002.43 9800.24 10923 9409.45 8002.45 9800.09 10923 9409.51 8002.4 9800.1 10923.1 9409.37 8002.38 9800.24
8453.28 10519.1 8804.69 7284.32 9318.33 10519 8804.83 7284.34 9318.18 10519 8804.9 7284.29 9318.19 10519.1 8804.76 7284.27 9318.33
7932.48 10115.5 8194.64 6564.88 8838.03 10115.4 8194.78 6564.91 8837.88 10115.4 8194.85 6564.86 8837.89 10115.5 8194.72 6564.83 8838.02
7410.27 9712.12 7579.75 5844.14 8357.67 9712.01 7579.89 5844.17 8357.52 9712.05 7579.96 5844.11 8357.53 9712.14 7579.83 5844.09 8357.66
6886.24 9308.7 6960.17 5122.16 7875.51 9308.59 6960.3 5122.19 7875.37 9308.64 6960.37 5122.13 7875.37 9308.73 6960.24 5122.1 7875.5
6359.6 8904.32 6336.03 4398.46 7389.51 8904.22 6336.16 4398.48 7389.37 8904.26 6336.22 4398.42 7389.37 8904.35 6336.1 4398.4 7389.5
5828.84 8497.91 5707.39 3671.87 6895.44 8497.8 5707.52 3671.9 6895.3 8497.85 5707.59 3671.83 6895.3 8497.94 5707.47 3671.81 6895.43
5290.38 8086.17 5074.07 2935.7 6388.21 8086.06 5074.19 2935.73 6388.08 8086.1 5074.26 2935.66 6388.08 8086.2 5074.14 2935.63 6388.2
4700.43 7631.14 4374.19 2145.75 5825.81 7631.03 4374.3 2145.77 5825.69 7631.08 4374.37 2145.68 5825.67 7631.18 4374.28 2145.67 5825.78
4044.61 7016.03 3622.63 1378.71 5172.2 7015.97 3622.77 1378.72 5172.04 7015.98 3622.87 1378.7 5172.04 7016.04 3622.74 1378.69 5172.18
3297.08 6249.77 2805.28 557.033 4400.5 6249.71 2805.42 557.033 4400.34 6249.73 2805.52 557.016 4400.34 6249.77 2805.38 557.008 4400.49
2490.19 5399.02 1941.86 -305.684 3548.13 5398.96 1941.99 -305.688 3547.97 5398.98 1942.1 -305.698 3547.97 5399.02 1941.96 -305.715 3548.12
