-0.000166667 6.66667
-0.000333333 13.3333
-0.000499999 19.9999
-0.000666663 26.6663
-0.000833323 33.3323
-0.000999973 39.9973
-0.00116661 46.6609
-0.00133322 53.3221
-0.0014998 59.9798
-0.00166632 66.6325
-0.00183278 73.2783
-0.00199915 79.9151
-0.0021654 86.5403
-0.00233151 93.1507
-0.00249743 99.7429
-0.00266313 106.313
-0.00282857 112.857
-0.00299369 119.369
-0.00315845 125.845
-0.00332279 132.279
-0.00348665 138.665
-0.00364998 144.998
-0.00381271 151.271
-0.00397478 157.478
-0.00413613 163.613
-0.00429671 169.671
-0.00445646 175.646
-0.00461533 181.533
-0.00477326 187.326
-0.00493022 193.022
-0.00508617 198.617
-0.00524108 204.108
-0.00539492 209.492
-0.00554768 214.768
-0.00569933 219.933
-0.00584987 224.987
-0.00599931 229.931
-0.00614763 234.763
-0.00629485 239.485
-0.00644099 244.099
-0.00658604 248.604
-0.00673004 253.004
-0.00687299 257.299
-0.00701493 261.493
-0.00715588 265.588
-0.00729586 269.586
-0.00743489 273.489
-0.00757301 277.301
-0.00771023 281.023
-0.00784659 284.659
-0.00767993 277.993
-0.00751326 271.326
-0.00734659 264.659
-0.00717993 257.993
-0.00701326 251.326
-0.00684659 244.659
-0.00667993 237.993
-0.00651326 231.326
-0.00634659 224.659
-0.00617993 217.993
-0.00601326 211.326
-0.00584659 204.659
-0.00567993 197.993
-0.00551326 191.326
-0.00534659 184.659
-0.00517993 177.993
-0.00501326 171.326
-0.00484659 164.659
-0.00467993 157.993
-0.00451326 151.326
-0.00434659 144.659
-0.00417993 137.993
-0.00401326 131.326
-0.00384659 124.659
-0.00367993 117.993
-0.00351326 111.326
-0.00334659 104.659
-0.00317993 97.9927
-0.00301326 91.3261
-0.00284659 84.6594
-0.00267993 77.9927
-0.00251326 71.3261
-0.00234659 64.6594
-0.00217993 57.9927
-0.00201326 51.3261
-0.00184659 44.6594
-0.00167993 37.9927
-0.00151326 31.3261
-0.00134659 24.6594
-0.00117993 17.9927
-0.00101326 11.3261
-0.000846594 4.6594
-0.000679927 -2.00726
-0.000513261 -8.67393
-0.000346594 -15.3406
-0.000179928 -22.0072
-1.32642e-05 -28.6736
0.000153395 -35.3395
0.000320046 -42.0046
0.000486682 -48.6682
0.000653294 -55.3294
0.00081987 -61.987
0.000986397 -68.6397
0.00115286 -75.2856
0.00131922 -81.9224
0.00148548 -88.5475
0.00165158 -95.158
0.0018175 -101.75
0.0019832 -108.32
0.00214864 -114.864
0.00231376 -121.376
0.00247852 -127.852
0.00264286 -134.286
0.00280672 -140.672
0.00297005 -147.005
0.00313278 -153.278
0.00329485 -159.485
0.00345621 -165.621
0.00361679 -171.679
0.00377654 -177.654
0.0039354 -183.54
0.00409334 -189.334
0.0042503 -195.03
0.00440625 -200.625
0.00456115 -206.115
0.004715 -211.5
0.00486775 -216.775
0.0050194 -221.94
0.00516995 -226.995
0.00531938 -231.938
0.0054677 -236.77
0.00561493 -241.493
0.00576106 -246.106
0.00590611 -250.611
0.00605011 -255.011
0.00619307 -259.307
0.00633501 -263.501
0.00647595 -267.595
0.00661593 -271.593
0.00675496 -275.496
0.00689308 -279.308
0.0070303 -283.03
0.00716667 -286.667
0.00730219 -290.219
0.00743691 -293.691
0.00757084 -297.084
0.00770402 -300.402
0.00783646 -303.646
0.00796819 -306.819
0.00809924 -309.924
0.00793257 -303.257
0.00776591 -296.591
0.00759924 -289.924
0.00743257 -283.257
0.00726591 -276.591
0.00709924 -269.924
0.00693257 -263.257
0.00676591 -256.591
0.00659924 -249.924
0.00643257 -243.257
0.00626591 -236.591
0.00609924 -229.924
0.00593257 -223.257
0.00576591 -216.591
0.00559924 -209.924
0.00543257 -203.257
0.00526591 -196.591
0.00509924 -189.924
0.00493257 -183.257
0.00476591 -176.591
0.00459924 -169.924
0.00443257 -163.257
0.00426591 -156.591
0.00409924 -149.924
0.00393257 -143.257
0.00376591 -136.591
0.00359924 -129.924
0.00343257 -123.257
0.00326591 -116.591
0.00309924 -109.924
0.00293257 -103.257
0.00276591 -96.5906
0.00259924 -89.9239
0.00243257 -83.2573
0.00226591 -76.5906
0.00209924 -69.9239
0.00193257 -63.2573
0.00176591 -56.5906
0.00159924 -49.9239
0.00143257 -43.2573
0.00126591 -36.5906
0.00109924 -29.9239
0.000932573 -23.2573
0.000765906 -16.5906
0.000599239 -9.92394
0.000432573 -3.25727
0.000265906 3.40939
9.92394e-05 10.0761
-6.74272e-05 16.7427
-0.000234093 23.4093
-0.000400757 30.0757
-0.000567417 36.7417
-0.000734067 43.4067
-0.000900703 50.0703
-0.00106732 56.7315
-0.00123389 63.3892
-0.00140042 70.0419
-0.00156688 76.6877
-0.00173325 83.3245
-0.0018995 89.9497
-0.0020656 96.5601
-0.00223152 103.152
-0.00239722 109.722
-0.00256266 116.266
-0.00272778 122.778
-0.00289254 129.254
-0.00305688 135.688
-0.00322074 142.074
-0.00338407 148.407
-0.0035468 154.68
-0.00370887 160.887
-0.00387023 167.023
-0.00403081 173.081
-0.00419056 179.056
-0.00434942 184.942
-0.00450736 190.736
-0.00466432 196.432
-0.00482027 202.027
-0.00497518 207.518
-0.00512902 212.902
-0.00528177 218.177
-0.00543342 223.342
-0.00558397 228.397
-0.0057334 233.34
-0.00588172 238.172
-0.00602895 242.895
-0.00617508 247.508
-0.00632014 252.014
-0.00646413 256.413
-0.00660709 260.709
-0.00674903 264.903
-0.00688997 268.997
-0.00702995 272.995
-0.00716898 276.898
-0.0073071 280.71
-0.00744433 284.433
-0.00758069 288.069
-0.00771621 291.621
-0.00785093 295.093
-0.00798486 298.486
-0.00811804 301.804
-0.00825048 305.048
-0.00838221 308.221
-0.00851326 311.326
-0.00864365 314.365
-0.0087734 317.34
-0.00890253 320.253
-0.00903107 323.107
-0.00915903 325.903
-0.00928644 328.644
-0.00941331 331.331
-0.00953966 333.966
-0.00966551 336.551
-0.00979087 339.087
-0.00991576 341.576
-0.0100402 344.021
-0.0101642 346.421
-0.0102878 348.779
-0.010411 351.095
-0.0105337 353.372
-0.0106561 355.611
-0.0107781 357.812
-0.0108998 359.977
-0.0110211 362.107
-0.011142 364.203
-0.0112627 366.266
-0.011383 368.296
-0.011503 370.296
-0.0116227 372.266
-0.0117421 374.206
-0.0118612 376.118
-0.01198 378.002
-0.0120986 379.86
-0.0122169 381.691
-0.012335 383.497
-0.0124528 385.278
-0.0125703 387.035
-0.0126877 388.768
-0.0128048 390.479
-0.0129217 392.168
-0.0130383 393.834
-0.0131548 395.48
-0.0132711 397.105
-0.0133871 398.71
-0.013503 400.295
-0.0136186 401.862
-0.0137341 403.409
-0.0138494 404.939
-0.0139645 406.45
-0.0140794 407.945
-0.0141942 409.422
-0.0143088 410.883
-0.0144233 412.327
-0.0145376 413.756
-0.0146517 415.169
-0.0147657 416.567
-0.0148795 417.951
-0.0149932 419.319
-0.0151067 420.674
-0.0152201 422.015
-0.0153334 423.342
-0.0154466 424.655
-0.0155596 425.956
-0.0156724 427.244
-0.0157852 428.52
-0.0158978 429.783
-0.0160103 431.034
-0.0161227 432.273
-0.016235 433.501
-0.0163472 434.717
-0.0164592 435.923
-0.0165712 437.117
-0.016683 438.301
-0.0167947 439.474
-0.0169064 440.637
-0.0170179 441.789
-0.0171293 442.932
-0.0172406 444.065
-0.0173519 445.188
-0.017463 446.302
-0.0175741 447.407
-0.017685 448.502
-0.0177959 449.589
-0.0179067 450.667
-0.0180174 451.736
-0.018128 452.797
-0.0182385 453.849
-0.0183489 454.893
-0.0184593 455.929
-0.0185696 456.957
-0.0186798 457.977
-0.0187899 458.99
-0.0188999 459.995
-0.0190099 460.992
-0.0191198 461.982
-0.0192297 462.965
-0.0193394 463.941
-0.0194491 464.91
-0.0195587 465.872
-0.0196683 466.827
-0.0195016 460.16
-0.0193349 453.493
-0.0191683 446.827
-0.0190016 440.16
-0.0188349 433.493
-0.0186683 426.827
-0.0185016 420.16
-0.0183349 413.493
-0.0181683 406.827
-0.0180016 400.16
-0.0178349 393.493
-0.0176683 386.827
-0.0175016 380.16
-0.0173349 373.493
-0.0171683 366.827
-0.0170016 360.16
-0.0168349 353.493
-0.0166683 346.827
-0.0165016 340.16
-0.0163349 333.493
-0.0161683 326.827
-0.0160016 320.16
-0.0158349 313.493
-0.0156683 306.827
-0.0155016 300.16
-0.0153349 293.493
-0.0151683 286.827
-0.0150016 280.16
-0.0148349 273.493
-0.0146683 266.827
-0.0145016 260.16
-0.0143349 253.493
-0.0141683 246.827
-0.0140016 240.16
-0.0138349 233.493
-0.0136683 226.827
-0.0135016 220.16
-0.0133349 213.493
-0.0131683 206.827
-0.0130016 200.16
-0.0128349 193.493
-0.0126683 186.827
-0.0125016 180.16
-0.0123349 173.493
-0.0121683 166.827
-0.0120016 160.16
-0.0118349 153.493
-0.0116683 146.827
-0.0115016 140.16
-0.0113349 133.493
-0.0111683 126.827
-0.0110016 120.16
-0.0108349 113.493
-0.0106683 106.827
-0.0105016 100.16
-0.0103349 93.4933
-0.0101683 86.8266
-0.0100016 80.16
-0.00983493 73.4933
-0.00966827 66.8266
-0.0095016 60.16
-0.00933493 53.4933
-0.00916827 46.8266
-0.0090016 40.16
-0.00883493 33.4933
-0.00866827 26.8266
-0.0085016 20.16
-0.00833493 13.4933
-0.00816827 6.82664
-0.0080016 0.159975
-0.00783493 -6.50669
-0.00766827 -13.1734
-0.0075016 -19.84
-0.00733493 -26.5066
-0.00716827 -33.173
-0.00700161 -39.839
-0.00683496 -46.504
-0.00666832 -53.1676
-0.00650171 -59.8288
-0.00633514 -66.4865
-0.00616861 -73.1392
-0.00600215 -79.785
-0.00583578 -86.4218
-0.00566953 -93.047
-0.00550343 -99.6574
-0.0053375 -106.25
-0.0051718 -112.82
-0.00500637 -119.363
-0.00484124 -125.876
-0.00467649 -132.351
-0.00451215 -138.785
-0.00434828 -145.172
-0.00418496 -151.504
-0.00402223 -157.777
-0.00386015 -163.985
-0.0036988 -170.12
-0.00353822 -176.178
-0.00337847 -182.153
-0.0032196 -188.039
-0.00306167 -193.833
-0.00290471 -199.529
-0.00274876 -205.124
-0.00259385 -210.615
-0.00244001 -215.999
-0.00228726 -221.274
-0.0021356 -226.44
-0.00198506 -231.494
-0.00183563 -236.437
-0.0016873 -241.27
-0.00154008 -245.992
-0.00139395 -250.605
-0.00124889 -255.111
-0.0011049 -259.51
-0.000961939 -263.806
-0.000819999 -268
-0.000679054 -272.095
-0.000539077 -276.092
-0.000400044 -279.996
-0.000261928 -283.807
-0.000124702 -287.53
1.16609e-05 -291.166
0.000147187 -294.719
0.000281903 -298.19
0.000415835 -301.584
0.00054901 -304.901
0.000681451 -308.145
0.000813184 -311.318
0.000944234 -314.423
0.00107462 -317.462
0.00120437 -320.437
0.0013335 -323.35
0.00146204 -326.204
0.00159 -329
0.00171741 -331.741
0.00184428 -334.428
0.00197063 -337.063
0.00209648 -339.648
0.00222184 -342.184
0.00234674 -344.674
0.00247118 -347.118
0.00259518 -349.518
0.00271876 -351.876
0.00284193 -354.193
0.0029647 -356.47
0.00308708 -358.708
0.00320909 -360.909
0.00333074 -363.074
0.00345204 -365.204
0.003573 -367.3
0.00369363 -369.363
0.00381394 -371.394
0.00393394 -373.394
0.00405363 -375.363
0.00417304 -377.304
0.00429216 -379.216
0.004411 -381.1
0.00452957 -382.957
0.00464788 -384.788
0.00476594 -386.594
0.00488375 -388.375
0.00500132 -390.132
0.00511866 -391.866
0.00523576 -393.576
0.00535265 -395.265
0.00546932 -396.932
0.00558577 -398.577
0.00570202 -400.202
0.00581807 -401.807
0.00593393 -403.393
0.00604959 -404.959
0.00616507 -406.507
0.00628036 -408.036
0.00639548 -409.548
0.00651042 -411.042
0.00662519 -412.519
0.0067398 -413.98
0.00685425 -415.425
0.00696853 -416.853
0.00708267 -418.267
0.00719665 -419.665
0.00731048 -421.048
0.00742417 -422.417
0.00753771 -423.771
0.00765112 -425.112
0.00776439 -426.439
0.00787753 -427.753
0.00799053 -429.053
0.00810341 -430.341
0.00821617 -431.617
0.0083288 -432.88
0.00844131 -434.131
0.0085537 -435.37
0.00866598 -436.598
0.00877815 -437.815
0.0088902 -439.02
0.00900214 -440.214
0.00911398 -441.398
0.00922571 -442.571
0.00933734 -443.734
0.00944886 -444.886
0.00956029 -446.029
0.00967162 -447.162
0.00978286 -448.286
0.00989399 -449.399
0.010005 -450.504
0.010116 -451.6
0.0102269 -452.686
0.0103376 -453.764
0.0104483 -454.833
0.0105589 -455.894
0.0106695 -456.946
0.0107799 -457.99
0.0108903 -459.026
0.0110005 -460.054
0.0111107 -461.075
0.0112209 -462.087
0.0113309 -463.092
0.0114409 -464.09
0.0115508 -465.08
0.0116606 -466.063
0.0117704 -467.038
0.0118801 -468.007
0.0119897 -468.969
0.0120992 -469.924
0.0122087 -470.872
0.0123181 -471.814
0.0124275 -472.749
0.0125368 -473.678
0.012646 -474.601
0.0127552 -475.517
0.0128643 -476.427
0.0129733 -477.331
0.0130823 -478.229
0.0131912 -479.121
0.0133001 -480.008
0.0134089 -480.889
0.0135176 -481.764
0.0136263 -482.633
0.013735 -483.497
0.0138436 -484.356
0.0139521 -485.209
0.0140606 -486.057
0.014169 -486.9
0.0142774 -487.737
0.0143857 -488.57
0.014494 -489.398
0.0146022 -490.22
0.0147104 -491.038
0.0148185 -491.851
0.0149266 -492.659
0.0150346 -493.462
0.0151426 -494.261
0.0152506 -495.056
0.0153585 -495.845
0.0154663 -496.631
0.0155741 -497.411
0.0156819 -498.188
0.0157896 -498.96
0.0158973 -499.728
0.0160049 -500.492
0.0161125 -501.251
0.0162201 -502.007
0.0163276 -502.758
0.0164351 -503.505
0.0165425 -504.249
0.0166499 -504.988
0.0167572 -505.724
0.0168646 -506.455
0.0169718 -507.183
0.0170791 -507.907
0.0171863 -508.628
0.0172934 -509.345
0.0174006 -510.058
0.0175077 -510.767
0.0176147 -511.474
0.0177218 -512.176
0.0178288 -512.875
0.0179357 -513.571
0.0180426 -514.263
0.0181495 -514.952
0.0182564 -515.637
0.0183632 -516.319
0.01847 -516.998
0.0185767 -517.674
0.0186835 -518.346
0.0187902 -519.016
0.0188968 -519.682
0.0190035 -520.345
0.0191101 -521.005
0.0192166 -521.662
0.0193232 -522.316
0.0194297 -522.967
0.0195362 -523.615
0.0196426 -524.26
0.019749 -524.903
0.0198554 -525.542
0.0199618 -526.179
0.0200681 -526.812
0.0201744 -527.443
0.0202807 -528.071
0.020114 -521.405
0.0199474 -514.738
0.0197807 -508.071
0.019614 -501.405
0.0194474 -494.738
0.0192807 -488.071
0.019114 -481.405
0.0189474 -474.738
0.0187807 -468.071
0.018614 -461.405
0.0184474 -454.738
0.0182807 -448.071
0.018114 -441.405
0.0179474 -434.738
0.0177807 -428.071
0.017614 -421.405
0.0174474 -414.738
0.0172807 -408.071
0.017114 -401.405
0.0169474 -394.738
0.0167807 -388.071
0.016614 -381.405
0.0164474 -374.738
0.0162807 -368.071
0.016114 -361.405
0.0159474 -354.738
0.0157807 -348.071
0.015614 -341.405
0.0154474 -334.738
0.0152807 -328.071
0.015114 -321.405
0.0149474 -314.738
0.0147807 -308.071
0.014614 -301.405
0.0144474 -294.738
0.0142807 -288.071
0.014114 -281.405
0.0139474 -274.738
0.0137807 -268.071
0.013614 -261.405
0.0134474 -254.738
0.0132807 -248.071
0.013114 -241.405
0.0129474 -234.738
0.0127807 -228.071
0.012614 -221.405
0.0124474 -214.738
0.0122807 -208.071
0.012114 -201.405
0.0119474 -194.738
0.0117807 -188.071
0.011614 -181.405
0.0114474 -174.738
0.0112807 -168.071
0.011114 -161.405
0.0109474 -154.738
0.0107807 -148.071
0.010614 -141.405
0.0104474 -134.738
0.0102807 -128.071
0.010114 -121.405
0.00994738 -114.738
0.00978071 -108.071
0.00961405 -101.405
0.00944738 -94.7381
0.00928071 -88.0715
0.00911405 -81.4048
0.00894738 -74.7381
0.00878071 -68.0715
0.00861405 -61.4048
0.00844738 -54.7381
0.00828071 -48.0715
0.00811405 -41.4048
0.00794738 -34.7381
0.00778071 -28.0715
0.00761405 -21.4048
0.00744738 -14.7381
0.00728071 -8.07148
0.00711405 -1.40481
0.00694738 5.26186
0.00678071 11.9285
0.00661405 18.5952
0.00644738 25.2618
0.00628072 31.9282
0.00611406 38.5941
0.00594741 45.2592
0.00578077 51.9228
0.00561416 58.584
0.00544758 65.2416
0.00528106 71.8943
0.0051146 78.5402
0.00494823 85.177
0.00478198 91.8021
0.00461587 98.4125
0.00444995 105.005
0.00428425 111.575
0.00411882 118.118
0.00395369 124.631
0.00378893 131.107
0.00362459 137.541
0.00346073 143.927
0.00329741 150.259
0.00313468 156.532
0.0029726 162.74
0.00281125 168.875
0.00265067 174.933
0.00249092 180.908
0.00233205 186.795
0.00217412 192.588
0.00201716 198.284
0.00186121 203.879
0.0017063 209.37
0.00155246 214.754
0.00139971 220.029
0.00124805 225.195
0.00109751 230.249
0.000948075 235.192
0.000799751 240.025
0.000652528 244.747
0.000506396 249.36
0.00036134 253.866
0.000217344 258.266
7.4387e-05 262.561
-6.75525e-05 266.755
-0.000208498 270.85
-0.000348475 274.847
-0.000487508 278.751
-0.000625624 282.562
-0.00076285 286.285
-0.000899213 289.921
-0.00103474 293.474
-0.00116945 296.945
-0.00130339 300.339
-0.00143656 303.656
-0.001569 306.9
-0.00170074 310.074
-0.00183179 313.179
-0.00196217 316.217
-0.00209192 319.192
-0.00222106 322.106
-0.00234959 324.959
-0.00247756 327.756
-0.00260496 330.496
-0.00273183 333.183
-0.00285818 335.818
-0.00298403 338.403
-0.00310939 340.939
-0.00323429 343.429
-0.00335873 345.873
-0.00348273 348.273
-0.00360631 350.631
-0.00372948 352.948
-0.00385225 355.225
-0.00397463 357.463
-0.00409664 359.664
-0.00421829 361.829
-0.00433959 363.959
-0.00446055 366.055
-0.00458118 368.118
-0.00470149 370.149
-0.00482149 372.149
-0.00494118 374.118
-0.00506059 376.059
-0.00517971 377.971
-0.00529855 379.855
-0.00541712 381.712
-0.00553544 383.544
-0.00565349 385.349
-0.0057713 387.13
-0.00588887 388.887
-0.00600621 390.621
-0.00612332 392.332
-0.0062402 394.02
-0.00635687 395.687
-0.00647332 397.332
-0.00658958 398.958
-0.00670563 400.563
-0.00682148 402.148
-0.00693714 403.714
-0.00705262 405.262
-0.00716791 406.791
-0.00728303 408.303
-0.00739797 409.797
-0.00751275 411.275
-0.00762735 412.735
-0.0077418 414.18
-0.00785609 415.609
-0.00797022 417.022
-0.0080842 418.42
-0.00819803 419.803
-0.00831172 421.172
-0.00842526 422.526
-0.00853867 423.867
-0.00865194 425.194
-0.00876508 426.508
-0.00887809 427.809
-0.00899097 429.097
-0.00910372 430.372
-0.00921635 431.635
-0.00932886 432.886
-0.00944126 434.126
-0.00955353 435.353
-0.0096657 436.57
-0.00977775 437.775
-0.00988969 438.969
-0.0100015 440.153
-0.0101133 441.326
-0.0102249 442.489
-0.0103364 443.642
-0.0104478 444.784
-0.0105592 445.917
-0.0106704 447.041
-0.0107815 448.155
-0.0108926 449.259
-0.0110035 450.355
-0.0111144 451.441
-0.0112252 452.519
-0.0113359 453.588
-0.0114465 454.649
-0.011557 455.701
-0.0116675 456.746
-0.0117778 457.782
-0.0118881 458.81
-0.0119983 459.83
-0.0121084 460.842
-0.0122185 461.847
-0.0123284 462.845
-0.0124383 463.835
-0.0125482 464.818
-0.0126579 465.793
-0.0127676 466.762
-0.0128772 467.724
-0.0129868 468.679
-0.0130963 469.627
-0.0132057 470.569
-0.013315 471.504
-0.0134243 472.433
-0.0135336 473.356
-0.0136427 474.272
-0.0137518 475.182
-0.0138609 476.086
-0.0139698 476.984
-0.0140788 477.877
-0.0141876 478.763
-0.0142964 479.644
-0.0144052 480.519
-0.0145139 481.388
-0.0146225 482.252
-0.0147311 483.111
-0.0148396 483.964
-0.0149481 484.812
-0.0150565 485.655
-0.0151649 486.493
-0.0152733 487.325
-0.0153815 488.153
-0.0154898 488.975
-0.0155979 489.793
-0.0157061 490.606
-0.0158141 491.414
-0.0159222 492.218
-0.0160302 493.016
-0.0161381 493.811
-0.016246 494.6
-0.0163539 495.386
-0.0164617 496.167
-0.0165694 496.943
-0.0166772 497.715
-0.0167848 498.483
-0.0168925 499.247
-0.0170001 500.006
-0.0171076 500.762
-0.0172151 501.513
-0.0173226 502.26
-0.01743 503.004
-0.0175374 503.743
-0.0176448 504.479
-0.0177521 505.211
-0.0178594 505.938
-0.0179666 506.663
-0.0180738 507.383
-0.018181 508.1
-0.0182881 508.813
-0.0183952 509.523
-0.0185023 510.229
-0.0186093 510.931
-0.0187163 511.63
-0.0188233 512.326
-0.0189302 513.018
-0.0190371 513.707
-0.0191439 514.392
-0.0192507 515.074
-0.0193575 515.753
-0.0194643 516.429
-0.019571 517.102
-0.0196777 517.771
-0.0197844 518.437
-0.019891 519.1
-0.0199976 519.76
-0.0201042 520.417
-0.0202107 521.071
-0.0203172 521.722
-0.0204237 522.37
-0.0205302 523.016
-0.0206366 523.658
-0.020743 524.297
-0.0208493 524.934
-0.0209557 525.567
-0.021062 526.198
-0.0211683 526.827
-0.0212745 527.452
-0.0213807 528.075
-0.0214869 528.695
-0.0215931 529.312
-0.0216993 529.927
-0.0218054 530.539
-0.0219115 531.149
-0.0220176 531.756
-0.0221236 532.361
-0.0222296 532.963
-0.0223356 533.562
-0.0224416 534.159
-0.0225475 534.754
-0.0226535 535.346
-0.0227594 535.936
-0.0228652 536.523
-0.0229711 537.108
-0.0230769 537.691
-0.0231827 538.271
-0.0232885 538.849
-0.0233943 539.425
-0.0235 539.999
-0.0236057 540.57
-0.0237114 541.139
-0.0238171 541.706
-0.0239227 542.271
-0.0240283 542.833
-0.0241339 543.394
-0.0242395 543.952
-0.0243451 544.508
-0.0244506 545.062
-0.0245561 545.614
-0.0246616 546.164
-0.0247671 546.712
-0.0248726 547.258
-0.024978 547.802
-0.0250834 548.343
-0.0251888 548.883
-0.0252942 549.421
-0.0253996 549.957
-0.0255049 550.491
-0.0256102 551.023
-0.0257155 551.553
-0.0258208 552.082
-0.0259261 552.608
-0.0260313 553.133
-0.0261366 553.655
-0.0262418 554.176
-0.026347 554.695
-0.0264521 555.213
-0.0265573 555.728
-0.0266624 556.242
-0.0267675 556.754
-0.0268726 557.264
-0.0269777 557.772
-0.0270828 558.279
-0.0271878 558.784
-0.0272929 559.287
-0.0273979 559.789
-0.0275029 560.289
-0.0276079 560.787
-0.0277128 561.284
-0.0278178 561.779
-0.0279227 562.272
-0.0280276 562.764
-0.0281325 563.254
-0.0282374 563.743
-0.0283423 564.23
-0.0284472 564.715
-0.028552 565.199
-0.0286568 565.682
-0.0287616 566.162
-0.0288664 566.642
-0.0289712 567.119
-0.029076 567.596
-0.0291807 568.07
-0.0292854 568.544
-0.0293902 569.016
-0.0294949 569.486
-0.0295995 569.955
-0.0297042 570.422
-0.0298089 570.888
-0.0299135 571.353
-0.0300182 571.816
-0.0301228 572.278
-0.0302274 572.738
-0.030332 573.197
-0.0304365 573.655
-0.0305411 574.111
-0.0306457 574.566
-0.0307502 575.019
-0.0305835 568.353
-0.0304169 561.686
-0.0302502 555.019
-0.0300835 548.353
-0.0299169 541.686
-0.0297502 535.019
-0.0295835 528.353
-0.0294169 521.686
-0.0292502 515.019
-0.0290835 508.353
-0.0289169 501.686
-0.0287502 495.019
-0.0285835 488.353
-0.0284169 481.686
-0.0282502 475.019
-0.0280835 468.353
-0.0279169 461.686
-0.0277502 455.019
-0.0275835 448.353
-0.0274169 441.686
-0.0272502 435.019
-0.0270835 428.353
-0.0269169 421.686
-0.0267502 415.019
-0.0265835 408.353
-0.0264169 401.686
-0.0262502 395.019
-0.0260835 388.353
-0.0259169 381.686
-0.0257502 375.019
-0.0255835 368.353
-0.0254169 361.686
-0.0252502 355.019
-0.0250835 348.353
-0.0249169 341.686
-0.0247502 335.019
-0.0245835 328.353
-0.0244169 321.686
-0.0242502 315.019
-0.0240835 308.353
-0.0239169 301.686
-0.0237502 295.019
-0.0235835 288.353
-0.0234169 281.686
-0.0232502 275.019
-0.0230835 268.353
-0.0229169 261.686
-0.0227502 255.019
-0.0225835 248.353
-0.0224169 241.686
-0.0222502 235.019
-0.0220835 228.353
-0.0219169 221.686
-0.0217502 215.019
-0.0215835 208.353
-0.0214169 201.686
-0.0212502 195.019
-0.0210835 188.353
-0.0209169 181.686
-0.0207502 175.019
-0.0205835 168.353
-0.0204169 161.686
-0.0202502 155.019
-0.0200835 148.353
-0.0199169 141.686
-0.0197502 135.019
-0.0195835 128.353
-0.0194169 121.686
-0.0192502 115.019
-0.0190835 108.353
-0.0189169 101.686
-0.0187502 95.0193
-0.0185835 88.3527
-0.0184169 81.686
-0.0182502 75.0193
-0.0180835 68.3527
-0.0179169 61.686
-0.0177502 55.0193
-0.0175835 48.3527
-0.0174169 41.686
-0.0172502 35.0193
-0.0170835 28.3527
-0.0169169 21.686
-0.0167502 15.0193
-0.0165835 8.35267
-0.0164169 1.686
-0.0162502 -4.98066
-0.0160835 -11.6473
-0.0159169 -18.314
-0.0157502 -24.9806
-0.0155835 -31.647
-0.0154169 -38.3129
-0.0152502 -44.978
-0.0150836 -51.6416
-0.014917 -58.3028
-0.0147504 -64.9604
-0.0145839 -71.6131
-0.0144174 -78.259
-0.014251 -84.8958
-0.0140848 -91.5209
-0.0139187 -98.1314
-0.0137528 -104.724
-0.0135871 -111.294
-0.0134216 -117.837
-0.0132565 -124.35
-0.0130917 -130.825
-0.0129274 -137.259
-0.0127635 -143.646
-0.0126002 -149.978
-0.0124375 -156.251
-0.0122754 -162.459
-0.0121141 -168.594
-0.0119535 -174.652
-0.0117937 -180.627
-0.0116349 -186.513
-0.0114769 -192.307
-0.01132 -198.003
-0.011164 -203.598
-0.0110091 -209.089
-0.0108553 -214.473
-0.0107025 -219.748
-0.0105509 -224.914
-0.0104003 -229.968
-0.0102509 -234.911
-0.0101026 -239.744
-0.00995534 -244.466
-0.00980921 -249.079
-0.00966415 -253.585
-0.00952016 -257.984
-0.0093772 -262.28
-0.00923526 -266.474
-0.00909431 -270.569
-0.00895434 -274.566
-0.0088153 -278.47
-0.00867719 -282.281
-0.00853996 -286.004
-0.0084036 -289.64
-0.00826807 -293.193
-0.00813336 -296.664
-0.00799942 -300.057
-0.00786625 -303.375
-0.00773381 -306.619
-0.00760208 -309.792
-0.00747103 -312.897
-0.00734064 -315.936
-0.00721089 -318.911
-0.00708176 -321.824
-0.00695322 -324.678
-0.00682526 -327.474
-0.00669785 -330.215
-0.00657098 -332.902
-0.00644463 -335.537
-0.00631878 -338.122
-0.00619342 -340.658
-0.00606852 -343.148
-0.00594408 -345.592
-0.00582008 -347.992
-0.0056965 -350.35
-0.00557333 -352.667
-0.00545056 -354.944
-0.00532818 -357.182
-0.00520617 -359.383
-0.00508452 -361.548
-0.00496322 -363.678
-0.00484226 -365.774
-0.00472163 -367.837
-0.00460132 -369.868
-0.00448132 -371.868
-0.00436163 -373.837
-0.00424222 -375.778
-0.0041231 -377.69
-0.00400426 -379.574
-0.00388569 -381.431
-0.00376738 -383.262
-0.00364932 -385.068
-0.00353151 -386.849
-0.00341394 -388.606
-0.0032966 -390.34
-0.0031795 -392.05
-0.00306261 -393.739
-0.00294594 -395.406
-0.00282949 -397.051
-0.00271324 -398.676
-0.00259719 -400.281
-0.00248133 -401.867
-0.00236567 -403.433
-0.00225019 -404.981
-0.0021349 -406.51
-0.00201978 -408.022
-0.00190484 -409.516
-0.00179007 -410.993
-0.00167546 -412.454
-0.00156101 -413.899
-0.00144673 -415.327
-0.00133259 -416.741
-0.00121861 -418.139
-0.00110478 -419.522
-0.000991093 -420.891
-0.000877548 -422.245
-0.000764141 -423.586
-0.00065087 -424.913
-0.000537732 -426.227
-0.000424725 -427.527
-0.000311846 -428.815
-0.000199092 -430.091
-8.64604e-05 -431.354
2.60507e-05 -432.605
0.000138444 -433.844
0.000250721 -435.072
0.000362885 -436.289
0.000474938 -437.494
0.000586882 -438.688
0.000698718 -439.872
0.00081045 -441.045
0.000922078 -442.208
0.0010336 -443.36
0.00114503 -444.503
0.00125636 -445.636
0.0013676 -446.76
0.00147873 -447.873
0.00158978 -448.978
0.00170074 -450.074
0.0018116 -451.16
0.00192238 -452.238
0.00203307 -453.307
0.00214368 -454.368
0.0022542 -455.42
0.00236464 -456.464
0.002475 -457.5
0.00258528 -458.528
0.00269549 -459.549
0.00280561 -460.561
0.00291566 -461.566
0.00302564 -462.564
0.00313554 -463.554
0.00324537 -464.537
0.00335512 -465.512
0.00346481 -466.481
0.00357443 -467.443
0.00368398 -468.398
0.00379346 -469.346
0.00390288 -470.288
0.00401223 -471.223
0.00412152 -472.152
0.00423075 -473.075
0.00433991 -473.991
0.00444901 -474.901
0.00455805 -475.805
0.00466703 -476.703
0.00477595 -477.595
0.00488482 -478.482
0.00499363 -479.363
0.00510238 -480.238
0.00521107 -481.107
0.00531971 -481.971
0.0054283 -482.83
0.00553683 -483.683
0.00564531 -484.531
0.00575374 -485.374
0.00586211 -486.211
0.00597044 -487.044
0.00607872 -487.872
0.00618694 -488.694
0.00629512 -489.512
0.00640325 -490.325
0.00651133 -491.133
0.00661936 -491.936
0.00672735 -492.735
0.0068353 -493.53
0.00694319 -494.319
0.00705105 -495.105
0.00715885 -495.885
0.00726662 -496.662
0.00737434 -497.434
0.00748202 -498.202
0.00758966 -498.966
0.00769725 -499.725
0.00780481 -500.481
0.00791232 -501.232
0.00801979 -501.979
0.00812723 -502.723
0.00823462 -503.462
0.00834198 -504.198
0.00844929 -504.929
0.00855657 -505.657
0.00866381 -506.381
0.00877102 -507.102
0.00887819 -507.819
0.00898532 -508.532
0.00909241 -509.241
0.00919947 -509.947
0.0093065 -510.65
0.00941349 -511.349
0.00952045 -512.045
0.00962737 -512.737
0.00973426 -513.426
0.00984111 -514.111
0.00994793 -514.793
0.0100547 -515.472
0.0101615 -516.148
0.0102682 -516.82
0.0103749 -517.49
0.0104816 -518.156
0.0105882 -518.819
0.0106948 -519.479
0.0108014 -520.136
0.0109079 -520.79
0.0110144 -521.441
0.0111209 -522.089
0.0112273 -522.734
0.0113338 -523.377
0.0114402 -524.016
0.0115465 -524.653
0.0116529 -525.286
0.0117592 -525.917
0.0118655 -526.545
0.0119717 -527.171
0.0120779 -527.794
0.0121841 -528.414
0.0122903 -529.031
0.0123965 -529.646
0.0125026 -530.258
0.0126087 -530.868
0.0127147 -531.475
0.0128208 -532.079
0.0129268 -532.681
0.0130328 -533.281
0.0131388 -533.878
0.0132447 -534.473
0.0133506 -535.065
0.0134565 -535.655
0.0135624 -536.242
0.0136683 -536.827
0.0137741 -537.41
0.0138799 -537.99
0.0139857 -538.568
0.0140914 -539.144
0.0141972 -539.718
0.0143029 -540.289
0.0144086 -540.858
0.0145142 -541.425
0.0146199 -541.99
0.0147255 -542.552
0.0148311 -543.113
0.0149367 -543.671
0.0150423 -544.227
0.0151478 -544.781
0.0152533 -545.333
0.0153588 -545.883
0.0154643 -546.431
0.0155698 -546.977
0.0156752 -547.52
0.0157806 -548.062
0.015886 -548.602
0.0159914 -549.14
0.0160968 -549.676
0.0162021 -550.21
0.0163074 -550.742
0.0164127 -551.272
0.016518 -551.8
0.0166233 -552.327
0.0167285 -552.851
0.0168337 -553.374
0.016939 -553.895
0.0170441 -554.414
0.0171493 -554.931
0.0172545 -555.447
0.0173596 -555.961
0.0174647 -556.473
0.0175698 -556.983
0.0176749 -557.491
0.01778 -557.998
0.017885 -558.503
0.0179901 -559.006
0.0180951 -559.508
0.0182001 -560.008
0.0183051 -560.506
0.01841 -561.003
0.018515 -561.498
0.0186199 -561.991
0.0187248 -562.483
0.0188297 -562.973
0.0189346 -563.462
0.0190395 -563.949
0.0191443 -564.434
0.0192492 -564.918
0.019354 -565.4
0.0194588 -565.881
0.0195636 -566.36
0.0196684 -566.838
0.0197731 -567.314
0.0198779 -567.789
0.0199826 -568.263
0.0200873 -568.734
0.020192 -569.205
0.0202967 -569.674
0.0204014 -570.141
0.0205061 -570.607
0.0206107 -571.072
0.0207153 -571.535
0.02082 -571.997
0.0209246 -572.457
0.0210292 -572.916
0.0211337 -573.374
0.0212383 -573.83
0.0213428 -574.285
0.0214474 -574.738
0.0215519 -575.19
0.0216564 -575.641
0.0217609 -576.091
0.0218654 -576.539
0.0219699 -576.986
0.0220743 -577.431
0.0221788 -577.876
0.0222832 -578.319
0.0223876 -578.761
0.022492 -579.201
0.0225964 -579.64
0.0227008 -580.078
0.0228051 -580.515
0.0229095 -580.95
0.0230138 -581.385
0.0231182 -581.818
0.0232225 -582.25
0.0233268 -582.68
0.0234311 -583.11
0.0235354 -583.538
0.0236397 -583.965
0.0237439 -584.391
0.0238482 -584.816
0.0239524 -585.239
0.0240566 -585.662
0.0241608 -586.083
0.024265 -586.503
0.0243692 -586.922
0.0244734 -587.34
0.0245776 -587.756
0.0246817 -588.172
0.0247859 -588.587
0.02489 -589
0.0249941 -589.412
0.0250982 -589.824
0.0252023 -590.234
0.0253064 -590.643
0.0254105 -591.051
0.0255146 -591.458
0.0256186 -591.864
0.0257227 -592.268
0.0258267 -592.672
0.0259307 -593.075
0.0260348 -593.477
0.0261388 -593.877
0.0262428 -594.277
0.0263468 -594.675
0.0264507 -595.073
0.0265547 -595.47
0.0266587 -595.865
0.0267626 -596.26
0.0268665 -596.654
0.0269705 -597.046
0.0270744 -597.438
0.0271783 -597.829
0.0272822 -598.218
0.0273861 -598.607
0.0274899 -598.995
0.0275938 -599.382
0.0276977 -599.768
0.0278015 -600.153
0.0279054 -600.537
0.0280092 -600.92
0.028113 -601.302
0.0282168 -601.683
0.0283206 -602.064
0.0284244 -602.443
0.0285282 -602.822
0.028632 -603.199
0.0287358 -603.576
0.0288395 -603.952
0.0289433 -604.327
0.029047 -604.701
0.0291507 -605.074
0.0292545 -605.446
0.0293582 -605.818
0.0294619 -606.188
0.0295656 -606.558
0.0296693 -606.927
0.0297729 -607.295
0.0298766 -607.662
0.0299803 -608.028
0.0300839 -608.394
0.0301876 -608.758
0.0302912 -609.122
0.0303949 -609.485
0.0304985 -609.847
0.0306021 -610.209
0.0307057 -610.569
0.0308093 -610.929
0.0309129 -611.288
0.0310165 -611.646
0.03112 -612.003
0.0294534 -545.336
0.0277867 -478.67
0.02612 -412.003
0.0244534 -345.336
0.0227867 -278.67
0.02112 -212.003
0.0194534 -145.336
0.0177867 -78.6698
0.01612 -12.0031
0.0144534 54.6635
0.012787 121.296
0.0111306 186.94
0.00952314 247.686
0.00801237 298.762
0.00660677 339.323
0.00528493 371.507
0.00402325 397.675
0.00280449 419.551
0.00161711 438.289
0.000453365 454.664
-0.000692048 469.205
-0.00182288 482.288
-0.00294186 494.186
-0.00405103 505.103
-0.00515195 515.195
-0.00624584 524.584
-0.00733366 533.366
-0.00841619 541.619
-0.00949408 549.408
-0.0105678 556.785
-0.0116379 563.794
-0.0127047 570.473
-0.0137685 576.854
-0.0148296 582.964
-0.0158883 588.827
-0.0169446 594.464
-0.0179989 599.893
-0.0190513 605.13
-0.0201019 610.189
-0.0211508 615.083
-0.0221982 619.824
-0.0232442 624.421
-0.0242888 628.884
-0.0253322 633.221
-0.0263744 637.439
-0.0274155 641.546
-0.0284555 645.548
-0.0294945 649.451
-0.0305326 653.259
-0.0315698 656.978
-0.0326061 660.612
-0.0336417 664.165
-0.0346764 667.642
-0.0357105 671.045
-0.0367438 674.379
-0.0377765 677.645
-0.0388085 680.848
-0.0398399 683.989
-0.0408707 687.072
-0.041901 690.099
-0.0402343 623.432
-0.0385677 556.766
-0.036901 490.099
-0.0352343 423.432
-0.0335677 356.766
-0.031901 290.099
-0.0302343 223.432
-0.0285677 156.766
-0.026901 90.0988
-0.0252343 23.4322
-0.0235677 -43.2345
-0.0219013 -109.867
-0.0202449 -175.511
-0.0186374 -236.257
-0.0171267 -287.333
-0.0157211 -327.894
-0.0143992 -360.078
-0.0131375 -386.246
-0.0119188 -408.122
-0.0107314 -426.86
-0.00956766 -443.234
-0.00842224 -457.776
-0.00729141 -470.859
-0.00617243 -482.757
-0.00506326 -493.674
-0.00396234 -503.766
-0.00286845 -513.155
-0.00178063 -521.937
-0.000698097 -530.19
0.00037979 -537.979
0.00145356 -545.356
0.00252365 -552.365
0.00359044 -559.044
0.00465425 -565.425
0.00571535 -571.535
0.00677398 -577.398
0.00783035 -583.035
0.00888464 -588.464
0.00993701 -593.701
0.0109876 -598.76
0.0120365 -603.654
0.0130839 -608.395
0.0141299 -612.992
0.0151745 -617.455
0.0162179 -621.792
0.0172601 -626.01
0.0183012 -630.117
0.0193412 -634.119
0.0203802 -638.022
0.0214183 -641.83
0.0224555 -645.549
0.0234918 -649.183
0.0245274 -652.736
0.0255621 -656.213
0.0265962 -659.616
0.0276295 -662.95
0.0286622 -666.216
0.0296942 -669.419
0.0307256 -672.56
0.0317564 -675.643
0.0327867 -678.67
0.0338164 -681.642
0.0348456 -684.563
0.0358743 -687.433
0.0369026 -690.255
0.0379303 -693.031
0.0389576 -695.762
0.0399845 -698.45
0.041011 -701.097
0.042037 -703.703
0.0403704 -637.036
0.0387037 -570.369
0.037037 -503.703
0.0353704 -437.036
0.0337037 -370.369
0.032037 -303.703
0.0303704 -237.036
0.0287037 -170.369
0.027037 -103.703
0.0253704 -37.036
0.0237037 29.6307
0.0220374 96.2632
0.0203809 161.907
0.0187735 222.653
0.0172627 273.729
0.0158571 314.29
0.0145353 346.474
0.0132736 372.642
0.0120548 394.518
0.0108674 413.256
0.00970369 429.631
0.00855828 444.172
0.00742745 457.255
0.00630847 469.153
0.0051993 480.07
0.00409838 490.162
0.00300449 499.551
0.00191667 508.333
0.000834135 516.587
-0.000243752 524.375
-0.00131752 531.752
-0.00238761 538.761
-0.0034544 545.44
-0.00451821 551.821
-0.00557931 557.931
-0.00663794 563.794
-0.00769431 569.431
-0.0087486 574.86
-0.00980097 580.097
-0.0108516 585.156
-0.0119005 590.05
-0.0129479 594.791
-0.0139939 599.388
-0.0150385 603.851
-0.0160819 608.188
-0.0171241 612.407
-0.0181651 616.514
-0.0192052 620.515
-0.0202442 624.418
-0.0212823 628.226
-0.0223194 631.945
-0.0233558 635.579
-0.0243913 639.132
-0.0254261 642.609
-0.0264601 646.012
-0.0274935 649.346
-0.0285261 652.612
-0.0295582 655.815
-0.0305896 658.957
-0.0316204 662.04
-0.0326507 665.066
-0.0336804 668.038
-0.0347096 670.959
-0.0357383 673.829
-0.0367665 676.652
-0.0377943 679.428
-0.0388216 682.159
-0.0398485 684.847
-0.0408749 687.493
-0.041901 690.099
-0.0429267 692.666
-0.043952 695.195
-0.0449769 697.688
-0.0460015 700.146
-0.0470257 702.569
-0.0480496 704.959
-0.0490732 707.317
-0.0500964 709.644
-0.0511194 711.94
-0.0521421 714.207
-0.0504754 647.541
-0.0488087 580.874
-0.0471421 514.207
-0.0454754 447.541
-0.0438087 380.874
-0.0421421 314.207
-0.0404754 247.541
-0.0388087 180.874
-0.0371421 114.207
-0.0354754 47.5406
-0.0338087 -19.1261
-0.0321424 -85.7586
-0.0304859 -151.402
-0.0288785 -212.148
-0.0273677 -263.224
-0.0259621 -303.785
-0.0246403 -335.97
-0.0233786 -362.138
-0.0221599 -384.013
-0.0209725 -402.752
-0.0198087 -419.126
-0.0186633 -433.667
-0.0175325 -446.751
-0.0164135 -458.649
-0.0153043 -469.566
-0.0142034 -479.658
-0.0131095 -489.046
-0.0120217 -497.828
-0.0109392 -506.082
-0.00986129 -513.871
-0.00878753 -521.247
-0.00771743 -528.257
-0.00665064 -534.936
-0.00558684 -541.316
-0.00452574 -547.426
-0.0034671 -553.29
-0.00241074 -558.926
-0.00135645 -564.355
-0.000304077 -569.592
0.000746516 -574.652
0.00179546 -579.546
0.00284286 -584.286
0.00388884 -588.884
0.00493346 -593.346
0.00597683 -597.683
0.00701902 -601.902
0.00806009 -606.009
0.00910011 -610.011
0.0101391 -613.913
0.0111772 -617.721
0.0122144 -621.44
0.0132507 -625.074
0.0142863 -628.628
0.015321 -632.104
0.0163551 -635.508
0.0173884 -638.841
0.0184211 -642.108
0.0194531 -645.311
0.0204845 -648.452
0.0215153 -651.535
0.0225456 -654.561
0.0235753 -657.534
0.0246045 -660.454
0.0256332 -663.325
0.0266615 -666.147
0.0276892 -668.923
0.0287165 -671.654
0.0297434 -674.342
0.0307699 -676.988
0.0317959 -679.594
0.0328216 -682.161
0.0338469 -684.691
0.0348718 -687.184
0.0358964 -689.641
0.0369206 -692.064
0.0379445 -694.455
0.0389681 -696.813
0.0399914 -699.139
0.0410144 -701.436
0.042037 -703.703
0.0430594 -705.941
0.0440815 -708.151
0.0451033 -710.335
0.0461249 -712.492
0.0471462 -714.623
0.0481673 -716.729
0.0491881 -718.811
0.0502087 -720.869
0.051229 -722.904
0.0522492 -724.917
0.0505825 -658.25
0.0489158 -591.583
0.0472492 -524.917
0.0455825 -458.25
0.0439158 -391.583
0.0422492 -324.917
0.0405825 -258.25
0.0389158 -191.583
0.0372492 -124.917
0.0355825 -58.2501
0.0339158 8.41658
0.0322495 75.049
0.030593 140.693
0.0289856 201.439
0.0274748 252.515
0.0260692 293.076
0.0247474 325.26
0.0234857 351.428
0.022267 373.304
0.0210796 392.042
0.0199158 408.417
0.0187704 422.958
0.0176396 436.041
0.0165206 447.939
0.0154114 458.856
0.0143105 468.948
0.0132166 478.337
0.0121288 487.119
0.0110463 495.372
0.00996839 503.161
0.00889462 510.538
0.00782453 517.547
0.00675774 524.226
0.00569393 530.607
0.00463283 536.717
0.0035742 542.58
0.00251783 548.217
0.00146354 553.646
0.000411172 558.883
-0.000639421 563.942
-0.00168836 568.836
-0.00273577 573.577
-0.00378174 578.174
-0.00482637 582.637
-0.00586974 586.974
-0.00691192 591.192
-0.00795299 595.299
-0.00899301 599.301
-0.010032 603.204
-0.0110701 607.012
-0.0121073 610.731
-0.0131436 614.365
-0.0141792 617.918
-0.0152139 621.395
-0.016248 624.798
-0.0172813 628.132
-0.018314 631.398
-0.019346 634.601
-0.0203774 637.743
-0.0214083 640.825
-0.0224385 643.852
-0.0234682 646.824
-0.0244974 649.745
-0.0255262 652.615
-0.0265544 655.437
-0.0275821 658.213
-0.0286094 660.944
-0.0296363 663.632
-0.0306628 666.279
-0.0316888 668.885
-0.0327145 671.452
-0.0337398 673.981
-0.0347647 676.474
-0.0357893 678.932
-0.0368135 681.355
-0.0378375 683.745
-0.038861 686.103
-0.0398843 688.43
-0.0409073 690.726
-0.0419299 692.993
-0.0429523 695.231
-0.0439744 697.442
-0.0449963 699.625
-0.0460178 701.782
-0.0470391 703.913
-0.0480602 706.02
-0.049081 708.102
-0.0501016 710.16
-0.0511219 712.195
-0.0521421 714.207
-0.053162 716.198
-0.0541817 718.167
-0.0552011 720.115
-0.0562204 722.042
-0.0572395 723.95
-0.0582584 725.838
-0.0592771 727.706
-0.0602956 729.556
-0.0613139 731.388
-0.062332 733.202
-0.0606654 666.536
-0.0589987 599.869
-0.057332 533.202
-0.0556654 466.536
-0.0539987 399.869
-0.052332 333.202
-0.0506654 266.536
-0.0489987 199.869
-0.047332 133.202
-0.0456654 66.5355
-0.0439987 -0.131123
-0.0423324 -66.7636
-0.0406759 -132.407
-0.0390685 -193.153
-0.0375577 -244.229
-0.0361521 -284.79
-0.0348303 -316.975
-0.0335686 -343.143
-0.0323498 -365.018
-0.0311624 -383.757
-0.0299987 -400.131
-0.0288533 -414.672
-0.0277224 -427.756
-0.0266035 -439.654
-0.0254943 -450.571
-0.0243934 -460.663
-0.0232995 -470.051
-0.0222117 -478.833
-0.0211291 -487.087
-0.0200512 -494.876
-0.0189775 -502.252
-0.0179074 -509.262
-0.0168406 -515.941
-0.0157768 -522.321
-0.0147157 -528.431
-0.0136571 -534.295
-0.0126007 -539.931
-0.0115464 -545.36
-0.010494 -550.597
-0.00944343 -555.657
-0.00839449 -560.551
-0.00734709 -565.291
-0.00630111 -569.889
-0.00525649 -574.351
-0.00421312 -578.688
-0.00317093 -582.907
-0.00212986 -587.014
-0.00108984 -591.016
-5.08186e-05 -594.918
0.000987263 -598.726
0.00202445 -602.445
0.00306079 -606.079
0.00409633 -609.633
0.00513109 -613.109
0.00616513 -616.513
0.00719846 -619.846
0.00823113 -623.113
0.00926316 -626.316
0.0102946 -629.457
0.0113254 -632.54
0.0123557 -635.566
0.0133854 -638.539
0.0144146 -641.459
0.0154433 -644.33
0.0164715 -647.152
0.0174993 -649.928
0.0185266 -652.659
0.0195535 -655.347
0.0205799 -657.993
0.021606 -660.599
0.0226317 -663.166
0.023657 -665.696
0.0246819 -668.189
0.0257065 -670.646
0.0267307 -673.069
0.0277546 -675.46
0.0287782 -677.818
0.0298014 -680.144
0.0308244 -682.441
0.0318471 -684.708
0.0328695 -686.946
0.0338916 -689.156
0.0349134 -691.34
0.035935 -693.497
0.0369563 -695.628
0.0379773 -697.734
0.0389982 -699.816
0.0400187 -701.874
0.0410391 -703.909
0.0420592 -705.922
0.0430791 -707.912
0.0440988 -709.881
0.0451183 -711.829
0.0461376 -713.757
0.0471566 -715.664
0.0481755 -717.552
0.0491942 -719.421
0.0502127 -721.271
0.051231 -723.103
0.0522492 -724.917
0.0532671 -726.713
0.0542849 -728.493
0.0553026 -730.255
0.05632 -732.001
0.0573373 -733.731
0.0556706 -667.065
0.054004 -600.398
0.0523373 -533.731
0.0506706 -467.065
0.049004 -400.398
0.0473373 -333.731
0.0456706 -267.065
0.044004 -200.398
0.0423373 -133.731
0.0406706 -67.0646
0.039004 -0.397959
0.0373373 66.2687
0.035671 132.901
0.0340145 198.545
0.0324071 259.291
0.0308963 310.367
0.0294907 350.928
0.0281689 383.112
0.0269072 409.28
0.0256884 431.156
0.0245011 449.894
0.0233373 466.269
0.0221919 480.81
0.0210611 493.893
0.0199421 505.791
0.0188329 516.708
0.017732 526.8
0.0166381 536.189
0.0155503 544.971
0.0144678 553.224
0.0133899 561.013
0.0123161 568.39
0.011246 575.399
0.0101792 582.078
0.00911541 588.459
0.00805431 594.569
0.00699568 600.432
0.00593931 606.069
0.00488502 611.498
0.00383265 616.735
0.00278206 621.794
0.00173312 626.688
0.00068571 631.429
-0.000360262 636.026
-0.00140489 640.489
-0.00244826 644.826
-0.00349045 649.045
-0.00453152 653.152
-0.00557153 657.153
-0.00661056 661.056
