-0.000166667 -0.0001
-0.000333331 -0.0002
-0.000499988 -0.0003
-0.000666627 -0.0004
-0.000833237 -0.0005
-0.0009998 -0.0006
-0.0011663 -0.0007
-0.0013327 -0.0008
-0.00149899 -0.0009
-0.00166514 -0.001
-0.0018311 -0.0011
-0.00199685 -0.0012
-0.00216235 -0.0013
-0.00232755 -0.0014
-0.00249242 -0.0015
-0.00265692 -0.0016
-0.002821 -0.0017
-0.00298461 -0.0018
-0.00314773 -0.0019
-0.0033103 -0.002
-0.00347229 -0.0021
-0.00363366 -0.0022
-0.00379437 -0.0023
-0.00395439 -0.0024
-0.00411369 -0.0025
-0.00427224 -0.0026
-0.00443002 -0.0027
-0.004587 -0.0028
-0.00474317 -0.0029
-0.00489851 -0.003
-0.00505301 -0.0031
-0.00520666 -0.0032
-0.00535946 -0.0033
-0.0055114 -0.0034
-0.00566249 -0.0035
-0.00581272 -0.0036
-0.0059621 -0.0037
-0.00611064 -0.0038
-0.00625834 -0.0039
-0.00640521 -0.004
-0.00655127 -0.0041
-0.00669652 -0.0042
-0.00684098 -0.0043
-0.00698467 -0.0044
-0.00712759 -0.0045
-0.00726977 -0.0046
-0.00741121 -0.0047
-0.00755193 -0.0048
-0.00769196 -0.0049
-0.0078313 -0.005
-0.00766463 -0.0049
-0.00749797 -0.0048
-0.0073313 -0.0047
-0.00716463 -0.0046
-0.00699797 -0.0045
-0.0068313 -0.0044
-0.00666463 -0.0043
-0.00649797 -0.0042
-0.0063313 -0.0041
-0.00616463 -0.004
-0.00599797 -0.0039
-0.0058313 -0.0038
-0.00566463 -0.0037
-0.00549797 -0.0036
-0.0053313 -0.0035
-0.00516463 -0.0034
-0.00499797 -0.0033
-0.0048313 -0.0032
-0.00466463 -0.0031
-0.00449797 -0.003
-0.0043313 -0.0029
-0.00416463 -0.0028
-0.00399797 -0.0027
-0.0038313 -0.0026
-0.00366463 -0.0025
-0.00349797 -0.0024
-0.0033313 -0.0023
-0.00316463 -0.0022
-0.00299797 -0.0021
-0.0028313 -0.002
-0.00266463 -0.0019
-0.00249797 -0.0018
-0.0023313 -0.0017
-0.00216463 -0.0016
-0.00199797 -0.0015
-0.0018313 -0.0014
-0.00166463 -0.0013
-0.00149797 -0.0012
-0.0013313 -0.0011
-0.00116463 -0.001
-0.000997966 -0.0009
-0.000831299 -0.0008
-0.000664633 -0.0007
-0.000497966 -0.0006
-0.000331302 -0.0005
-0.000164645 -0.0004
1.99454e-06 -0.0003
0.000168604 -0.0002
0.000335168 -0.0001
0.000501665 -1.89735e-19
0.000668072 0.0001
0.000834362 0.0002
0.0010005 0.0003
0.00116647 0.0004
0.00133222 0.0005
0.00149771 0.0006
0.00166292 0.0007
0.00182779 0.0008
0.00199229 0.0009
0.00215636 0.001
0.00231998 0.0011
0.0024831 0.0012
0.00264567 0.0013
0.00280766 0.0014
0.00296903 0.0015
0.00312974 0.0016
0.00328976 0.0017
0.00344906 0.0018
0.00360761 0.0019
0.00376538 0.002
0.00392237 0.0021
0.00407853 0.0022
0.00423387 0.0023
0.00438837 0.0024
0.00454203 0.0025
0.00469483 0.0026
0.00484677 0.0027
0.00499785 0.0028
0.00514809 0.0029
0.00529747 0.003
0.005446 0.0031
0.0055937 0.0032
0.00574058 0.0033
0.00588663 0.0034
0.00603189 0.0035
0.00617635 0.0036
0.00632004 0.0037
0.00646296 0.0038
0.00660513 0.0039
0.00674658 0.004
0.0068873 0.0041
0.00702733 0.0042
0.00716667 0.0043
0.00730534 0.0044
0.00744336 0.0045
0.00758074 0.0046
0.0077175 0.0047
0.00785365 0.0048
0.00798922 0.0049
0.0081242 0.005
0.00795754 0.0049
0.00779087 0.0048
0.0076242 0.0047
0.00745754 0.0046
0.00729087 0.0045
0.0071242 0.0044
0.00695754 0.0043
0.00679087 0.0042
0.0066242 0.0041
0.00645754 0.004
0.00629087 0.0039
0.0061242 0.0038
0.00595754 0.0037
0.00579087 0.0036
0.0056242 0.0035
0.00545754 0.0034
0.00529087 0.0033
0.0051242 0.0032
0.00495754 0.0031
0.00479087 0.003
0.0046242 0.0029
0.00445754 0.0028
0.00429087 0.0027
0.0041242 0.0026
0.00395754 0.0025
0.00379087 0.0024
0.0036242 0.0023
0.00345754 0.0022
0.00329087 0.0021
0.0031242 0.002
0.00295754 0.0019
0.00279087 0.0018
0.0026242 0.0017
0.00245754 0.0016
0.00229087 0.0015
0.0021242 0.0014
0.00195754 0.0013
0.00179087 0.0012
0.0016242 0.0011
0.00145754 0.001
0.00129087 0.0009
0.0011242 0.0008
0.000957537 0.0007
0.00079087 0.0006
0.000624204 0.0005
0.000457537 0.0004
0.00029087 0.0003
0.000124204 0.0002
-4.24606e-05 0.0001
-0.000209117 2.43945e-19
-0.000375757 -0.0001
-0.000542367 -0.0002
-0.00070893 -0.0003
-0.000875427 -0.0004
-0.00104183 -0.0005
-0.00120812 -0.0006
-0.00137427 -0.0007
-0.00154023 -0.0008
-0.00170598 -0.0009
-0.00187148 -0.001
-0.00203668 -0.0011
-0.00220155 -0.0012
-0.00236605 -0.0013
-0.00253013 -0.0014
-0.00269374 -0.0015
-0.00285686 -0.0016
-0.00301943 -0.0017
-0.00318142 -0.0018
-0.00334279 -0.0019
-0.0035035 -0.002
-0.00366352 -0.0021
-0.00382282 -0.0022
-0.00398137 -0.0023
-0.00413915 -0.0024
-0.00429613 -0.0025
-0.0044523 -0.0026
-0.00460764 -0.0027
-0.00476214 -0.0028
-0.00491579 -0.0029
-0.00506859 -0.003
-0.00522053 -0.0031
-0.00537162 -0.0032
-0.00552185 -0.0033
-0.00567123 -0.0034
-0.00581977 -0.0035
-0.00596747 -0.0036
-0.00611434 -0.0037
-0.0062604 -0.0038
-0.00640565 -0.0039
-0.00655011 -0.004
-0.0066938 -0.0041
-0.00683672 -0.0042
-0.0069789 -0.0043
-0.00712034 -0.0044
-0.00726106 -0.0045
-0.00740109 -0.0046
-0.00754043 -0.0047
-0.0076791 -0.0048
-0.00781712 -0.0049
-0.0079545 -0.005
-0.00809126 -0.0051
-0.00822741 -0.0052
-0.00836298 -0.0053
-0.00849797 -0.0054
-0.00863239 -0.0055
-0.00876627 -0.0056
-0.00889962 -0.0057
-0.00903245 -0.0058
-0.00916478 -0.0059
-0.00929661 -0.006
-0.00942796 -0.0061
-0.00955885 -0.0062
-0.00968928 -0.0063
-0.00981927 -0.0064
-0.00994883 -0.0065
-0.010078 -0.0066
-0.0102067 -0.0067
-0.010335 -0.0068
-0.010463 -0.0069
-0.0105905 -0.007
-0.0107177 -0.0071
-0.0108445 -0.0072
-0.010971 -0.0073
-0.0110971 -0.0074
-0.0112229 -0.0075
-0.0113484 -0.0076
-0.0114736 -0.0077
-0.0115984 -0.0078
-0.011723 -0.0079
-0.0118472 -0.008
-0.0119711 -0.0081
-0.0120948 -0.0082
-0.0122182 -0.0083
-0.0123413 -0.0084
-0.0124642 -0.0085
-0.0125868 -0.0086
-0.0127091 -0.0087
-0.0128312 -0.0088
-0.0129531 -0.0089
-0.0130747 -0.009
-0.0131961 -0.0091
-0.0133173 -0.0092
-0.0134382 -0.0093
-0.0135589 -0.0094
-0.0136794 -0.0095
-0.0137998 -0.0096
-0.0139199 -0.0097
-0.0140398 -0.0098
-0.0141595 -0.0099
-0.014279 -0.01
-0.0143983 -0.0101
-0.0145175 -0.0102
-0.0146364 -0.0103
-0.0147552 -0.0104
-0.0148738 -0.0105
-0.0149923 -0.0106
-0.0151105 -0.0107
-0.0152286 -0.0108
-0.0153466 -0.0109
-0.0154644 -0.011
-0.015582 -0.0111
-0.0156995 -0.0112
-0.0158168 -0.0113
-0.015934 -0.0114
-0.0160511 -0.0115
-0.016168 -0.0116
-0.0162847 -0.0117
-0.0164014 -0.0118
-0.0165178 -0.0119
-0.0166342 -0.012
-0.0167504 -0.0121
-0.0168665 -0.0122
-0.0169825 -0.0123
-0.0170984 -0.0124
-0.0172141 -0.0125
-0.0173297 -0.0126
-0.0174452 -0.0127
-0.0175606 -0.0128
-0.0176758 -0.0129
-0.017791 -0.013
-0.017906 -0.0131
-0.0180209 -0.0132
-0.0181358 -0.0133
-0.0182505 -0.0134
-0.0183651 -0.0135
-0.0184796 -0.0136
-0.018594 -0.0137
-0.0187083 -0.0138
-0.0188225 -0.0139
-0.0189367 -0.014
-0.0190507 -0.0141
-0.0191646 -0.0142
-0.0192784 -0.0143
-0.0193922 -0.0144
-0.0195058 -0.0145
-0.0196194 -0.0146
-0.0197329 -0.0147
-0.0198463 -0.0148
-0.0199596 -0.0149
-0.0200728 -0.015
-0.0199061 -0.0149
-0.0197395 -0.0148
-0.0195728 -0.0147
-0.0194061 -0.0146
-0.0192395 -0.0145
-0.0190728 -0.0144
-0.0189061 -0.0143
-0.0187395 -0.0142
-0.0185728 -0.0141
-0.0184061 -0.014
-0.0182395 -0.0139
-0.0180728 -0.0138
-0.0179061 -0.0137
-0.0177395 -0.0136
-0.0175728 -0.0135
-0.0174061 -0.0134
-0.0172395 -0.0133
-0.0170728 -0.0132
-0.0169061 -0.0131
-0.0167395 -0.013
-0.0165728 -0.0129
-0.0164061 -0.0128
-0.0162395 -0.0127
-0.0160728 -0.0126
-0.0159061 -0.0125
-0.0157395 -0.0124
-0.0155728 -0.0123
-0.0154061 -0.0122
-0.0152395 -0.0121
-0.0150728 -0.012
-0.0149061 -0.0119
-0.0147395 -0.0118
-0.0145728 -0.0117
-0.0144061 -0.0116
-0.0142395 -0.0115
-0.0140728 -0.0114
-0.0139061 -0.0113
-0.0137395 -0.0112
-0.0135728 -0.0111
-0.0134061 -0.011
-0.0132395 -0.0109
-0.0130728 -0.0108
-0.0129061 -0.0107
-0.0127395 -0.0106
-0.0125728 -0.0105
-0.0124061 -0.0104
-0.0122395 -0.0103
-0.0120728 -0.0102
-0.0119061 -0.0101
-0.0117395 -0.01
-0.0115728 -0.0099
-0.0114061 -0.0098
-0.0112395 -0.0097
-0.0110728 -0.0096
-0.0109061 -0.0095
-0.0107395 -0.0094
-0.0105728 -0.0093
-0.0104061 -0.0092
-0.0102395 -0.0091
-0.0100728 -0.009
-0.00990614 -0.0089
-0.00973947 -0.0088
-0.0095728 -0.0087
-0.00940614 -0.0086
-0.00923947 -0.0085
-0.0090728 -0.0084
-0.00890614 -0.0083
-0.00873947 -0.0082
-0.0085728 -0.0081
-0.00840614 -0.008
-0.00823947 -0.0079
-0.0080728 -0.0078
-0.00790614 -0.0077
-0.00773947 -0.0076
-0.0075728 -0.0075
-0.00740614 -0.0074
-0.00723947 -0.0073
-0.0070728 -0.0072
-0.00690614 -0.0071
-0.00673948 -0.007
-0.00657284 -0.0069
-0.00640623 -0.0068
-0.00623967 -0.0067
-0.00607317 -0.0066
-0.00590677 -0.0065
-0.00574048 -0.0064
-0.00557433 -0.0063
-0.00540837 -0.0062
-0.00524262 -0.0061
-0.00507712 -0.006
-0.00491192 -0.0059
-0.00474705 -0.0058
-0.00458255 -0.0057
-0.00441847 -0.0056
-0.00425485 -0.0055
-0.00409174 -0.0054
-0.00392917 -0.0053
-0.00376718 -0.0052
-0.00360581 -0.0051
-0.0034451 -0.005
-0.00328508 -0.0049
-0.00312578 -0.0048
-0.00296723 -0.0047
-0.00280945 -0.0046
-0.00265247 -0.0045
-0.0024963 -0.0044
-0.00234096 -0.0043
-0.00218646 -0.0042
-0.00203281 -0.0041
-0.00188001 -0.004
-0.00172807 -0.0039
-0.00157698 -0.0038
-0.00142675 -0.0037
-0.00127737 -0.0036
-0.00112883 -0.0035
-0.000981134 -0.0034
-0.00083426 -0.0033
-0.000688203 -0.0032
-0.000542949 -0.0031
-0.000398487 -0.003
-0.000254802 -0.0029
-0.000111879 -0.0028
3.0296e-05 -0.0027
0.000171739 -0.0026
0.000312465 -0.0025
0.00045249 -0.0024
0.00059183 -0.0023
0.000730501 -0.0022
0.00086852 -0.0021
0.0010059 -0.002
0.00114266 -0.0019
0.00127882 -0.0018
0.00141438 -0.0017
0.00154937 -0.0016
0.00168379 -0.0015
0.00181767 -0.0014
0.00195102 -0.0013
0.00208385 -0.0012
0.00221618 -0.0011
0.00234801 -0.001
0.00247936 -0.0009
0.00261025 -0.0008
0.00274068 -0.0007
0.00287067 -0.0006
0.00300023 -0.0005
0.00312937 -0.0004
0.00325809 -0.0003
0.00338642 -0.0002
0.00351436 -0.0001
0.00364192 -2.30393e-19
0.00376911 0.0001
0.00389594 0.0002
0.00402242 0.0003
0.00414855 0.0004
0.00427435 0.0005
0.00439982 0.0006
0.00452497 0.0007
0.00464982 0.0008
0.00477435 0.0009
0.00489859 0.001
0.00502255 0.0011
0.00514621 0.0012
0.00526961 0.0013
0.00539273 0.0014
0.00551558 0.0015
0.00563818 0.0016
0.00576053 0.0017
0.00588263 0.0018
0.00600449 0.0019
0.00612611 0.002
0.0062475 0.0021
0.00636867 0.0022
0.00648961 0.0023
0.00661033 0.0024
0.00673085 0.0025
0.00685115 0.0026
0.00697126 0.0027
0.00709116 0.0028
0.00721087 0.0029
0.00733038 0.003
0.00744971 0.0031
0.00756885 0.0032
0.00768782 0.0033
0.0078066 0.0034
0.00792521 0.0035
0.00804366 0.0036
0.00816193 0.0037
0.00828004 0.0038
0.00839799 0.0039
0.00851578 0.004
0.00863342 0.0041
0.00875091 0.0042
0.00886824 0.0043
0.00898543 0.0044
0.00910247 0.0045
0.00921937 0.0046
0.00933614 0.0047
0.00945276 0.0048
0.00956925 0.0049
0.00968561 0.005
0.00980184 0.0051
0.00991794 0.0052
0.0100339 0.0053
0.0101498 0.0054
0.0102655 0.0055
0.0103811 0.0056
0.0104966 0.0057
0.010612 0.0058
0.0107272 0.0059
0.0108424 0.006
0.0109574 0.0061
0.0110723 0.0062
0.0111872 0.0063
0.0113019 0.0064
0.0114165 0.0065
0.011531 0.0066
0.0116454 0.0067
0.0117597 0.0068
0.0118739 0.0069
0.0119881 0.007
0.0121021 0.0071
0.012216 0.0072
0.0123298 0.0073
0.0124436 0.0074
0.0125572 0.0075
0.0126708 0.0076
0.0127843 0.0077
0.0128977 0.0078
0.013011 0.0079
0.0131242 0.008
0.0132373 0.0081
0.0133504 0.0082
0.0134634 0.0083
0.0135763 0.0084
0.0136891 0.0085
0.0138018 0.0086
0.0139145 0.0087
0.0140271 0.0088
0.0141396 0.0089
0.0142521 0.009
0.0143644 0.0091
0.0144767 0.0092
0.014589 0.0093
0.0147011 0.0094
0.0148132 0.0095
0.0149253 0.0096
0.0150372 0.0097
0.0151491 0.0098
0.0152609 0.0099
0.0153727 0.01
0.0154844 0.0101
0.015596 0.0102
0.0157076 0.0103
0.0158191 0.0104
0.0159305 0.0105
0.0160419 0.0106
0.0161533 0.0107
0.0162645 0.0108
0.0163757 0.0109
0.0164869 0.011
0.016598 0.0111
0.016709 0.0112
0.01682 0.0113
0.0169309 0.0114
0.0170418 0.0115
0.0171526 0.0116
0.0172634 0.0117
0.0173741 0.0118
0.0174848 0.0119
0.0175954 0.012
0.0177059 0.0121
0.0178164 0.0122
0.0179269 0.0123
0.0180373 0.0124
0.0181477 0.0125
0.018258 0.0126
0.0183682 0.0127
0.0184785 0.0128
0.0185886 0.0129
0.0186988 0.013
0.0188088 0.0131
0.0189189 0.0132
0.0190288 0.0133
0.0191388 0.0134
0.0192487 0.0135
0.0193585 0.0136
0.0194683 0.0137
0.0195781 0.0138
0.0196878 0.0139
0.0197975 0.014
0.0199072 0.0141
0.0200168 0.0142
0.0201263 0.0143
0.0202358 0.0144
0.0203453 0.0145
0.0204547 0.0146
0.0205641 0.0147
0.0206735 0.0148
0.0207828 0.0149
0.0208921 0.015
0.0207254 0.0149
0.0205588 0.0148
0.0203921 0.0147
0.0202254 0.0146
0.0200588 0.0145
0.0198921 0.0144
0.0197254 0.0143
0.0195588 0.0142
0.0193921 0.0141
0.0192254 0.014
0.0190588 0.0139
0.0188921 0.0138
0.0187254 0.0137
0.0185588 0.0136
0.0183921 0.0135
0.0182254 0.0134
0.0180588 0.0133
0.0178921 0.0132
0.0177254 0.0131
0.0175588 0.013
0.0173921 0.0129
0.0172254 0.0128
0.0170588 0.0127
0.0168921 0.0126
0.0167254 0.0125
0.0165588 0.0124
0.0163921 0.0123
0.0162254 0.0122
0.0160588 0.0121
0.0158921 0.012
0.0157254 0.0119
0.0155588 0.0118
0.0153921 0.0117
0.0152254 0.0116
0.0150588 0.0115
0.0148921 0.0114
0.0147254 0.0113
0.0145588 0.0112
0.0143921 0.0111
0.0142254 0.011
0.0140588 0.0109
0.0138921 0.0108
0.0137254 0.0107
0.0135588 0.0106
0.0133921 0.0105
0.0132254 0.0104
0.0130588 0.0103
0.0128921 0.0102
0.0127254 0.0101
0.0125588 0.01
0.0123921 0.0099
0.0122254 0.0098
0.0120588 0.0097
0.0118921 0.0096
0.0117254 0.0095
0.0115588 0.0094
0.0113921 0.0093
0.0112254 0.0092
0.0110588 0.0091
0.0108921 0.009
0.0107254 0.0089
0.0105588 0.0088
0.0103921 0.0087
0.0102254 0.0086
0.0100588 0.0085
0.0098921 0.0084
0.00972544 0.0083
0.00955877 0.0082
0.0093921 0.0081
0.00922544 0.008
0.00905877 0.0079
0.0088921 0.0078
0.00872544 0.0077
0.00855877 0.0076
0.0083921 0.0075
0.00822544 0.0074
0.00805877 0.0073
0.0078921 0.0072
0.00772544 0.0071
0.00755877 0.007
0.0073921 0.0069
0.00722544 0.0068
0.00705877 0.0067
0.0068921 0.0066
0.00672544 0.0065
0.00655877 0.0064
0.0063921 0.0063
0.00622544 0.0062
0.00605877 0.0061
0.0058921 0.006
0.00572544 0.0059
0.00555878 0.0058
0.00539214 0.0057
0.00522553 0.0056
0.00505897 0.0055
0.00489247 0.0054
0.00472607 0.0053
0.00455978 0.0052
0.00439363 0.0051
0.00422767 0.005
0.00406192 0.0049
0.00389642 0.0048
0.00373122 0.0047
0.00356635 0.0046
0.00340185 0.0045
0.00323777 0.0044
0.00307415 0.0043
0.00291104 0.0042
0.00274847 0.0041
0.00258648 0.004
0.00242511 0.0039
0.0022644 0.0038
0.00210438 0.0037
0.00194508 0.0036
0.00178653 0.0035
0.00162875 0.0034
0.00147177 0.0033
0.0013156 0.0032
0.00116026 0.0031
0.00100576 0.003
0.00085211 0.0029
0.00069931 0.0028
0.000547368 0.0027
0.000396282 0.0026
0.000246051 0.0025
9.66704e-05 0.0024
-5.1866e-05 0.0023
-0.000199566 0.0022
-0.000346439 0.0021
-0.000492497 0.002
-0.00063775 0.0019
-0.000782213 0.0018
-0.000925898 0.0017
-0.00106882 0.0016
-0.001211 0.0015
-0.00135244 0.0014
-0.00149316 0.0013
-0.00163319 0.0012
-0.00177253 0.0011
-0.0019112 0.001
-0.00204922 0.0009
-0.0021866 0.0008
-0.00232336 0.0007
-0.00245952 0.0006
-0.00259508 0.0005
-0.00273007 0.0004
-0.00286449 0.0003
-0.00299837 0.0002
-0.00313172 0.0001
-0.00326455 1.89735e-19
-0.00339688 -0.0001
-0.00352871 -0.0002
-0.00366006 -0.0003
-0.00379095 -0.0004
-0.00392138 -0.0005
-0.00405137 -0.0006
-0.00418093 -0.0007
-0.00431007 -0.0008
-0.00443879 -0.0009
-0.00456712 -0.001
-0.00469506 -0.0011
-0.00482262 -0.0012
-0.00494981 -0.0013
-0.00507664 -0.0014
-0.00520312 -0.0015
-0.00532925 -0.0016
-0.00545505 -0.0017
-0.00558052 -0.0018
-0.00570567 -0.0019
-0.00583051 -0.002
-0.00595505 -0.0021
-0.00607929 -0.0022
-0.00620325 -0.0023
-0.00632691 -0.0024
-0.00645031 -0.0025
-0.00657343 -0.0026
-0.00669628 -0.0027
-0.00681888 -0.0028
-0.00694123 -0.0029
-0.00706333 -0.003
-0.00718519 -0.0031
-0.00730681 -0.0032
-0.0074282 -0.0033
-0.00754937 -0.0034
-0.00767031 -0.0035
-0.00779103 -0.0036
-0.00791155 -0.0037
-0.00803185 -0.0038
-0.00815196 -0.0039
-0.00827186 -0.004
-0.00839157 -0.0041
-0.00851108 -0.0042
-0.00863041 -0.0043
-0.00874955 -0.0044
-0.00886852 -0.0045
-0.0089873 -0.0046
-0.00910591 -0.0047
-0.00922436 -0.0048
-0.00934263 -0.0049
-0.00946074 -0.005
-0.00957869 -0.0051
-0.00969648 -0.0052
-0.00981412 -0.0053
-0.00993161 -0.0054
-0.0100489 -0.0055
-0.0101661 -0.0056
-0.0102832 -0.0057
-0.0104001 -0.0058
-0.0105168 -0.0059
-0.0106335 -0.006
-0.01075 -0.0061
-0.0108663 -0.0062
-0.0109825 -0.0063
-0.0110986 -0.0064
-0.0112146 -0.0065
-0.0113305 -0.0066
-0.0114462 -0.0067
-0.0115618 -0.0068
-0.0116773 -0.0069
-0.0117927 -0.007
-0.0119079 -0.0071
-0.0120231 -0.0072
-0.0121381 -0.0073
-0.012253 -0.0074
-0.0123679 -0.0075
-0.0124826 -0.0076
-0.0125972 -0.0077
-0.0127117 -0.0078
-0.0128261 -0.0079
-0.0129404 -0.008
-0.0130546 -0.0081
-0.0131688 -0.0082
-0.0132828 -0.0083
-0.0133967 -0.0084
-0.0135105 -0.0085
-0.0136243 -0.0086
-0.0137379 -0.0087
-0.0138515 -0.0088
-0.013965 -0.0089
-0.0140784 -0.009
-0.0141917 -0.0091
-0.0143049 -0.0092
-0.014418 -0.0093
-0.0145311 -0.0094
-0.0146441 -0.0095
-0.014757 -0.0096
-0.0148698 -0.0097
-0.0149825 -0.0098
-0.0150952 -0.0099
-0.0152078 -0.01
-0.0153203 -0.0101
-0.0154328 -0.0102
-0.0155451 -0.0103
-0.0156574 -0.0104
-0.0157697 -0.0105
-0.0158818 -0.0106
-0.0159939 -0.0107
-0.016106 -0.0108
-0.0162179 -0.0109
-0.0163298 -0.011
-0.0164416 -0.0111
-0.0165534 -0.0112
-0.0166651 -0.0113
-0.0167767 -0.0114
-0.0168883 -0.0115
-0.0169998 -0.0116
-0.0171112 -0.0117
-0.0172226 -0.0118
-0.017334 -0.0119
-0.0174452 -0.012
-0.0175564 -0.0121
-0.0176676 -0.0122
-0.0177787 -0.0123
-0.0178897 -0.0124
-0.0180007 -0.0125
-0.0181116 -0.0126
-0.0182225 -0.0127
-0.0183333 -0.0128
-0.0184441 -0.0129
-0.0185548 -0.013
-0.0186655 -0.0131
-0.0187761 -0.0132
-0.0188866 -0.0133
-0.0189971 -0.0134
-0.0191076 -0.0135
-0.019218 -0.0136
-0.0193284 -0.0137
-0.0194387 -0.0138
-0.0195489 -0.0139
-0.0196592 -0.014
-0.0197693 -0.0141
-0.0198795 -0.0142
-0.0199895 -0.0143
-0.0200996 -0.0144
-0.0202095 -0.0145
-0.0203195 -0.0146
-0.0204294 -0.0147
-0.0205392 -0.0148
-0.020649 -0.0149
-0.0207588 -0.015
-0.0208685 -0.0151
-0.0209782 -0.0152
-0.0210879 -0.0153
-0.0211975 -0.0154
-0.021307 -0.0155
-0.0214165 -0.0156
-0.021526 -0.0157
-0.0216354 -0.0158
-0.0217448 -0.0159
-0.0218542 -0.016
-0.0219635 -0.0161
-0.0220728 -0.0162
-0.022182 -0.0163
-0.0222913 -0.0164
-0.0224004 -0.0165
-0.0225096 -0.0166
-0.0226186 -0.0167
-0.0227277 -0.0168
-0.0228367 -0.0169
-0.0229457 -0.017
-0.0230547 -0.0171
-0.0231636 -0.0172
-0.0232725 -0.0173
-0.0233813 -0.0174
-0.0234901 -0.0175
-0.0235989 -0.0176
-0.0237077 -0.0177
-0.0238164 -0.0178
-0.023925 -0.0179
-0.0240337 -0.018
-0.0241423 -0.0181
-0.0242509 -0.0182
-0.0243594 -0.0183
-0.024468 -0.0184
-0.0245764 -0.0185
-0.0246849 -0.0186
-0.0247933 -0.0187
-0.0249017 -0.0188
-0.0250101 -0.0189
-0.0251184 -0.019
-0.0252267 -0.0191
-0.025335 -0.0192
-0.0254432 -0.0193
-0.0255515 -0.0194
-0.0256596 -0.0195
-0.0257678 -0.0196
-0.0258759 -0.0197
-0.025984 -0.0198
-0.0260921 -0.0199
-0.0262001 -0.02
-0.0263082 -0.0201
-0.0264162 -0.0202
-0.0265241 -0.0203
-0.0266321 -0.0204
-0.02674 -0.0205
-0.0268478 -0.0206
-0.0269557 -0.0207
-0.0270635 -0.0208
-0.0271713 -0.0209
-0.0272791 -0.021
-0.0273869 -0.0211
-0.0274946 -0.0212
-0.0276023 -0.0213
-0.02771 -0.0214
-0.0278176 -0.0215
-0.0279253 -0.0216
-0.0280329 -0.0217
-0.0281404 -0.0218
-0.028248 -0.0219
-0.0283555 -0.022
-0.028463 -0.0221
-0.0285705 -0.0222
-0.028678 -0.0223
-0.0287854 -0.0224
-0.0288928 -0.0225
-0.0290002 -0.0226
-0.0291076 -0.0227
-0.0292149 -0.0228
-0.0293222 -0.0229
-0.0294295 -0.023
-0.0295368 -0.0231
-0.0296441 -0.0232
-0.0297513 -0.0233
-0.0298585 -0.0234
-0.0299657 -0.0235
-0.0300729 -0.0236
-0.03018 -0.0237
-0.0302871 -0.0238
-0.0303943 -0.0239
-0.0305013 -0.024
-0.0306084 -0.0241
-0.0307154 -0.0242
-0.0308225 -0.0243
-0.0309295 -0.0244
-0.0310364 -0.0245
-0.0311434 -0.0246
-0.0312503 -0.0247
-0.0313573 -0.0248
-0.0314642 -0.0249
-0.0315711 -0.025
-0.0314044 -0.0249
-0.0312377 -0.0248
-0.0310711 -0.0247
-0.0309044 -0.0246
-0.0307377 -0.0245
-0.0305711 -0.0244
-0.0304044 -0.0243
-0.0302377 -0.0242
-0.0300711 -0.0241
-0.0299044 -0.024
-0.0297377 -0.0239
-0.0295711 -0.0238
-0.0294044 -0.0237
-0.0292377 -0.0236
-0.0290711 -0.0235
-0.0289044 -0.0234
-0.0287377 -0.0233
-0.0285711 -0.0232
-0.0284044 -0.0231
-0.0282377 -0.023
-0.0280711 -0.0229
-0.0279044 -0.0228
-0.0277377 -0.0227
-0.0275711 -0.0226
-0.0274044 -0.0225
-0.0272377 -0.0224
-0.0270711 -0.0223
-0.0269044 -0.0222
-0.0267377 -0.0221
-0.0265711 -0.022
-0.0264044 -0.0219
-0.0262377 -0.0218
-0.0260711 -0.0217
-0.0259044 -0.0216
-0.0257377 -0.0215
-0.0255711 -0.0214
-0.0254044 -0.0213
-0.0252377 -0.0212
-0.0250711 -0.0211
-0.0249044 -0.021
-0.0247377 -0.0209
-0.0245711 -0.0208
-0.0244044 -0.0207
-0.0242377 -0.0206
-0.0240711 -0.0205
-0.0239044 -0.0204
-0.0237377 -0.0203
-0.0235711 -0.0202
-0.0234044 -0.0201
-0.0232377 -0.02
-0.0230711 -0.0199
-0.0229044 -0.0198
-0.0227377 -0.0197
-0.0225711 -0.0196
-0.0224044 -0.0195
-0.0222377 -0.0194
-0.0220711 -0.0193
-0.0219044 -0.0192
-0.0217377 -0.0191
-0.0215711 -0.019
-0.0214044 -0.0189
-0.0212377 -0.0188
-0.0210711 -0.0187
-0.0209044 -0.0186
-0.0207377 -0.0185
-0.0205711 -0.0184
-0.0204044 -0.0183
-0.0202377 -0.0182
-0.0200711 -0.0181
-0.0199044 -0.018
-0.0197377 -0.0179
-0.0195711 -0.0178
-0.0194044 -0.0177
-0.0192377 -0.0176
-0.0190711 -0.0175
-0.0189044 -0.0174
-0.0187377 -0.0173
-0.0185711 -0.0172
-0.0184044 -0.0171
-0.0182377 -0.017
-0.0180711 -0.0169
-0.0179044 -0.0168
-0.0177377 -0.0167
-0.0175711 -0.0166
-0.0174044 -0.0165
-0.0172377 -0.0164
-0.0170711 -0.0163
-0.0169044 -0.0162
-0.0167377 -0.0161
-0.0165711 -0.016
-0.0164044 -0.0159
-0.0162377 -0.0158
-0.0160711 -0.0157
-0.0159044 -0.0156
-0.0157377 -0.0155
-0.0155711 -0.0154
-0.0154044 -0.0153
-0.0152377 -0.0152
-0.0150711 -0.0151
-0.0149044 -0.015
-0.0147377 -0.0149
-0.0145711 -0.0148
-0.0144044 -0.0147
-0.0142378 -0.0146
-0.0140713 -0.0145
-0.0139048 -0.0144
-0.0137383 -0.0143
-0.0135721 -0.0142
-0.0134059 -0.0141
-0.01324 -0.014
-0.0130742 -0.0139
-0.0129087 -0.0138
-0.0127435 -0.0137
-0.0125786 -0.0136
-0.0124141 -0.0135
-0.0122501 -0.0134
-0.0120864 -0.0133
-0.0119233 -0.0132
-0.0117607 -0.0131
-0.0115988 -0.013
-0.0114374 -0.0129
-0.0112767 -0.0128
-0.0111167 -0.0127
-0.0109574 -0.0126
-0.0107988 -0.0125
-0.010641 -0.0124
-0.0104841 -0.0123
-0.0103279 -0.0122
-0.0101725 -0.0121
-0.010018 -0.012
-0.00986439 -0.0119
-0.00971159 -0.0118
-0.00955965 -0.0117
-0.00940857 -0.0116
-0.00925833 -0.0115
-0.00910895 -0.0114
-0.00896042 -0.0113
-0.00881272 -0.0112
-0.00866584 -0.0111
-0.00851979 -0.011
-0.00837453 -0.0109
-0.00823007 -0.0108
-0.00808639 -0.0107
-0.00794346 -0.0106
-0.00780129 -0.0105
-0.00765985 -0.0104
-0.00751912 -0.0103
-0.00737909 -0.0102
-0.00723975 -0.0101
-0.00710108 -0.01
-0.00696306 -0.0099
-0.00682568 -0.0098
-0.00668892 -0.0097
-0.00655277 -0.0096
-0.00641721 -0.0095
-0.00628222 -0.0094
-0.00614779 -0.0093
-0.00601391 -0.0092
-0.00588056 -0.0091
-0.00574773 -0.009
-0.00561541 -0.0089
-0.00548357 -0.0088
-0.00535222 -0.0087
-0.00522133 -0.0086
-0.0050909 -0.0085
-0.00496091 -0.0084
-0.00483135 -0.0083
-0.00470222 -0.0082
-0.00457349 -0.0081
-0.00444516 -0.008
-0.00431722 -0.0079
-0.00418966 -0.0078
-0.00406247 -0.0077
-0.00393565 -0.0076
-0.00380917 -0.0075
-0.00368303 -0.0074
-0.00355724 -0.0073
-0.00343176 -0.0072
-0.00330661 -0.0071
-0.00318177 -0.007
-0.00305723 -0.0069
-0.00293299 -0.0068
-0.00280904 -0.0067
-0.00268537 -0.0066
-0.00256198 -0.0065
-0.00243886 -0.0064
-0.002316 -0.0063
-0.0021934 -0.0062
-0.00207105 -0.0061
-0.00194895 -0.006
-0.0018271 -0.0059
-0.00170547 -0.0058
-0.00158408 -0.0057
-0.00146292 -0.0056
-0.00134198 -0.0055
-0.00122125 -0.0054
-0.00110074 -0.0053
-0.00098043 -0.0052
-0.000860328 -0.0051
-0.000740425 -0.005
-0.000620718 -0.0049
-0.000501202 -0.0048
-0.000381874 -0.0047
-0.000262731 -0.0046
-0.000143768 -0.0045
-2.49815e-05 -0.0044
9.36309e-05 -0.0043
0.000212073 -0.0042
0.000330348 -0.0041
0.000448459 -0.004
0.000566408 -0.0039
0.0006842 -0.0038
0.000801837 -0.0037
0.000919321 -0.0036
0.00103666 -0.0035
0.00115384 -0.0034
0.00127089 -0.0033
0.00138779 -0.0032
0.00150455 -0.0031
0.00162118 -0.003
0.00173767 -0.0029
0.00185403 -0.0028
0.00197025 -0.0027
0.00208635 -0.0026
0.00220233 -0.0025
0.00231818 -0.0024
0.00243391 -0.0023
0.00254952 -0.0022
0.00266501 -0.0021
0.00278038 -0.002
0.00289564 -0.0019
0.00301079 -0.0018
0.00312583 -0.0017
0.00324076 -0.0016
0.00335558 -0.0015
0.0034703 -0.0014
0.00358491 -0.0013
0.00369942 -0.0012
0.00381383 -0.0011
0.00392814 -0.001
0.00404236 -0.0009
0.00415647 -0.0008
0.00427049 -0.0007
0.00438442 -0.0006
0.00449826 -0.0005
0.004612 -0.0004
0.00472565 -0.0003
0.00483922 -0.0002
0.0049527 -0.0001
0.00506609 -2.43945e-19
0.0051794 0.0001
0.00529262 0.0002
0.00540576 0.0003
0.00551882 0.0004
0.0056318 0.0005
0.0057447 0.0006
0.00585752 0.0007
0.00597026 0.0008
0.00608293 0.0009
0.00619552 0.001
0.00630804 0.0011
0.00642049 0.0012
0.00653286 0.0013
0.00664516 0.0014
0.00675739 0.0015
0.00686955 0.0016
0.00698165 0.0017
0.00709367 0.0018
0.00720563 0.0019
0.00731752 0.002
0.00742934 0.0021
0.0075411 0.0022
0.0076528 0.0023
0.00776443 0.0024
0.007876 0.0025
0.00798751 0.0026
0.00809896 0.0027
0.00821034 0.0028
0.00832167 0.0029
0.00843294 0.003
0.00854415 0.0031
0.0086553 0.0032
0.0087664 0.0033
0.00887743 0.0034
0.00898842 0.0035
0.00909935 0.0036
0.00921022 0.0037
0.00932104 0.0038
0.00943181 0.0039
0.00954252 0.004
0.00965318 0.0041
0.00976379 0.0042
0.00987435 0.0043
0.00998486 0.0044
0.0100953 0.0045
0.0102057 0.0046
0.0103161 0.0047
0.0104264 0.0048
0.0105367 0.0049
0.0106469 0.005
0.010757 0.0051
0.0108672 0.0052
0.0109772 0.0053
0.0110873 0.0054
0.0111973 0.0055
0.0113072 0.0056
0.0114171 0.0057
0.011527 0.0058
0.0116368 0.0059
0.0117465 0.006
0.0118563 0.0061
0.0119659 0.0062
0.0120756 0.0063
0.0121852 0.0064
0.0122947 0.0065
0.0124042 0.0066
0.0125137 0.0067
0.0126232 0.0068
0.0127326 0.0069
0.0128419 0.007
0.0129512 0.0071
0.0130605 0.0072
0.0131698 0.0073
0.013279 0.0074
0.0133881 0.0075
0.0134973 0.0076
0.0136064 0.0077
0.0137154 0.0078
0.0138244 0.0079
0.0139334 0.008
0.0140424 0.0081
0.0141513 0.0082
0.0142602 0.0083
0.014369 0.0084
0.0144778 0.0085
0.0145866 0.0086
0.0146954 0.0087
0.0148041 0.0088
0.0149128 0.0089
0.0150214 0.009
0.01513 0.0091
0.0152386 0.0092
0.0153472 0.0093
0.0154557 0.0094
0.0155642 0.0095
0.0156726 0.0096
0.015781 0.0097
0.0158894 0.0098
0.0159978 0.0099
0.0161061 0.01
0.0162144 0.0101
0.0163227 0.0102
0.016431 0.0103
0.0165392 0.0104
0.0166474 0.0105
0.0167555 0.0106
0.0168636 0.0107
0.0169717 0.0108
0.0170798 0.0109
0.0171879 0.011
0.0172959 0.0111
0.0174039 0.0112
0.0175118 0.0113
0.0176198 0.0114
0.0177277 0.0115
0.0178356 0.0116
0.0179434 0.0117
0.0180513 0.0118
0.0181591 0.0119
0.0182668 0.012
0.0183746 0.0121
0.0184823 0.0122
0.01859 0.0123
0.0186977 0.0124
0.0188053 0.0125
0.018913 0.0126
0.0190206 0.0127
0.0191282 0.0128
0.0192357 0.0129
0.0193432 0.013
0.0194507 0.0131
0.0195582 0.0132
0.0196657 0.0133
0.0197731 0.0134
0.0198805 0.0135
0.0199879 0.0136
0.0200953 0.0137
0.0202026 0.0138
0.02031 0.0139
0.0204173 0.014
0.0205245 0.0141
0.0206318 0.0142
0.020739 0.0143
0.0208462 0.0144
0.0209534 0.0145
0.0210606 0.0146
0.0211677 0.0147
0.0212749 0.0148
0.021382 0.0149
0.0214891 0.015
0.0215961 0.0151
0.0217032 0.0152
0.0218102 0.0153
0.0219172 0.0154
0.0220242 0.0155
0.0221311 0.0156
0.0222381 0.0157
0.022345 0.0158
0.0224519 0.0159
0.0225588 0.016
0.0226656 0.0161
0.0227725 0.0162
0.0228793 0.0163
0.0229861 0.0164
0.0230929 0.0165
0.0231997 0.0166
0.0233064 0.0167
0.0234131 0.0168
0.0235198 0.0169
0.0236265 0.017
0.0237332 0.0171
0.0238399 0.0172
0.0239465 0.0173
0.0240531 0.0174
0.0241597 0.0175
0.0242663 0.0176
0.0243729 0.0177
0.0244794 0.0178
0.024586 0.0179
0.0246925 0.018
0.024799 0.0181
0.0249055 0.0182
0.0250119 0.0183
0.0251184 0.0184
0.0252248 0.0185
0.0253312 0.0186
0.0254376 0.0187
0.025544 0.0188
0.0256504 0.0189
0.0257567 0.019
0.025863 0.0191
0.0259694 0.0192
0.0260756 0.0193
0.0261819 0.0194
0.0262882 0.0195
0.0263945 0.0196
0.0265007 0.0197
0.0266069 0.0198
0.0267131 0.0199
0.0268193 0.02
0.0269255 0.0201
0.0270316 0.0202
0.0271378 0.0203
0.0272439 0.0204
0.02735 0.0205
0.0274561 0.0206
0.0275622 0.0207
0.0276683 0.0208
0.0277743 0.0209
0.0278804 0.021
0.0279864 0.0211
0.0280924 0.0212
0.0281984 0.0213
0.0283044 0.0214
0.0284104 0.0215
0.0285163 0.0216
0.0286222 0.0217
0.0287282 0.0218
0.0288341 0.0219
0.02894 0.022
0.0290459 0.0221
0.0291517 0.0222
0.0292576 0.0223
0.0293634 0.0224
0.0294693 0.0225
0.0295751 0.0226
0.0296809 0.0227
0.0297867 0.0228
0.0298925 0.0229
0.0299982 0.023
0.030104 0.0231
0.0302097 0.0232
0.0303154 0.0233
0.0304212 0.0234
0.0305269 0.0235
0.0306325 0.0236
0.0307382 0.0237
0.0308439 0.0238
0.0309495 0.0239
0.0310552 0.024
0.0311608 0.0241
0.0312664 0.0242
0.031372 0.0243
0.0314776 0.0244
0.0315832 0.0245
0.0316887 0.0246
0.0317943 0.0247
0.0318998 0.0248
0.0320053 0.0249
0.0321109 0.025
0.0304442 0.024
0.0287775 0.023
0.0271109 0.022
0.0254442 0.021
0.0237775 0.02
0.0221109 0.019
0.0204442 0.018
0.0187775 0.017
0.0171109 0.016
0.0154442 0.015
0.0137775 0.014
0.0121124 0.013
0.0104672 0.012
0.00887902 0.011
0.00737232 0.01
0.00594623 0.009
0.00458704 0.008
0.00327997 0.007
0.00201309 0.006
0.000777532 0.005
-0.000433194 0.004
-0.00162387 0.003
-0.00279807 0.002
-0.00395853 0.001
-0.00510736 -1.11022e-16
-0.00624622 -0.001
-0.00737645 -0.002
-0.00849915 -0.003
-0.00961519 -0.004
-0.0107253 -0.005
-0.0118302 -0.006
-0.0129303 -0.007
-0.0140261 -0.008
-0.015118 -0.009
-0.0162063 -0.01
-0.0172913 -0.011
-0.0183733 -0.012
-0.0194526 -0.013
-0.0205292 -0.014
-0.0216035 -0.015
-0.0226755 -0.016
-0.0237454 -0.017
-0.0248134 -0.018
-0.0258795 -0.019
-0.0269439 -0.02
-0.0280066 -0.021
-0.0290679 -0.022
-0.0301276 -0.023
-0.031186 -0.024
-0.0322431 -0.025
-0.0332989 -0.026
-0.0343535 -0.027
-0.035407 -0.028
-0.0364594 -0.029
-0.0375108 -0.03
-0.0385612 -0.031
-0.0396107 -0.032
-0.0406593 -0.033
-0.041707 -0.034
-0.0427538 -0.035
-0.0410872 -0.034
-0.0394205 -0.033
-0.0377538 -0.032
-0.0360872 -0.031
-0.0344205 -0.03
-0.0327538 -0.029
-0.0310872 -0.028
-0.0294205 -0.027
-0.0277538 -0.026
-0.0260872 -0.025
-0.0244205 -0.024
-0.0227538 -0.023
-0.0210887 -0.022
-0.0194435 -0.021
-0.0178553 -0.02
-0.0163486 -0.019
-0.0149225 -0.018
-0.0135633 -0.017
-0.0122563 -0.016
-0.0109894 -0.015
-0.00975383 -0.014
-0.0085431 -0.013
-0.00735243 -0.012
-0.00617823 -0.011
-0.00501777 -0.01
-0.00386894 -0.009
-0.00273008 -0.008
-0.00159984 -0.007
-0.000477151 -0.006
0.000638893 -0.005
0.00174903 -0.004
0.00285388 -0.003
0.00395398 -0.002
0.00504978 -0.001
0.00614167 -1.11022e-16
0.00722998 0.001
0.00831502 0.002
0.00939704 0.003
0.0104763 0.004
0.0115529 0.005
0.0126272 0.006
0.0136992 0.007
0.0147691 0.008
0.0158371 0.009
0.0169032 0.01
0.0179676 0.011
0.0190303 0.012
0.0200916 0.013
0.0211513 0.014
0.0222097 0.015
0.0232668 0.016
0.0243226 0.017
0.0253772 0.018
0.0264307 0.019
0.0274831 0.02
0.0285345 0.021
0.0295849 0.022
0.0306344 0.023
0.031683 0.024
0.0327307 0.025
0.0337775 0.026
0.0348236 0.027
0.0358689 0.028
0.0369134 0.029
0.0379573 0.03
0.0390004 0.031
0.0400429 0.032
0.0410848 0.033
0.042126 0.034
0.0431666 0.035
0.0415 0.034
0.0398333 0.033
0.0381666 0.032
0.0365 0.031
0.0348333 0.03
0.0331666 0.029
0.0315 0.028
0.0298333 0.027
0.0281666 0.026
0.0265 0.025
0.0248333 0.024
0.0231666 0.023
0.0215 0.022
0.0198348 0.021
0.0181897 0.02
0.0166015 0.019
0.0150948 0.018
0.0136687 0.017
0.0123095 0.016
0.0110024 0.015
0.00973552 0.014
0.00849996 0.013
0.00728924 0.012
0.00609856 0.011
0.00492436 0.01
0.0037639 0.009
0.00261508 0.008
0.00147621 0.007
0.000345977 0.006
-0.000776716 0.005
-0.00189276 0.004
-0.0030029 0.003
-0.00410775 0.002
-0.00520785 0.001
-0.00630365 -1.11023e-16
-0.00739554 -0.001
-0.00848385 -0.002
-0.00956889 -0.003
-0.0106509 -0.004
-0.0117301 -0.005
-0.0128068 -0.006
-0.013881 -0.007
-0.0149531 -0.008
-0.016023 -0.009
-0.0170909 -0.01
-0.0181571 -0.011
-0.0192214 -0.012
-0.0202842 -0.013
-0.0213454 -0.014
-0.0224052 -0.015
-0.0234636 -0.016
-0.0245206 -0.017
-0.0255764 -0.018
-0.0266311 -0.019
-0.0276846 -0.02
-0.028737 -0.021
-0.0297884 -0.022
-0.0308388 -0.023
-0.0318883 -0.024
-0.0329368 -0.025
-0.0339845 -0.026
-0.0350314 -0.027
-0.0360775 -0.028
-0.0371228 -0.029
-0.0381673 -0.03
-0.0392112 -0.031
-0.0402543 -0.032
-0.0412968 -0.033
-0.0423386 -0.034
-0.0433799 -0.035
-0.0444205 -0.036
-0.0454605 -0.037
-0.0465 -0.038
-0.047539 -0.039
-0.0485774 -0.04
-0.0496153 -0.041
-0.0506527 -0.042
-0.0516897 -0.043
-0.0527261 -0.044
-0.0537622 -0.045
-0.0520955 -0.044
-0.0504288 -0.043
-0.0487622 -0.042
-0.0470955 -0.041
-0.0454288 -0.04
-0.0437622 -0.039
-0.0420955 -0.038
-0.0404288 -0.037
-0.0387622 -0.036
-0.0370955 -0.035
-0.0354288 -0.034
-0.0337622 -0.033
-0.0320955 -0.032
-0.0304288 -0.031
-0.0287637 -0.03
-0.0271185 -0.029
-0.0255303 -0.028
-0.0240236 -0.027
-0.0225975 -0.026
-0.0212383 -0.025
-0.0199313 -0.024
-0.0186644 -0.023
-0.0174288 -0.022
-0.0162181 -0.021
-0.0150274 -0.02
-0.0138532 -0.019
-0.0126928 -0.018
-0.0115439 -0.017
-0.0104051 -0.016
-0.00927484 -0.015
-0.00815214 -0.014
-0.0070361 -0.013
-0.00592596 -0.012
-0.00482111 -0.011
-0.00372101 -0.01
-0.00262521 -0.009
-0.00153332 -0.008
-0.000445008 -0.007
0.00064003 -0.006
0.00172205 -0.005
0.00280129 -0.004
0.00387794 -0.003
0.00495219 -0.002
0.0060242 -0.001
0.00709412 -1.11022e-16
0.00816208 0.001
0.0092282 0.002
0.0102926 0.003
0.0113553 0.004
0.0124166 0.005
0.0134763 0.006
0.0145347 0.007
0.0155918 0.008
0.0166476 0.009
0.0177022 0.01
0.0187557 0.011
0.0198081 0.012
0.0208595 0.013
0.0219099 0.014
0.0229594 0.015
0.024008 0.016
0.0250557 0.017
0.0261025 0.018
0.0271486 0.019
0.0281939 0.02
0.0292385 0.021
0.0302823 0.022
0.0313254 0.023
0.0323679 0.024
0.0334098 0.025
0.034451 0.026
0.0354916 0.027
0.0365317 0.028
0.0375712 0.029
0.0386101 0.03
0.0396485 0.031
0.0406865 0.032
0.0417239 0.033
0.0427608 0.034
0.0437973 0.035
0.0448333 0.036
0.0458689 0.037
0.046904 0.038
0.0479388 0.039
0.0489731 0.04
0.050007 0.041
0.0510406 0.042
0.0520737 0.043
0.0531065 0.044
0.054139 0.045
0.0524723 0.044
0.0508057 0.043
0.049139 0.042
0.0474723 0.041
0.0458057 0.04
0.044139 0.039
0.0424723 0.038
0.0408057 0.037
0.039139 0.036
0.0374723 0.035
0.0358057 0.034
0.034139 0.033
0.0324723 0.032
0.0308057 0.031
0.0291405 0.03
0.0274954 0.029
0.0259072 0.028
0.0244004 0.027
0.0229744 0.026
0.0216152 0.025
0.0203081 0.024
0.0190412 0.023
0.0178057 0.022
0.0165949 0.021
0.0154043 0.02
0.0142301 0.019
0.0130696 0.018
0.0119208 0.017
0.0107819 0.016
0.00965167 0.015
0.00852898 0.014
0.00741294 0.013
0.0063028 0.012
0.00519795 0.011
0.00409785 0.01
0.00300205 0.009
0.00191016 0.008
0.000821845 0.007
-0.000263193 0.006
-0.00134521 0.005
-0.00242445 0.004
-0.0035011 0.003
-0.00457535 0.002
-0.00564736 0.001
-0.00671728 -1.11022e-16
-0.00778524 -0.001
-0.00885136 -0.002
-0.00991575 -0.003
-0.0109785 -0.004
-0.0120397 -0.005
-0.0130995 -0.006
-0.0141579 -0.007
-0.0152149 -0.008
-0.0162707 -0.009
-0.0173254 -0.01
-0.0183789 -0.011
-0.0194313 -0.012
-0.0204827 -0.013
-0.0215331 -0.014
-0.0225826 -0.015
-0.0236311 -0.016
-0.0246788 -0.017
-0.0257257 -0.018
-0.0267718 -0.019
-0.0278171 -0.02
-0.0288616 -0.021
-0.0299055 -0.022
-0.0309486 -0.023
-0.0319911 -0.024
-0.0330329 -0.025
-0.0340742 -0.026
-0.0351148 -0.027
-0.0361549 -0.028
-0.0371943 -0.029
-0.0382333 -0.03
-0.0392717 -0.031
-0.0403096 -0.032
-0.041347 -0.033
-0.042384 -0.034
-0.0434204 -0.035
-0.0444565 -0.036
-0.045492 -0.037
-0.0465272 -0.038
-0.0475619 -0.039
-0.0485962 -0.04
-0.0496302 -0.041
-0.0506637 -0.042
-0.0516969 -0.043
-0.0527297 -0.044
-0.0537622 -0.045
-0.0547943 -0.046
-0.055826 -0.047
-0.0568575 -0.048
-0.0578886 -0.049
-0.0589194 -0.05
-0.0599499 -0.051
-0.0609801 -0.052
-0.0620099 -0.053
-0.0630396 -0.054
-0.0640689 -0.055
-0.0624022 -0.054
-0.0607355 -0.053
-0.0590689 -0.052
-0.0574022 -0.051
-0.0557355 -0.05
-0.0540689 -0.049
-0.0524022 -0.048
-0.0507355 -0.047
-0.0490689 -0.046
-0.0474022 -0.045
-0.0457355 -0.044
-0.0440689 -0.043
-0.0424022 -0.042
-0.0407355 -0.041
-0.0390704 -0.04
-0.0374252 -0.039
-0.035837 -0.038
-0.0343303 -0.037
-0.0329042 -0.036
-0.0315451 -0.035
-0.030238 -0.034
-0.0289711 -0.033
-0.0277355 -0.032
-0.0265248 -0.031
-0.0253341 -0.03
-0.0241599 -0.029
-0.0229995 -0.028
-0.0218507 -0.027
-0.0207118 -0.026
-0.0195816 -0.025
-0.0184589 -0.024
-0.0173428 -0.023
-0.0162327 -0.022
-0.0151278 -0.021
-0.0140277 -0.02
-0.0129319 -0.019
-0.01184 -0.018
-0.0107517 -0.017
-0.00966669 -0.016
-0.00858467 -0.015
-0.00750544 -0.014
-0.00642878 -0.013
-0.00535453 -0.012
-0.00428252 -0.011
-0.0032126 -0.01
-0.00214464 -0.009
-0.00107852 -0.008
-1.41337e-05 -0.007
0.00104862 -0.006
0.00210984 -0.005
0.0031696 -0.004
0.00422797 -0.003
0.00528504 -0.002
0.00634086 -0.001
0.00739549 -1.11022e-16
0.008449 0.001
0.00950142 0.002
0.0105528 0.003
0.0116032 0.004
0.0126527 0.005
0.0137013 0.006
0.014749 0.007
0.0157958 0.008
0.0168419 0.009
0.0178872 0.01
0.0189317 0.011
0.0199756 0.012
0.0210187 0.013
0.0220612 0.014
0.0231031 0.015
0.0241443 0.016
0.0251849 0.017
0.026225 0.018
0.0272645 0.019
0.0283034 0.02
0.0293418 0.021
0.0303797 0.022
0.0314172 0.023
0.0324541 0.024
0.0334906 0.025
0.0345266 0.026
0.0355622 0.027
0.0365973 0.028
0.037632 0.029
0.0386664 0.03
0.0397003 0.031
0.0407338 0.032
0.041767 0.033
0.0427998 0.034
0.0438323 0.035
0.0448644 0.036
0.0458961 0.037
0.0469276 0.038
0.0479587 0.039
0.0489895 0.04
0.05002 0.041
0.0510502 0.042
0.0520801 0.043
0.0531097 0.044
0.054139 0.045
0.055168 0.046
0.0561968 0.047
0.0572253 0.048
0.0582536 0.049
0.0592816 0.05
0.0576149 0.049
0.0559483 0.048
0.0542816 0.047
0.0526149 0.046
0.0509483 0.045
0.0492816 0.044
0.0476149 0.043
0.0459483 0.042
0.0442816 0.041
0.0426149 0.04
0.0409483 0.039
0.0392816 0.038
0.0376149 0.037
0.0359483 0.036
0.0342831 0.035
0.032638 0.034
0.0310498 0.033
0.0295431 0.032
0.028117 0.031
0.0267578 0.03
0.0254507 0.029
0.0241838 0.028
0.0229483 0.027
0.0217375 0.026
0.0205469 0.025
0.0193727 0.024
0.0182122 0.023
0.0170634 0.022
0.0159245 0.021
0.0147943 0.02
0.0136716 0.019
0.0125555 0.018
0.0114454 0.017
0.0103406 0.016
0.00924046 0.015
0.00814466 0.014
0.00705277 0.013
0.00596445 0.012
0.00487942 0.011
0.00379739 0.01
0.00271816 0.009
0.00164151 0.008
0.000567259 0.007
-0.000504753 0.006
-0.00157467 0.005
-0.00264263 0.004
-0.00370875 0.003
-0.00477314 0.002
-0.0058359 0.001
-0.00689711 -1.11022e-16
