-0.000166667 -0.0001
-0.000333333 -0.0002
-0.000499999 -0.0003
-0.000666662 -0.0004
-0.00083332 -0.0005
-0.000999967 -0.0006
-0.00116659 -0.0007
-0.00133319 -0.0008
-0.00149975 -0.0009
-0.00166624 -0.001
-0.00183265 -0.0011
-0.00199894 -0.0012
-0.00216509 -0.0013
-0.00233106 -0.0014
-0.0024968 -0.0015
-0.00266226 -0.0016
-0.0028274 -0.0017
-0.00299216 -0.0018
-0.00315647 -0.0019
-0.00332027 -0.002
-0.0034835 -0.0021
-0.00364608 -0.0022
-0.00380795 -0.0023
-0.00396904 -0.0024
-0.00412929 -0.0025
-0.00428864 -0.0026
-0.00444702 -0.0027
-0.0046044 -0.0028
-0.00476072 -0.0029
-0.00491596 -0.003
-0.00507007 -0.0031
-0.00522303 -0.0032
-0.00537483 -0.0033
-0.00552546 -0.0034
-0.00567492 -0.0035
-0.0058232 -0.0036
-0.00597032 -0.0037
-0.00611629 -0.0038
-0.00626112 -0.0039
-0.00640484 -0.004
-0.00654747 -0.0041
-0.00668903 -0.0042
-0.00682954 -0.0043
-0.00696905 -0.0044
-0.00710757 -0.0045
-0.00724514 -0.0046
-0.00738179 -0.0047
-0.00751754 -0.0048
-0.00765243 -0.0049
-0.00778649 -0.005
-0.00761982 -0.0049
-0.00745315 -0.0048
-0.00728649 -0.0047
-0.00711982 -0.0046
-0.00695315 -0.0045
-0.00678649 -0.0044
-0.00661982 -0.0043
-0.00645315 -0.0042
-0.00628649 -0.0041
-0.00611982 -0.004
-0.00595315 -0.0039
-0.00578649 -0.0038
-0.00561982 -0.0037
-0.00545315 -0.0036
-0.00528649 -0.0035
-0.00511982 -0.0034
-0.00495315 -0.0033
-0.00478649 -0.0032
-0.00461982 -0.0031
-0.00445315 -0.003
-0.00428649 -0.0029
-0.00411982 -0.0028
-0.00395315 -0.0027
-0.00378649 -0.0026
-0.00361982 -0.0025
-0.00345315 -0.0024
-0.00328649 -0.0023
-0.00311982 -0.0022
-0.00295315 -0.0021
-0.00278649 -0.002
-0.00261982 -0.0019
-0.00245315 -0.0018
-0.00228649 -0.0017
-0.00211982 -0.0016
-0.00195315 -0.0015
-0.00178649 -0.0014
-0.00161982 -0.0013
-0.00145315 -0.0012
-0.00128649 -0.0011
-0.00111982 -0.001
-0.000953155 -0.0009
-0.000786488 -0.0008
-0.000619821 -0.0007
-0.000453155 -0.0006
-0.000286489 -0.0005
-0.000119826 -0.0004
4.6832e-05 -0.0003
0.000213479 -0.0002
0.000380107 -0.0001
0.000546705 -2.43945e-19
0.00071326 0.0001
0.000879751 0.0002
0.00104616 0.0003
0.00121245 0.0004
0.0013786 0.0005
0.00154457 0.0006
0.00171031 0.0007
0.00187578 0.0008
0.00204092 0.0009
0.00220567 0.001
0.00236998 0.0011
0.00253379 0.0012
0.00269701 0.0013
0.00285959 0.0014
0.00302146 0.0015
0.00318256 0.0016
0.0033428 0.0017
0.00350215 0.0018
0.00366054 0.0019
0.00381791 0.002
0.00397424 0.0021
0.00412947 0.0022
0.00428358 0.0023
0.00443654 0.0024
0.00458834 0.0025
0.00473898 0.0026
0.00488843 0.0027
0.00503672 0.0028
0.00518384 0.0029
0.0053298 0.003
0.00547464 0.0031
0.00561835 0.0032
0.00576098 0.0033
0.00590254 0.0034
0.00604306 0.0035
0.00618256 0.0036
0.00632108 0.0037
0.00645865 0.0038
0.0065953 0.0039
0.00673105 0.004
0.00686594 0.0041
0.007 0.0042
0.00713325 0.0043
0.00726573 0.0044
0.00739745 0.0045
0.00752845 0.0046
0.00765876 0.0047
0.00778839 0.0048
0.00791738 0.0049
0.00804575 0.005
0.00787908 0.0049
0.00771241 0.0048
0.00754575 0.0047
0.00737908 0.0046
0.00721241 0.0045
0.00704575 0.0044
0.00687908 0.0043
0.00671241 0.0042
0.00654575 0.0041
0.00637908 0.004
0.00621241 0.0039
0.00604575 0.0038
0.00587908 0.0037
0.00571241 0.0036
0.00554575 0.0035
0.00537908 0.0034
0.00521241 0.0033
0.00504575 0.0032
0.00487908 0.0031
0.00471241 0.003
0.00454575 0.0029
0.00437908 0.0028
0.00421241 0.0027
0.00404575 0.0026
0.00387908 0.0025
0.00371241 0.0024
0.00354575 0.0023
0.00337908 0.0022
0.00321241 0.0021
0.00304575 0.002
0.00287908 0.0019
0.00271241 0.0018
0.00254575 0.0017
0.00237908 0.0016
0.00221241 0.0015
0.00204575 0.0014
0.00187908 0.0013
0.00171241 0.0012
0.00154575 0.0011
0.00137908 0.001
0.00121241 0.0009
0.00104575 0.0008
0.000879079 0.0007
0.000712412 0.0006
0.000545745 0.0005
0.000379079 0.0004
0.000212412 0.0003
4.57454e-05 0.0002
-0.00012092 0.0001
-0.000287584 2.43945e-19
-0.000454241 -0.0001
-0.000620888 -0.0002
-0.000787516 -0.0003
-0.000954114 -0.0004
-0.00112067 -0.0005
-0.00128716 -0.0006
-0.00145357 -0.0007
-0.00161986 -0.0008
-0.00178601 -0.0009
-0.00195198 -0.001
-0.00211772 -0.0011
-0.00228319 -0.0012
-0.00244833 -0.0013
-0.00261308 -0.0014
-0.00277739 -0.0015
-0.0029412 -0.0016
-0.00310442 -0.0017
-0.003267 -0.0018
-0.00342887 -0.0019
-0.00358996 -0.002
-0.00375021 -0.0021
-0.00390956 -0.0022
-0.00406795 -0.0023
-0.00422532 -0.0024
-0.00438165 -0.0025
-0.00453688 -0.0026
-0.00469099 -0.0027
-0.00484395 -0.0028
-0.00499575 -0.0029
-0.00514638 -0.003
-0.00529584 -0.0031
-0.00544412 -0.0032
-0.00559124 -0.0033
-0.00573721 -0.0034
-0.00588205 -0.0035
-0.00602576 -0.0036
-0.00616839 -0.0037
-0.00630995 -0.0038
-0.00645046 -0.0039
-0.00658997 -0.004
-0.00672849 -0.0041
-0.00686606 -0.0042
-0.00700271 -0.0043
-0.00713846 -0.0044
-0.00727335 -0.0045
-0.00740741 -0.0046
-0.00754066 -0.0047
-0.00767313 -0.0048
-0.00780486 -0.0049
-0.00793586 -0.005
-0.00806617 -0.0051
-0.0081958 -0.0052
-0.00832479 -0.0053
-0.00845315 -0.0054
-0.00858092 -0.0055
-0.0087081 -0.0056
-0.00883472 -0.0057
-0.0089608 -0.0058
-0.00908637 -0.0059
-0.00921143 -0.006
-0.009336 -0.0061
-0.00946011 -0.0062
-0.00958377 -0.0063
-0.00970699 -0.0064
-0.00982978 -0.0065
-0.00995217 -0.0066
-0.0100742 -0.0067
-0.0101958 -0.0068
-0.010317 -0.0069
-0.0104379 -0.007
-0.0105585 -0.0071
-0.0106787 -0.0072
-0.0107985 -0.0073
-0.0109181 -0.0074
-0.0110374 -0.0075
-0.0111563 -0.0076
-0.011275 -0.0077
-0.0113934 -0.0078
-0.0115115 -0.0079
-0.0116294 -0.008
-0.011747 -0.0081
-0.0118643 -0.0082
-0.0119815 -0.0083
-0.0120983 -0.0084
-0.012215 -0.0085
-0.0123314 -0.0086
-0.0124476 -0.0087
-0.0125636 -0.0088
-0.0126794 -0.0089
-0.012795 -0.009
-0.0129104 -0.0091
-0.0130256 -0.0092
-0.0131407 -0.0093
-0.0132555 -0.0094
-0.0133702 -0.0095
-0.0134847 -0.0096
-0.013599 -0.0097
-0.0137131 -0.0098
-0.0138271 -0.0099
-0.013941 -0.01
-0.0140547 -0.0101
-0.0141682 -0.0102
-0.0142816 -0.0103
-0.0143948 -0.0104
-0.014508 -0.0105
-0.0146209 -0.0106
-0.0147338 -0.0107
-0.0148465 -0.0108
-0.014959 -0.0109
-0.0150715 -0.011
-0.0151838 -0.0111
-0.015296 -0.0112
-0.0154081 -0.0113
-0.0155201 -0.0114
-0.0156319 -0.0115
-0.0157437 -0.0116
-0.0158553 -0.0117
-0.0159669 -0.0118
-0.0160783 -0.0119
-0.0161896 -0.012
-0.0163008 -0.0121
-0.0164119 -0.0122
-0.016523 -0.0123
-0.0166339 -0.0124
-0.0167447 -0.0125
-0.0168555 -0.0126
-0.0169661 -0.0127
-0.0170767 -0.0128
-0.0171871 -0.0129
-0.0172975 -0.013
-0.0174078 -0.0131
-0.0175181 -0.0132
-0.0176282 -0.0133
-0.0177383 -0.0134
-0.0178482 -0.0135
-0.0179581 -0.0136
-0.018068 -0.0137
-0.0181777 -0.0138
-0.0182874 -0.0139
-0.018397 -0.014
-0.0185065 -0.0141
-0.018616 -0.0142
-0.0187254 -0.0143
-0.0188347 -0.0144
-0.0189439 -0.0145
-0.0190531 -0.0146
-0.0191623 -0.0147
-0.0192713 -0.0148
-0.0193803 -0.0149
-0.0194892 -0.015
-0.0193226 -0.0149
-0.0191559 -0.0148
-0.0189892 -0.0147
-0.0188226 -0.0146
-0.0186559 -0.0145
-0.0184892 -0.0144
-0.0183226 -0.0143
-0.0181559 -0.0142
-0.0179892 -0.0141
-0.0178226 -0.014
-0.0176559 -0.0139
-0.0174892 -0.0138
-0.0173226 -0.0137
-0.0171559 -0.0136
-0.0169892 -0.0135
-0.0168226 -0.0134
-0.0166559 -0.0133
-0.0164892 -0.0132
-0.0163226 -0.0131
-0.0161559 -0.013
-0.0159892 -0.0129
-0.0158226 -0.0128
-0.0156559 -0.0127
-0.0154892 -0.0126
-0.0153226 -0.0125
-0.0151559 -0.0124
-0.0149892 -0.0123
-0.0148226 -0.0122
-0.0146559 -0.0121
-0.0144892 -0.012
-0.0143226 -0.0119
-0.0141559 -0.0118
-0.0139892 -0.0117
-0.0138226 -0.0116
-0.0136559 -0.0115
-0.0134892 -0.0114
-0.0133226 -0.0113
-0.0131559 -0.0112
-0.0129892 -0.0111
-0.0128226 -0.011
-0.0126559 -0.0109
-0.0124892 -0.0108
-0.0123226 -0.0107
-0.0121559 -0.0106
-0.0119892 -0.0105
-0.0118226 -0.0104
-0.0116559 -0.0103
-0.0114892 -0.0102
-0.0113226 -0.0101
-0.0111559 -0.01
-0.0109892 -0.0099
-0.0108226 -0.0098
-0.0106559 -0.0097
-0.0104892 -0.0096
-0.0103226 -0.0095
-0.0101559 -0.0094
-0.00998925 -0.0093
-0.00982258 -0.0092
-0.00965592 -0.0091
-0.00948925 -0.009
-0.00932258 -0.0089
-0.00915592 -0.0088
-0.00898925 -0.0087
-0.00882258 -0.0086
-0.00865592 -0.0085
-0.00848925 -0.0084
-0.00832258 -0.0083
-0.00815592 -0.0082
-0.00798925 -0.0081
-0.00782258 -0.008
-0.00765592 -0.0079
-0.00748925 -0.0078
-0.0073226 -0.0077
-0.00715595 -0.0076
-0.00698932 -0.0075
-0.00682272 -0.0074
-0.00665617 -0.0073
-0.00648968 -0.0072
-0.00632327 -0.0071
-0.00615697 -0.007
-0.00599083 -0.0069
-0.00582486 -0.0068
-0.00565912 -0.0067
-0.00549365 -0.0066
-0.00532851 -0.0065
-0.00516375 -0.0064
-0.00499944 -0.0063
-0.00483564 -0.0062
-0.00467241 -0.0061
-0.00450983 -0.006
-0.00434796 -0.0059
-0.00418687 -0.0058
-0.00402662 -0.0057
-0.00386728 -0.0056
-0.00370889 -0.0055
-0.00355151 -0.0054
-0.00339519 -0.0053
-0.00323996 -0.0052
-0.00308585 -0.0051
-0.00293289 -0.005
-0.00278108 -0.0049
-0.00263045 -0.0048
-0.002481 -0.0047
-0.00233271 -0.0046
-0.00218559 -0.0045
-0.00203962 -0.0044
-0.00189479 -0.0043
-0.00175107 -0.0042
-0.00160845 -0.0041
-0.00146689 -0.004
-0.00132637 -0.0039
-0.00118687 -0.0038
-0.00104834 -0.0037
-0.000910774 -0.0036
-0.000774127 -0.0035
-0.000638374 -0.0034
-0.000503484 -0.0033
-0.000369427 -0.0032
-0.000236176 -0.0031
-0.000103702 -0.003
2.80232e-05 -0.0029
0.000159026 -0.0028
0.000289332 -0.0027
0.000418967 -0.0026
0.000547954 -0.0025
0.000676318 -0.0024
0.00080408 -0.0023
0.000931262 -0.0022
0.00105788 -0.0021
0.00118397 -0.002
0.00130953 -0.0019
0.00143459 -0.0018
0.00155917 -0.0017
0.00168327 -0.0016
0.00180693 -0.0015
0.00193015 -0.0014
0.00205295 -0.0013
0.00217534 -0.0012
0.00229733 -0.0011
0.00241894 -0.001
0.00254019 -0.0009
0.00266107 -0.0008
0.00278162 -0.0007
0.00290182 -0.0006
0.0030217 -0.0005
0.00314126 -0.0004
0.00326052 -0.0003
0.00337949 -0.0002
0.00349816 -0.0001
0.00361656 -2.43932e-19
0.00373468 0.0001
0.00385255 0.0002
0.00397015 0.0003
0.00408751 0.0004
0.00420462 0.0005
0.0043215 0.0006
0.00443816 0.0007
0.00455458 0.0008
0.0046708 0.0009
0.0047868 0.001
0.00490259 0.0011
0.00501819 0.0012
0.00513359 0.0013
0.00524879 0.0014
0.00536382 0.0015
0.00547866 0.0016
0.00559332 0.0017
0.00570782 0.0018
0.00582214 0.0019
0.0059363 0.002
0.0060503 0.0021
0.00616414 0.0022
0.00627783 0.0023
0.00639137 0.0024
0.00650476 0.0025
0.00661801 0.0026
0.00673111 0.0027
0.00684408 0.0028
0.00695692 0.0029
0.00706963 0.003
0.0071822 0.0031
0.00729465 0.0032
0.00740698 0.0033
0.00751919 0.0034
0.00763127 0.0035
0.00774325 0.0036
0.0078551 0.0037
0.00796685 0.0038
0.00807849 0.0039
0.00819002 0.004
0.00830144 0.0041
0.00841276 0.0042
0.00852398 0.0043
0.0086351 0.0044
0.00874613 0.0045
0.00885705 0.0046
0.00896789 0.0047
0.00907863 0.0048
0.00918928 0.0049
0.00929984 0.005
0.00941031 0.0051
0.0095207 0.0052
0.009631 0.0053
0.00974122 0.0054
0.00985136 0.0055
0.00996142 0.0056
0.0100714 0.0057
0.0101813 0.0058
0.0102911 0.0059
0.0104009 0.006
0.0105105 0.0061
0.0106201 0.0062
0.0107297 0.0063
0.0108391 0.0064
0.0109485 0.0065
0.0110579 0.0066
0.0111671 0.0067
0.0112763 0.0068
0.0113854 0.0069
0.0114945 0.007
0.0116035 0.0071
0.0117124 0.0072
0.0118213 0.0073
0.0119301 0.0074
0.0120388 0.0075
0.0121475 0.0076
0.0122562 0.0077
0.0123648 0.0078
0.0124733 0.0079
0.0125817 0.008
0.0126902 0.0081
0.0127985 0.0082
0.0129068 0.0083
0.0130151 0.0084
0.0131233 0.0085
0.0132314 0.0086
0.0133395 0.0087
0.0134476 0.0088
0.0135556 0.0089
0.0136635 0.009
0.0137714 0.0091
0.0138793 0.0092
0.0139871 0.0093
0.0140948 0.0094
0.0142025 0.0095
0.0143102 0.0096
0.0144178 0.0097
0.0145254 0.0098
0.014633 0.0099
0.0147405 0.01
0.0148479 0.0101
0.0149553 0.0102
0.0150627 0.0103
0.01517 0.0104
0.0152773 0.0105
0.0153846 0.0106
0.0154918 0.0107
0.015599 0.0108
0.0157061 0.0109
0.0158132 0.011
0.0159202 0.0111
0.0160273 0.0112
0.0161343 0.0113
0.0162412 0.0114
0.0163481 0.0115
0.016455 0.0116
0.0165618 0.0117
0.0166686 0.0118
0.0167754 0.0119
0.0168822 0.012
0.0169889 0.0121
0.0170955 0.0122
0.0172022 0.0123
0.0173088 0.0124
0.0174154 0.0125
0.0175219 0.0126
0.0176284 0.0127
0.0177349 0.0128
0.0178413 0.0129
0.0179478 0.013
0.0180541 0.0131
0.0181605 0.0132
0.0182668 0.0133
0.0183731 0.0134
0.0184794 0.0135
0.0185856 0.0136
0.0186919 0.0137
0.018798 0.0138
0.0189042 0.0139
0.0190103 0.014
0.0191164 0.0141
0.0192225 0.0142
0.0193286 0.0143
0.0194346 0.0144
0.0195406 0.0145
0.0196465 0.0146
0.0197525 0.0147
0.0198584 0.0148
0.0199643 0.0149
0.0200702 0.015
0.0199035 0.0149
0.0197368 0.0148
0.0195702 0.0147
0.0194035 0.0146
0.0192368 0.0145
0.0190702 0.0144
0.0189035 0.0143
0.0187368 0.0142
0.0185702 0.0141
0.0184035 0.014
0.0182368 0.0139
0.0180702 0.0138
0.0179035 0.0137
0.0177368 0.0136
0.0175702 0.0135
0.0174035 0.0134
0.0172368 0.0133
0.0170702 0.0132
0.0169035 0.0131
0.0167368 0.013
0.0165702 0.0129
0.0164035 0.0128
0.0162368 0.0127
0.0160702 0.0126
0.0159035 0.0125
0.0157368 0.0124
0.0155702 0.0123
0.0154035 0.0122
0.0152368 0.0121
0.0150702 0.012
0.0149035 0.0119
0.0147368 0.0118
0.0145702 0.0117
0.0144035 0.0116
0.0142368 0.0115
0.0140702 0.0114
0.0139035 0.0113
0.0137368 0.0112
0.0135702 0.0111
0.0134035 0.011
0.0132368 0.0109
0.0130702 0.0108
0.0129035 0.0107
0.0127368 0.0106
0.0125702 0.0105
0.0124035 0.0104
0.0122368 0.0103
0.0120702 0.0102
0.0119035 0.0101
0.0117368 0.01
0.0115702 0.0099
0.0114035 0.0098
0.0112368 0.0097
0.0110702 0.0096
0.0109035 0.0095
0.0107368 0.0094
0.0105702 0.0093
0.0104035 0.0092
0.0102368 0.0091
0.0100702 0.009
0.0099035 0.0089
0.00973683 0.0088
0.00957016 0.0087
0.0094035 0.0086
0.00923683 0.0085
0.00907016 0.0084
0.0089035 0.0083
0.00873683 0.0082
0.00857016 0.0081
0.0084035 0.008
0.00823683 0.0079
0.00807016 0.0078
0.0079035 0.0077
0.00773683 0.0076
0.00757016 0.0075
0.0074035 0.0074
0.00723683 0.0073
0.00707016 0.0072
0.0069035 0.0071
0.00673683 0.007
0.00657017 0.0069
0.00640351 0.0068
0.00623686 0.0067
0.00607023 0.0066
0.00590364 0.0065
0.00573708 0.0064
0.00557059 0.0063
0.00540418 0.0062
0.00523789 0.0061
0.00507174 0.006
0.00490577 0.0059
0.00474003 0.0058
0.00457457 0.0057
0.00440943 0.0056
0.00424467 0.0055
0.00408036 0.0054
0.00391655 0.0053
0.00375333 0.0052
0.00359075 0.0051
0.00342888 0.005
0.00326779 0.0049
0.00310754 0.0048
0.00294819 0.0047
0.0027898 0.0046
0.00263243 0.0045
0.0024761 0.0044
0.00232087 0.0043
0.00216676 0.0042
0.0020138 0.0041
0.001862 0.004
0.00171137 0.0039
0.00156191 0.0038
0.00141363 0.0037
0.00126651 0.0036
0.00112054 0.0035
0.000975706 0.0034
0.000831988 0.0033
0.000689362 0.0032
0.000547804 0.0031
0.000407286 0.003
0.000267781 0.0029
0.000129258 0.0028
-8.3121e-06 0.0027
-0.000144959 0.0026
-0.000280712 0.0025
-0.000415602 0.0024
-0.000549658 0.0023
-0.00068291 0.0022
-0.000815384 0.0021
-0.000947109 0.002
-0.00107811 0.0019
-0.00120842 0.0018
-0.00133805 0.0017
-0.00146704 0.0016
-0.0015954 0.0015
-0.00172317 0.0014
-0.00185035 0.0013
-0.00197697 0.0012
-0.00210305 0.0011
-0.00222862 0.001
-0.00235368 0.0009
-0.00247825 0.0008
-0.00260236 0.0007
-0.00272602 0.0006
-0.00284924 0.0005
-0.00297203 0.0004
-0.00309442 0.0003
-0.00321642 0.0002
-0.00333803 0.0001
-0.00345927 1.89735e-19
-0.00358016 -0.0001
-0.0037007 -0.0002
-0.00382091 -0.0003
-0.00394079 -0.0004
-0.00406035 -0.0005
-0.00417961 -0.0006
-0.00429857 -0.0007
-0.00441725 -0.0008
-0.00453564 -0.0009
-0.00465377 -0.001
-0.00477163 -0.0011
-0.00488924 -0.0012
-0.00500659 -0.0013
-0.00512371 -0.0014
-0.00524059 -0.0015
-0.00535724 -0.0016
-0.00547367 -0.0017
-0.00558988 -0.0018
-0.00570588 -0.0019
-0.00582168 -0.002
-0.00593727 -0.0021
-0.00605267 -0.0022
-0.00616788 -0.0023
-0.0062829 -0.0024
-0.00639774 -0.0025
-0.00651241 -0.0026
-0.0066269 -0.0027
-0.00674123 -0.0028
-0.00685538 -0.0029
-0.00696938 -0.003
-0.00708322 -0.0031
-0.00719691 -0.0032
-0.00731045 -0.0033
-0.00742384 -0.0034
-0.00753709 -0.0035
-0.0076502 -0.0036
-0.00776317 -0.0037
-0.00787601 -0.0038
-0.00798871 -0.0039
-0.00810129 -0.004
-0.00821374 -0.0041
-0.00832607 -0.0042
-0.00843827 -0.0043
-0.00855036 -0.0044
-0.00866233 -0.0045
-0.00877419 -0.0046
-0.00888594 -0.0047
-0.00899757 -0.0048
-0.0091091 -0.0049
-0.00922053 -0.005
-0.00933185 -0.0051
-0.00944307 -0.0052
-0.00955419 -0.0053
-0.00966521 -0.0054
-0.00977614 -0.0055
-0.00988697 -0.0056
-0.00999771 -0.0057
-0.0101084 -0.0058
-0.0102189 -0.0059
-0.0103294 -0.006
-0.0104398 -0.0061
-0.0105501 -0.0062
-0.0106603 -0.0063
-0.0107704 -0.0064
-0.0108805 -0.0065
-0.0109905 -0.0066
-0.0111004 -0.0067
-0.0112102 -0.0068
-0.01132 -0.0069
-0.0114296 -0.007
-0.0115392 -0.0071
-0.0116488 -0.0072
-0.0117582 -0.0073
-0.0118676 -0.0074
-0.0119769 -0.0075
-0.0120862 -0.0076
-0.0121954 -0.0077
-0.0123045 -0.0078
-0.0124136 -0.0079
-0.0125226 -0.008
-0.0126315 -0.0081
-0.0127404 -0.0082
-0.0128492 -0.0083
-0.0129579 -0.0084
-0.0130666 -0.0085
-0.0131753 -0.0086
-0.0132838 -0.0087
-0.0133924 -0.0088
-0.0135008 -0.0089
-0.0136092 -0.009
-0.0137176 -0.0091
-0.0138259 -0.0092
-0.0139341 -0.0093
-0.0140423 -0.0094
-0.0141505 -0.0095
-0.0142586 -0.0096
-0.0143666 -0.0097
-0.0144746 -0.0098
-0.0145826 -0.0099
-0.0146905 -0.01
-0.0147983 -0.0101
-0.0149062 -0.0102
-0.0150139 -0.0103
-0.0151216 -0.0104
-0.0152293 -0.0105
-0.0153369 -0.0106
-0.0154445 -0.0107
-0.0155521 -0.0108
-0.0156596 -0.0109
-0.015767 -0.011
-0.0158744 -0.0111
-0.0159818 -0.0112
-0.0160891 -0.0113
-0.0161964 -0.0114
-0.0163037 -0.0115
-0.0164109 -0.0116
-0.016518 -0.0117
-0.0166252 -0.0118
-0.0167323 -0.0119
-0.0168393 -0.012
-0.0169464 -0.0121
-0.0170533 -0.0122
-0.0171603 -0.0123
-0.0172672 -0.0124
-0.0173741 -0.0125
-0.0174809 -0.0126
-0.0175877 -0.0127
-0.0176945 -0.0128
-0.0178012 -0.0129
-0.0179079 -0.013
-0.0180146 -0.0131
-0.0181213 -0.0132
-0.0182279 -0.0133
-0.0183344 -0.0134
-0.018441 -0.0135
-0.0185475 -0.0136
-0.018654 -0.0137
-0.0187604 -0.0138
-0.0188668 -0.0139
-0.0189732 -0.014
-0.0190796 -0.0141
-0.0191859 -0.0142
-0.0192922 -0.0143
-0.0193985 -0.0144
-0.0195047 -0.0145
-0.0196109 -0.0146
-0.0197171 -0.0147
-0.0198233 -0.0148
-0.0199294 -0.0149
-0.0200355 -0.015
-0.0201416 -0.0151
-0.0202476 -0.0152
-0.0203537 -0.0153
-0.0204597 -0.0154
-0.0205656 -0.0155
-0.0206716 -0.0156
-0.0207775 -0.0157
-0.0208834 -0.0158
-0.0209892 -0.0159
-0.0210951 -0.016
-0.0212009 -0.0161
-0.0213067 -0.0162
-0.0214125 -0.0163
-0.0215182 -0.0164
-0.0216239 -0.0165
-0.0217296 -0.0166
-0.0218353 -0.0167
-0.021941 -0.0168
-0.0220466 -0.0169
-0.0221522 -0.017
-0.0222578 -0.0171
-0.0223633 -0.0172
-0.0224689 -0.0173
-0.0225744 -0.0174
-0.0226799 -0.0175
-0.0227854 -0.0176
-0.0228908 -0.0177
-0.0229962 -0.0178
-0.0231017 -0.0179
-0.023207 -0.018
-0.0233124 -0.0181
-0.0234178 -0.0182
-0.0235231 -0.0183
-0.0236284 -0.0184
-0.0237337 -0.0185
-0.023839 -0.0186
-0.0239442 -0.0187
-0.0240494 -0.0188
-0.0241546 -0.0189
-0.0242598 -0.019
-0.024365 -0.0191
-0.0244701 -0.0192
-0.0245753 -0.0193
-0.0246804 -0.0194
-0.0247855 -0.0195
-0.0248906 -0.0196
-0.0249956 -0.0197
-0.0251007 -0.0198
-0.0252057 -0.0199
-0.0253107 -0.02
-0.0254157 -0.0201
-0.0255207 -0.0202
-0.0256256 -0.0203
-0.0257305 -0.0204
-0.0258355 -0.0205
-0.0259404 -0.0206
-0.0260453 -0.0207
-0.0261501 -0.0208
-0.026255 -0.0209
-0.0263598 -0.021
-0.0264646 -0.0211
-0.0265694 -0.0212
-0.0266742 -0.0213
-0.026779 -0.0214
-0.0268837 -0.0215
-0.0269885 -0.0216
-0.0270932 -0.0217
-0.0271979 -0.0218
-0.0273026 -0.0219
-0.0274073 -0.022
-0.0275119 -0.0221
-0.0276166 -0.0222
-0.0277212 -0.0223
-0.0278258 -0.0224
-0.0279304 -0.0225
-0.028035 -0.0226
-0.0281396 -0.0227
-0.0282442 -0.0228
-0.0283487 -0.0229
-0.0284532 -0.023
-0.0285578 -0.0231
-0.0286623 -0.0232
-0.0287668 -0.0233
-0.0288712 -0.0234
-0.0289757 -0.0235
-0.0290801 -0.0236
-0.0291846 -0.0237
-0.029289 -0.0238
-0.0293934 -0.0239
-0.0294978 -0.024
-0.0296022 -0.0241
-0.0297065 -0.0242
-0.0298109 -0.0243
-0.0299152 -0.0244
-0.0300196 -0.0245
-0.0301239 -0.0246
-0.0302282 -0.0247
-0.0303325 -0.0248
-0.0304367 -0.0249
-0.030541 -0.025
-0.0303743 -0.0249
-0.0302077 -0.0248
-0.030041 -0.0247
-0.0298743 -0.0246
-0.0297077 -0.0245
-0.029541 -0.0244
-0.0293743 -0.0243
-0.0292077 -0.0242
-0.029041 -0.0241
-0.0288743 -0.024
-0.0287077 -0.0239
-0.028541 -0.0238
-0.0283743 -0.0237
-0.0282077 -0.0236
-0.028041 -0.0235
-0.0278743 -0.0234
-0.0277077 -0.0233
-0.027541 -0.0232
-0.0273743 -0.0231
-0.0272077 -0.023
-0.027041 -0.0229
-0.0268743 -0.0228
-0.0267077 -0.0227
-0.026541 -0.0226
-0.0263743 -0.0225
-0.0262077 -0.0224
-0.026041 -0.0223
-0.0258743 -0.0222
-0.0257077 -0.0221
-0.025541 -0.022
-0.0253743 -0.0219
-0.0252077 -0.0218
-0.025041 -0.0217
-0.0248743 -0.0216
-0.0247077 -0.0215
-0.024541 -0.0214
-0.0243743 -0.0213
-0.0242077 -0.0212
-0.024041 -0.0211
-0.0238743 -0.021
-0.0237077 -0.0209
-0.023541 -0.0208
-0.0233743 -0.0207
-0.0232077 -0.0206
-0.023041 -0.0205
-0.0228743 -0.0204
-0.0227077 -0.0203
-0.022541 -0.0202
-0.0223743 -0.0201
-0.0222077 -0.02
-0.022041 -0.0199
-0.0218743 -0.0198
-0.0217077 -0.0197
-0.021541 -0.0196
-0.0213743 -0.0195
-0.0212077 -0.0194
-0.021041 -0.0193
-0.0208743 -0.0192
-0.0207077 -0.0191
-0.020541 -0.019
-0.0203743 -0.0189
-0.0202077 -0.0188
-0.020041 -0.0187
-0.0198743 -0.0186
-0.0197077 -0.0185
-0.019541 -0.0184
-0.0193743 -0.0183
-0.0192077 -0.0182
-0.019041 -0.0181
-0.0188743 -0.018
-0.0187077 -0.0179
-0.018541 -0.0178
-0.0183743 -0.0177
-0.0182077 -0.0176
-0.018041 -0.0175
-0.0178743 -0.0174
-0.0177077 -0.0173
-0.017541 -0.0172
-0.0173743 -0.0171
-0.0172077 -0.017
-0.017041 -0.0169
-0.0168743 -0.0168
-0.0167077 -0.0167
-0.016541 -0.0166
-0.0163743 -0.0165
-0.0162077 -0.0164
-0.016041 -0.0163
-0.0158743 -0.0162
-0.0157077 -0.0161
-0.015541 -0.016
-0.0153744 -0.0159
-0.0152078 -0.0158
-0.0150413 -0.0157
-0.0148748 -0.0156
-0.0147084 -0.0155
-0.0145421 -0.0154
-0.0143759 -0.0153
-0.01421 -0.0152
-0.0140442 -0.0151
-0.0138787 -0.015
-0.0137136 -0.0149
-0.0135488 -0.0148
-0.0133845 -0.0147
-0.0132207 -0.0146
-0.0130575 -0.0145
-0.0128949 -0.0144
-0.0127331 -0.0143
-0.012572 -0.0142
-0.0124117 -0.0141
-0.0122524 -0.014
-0.012094 -0.0139
-0.0119366 -0.0138
-0.0117803 -0.0137
-0.011625 -0.0136
-0.0114709 -0.0135
-0.011318 -0.0134
-0.0111662 -0.0133
-0.0110155 -0.0132
-0.0108661 -0.0131
-0.0107178 -0.013
-0.0105707 -0.0129
-0.0104247 -0.0128
-0.0102799 -0.0127
-0.0101362 -0.0126
-0.00999354 -0.0125
-0.00985198 -0.0124
-0.00971146 -0.0123
-0.00957196 -0.0122
-0.00943343 -0.0121
-0.00929586 -0.012
-0.00915922 -0.0119
-0.00902346 -0.0118
-0.00888857 -0.0117
-0.00875452 -0.0116
-0.00862127 -0.0115
-0.00848879 -0.0114
-0.00835707 -0.0113
-0.00822606 -0.0112
-0.00809576 -0.0111
-0.00796612 -0.011
-0.00783714 -0.0109
-0.00770877 -0.0108
-0.00758101 -0.0107
-0.00745383 -0.0106
-0.00732721 -0.0105
-0.00720112 -0.0104
-0.00707556 -0.0103
-0.0069505 -0.0102
-0.00682592 -0.0101
-0.00670182 -0.01
-0.00657816 -0.0099
-0.00645494 -0.0098
-0.00633214 -0.0097
-0.00620975 -0.0096
-0.00608776 -0.0095
-0.00596615 -0.0094
-0.0058449 -0.0093
-0.00572402 -0.0092
-0.00560348 -0.0091
-0.00548327 -0.009
-0.00536339 -0.0089
-0.00524383 -0.0088
-0.00512457 -0.0087
-0.0050056 -0.0086
-0.00488693 -0.0085
-0.00476853 -0.0084
-0.00465041 -0.0083
-0.00453255 -0.0082
-0.00441494 -0.0081
-0.00429758 -0.008
-0.00418047 -0.0079
-0.00406359 -0.0078
-0.00394694 -0.0077
-0.00383051 -0.0076
-0.00371429 -0.0075
-0.00359829 -0.0074
-0.0034825 -0.0073
-0.0033669 -0.0072
-0.00325151 -0.0071
-0.0031363 -0.007
-0.00302127 -0.0069
-0.00290643 -0.0068
-0.00279177 -0.0067
-0.00267728 -0.0066
-0.00256295 -0.0065
-0.00244879 -0.0064
-0.00233479 -0.0063
-0.00222095 -0.0062
-0.00210726 -0.0061
-0.00199373 -0.006
-0.00188033 -0.0059
-0.00176709 -0.0058
-0.00165398 -0.0057
-0.00154101 -0.0056
-0.00142817 -0.0055
-0.00131546 -0.0054
-0.00120289 -0.0053
-0.00109044 -0.0052
-0.00097811 -0.0051
-0.000865904 -0.005
-0.000753816 -0.0049
-0.000641845 -0.0048
-0.000529987 -0.0047
-0.00041824 -0.0046
-0.000306603 -0.0045
-0.000195074 -0.0044
-8.36491e-05 -0.0043
2.76722e-05 -0.0042
0.000138892 -0.0041
0.000250013 -0.004
0.000361036 -0.0039
0.000471963 -0.0038
0.000582797 -0.0037
0.000693537 -0.0036
0.000804188 -0.0035
0.000914749 -0.0034
0.00102522 -0.0033
0.00113561 -0.0032
0.00124591 -0.0031
0.00135613 -0.003
0.00146627 -0.0029
0.00157633 -0.0028
0.00168631 -0.0027
0.00179621 -0.0026
0.00190603 -0.0025
0.00201578 -0.0024
0.00212546 -0.0023
0.00223506 -0.0022
0.00234459 -0.0021
0.00245405 -0.002
0.00256344 -0.0019
0.00267276 -0.0018
0.00278202 -0.0017
0.00289121 -0.0016
0.00300033 -0.0015
0.00310939 -0.0014
0.00321839 -0.0013
0.00332732 -0.0012
0.00343619 -0.0011
0.003545 -0.001
0.00365376 -0.0009
0.00376245 -0.0008
0.00387109 -0.0007
0.00397966 -0.0006
0.00408818 -0.0005
0.00419665 -0.0004
0.00430506 -0.0003
0.00441342 -0.0002
0.00452172 -0.0001
0.00462997 -2.43945e-19
0.00473817 0.0001
0.00484632 0.0002
0.00495442 0.0003
0.00506247 0.0004
0.00517046 0.0005
0.00527841 0.0006
0.00538632 0.0007
0.00549417 0.0008
0.00560198 0.0009
0.00570974 0.001
0.00581746 0.0011
0.00592513 0.0012
0.00603275 0.0013
0.00614034 0.0014
0.00624788 0.0015
0.00635537 0.0016
0.00646283 0.0017
0.00657024 0.0018
0.00667761 0.0019
0.00678494 0.002
0.00689223 0.0021
0.00699949 0.0022
0.0071067 0.0023
0.00721387 0.0024
0.007321 0.0025
0.0074281 0.0026
0.00753516 0.0027
0.00764218 0.0028
0.00774917 0.0029
0.00785611 0.003
0.00796303 0.0031
0.0080699 0.0032
0.00817675 0.0033
0.00828355 0.0034
0.00839033 0.0035
0.00849707 0.0036
0.00860377 0.0037
0.00871044 0.0038
0.00881708 0.0039
0.00892369 0.004
0.00903026 0.0041
0.00913681 0.0042
0.00924332 0.0043
0.0093498 0.0044
0.00945625 0.0045
0.00956267 0.0046
0.00966905 0.0047
0.00977541 0.0048
0.00988174 0.0049
0.00998804 0.005
0.0100943 0.0051
0.0102006 0.0052
0.0103068 0.0053
0.010413 0.0054
0.0105191 0.0055
0.0106252 0.0056
0.0107313 0.0057
0.0108374 0.0058
0.0109435 0.0059
0.0110495 0.006
0.0111555 0.0061
0.0112615 0.0062
0.0113674 0.0063
0.0114733 0.0064
0.0115792 0.0065
0.0116851 0.0066
0.0117909 0.0067
0.0118967 0.0068
0.0120025 0.0069
0.0121083 0.007
0.012214 0.0071
0.0123198 0.0072
0.0124255 0.0073
0.0125311 0.0074
0.0126368 0.0075
0.0127424 0.0076
0.012848 0.0077
0.0129536 0.0078
0.0130592 0.0079
0.0131647 0.008
0.0132702 0.0081
0.0133757 0.0082
0.0134812 0.0083
0.0135866 0.0084
0.0136921 0.0085
0.0137975 0.0086
0.0139029 0.0087
0.0140082 0.0088
0.0141136 0.0089
0.0142189 0.009
0.0143242 0.0091
0.0144295 0.0092
0.0145348 0.0093
0.01464 0.0094
0.0147453 0.0095
0.0148505 0.0096
0.0149556 0.0097
0.0150608 0.0098
0.015166 0.0099
0.0152711 0.01
0.0153762 0.0101
0.0154813 0.0102
0.0155864 0.0103
0.0156915 0.0104
0.0157965 0.0105
0.0159015 0.0106
0.0160065 0.0107
0.0161115 0.0108
0.0162165 0.0109
0.0163214 0.011
0.0164264 0.0111
0.0165313 0.0112
0.0166362 0.0113
0.0167411 0.0114
0.0168459 0.0115
0.0169508 0.0116
0.0170556 0.0117
0.0171605 0.0118
0.0172653 0.0119
0.01737 0.012
0.0174748 0.0121
0.0175796 0.0122
0.0176843 0.0123
0.017789 0.0124
0.0178937 0.0125
0.0179984 0.0126
0.0181031 0.0127
0.0182078 0.0128
0.0183124 0.0129
0.0184171 0.013
0.0185217 0.0131
0.0186263 0.0132
0.0187309 0.0133
0.0188354 0.0134
0.01894 0.0135
0.0190445 0.0136
0.0191491 0.0137
0.0192536 0.0138
0.0193581 0.0139
0.0194626 0.014
0.0195671 0.0141
0.0196715 0.0142
0.019776 0.0143
0.0198804 0.0144
0.0199848 0.0145
0.0200892 0.0146
0.0201936 0.0147
0.020298 0.0148
0.0204024 0.0149
0.0205067 0.015
0.0206111 0.0151
0.0207154 0.0152
0.0208197 0.0153
0.020924 0.0154
0.0210283 0.0155
0.0211326 0.0156
0.0212368 0.0157
0.0213411 0.0158
0.0214453 0.0159
0.0215495 0.016
0.0216538 0.0161
0.021758 0.0162
0.0218622 0.0163
0.0219663 0.0164
0.0220705 0.0165
0.0221747 0.0166
0.0222788 0.0167
0.0223829 0.0168
0.0224871 0.0169
0.0225912 0.017
0.0226953 0.0171
0.0227994 0.0172
0.0229034 0.0173
0.0230075 0.0174
0.0231115 0.0175
0.0232156 0.0176
0.0233196 0.0177
0.0234236 0.0178
0.0235277 0.0179
0.0236316 0.018
0.0237356 0.0181
0.0238396 0.0182
0.0239436 0.0183
0.0240475 0.0184
0.0241515 0.0185
0.0242554 0.0186
0.0243593 0.0187
0.0244633 0.0188
0.0245672 0.0189
0.024671 0.019
0.0247749 0.0191
0.0248788 0.0192
0.0249827 0.0193
0.0250865 0.0194
0.0251904 0.0195
0.0252942 0.0196
0.025398 0.0197
0.0255018 0.0198
0.0256056 0.0199
0.0257094 0.02
0.0258132 0.0201
0.025917 0.0202
0.0260208 0.0203
0.0261245 0.0204
0.0262283 0.0205
0.026332 0.0206
0.0264357 0.0207
0.0265395 0.0208
0.0266432 0.0209
0.0267469 0.021
0.0268506 0.0211
0.0269542 0.0212
0.0270579 0.0213
0.0271616 0.0214
0.0272652 0.0215
0.0273689 0.0216
0.0274725 0.0217
0.0275761 0.0218
0.0276798 0.0219
0.0277834 0.022
0.027887 0.0221
0.0279906 0.0222
0.0280942 0.0223
0.0281977 0.0224
0.0283013 0.0225
0.0284049 0.0226
0.0285084 0.0227
0.028612 0.0228
0.0287155 0.0229
0.028819 0.023
0.0289226 0.0231
0.0290261 0.0232
0.0291296 0.0233
0.0292331 0.0234
0.0293366 0.0235
0.02944 0.0236
0.0295435 0.0237
0.029647 0.0238
0.0297504 0.0239
0.0298539 0.024
0.0299573 0.0241
0.0300608 0.0242
0.0301642 0.0243
0.0302676 0.0244
0.030371 0.0245
0.0304744 0.0246
0.0305778 0.0247
0.0306812 0.0248
0.0307846 0.0249
0.0308879 0.025
0.0292213 0.024
0.0275546 0.023
0.0258879 0.022
0.0242213 0.021
0.0225546 0.02
0.0208879 0.019
0.0192213 0.018
0.0175546 0.017
0.0158879 0.016
0.0142217 0.015
0.0125677 0.014
0.010972 0.013
0.0094831 0.012
0.00810146 0.011
0.00680077 0.01
0.00555669 0.009
0.00435254 0.008
0.00317745 0.007
0.00202421 0.006
0.000887945 0.005
-0.000234821 0.004
-0.0013466 0.003
-0.00244927 0.002
-0.00354427 0.001
-0.00463272 -1.11022e-16
-0.00571553 -0.001
-0.0067934 -0.002
-0.00786693 -0.003
-0.00893661 -0.004
-0.0100029 -0.005
-0.011066 -0.006
-0.0121264 -0.007
-0.0131842 -0.008
-0.0142397 -0.009
-0.0152931 -0.01
-0.0163445 -0.011
-0.0173941 -0.012
-0.0184421 -0.013
-0.0194885 -0.014
-0.0205335 -0.015
-0.0215771 -0.016
-0.0226194 -0.017
-0.0236606 -0.018
-0.0247006 -0.019
-0.0257396 -0.02
-0.0267776 -0.021
-0.0278146 -0.022
-0.0288508 -0.023
-0.0298861 -0.024
-0.0309207 -0.025
-0.0319544 -0.026
-0.0329875 -0.027
-0.0340198 -0.028
-0.0350515 -0.029
-0.0360825 -0.03
-0.037113 -0.031
-0.0381429 -0.032
-0.0391722 -0.033
-0.040201 -0.034
-0.0412292 -0.035
-0.0395626 -0.034
-0.0378959 -0.033
-0.0362292 -0.032
-0.0345626 -0.031
-0.0328959 -0.03
-0.0312292 -0.029
-0.0295626 -0.028
-0.0278959 -0.027
-0.0262292 -0.026
-0.0245626 -0.025
-0.0228963 -0.024
-0.0212423 -0.023
-0.0196466 -0.022
-0.0181577 -0.021
-0.0167761 -0.02
-0.0154754 -0.019
-0.0142313 -0.018
-0.0130272 -0.017
-0.0118521 -0.016
-0.0106988 -0.015
-0.00956257 -0.014
-0.00843981 -0.013
-0.00732803 -0.012
-0.00622536 -0.011
-0.00513036 -0.01
-0.0040419 -0.009
-0.0029591 -0.008
-0.00188123 -0.007
-0.000807696 -0.006
0.000261987 -0.005
0.00132823 -0.004
0.00239139 -0.003
0.00345175 -0.002
0.00450957 -0.001
0.00556507 -1.11022e-16
0.00661846 0.001
0.00766989 0.002
0.00871951 0.003
0.00976747 0.004
0.0108139 0.005
0.0118588 0.006
0.0129024 0.007
0.0139448 0.008
0.0149859 0.009
0.016026 0.01
0.017065 0.011
0.018103 0.012
0.01914 0.013
0.0201762 0.014
0.0212115 0.015
0.022246 0.016
0.0232798 0.017
0.0243128 0.018
0.0253452 0.019
0.0263769 0.02
0.0274079 0.021
0.0284384 0.022
0.0294682 0.023
0.0304976 0.024
0.0315263 0.025
0.0325546 0.026
0.0335824 0.027
0.0346097 0.028
0.0356365 0.029
0.036663 0.03
0.0376889 0.031
0.0387145 0.032
0.0397397 0.033
0.0407645 0.034
0.0417889 0.035
0.0401223 0.034
0.0384556 0.033
0.0367889 0.032
0.0351223 0.031
0.0334556 0.03
0.0317889 0.029
0.0301223 0.028
0.0284556 0.027
0.0267889 0.026
0.0251223 0.025
0.0234556 0.024
0.0217894 0.023
0.0201353 0.022
0.0185396 0.021
0.0170508 0.02
0.0156691 0.019
0.0143684 0.018
0.0131244 0.017
0.0119202 0.016
0.0107451 0.015
0.00959188 0.014
0.00845561 0.013
0.00733284 0.012
0.00622107 0.011
0.0051184 0.01
0.0040234 0.009
0.00293494 0.008
0.00185214 0.007
0.000774266 0.006
-0.000299266 0.005
-0.00136895 0.004
-0.00243519 0.003
-0.00349835 0.002
-0.00455871 0.001
-0.00561653 -1.11022e-16
-0.00667204 -0.001
-0.00772542 -0.002
-0.00877685 -0.003
-0.00982647 -0.004
-0.0108744 -0.005
-0.0119208 -0.006
-0.0129658 -0.007
-0.0140094 -0.008
-0.0150517 -0.009
-0.0160929 -0.01
-0.0171329 -0.011
-0.0181719 -0.012
-0.0192099 -0.013
-0.020247 -0.014
-0.0212831 -0.015
-0.0223185 -0.016
-0.023353 -0.017
-0.0243868 -0.018
-0.0254198 -0.019
-0.0264521 -0.02
-0.0274838 -0.021
-0.0285149 -0.022
-0.0295453 -0.023
-0.0305752 -0.024
-0.0316045 -0.025
-0.0326333 -0.026
-0.0336616 -0.027
-0.0346894 -0.028
-0.0357167 -0.029
-0.0367435 -0.03
-0.0377699 -0.031
-0.0387959 -0.032
-0.0398215 -0.033
-0.0408467 -0.034
-0.0418715 -0.035
-0.0428959 -0.036
-0.04392 -0.037
-0.0449437 -0.038
-0.0459671 -0.039
-0.0469902 -0.04
-0.0480129 -0.041
-0.0490354 -0.042
-0.0500575 -0.043
-0.0510794 -0.044
-0.052101 -0.045
-0.0504343 -0.044
-0.0487677 -0.043
-0.047101 -0.042
-0.0454343 -0.041
-0.0437677 -0.04
-0.042101 -0.039
-0.0404343 -0.038
-0.0387677 -0.037
-0.037101 -0.036
-0.0354343 -0.035
-0.0337677 -0.034
-0.0321014 -0.033
-0.0304474 -0.032
-0.0288517 -0.031
-0.0273628 -0.03
-0.0259812 -0.029
-0.0246805 -0.028
-0.0234364 -0.027
-0.0222323 -0.026
-0.0210572 -0.025
-0.0199039 -0.024
-0.0187677 -0.023
-0.0176449 -0.022
-0.0165331 -0.021
-0.0154304 -0.02
-0.0143354 -0.019
-0.013247 -0.018
-0.0121642 -0.017
-0.0110863 -0.016
-0.0100128 -0.015
-0.0089431 -0.014
-0.00787686 -0.013
-0.00681371 -0.012
-0.00575334 -0.011
-0.00469552 -0.01
-0.00364002 -0.009
-0.00258663 -0.008
-0.00153521 -0.007
-0.00048558 -0.006
0.000562375 -0.005
0.00160878 -0.004
0.00265373 -0.003
0.00369734 -0.002
0.00473968 -0.001
0.00578084 -1.11022e-16
0.00682088 0.001
0.00785987 0.002
0.00889786 0.003
0.00993492 0.004
0.0109711 0.005
0.0120064 0.006
0.0130409 0.007
0.0140747 0.008
0.0151077 0.009
0.0161401 0.01
0.0171718 0.011
0.0182028 0.012
0.0192333 0.013
0.0202632 0.014
0.0212925 0.015
0.0223212 0.016
0.0233495 0.017
0.0243773 0.018
0.0254046 0.019
0.0264315 0.02
0.0274579 0.021
0.0284839 0.022
0.0295094 0.023
0.0305346 0.024
0.0315594 0.025
0.0325839 0.026
0.0336079 0.027
0.0346317 0.028
0.0356551 0.029
0.0366781 0.03
0.0377009 0.031
0.0387233 0.032
0.0397455 0.033
0.0407674 0.034
0.0417889 0.035
0.0428103 0.036
0.0438313 0.037
0.0448521 0.038
0.0458727 0.039
0.046893 0.04
0.047913 0.041
0.0489328 0.042
0.0499525 0.043
0.0509718 0.044
0.051991 0.045
0.0503244 0.044
0.0486577 0.043
0.046991 0.042
0.0453244 0.041
0.0436577 0.04
0.041991 0.039
0.0403244 0.038
0.0386577 0.037
0.036991 0.036
0.0353244 0.035
0.0336577 0.034
0.0319914 0.033
0.0303374 0.032
0.0287417 0.031
0.0272528 0.03
0.0258712 0.029
0.0245705 0.028
0.0233264 0.027
0.0221223 0.026
0.0209472 0.025
0.019794 0.024
0.0186577 0.023
0.0175349 0.022
0.0164231 0.021
0.0153205 0.02
0.0142255 0.019
0.013137 0.018
0.0120542 0.017
0.0109763 0.016
0.00990281 0.015
0.00883312 0.014
0.00776688 0.013
0.00670373 0.012
0.00564337 0.011
0.00458554 0.01
0.00353004 0.009
0.00247666 0.008
0.00142523 0.007
0.000375601 0.006
-0.000672354 0.005
-0.00171876 0.004
-0.00276371 0.003
-0.00380732 0.002
-0.00484966 0.001
-0.00589082 -1.11022e-16
-0.00693086 -0.001
-0.00796985 -0.002
-0.00900784 -0.003
-0.0100449 -0.004
-0.0110811 -0.005
-0.0121164 -0.006
-0.0131509 -0.007
-0.0141847 -0.008
-0.0152177 -0.009
-0.0162501 -0.01
-0.0172818 -0.011
-0.0183128 -0.012
-0.0193433 -0.013
-0.0203731 -0.014
-0.0214024 -0.015
-0.0224312 -0.016
-0.0234595 -0.017
-0.0244873 -0.018
-0.0255146 -0.019
-0.0265414 -0.02
-0.0275678 -0.021
-0.0285938 -0.022
-0.0296194 -0.023
-0.0306446 -0.024
-0.0316694 -0.025
-0.0326938 -0.026
-0.0337179 -0.027
-0.0347416 -0.028
-0.035765 -0.029
-0.0367881 -0.03
-0.0378109 -0.031
-0.0388333 -0.032
-0.0398555 -0.033
-0.0408773 -0.034
-0.0418989 -0.035
-0.0429202 -0.036
-0.0439413 -0.037
-0.0449621 -0.038
-0.0459826 -0.039
-0.0470029 -0.04
-0.048023 -0.041
-0.0490428 -0.042
-0.0500624 -0.043
-0.0510818 -0.044
-0.052101 -0.045
-0.05312 -0.046
-0.0541387 -0.047
-0.0551573 -0.048
-0.0561756 -0.049
-0.0571938 -0.05
-0.0582118 -0.051
-0.0592296 -0.052
-0.0602473 -0.053
-0.0612647 -0.054
-0.062282 -0.055
-0.0606153 -0.054
-0.0589487 -0.053
-0.057282 -0.052
-0.0556153 -0.051
-0.0539487 -0.05
-0.052282 -0.049
-0.0506153 -0.048
-0.0489487 -0.047
-0.047282 -0.046
-0.0456153 -0.045
-0.0439487 -0.044
-0.0422824 -0.043
-0.0406284 -0.042
-0.0390327 -0.041
-0.0375438 -0.04
-0.0361622 -0.039
-0.0348615 -0.038
-0.0336174 -0.037
-0.0324133 -0.036
-0.0312382 -0.035
-0.0300849 -0.034
-0.0289487 -0.033
-0.0278259 -0.032
-0.0267141 -0.031
-0.0256115 -0.03
-0.0245165 -0.029
-0.023428 -0.028
-0.0223452 -0.027
-0.0212673 -0.026
-0.0201938 -0.025
-0.0191241 -0.024
-0.0180579 -0.023
-0.0169947 -0.022
-0.0159344 -0.021
-0.0148765 -0.02
-0.013821 -0.019
-0.0127676 -0.018
-0.0117162 -0.017
-0.0106666 -0.016
-0.00961863 -0.015
-0.00857223 -0.014
-0.00752727 -0.013
-0.00648367 -0.012
-0.00544133 -0.011
-0.00440017 -0.01
-0.00336013 -0.009
-0.00232114 -0.008
-0.00128315 -0.007
-0.000246088 -0.006
0.000790081 -0.005
0.00182541 -0.004
0.00285993 -0.003
0.0038937 -0.002
0.00492673 -0.001
0.00595908 -1.11022e-16
0.00699077 0.001
0.00802182 0.002
0.00905227 0.003
0.0100821 0.004
0.0111115 0.005
0.0121402 0.006
0.0131685 0.007
0.0141963 0.008
0.0152236 0.009
0.0162504 0.01
0.0172769 0.011
0.0183028 0.012
0.0193284 0.013
0.0203536 0.014
0.0213784 0.015
0.0224028 0.016
0.0234269 0.017
0.0244507 0.018
0.025474 0.019
0.0264971 0.02
0.0275199 0.021
0.0285423 0.022
0.0295645 0.023
0.0305863 0.024
0.0316079 0.025
0.0326293 0.026
0.0336503 0.027
0.0346711 0.028
0.0356916 0.029
0.0367119 0.03
0.037732 0.031
0.0387518 0.032
0.0397714 0.033
0.0407908 0.034
0.04181 0.035
0.042829 0.036
0.0438477 0.037
0.0448663 0.038
0.0458847 0.039
0.0469028 0.04
0.0479208 0.041
0.0489386 0.042
0.0499563 0.043
0.0509737 0.044
0.051991 0.045
0.0530081 0.046
0.0540251 0.047
0.0550419 0.048
0.0560585 0.049
0.057075 0.05
0.0554084 0.049
0.0537417 0.048
0.052075 0.047
0.0504084 0.046
0.0487417 0.045
0.047075 0.044
0.0454084 0.043
0.0437417 0.042
0.042075 0.041
0.0404084 0.04
0.0387417 0.039
0.0370755 0.038
0.0354214 0.037
0.0338257 0.036
0.0323369 0.035
0.0309552 0.034
0.0296545 0.033
0.0284104 0.032
0.0272063 0.031
0.0260312 0.03
0.024878 0.029
0.0237417 0.028
0.0226189 0.027
0.0215072 0.026
0.0204045 0.025
0.0193095 0.024
0.018221 0.023
0.0171382 0.022
0.0160604 0.021
0.0149868 0.02
0.0139171 0.019
0.0128509 0.018
0.0117877 0.017
0.0107274 0.016
0.00966956 0.015
0.00861405 0.014
0.00756067 0.013
0.00650924 0.012
0.00545962 0.011
0.00441166 0.01
0.00336526 0.009
0.0023203 0.008
0.0012767 0.007
0.000234355 0.006
-0.000806801 0.005
-0.00184684 0.004
-0.00288583 0.003
-0.00392382 0.002
-0.00496088 0.001
-0.00599705 -1.11022e-16
