-0.000165942 -0.0001
-0.000330495 -0.0002
-0.000493744 -0.0003
-0.000655764 -0.0004
-0.000816625 -0.0005
-0.000976389 -0.0006
-0.00113511 -0.0007
-0.00129285 -0.0008
-0.00144965 -0.0009
-0.00160555 -0.001
-0.0017606 -0.0011
-0.00191484 -0.0012
-0.00206829 -0.0013
-0.00222099 -0.0014
-0.00237298 -0.0015
-0.00252428 -0.0016
-0.00267492 -0.0017
-0.00282492 -0.0018
-0.00297431 -0.0019
-0.00312311 -0.002
-0.00327133 -0.0021
-0.003419 -0.0022
-0.00356615 -0.0023
-0.00371277 -0.0024
-0.0038589 -0.0025
-0.00400454 -0.0026
-0.00414972 -0.0027
-0.00429444 -0.0028
-0.00443872 -0.0029
-0.00458258 -0.003
-0.00472601 -0.0031
-0.00486905 -0.0032
-0.00501169 -0.0033
-0.00515395 -0.0034
-0.00529583 -0.0035
-0.00543735 -0.0036
-0.00557852 -0.0037
-0.00571935 -0.0038
-0.00585984 -0.0039
-0.006 -0.004
-0.00613984 -0.0041
-0.00627937 -0.0042
-0.00641859 -0.0043
-0.00655752 -0.0044
-0.00669615 -0.0045
-0.0068345 -0.0046
-0.00697257 -0.0047
-0.00711037 -0.0048
-0.0072479 -0.0049
-0.00738516 -0.005
-0.0072185 -0.0049
-0.00705183 -0.0048
-0.00688516 -0.0047
-0.0067185 -0.0046
-0.00655183 -0.0045
-0.00638516 -0.0044
-0.0062185 -0.0043
-0.00605183 -0.0042
-0.00588516 -0.0041
-0.0057185 -0.004
-0.00555183 -0.0039
-0.00538516 -0.0038
-0.0052185 -0.0037
-0.00505183 -0.0036
-0.00488516 -0.0035
-0.0047185 -0.0034
-0.00455183 -0.0033
-0.00438516 -0.0032
-0.0042185 -0.0031
-0.00405183 -0.003
-0.00388516 -0.0029
-0.0037185 -0.0028
-0.00355183 -0.0027
-0.00338516 -0.0026
-0.0032185 -0.0025
-0.00305183 -0.0024
-0.00288516 -0.0023
-0.0027185 -0.0022
-0.00255183 -0.0021
-0.00238516 -0.002
-0.0022185 -0.0019
-0.00205183 -0.0018
-0.00188516 -0.0017
-0.0017185 -0.0016
-0.00155183 -0.0015
-0.00138516 -0.0014
-0.00121922 -0.0013
-0.00105467 -0.0012
-0.000891421 -0.0011
-0.000729401 -0.001
-0.00056854 -0.0009
-0.000408776 -0.0008
-0.000250052 -0.0007
-9.23149e-05 -0.0006
6.44831e-05 -0.0005
0.000220387 -0.0004
0.000375436 -0.0003
0.00052967 -0.0002
0.000683124 -0.0001
0.00083583 -2.57498e-19
0.000987819 0.0001
0.00113912 0.0002
0.00128976 0.0003
0.00143976 0.0004
0.00158914 0.0005
0.00173794 0.0006
0.00188617 0.0007
0.00203384 0.0008
0.00218098 0.0009
0.00232761 0.001
0.00247373 0.0011
0.00261938 0.0012
0.00276455 0.0013
0.00290928 0.0014
0.00305356 0.0015
0.00319741 0.0016
0.00334085 0.0017
0.00348388 0.0018
0.00362652 0.0019
0.00376878 0.002
0.00391067 0.0021
0.00405219 0.0022
0.00419336 0.0023
0.00433418 0.0024
0.00447467 0.0025
0.00461484 0.0026
0.00475468 0.0027
0.00489421 0.0028
0.00503343 0.0029
0.00517235 0.003
0.00531099 0.0031
0.00544934 0.0032
0.00558741 0.0033
0.0057252 0.0034
0.00586273 0.0035
0.006 0.0036
0.00613701 0.0037
0.00627377 0.0038
0.00641029 0.0039
0.00654656 0.004
0.0066826 0.0041
0.00681841 0.0042
0.00695398 0.0043
0.00708934 0.0044
0.00722448 0.0045
0.0073594 0.0046
0.00749411 0.0047
0.00762861 0.0048
0.00776291 0.0049
0.00789701 0.005
0.00773034 0.0049
0.00756368 0.0048
0.00739701 0.0047
0.00723034 0.0046
0.00706368 0.0045
0.00689701 0.0044
0.00673034 0.0043
0.00656368 0.0042
0.00639701 0.0041
0.00623034 0.004
0.00606368 0.0039
0.00589701 0.0038
0.00573034 0.0037
0.00556368 0.0036
0.00539701 0.0035
0.00523034 0.0034
0.00506368 0.0033
0.00489701 0.0032
0.00473034 0.0031
0.00456368 0.003
0.00439701 0.0029
0.00423034 0.0028
0.00406368 0.0027
0.00389701 0.0026
0.00373034 0.0025
0.00356368 0.0024
0.00339701 0.0023
0.00323034 0.0022
0.00306368 0.0021
0.00289701 0.002
0.00273034 0.0019
0.00256368 0.0018
0.00239701 0.0017
0.00223034 0.0016
0.00206368 0.0015
0.00189701 0.0014
0.00173034 0.0013
0.00156368 0.0012
0.00139701 0.0011
0.00123034 0.001
0.00106368 0.0009
0.000897012 0.0008
0.000730345 0.0007
0.000563678 0.0006
0.000397736 0.0005
0.000233183 0.0004
6.99343e-05 0.0003
-9.20859e-05 0.0002
-0.000252947 0.0001
-0.00041271 2.30393e-19
-0.000571435 -0.0001
-0.000729172 -0.0002
-0.00088597 -0.0003
-0.00104187 -0.0004
-0.00119692 -0.0005
-0.00135116 -0.0006
-0.00150461 -0.0007
-0.00165732 -0.0008
-0.00180931 -0.0009
-0.00196061 -0.001
-0.00211124 -0.0011
-0.00226124 -0.0012
-0.00241063 -0.0013
-0.00255943 -0.0014
-0.00270765 -0.0015
-0.00285533 -0.0016
-0.00300247 -0.0017
-0.00314909 -0.0018
-0.00329522 -0.0019
-0.00344086 -0.002
-0.00358604 -0.0021
-0.00373076 -0.0022
-0.00387504 -0.0023
-0.0040189 -0.0024
-0.00416234 -0.0025
-0.00430537 -0.0026
-0.00444801 -0.0027
-0.00459027 -0.0028
-0.00473215 -0.0029
-0.00487368 -0.003
-0.00501485 -0.0031
-0.00515567 -0.0032
-0.00529616 -0.0033
-0.00543632 -0.0034
-0.00557616 -0.0035
-0.00571569 -0.0036
-0.00585492 -0.0037
-0.00599384 -0.0038
-0.00613247 -0.0039
-0.00627082 -0.004
-0.00640889 -0.0041
-0.00654669 -0.0042
-0.00668422 -0.0043
-0.00682149 -0.0044
-0.0069585 -0.0045
-0.00709526 -0.0046
-0.00723177 -0.0047
-0.00736805 -0.0048
-0.00750409 -0.0049
-0.00763989 -0.005
-0.00777547 -0.0051
-0.00791083 -0.0052
-0.00804596 -0.0053
-0.00818088 -0.0054
-0.00831559 -0.0055
-0.0084501 -0.0056
-0.0085844 -0.0057
-0.0087185 -0.0058
-0.0088524 -0.0059
-0.00898611 -0.006
-0.00911963 -0.0061
-0.00925297 -0.0062
-0.00938612 -0.0063
-0.00951908 -0.0064
-0.00965188 -0.0065
-0.00978449 -0.0066
-0.00991694 -0.0067
-0.0100492 -0.0068
-0.0101813 -0.0069
-0.0103133 -0.007
-0.010445 -0.0071
-0.0105767 -0.0072
-0.0107081 -0.0073
-0.0108394 -0.0074
-0.0109706 -0.0075
-0.0111016 -0.0076
-0.0112325 -0.0077
-0.0113632 -0.0078
-0.0114938 -0.0079
-0.0116242 -0.008
-0.0117545 -0.0081
-0.0118846 -0.0082
-0.0120146 -0.0083
-0.0121445 -0.0084
-0.0122743 -0.0085
-0.0124039 -0.0086
-0.0125334 -0.0087
-0.0126627 -0.0088
-0.012792 -0.0089
-0.0129211 -0.009
-0.0130501 -0.0091
-0.0131789 -0.0092
-0.0133077 -0.0093
-0.0134363 -0.0094
-0.0135648 -0.0095
-0.0136932 -0.0096
-0.0138215 -0.0097
-0.0139497 -0.0098
-0.0140778 -0.0099
-0.0142057 -0.01
-0.0143335 -0.0101
-0.0144613 -0.0102
-0.0145889 -0.0103
-0.0147164 -0.0104
-0.0148439 -0.0105
-0.0149712 -0.0106
-0.0150984 -0.0107
-0.0152255 -0.0108
-0.0153525 -0.0109
-0.0154794 -0.011
-0.0156063 -0.0111
-0.015733 -0.0112
-0.0158596 -0.0113
-0.0159862 -0.0114
-0.0161126 -0.0115
-0.016239 -0.0116
-0.0163652 -0.0117
-0.0164914 -0.0118
-0.0166175 -0.0119
-0.0167435 -0.012
-0.0168694 -0.0121
-0.0169952 -0.0122
-0.0171209 -0.0123
-0.0172466 -0.0124
-0.0173721 -0.0125
-0.0174976 -0.0126
-0.017623 -0.0127
-0.0177483 -0.0128
-0.0178736 -0.0129
-0.0179987 -0.013
-0.0181238 -0.0131
-0.0182488 -0.0132
-0.0183737 -0.0133
-0.0184986 -0.0134
-0.0186233 -0.0135
-0.018748 -0.0136
-0.0188727 -0.0137
-0.0189972 -0.0138
-0.0191217 -0.0139
-0.0192461 -0.014
-0.0193704 -0.0141
-0.0194947 -0.0142
-0.0196188 -0.0143
-0.0197429 -0.0144
-0.019867 -0.0145
-0.019991 -0.0146
-0.0201149 -0.0147
-0.0202387 -0.0148
-0.0203625 -0.0149
-0.0204862 -0.015
-0.0203195 -0.0149
-0.0201528 -0.0148
-0.0199862 -0.0147
-0.0198195 -0.0146
-0.0196528 -0.0145
-0.0194862 -0.0144
-0.0193195 -0.0143
-0.0191528 -0.0142
-0.0189862 -0.0141
-0.0188195 -0.014
-0.0186528 -0.0139
-0.0184862 -0.0138
-0.0183195 -0.0137
-0.0181528 -0.0136
-0.0179862 -0.0135
-0.0178195 -0.0134
-0.0176528 -0.0133
-0.0174862 -0.0132
-0.0173195 -0.0131
-0.0171528 -0.013
-0.0169862 -0.0129
-0.0168195 -0.0128
-0.0166528 -0.0127
-0.0164862 -0.0126
-0.0163195 -0.0125
-0.0161528 -0.0124
-0.0159862 -0.0123
-0.0158195 -0.0122
-0.0156528 -0.0121
-0.0154862 -0.012
-0.0153195 -0.0119
-0.0151528 -0.0118
-0.0149862 -0.0117
-0.0148195 -0.0116
-0.0146528 -0.0115
-0.0144862 -0.0114
-0.0143195 -0.0113
-0.0141528 -0.0112
-0.0139862 -0.0111
-0.0138195 -0.011
-0.0136528 -0.0109
-0.0134862 -0.0108
-0.0133195 -0.0107
-0.0131528 -0.0106
-0.0129862 -0.0105
-0.0128195 -0.0104
-0.0126528 -0.0103
-0.0124862 -0.0102
-0.0123195 -0.0101
-0.0121528 -0.01
-0.0119862 -0.0099
-0.0118195 -0.0098
-0.0116528 -0.0097
-0.0114862 -0.0096
-0.0113195 -0.0095
-0.0111528 -0.0094
-0.0109862 -0.0093
-0.0108195 -0.0092
-0.0106528 -0.0091
-0.0104862 -0.009
-0.0103195 -0.0089
-0.0101528 -0.0088
-0.00998617 -0.0087
-0.00981951 -0.0086
-0.00965284 -0.0085
-0.00948617 -0.0084
-0.00931951 -0.0083
-0.00915284 -0.0082
-0.00898617 -0.0081
-0.00881951 -0.008
-0.00865284 -0.0079
-0.00848617 -0.0078
-0.00831951 -0.0077
-0.00815284 -0.0076
-0.00798617 -0.0075
-0.00781951 -0.0074
-0.00765284 -0.0073
-0.00748617 -0.0072
-0.00731951 -0.0071
-0.00715284 -0.007
-0.00698617 -0.0069
-0.00681951 -0.0068
-0.00665284 -0.0067
-0.0064869 -0.0066
-0.00632235 -0.0065
-0.0061591 -0.0064
-0.00599708 -0.0063
-0.00583622 -0.0062
-0.00567645 -0.0061
-0.00551773 -0.006
-0.00535999 -0.0059
-0.00520319 -0.0058
-0.00504729 -0.0057
-0.00489224 -0.0056
-0.00473801 -0.0055
-0.00458455 -0.0054
-0.00443185 -0.0053
-0.00427986 -0.0052
-0.00412856 -0.0051
-0.00397792 -0.005
-0.00382792 -0.0049
-0.00367853 -0.0048
-0.00352973 -0.0047
-0.00338151 -0.0046
-0.00323384 -0.0045
-0.00308669 -0.0044
-0.00294007 -0.0043
-0.00279394 -0.0042
-0.0026483 -0.0041
-0.00250312 -0.004
-0.0023584 -0.0039
-0.00221412 -0.0038
-0.00207026 -0.0037
-0.00192683 -0.0036
-0.00178379 -0.0035
-0.00164115 -0.0034
-0.00149889 -0.0033
-0.00135701 -0.0032
-0.00121549 -0.0031
-0.00107432 -0.003
-0.000933491 -0.0029
-0.000793002 -0.0028
-0.00065284 -0.0027
-0.000512999 -0.0026
-0.00037347 -0.0025
-0.000234247 -0.0024
-9.53216e-05 -0.0023
4.3312e-05 -0.0022
0.000181661 -0.0021
0.00031973 -0.002
0.000457527 -0.0019
0.000595056 -0.0018
0.000732324 -0.0017
0.000869336 -0.0016
0.0010061 -0.0015
0.00114261 -0.0014
0.00127889 -0.0013
0.00141492 -0.0012
0.00155073 -0.0011
0.00168631 -0.001
0.00182166 -0.0009
0.0019568 -0.0008
0.00209172 -0.0007
0.00222643 -0.0006
0.00236094 -0.0005
0.00249524 -0.0004
0.00262934 -0.0003
0.00276324 -0.0002
0.00289695 -0.0001
0.00303047 -2.1684e-19
0.0031638 0.0001
0.00329695 0.0002
0.00342992 0.0003
0.00356271 0.0004
0.00369533 0.0005
0.00382777 0.0006
0.00396005 0.0007
0.00409216 0.0008
0.0042241 0.0009
0.00435588 0.001
0.00448751 0.0011
0.00461897 0.0012
0.00475028 0.0013
0.00488144 0.0014
0.00501245 0.0015
0.00514331 0.0016
0.00527403 0.0017
0.0054046 0.0018
0.00553503 0.0019
0.00566532 0.002
0.00579547 0.0021
0.00592548 0.0022
0.00605536 0.0023
0.00618511 0.0024
0.00631473 0.0025
0.00644422 0.0026
0.00657358 0.0027
0.00670281 0.0028
0.00683193 0.0029
0.00696091 0.003
0.00708978 0.0031
0.00721853 0.0032
0.00734716 0.0033
0.00747567 0.0034
0.00760407 0.0035
0.00773236 0.0036
0.00786053 0.0037
0.00798859 0.0038
0.00811654 0.0039
0.00824438 0.004
0.00837212 0.0041
0.00849975 0.0042
0.00862727 0.0043
0.00875469 0.0044
0.00888201 0.0045
0.00900922 0.0046
0.00913634 0.0047
0.00926336 0.0048
0.00939028 0.0049
0.0095171 0.005
0.00964383 0.0051
0.00977046 0.0052
0.00989699 0.0053
0.0100234 0.0054
0.0101498 0.0055
0.0102761 0.0056
0.0104022 0.0057
0.0105283 0.0058
0.0106543 0.0059
0.0107802 0.006
0.010906 0.0061
0.0110318 0.0062
0.0111574 0.0063
0.011283 0.0064
0.0114085 0.0065
0.0115339 0.0066
0.0116592 0.0067
0.0117844 0.0068
0.0119096 0.0069
0.0120346 0.007
0.0121596 0.0071
0.0122846 0.0072
0.0124094 0.0073
0.0125342 0.0074
0.0126589 0.0075
0.0127835 0.0076
0.012908 0.0077
0.0130325 0.0078
0.0131569 0.0079
0.0132812 0.008
0.0134055 0.0081
0.0135297 0.0082
0.0136538 0.0083
0.0137778 0.0084
0.0139018 0.0085
0.0140257 0.0086
0.0141495 0.0087
0.0142733 0.0088
0.014397 0.0089
0.0145206 0.009
0.0146442 0.0091
0.0147677 0.0092
0.0148912 0.0093
0.0150145 0.0094
0.0151379 0.0095
0.0152611 0.0096
0.0153843 0.0097
0.0155074 0.0098
0.0156305 0.0099
0.0157535 0.01
0.0158764 0.0101
0.0159993 0.0102
0.0161221 0.0103
0.0162449 0.0104
0.0163676 0.0105
0.0164902 0.0106
0.0166128 0.0107
0.0167354 0.0108
0.0168578 0.0109
0.0169802 0.011
0.0171026 0.0111
0.0172249 0.0112
0.0173472 0.0113
0.0174694 0.0114
0.0175915 0.0115
0.0177136 0.0116
0.0178356 0.0117
0.0179576 0.0118
0.0180795 0.0119
0.0182014 0.012
0.0183232 0.0121
0.018445 0.0122
0.0185667 0.0123
0.0186884 0.0124
0.01881 0.0125
0.0189316 0.0126
0.0190531 0.0127
0.0191745 0.0128
0.019296 0.0129
0.0194173 0.013
0.0195386 0.0131
0.0196599 0.0132
0.0197811 0.0133
0.0199023 0.0134
0.0200234 0.0135
0.0201445 0.0136
0.0202656 0.0137
0.0203866 0.0138
0.0205075 0.0139
0.0206284 0.014
0.0207492 0.0141
0.02087 0.0142
0.0209908 0.0143
0.0211115 0.0144
0.0212322 0.0145
0.0213528 0.0146
0.0214734 0.0147
0.021594 0.0148
0.0217145 0.0149
0.0218349 0.015
0.0216682 0.0149
0.0215016 0.0148
0.0213349 0.0147
0.0211682 0.0146
0.0210016 0.0145
0.0208349 0.0144
0.0206682 0.0143
0.0205016 0.0142
0.0203349 0.0141
0.0201682 0.014
0.0200016 0.0139
0.0198349 0.0138
0.0196682 0.0137
0.0195016 0.0136
0.0193349 0.0135
0.0191682 0.0134
0.0190016 0.0133
0.0188349 0.0132
0.0186682 0.0131
0.0185016 0.013
0.0183349 0.0129
0.0181682 0.0128
0.0180016 0.0127
0.0178349 0.0126
0.0176682 0.0125
0.0175016 0.0124
0.0173349 0.0123
0.0171682 0.0122
0.0170016 0.0121
0.0168349 0.012
0.0166682 0.0119
0.0165016 0.0118
0.0163349 0.0117
0.0161682 0.0116
0.0160016 0.0115
0.0158349 0.0114
0.0156682 0.0113
0.0155016 0.0112
0.0153349 0.0111
0.0151682 0.011
0.0150016 0.0109
0.0148349 0.0108
0.0146682 0.0107
0.0145016 0.0106
0.0143349 0.0105
0.0141682 0.0104
0.0140016 0.0103
0.0138349 0.0102
0.0136682 0.0101
0.0135016 0.01
0.0133349 0.0099
0.0131682 0.0098
0.0130016 0.0097
0.0128349 0.0096
0.0126682 0.0095
0.0125016 0.0094
0.0123349 0.0093
0.0121682 0.0092
0.0120016 0.0091
0.0118349 0.009
0.0116682 0.0089
0.0115016 0.0088
0.0113349 0.0087
0.0111682 0.0086
0.0110016 0.0085
0.0108349 0.0084
0.0106682 0.0083
0.0105016 0.0082
0.0103349 0.0081
0.0101682 0.008
0.0100016 0.0079
0.00983491 0.0078
0.00966824 0.0077
0.00950157 0.0076
0.00933491 0.0075
0.00916824 0.0074
0.00900157 0.0073
0.00883491 0.0072
0.00866824 0.0071
0.00850157 0.007
0.00833491 0.0069
0.00816824 0.0068
0.00800157 0.0067
0.00783491 0.0066
0.00766824 0.0065
0.00750157 0.0064
0.00733491 0.0063
0.00716824 0.0062
0.00700157 0.0061
0.00683491 0.006
0.00666824 0.0059
0.00650157 0.0058
0.00633491 0.0057
0.00616824 0.0056
0.00600157 0.0055
0.00583491 0.0054
0.00566824 0.0053
0.00550157 0.0052
0.00533491 0.0051
0.00516824 0.005
0.00500157 0.0049
0.00483491 0.0048
0.00466824 0.0047
0.0045023 0.0046
0.00433774 0.0045
0.0041745 0.0044
0.00401248 0.0043
0.00385162 0.0042
0.00369185 0.0041
0.00353313 0.004
0.00337539 0.0039
0.00321859 0.0038
0.00306269 0.0037
0.00290764 0.0036
0.00275341 0.0035
0.00259995 0.0034
0.00244725 0.0033
0.00229526 0.0032
0.00214396 0.0031
0.00199332 0.003
0.00184332 0.0029
0.00169393 0.0028
0.00154513 0.0027
0.00139691 0.0026
0.00124924 0.0025
0.00110209 0.0024
0.000955469 0.0023
0.000809341 0.0022
0.000663697 0.0021
0.000518521 0.002
0.000373799 0.0019
0.000229518 0.0018
8.56647e-05 0.0017
-5.7773e-05 0.0016
-0.000200807 0.0015
-0.000343447 0.0014
-0.000485705 0.0013
-0.000627591 0.0012
-0.000769114 0.0011
-0.000910284 0.001
-0.00105111 0.0009
-0.0011916 0.0008
-0.00133176 0.0007
-0.0014716 0.0006
-0.00161113 0.0005
-0.00175035 0.0004
-0.00188928 0.0003
-0.00202791 0.0002
-0.00216626 0.0001
-0.00230433 2.43932e-19
-0.00244213 -0.0001
-0.00257966 -0.0002
-0.00271692 -0.0003
-0.00285394 -0.0004
-0.0029907 -0.0005
-0.00312721 -0.0006
-0.00326349 -0.0007
-0.00339952 -0.0008
-0.00353533 -0.0009
-0.00367091 -0.001
-0.00380626 -0.0011
-0.0039414 -0.0012
-0.00407632 -0.0013
-0.00421103 -0.0014
-0.00434554 -0.0015
-0.00447984 -0.0016
-0.00461394 -0.0017
-0.00474784 -0.0018
-0.00488155 -0.0019
-0.00501507 -0.002
-0.0051484 -0.0021
-0.00528155 -0.0022
-0.00541452 -0.0023
-0.00554731 -0.0024
-0.00567993 -0.0025
-0.00581237 -0.0026
-0.00594465 -0.0027
-0.00607676 -0.0028
-0.0062087 -0.0029
-0.00634048 -0.003
-0.00647211 -0.0031
-0.00660357 -0.0032
-0.00673488 -0.0033
-0.00686604 -0.0034
-0.00699705 -0.0035
-0.00712791 -0.0036
-0.00725863 -0.0037
-0.0073892 -0.0038
-0.00751963 -0.0039
-0.00764992 -0.004
-0.00778007 -0.0041
-0.00791008 -0.0042
-0.00803996 -0.0043
-0.00816971 -0.0044
-0.00829933 -0.0045
-0.00842882 -0.0046
-0.00855818 -0.0047
-0.00868741 -0.0048
-0.00881653 -0.0049
-0.00894551 -0.005
-0.00907438 -0.0051
-0.00920313 -0.0052
-0.00933176 -0.0053
-0.00946027 -0.0054
-0.00958867 -0.0055
-0.00971696 -0.0056
-0.00984513 -0.0057
-0.00997319 -0.0058
-0.0101011 -0.0059
-0.010229 -0.006
-0.0103567 -0.0061
-0.0104843 -0.0062
-0.0106119 -0.0063
-0.0107393 -0.0064
-0.0108666 -0.0065
-0.0109938 -0.0066
-0.0111209 -0.0067
-0.011248 -0.0068
-0.0113749 -0.0069
-0.0115017 -0.007
-0.0116284 -0.0071
-0.0117551 -0.0072
-0.0118816 -0.0073
-0.012008 -0.0074
-0.0121344 -0.0075
-0.0122607 -0.0076
-0.0123868 -0.0077
-0.0125129 -0.0078
-0.0126389 -0.0079
-0.0127648 -0.008
-0.0128906 -0.0081
-0.0130164 -0.0082
-0.013142 -0.0083
-0.0132676 -0.0084
-0.0133931 -0.0085
-0.0135185 -0.0086
-0.0136438 -0.0087
-0.013769 -0.0088
-0.0138942 -0.0089
-0.0140192 -0.009
-0.0141442 -0.0091
-0.0142692 -0.0092
-0.014394 -0.0093
-0.0145188 -0.0094
-0.0146435 -0.0095
-0.0147681 -0.0096
-0.0148926 -0.0097
-0.0150171 -0.0098
-0.0151415 -0.0099
-0.0152658 -0.01
-0.0153901 -0.0101
-0.0155143 -0.0102
-0.0156384 -0.0103
-0.0157624 -0.0104
-0.0158864 -0.0105
-0.0160103 -0.0106
-0.0161341 -0.0107
-0.0162579 -0.0108
-0.0163816 -0.0109
-0.0165052 -0.011
-0.0166288 -0.0111
-0.0167523 -0.0112
-0.0168758 -0.0113
-0.0169991 -0.0114
-0.0171225 -0.0115
-0.0172457 -0.0116
-0.0173689 -0.0117
-0.017492 -0.0118
-0.0176151 -0.0119
-0.0177381 -0.012
-0.017861 -0.0121
-0.0179839 -0.0122
-0.0181067 -0.0123
-0.0182295 -0.0124
-0.0183522 -0.0125
-0.0184748 -0.0126
-0.0185974 -0.0127
-0.01872 -0.0128
-0.0188424 -0.0129
-0.0189648 -0.013
-0.0190872 -0.0131
-0.0192095 -0.0132
-0.0193318 -0.0133
-0.019454 -0.0134
-0.0195761 -0.0135
-0.0196982 -0.0136
-0.0198202 -0.0137
-0.0199422 -0.0138
-0.0200641 -0.0139
-0.020186 -0.014
-0.0203078 -0.0141
-0.0204296 -0.0142
-0.0205513 -0.0143
-0.020673 -0.0144
-0.0207946 -0.0145
-0.0209162 -0.0146
-0.0210377 -0.0147
-0.0211591 -0.0148
-0.0212806 -0.0149
-0.0214019 -0.015
-0.0215232 -0.0151
-0.0216445 -0.0152
-0.0217657 -0.0153
-0.0218869 -0.0154
-0.022008 -0.0155
-0.0221291 -0.0156
-0.0222502 -0.0157
-0.0223712 -0.0158
-0.0224921 -0.0159
-0.022613 -0.016
-0.0227338 -0.0161
-0.0228546 -0.0162
-0.0229754 -0.0163
-0.0230961 -0.0164
-0.0232168 -0.0165
-0.0233374 -0.0166
-0.023458 -0.0167
-0.0235786 -0.0168
-0.0236991 -0.0169
-0.0238195 -0.017
-0.0239399 -0.0171
-0.0240603 -0.0172
-0.0241806 -0.0173
-0.0243009 -0.0174
-0.0244211 -0.0175
-0.0245414 -0.0176
-0.0246615 -0.0177
-0.0247816 -0.0178
-0.0249017 -0.0179
-0.0250218 -0.018
-0.0251418 -0.0181
-0.0252617 -0.0182
-0.0253816 -0.0183
-0.0255015 -0.0184
-0.0256214 -0.0185
-0.0257412 -0.0186
-0.0258609 -0.0187
-0.0259807 -0.0188
-0.0261003 -0.0189
-0.02622 -0.019
-0.0263396 -0.0191
-0.0264592 -0.0192
-0.0265787 -0.0193
-0.0266982 -0.0194
-0.0268177 -0.0195
-0.0269371 -0.0196
-0.0270565 -0.0197
-0.0271758 -0.0198
-0.0272952 -0.0199
-0.0274144 -0.02
-0.0275337 -0.0201
-0.0276529 -0.0202
-0.0277721 -0.0203
-0.0278912 -0.0204
-0.0280103 -0.0205
-0.0281294 -0.0206
-0.0282484 -0.0207
-0.0283674 -0.0208
-0.0284864 -0.0209
-0.0286053 -0.021
-0.0287242 -0.0211
-0.0288431 -0.0212
-0.0289619 -0.0213
-0.0290807 -0.0214
-0.0291995 -0.0215
-0.0293182 -0.0216
-0.0294369 -0.0217
-0.0295556 -0.0218
-0.0296742 -0.0219
-0.0297928 -0.022
-0.0299114 -0.0221
-0.0300299 -0.0222
-0.0301484 -0.0223
-0.0302669 -0.0224
-0.0303853 -0.0225
-0.0305037 -0.0226
-0.0306221 -0.0227
-0.0307405 -0.0228
-0.0308588 -0.0229
-0.0309771 -0.023
-0.0310953 -0.0231
-0.0312136 -0.0232
-0.0313318 -0.0233
-0.0314499 -0.0234
-0.0315681 -0.0235
-0.0316862 -0.0236
-0.0318042 -0.0237
-0.0319223 -0.0238
-0.0320403 -0.0239
-0.0321583 -0.024
-0.0322763 -0.0241
-0.0323942 -0.0242
-0.0325121 -0.0243
-0.03263 -0.0244
-0.0327478 -0.0245
-0.0328656 -0.0246
-0.0329834 -0.0247
-0.0331012 -0.0248
-0.0332189 -0.0249
-0.0333366 -0.025
-0.03317 -0.0249
-0.0330033 -0.0248
-0.0328366 -0.0247
-0.03267 -0.0246
-0.0325033 -0.0245
-0.0323366 -0.0244
-0.03217 -0.0243
-0.0320033 -0.0242
-0.0318366 -0.0241
-0.03167 -0.024
-0.0315033 -0.0239
-0.0313366 -0.0238
-0.03117 -0.0237
-0.0310033 -0.0236
-0.0308366 -0.0235
-0.03067 -0.0234
-0.0305033 -0.0233
-0.0303366 -0.0232
-0.03017 -0.0231
-0.0300033 -0.023
-0.0298366 -0.0229
-0.02967 -0.0228
-0.0295033 -0.0227
-0.0293366 -0.0226
-0.02917 -0.0225
-0.0290033 -0.0224
-0.0288366 -0.0223
-0.02867 -0.0222
-0.0285033 -0.0221
-0.0283366 -0.022
-0.02817 -0.0219
-0.0280033 -0.0218
-0.0278366 -0.0217
-0.02767 -0.0216
-0.0275033 -0.0215
-0.0273366 -0.0214
-0.02717 -0.0213
-0.0270033 -0.0212
-0.0268366 -0.0211
-0.02667 -0.021
-0.0265033 -0.0209
-0.0263366 -0.0208
-0.02617 -0.0207
-0.0260033 -0.0206
-0.0258366 -0.0205
-0.02567 -0.0204
-0.0255033 -0.0203
-0.0253366 -0.0202
-0.02517 -0.0201
-0.0250033 -0.02
-0.0248366 -0.0199
-0.02467 -0.0198
-0.0245033 -0.0197
-0.0243366 -0.0196
-0.02417 -0.0195
-0.0240033 -0.0194
-0.0238366 -0.0193
-0.02367 -0.0192
-0.0235033 -0.0191
-0.0233366 -0.019
-0.02317 -0.0189
-0.0230033 -0.0188
-0.0228366 -0.0187
-0.02267 -0.0186
-0.0225033 -0.0185
-0.0223366 -0.0184
-0.02217 -0.0183
-0.0220033 -0.0182
-0.0218366 -0.0181
-0.02167 -0.018
-0.0215033 -0.0179
-0.0213366 -0.0178
-0.02117 -0.0177
-0.0210033 -0.0176
-0.0208366 -0.0175
-0.02067 -0.0174
-0.0205033 -0.0173
-0.0203366 -0.0172
-0.02017 -0.0171
-0.0200033 -0.017
-0.0198366 -0.0169
-0.01967 -0.0168
-0.0195033 -0.0167
-0.0193366 -0.0166
-0.01917 -0.0165
-0.0190033 -0.0164
-0.0188366 -0.0163
-0.01867 -0.0162
-0.0185033 -0.0161
-0.0183366 -0.016
-0.01817 -0.0159
-0.0180033 -0.0158
-0.0178366 -0.0157
-0.01767 -0.0156
-0.0175033 -0.0155
-0.0173366 -0.0154
-0.01717 -0.0153
-0.0170033 -0.0152
-0.0168366 -0.0151
-0.01667 -0.015
-0.0165033 -0.0149
-0.0163366 -0.0148
-0.01617 -0.0147
-0.0160033 -0.0146
-0.0158366 -0.0145
-0.01567 -0.0144
-0.0155033 -0.0143
-0.0153366 -0.0142
-0.01517 -0.0141
-0.0150033 -0.014
-0.0148366 -0.0139
-0.01467 -0.0138
-0.0145033 -0.0137
-0.0143366 -0.0136
-0.01417 -0.0135
-0.0140033 -0.0134
-0.0138366 -0.0133
-0.01367 -0.0132
-0.0135033 -0.0131
-0.0133366 -0.013
-0.01317 -0.0129
-0.0130033 -0.0128
-0.0128366 -0.0127
-0.01267 -0.0126
-0.0125033 -0.0125
-0.0123366 -0.0124
-0.0121707 -0.0123
-0.0120061 -0.0122
-0.0118429 -0.0121
-0.0116809 -0.012
-0.01152 -0.0119
-0.0113602 -0.0118
-0.0112015 -0.0117
-0.0110438 -0.0116
-0.010887 -0.0115
-0.0107311 -0.0114
-0.010576 -0.0113
-0.0104218 -0.0112
-0.0102683 -0.0111
-0.0101156 -0.011
-0.00996364 -0.0109
-0.00981234 -0.0108
-0.0096617 -0.0107
-0.0095117 -0.0106
-0.00936232 -0.0105
-0.00921352 -0.0104
-0.0090653 -0.0103
-0.00891762 -0.0102
-0.00877048 -0.0101
-0.00862385 -0.01
-0.00847773 -0.0099
-0.00833208 -0.0098
-0.00818691 -0.0097
-0.00804218 -0.0096
-0.0078979 -0.0095
-0.00775405 -0.0094
-0.00761061 -0.0093
-0.00746758 -0.0092
-0.00732494 -0.0091
-0.00718268 -0.009
-0.00704079 -0.0089
-0.00689927 -0.0088
-0.0067581 -0.0087
-0.00661728 -0.0086
-0.00647679 -0.0085
-0.00633663 -0.0084
-0.00619678 -0.0083
-0.00605726 -0.0082
-0.00591803 -0.0081
-0.00577911 -0.008
-0.00564047 -0.0079
-0.00550212 -0.0078
-0.00536406 -0.0077
-0.00522626 -0.0076
-0.00508873 -0.0075
-0.00495146 -0.0074
-0.00481445 -0.0073
-0.00467769 -0.0072
-0.00454117 -0.0071
-0.0044049 -0.007
-0.00426886 -0.0069
-0.00413306 -0.0068
-0.00399748 -0.0067
-0.00386212 -0.0066
-0.00372698 -0.0065
-0.00359206 -0.0064
-0.00345735 -0.0063
-0.00332285 -0.0062
-0.00318855 -0.0061
-0.00305445 -0.006
-0.00292055 -0.0059
-0.00278684 -0.0058
-0.00265332 -0.0057
-0.00251998 -0.0056
-0.00238683 -0.0055
-0.00225386 -0.0054
-0.00212107 -0.0053
-0.00198846 -0.0052
-0.00185601 -0.0051
-0.00172374 -0.005
-0.00159163 -0.0049
-0.00145968 -0.0048
-0.0013279 -0.0047
-0.00119628 -0.0046
-0.00106481 -0.0045
-0.000933502 -0.0044
-0.000802343 -0.0043
-0.000671334 -0.0042
-0.000540473 -0.0041
-0.000409758 -0.004
-0.000279187 -0.0039
-0.000148758 -0.0038
-1.8469e-05 -0.0037
0.000111682 -0.0036
0.000241697 -0.0035
0.000371578 -0.0034
0.000501326 -0.0033
0.000630944 -0.0032
0.000760432 -0.0031
0.000889793 -0.003
0.00101903 -0.0029
0.00114814 -0.0028
0.00127713 -0.0027
0.001406 -0.0026
0.00153474 -0.0025
0.00166337 -0.0024
0.00179189 -0.0023
0.00192029 -0.0022
0.00204857 -0.0021
0.00217674 -0.002
0.0023048 -0.0019
0.00243275 -0.0018
0.0025606 -0.0017
0.00268833 -0.0016
0.00281596 -0.0015
0.00294348 -0.0014
0.0030709 -0.0013
0.00319822 -0.0012
0.00332544 -0.0011
0.00345256 -0.001
0.00357957 -0.0009
0.00370649 -0.0008
0.00383331 -0.0007
0.00396004 -0.0006
0.00408667 -0.0005
0.00421321 -0.0004
0.00433965 -0.0003
0.00446601 -0.0002
0.00459227 -0.0001
0.00471844 -2.43945e-19
0.00484452 0.0001
0.00497051 0.0002
0.00509642 0.0003
0.00522224 0.0004
0.00534797 0.0005
0.00547362 0.0006
0.00559919 0.0007
0.00572467 0.0008
0.00585007 0.0009
0.00597539 0.001
0.00610063 0.0011
0.00622579 0.0012
0.00635086 0.0013
0.00647586 0.0014
0.00660079 0.0015
0.00672563 0.0016
0.0068504 0.0017
0.00697509 0.0018
0.00709971 0.0019
0.00722426 0.002
0.00734873 0.0021
0.00747312 0.0022
0.00759745 0.0023
0.0077217 0.0024
0.00784589 0.0025
0.00797 0.0026
0.00809404 0.0027
0.00821801 0.0028
0.00834192 0.0029
0.00846575 0.003
0.00858952 0.0031
0.00871323 0.0032
0.00883686 0.0033
0.00896043 0.0034
0.00908394 0.0035
0.00920738 0.0036
0.00933075 0.0037
0.00945407 0.0038
0.00957732 0.0039
0.0097005 0.004
0.00982363 0.0041
0.00994669 0.0042
0.0100697 0.0043
0.0101926 0.0044
0.0103155 0.0045
0.0104383 0.0046
0.0105611 0.0047
0.0106838 0.0048
0.0108065 0.0049
0.010929 0.005
0.0110516 0.0051
0.011174 0.0052
0.0112965 0.0053
0.0114188 0.0054
0.0115411 0.0055
0.0116634 0.0056
0.0117856 0.0057
0.0119077 0.0058
0.0120298 0.0059
0.0121518 0.006
0.0122738 0.0061
0.0123957 0.0062
0.0125176 0.0063
0.0126394 0.0064
0.0127612 0.0065
0.0128829 0.0066
0.0130046 0.0067
0.0131262 0.0068
0.0132478 0.0069
0.0133693 0.007
0.0134908 0.0071
0.0136122 0.0072
0.0137335 0.0073
0.0138549 0.0074
0.0139761 0.0075
0.0140974 0.0076
0.0142185 0.0077
0.0143397 0.0078
0.0144607 0.0079
0.0145818 0.008
0.0147028 0.0081
0.0148237 0.0082
0.0149446 0.0083
0.0150655 0.0084
0.0151863 0.0085
0.015307 0.0086
0.0154277 0.0087
0.0155484 0.0088
0.015669 0.0089
0.0157896 0.009
0.0159102 0.0091
0.0160307 0.0092
0.0161511 0.0093
0.0162715 0.0094
0.0163919 0.0095
0.0165122 0.0096
0.0166325 0.0097
0.0167528 0.0098
0.016873 0.0099
0.0169931 0.01
0.0171132 0.0101
0.0172333 0.0102
0.0173534 0.0103
0.0174734 0.0104
0.0175933 0.0105
0.0177132 0.0106
0.0178331 0.0107
0.017953 0.0108
0.0180728 0.0109
0.0181925 0.011
0.0183123 0.0111
0.018432 0.0112
0.0185516 0.0113
0.0186712 0.0114
0.0187908 0.0115
0.0189103 0.0116
0.0190298 0.0117
0.0191493 0.0118
0.0192687 0.0119
0.0193881 0.012
0.0195075 0.0121
0.0196268 0.0122
0.0197461 0.0123
0.0198653 0.0124
0.0199845 0.0125
0.0201037 0.0126
0.0202228 0.0127
0.0203419 0.0128
0.020461 0.0129
0.02058 0.013
0.020699 0.0131
0.020818 0.0132
0.0209369 0.0133
0.0210558 0.0134
0.0211747 0.0135
0.0212935 0.0136
0.0214123 0.0137
0.0215311 0.0138
0.0216498 0.0139
0.0217685 0.014
0.0218872 0.0141
0.0220058 0.0142
0.0221244 0.0143
0.022243 0.0144
0.0223615 0.0145
0.02248 0.0146
0.0225985 0.0147
0.0227169 0.0148
0.0228354 0.0149
0.0229537 0.015
0.0230721 0.0151
0.0231904 0.0152
0.0233087 0.0153
0.023427 0.0154
0.0235452 0.0155
0.0236634 0.0156
0.0237815 0.0157
0.0238997 0.0158
0.0240178 0.0159
0.0241359 0.016
0.0242539 0.0161
0.0243719 0.0162
0.0244899 0.0163
0.0246079 0.0164
0.0247258 0.0165
0.0248437 0.0166
0.0249616 0.0167
0.0250794 0.0168
0.0251973 0.0169
0.025315 0.017
0.0254328 0.0171
0.0255505 0.0172
0.0256682 0.0173
0.0257859 0.0174
0.0259036 0.0175
0.0260212 0.0176
0.0261388 0.0177
0.0262564 0.0178
0.0263739 0.0179
0.0264914 0.018
0.0266089 0.0181
0.0267264 0.0182
0.0268438 0.0183
0.0269612 0.0184
0.0270786 0.0185
0.0271959 0.0186
0.0273133 0.0187
0.0274306 0.0188
0.0275478 0.0189
0.0276651 0.019
0.0277823 0.0191
0.0278995 0.0192
0.0280167 0.0193
0.0281338 0.0194
0.028251 0.0195
0.0283681 0.0196
0.0284851 0.0197
0.0286022 0.0198
0.0287192 0.0199
0.0288362 0.02
0.0289532 0.0201
0.0290702 0.0202
0.0291871 0.0203
0.029304 0.0204
0.0294209 0.0205
0.0295377 0.0206
0.0296545 0.0207
0.0297714 0.0208
0.0298881 0.0209
0.0300049 0.021
0.0301216 0.0211
0.0302383 0.0212
0.030355 0.0213
0.0304717 0.0214
0.0305883 0.0215
0.030705 0.0216
0.0308216 0.0217
0.0309381 0.0218
0.0310547 0.0219
0.0311712 0.022
0.0312877 0.0221
0.0314042 0.0222
0.0315207 0.0223
0.0316371 0.0224
0.0317535 0.0225
0.0318699 0.0226
0.0319863 0.0227
0.0321027 0.0228
0.032219 0.0229
0.0323353 0.023
0.0324516 0.0231
0.0325678 0.0232
0.0326841 0.0233
0.0328003 0.0234
0.0329165 0.0235
0.0330327 0.0236
0.0331488 0.0237
0.033265 0.0238
0.0333811 0.0239
0.0334972 0.024
0.0336133 0.0241
0.0337293 0.0242
0.0338454 0.0243
0.0339614 0.0244
0.0340774 0.0245
0.0341933 0.0246
0.0343093 0.0247
0.0344252 0.0248
0.0345411 0.0249
0.034657 0.025
0.0329904 0.024
0.0313237 0.023
0.029657 0.022
0.0279904 0.021
0.0263237 0.02
0.024657 0.019
0.0229904 0.018
0.0213237 0.017
0.019657 0.016
0.0179904 0.015
0.0163237 0.014
0.014657 0.013
0.0129904 0.012
0.0113237 0.011
0.00965702 0.01
0.00805146 0.009
0.00653392 0.008
0.00507445 0.007
0.00365702 0.006
0.00227186 0.005
0.000912461 0.004
-0.000425741 0.003
-0.0017461 0.002
-0.00305118 0.001
-0.00434298 -1.11022e-16
-0.00562309 -0.001
-0.00689281 -0.002
-0.00815323 -0.003
-0.00940523 -0.004
-0.0106496 -0.005
-0.011887 -0.006
-0.0131179 -0.007
-0.014343 -0.008
-0.0155625 -0.009
-0.016777 -0.01
-0.0179866 -0.011
-0.0191918 -0.012
-0.0203929 -0.013
-0.0215899 -0.014
-0.0227833 -0.015
-0.0239731 -0.016
-0.0251596 -0.017
-0.026343 -0.018
-0.0275233 -0.019
-0.0287008 -0.02
-0.0298755 -0.021
-0.0310477 -0.022
-0.0322173 -0.023
-0.0333846 -0.024
-0.0345495 -0.025
-0.0357123 -0.026
-0.0368729 -0.027
-0.0380316 -0.028
-0.0391882 -0.029
-0.040343 -0.03
-0.0414959 -0.031
-0.0426471 -0.032
-0.0437966 -0.033
-0.0449444 -0.034
-0.0460907 -0.035
-0.044424 -0.034
-0.0427574 -0.033
-0.0410907 -0.032
-0.039424 -0.031
-0.0377574 -0.03
-0.0360907 -0.029
-0.034424 -0.028
-0.0327574 -0.027
-0.0310907 -0.026
-0.029424 -0.025
-0.0277574 -0.024
-0.0260907 -0.023
-0.024424 -0.022
-0.0227574 -0.021
-0.0210907 -0.02
-0.019424 -0.019
-0.0177574 -0.018
-0.0161518 -0.017
-0.0146343 -0.016
-0.0131748 -0.015
-0.0117574 -0.014
-0.0103722 -0.013
-0.00901281 -0.012
-0.00767461 -0.011
-0.00635425 -0.01
-0.00504917 -0.009
-0.00375737 -0.008
-0.00247726 -0.007
-0.00120754 -0.006
5.28794e-05 -0.005
0.00130489 -0.004
0.00254925 -0.003
0.00378663 -0.002
0.00501759 -0.001
0.00624263 -1.11022e-16
0.00746217 0.001
0.00867661 0.002
0.00988628 0.003
0.0110915 0.004
0.0122925 0.005
0.0134896 0.006
0.0146829 0.007
0.0158728 0.008
0.0170593 0.009
0.0182426 0.01
0.019423 0.011
0.0206004 0.012
0.0217752 0.013
0.0229473 0.014
0.024117 0.015
0.0252842 0.016
0.0264492 0.017
0.0276119 0.018
0.0287726 0.019
0.0299312 0.02
0.0310879 0.021
0.0322426 0.022
0.0333956 0.023
0.0345468 0.024
0.0356963 0.025
0.0368441 0.026
0.0379904 0.027
0.0391351 0.028
0.0402783 0.029
0.0414201 0.03
0.0425605 0.031
0.0436995 0.032
0.0448371 0.033
0.0459735 0.034
0.0471087 0.035
0.045442 0.034
0.0437754 0.033
0.0421087 0.032
0.040442 0.031
0.0387754 0.03
0.0371087 0.029
0.035442 0.028
0.0337754 0.027
0.0321087 0.026
0.030442 0.025
0.0287754 0.024
0.0271087 0.023
0.025442 0.022
0.0237754 0.021
0.0221087 0.02
0.020442 0.019
0.0187754 0.018
0.0171087 0.017
0.015442 0.016
0.0138365 0.015
0.0123189 0.014
0.0108595 0.013
0.00944203 0.012
0.00805687 0.011
0.00669747 0.01
0.00535927 0.009
0.00403891 0.008
0.00273383 0.007
0.00144203 0.006
0.000161921 0.005
-0.0011078 0.004
-0.00236822 0.003
-0.00362023 0.002
-0.00486459 0.001
-0.00610197 -1.11022e-16
-0.00733293 -0.001
-0.00855797 -0.002
-0.00977751 -0.003
-0.0109919 -0.004
-0.0122016 -0.005
-0.0134068 -0.006
-0.0146078 -0.007
-0.0158049 -0.008
-0.0169983 -0.009
-0.0181881 -0.01
-0.0193746 -0.011
-0.020558 -0.012
-0.0217383 -0.013
-0.0229158 -0.014
-0.0240905 -0.015
-0.0252627 -0.016
-0.0264323 -0.017
-0.0275996 -0.018
-0.0287645 -0.019
-0.0299273 -0.02
-0.0310879 -0.021
-0.0322465 -0.022
-0.0334032 -0.023
-0.034558 -0.024
-0.0357109 -0.025
-0.0368621 -0.026
-0.0380116 -0.027
-0.0391594 -0.028
-0.0403057 -0.029
-0.0414504 -0.03
-0.0425936 -0.031
-0.0437354 -0.032
-0.0448758 -0.033
-0.0460148 -0.034
-0.0471525 -0.035
-0.0482889 -0.036
-0.049424 -0.037
-0.050558 -0.038
-0.0516907 -0.039
-0.0528223 -0.04
-0.0539528 -0.041
-0.0550821 -0.042
-0.0562104 -0.043
-0.0573377 -0.044
-0.0584639 -0.045
-0.0567973 -0.044
-0.0551306 -0.043
-0.0534639 -0.042
-0.0517973 -0.041
-0.0501306 -0.04
-0.0484639 -0.039
-0.0467973 -0.038
-0.0451306 -0.037
-0.0434639 -0.036
-0.0417973 -0.035
-0.0401306 -0.034
-0.0384639 -0.033
-0.0367973 -0.032
-0.0351306 -0.031
-0.0334639 -0.03
-0.0317973 -0.029
-0.0301306 -0.028
-0.0284639 -0.027
-0.0267973 -0.026
-0.0251306 -0.025
-0.0234639 -0.024
-0.0218584 -0.023
-0.0203408 -0.022
-0.0188814 -0.021
-0.0174639 -0.02
-0.0160788 -0.019
-0.0147194 -0.018
-0.0133812 -0.017
-0.0120608 -0.016
-0.0107557 -0.015
-0.00946394 -0.014
-0.00818383 -0.013
-0.00691411 -0.012
-0.00565369 -0.011
-0.00440168 -0.01
-0.00315732 -0.009
-0.00191994 -0.008
-0.000688978 -0.007
0.000536058 -0.006
0.0017556 -0.005
0.00297004 -0.004
0.00417971 -0.003
0.00538492 -0.002
0.00658593 -0.001
0.00778301 -1.11022e-16
0.00897636 0.001
0.0101662 0.002
0.0113527 0.003
0.0125361 0.004
0.0137164 0.005
0.0148939 0.006
0.0160686 0.007
0.0172408 0.008
0.0184104 0.009
0.0195777 0.01
0.0207426 0.011
0.0219054 0.012
0.023066 0.013
0.0242246 0.014
0.0253813 0.015
0.0265361 0.016
0.027689 0.017
0.0288402 0.018
0.0299897 0.019
0.0311375 0.02
0.0322838 0.021
0.0334285 0.022
0.0345717 0.023
0.0357135 0.024
0.0368539 0.025
0.0379929 0.026
0.0391306 0.027
0.040267 0.028
0.0414021 0.029
0.0425361 0.03
0.0436688 0.031
0.0448004 0.032
0.0459309 0.033
0.0470602 0.034
0.0481885 0.035
0.0493158 0.036
0.050442 0.037
0.0515673 0.038
0.0526916 0.039
0.0538149 0.04
0.0549373 0.041
0.0560588 0.042
0.0571794 0.043
0.0582991 0.044
0.059418 0.045
0.0577513 0.044
0.0560847 0.043
0.054418 0.042
0.0527513 0.041
0.0510847 0.04
0.049418 0.039
0.0477513 0.038
0.0460847 0.037
0.044418 0.036
0.0427513 0.035
0.0410847 0.034
0.039418 0.033
0.0377513 0.032
0.0360847 0.031
0.034418 0.03
0.0327513 0.029
0.0310847 0.028
0.029418 0.027
0.0277513 0.026
0.0260847 0.025
0.024418 0.024
0.0227513 0.023
0.0211458 0.022
0.0196282 0.021
0.0181688 0.02
0.0167513 0.019
0.0153662 0.018
0.0140068 0.017
0.0126686 0.016
0.0113482 0.015
0.0100431 0.014
0.00875133 0.013
0.00747122 0.012
0.0062015 0.011
0.00494108 0.01
0.00368908 0.009
0.00244471 0.008
0.00120733 0.007
-2.36301e-05 0.006
-0.00124867 0.005
-0.00246821 0.004
-0.00368265 0.003
-0.00489232 0.002
-0.00609752 0.001
-0.00729854 -1.11023e-16
-0.00849562 -0.001
-0.00968897 -0.002
-0.0108788 -0.003
-0.0120653 -0.004
-0.0132487 -0.005
-0.014429 -0.006
-0.0156065 -0.007
-0.0167812 -0.008
-0.0179534 -0.009
-0.019123 -0.01
-0.0202903 -0.011
-0.0214552 -0.012
-0.022618 -0.013
-0.0237786 -0.014
-0.0249372 -0.015
-0.0260939 -0.016
-0.0272487 -0.017
-0.0284016 -0.018
-0.0295528 -0.019
-0.0307023 -0.02
-0.0318501 -0.021
-0.0329964 -0.022
-0.0341411 -0.023
-0.0352843 -0.024
-0.0364261 -0.025
-0.0375665 -0.026
-0.0387055 -0.027
-0.0398432 -0.028
-0.0409796 -0.029
-0.0421147 -0.03
-0.0432487 -0.031
-0.0443814 -0.032
-0.045513 -0.033
-0.0466435 -0.034
-0.0477728 -0.035
-0.0489011 -0.036
-0.0500284 -0.037
-0.0511546 -0.038
-0.0522799 -0.039
-0.0534042 -0.04
-0.0545275 -0.041
-0.0556499 -0.042
-0.0567714 -0.043
-0.057892 -0.044
-0.0590117 -0.045
-0.0601306 -0.046
-0.0612487 -0.047
-0.0623659 -0.048
-0.0634824 -0.049
-0.064598 -0.05
-0.0657129 -0.051
-0.0668271 -0.052
-0.0679405 -0.053
-0.0690532 -0.054
-0.0701651 -0.055
-0.0684985 -0.054
-0.0668318 -0.053
-0.0651651 -0.052
-0.0634985 -0.051
-0.0618318 -0.05
-0.0601651 -0.049
-0.0584985 -0.048
-0.0568318 -0.047
-0.0551651 -0.046
-0.0534985 -0.045
-0.0518318 -0.044
-0.0501651 -0.043
-0.0484985 -0.042
-0.0468318 -0.041
-0.0451651 -0.04
-0.0434985 -0.039
-0.0418318 -0.038
-0.0401651 -0.037
-0.0384985 -0.036
-0.0368318 -0.035
-0.0351651 -0.034
-0.0334985 -0.033
-0.0318318 -0.032
-0.0302262 -0.031
-0.0287087 -0.03
-0.0272492 -0.029
-0.0258318 -0.028
-0.0244466 -0.027
-0.0230872 -0.026
-0.021749 -0.025
-0.0204287 -0.024
-0.0191236 -0.023
-0.0178318 -0.022
-0.0165517 -0.021
-0.015282 -0.02
-0.0140216 -0.019
-0.0127695 -0.018
-0.0115252 -0.017
-0.0102878 -0.016
-0.00905684 -0.015
-0.00783181 -0.014
-0.00661226 -0.013
-0.00539782 -0.012
-0.00418815 -0.011
-0.00298295 -0.01
-0.00178193 -0.009
-0.000584854 -0.008
0.000608501 -0.007
0.00179834 -0.006
0.00298485 -0.005
0.00416819 -0.004
0.00534853 -0.003
0.00652601 -0.002
0.00770076 -0.001
0.00887289 -1.11022e-16
0.0100425 0.001
0.0112098 0.002
0.0123748 0.003
0.0135375 0.004
0.0146982 0.005
0.0158568 0.006
0.0170134 0.007
0.0181682 0.008
0.0193211 0.009
0.0204723 0.01
0.0216218 0.011
0.0227697 0.012
0.0239159 0.013
0.0250606 0.014
0.0262039 0.015
0.0273456 0.016
0.028486 0.017
0.029625 0.018
0.0307627 0.019
0.0318991 0.02
0.0330343 0.021
0.0341682 0.022
0.0353009 0.023
0.0364325 0.024
0.037563 0.025
0.0386924 0.026
0.0398207 0.027
0.0409479 0.028
0.0420742 0.029
0.0431994 0.03
0.0443237 0.031
0.045447 0.032
0.0465694 0.033
0.0476909 0.034
0.0488115 0.035
0.0499312 0.036
0.0510501 0.037
0.0521682 0.038
0.0532854 0.039
0.0544019 0.04
0.0555175 0.041
0.0566324 0.042
0.0577466 0.043
0.05886 0.044
0.0599727 0.045
0.0610847 0.046
0.062196 0.047
0.0633066 0.048
0.0644165 0.049
0.0655258 0.05
0.0638591 0.049
0.0621924 0.048
0.0605258 0.047
0.0588591 0.046
0.0571924 0.045
0.0555258 0.044
0.0538591 0.043
0.0521924 0.042
0.0505258 0.041
0.0488591 0.04
0.0471924 0.039
0.0455258 0.038
0.0438591 0.037
0.0421924 0.036
0.0405258 0.035
0.0388591 0.034
0.0371924 0.033
0.0355258 0.032
0.0338591 0.031
0.0321924 0.03
0.0305258 0.029
0.0288591 0.028
0.0271924 0.027
0.0255258 0.026
0.0239202 0.025
0.0224026 0.024
0.0209432 0.023
0.0195258 0.022
0.0181406 0.021
0.0167812 0.02
0.015443 0.019
0.0141226 0.018
0.0128175 0.017
0.0115258 0.016
0.0102456 0.015
0.00897592 0.014
0.0077155 0.013
0.0064635 0.012
0.00521913 0.011
0.00398175 0.01
0.00275079 0.009
0.00152575 0.008
0.00030621 0.007
-0.000908227 0.006
-0.0021179 0.005
-0.0033231 0.004
-0.00452412 0.003
-0.0057212 0.002
-0.00691455 0.001
-0.00810439 -1.11022e-16
