-0.000166667 -0.0001
-0.000333333 -0.0002
-0.000499999 -0.0003
-0.000666663 -0.0004
-0.000833323 -0.0005
-0.000999973 -0.0006
-0.00116661 -0.0007
-0.00133322 -0.0008
-0.0014998 -0.0009
-0.00166632 -0.001
-0.00183278 -0.0011
-0.00199915 -0.0012
-0.0021654 -0.0013
-0.00233151 -0.0014
-0.00249743 -0.0015
-0.00266313 -0.0016
-0.00282857 -0.0017
-0.00299369 -0.0018
-0.00315845 -0.0019
-0.00332279 -0.002
-0.00348665 -0.0021
-0.00364998 -0.0022
-0.00381271 -0.0023
-0.00397478 -0.0024
-0.00413613 -0.0025
-0.00429671 -0.0026
-0.00445646 -0.0027
-0.00461533 -0.0028
-0.00477326 -0.0029
-0.00493022 -0.003
-0.00508617 -0.0031
-0.00524108 -0.0032
-0.00539492 -0.0033
-0.00554768 -0.0034
-0.00569933 -0.0035
-0.00584987 -0.0036
-0.00599931 -0.0037
-0.00614763 -0.0038
-0.00629485 -0.0039
-0.00644099 -0.004
-0.00658604 -0.0041
-0.00673004 -0.0042
-0.00687299 -0.0043
-0.00701493 -0.0044
-0.00715588 -0.0045
-0.00729586 -0.0046
-0.00743489 -0.0047
-0.00757301 -0.0048
-0.00771023 -0.0049
-0.00784659 -0.005
-0.00767993 -0.0049
-0.00751326 -0.0048
-0.00734659 -0.0047
-0.00717993 -0.0046
-0.00701326 -0.0045
-0.00684659 -0.0044
-0.00667993 -0.0043
-0.00651326 -0.0042
-0.00634659 -0.0041
-0.00617993 -0.004
-0.00601326 -0.0039
-0.00584659 -0.0038
-0.00567993 -0.0037
-0.00551326 -0.0036
-0.00534659 -0.0035
-0.00517993 -0.0034
-0.00501326 -0.0033
-0.00484659 -0.0032
-0.00467993 -0.0031
-0.00451326 -0.003
-0.00434659 -0.0029
-0.00417993 -0.0028
-0.00401326 -0.0027
-0.00384659 -0.0026
-0.00367993 -0.0025
-0.00351326 -0.0024
-0.00334659 -0.0023
-0.00317993 -0.0022
-0.00301326 -0.0021
-0.00284659 -0.002
-0.00267993 -0.0019
-0.00251326 -0.0018
-0.00234659 -0.0017
-0.00217993 -0.0016
-0.00201326 -0.0015
-0.00184659 -0.0014
-0.00167993 -0.0013
-0.00151326 -0.0012
-0.00134659 -0.0011
-0.00117993 -0.001
-0.00101326 -0.0009
-0.000846594 -0.0008
-0.000679927 -0.0007
-0.000513261 -0.0006
-0.000346594 -0.0005
-0.000179928 -0.0004
-1.32642e-05 -0.0003
0.000153395 -0.0002
0.000320046 -0.0001
0.000486682 -2.43945e-19
0.000653294 0.0001
0.00081987 0.0002
0.000986397 0.0003
0.00115286 0.0004
0.00131922 0.0005
0.00148548 0.0006
0.00165158 0.0007
0.0018175 0.0008
0.0019832 0.0009
0.00214864 0.001
0.00231376 0.0011
0.00247852 0.0012
0.00264286 0.0013
0.00280672 0.0014
0.00297005 0.0015
0.00313278 0.0016
0.00329485 0.0017
0.00345621 0.0018
0.00361679 0.0019
0.00377654 0.002
0.0039354 0.0021
0.00409334 0.0022
0.0042503 0.0023
0.00440625 0.0024
0.00456115 0.0025
0.004715 0.0026
0.00486775 0.0027
0.0050194 0.0028
0.00516995 0.0029
0.00531938 0.003
0.0054677 0.0031
0.00561493 0.0032
0.00576106 0.0033
0.00590611 0.0034
0.00605011 0.0035
0.00619307 0.0036
0.00633501 0.0037
0.00647595 0.0038
0.00661593 0.0039
0.00675496 0.004
0.00689308 0.0041
0.0070303 0.0042
0.00716667 0.0043
0.00730219 0.0044
0.00743691 0.0045
0.00757084 0.0046
0.00770402 0.0047
0.00783646 0.0048
0.00796819 0.0049
0.00809924 0.005
0.00793257 0.0049
0.00776591 0.0048
0.00759924 0.0047
0.00743257 0.0046
0.00726591 0.0045
0.00709924 0.0044
0.00693257 0.0043
0.00676591 0.0042
0.00659924 0.0041
0.00643257 0.004
0.00626591 0.0039
0.00609924 0.0038
0.00593257 0.0037
0.00576591 0.0036
0.00559924 0.0035
0.00543257 0.0034
0.00526591 0.0033
0.00509924 0.0032
0.00493257 0.0031
0.00476591 0.003
0.00459924 0.0029
0.00443257 0.0028
0.00426591 0.0027
0.00409924 0.0026
0.00393257 0.0025
0.00376591 0.0024
0.00359924 0.0023
0.00343257 0.0022
0.00326591 0.0021
0.00309924 0.002
0.00293257 0.0019
0.00276591 0.0018
0.00259924 0.0017
0.00243257 0.0016
0.00226591 0.0015
0.00209924 0.0014
0.00193257 0.0013
0.00176591 0.0012
0.00159924 0.0011
0.00143257 0.001
0.00126591 0.0009
0.00109924 0.0008
0.000932573 0.0007
0.000765906 0.0006
0.000599239 0.0005
0.000432573 0.0004
0.000265906 0.0003
9.92394e-05 0.0002
-6.74272e-05 0.0001
-0.000234093 2.57498e-19
-0.000400757 -0.0001
-0.000567417 -0.0002
-0.000734067 -0.0003
-0.000900703 -0.0004
-0.00106732 -0.0005
-0.00123389 -0.0006
-0.00140042 -0.0007
-0.00156688 -0.0008
-0.00173325 -0.0009
-0.0018995 -0.001
-0.0020656 -0.0011
-0.00223152 -0.0012
-0.00239722 -0.0013
-0.00256266 -0.0014
-0.00272778 -0.0015
-0.00289254 -0.0016
-0.00305688 -0.0017
-0.00322074 -0.0018
-0.00338407 -0.0019
-0.0035468 -0.002
-0.00370887 -0.0021
-0.00387023 -0.0022
-0.00403081 -0.0023
-0.00419056 -0.0024
-0.00434942 -0.0025
-0.00450736 -0.0026
-0.00466432 -0.0027
-0.00482027 -0.0028
-0.00497518 -0.0029
-0.00512902 -0.003
-0.00528177 -0.0031
-0.00543342 -0.0032
-0.00558397 -0.0033
-0.0057334 -0.0034
-0.00588172 -0.0035
-0.00602895 -0.0036
-0.00617508 -0.0037
-0.00632014 -0.0038
-0.00646413 -0.0039
-0.00660709 -0.004
-0.00674903 -0.0041
-0.00688997 -0.0042
-0.00702995 -0.0043
-0.00716898 -0.0044
-0.0073071 -0.0045
-0.00744433 -0.0046
-0.00758069 -0.0047
-0.00771621 -0.0048
-0.00785093 -0.0049
-0.00798486 -0.005
-0.00811804 -0.0051
-0.00825048 -0.0052
-0.00838221 -0.0053
-0.00851326 -0.0054
-0.00864365 -0.0055
-0.0087734 -0.0056
-0.00890253 -0.0057
-0.00903107 -0.0058
-0.00915903 -0.0059
-0.00928644 -0.006
-0.00941331 -0.0061
-0.00953966 -0.0062
-0.00966551 -0.0063
-0.00979087 -0.0064
-0.00991576 -0.0065
-0.0100402 -0.0066
-0.0101642 -0.0067
-0.0102878 -0.0068
-0.010411 -0.0069
-0.0105337 -0.007
-0.0106561 -0.0071
-0.0107781 -0.0072
-0.0108998 -0.0073
-0.0110211 -0.0074
-0.011142 -0.0075
-0.0112627 -0.0076
-0.011383 -0.0077
-0.011503 -0.0078
-0.0116227 -0.0079
-0.0117421 -0.008
-0.0118612 -0.0081
-0.01198 -0.0082
-0.0120986 -0.0083
-0.0122169 -0.0084
-0.012335 -0.0085
-0.0124528 -0.0086
-0.0125703 -0.0087
-0.0126877 -0.0088
-0.0128048 -0.0089
-0.0129217 -0.009
-0.0130383 -0.0091
-0.0131548 -0.0092
-0.0132711 -0.0093
-0.0133871 -0.0094
-0.013503 -0.0095
-0.0136186 -0.0096
-0.0137341 -0.0097
-0.0138494 -0.0098
-0.0139645 -0.0099
-0.0140794 -0.01
-0.0141942 -0.0101
-0.0143088 -0.0102
-0.0144233 -0.0103
-0.0145376 -0.0104
-0.0146517 -0.0105
-0.0147657 -0.0106
-0.0148795 -0.0107
-0.0149932 -0.0108
-0.0151067 -0.0109
-0.0152201 -0.011
-0.0153334 -0.0111
-0.0154466 -0.0112
-0.0155596 -0.0113
-0.0156724 -0.0114
-0.0157852 -0.0115
-0.0158978 -0.0116
-0.0160103 -0.0117
-0.0161227 -0.0118
-0.016235 -0.0119
-0.0163472 -0.012
-0.0164592 -0.0121
-0.0165712 -0.0122
-0.016683 -0.0123
-0.0167947 -0.0124
-0.0169064 -0.0125
-0.0170179 -0.0126
-0.0171293 -0.0127
-0.0172406 -0.0128
-0.0173519 -0.0129
-0.017463 -0.013
-0.0175741 -0.0131
-0.017685 -0.0132
-0.0177959 -0.0133
-0.0179067 -0.0134
-0.0180174 -0.0135
-0.018128 -0.0136
-0.0182385 -0.0137
-0.0183489 -0.0138
-0.0184593 -0.0139
-0.0185696 -0.014
-0.0186798 -0.0141
-0.0187899 -0.0142
-0.0188999 -0.0143
-0.0190099 -0.0144
-0.0191198 -0.0145
-0.0192297 -0.0146
-0.0193394 -0.0147
-0.0194491 -0.0148
-0.0195587 -0.0149
-0.0196683 -0.015
-0.0195016 -0.0149
-0.0193349 -0.0148
-0.0191683 -0.0147
-0.0190016 -0.0146
-0.0188349 -0.0145
-0.0186683 -0.0144
-0.0185016 -0.0143
-0.0183349 -0.0142
-0.0181683 -0.0141
-0.0180016 -0.014
-0.0178349 -0.0139
-0.0176683 -0.0138
-0.0175016 -0.0137
-0.0173349 -0.0136
-0.0171683 -0.0135
-0.0170016 -0.0134
-0.0168349 -0.0133
-0.0166683 -0.0132
-0.0165016 -0.0131
-0.0163349 -0.013
-0.0161683 -0.0129
-0.0160016 -0.0128
-0.0158349 -0.0127
-0.0156683 -0.0126
-0.0155016 -0.0125
-0.0153349 -0.0124
-0.0151683 -0.0123
-0.0150016 -0.0122
-0.0148349 -0.0121
-0.0146683 -0.012
-0.0145016 -0.0119
-0.0143349 -0.0118
-0.0141683 -0.0117
-0.0140016 -0.0116
-0.0138349 -0.0115
-0.0136683 -0.0114
-0.0135016 -0.0113
-0.0133349 -0.0112
-0.0131683 -0.0111
-0.0130016 -0.011
-0.0128349 -0.0109
-0.0126683 -0.0108
-0.0125016 -0.0107
-0.0123349 -0.0106
-0.0121683 -0.0105
-0.0120016 -0.0104
-0.0118349 -0.0103
-0.0116683 -0.0102
-0.0115016 -0.0101
-0.0113349 -0.01
-0.0111683 -0.0099
-0.0110016 -0.0098
-0.0108349 -0.0097
-0.0106683 -0.0096
-0.0105016 -0.0095
-0.0103349 -0.0094
-0.0101683 -0.0093
-0.0100016 -0.0092
-0.00983493 -0.0091
-0.00966827 -0.009
-0.0095016 -0.0089
-0.00933493 -0.0088
-0.00916827 -0.0087
-0.0090016 -0.0086
-0.00883493 -0.0085
-0.00866827 -0.0084
-0.0085016 -0.0083
-0.00833493 -0.0082
-0.00816827 -0.0081
-0.0080016 -0.008
-0.00783493 -0.0079
-0.00766827 -0.0078
-0.0075016 -0.0077
-0.00733493 -0.0076
-0.00716827 -0.0075
-0.00700161 -0.0074
-0.00683496 -0.0073
-0.00666832 -0.0072
-0.00650171 -0.0071
-0.00633514 -0.007
-0.00616861 -0.0069
-0.00600215 -0.0068
-0.00583578 -0.0067
-0.00566953 -0.0066
-0.00550343 -0.0065
-0.0053375 -0.0064
-0.0051718 -0.0063
-0.00500637 -0.0062
-0.00484124 -0.0061
-0.00467649 -0.006
-0.00451215 -0.0059
-0.00434828 -0.0058
-0.00418496 -0.0057
-0.00402223 -0.0056
-0.00386015 -0.0055
-0.0036988 -0.0054
-0.00353822 -0.0053
-0.00337847 -0.0052
-0.0032196 -0.0051
-0.00306167 -0.005
-0.00290471 -0.0049
-0.00274876 -0.0048
-0.00259385 -0.0047
-0.00244001 -0.0046
-0.00228726 -0.0045
-0.0021356 -0.0044
-0.00198506 -0.0043
-0.00183563 -0.0042
-0.0016873 -0.0041
-0.00154008 -0.004
-0.00139395 -0.0039
-0.00124889 -0.0038
-0.0011049 -0.0037
-0.000961939 -0.0036
-0.000819999 -0.0035
-0.000679054 -0.0034
-0.000539077 -0.0033
-0.000400044 -0.0032
-0.000261928 -0.0031
-0.000124702 -0.003
1.16609e-05 -0.0029
0.000147187 -0.0028
0.000281903 -0.0027
0.000415835 -0.0026
0.00054901 -0.0025
0.000681451 -0.0024
0.000813184 -0.0023
0.000944234 -0.0022
0.00107462 -0.0021
0.00120437 -0.002
0.0013335 -0.0019
0.00146204 -0.0018
0.00159 -0.0017
0.00171741 -0.0016
0.00184428 -0.0015
0.00197063 -0.0014
0.00209648 -0.0013
0.00222184 -0.0012
0.00234674 -0.0011
0.00247118 -0.001
0.00259518 -0.0009
0.00271876 -0.0008
0.00284193 -0.0007
0.0029647 -0.0006
0.00308708 -0.0005
0.00320909 -0.0004
0.00333074 -0.0003
0.00345204 -0.0002
0.003573 -0.0001
0.00369363 -1.89735e-19
0.00381394 0.0001
0.00393394 0.0002
0.00405363 0.0003
0.00417304 0.0004
0.00429216 0.0005
0.004411 0.0006
0.00452957 0.0007
0.00464788 0.0008
0.00476594 0.0009
0.00488375 0.001
0.00500132 0.0011
0.00511866 0.0012
0.00523576 0.0013
0.00535265 0.0014
0.00546932 0.0015
0.00558577 0.0016
0.00570202 0.0017
0.00581807 0.0018
0.00593393 0.0019
0.00604959 0.002
0.00616507 0.0021
0.00628036 0.0022
0.00639548 0.0023
0.00651042 0.0024
0.00662519 0.0025
0.0067398 0.0026
0.00685425 0.0027
0.00696853 0.0028
0.00708267 0.0029
0.00719665 0.003
0.00731048 0.0031
0.00742417 0.0032
0.00753771 0.0033
0.00765112 0.0034
0.00776439 0.0035
0.00787753 0.0036
0.00799053 0.0037
0.00810341 0.0038
0.00821617 0.0039
0.0083288 0.004
0.00844131 0.0041
0.0085537 0.0042
0.00866598 0.0043
0.00877815 0.0044
0.0088902 0.0045
0.00900214 0.0046
0.00911398 0.0047
0.00922571 0.0048
0.00933734 0.0049
0.00944886 0.005
0.00956029 0.0051
0.00967162 0.0052
0.00978286 0.0053
0.00989399 0.0054
0.010005 0.0055
0.010116 0.0056
0.0102269 0.0057
0.0103376 0.0058
0.0104483 0.0059
0.0105589 0.006
0.0106695 0.0061
0.0107799 0.0062
0.0108903 0.0063
0.0110005 0.0064
0.0111107 0.0065
0.0112209 0.0066
0.0113309 0.0067
0.0114409 0.0068
0.0115508 0.0069
0.0116606 0.007
0.0117704 0.0071
0.0118801 0.0072
0.0119897 0.0073
0.0120992 0.0074
0.0122087 0.0075
0.0123181 0.0076
0.0124275 0.0077
0.0125368 0.0078
0.012646 0.0079
0.0127552 0.008
0.0128643 0.0081
0.0129733 0.0082
0.0130823 0.0083
0.0131912 0.0084
0.0133001 0.0085
0.0134089 0.0086
0.0135176 0.0087
0.0136263 0.0088
0.013735 0.0089
0.0138436 0.009
0.0139521 0.0091
0.0140606 0.0092
0.014169 0.0093
0.0142774 0.0094
0.0143857 0.0095
0.014494 0.0096
0.0146022 0.0097
0.0147104 0.0098
0.0148185 0.0099
0.0149266 0.01
0.0150346 0.0101
0.0151426 0.0102
0.0152506 0.0103
0.0153585 0.0104
0.0154663 0.0105
0.0155741 0.0106
0.0156819 0.0107
0.0157896 0.0108
0.0158973 0.0109
0.0160049 0.011
0.0161125 0.0111
0.0162201 0.0112
0.0163276 0.0113
0.0164351 0.0114
0.0165425 0.0115
0.0166499 0.0116
0.0167572 0.0117
0.0168646 0.0118
0.0169718 0.0119
0.0170791 0.012
0.0171863 0.0121
0.0172934 0.0122
0.0174006 0.0123
0.0175077 0.0124
0.0176147 0.0125
0.0177218 0.0126
0.0178288 0.0127
0.0179357 0.0128
0.0180426 0.0129
0.0181495 0.013
0.0182564 0.0131
0.0183632 0.0132
0.01847 0.0133
0.0185767 0.0134
0.0186835 0.0135
0.0187902 0.0136
0.0188968 0.0137
0.0190035 0.0138
0.0191101 0.0139
0.0192166 0.014
0.0193232 0.0141
0.0194297 0.0142
0.0195362 0.0143
0.0196426 0.0144
0.019749 0.0145
0.0198554 0.0146
0.0199618 0.0147
0.0200681 0.0148
0.0201744 0.0149
0.0202807 0.015
0.020114 0.0149
0.0199474 0.0148
0.0197807 0.0147
0.019614 0.0146
0.0194474 0.0145
0.0192807 0.0144
0.019114 0.0143
0.0189474 0.0142
0.0187807 0.0141
0.018614 0.014
0.0184474 0.0139
0.0182807 0.0138
0.018114 0.0137
0.0179474 0.0136
0.0177807 0.0135
0.017614 0.0134
0.0174474 0.0133
0.0172807 0.0132
0.017114 0.0131
0.0169474 0.013
0.0167807 0.0129
0.016614 0.0128
0.0164474 0.0127
0.0162807 0.0126
0.016114 0.0125
0.0159474 0.0124
0.0157807 0.0123
0.015614 0.0122
0.0154474 0.0121
0.0152807 0.012
0.015114 0.0119
0.0149474 0.0118
0.0147807 0.0117
0.014614 0.0116
0.0144474 0.0115
0.0142807 0.0114
0.014114 0.0113
0.0139474 0.0112
0.0137807 0.0111
0.013614 0.011
0.0134474 0.0109
0.0132807 0.0108
0.013114 0.0107
0.0129474 0.0106
0.0127807 0.0105
0.012614 0.0104
0.0124474 0.0103
0.0122807 0.0102
0.012114 0.0101
0.0119474 0.01
0.0117807 0.0099
0.011614 0.0098
0.0114474 0.0097
0.0112807 0.0096
0.011114 0.0095
0.0109474 0.0094
0.0107807 0.0093
0.010614 0.0092
0.0104474 0.0091
0.0102807 0.009
0.010114 0.0089
0.00994738 0.0088
0.00978071 0.0087
0.00961405 0.0086
0.00944738 0.0085
0.00928071 0.0084
0.00911405 0.0083
0.00894738 0.0082
0.00878071 0.0081
0.00861405 0.008
0.00844738 0.0079
0.00828071 0.0078
0.00811405 0.0077
0.00794738 0.0076
0.00778071 0.0075
0.00761405 0.0074
0.00744738 0.0073
0.00728071 0.0072
0.00711405 0.0071
0.00694738 0.007
0.00678071 0.0069
0.00661405 0.0068
0.00644738 0.0067
0.00628072 0.0066
0.00611406 0.0065
0.00594741 0.0064
0.00578077 0.0063
0.00561416 0.0062
0.00544758 0.0061
0.00528106 0.006
0.0051146 0.0059
0.00494823 0.0058
0.00478198 0.0057
0.00461587 0.0056
0.00444995 0.0055
0.00428425 0.0054
0.00411882 0.0053
0.00395369 0.0052
0.00378893 0.0051
0.00362459 0.005
0.00346073 0.0049
0.00329741 0.0048
0.00313468 0.0047
0.0029726 0.0046
0.00281125 0.0045
0.00265067 0.0044
0.00249092 0.0043
0.00233205 0.0042
0.00217412 0.0041
0.00201716 0.004
0.00186121 0.0039
0.0017063 0.0038
0.00155246 0.0037
0.00139971 0.0036
0.00124805 0.0035
0.00109751 0.0034
0.000948075 0.0033
0.000799751 0.0032
0.000652528 0.0031
0.000506396 0.003
0.00036134 0.0029
0.000217344 0.0028
7.4387e-05 0.0027
-6.75525e-05 0.0026
-0.000208498 0.0025
-0.000348475 0.0024
-0.000487508 0.0023
-0.000625624 0.0022
-0.00076285 0.0021
-0.000899213 0.002
-0.00103474 0.0019
-0.00116945 0.0018
-0.00130339 0.0017
-0.00143656 0.0016
-0.001569 0.0015
-0.00170074 0.0014
-0.00183179 0.0013
-0.00196217 0.0012
-0.00209192 0.0011
-0.00222106 0.001
-0.00234959 0.0009
-0.00247756 0.0008
-0.00260496 0.0007
-0.00273183 0.0006
-0.00285818 0.0005
-0.00298403 0.0004
-0.00310939 0.0003
-0.00323429 0.0002
-0.00335873 0.0001
-0.00348273 1.76183e-19
-0.00360631 -0.0001
-0.00372948 -0.0002
-0.00385225 -0.0003
-0.00397463 -0.0004
-0.00409664 -0.0005
-0.00421829 -0.0006
-0.00433959 -0.0007
-0.00446055 -0.0008
-0.00458118 -0.0009
-0.00470149 -0.001
-0.00482149 -0.0011
-0.00494118 -0.0012
-0.00506059 -0.0013
-0.00517971 -0.0014
-0.00529855 -0.0015
-0.00541712 -0.0016
-0.00553544 -0.0017
-0.00565349 -0.0018
-0.0057713 -0.0019
-0.00588887 -0.002
-0.00600621 -0.0021
-0.00612332 -0.0022
-0.0062402 -0.0023
-0.00635687 -0.0024
-0.00647332 -0.0025
-0.00658958 -0.0026
-0.00670563 -0.0027
-0.00682148 -0.0028
-0.00693714 -0.0029
-0.00705262 -0.003
-0.00716791 -0.0031
-0.00728303 -0.0032
-0.00739797 -0.0033
-0.00751275 -0.0034
-0.00762735 -0.0035
-0.0077418 -0.0036
-0.00785609 -0.0037
-0.00797022 -0.0038
-0.0080842 -0.0039
-0.00819803 -0.004
-0.00831172 -0.0041
-0.00842526 -0.0042
-0.00853867 -0.0043
-0.00865194 -0.0044
-0.00876508 -0.0045
-0.00887809 -0.0046
-0.00899097 -0.0047
-0.00910372 -0.0048
-0.00921635 -0.0049
-0.00932886 -0.005
-0.00944126 -0.0051
-0.00955353 -0.0052
-0.0096657 -0.0053
-0.00977775 -0.0054
-0.00988969 -0.0055
-0.0100015 -0.0056
-0.0101133 -0.0057
-0.0102249 -0.0058
-0.0103364 -0.0059
-0.0104478 -0.006
-0.0105592 -0.0061
-0.0106704 -0.0062
-0.0107815 -0.0063
-0.0108926 -0.0064
-0.0110035 -0.0065
-0.0111144 -0.0066
-0.0112252 -0.0067
-0.0113359 -0.0068
-0.0114465 -0.0069
-0.011557 -0.007
-0.0116675 -0.0071
-0.0117778 -0.0072
-0.0118881 -0.0073
-0.0119983 -0.0074
-0.0121084 -0.0075
-0.0122185 -0.0076
-0.0123284 -0.0077
-0.0124383 -0.0078
-0.0125482 -0.0079
-0.0126579 -0.008
-0.0127676 -0.0081
-0.0128772 -0.0082
-0.0129868 -0.0083
-0.0130963 -0.0084
-0.0132057 -0.0085
-0.013315 -0.0086
-0.0134243 -0.0087
-0.0135336 -0.0088
-0.0136427 -0.0089
-0.0137518 -0.009
-0.0138609 -0.0091
-0.0139698 -0.0092
-0.0140788 -0.0093
-0.0141876 -0.0094
-0.0142964 -0.0095
-0.0144052 -0.0096
-0.0145139 -0.0097
-0.0146225 -0.0098
-0.0147311 -0.0099
-0.0148396 -0.01
-0.0149481 -0.0101
-0.0150565 -0.0102
-0.0151649 -0.0103
-0.0152733 -0.0104
-0.0153815 -0.0105
-0.0154898 -0.0106
-0.0155979 -0.0107
-0.0157061 -0.0108
-0.0158141 -0.0109
-0.0159222 -0.011
-0.0160302 -0.0111
-0.0161381 -0.0112
-0.016246 -0.0113
-0.0163539 -0.0114
-0.0164617 -0.0115
-0.0165694 -0.0116
-0.0166772 -0.0117
-0.0167848 -0.0118
-0.0168925 -0.0119
-0.0170001 -0.012
-0.0171076 -0.0121
-0.0172151 -0.0122
-0.0173226 -0.0123
-0.01743 -0.0124
-0.0175374 -0.0125
-0.0176448 -0.0126
-0.0177521 -0.0127
-0.0178594 -0.0128
-0.0179666 -0.0129
-0.0180738 -0.013
-0.018181 -0.0131
-0.0182881 -0.0132
-0.0183952 -0.0133
-0.0185023 -0.0134
-0.0186093 -0.0135
-0.0187163 -0.0136
-0.0188233 -0.0137
-0.0189302 -0.0138
-0.0190371 -0.0139
-0.0191439 -0.014
-0.0192507 -0.0141
-0.0193575 -0.0142
-0.0194643 -0.0143
-0.019571 -0.0144
-0.0196777 -0.0145
-0.0197844 -0.0146
-0.019891 -0.0147
-0.0199976 -0.0148
-0.0201042 -0.0149
-0.0202107 -0.015
-0.0203172 -0.0151
-0.0204237 -0.0152
-0.0205302 -0.0153
-0.0206366 -0.0154
-0.020743 -0.0155
-0.0208493 -0.0156
-0.0209557 -0.0157
-0.021062 -0.0158
-0.0211683 -0.0159
-0.0212745 -0.016
-0.0213807 -0.0161
-0.0214869 -0.0162
-0.0215931 -0.0163
-0.0216993 -0.0164
-0.0218054 -0.0165
-0.0219115 -0.0166
-0.0220176 -0.0167
-0.0221236 -0.0168
-0.0222296 -0.0169
-0.0223356 -0.017
-0.0224416 -0.0171
-0.0225475 -0.0172
-0.0226535 -0.0173
-0.0227594 -0.0174
-0.0228652 -0.0175
-0.0229711 -0.0176
-0.0230769 -0.0177
-0.0231827 -0.0178
-0.0232885 -0.0179
-0.0233943 -0.018
-0.0235 -0.0181
-0.0236057 -0.0182
-0.0237114 -0.0183
-0.0238171 -0.0184
-0.0239227 -0.0185
-0.0240283 -0.0186
-0.0241339 -0.0187
-0.0242395 -0.0188
-0.0243451 -0.0189
-0.0244506 -0.019
-0.0245561 -0.0191
-0.0246616 -0.0192
-0.0247671 -0.0193
-0.0248726 -0.0194
-0.024978 -0.0195
-0.0250834 -0.0196
-0.0251888 -0.0197
-0.0252942 -0.0198
-0.0253996 -0.0199
-0.0255049 -0.02
-0.0256102 -0.0201
-0.0257155 -0.0202
-0.0258208 -0.0203
-0.0259261 -0.0204
-0.0260313 -0.0205
-0.0261366 -0.0206
-0.0262418 -0.0207
-0.026347 -0.0208
-0.0264521 -0.0209
-0.0265573 -0.021
-0.0266624 -0.0211
-0.0267675 -0.0212
-0.0268726 -0.0213
-0.0269777 -0.0214
-0.0270828 -0.0215
-0.0271878 -0.0216
-0.0272929 -0.0217
-0.0273979 -0.0218
-0.0275029 -0.0219
-0.0276079 -0.022
-0.0277128 -0.0221
-0.0278178 -0.0222
-0.0279227 -0.0223
-0.0280276 -0.0224
-0.0281325 -0.0225
-0.0282374 -0.0226
-0.0283423 -0.0227
-0.0284472 -0.0228
-0.028552 -0.0229
-0.0286568 -0.023
-0.0287616 -0.0231
-0.0288664 -0.0232
-0.0289712 -0.0233
-0.029076 -0.0234
-0.0291807 -0.0235
-0.0292854 -0.0236
-0.0293902 -0.0237
-0.0294949 -0.0238
-0.0295995 -0.0239
-0.0297042 -0.024
-0.0298089 -0.0241
-0.0299135 -0.0242
-0.0300182 -0.0243
-0.0301228 -0.0244
-0.0302274 -0.0245
-0.030332 -0.0246
-0.0304365 -0.0247
-0.0305411 -0.0248
-0.0306457 -0.0249
-0.0307502 -0.025
-0.0305835 -0.0249
-0.0304169 -0.0248
-0.0302502 -0.0247
-0.0300835 -0.0246
-0.0299169 -0.0245
-0.0297502 -0.0244
-0.0295835 -0.0243
-0.0294169 -0.0242
-0.0292502 -0.0241
-0.0290835 -0.024
-0.0289169 -0.0239
-0.0287502 -0.0238
-0.0285835 -0.0237
-0.0284169 -0.0236
-0.0282502 -0.0235
-0.0280835 -0.0234
-0.0279169 -0.0233
-0.0277502 -0.0232
-0.0275835 -0.0231
-0.0274169 -0.023
-0.0272502 -0.0229
-0.0270835 -0.0228
-0.0269169 -0.0227
-0.0267502 -0.0226
-0.0265835 -0.0225
-0.0264169 -0.0224
-0.0262502 -0.0223
-0.0260835 -0.0222
-0.0259169 -0.0221
-0.0257502 -0.022
-0.0255835 -0.0219
-0.0254169 -0.0218
-0.0252502 -0.0217
-0.0250835 -0.0216
-0.0249169 -0.0215
-0.0247502 -0.0214
-0.0245835 -0.0213
-0.0244169 -0.0212
-0.0242502 -0.0211
-0.0240835 -0.021
-0.0239169 -0.0209
-0.0237502 -0.0208
-0.0235835 -0.0207
-0.0234169 -0.0206
-0.0232502 -0.0205
-0.0230835 -0.0204
-0.0229169 -0.0203
-0.0227502 -0.0202
-0.0225835 -0.0201
-0.0224169 -0.02
-0.0222502 -0.0199
-0.0220835 -0.0198
-0.0219169 -0.0197
-0.0217502 -0.0196
-0.0215835 -0.0195
-0.0214169 -0.0194
-0.0212502 -0.0193
-0.0210835 -0.0192
-0.0209169 -0.0191
-0.0207502 -0.019
-0.0205835 -0.0189
-0.0204169 -0.0188
-0.0202502 -0.0187
-0.0200835 -0.0186
-0.0199169 -0.0185
-0.0197502 -0.0184
-0.0195835 -0.0183
-0.0194169 -0.0182
-0.0192502 -0.0181
-0.0190835 -0.018
-0.0189169 -0.0179
-0.0187502 -0.0178
-0.0185835 -0.0177
-0.0184169 -0.0176
-0.0182502 -0.0175
-0.0180835 -0.0174
-0.0179169 -0.0173
-0.0177502 -0.0172
-0.0175835 -0.0171
-0.0174169 -0.017
-0.0172502 -0.0169
-0.0170835 -0.0168
-0.0169169 -0.0167
-0.0167502 -0.0166
-0.0165835 -0.0165
-0.0164169 -0.0164
-0.0162502 -0.0163
-0.0160835 -0.0162
-0.0159169 -0.0161
-0.0157502 -0.016
-0.0155835 -0.0159
-0.0154169 -0.0158
-0.0152502 -0.0157
-0.0150836 -0.0156
-0.014917 -0.0155
-0.0147504 -0.0154
-0.0145839 -0.0153
-0.0144174 -0.0152
-0.014251 -0.0151
-0.0140848 -0.015
-0.0139187 -0.0149
-0.0137528 -0.0148
-0.0135871 -0.0147
-0.0134216 -0.0146
-0.0132565 -0.0145
-0.0130917 -0.0144
-0.0129274 -0.0143
-0.0127635 -0.0142
-0.0126002 -0.0141
-0.0124375 -0.014
-0.0122754 -0.0139
-0.0121141 -0.0138
-0.0119535 -0.0137
-0.0117937 -0.0136
-0.0116349 -0.0135
-0.0114769 -0.0134
-0.01132 -0.0133
-0.011164 -0.0132
-0.0110091 -0.0131
-0.0108553 -0.013
-0.0107025 -0.0129
-0.0105509 -0.0128
-0.0104003 -0.0127
-0.0102509 -0.0126
-0.0101026 -0.0125
-0.00995534 -0.0124
-0.00980921 -0.0123
-0.00966415 -0.0122
-0.00952016 -0.0121
-0.0093772 -0.012
-0.00923526 -0.0119
-0.00909431 -0.0118
-0.00895434 -0.0117
-0.0088153 -0.0116
-0.00867719 -0.0115
-0.00853996 -0.0114
-0.0084036 -0.0113
-0.00826807 -0.0112
-0.00813336 -0.0111
-0.00799942 -0.011
-0.00786625 -0.0109
-0.00773381 -0.0108
-0.00760208 -0.0107
-0.00747103 -0.0106
-0.00734064 -0.0105
-0.00721089 -0.0104
-0.00708176 -0.0103
-0.00695322 -0.0102
-0.00682526 -0.0101
-0.00669785 -0.01
-0.00657098 -0.0099
-0.00644463 -0.0098
-0.00631878 -0.0097
-0.00619342 -0.0096
-0.00606852 -0.0095
-0.00594408 -0.0094
-0.00582008 -0.0093
-0.0056965 -0.0092
-0.00557333 -0.0091
-0.00545056 -0.009
-0.00532818 -0.0089
-0.00520617 -0.0088
-0.00508452 -0.0087
-0.00496322 -0.0086
-0.00484226 -0.0085
-0.00472163 -0.0084
-0.00460132 -0.0083
-0.00448132 -0.0082
-0.00436163 -0.0081
-0.00424222 -0.008
-0.0041231 -0.0079
-0.00400426 -0.0078
-0.00388569 -0.0077
-0.00376738 -0.0076
-0.00364932 -0.0075
-0.00353151 -0.0074
-0.00341394 -0.0073
-0.0032966 -0.0072
-0.0031795 -0.0071
-0.00306261 -0.007
-0.00294594 -0.0069
-0.00282949 -0.0068
-0.00271324 -0.0067
-0.00259719 -0.0066
-0.00248133 -0.0065
-0.00236567 -0.0064
-0.00225019 -0.0063
-0.0021349 -0.0062
-0.00201978 -0.0061
-0.00190484 -0.006
-0.00179007 -0.0059
-0.00167546 -0.0058
-0.00156101 -0.0057
-0.00144673 -0.0056
-0.00133259 -0.0055
-0.00121861 -0.0054
-0.00110478 -0.0053
-0.000991093 -0.0052
-0.000877548 -0.0051
-0.000764141 -0.005
-0.00065087 -0.0049
-0.000537732 -0.0048
-0.000424725 -0.0047
-0.000311846 -0.0046
-0.000199092 -0.0045
-8.64604e-05 -0.0044
2.60507e-05 -0.0043
0.000138444 -0.0042
0.000250721 -0.0041
0.000362885 -0.004
0.000474938 -0.0039
0.000586882 -0.0038
0.000698718 -0.0037
0.00081045 -0.0036
0.000922078 -0.0035
0.0010336 -0.0034
0.00114503 -0.0033
0.00125636 -0.0032
0.0013676 -0.0031
0.00147873 -0.003
0.00158978 -0.0029
0.00170074 -0.0028
0.0018116 -0.0027
0.00192238 -0.0026
0.00203307 -0.0025
0.00214368 -0.0024
0.0022542 -0.0023
0.00236464 -0.0022
0.002475 -0.0021
0.00258528 -0.002
0.00269549 -0.0019
0.00280561 -0.0018
0.00291566 -0.0017
0.00302564 -0.0016
0.00313554 -0.0015
0.00324537 -0.0014
0.00335512 -0.0013
0.00346481 -0.0012
0.00357443 -0.0011
0.00368398 -0.001
0.00379346 -0.0009
0.00390288 -0.0008
0.00401223 -0.0007
0.00412152 -0.0006
0.00423075 -0.0005
0.00433991 -0.0004
0.00444901 -0.0003
0.00455805 -0.0002
0.00466703 -0.0001
0.00477595 -2.43945e-19
0.00488482 0.0001
0.00499363 0.0002
0.00510238 0.0003
0.00521107 0.0004
0.00531971 0.0005
0.0054283 0.0006
0.00553683 0.0007
0.00564531 0.0008
0.00575374 0.0009
0.00586211 0.001
0.00597044 0.0011
0.00607872 0.0012
0.00618694 0.0013
0.00629512 0.0014
0.00640325 0.0015
0.00651133 0.0016
0.00661936 0.0017
0.00672735 0.0018
0.0068353 0.0019
0.00694319 0.002
0.00705105 0.0021
0.00715885 0.0022
0.00726662 0.0023
0.00737434 0.0024
0.00748202 0.0025
0.00758966 0.0026
0.00769725 0.0027
0.00780481 0.0028
0.00791232 0.0029
0.00801979 0.003
0.00812723 0.0031
0.00823462 0.0032
0.00834198 0.0033
0.00844929 0.0034
0.00855657 0.0035
0.00866381 0.0036
0.00877102 0.0037
0.00887819 0.0038
0.00898532 0.0039
0.00909241 0.004
0.00919947 0.0041
0.0093065 0.0042
0.00941349 0.0043
0.00952045 0.0044
0.00962737 0.0045
0.00973426 0.0046
0.00984111 0.0047
0.00994793 0.0048
0.0100547 0.0049
0.0101615 0.005
0.0102682 0.0051
0.0103749 0.0052
0.0104816 0.0053
0.0105882 0.0054
0.0106948 0.0055
0.0108014 0.0056
0.0109079 0.0057
0.0110144 0.0058
0.0111209 0.0059
0.0112273 0.006
0.0113338 0.0061
0.0114402 0.0062
0.0115465 0.0063
0.0116529 0.0064
0.0117592 0.0065
0.0118655 0.0066
0.0119717 0.0067
0.0120779 0.0068
0.0121841 0.0069
0.0122903 0.007
0.0123965 0.0071
0.0125026 0.0072
0.0126087 0.0073
0.0127147 0.0074
0.0128208 0.0075
0.0129268 0.0076
0.0130328 0.0077
0.0131388 0.0078
0.0132447 0.0079
0.0133506 0.008
0.0134565 0.0081
0.0135624 0.0082
0.0136683 0.0083
0.0137741 0.0084
0.0138799 0.0085
0.0139857 0.0086
0.0140914 0.0087
0.0141972 0.0088
0.0143029 0.0089
0.0144086 0.009
0.0145142 0.0091
0.0146199 0.0092
0.0147255 0.0093
0.0148311 0.0094
0.0149367 0.0095
0.0150423 0.0096
0.0151478 0.0097
0.0152533 0.0098
0.0153588 0.0099
0.0154643 0.01
0.0155698 0.0101
0.0156752 0.0102
0.0157806 0.0103
0.015886 0.0104
0.0159914 0.0105
0.0160968 0.0106
0.0162021 0.0107
0.0163074 0.0108
0.0164127 0.0109
0.016518 0.011
0.0166233 0.0111
0.0167285 0.0112
0.0168337 0.0113
0.016939 0.0114
0.0170441 0.0115
0.0171493 0.0116
0.0172545 0.0117
0.0173596 0.0118
0.0174647 0.0119
0.0175698 0.012
0.0176749 0.0121
0.01778 0.0122
0.017885 0.0123
0.0179901 0.0124
0.0180951 0.0125
0.0182001 0.0126
0.0183051 0.0127
0.01841 0.0128
0.018515 0.0129
0.0186199 0.013
0.0187248 0.0131
0.0188297 0.0132
0.0189346 0.0133
0.0190395 0.0134
0.0191443 0.0135
0.0192492 0.0136
0.019354 0.0137
0.0194588 0.0138
0.0195636 0.0139
0.0196684 0.014
0.0197731 0.0141
0.0198779 0.0142
0.0199826 0.0143
0.0200873 0.0144
0.020192 0.0145
0.0202967 0.0146
0.0204014 0.0147
0.0205061 0.0148
0.0206107 0.0149
0.0207153 0.015
0.02082 0.0151
0.0209246 0.0152
0.0210292 0.0153
0.0211337 0.0154
0.0212383 0.0155
0.0213428 0.0156
0.0214474 0.0157
0.0215519 0.0158
0.0216564 0.0159
0.0217609 0.016
0.0218654 0.0161
0.0219699 0.0162
0.0220743 0.0163
0.0221788 0.0164
0.0222832 0.0165
0.0223876 0.0166
0.022492 0.0167
0.0225964 0.0168
0.0227008 0.0169
0.0228051 0.017
0.0229095 0.0171
0.0230138 0.0172
0.0231182 0.0173
0.0232225 0.0174
0.0233268 0.0175
0.0234311 0.0176
0.0235354 0.0177
0.0236397 0.0178
0.0237439 0.0179
0.0238482 0.018
0.0239524 0.0181
0.0240566 0.0182
0.0241608 0.0183
0.024265 0.0184
0.0243692 0.0185
0.0244734 0.0186
0.0245776 0.0187
0.0246817 0.0188
0.0247859 0.0189
0.02489 0.019
0.0249941 0.0191
0.0250982 0.0192
0.0252023 0.0193
0.0253064 0.0194
0.0254105 0.0195
0.0255146 0.0196
0.0256186 0.0197
0.0257227 0.0198
0.0258267 0.0199
0.0259307 0.02
0.0260348 0.0201
0.0261388 0.0202
0.0262428 0.0203
0.0263468 0.0204
0.0264507 0.0205
0.0265547 0.0206
0.0266587 0.0207
0.0267626 0.0208
0.0268665 0.0209
0.0269705 0.021
0.0270744 0.0211
0.0271783 0.0212
0.0272822 0.0213
0.0273861 0.0214
0.0274899 0.0215
0.0275938 0.0216
0.0276977 0.0217
0.0278015 0.0218
0.0279054 0.0219
0.0280092 0.022
0.028113 0.0221
0.0282168 0.0222
0.0283206 0.0223
0.0284244 0.0224
0.0285282 0.0225
0.028632 0.0226
0.0287358 0.0227
0.0288395 0.0228
0.0289433 0.0229
0.029047 0.023
0.0291507 0.0231
0.0292545 0.0232
0.0293582 0.0233
0.0294619 0.0234
0.0295656 0.0235
0.0296693 0.0236
0.0297729 0.0237
0.0298766 0.0238
0.0299803 0.0239
0.0300839 0.024
0.0301876 0.0241
0.0302912 0.0242
0.0303949 0.0243
0.0304985 0.0244
0.0306021 0.0245
0.0307057 0.0246
0.0308093 0.0247
0.0309129 0.0248
0.0310165 0.0249
0.03112 0.025
0.0294534 0.024
0.0277867 0.023
0.02612 0.022
0.0244534 0.021
0.0227867 0.02
0.02112 0.019
0.0194534 0.018
0.0177867 0.017
0.01612 0.016
0.0144534 0.015
0.012787 0.014
0.0111306 0.013
0.00952314 0.012
0.00801237 0.011
0.00660677 0.01
0.00528493 0.009
0.00402325 0.008
0.00280449 0.007
0.00161711 0.006
0.000453365 0.005
-0.000692048 0.004
-0.00182288 0.003
-0.00294186 0.002
-0.00405103 0.001
-0.00515195 -1.11022e-16
-0.00624584 -0.001
-0.00733366 -0.002
-0.00841619 -0.003
-0.00949408 -0.004
-0.0105678 -0.005
-0.0116379 -0.006
-0.0127047 -0.007
-0.0137685 -0.008
-0.0148296 -0.009
-0.0158883 -0.01
-0.0169446 -0.011
-0.0179989 -0.012
-0.0190513 -0.013
-0.0201019 -0.014
-0.0211508 -0.015
-0.0221982 -0.016
-0.0232442 -0.017
-0.0242888 -0.018
-0.0253322 -0.019
-0.0263744 -0.02
-0.0274155 -0.021
-0.0284555 -0.022
-0.0294945 -0.023
-0.0305326 -0.024
-0.0315698 -0.025
-0.0326061 -0.026
-0.0336417 -0.027
-0.0346764 -0.028
-0.0357105 -0.029
-0.0367438 -0.03
-0.0377765 -0.031
-0.0388085 -0.032
-0.0398399 -0.033
-0.0408707 -0.034
-0.041901 -0.035
-0.0402343 -0.034
-0.0385677 -0.033
-0.036901 -0.032
-0.0352343 -0.031
-0.0335677 -0.03
-0.031901 -0.029
-0.0302343 -0.028
-0.0285677 -0.027
-0.026901 -0.026
-0.0252343 -0.025
-0.0235677 -0.024
-0.0219013 -0.023
-0.0202449 -0.022
-0.0186374 -0.021
-0.0171267 -0.02
-0.0157211 -0.019
-0.0143992 -0.018
-0.0131375 -0.017
-0.0119188 -0.016
-0.0107314 -0.015
-0.00956766 -0.014
-0.00842224 -0.013
-0.00729141 -0.012
-0.00617243 -0.011
-0.00506326 -0.01
-0.00396234 -0.009
-0.00286845 -0.008
-0.00178063 -0.007
-0.000698097 -0.006
0.00037979 -0.005
0.00145356 -0.004
0.00252365 -0.003
0.00359044 -0.002
0.00465425 -0.001
0.00571535 -1.11022e-16
0.00677398 0.001
0.00783035 0.002
0.00888464 0.003
0.00993701 0.004
0.0109876 0.005
0.0120365 0.006
0.0130839 0.007
0.0141299 0.008
0.0151745 0.009
0.0162179 0.01
0.0172601 0.011
0.0183012 0.012
0.0193412 0.013
0.0203802 0.014
0.0214183 0.015
0.0224555 0.016
0.0234918 0.017
0.0245274 0.018
0.0255621 0.019
0.0265962 0.02
0.0276295 0.021
0.0286622 0.022
0.0296942 0.023
0.0307256 0.024
0.0317564 0.025
0.0327867 0.026
0.0338164 0.027
0.0348456 0.028
0.0358743 0.029
0.0369026 0.03
0.0379303 0.031
0.0389576 0.032
0.0399845 0.033
0.041011 0.034
0.042037 0.035
0.0403704 0.034
0.0387037 0.033
0.037037 0.032
0.0353704 0.031
0.0337037 0.03
0.032037 0.029
0.0303704 0.028
0.0287037 0.027
0.027037 0.026
0.0253704 0.025
0.0237037 0.024
0.0220374 0.023
0.0203809 0.022
0.0187735 0.021
0.0172627 0.02
0.0158571 0.019
0.0145353 0.018
0.0132736 0.017
0.0120548 0.016
0.0108674 0.015
0.00970369 0.014
0.00855828 0.013
0.00742745 0.012
0.00630847 0.011
0.0051993 0.01
0.00409838 0.009
0.00300449 0.008
0.00191667 0.007
0.000834135 0.006
-0.000243752 0.005
-0.00131752 0.004
-0.00238761 0.003
-0.0034544 0.002
-0.00451821 0.001
-0.00557931 -1.11022e-16
-0.00663794 -0.001
-0.00769431 -0.002
-0.0087486 -0.003
-0.00980097 -0.004
-0.0108516 -0.005
-0.0119005 -0.006
-0.0129479 -0.007
-0.0139939 -0.008
-0.0150385 -0.009
-0.0160819 -0.01
-0.0171241 -0.011
-0.0181651 -0.012
-0.0192052 -0.013
-0.0202442 -0.014
-0.0212823 -0.015
-0.0223194 -0.016
-0.0233558 -0.017
-0.0243913 -0.018
-0.0254261 -0.019
-0.0264601 -0.02
-0.0274935 -0.021
-0.0285261 -0.022
-0.0295582 -0.023
-0.0305896 -0.024
-0.0316204 -0.025
-0.0326507 -0.026
-0.0336804 -0.027
-0.0347096 -0.028
-0.0357383 -0.029
-0.0367665 -0.03
-0.0377943 -0.031
-0.0388216 -0.032
-0.0398485 -0.033
-0.0408749 -0.034
-0.041901 -0.035
-0.0429267 -0.036
-0.043952 -0.037
-0.0449769 -0.038
-0.0460015 -0.039
-0.0470257 -0.04
-0.0480496 -0.041
-0.0490732 -0.042
-0.0500964 -0.043
-0.0511194 -0.044
-0.0521421 -0.045
-0.0504754 -0.044
-0.0488087 -0.043
-0.0471421 -0.042
-0.0454754 -0.041
-0.0438087 -0.04
-0.0421421 -0.039
-0.0404754 -0.038
-0.0388087 -0.037
-0.0371421 -0.036
-0.0354754 -0.035
-0.0338087 -0.034
-0.0321424 -0.033
-0.0304859 -0.032
-0.0288785 -0.031
-0.0273677 -0.03
-0.0259621 -0.029
-0.0246403 -0.028
-0.0233786 -0.027
-0.0221599 -0.026
-0.0209725 -0.025
-0.0198087 -0.024
-0.0186633 -0.023
-0.0175325 -0.022
-0.0164135 -0.021
-0.0153043 -0.02
-0.0142034 -0.019
-0.0131095 -0.018
-0.0120217 -0.017
-0.0109392 -0.016
-0.00986129 -0.015
-0.00878753 -0.014
-0.00771743 -0.013
-0.00665064 -0.012
-0.00558684 -0.011
-0.00452574 -0.01
-0.0034671 -0.009
-0.00241074 -0.008
-0.00135645 -0.007
-0.000304077 -0.006
0.000746516 -0.005
0.00179546 -0.004
0.00284286 -0.003
0.00388884 -0.002
0.00493346 -0.001
0.00597683 -1.11022e-16
0.00701902 0.001
0.00806009 0.002
0.00910011 0.003
0.0101391 0.004
0.0111772 0.005
0.0122144 0.006
0.0132507 0.007
0.0142863 0.008
0.015321 0.009
0.0163551 0.01
0.0173884 0.011
0.0184211 0.012
0.0194531 0.013
0.0204845 0.014
0.0215153 0.015
0.0225456 0.016
0.0235753 0.017
0.0246045 0.018
0.0256332 0.019
0.0266615 0.02
0.0276892 0.021
0.0287165 0.022
0.0297434 0.023
0.0307699 0.024
0.0317959 0.025
0.0328216 0.026
0.0338469 0.027
0.0348718 0.028
0.0358964 0.029
0.0369206 0.03
0.0379445 0.031
0.0389681 0.032
0.0399914 0.033
0.0410144 0.034
0.042037 0.035
0.0430594 0.036
0.0440815 0.037
0.0451033 0.038
0.0461249 0.039
0.0471462 0.04
0.0481673 0.041
0.0491881 0.042
0.0502087 0.043
0.051229 0.044
0.0522492 0.045
0.0505825 0.044
0.0489158 0.043
0.0472492 0.042
0.0455825 0.041
0.0439158 0.04
0.0422492 0.039
0.0405825 0.038
0.0389158 0.037
0.0372492 0.036
0.0355825 0.035
0.0339158 0.034
0.0322495 0.033
0.030593 0.032
0.0289856 0.031
0.0274748 0.03
0.0260692 0.029
0.0247474 0.028
0.0234857 0.027
0.022267 0.026
0.0210796 0.025
0.0199158 0.024
0.0187704 0.023
0.0176396 0.022
0.0165206 0.021
0.0154114 0.02
0.0143105 0.019
0.0132166 0.018
0.0121288 0.017
0.0110463 0.016
0.00996839 0.015
0.00889462 0.014
0.00782453 0.013
0.00675774 0.012
0.00569393 0.011
0.00463283 0.01
0.0035742 0.009
0.00251783 0.008
0.00146354 0.007
0.000411172 0.006
-0.000639421 0.005
-0.00168836 0.004
-0.00273577 0.003
-0.00378174 0.002
-0.00482637 0.001
-0.00586974 -1.11022e-16
-0.00691192 -0.001
-0.00795299 -0.002
-0.00899301 -0.003
-0.010032 -0.004
-0.0110701 -0.005
-0.0121073 -0.006
-0.0131436 -0.007
-0.0141792 -0.008
-0.0152139 -0.009
-0.016248 -0.01
-0.0172813 -0.011
-0.018314 -0.012
-0.019346 -0.013
-0.0203774 -0.014
-0.0214083 -0.015
-0.0224385 -0.016
-0.0234682 -0.017
-0.0244974 -0.018
-0.0255262 -0.019
-0.0265544 -0.02
-0.0275821 -0.021
-0.0286094 -0.022
-0.0296363 -0.023
-0.0306628 -0.024
-0.0316888 -0.025
-0.0327145 -0.026
-0.0337398 -0.027
-0.0347647 -0.028
-0.0357893 -0.029
-0.0368135 -0.03
-0.0378375 -0.031
-0.038861 -0.032
-0.0398843 -0.033
-0.0409073 -0.034
-0.0419299 -0.035
-0.0429523 -0.036
-0.0439744 -0.037
-0.0449963 -0.038
-0.0460178 -0.039
-0.0470391 -0.04
-0.0480602 -0.041
-0.049081 -0.042
-0.0501016 -0.043
-0.0511219 -0.044
-0.0521421 -0.045
-0.053162 -0.046
-0.0541817 -0.047
-0.0552011 -0.048
-0.0562204 -0.049
-0.0572395 -0.05
-0.0582584 -0.051
-0.0592771 -0.052
-0.0602956 -0.053
-0.0613139 -0.054
-0.062332 -0.055
-0.0606654 -0.054
-0.0589987 -0.053
-0.057332 -0.052
-0.0556654 -0.051
-0.0539987 -0.05
-0.052332 -0.049
-0.0506654 -0.048
-0.0489987 -0.047
-0.047332 -0.046
-0.0456654 -0.045
-0.0439987 -0.044
-0.0423324 -0.043
-0.0406759 -0.042
-0.0390685 -0.041
-0.0375577 -0.04
-0.0361521 -0.039
-0.0348303 -0.038
-0.0335686 -0.037
-0.0323498 -0.036
-0.0311624 -0.035
-0.0299987 -0.034
-0.0288533 -0.033
-0.0277224 -0.032
-0.0266035 -0.031
-0.0254943 -0.03
-0.0243934 -0.029
-0.0232995 -0.028
-0.0222117 -0.027
-0.0211291 -0.026
-0.0200512 -0.025
-0.0189775 -0.024
-0.0179074 -0.023
-0.0168406 -0.022
-0.0157768 -0.021
-0.0147157 -0.02
-0.0136571 -0.019
-0.0126007 -0.018
-0.0115464 -0.017
-0.010494 -0.016
-0.00944343 -0.015
-0.00839449 -0.014
-0.00734709 -0.013
-0.00630111 -0.012
-0.00525649 -0.011
-0.00421312 -0.01
-0.00317093 -0.009
-0.00212986 -0.008
-0.00108984 -0.007
-5.08186e-05 -0.006
0.000987263 -0.005
0.00202445 -0.004
0.00306079 -0.003
0.00409633 -0.002
0.00513109 -0.001
0.00616513 -1.11022e-16
0.00719846 0.001
0.00823113 0.002
0.00926316 0.003
0.0102946 0.004
0.0113254 0.005
0.0123557 0.006
0.0133854 0.007
0.0144146 0.008
0.0154433 0.009
0.0164715 0.01
0.0174993 0.011
0.0185266 0.012
0.0195535 0.013
0.0205799 0.014
0.021606 0.015
0.0226317 0.016
0.023657 0.017
0.0246819 0.018
0.0257065 0.019
0.0267307 0.02
0.0277546 0.021
0.0287782 0.022
0.0298014 0.023
0.0308244 0.024
0.0318471 0.025
0.0328695 0.026
0.0338916 0.027
0.0349134 0.028
0.035935 0.029
0.0369563 0.03
0.0379773 0.031
0.0389982 0.032
0.0400187 0.033
0.0410391 0.034
0.0420592 0.035
0.0430791 0.036
0.0440988 0.037
0.0451183 0.038
0.0461376 0.039
0.0471566 0.04
0.0481755 0.041
0.0491942 0.042
0.0502127 0.043
0.051231 0.044
0.0522492 0.045
0.0532671 0.046
0.0542849 0.047
0.0553026 0.048
0.05632 0.049
0.0573373 0.05
0.0556706 0.049
0.054004 0.048
0.0523373 0.047
0.0506706 0.046
0.049004 0.045
0.0473373 0.044
0.0456706 0.043
0.044004 0.042
0.0423373 0.041
0.0406706 0.04
0.039004 0.039
0.0373373 0.038
0.035671 0.037
0.0340145 0.036
0.0324071 0.035
0.0308963 0.034
0.0294907 0.033
0.0281689 0.032
0.0269072 0.031
0.0256884 0.03
0.0245011 0.029
0.0233373 0.028
0.0221919 0.027
0.0210611 0.026
0.0199421 0.025
0.0188329 0.024
0.017732 0.023
0.0166381 0.022
0.0155503 0.021
0.0144678 0.02
0.0133899 0.019
0.0123161 0.018
0.011246 0.017
0.0101792 0.016
0.00911541 0.015
0.00805431 0.014
0.00699568 0.013
0.00593931 0.012
0.00488502 0.011
0.00383265 0.01
0.00278206 0.009
0.00173312 0.008
0.00068571 0.007
-0.000360262 0.006
-0.00140489 0.005
-0.00244826 0.004
-0.00349045 0.003
-0.00453152 0.002
-0.00557153 0.001
-0.00661056 -1.11022e-16
