-0.000166657 6.66574
-0.000333259 13.3259
-0.000499751 19.9751
-0.000666078 26.6078
-0.000832188 33.2188
-0.000998029 39.8029
-0.00116355 46.3554
-0.00132871 52.8715
-0.00149347 59.3468
-0.00165777 65.7773
-0.00182159 72.1592
-0.00198489 78.489
-0.00214764 84.7635
-0.0023098 90.98
-0.00247136 97.1359
-0.00263229 103.229
-0.00279258 109.258
-0.0029522 115.22
-0.00311115 121.115
-0.00326941 126.941
-0.00342698 132.698
-0.00358385 138.385
-0.00374002 144.002
-0.00389548 149.548
-0.00405024 155.024
-0.0042043 160.43
-0.00435766 165.766
-0.00451032 171.032
-0.0046623 176.23
-0.00481359 181.359
-0.00496421 186.421
-0.00511416 191.416
-0.00526346 196.346
-0.0054121 201.21
-0.00556011 206.011
-0.00570749 210.749
-0.00585425 215.425
-0.0060004 220.04
-0.00614596 224.596
-0.00629093 229.093
-0.00643533 233.533
-0.00657916 237.916
-0.00672244 242.244
-0.00686517 246.517
-0.00700738 250.738
-0.00714907 254.907
-0.00729024 259.024
-0.00743092 263.092
-0.00757111 267.111
-0.00771082 271.082
-0.00754415 264.415
-0.00737748 257.748
-0.00721082 251.082
-0.00704415 244.415
-0.00687748 237.748
-0.00671082 231.082
-0.00654415 224.415
-0.00637748 217.748
-0.00621082 211.082
-0.00604415 204.415
-0.00587748 197.748
-0.00571082 191.082
-0.00554415 184.415
-0.00537748 177.748
-0.00521082 171.082
-0.00504415 164.415
-0.00487748 157.748
-0.00471082 151.082
-0.00454415 144.415
-0.00437748 137.748
-0.00421082 131.082
-0.00404415 124.415
-0.00387748 117.748
-0.00371082 111.082
-0.00354415 104.415
-0.00337748 97.7484
-0.00321082 91.0817
-0.00304415 84.415
-0.00287748 77.7484
-0.00271082 71.0817
-0.00254415 64.415
-0.00237748 57.7484
-0.00221082 51.0817
-0.00204415 44.415
-0.00187748 37.7484
-0.00171082 31.0817
-0.00154415 24.415
-0.00137748 17.7484
-0.00121082 11.0817
-0.00104415 4.41504
-0.000877484 -2.25162
-0.000710826 -8.91736
-0.000544224 -15.5776
-0.000377733 -22.2267
-0.000211406 -28.8594
-4.5296e-05 -35.4704
0.000120546 -42.0546
0.00028607 -48.607
0.000451231 -55.1231
0.000615984 -61.5984
0.000780289 -68.0289
0.000944108 -74.4108
0.00110741 -80.7406
0.00127015 -87.0151
0.00143232 -93.2316
0.00159388 -99.3875
0.00175481 -105.481
0.00191509 -111.509
0.00207472 -117.472
0.00223366 -123.366
0.00239193 -129.193
0.0025495 -134.95
0.00270637 -140.637
0.00286253 -146.253
0.003018 -151.8
0.00317276 -157.276
0.00332682 -162.682
0.00348017 -168.017
0.00363284 -173.284
0.00378481 -178.481
0.00393611 -183.611
0.00408673 -188.673
0.00423668 -193.668
0.00438597 -198.597
0.00453462 -203.462
0.00468262 -208.262
0.00483 -213
0.00497676 -217.676
0.00512292 -222.292
0.00526847 -226.847
0.00541345 -231.345
0.00555784 -235.784
0.00570167 -240.167
0.00584495 -244.495
0.00598769 -248.769
0.0061299 -252.99
0.00627158 -257.158
0.00641276 -261.276
0.00655344 -265.344
0.00669362 -269.362
0.00683333 -273.333
0.00697257 -277.257
0.00711135 -281.135
0.00724969 -284.969
0.00738758 -288.758
0.00752504 -292.504
0.00766208 -296.208
0.0077987 -299.87
0.00793492 -303.492
0.00807075 -307.075
0.00790408 -300.408
0.00773741 -293.741
0.00757075 -287.075
0.00740408 -280.408
0.00723741 -273.741
0.00707075 -267.075
0.00690408 -260.408
0.00673741 -253.741
0.00657075 -247.075
0.00640408 -240.408
0.00623741 -233.741
0.00607075 -227.075
0.00590408 -220.408
0.00573741 -213.741
0.00557075 -207.075
0.00540408 -200.408
0.00523741 -193.741
0.00507075 -187.075
0.00490408 -180.408
0.00473741 -173.741
0.00457075 -167.075
0.00440408 -160.408
0.00423741 -153.741
0.00407075 -147.075
0.00390408 -140.408
0.00373741 -133.741
0.00357075 -127.075
0.00340408 -120.408
0.00323741 -113.741
0.00307075 -107.075
0.00290408 -100.408
0.00273741 -93.7414
0.00257075 -87.0747
0.00240408 -80.408
0.00223741 -73.7414
0.00207075 -67.0747
0.00190408 -60.408
0.00173741 -53.7414
0.00157075 -47.0747
0.00140408 -40.408
0.00123741 -33.7414
0.00107075 -27.0747
0.00090408 -20.408
0.000737414 -13.7414
0.000570747 -7.0747
0.00040408 -0.408038
0.000237414 6.25863
7.07563e-05 12.9244
-9.58457e-05 19.5846
-0.000262337 26.2337
-0.000428664 32.8664
-0.000594774 39.4774
-0.000760616 46.0616
-0.00092614 52.614
-0.0010913 59.1301
-0.00125605 65.6054
-0.00142036 72.0359
-0.00158418 78.4178
-0.00174748 84.7476
-0.00191022 91.0221
-0.00207239 97.2386
-0.00223395 103.395
-0.00239488 109.488
-0.00255516 115.516
-0.00271479 121.479
-0.00287373 127.373
-0.003032 133.2
-0.00318957 138.957
-0.00334644 144.644
-0.0035026 150.26
-0.00365807 155.807
-0.00381283 161.283
-0.00396689 166.689
-0.00412024 172.024
-0.00427291 177.291
-0.00442488 182.488
-0.00457618 187.618
-0.0047268 192.68
-0.00487675 197.675
-0.00502604 202.604
-0.00517469 207.469
-0.00532269 212.269
-0.00547007 217.007
-0.00561683 221.683
-0.00576299 226.299
-0.00590854 230.854
-0.00605352 235.352
-0.00619791 239.791
-0.00634174 244.174
-0.00648502 248.502
-0.00662776 252.776
-0.00676997 256.997
-0.00691165 261.165
-0.00705283 265.283
-0.00719351 269.351
-0.00733369 273.369
-0.0074734 277.34
-0.00761264 281.264
-0.00775142 285.142
-0.00788976 288.976
-0.00802765 292.765
-0.00816511 296.511
-0.00830215 300.215
-0.00843877 303.877
-0.00857499 307.499
-0.00871082 311.082
-0.00884625 314.625
-0.00898131 318.131
-0.009116 321.6
-0.00925032 325.032
-0.00938428 328.428
-0.0095179 331.79
-0.00965117 335.117
-0.00978411 338.411
-0.00991671 341.671
-0.010049 344.9
-0.010181 348.097
-0.0103126 351.263
-0.010444 354.399
-0.010575 357.505
-0.0107058 360.581
-0.0108363 363.63
-0.0109665 366.65
-0.0110964 369.642
-0.0112261 372.608
-0.0113555 375.547
-0.0114846 378.46
-0.0116135 381.347
-0.0117421 384.209
-0.0118705 387.047
-0.0119986 389.861
-0.0121265 392.651
-0.0122542 395.417
-0.0123816 398.161
-0.0125088 400.882
-0.0126358 403.581
-0.0127626 406.259
-0.0128891 408.915
-0.0130155 411.55
-0.0131416 414.164
-0.0132676 416.758
-0.0133933 419.333
-0.0135189 421.887
-0.0136442 424.423
-0.0137694 426.939
-0.0138944 429.437
-0.0140192 431.917
-0.0141438 434.378
-0.0142682 436.822
-0.0143925 439.248
-0.0145166 441.657
-0.0146405 444.049
-0.0147642 446.424
-0.0148878 448.783
-0.0150113 451.126
-0.0151345 453.453
-0.0152576 455.764
-0.0153806 458.06
-0.0155034 460.34
-0.0156261 462.606
-0.0157486 464.857
-0.0158709 467.093
-0.0159931 469.315
-0.0161152 471.522
-0.0162372 473.716
-0.016359 475.896
-0.0164806 478.062
-0.0166022 480.215
-0.0167236 482.355
-0.0168448 484.482
-0.016966 486.596
-0.017087 488.697
-0.0172079 490.786
-0.0173286 492.863
-0.0174493 494.927
-0.0175698 496.98
-0.0176902 499.02
-0.0178105 501.049
-0.0179307 503.067
-0.0180507 505.073
-0.0181707 507.068
-0.0182905 509.051
-0.0184102 511.024
-0.0185299 512.986
-0.0186494 514.937
-0.0187688 516.878
-0.0188881 518.809
-0.0190073 520.729
-0.0191264 522.639
-0.0192454 524.538
-0.0193643 526.428
-0.0194831 528.308
-0.0196018 530.179
-0.0197204 532.04
-0.0198389 533.891
-0.0199573 535.733
-0.0200757 537.566
-0.0201939 539.39
-0.020312 541.205
-0.0204301 543.01
-0.0202634 536.344
-0.0200968 529.677
-0.0199301 523.01
-0.0197634 516.344
-0.0195968 509.677
-0.0194301 503.01
-0.0192634 496.344
-0.0190968 489.677
-0.0189301 483.01
-0.0187634 476.344
-0.0185968 469.677
-0.0184301 463.01
-0.0182634 456.344
-0.0180968 449.677
-0.0179301 443.01
-0.0177634 436.344
-0.0175968 429.677
-0.0174301 423.01
-0.0172634 416.344
-0.0170968 409.677
-0.0169301 403.01
-0.0167634 396.344
-0.0165968 389.677
-0.0164301 383.01
-0.0162634 376.344
-0.0160968 369.677
-0.0159301 363.01
-0.0157634 356.344
-0.0155968 349.677
-0.0154301 343.01
-0.0152634 336.344
-0.0150968 329.677
-0.0149301 323.01
-0.0147634 316.344
-0.0145968 309.677
-0.0144301 303.01
-0.0142634 296.344
-0.0140968 289.677
-0.0139301 283.01
-0.0137634 276.344
-0.0135968 269.677
-0.0134301 263.01
-0.0132634 256.344
-0.0130968 249.677
-0.0129301 243.01
-0.0127634 236.344
-0.0125968 229.677
-0.0124301 223.01
-0.0122634 216.344
-0.0120968 209.677
-0.0119301 203.01
-0.0117634 196.344
-0.0115968 189.677
-0.0114301 183.01
-0.0112634 176.344
-0.0110968 169.677
-0.0109301 163.01
-0.0107634 156.344
-0.0105968 149.677
-0.0104301 143.01
-0.0102634 136.344
-0.0100968 129.677
-0.0099301 123.01
-0.00976344 116.344
-0.00959677 109.677
-0.0094301 103.01
-0.00926344 96.3437
-0.00909677 89.677
-0.0089301 83.0103
-0.00876344 76.3437
-0.00859677 69.677
-0.0084301 63.0103
-0.00826344 56.3437
-0.00809677 49.677
-0.0079301 43.0103
-0.00776344 36.3437
-0.00759677 29.677
-0.0074301 23.0103
-0.00726344 16.3437
-0.00709677 9.677
-0.0069301 3.01034
-0.00676344 -3.65633
-0.00659678 -10.3221
-0.00643018 -16.9823
-0.00626369 -23.6314
-0.00609736 -30.2641
-0.00593125 -36.8751
-0.00576541 -43.4593
-0.00559988 -50.0117
-0.00543472 -56.5278
-0.00526997 -63.0031
-0.00510566 -69.4336
-0.00494184 -75.8155
-0.00477855 -82.1453
-0.0046158 -88.4198
-0.00445364 -94.6363
-0.00429208 -100.792
-0.00413115 -106.885
-0.00397086 -112.914
-0.00381124 -118.876
-0.00365229 -124.771
-0.00349403 -130.597
-0.00333646 -136.354
-0.00317959 -142.041
-0.00302342 -147.658
-0.00286796 -153.204
-0.0027132 -158.68
-0.00255914 -164.086
-0.00240578 -169.422
-0.00225311 -174.689
-0.00210114 -179.886
-0.00194985 -185.015
-0.00179923 -190.077
-0.00164928 -195.072
-0.00149998 -200.002
-0.00135134 -204.866
-0.00120333 -209.667
-0.00105595 -214.405
-0.000909189 -219.081
-0.000763035 -223.696
-0.000617479 -228.252
-0.000472508 -232.749
-0.000328112 -237.189
-0.000184279 -241.572
-4.09997e-05 -245.9
0.000101738 -250.174
0.000243944 -254.394
0.00038563 -258.563
0.000526807 -262.681
0.000667484 -266.748
0.000807671 -270.767
0.00094738 -274.738
0.00108662 -278.662
0.0012254 -282.54
0.00136373 -286.373
0.00150162 -290.162
0.00163908 -293.908
0.00177612 -297.612
0.00191275 -301.275
0.00204897 -304.897
0.00218479 -308.479
0.00232023 -312.023
0.00245529 -315.529
0.00258997 -318.997
0.0027243 -322.43
0.00285826 -325.826
0.00299187 -329.187
0.00312515 -332.515
0.00325808 -335.808
0.00339069 -339.069
0.00352298 -342.298
0.00365495 -345.495
0.00378661 -348.661
0.00391797 -351.797
0.00404902 -354.902
0.00417979 -357.979
0.00431027 -361.027
0.00444047 -364.047
0.0045704 -367.04
0.00470005 -370.005
0.00482944 -372.944
0.00495857 -375.857
0.00508745 -378.745
0.00521607 -381.607
0.00534445 -384.445
0.00547259 -387.259
0.00560048 -390.048
0.00572815 -392.815
0.00585559 -395.559
0.0059828 -398.28
0.00610979 -400.979
0.00623656 -403.656
0.00636312 -406.312
0.00648947 -408.947
0.00661562 -411.562
0.00674156 -414.156
0.0068673 -416.73
0.00699285 -419.285
0.00711821 -421.821
0.00724337 -424.337
0.00736835 -426.835
0.00749314 -429.314
0.00761776 -431.776
0.00774219 -434.219
0.00786646 -436.646
0.00799055 -439.055
0.00811447 -441.447
0.00823822 -443.822
0.00836181 -446.181
0.00848524 -448.524
0.00860851 -450.851
0.00873162 -453.162
0.00885458 -455.458
0.00897738 -457.738
0.00910004 -460.004
0.00922254 -462.254
0.0093449 -464.49
0.00946712 -466.712
0.0095892 -468.92
0.00971114 -471.114
0.00983294 -473.294
0.0099546 -475.46
0.0100761 -477.613
0.0101975 -479.753
0.0103188 -481.88
0.0104399 -483.994
0.010561 -486.095
0.0106818 -488.184
0.0108026 -490.261
0.0109233 -492.325
0.0110438 -494.378
0.0111642 -496.418
0.0112845 -498.447
0.0114046 -500.465
0.0115247 -502.471
0.0116447 -504.465
0.0117645 -506.449
0.0118842 -508.422
0.0120038 -510.384
0.0121234 -512.335
0.0122428 -514.276
0.0123621 -516.206
0.0124813 -518.126
0.0126004 -520.036
0.0127194 -521.936
0.0128383 -523.826
0.0129571 -525.706
0.0130758 -527.577
0.0131944 -529.438
0.0133129 -531.289
0.0134313 -533.131
0.0135496 -534.964
0.0136679 -536.788
0.013786 -538.602
0.0139041 -540.408
0.014022 -542.205
0.0141399 -543.993
0.0142577 -545.773
0.0143754 -547.544
0.0144931 -549.306
0.0146106 -551.061
0.0147281 -552.807
0.0148454 -554.545
0.0149627 -556.274
0.01508 -557.996
0.0151971 -559.71
0.0153142 -561.416
0.0154311 -563.114
0.0155481 -564.805
0.0156649 -566.488
0.0157816 -568.164
0.0158983 -569.832
0.0160149 -571.493
0.0161315 -573.146
0.0162479 -574.793
0.0163643 -576.432
0.0164806 -578.064
0.0165969 -579.69
0.0167131 -581.308
0.0168292 -582.919
0.0169452 -584.524
0.0170612 -586.122
0.0171771 -587.713
0.017293 -589.298
0.0174088 -590.876
0.0175245 -592.448
0.0176401 -594.014
0.0177557 -595.573
0.0178713 -597.126
0.0179867 -598.672
0.0181021 -600.213
0.0182175 -601.747
0.0183328 -603.275
0.018448 -604.798
0.0185631 -606.314
0.0186782 -607.824
0.0187933 -609.329
0.0189083 -610.828
0.0190232 -612.321
0.0191381 -613.809
0.0192529 -615.291
0.0193677 -616.767
0.0194824 -618.238
0.019597 -619.703
0.0197116 -621.163
0.0198262 -622.618
0.0199407 -624.067
0.0200551 -625.511
0.0201695 -626.95
0.0202838 -628.383
0.0203981 -629.812
0.0205123 -631.235
0.0206265 -632.653
0.0207407 -634.066
0.0208547 -635.475
0.0209688 -636.878
0.0210828 -638.276
0.0211967 -639.67
0.0213106 -641.058
0.0214244 -642.442
0.0212578 -635.776
0.0210911 -629.109
0.0209244 -622.442
0.0207578 -615.776
0.0205911 -609.109
0.0204244 -602.442
0.0202578 -595.776
0.0200911 -589.109
0.0199244 -582.442
0.0197578 -575.776
0.0195911 -569.109
0.0194244 -562.442
0.0192578 -555.776
0.0190911 -549.109
0.0189244 -542.442
0.0187578 -535.776
0.0185911 -529.109
0.0184244 -522.442
0.0182578 -515.776
0.0180911 -509.109
0.0179244 -502.442
0.0177578 -495.776
0.0175911 -489.109
0.0174244 -482.442
0.0172578 -475.776
0.0170911 -469.109
0.0169244 -462.442
0.0167578 -455.776
0.0165911 -449.109
0.0164244 -442.442
0.0162578 -435.776
0.0160911 -429.109
0.0159244 -422.442
0.0157578 -415.776
0.0155911 -409.109
0.0154244 -402.442
0.0152578 -395.776
0.0150911 -389.109
0.0149244 -382.442
0.0147578 -375.776
0.0145911 -369.109
0.0144244 -362.442
0.0142578 -355.776
0.0140911 -349.109
0.0139244 -342.442
0.0137578 -335.776
0.0135911 -329.109
0.0134244 -322.442
0.0132578 -315.776
0.0130911 -309.109
0.0129244 -302.442
0.0127578 -295.776
0.0125911 -289.109
0.0124244 -282.442
0.0122578 -275.776
0.0120911 -269.109
0.0119244 -262.442
0.0117578 -255.776
0.0115911 -249.109
0.0114244 -242.442
0.0112578 -235.776
0.0110911 -229.109
0.0109244 -222.442
0.0107578 -215.776
0.0105911 -209.109
0.0104244 -202.442
0.0102578 -195.776
0.0100911 -189.109
0.00992442 -182.442
0.00975776 -175.776
0.00959109 -169.109
0.00942442 -162.442
0.00925776 -155.776
0.00909109 -149.109
0.00892442 -142.442
0.00875776 -135.776
0.00859109 -129.109
0.00842442 -122.442
0.00825776 -115.776
0.00809109 -109.109
0.00792442 -102.442
0.00775776 -95.7757
0.00759109 -89.109
0.00742442 -82.4424
0.00725776 -75.7757
0.00709109 -69.109
0.00692442 -62.4424
0.00675776 -55.7757
0.00659109 -49.109
0.00642442 -42.4424
0.00625776 -35.7757
0.00609109 -29.109
0.00592442 -22.4424
0.00575776 -15.7757
0.00559109 -9.10905
0.00542442 -2.44238
0.00525776 4.22428
0.0050911 10.89
0.0049245 17.5502
0.00475801 24.1994
0.00459168 30.8321
0.00442557 37.4431
0.00425973 44.0272
0.0040942 50.5797
0.00392904 57.0958
0.00376429 63.5711
0.00359998 70.0016
0.00343617 76.3835
0.00327287 82.7132
0.00311012 88.9878
0.00294796 95.2043
0.0027864 101.36
0.00262547 107.453
0.00246518 113.482
0.00230556 119.444
0.00214661 125.339
0.00198835 131.165
0.00183078 136.922
0.00167391 142.609
0.00151774 148.226
0.00136228 153.772
0.00120752 159.248
0.00105346 164.654
0.0009001 169.99
0.000747435 175.256
0.00059546 180.454
0.000444167 185.583
0.000293548 190.645
0.000143596 195.64
-5.69821e-06 200.57
-0.000154344 205.434
-0.000302351 210.235
-0.00044973 214.973
-0.000596491 219.649
-0.000742644 224.264
-0.000888201 228.82
-0.00103317 233.317
-0.00117757 237.757
-0.0013214 242.14
-0.00146468 246.468
-0.00160742 250.742
-0.00174962 254.962
-0.00189131 259.131
-0.00203249 263.249
-0.00217316 267.316
-0.00231335 271.335
-0.00245306 275.306
-0.0025923 279.23
-0.00273108 283.108
-0.00286941 286.941
-0.0030073 290.73
-0.00314476 294.476
-0.0032818 298.18
-0.00341843 301.843
-0.00355465 305.465
-0.00369047 309.047
-0.00382591 312.591
-0.00396097 316.097
-0.00409565 319.565
-0.00422997 322.997
-0.00436394 326.394
-0.00449755 329.755
-0.00463083 333.083
-0.00476376 336.376
-0.00489637 339.637
-0.00502866 342.866
-0.00516063 346.063
-0.00529229 349.229
-0.00542364 352.364
-0.0055547 355.47
-0.00568547 358.547
-0.00581595 361.595
-0.00594615 364.615
-0.00607608 367.608
-0.00620573 370.573
-0.00633512 373.512
-0.00646425 376.425
-0.00659313 379.313
-0.00672175 382.175
-0.00685013 385.013
-0.00697826 387.826
-0.00710616 390.616
-0.00723383 393.383
-0.00736127 396.127
-0.00748848 398.848
-0.00761547 401.547
-0.00774224 404.224
-0.0078688 406.88
-0.00799515 409.515
-0.0081213 412.13
-0.00824724 414.724
-0.00837298 417.298
-0.00849853 419.853
-0.00862389 422.389
-0.00874905 424.905
-0.00887403 427.403
-0.00899882 429.882
-0.00912344 432.344
-0.00924787 434.787
-0.00937214 437.214
-0.00949623 439.623
-0.00962015 442.015
-0.0097439 444.39
-0.00986749 446.749
-0.00999092 449.092
-0.0101142 451.419
-0.0102373 453.73
-0.0103603 456.025
-0.0104831 458.306
-0.0106057 460.571
-0.0107282 462.822
-0.0108506 465.058
-0.0109728 467.28
-0.0110949 469.488
-0.0112168 471.682
-0.0113386 473.861
-0.0114603 476.028
-0.0115818 478.181
-0.0117032 480.321
-0.0118245 482.448
-0.0119456 484.562
-0.0120666 486.663
-0.0121875 488.752
-0.0123083 490.829
-0.0124289 492.893
-0.0125495 494.945
-0.0126699 496.986
-0.0127902 499.015
-0.0129103 501.032
-0.0130304 503.039
-0.0131503 505.033
-0.0132702 507.017
-0.0133899 508.99
-0.0135095 510.952
-0.013629 512.903
-0.0137484 514.844
-0.0138677 516.774
-0.0139869 518.694
-0.014106 520.604
-0.014225 522.504
-0.0143439 524.394
-0.0144627 526.274
-0.0145814 528.145
-0.0147001 530.005
-0.0148186 531.857
-0.014937 533.699
-0.0150553 535.532
-0.0151736 537.356
-0.0152917 539.17
-0.0154098 540.976
-0.0155277 542.773
-0.0156456 544.561
-0.0157634 546.341
-0.0158811 548.112
-0.0159987 549.874
-0.0161163 551.629
-0.0162337 553.375
-0.0163511 555.113
-0.0164684 556.842
-0.0165856 558.564
-0.0167028 560.278
-0.0168198 561.984
-0.0169368 563.682
-0.0170537 565.373
-0.0171706 567.056
-0.0172873 568.732
-0.017404 570.4
-0.0175206 572.061
-0.0176371 573.714
-0.0177536 575.361
-0.01787 577
-0.0179863 578.632
-0.0181026 580.257
-0.0182188 581.876
-0.0183349 583.487
-0.0184509 585.092
-0.0185669 586.69
-0.0186828 588.281
-0.0187987 589.866
-0.0189144 591.444
-0.0190302 593.016
-0.0191458 594.582
-0.0192614 596.141
-0.0193769 597.693
-0.0194924 599.24
-0.0196078 600.78
-0.0197231 602.315
-0.0198384 603.843
-0.0199537 605.365
-0.0200688 606.882
-0.0201839 608.392
-0.020299 609.897
-0.020414 611.396
-0.0205289 612.889
-0.0206438 614.377
-0.0207586 615.859
-0.0208734 617.335
-0.0209881 618.806
-0.0211027 620.271
-0.0212173 621.731
-0.0213319 623.186
-0.0214463 624.635
-0.0215608 626.079
-0.0216752 627.518
-0.0217895 628.951
-0.0219038 630.38
-0.022018 631.803
-0.0221322 633.221
-0.0222463 634.634
-0.0223604 636.042
-0.0224745 637.446
-0.0225884 638.844
-0.0227024 640.238
-0.0228163 641.626
-0.0229301 643.01
-0.0230439 644.39
-0.0231576 645.764
-0.0232713 647.134
-0.023385 648.499
-0.0234986 649.86
-0.0236122 651.216
-0.0237257 652.567
-0.0238391 653.914
-0.0239526 655.257
-0.024066 656.595
-0.0241793 657.929
-0.0242926 659.259
-0.0244058 660.584
-0.024519 661.905
-0.0246322 663.222
-0.0247453 664.534
-0.0248584 665.842
-0.0249715 667.146
-0.0250845 668.446
-0.0251974 669.742
-0.0253103 671.034
-0.0254232 672.322
-0.0255361 673.606
-0.0256489 674.886
-0.0257616 676.162
-0.0258743 677.434
-0.025987 678.702
-0.0260997 679.966
-0.0262123 681.227
-0.0263248 682.484
-0.0264374 683.737
-0.0265499 684.986
-0.0266623 686.231
-0.0267747 687.473
-0.0268871 688.711
-0.0269995 689.946
-0.0271118 691.177
-0.027224 692.404
-0.0273363 693.628
-0.0274485 694.848
-0.0275606 696.065
-0.0276728 697.278
-0.0277849 698.487
-0.0278969 699.694
-0.028009 700.897
-0.028121 702.096
-0.0282329 703.292
-0.0283448 704.485
-0.0284567 705.674
-0.0285686 706.86
-0.0286804 708.043
-0.0287922 709.223
-0.028904 710.399
-0.0290157 711.572
-0.0291274 712.742
-0.0292391 713.909
-0.0293507 715.072
-0.0294623 716.233
-0.0295739 717.39
-0.0296854 718.544
-0.029797 719.696
-0.0299084 720.844
-0.0300199 721.989
-0.0301313 723.131
-0.0302427 724.27
-0.0303541 725.406
-0.0304654 726.539
-0.0305767 727.669
-0.030688 728.796
-0.0307992 729.921
-0.0309104 731.042
-0.0310216 732.161
-0.0311328 733.276
-0.0312439 734.389
-0.031355 735.499
-0.0314661 736.606
-0.0315771 737.711
-0.0316881 738.813
-0.0317991 739.911
-0.0319101 741.008
-0.032021 742.101
-0.0321319 743.192
-0.0322428 744.28
-0.0323537 745.365
-0.0324645 746.448
-0.0322978 739.781
-0.0321311 733.115
-0.0319645 726.448
-0.0317978 719.781
-0.0316311 713.115
-0.0314645 706.448
-0.0312978 699.781
-0.0311311 693.115
-0.0309645 686.448
-0.0307978 679.781
-0.0306311 673.115
-0.0304645 666.448
-0.0302978 659.781
-0.0301311 653.115
-0.0299645 646.448
-0.0297978 639.781
-0.0296311 633.115
-0.0294645 626.448
-0.0292978 619.781
-0.0291311 613.115
-0.0289645 606.448
-0.0287978 599.781
-0.0286311 593.115
-0.0284645 586.448
-0.0282978 579.781
-0.0281311 573.115
-0.0279645 566.448
-0.0277978 559.781
-0.0276311 553.115
-0.0274645 546.448
-0.0272978 539.781
-0.0271311 533.115
-0.0269645 526.448
-0.0267978 519.781
-0.0266311 513.115
-0.0264645 506.448
-0.0262978 499.781
-0.0261311 493.115
-0.0259645 486.448
-0.0257978 479.781
-0.0256311 473.115
-0.0254645 466.448
-0.0252978 459.781
-0.0251311 453.115
-0.0249645 446.448
-0.0247978 439.781
-0.0246311 433.115
-0.0244645 426.448
-0.0242978 419.781
-0.0241311 413.115
-0.0239645 406.448
-0.0237978 399.781
-0.0236311 393.115
-0.0234645 386.448
-0.0232978 379.781
-0.0231311 373.115
-0.0229645 366.448
-0.0227978 359.781
-0.0226311 353.115
-0.0224645 346.448
-0.0222978 339.781
-0.0221311 333.115
-0.0219645 326.448
-0.0217978 319.781
-0.0216311 313.115
-0.0214645 306.448
-0.0212978 299.781
-0.0211311 293.115
-0.0209645 286.448
-0.0207978 279.781
-0.0206311 273.115
-0.0204645 266.448
-0.0202978 259.781
-0.0201311 253.115
-0.0199645 246.448
-0.0197978 239.781
-0.0196311 233.115
-0.0194645 226.448
-0.0192978 219.781
-0.0191311 213.115
-0.0189645 206.448
-0.0187978 199.781
-0.0186311 193.115
-0.0184645 186.448
-0.0182978 179.781
-0.0181311 173.115
-0.0179645 166.448
-0.0177978 159.781
-0.0176311 153.115
-0.0174645 146.448
-0.0172978 139.781
-0.0171311 133.115
-0.0169645 126.448
-0.0167978 119.781
-0.0166311 113.115
-0.0164645 106.448
-0.0162978 99.7815
-0.0161311 93.1148
-0.0159645 86.4482
-0.0157978 79.7815
-0.0156311 73.1148
-0.0154645 66.4482
-0.0152978 59.7815
-0.0151311 53.1148
-0.0149645 46.4482
-0.0147978 39.7815
-0.0146311 33.1148
-0.0144645 26.4482
-0.0142978 19.7815
-0.0141311 13.1148
-0.0139645 6.44815
-0.0137978 -0.218514
-0.0136312 -6.88426
-0.0134646 -13.5445
-0.0132981 -20.1936
-0.0131317 -26.8263
-0.0129656 -33.4373
-0.0127998 -40.0215
-0.0126343 -46.5739
-0.0124691 -53.09
-0.0123043 -59.5653
-0.01214 -65.9958
-0.0119762 -72.3777
-0.0118129 -78.7075
-0.0116502 -84.982
-0.011488 -91.1985
-0.0113265 -97.3544
-0.0111655 -103.448
-0.0110052 -109.476
-0.0108456 -115.438
-0.0106867 -121.333
-0.0105284 -127.16
-0.0103708 -132.916
-0.010214 -138.604
-0.0100578 -144.22
-0.00990233 -149.767
-0.00974757 -155.243
-0.00959352 -160.648
-0.00944016 -165.984
-0.00928749 -171.251
-0.00913552 -176.448
-0.00898422 -181.578
-0.00883361 -186.639
-0.00868365 -191.635
-0.00853436 -196.564
-0.00838571 -201.429
-0.00823771 -206.229
-0.00809033 -210.967
-0.00794357 -215.643
-0.00779741 -220.259
-0.00765186 -224.814
-0.00750689 -229.311
-0.00736249 -233.751
-0.00721866 -238.134
-0.00707538 -242.462
-0.00693264 -246.736
-0.00679043 -250.957
-0.00664875 -255.125
-0.00650757 -259.243
-0.00636689 -263.311
-0.00622671 -267.329
-0.006087 -271.3
-0.00594776 -275.224
-0.00580898 -279.102
-0.00567065 -282.935
-0.00553275 -286.725
-0.00539529 -290.471
-0.00525826 -294.174
-0.00512163 -297.837
-0.00498541 -301.459
-0.00484958 -305.042
-0.00471415 -308.585
-0.00457909 -312.091
-0.0044444 -315.56
-0.00431008 -318.992
-0.00417612 -322.388
-0.0040425 -325.75
-0.00390923 -329.077
-0.00377629 -332.371
-0.00364369 -335.631
-0.0035114 -338.86
-0.00337943 -342.057
-0.00324777 -345.223
-0.00311641 -348.359
-0.00298535 -351.465
-0.00285459 -354.541
-0.00272411 -357.589
-0.0025939 -360.61
-0.00246398 -363.602
-0.00233432 -366.568
-0.00220493 -369.507
-0.0020758 -372.42
-0.00194693 -375.307
-0.00181831 -378.169
-0.00168993 -381.007
-0.00156179 -383.821
-0.00143389 -386.611
-0.00130623 -389.377
-0.00117879 -392.121
-0.00105158 -394.842
-0.000924589 -397.541
-0.000797815 -400.219
-0.000671254 -402.875
-0.000544903 -405.51
-0.000418759 -408.124
-0.000292816 -410.718
-0.000167073 -413.293
-4.15265e-05 -415.847
8.38278e-05 -418.383
0.000208993 -420.899
0.000333971 -423.397
0.000458766 -425.877
0.00058338 -428.338
0.000707817 -430.782
0.000832079 -433.208
0.000956168 -435.617
0.00108009 -438.009
0.00120384 -440.384
0.00132743 -442.743
0.00145086 -445.086
0.00157413 -447.413
0.00169724 -449.724
0.0018202 -452.02
0.001943 -454.3
0.00206566 -456.566
0.00218816 -458.816
0.00231053 -461.053
0.00243274 -463.274
0.00255482 -465.482
0.00267676 -467.676
0.00279856 -469.856
0.00292022 -472.022
0.00304175 -474.175
0.00316315 -476.315
0.00328442 -478.442
0.00340556 -480.556
0.00352657 -482.657
0.00364746 -484.746
0.00376823 -486.823
0.00388887 -488.887
0.0040094 -490.94
0.0041298 -492.98
0.00425009 -495.009
0.00437027 -497.027
0.00449033 -499.033
0.00461028 -501.028
0.00473011 -503.011
0.00484984 -504.984
0.00496946 -506.946
0.00508897 -508.897
0.00520838 -510.838
0.00532768 -512.768
0.00544689 -514.689
0.00556598 -516.598
0.00568498 -518.498
0.00580388 -520.388
0.00592268 -522.268
0.00604139 -524.139
0.00616 -526
0.00627851 -527.851
0.00639693 -529.693
0.00651526 -531.526
0.0066335 -533.35
0.00675164 -535.164
0.0068697 -536.97
0.00698767 -538.767
0.00710555 -540.555
0.00722335 -542.335
0.00734106 -544.106
0.00745869 -545.869
0.00757623 -547.623
0.00769369 -549.369
0.00781107 -551.107
0.00792837 -552.837
0.00804558 -554.558
0.00816272 -556.272
0.00827978 -557.978
0.00839677 -559.677
0.00851367 -561.367
0.0086305 -563.05
0.00874726 -564.726
0.00886394 -566.394
0.00898055 -568.055
0.00909709 -569.709
0.00921355 -571.355
0.00932994 -572.994
0.00944627 -574.627
0.00956252 -576.252
0.0096787 -577.87
0.00979482 -579.482
0.00991086 -581.086
0.0100268 -582.684
0.0101428 -584.276
0.0102586 -585.86
0.0103744 -587.439
0.0104901 -589.01
0.0106058 -590.576
0.0107213 -592.135
0.0108369 -593.688
0.0109523 -595.234
0.0110677 -596.775
0.0111831 -598.309
0.0112984 -599.837
0.0114136 -601.36
0.0115288 -602.876
0.0116439 -604.387
0.0117589 -605.891
0.0118739 -607.39
0.0119888 -608.883
0.0121037 -610.371
0.0122185 -611.853
0.0123333 -613.329
0.012448 -614.8
0.0125627 -616.265
0.0126773 -617.725
0.0127918 -619.18
0.0129063 -620.629
0.0130207 -622.073
0.0131351 -623.512
0.0132495 -624.945
0.0133637 -626.374
0.013478 -627.797
0.0135922 -629.215
0.0137063 -630.628
0.0138204 -632.037
0.0139344 -633.44
0.0140484 -634.838
0.0141623 -636.232
0.0142762 -637.621
0.01439 -639.005
0.0145038 -640.384
0.0146176 -641.758
0.0147313 -643.128
0.0148449 -644.493
0.0149585 -645.854
0.0150721 -647.21
0.0151856 -648.562
0.0152991 -649.909
0.0154125 -651.251
0.0155259 -652.59
0.0156392 -653.923
0.0157525 -655.253
0.0158658 -656.578
0.015979 -657.899
0.0160922 -659.216
0.0162053 -660.528
0.0163184 -661.837
0.0164314 -663.141
0.0165444 -664.441
0.0166574 -665.737
0.0167703 -667.029
0.0168832 -668.316
0.016996 -669.6
0.0171088 -670.88
0.0172216 -672.156
0.0173343 -673.428
0.017447 -674.696
0.0175596 -675.961
0.0176722 -677.221
0.0177848 -678.478
0.0178973 -679.731
0.0180098 -680.98
0.0181223 -682.226
0.0182347 -683.467
0.0183471 -684.705
0.0184594 -685.94
0.0185717 -687.171
0.018684 -688.398
0.0187962 -689.622
0.0189084 -690.842
0.0190206 -692.059
0.0191327 -693.272
0.0192448 -694.482
0.0193569 -695.688
0.0194689 -696.891
0.0195809 -698.09
0.0196929 -699.286
0.0198048 -700.479
0.0199167 -701.669
0.0200285 -702.855
0.0201404 -704.037
0.0202522 -705.217
0.0203639 -706.393
0.0204757 -707.566
0.0205874 -708.736
0.020699 -709.903
0.0208107 -711.067
0.0209223 -712.227
0.0210338 -713.384
0.0211454 -714.539
0.0212569 -715.69
0.0213684 -716.838
0.0214798 -717.983
0.0215912 -719.125
0.0217026 -720.264
0.021814 -721.4
0.0219253 -722.533
0.0220366 -723.663
0.0221479 -724.791
0.0222591 -725.915
0.0223704 -727.036
0.0224815 -728.155
0.0225927 -729.27
0.0227038 -730.383
0.0228149 -731.493
0.022926 -732.601
0.0230371 -733.705
0.0231481 -734.807
0.0232591 -735.906
0.02337 -737.002
0.023481 -738.095
0.0235919 -739.186
0.0237027 -740.274
0.0238136 -741.36
0.0239244 -742.442
0.0240352 -743.522
0.024146 -744.6
0.0242567 -745.675
0.0243675 -746.747
0.0244782 -747.817
0.0245888 -748.884
0.0246995 -749.949
0.0248101 -751.011
0.0249207 -752.07
0.0250313 -753.127
0.0251418 -754.182
0.0252523 -755.234
0.0253628 -756.283
0.0254733 -757.331
0.0255838 -758.375
0.0256942 -759.418
0.0258046 -760.457
0.0259149 -761.495
0.0260253 -762.53
0.0261356 -763.563
0.0262459 -764.593
0.0263562 -765.621
0.0264665 -766.647
0.0265767 -767.67
0.0266869 -768.691
0.0267971 -769.71
0.0269073 -770.727
0.0270174 -771.741
0.0271275 -772.753
0.0272376 -773.763
0.0273477 -774.77
0.0274578 -775.775
0.0275678 -776.778
0.0276778 -777.779
0.0277878 -778.778
0.0278977 -779.775
0.0280077 -780.769
0.0281176 -781.761
0.0282275 -782.751
0.0283374 -783.739
0.0284472 -784.725
0.0285571 -785.709
0.0286669 -786.69
0.0287767 -787.67
0.0288865 -788.647
0.0289962 -789.623
0.029106 -790.596
0.0292157 -791.567
0.0293254 -792.536
0.029435 -793.504
0.0295447 -794.469
0.0296543 -795.432
0.0297639 -796.393
0.0298735 -797.353
0.0299831 -798.31
0.0300927 -799.265
0.0302022 -800.219
0.0303117 -801.17
0.0304212 -802.119
0.0305307 -803.067
0.0306401 -804.013
0.0307496 -804.956
0.030859 -805.898
0.0309684 -806.838
0.0310778 -807.776
0.0311871 -808.712
0.0312965 -809.647
0.0314058 -810.579
0.0315151 -811.51
0.0316244 -812.439
0.0317337 -813.366
0.0318429 -814.291
0.0319521 -815.214
0.0320614 -816.136
0.0321706 -817.056
0.0322797 -817.973
0.0323889 -818.89
0.032498 -819.804
0.0326072 -820.717
0.0327163 -821.628
0.0328254 -822.537
0.0329344 -823.444
0.0330435 -824.35
0.0331525 -825.254
0.0332616 -826.157
0.0315949 -759.49
0.0299282 -692.823
0.0282616 -626.157
0.0265949 -559.49
0.0249282 -492.823
0.0232616 -426.157
0.0215949 -359.49
0.0199282 -292.823
0.0182616 -226.157
0.0165949 -159.49
0.0149282 -92.8232
0.0132616 -26.1566
0.0115949 40.5101
0.00993711 106.285
0.00832549 167.451
0.00678131 221.869
0.00530397 269.603
0.00388408 311.592
0.00251123 348.877
0.00117651 382.349
-0.000127111 412.711
-0.0014051 440.51
-0.00266168 466.168
-0.00390016 490.016
-0.00512314 512.314
-0.00633272 533.272
-0.0075306 553.06
-0.00871818 571.818
-0.00989661 589.661
-0.0110669 606.686
-0.0122298 622.976
-0.013386 638.601
-0.0145362 653.621
-0.0156809 668.089
-0.0168205 682.05
-0.0179554 695.545
-0.0190861 708.608
-0.0202127 721.272
-0.0213356 733.564
-0.0224551 745.509
-0.0235713 757.13
-0.0246845 768.446
-0.0257948 779.478
-0.0269024 790.24
-0.0280075 800.749
-0.0291102 811.018
-0.0302106 821.06
-0.0313089 830.887
-0.0324051 840.51
-0.0334994 849.938
-0.0345918 859.181
-0.0356825 868.248
-0.0367715 877.145
-0.0378588 885.882
-0.0389446 894.464
-0.040029 902.898
-0.0411119 911.19
-0.0421935 919.347
-0.0432737 927.372
-0.0443527 935.271
-0.042686 868.604
-0.0410194 801.938
-0.0393527 735.271
-0.037686 668.604
-0.0360194 601.938
-0.0343527 535.271
-0.032686 468.604
-0.0310194 401.938
-0.0293527 335.271
-0.027686 268.604
-0.0260194 201.938
-0.0243527 135.271
-0.022686 68.6044
-0.0210194 1.93776
-0.0193527 -64.7289
-0.0176949 -130.504
-0.0160833 -191.67
-0.0145391 -246.088
-0.0130618 -293.822
-0.0116419 -335.811
-0.010269 -373.096
-0.00893433 -406.567
-0.0076307 -436.93
-0.00635271 -464.729
-0.00509613 -490.387
-0.00385766 -514.234
-0.00263467 -536.532
-0.00142509 -557.491
-0.000227211 -577.279
0.000960365 -596.036
0.00213879 -613.879
0.00330905 -630.905
0.00447195 -647.195
0.00562819 -662.819
0.0067784 -677.84
0.00792307 -692.307
0.00906269 -706.269
0.0101976 -719.763
0.0113283 -732.827
0.0124549 -745.49
0.0135778 -757.782
0.0146973 -769.727
0.0158135 -781.348
0.0169267 -792.665
0.018037 -803.697
0.0191446 -814.459
0.0202497 -824.968
0.0213524 -835.237
0.0224528 -845.279
0.0235511 -855.106
0.0246473 -864.729
0.0257416 -874.157
0.026834 -883.4
0.0279247 -892.466
0.0290136 -901.364
0.030101 -910.101
0.0311868 -918.683
0.0322712 -927.117
0.0333541 -935.409
0.0344357 -943.565
0.0355159 -951.591
0.0365949 -959.49
0.0376727 -967.268
0.0387493 -974.929
0.0398248 -982.478
0.0408992 -989.918
0.0419725 -997.254
0.0430449 -1004.49
0.0441162 -1011.62
0.0451866 -1018.66
0.04352 -951.998
0.0418533 -885.331
0.0401866 -818.664
0.03852 -751.998
0.0368533 -685.331
0.0351866 -618.664
0.03352 -551.998
0.0318533 -485.331
0.0301866 -418.664
0.02852 -351.998
0.0268533 -285.331
0.0251866 -218.664
0.02352 -151.998
0.0218533 -85.3309
0.0201866 -18.6642
0.01852 48.0025
0.0168622 113.777
0.0152506 174.943
0.0137064 229.361
0.012229 277.095
0.0108092 319.084
0.00943631 356.369
0.00810159 389.841
0.00679797 420.203
0.00551998 448.002
0.00426339 473.661
0.00302492 497.508
0.00180194 519.806
0.000592357 540.764
-0.000605524 560.552
-0.0017931 579.31
-0.00297153 597.153
-0.00414178 614.178
-0.00530468 630.468
-0.00646093 646.093
-0.00761113 661.113
-0.00875581 675.581
-0.00989542 689.542
-0.0110304 703.037
-0.012161 716.1
-0.0132876 728.764
-0.0144106 741.056
-0.01553 753.001
-0.0166462 764.622
-0.0177594 775.939
-0.0188697 786.97
-0.0199773 797.733
-0.0210824 808.241
-0.0221851 818.511
-0.0232855 828.553
-0.0243838 838.38
-0.02548 848.002
-0.0265743 857.431
-0.0276667 866.674
-0.0287574 875.74
-0.0298464 884.638
-0.0309337 893.374
-0.0320196 901.956
-0.0331039 910.39
-0.0341868 918.683
-0.0352684 926.839
-0.0363486 934.864
-0.0374276 942.763
-0.0385054 950.542
-0.039582 958.203
-0.0406575 965.752
-0.0417319 973.192
-0.0428053 980.527
-0.0438776 987.761
-0.044949 994.897
-0.0460194 1001.94
-0.0470889 1008.89
-0.0481575 1015.75
-0.0492252 1022.52
-0.0502921 1029.21
-0.0513582 1035.82
-0.0524235 1042.35
-0.0534881 1048.81
-0.0545518 1055.18
-0.0556149 1061.49
-0.0539483 994.825
-0.0522816 928.159
-0.0506149 861.492
-0.0489483 794.825
-0.0472816 728.159
-0.0456149 661.492
-0.0439483 594.825
-0.0422816 528.159
-0.0406149 461.492
-0.0389483 394.825
-0.0372816 328.159
-0.0356149 261.492
-0.0339483 194.825
-0.0322816 128.159
-0.0306149 61.4919
-0.0289483 -5.17476
-0.0272905 -70.9494
-0.0256788 -132.116
-0.0241347 -186.534
-0.0226573 -234.268
-0.0212374 -276.256
-0.0198646 -313.542
-0.0185299 -347.013
-0.0172262 -377.376
-0.0159483 -405.175
-0.0146917 -430.833
-0.0134532 -454.68
-0.0122302 -476.978
-0.0110206 -497.937
-0.00982275 -517.725
-0.00863518 -536.482
-0.00745675 -554.325
-0.0062865 -571.35
-0.0051236 -587.64
-0.00396735 -603.265
-0.00281715 -618.285
-0.00167247 -632.753
-0.000532855 -646.715
0.000602092 -660.209
0.00173273 -673.273
0.00285936 -685.936
0.00398228 -698.228
0.00510173 -710.173
0.00621794 -721.794
0.00733111 -733.111
0.00844142 -744.142
0.00954905 -754.905
0.0106541 -765.414
0.0117568 -775.683
0.0128573 -785.725
0.0139555 -795.552
0.0150517 -805.175
0.016146 -814.603
0.0172385 -823.846
0.0183291 -832.912
0.0194181 -841.81
0.0205055 -850.546
0.0215913 -859.129
0.0226756 -867.563
0.0237586 -875.855
0.0248401 -884.011
0.0259204 -892.036
0.0269994 -899.936
0.0280771 -907.714
0.0291538 -915.375
0.0302292 -922.924
0.0313036 -930.364
0.032377 -937.699
0.0334493 -944.933
0.0345207 -952.069
0.0355911 -959.11
0.0366606 -966.059
0.0377292 -972.919
0.0387969 -979.693
0.0398638 -986.384
0.0409299 -992.993
0.0419952 -999.523
0.0430598 -1005.98
0.0441236 -1012.36
0.0451866 -1018.66
0.046249 -1024.9
0.0473107 -1031.07
0.0483717 -1037.17
0.0494321 -1043.21
0.0504918 -1049.18
0.0515509 -1055.09
0.0526095 -1060.95
0.0536674 -1066.74
0.0547248 -1072.48
0.0557816 -1078.16
0.0541149 -1011.49
0.0524482 -944.823
0.0507816 -878.156
0.0491149 -811.49
0.0474482 -744.823
0.0457816 -678.156
0.0441149 -611.49
0.0424482 -544.823
0.0407816 -478.156
0.0391149 -411.49
0.0374482 -344.823
0.0357816 -278.156
0.0341149 -211.49
0.0324482 -144.823
0.0307816 -78.1564
0.0291149 -11.4897
0.0274482 55.177
0.0257904 120.952
0.0241788 182.118
0.0226346 236.536
0.0211573 284.27
0.0197374 326.259
0.0183646 363.544
0.0170298 397.015
0.0157262 427.378
0.0144482 455.177
0.0131916 480.835
0.0119532 504.682
0.0107302 526.981
0.00952061 547.939
0.00832273 567.727
0.00713515 586.484
0.00595673 604.327
0.00478647 621.353
0.00362357 637.643
0.00246732 653.268
0.00131712 668.288
0.000172445 682.756
-0.000967167 696.717
-0.00210211 710.211
-0.00323275 723.275
-0.00435939 735.939
-0.0054823 748.23
-0.00660176 760.176
-0.00771796 771.796
-0.00883113 783.113
-0.00994145 794.145
-0.0110491 804.907
-0.0121542 815.416
-0.0132569 825.685
-0.0143573 835.727
-0.0154555 845.554
-0.0165518 855.177
-0.0176461 864.605
-0.0187385 873.848
-0.0198291 882.915
-0.0209181 891.812
-0.0220055 900.549
-0.0230913 909.131
-0.0241756 917.565
-0.0252586 925.857
-0.0263401 934.013
-0.0274204 942.039
-0.0284994 949.938
-0.0295772 957.716
-0.0306538 965.377
-0.0317293 972.926
-0.0328037 980.366
-0.033877 987.702
-0.0349494 994.935
-0.0360207 1002.07
-0.0370911 1009.11
-0.0381606 1016.06
-0.0392292 1022.92
-0.040297 1029.7
-0.0413639 1036.39
-0.04243 1043
-0.0434953 1049.53
-0.0445598 1055.98
-0.0456236 1062.36
-0.0466867 1068.67
-0.047749 1074.9
-0.0488107 1081.07
-0.0498717 1087.17
-0.0509321 1093.21
-0.0519918 1099.18
-0.053051 1105.1
-0.0541095 1110.95
-0.0551674 1116.74
-0.0562248 1122.48
-0.0572816 1128.16
-0.0583378 1133.78
-0.0593936 1139.36
-0.0604488 1144.88
-0.0615035 1150.35
-0.0625577 1155.77
-0.0636114 1161.14
-0.0646646 1166.46
-0.0657174 1171.74
-0.0667697 1176.97
-0.065103 1110.3
-0.0634364 1043.64
-0.0617697 976.972
-0.060103 910.305
-0.0584364 843.638
-0.0567697 776.972
-0.055103 710.305
-0.0534364 643.638
-0.0517697 576.972
-0.050103 510.305
-0.0484364 443.638
-0.0467697 376.972
-0.045103 310.305
-0.0434364 243.638
-0.0417697 176.972
-0.040103 110.305
-0.0384364 43.6383
-0.0367697 -23.0284
-0.0351119 -88.8031
-0.0335003 -149.969
-0.0319561 -204.387
-0.0304788 -252.121
-0.0290589 -294.11
-0.027686 -331.395
-0.0263513 -364.867
-0.0250477 -395.229
-0.0237697 -423.028
-0.0225131 -448.686
-0.0212747 -472.534
-0.0200517 -494.832
-0.0188421 -515.79
-0.0176442 -535.578
-0.0164566 -554.336
-0.0152782 -572.179
-0.014108 -589.204
-0.0129451 -605.494
-0.0117888 -621.119
-0.0106386 -636.139
-0.00949393 -650.607
-0.00835432 -664.568
-0.00721937 -678.063
-0.00608874 -691.126
-0.0049621 -703.79
-0.00383918 -716.082
-0.00271973 -728.027
-0.00160352 -739.648
-0.000490353 -750.965
0.00061996 -761.996
0.00172759 -772.759
0.00283267 -783.267
0.00393537 -793.537
0.00503579 -803.579
0.00613406 -813.406
0.00723028 -823.028
0.00832457 -832.457
0.009417 -841.7
0.0105077 -850.766
0.0115966 -859.664
0.012684 -868.4
0.0137698 -876.982
0.0148542 -885.416
0.0159371 -893.709
0.0170186 -901.865
0.0180989 -909.89
0.0191779 -917.789
0.0202557 -925.568
0.0213323 -933.229
0.0224078 -940.778
0.0234822 -948.218
0.0245555 -955.553
0.0256279 -962.787
0.0266992 -969.923
0.0277696 -976.964
0.0288391 -983.913
0.0299077 -990.773
0.0309755 -997.547
0.0320424 -1004.24
0.0331085 -1010.85
0.0341738 -1017.38
0.0352383 -1023.83
0.0363021 -1030.21
0.0373652 -1036.52
0.0384275 -1042.75
0.0394892 -1048.92
0.0405503 -1055.03
0.0416106 -1061.06
0.0426704 -1067.04
0.0437295 -1072.95
0.044788 -1078.8
0.0458459 -1084.59
0.0469033 -1090.33
0.0479601 -1096.01
0.0490164 -1101.64
0.0500721 -1107.21
0.0511273 -1112.73
0.052182 -1118.2
0.0532362 -1123.62
0.0542899 -1128.99
0.0553431 -1134.31
0.0563959 -1139.59
0.0574482 -1144.82
0.0585001 -1150.01
0.0595515 -1155.15
0.0606025 -1160.25
0.0616531 -1165.31
0.0599865 -1098.65
0.0583198 -1031.98
0.0566531 -965.313
0.0549865 -898.646
0.0533198 -831.98
0.0516531 -765.313
0.0499865 -698.646
0.0483198 -631.98
0.0466531 -565.313
0.0449865 -498.646
0.0433198 -431.98
0.0416531 -365.313
0.0399865 -298.646
0.0383198 -231.98
0.0366531 -165.313
0.0349865 -98.6463
0.0333198 -31.9796
0.0316531 34.687
0.0299953 100.462
0.0283837 161.628
0.0268395 216.046
0.0253622 263.78
0.0239423 305.769
0.0225695 343.054
0.0212347 376.525
0.0199311 406.888
0.0186531 434.687
0.0173965 460.345
0.0161581 484.192
0.0149351 506.491
0.0137255 527.449
0.0125276 547.237
0.0113401 565.995
0.0101616 583.837
0.00899137 600.863
0.00782847 617.153
0.00667222 632.778
0.00552202 647.798
0.00437734 662.266
0.00323773 676.227
0.00210279 689.721
0.000972151 702.785
-0.000154486 715.449
-0.0012774 727.74
-0.00239686 739.686
-0.00351306 751.306
-0.00462623 762.623
-0.00573655 773.655
-0.00684417 784.417
-0.00794926 794.926
