-0.000166651 -0.0001
-0.00033321 -0.0002
-0.000499586 -0.0003
-0.00066569 -0.0004
-0.000831437 -0.0005
-0.000996747 -0.0006
-0.00116155 -0.0007
-0.00132576 -0.0008
-0.00148934 -0.0009
-0.00165222 -0.001
-0.00181435 -0.0011
-0.00197569 -0.0012
-0.00213621 -0.0013
-0.00229588 -0.0014
-0.00245468 -0.0015
-0.00261259 -0.0016
-0.0027696 -0.0017
-0.0029257 -0.0018
-0.0030809 -0.0019
-0.00323518 -0.002
-0.00338857 -0.0021
-0.00354105 -0.0022
-0.00369265 -0.0023
-0.00384338 -0.0024
-0.00399325 -0.0025
-0.00414227 -0.0026
-0.00429046 -0.0027
-0.00443784 -0.0028
-0.00458442 -0.0029
-0.00473022 -0.003
-0.00487527 -0.0031
-0.00501957 -0.0032
-0.00516315 -0.0033
-0.00530602 -0.0034
-0.00544821 -0.0035
-0.00558972 -0.0036
-0.00573059 -0.0037
-0.00587082 -0.0038
-0.00601043 -0.0039
-0.00614944 -0.004
-0.00628787 -0.0041
-0.00642573 -0.0042
-0.00656303 -0.0043
-0.0066998 -0.0044
-0.00683604 -0.0045
-0.00697177 -0.0046
-0.00710701 -0.0047
-0.00724176 -0.0048
-0.00737604 -0.0049
-0.00750986 -0.005
-0.0073432 -0.0049
-0.00717653 -0.0048
-0.00700986 -0.0047
-0.0068432 -0.0046
-0.00667653 -0.0045
-0.00650986 -0.0044
-0.0063432 -0.0043
-0.00617653 -0.0042
-0.00600986 -0.0041
-0.0058432 -0.004
-0.00567653 -0.0039
-0.00550986 -0.0038
-0.0053432 -0.0037
-0.00517653 -0.0036
-0.00500986 -0.0035
-0.0048432 -0.0034
-0.00467653 -0.0033
-0.00450986 -0.0032
-0.0043432 -0.0031
-0.00417653 -0.003
-0.00400986 -0.0029
-0.0038432 -0.0028
-0.00367653 -0.0027
-0.00350986 -0.0026
-0.0033432 -0.0025
-0.00317653 -0.0024
-0.00300986 -0.0023
-0.0028432 -0.0022
-0.00267653 -0.0021
-0.00250986 -0.002
-0.0023432 -0.0019
-0.00217653 -0.0018
-0.00200986 -0.0017
-0.0018432 -0.0016
-0.00167653 -0.0015
-0.00150986 -0.0014
-0.0013432 -0.0013
-0.00117653 -0.0012
-0.00100988 -0.0011
-0.000843319 -0.001
-0.000676943 -0.0009
-0.000510839 -0.0008
-0.000345092 -0.0007
-0.000179782 -0.0006
-1.4983e-05 -0.0005
0.000149235 -0.0004
0.00031281 -0.0003
0.000475688 -0.0002
0.000637819 -0.0001
0.000799162 -2.43945e-19
0.000959684 0.0001
0.00111935 0.0002
0.00127815 0.0003
0.00143606 0.0004
0.00159307 0.0005
0.00174917 0.0006
0.00190437 0.0007
0.00205865 0.0008
0.00221204 0.0009
0.00236452 0.001
0.00251613 0.0011
0.00266685 0.0012
0.00281672 0.0013
0.00296574 0.0014
0.00311393 0.0015
0.00326131 0.0016
0.00340789 0.0017
0.00355369 0.0018
0.00369874 0.0019
0.00384304 0.002
0.00398662 0.0021
0.00412949 0.0022
0.00427168 0.0023
0.00441319 0.0024
0.00455406 0.0025
0.00469429 0.0026
0.0048339 0.0027
0.00497292 0.0028
0.00511134 0.0029
0.0052492 0.003
0.00538651 0.0031
0.00552327 0.0032
0.00565951 0.0033
0.00579524 0.0034
0.00593048 0.0035
0.00606523 0.0036
0.00619951 0.0037
0.00633333 0.0038
0.00646671 0.0039
0.00659965 0.004
0.00673217 0.0041
0.00686428 0.0042
0.00699598 0.0043
0.00712729 0.0044
0.00725822 0.0045
0.00738878 0.0046
0.00751897 0.0047
0.00764881 0.0048
0.00777831 0.0049
0.00790746 0.005
0.0077408 0.0049
0.00757413 0.0048
0.00740746 0.0047
0.0072408 0.0046
0.00707413 0.0045
0.00690746 0.0044
0.0067408 0.0043
0.00657413 0.0042
0.00640746 0.0041
0.0062408 0.004
0.00607413 0.0039
0.00590746 0.0038
0.0057408 0.0037
0.00557413 0.0036
0.00540746 0.0035
0.0052408 0.0034
0.00507413 0.0033
0.00490746 0.0032
0.0047408 0.0031
0.00457413 0.003
0.00440746 0.0029
0.0042408 0.0028
0.00407413 0.0027
0.00390746 0.0026
0.0037408 0.0025
0.00357413 0.0024
0.00340746 0.0023
0.0032408 0.0022
0.00307413 0.0021
0.00290746 0.002
0.0027408 0.0019
0.00257413 0.0018
0.00240746 0.0017
0.0022408 0.0016
0.00207413 0.0015
0.00190746 0.0014
0.0017408 0.0013
0.00157413 0.0012
0.00140746 0.0011
0.0012408 0.001
0.00107413 0.0009
0.000907463 0.0008
0.000740797 0.0007
0.00057413 0.0006
0.000407479 0.0005
0.00024092 0.0004
7.45441e-05 0.0003
-9.15598e-05 0.0002
-0.000257307 0.0001
-0.000422617 2.43945e-19
-0.000587416 -0.0001
-0.000751634 -0.0002
-0.000915209 -0.0003
-0.00107809 -0.0004
-0.00124022 -0.0005
-0.00140156 -0.0006
-0.00156208 -0.0007
-0.00172175 -0.0008
-0.00188055 -0.0009
-0.00203846 -0.001
-0.00219547 -0.0011
-0.00235157 -0.0012
-0.00250677 -0.0013
-0.00266105 -0.0014
-0.00281444 -0.0015
-0.00296692 -0.0016
-0.00311852 -0.0017
-0.00326925 -0.0018
-0.00341912 -0.0019
-0.00356814 -0.002
-0.00371633 -0.0021
-0.00386371 -0.0022
-0.00401029 -0.0023
-0.00415609 -0.0024
-0.00430114 -0.0025
-0.00444544 -0.0026
-0.00458902 -0.0027
-0.00473189 -0.0028
-0.00487408 -0.0029
-0.00501559 -0.003
-0.00515646 -0.0031
-0.00529669 -0.0032
-0.0054363 -0.0033
-0.00557531 -0.0034
-0.00571374 -0.0035
-0.0058516 -0.0036
-0.0059889 -0.0037
-0.00612567 -0.0038
-0.00626191 -0.0039
-0.00639764 -0.004
-0.00653288 -0.0041
-0.00666763 -0.0042
-0.00680191 -0.0043
-0.00693573 -0.0044
-0.00706911 -0.0045
-0.00720205 -0.0046
-0.00733457 -0.0047
-0.00746667 -0.0048
-0.00759838 -0.0049
-0.00772969 -0.005
-0.00786062 -0.0051
-0.00799118 -0.0052
-0.00812137 -0.0053
-0.00825121 -0.0054
-0.00838071 -0.0055
-0.00850986 -0.0056
-0.00863869 -0.0057
-0.00876719 -0.0058
-0.00889539 -0.0059
-0.00902327 -0.006
-0.00915086 -0.0061
-0.00927815 -0.0062
-0.00940515 -0.0063
-0.00953188 -0.0064
-0.00965833 -0.0065
-0.00978452 -0.0066
-0.00991044 -0.0067
-0.0100361 -0.0068
-0.0101615 -0.0069
-0.0102867 -0.007
-0.0104116 -0.0071
-0.0105363 -0.0072
-0.0106608 -0.0073
-0.010785 -0.0074
-0.010909 -0.0075
-0.0110328 -0.0076
-0.0111564 -0.0077
-0.0112798 -0.0078
-0.011403 -0.0079
-0.011526 -0.008
-0.0116487 -0.0081
-0.0117713 -0.0082
-0.0118937 -0.0083
-0.0120159 -0.0084
-0.012138 -0.0085
-0.0122598 -0.0086
-0.0123815 -0.0087
-0.012503 -0.0088
-0.0126243 -0.0089
-0.0127455 -0.009
-0.0128665 -0.0091
-0.0129873 -0.0092
-0.013108 -0.0093
-0.0132286 -0.0094
-0.0133489 -0.0095
-0.0134692 -0.0096
-0.0135892 -0.0097
-0.0137092 -0.0098
-0.013829 -0.0099
-0.0139486 -0.01
-0.0140681 -0.0101
-0.0141875 -0.0102
-0.0143068 -0.0103
-0.0144259 -0.0104
-0.0145449 -0.0105
-0.0146637 -0.0106
-0.0147824 -0.0107
-0.014901 -0.0108
-0.0150195 -0.0109
-0.0151379 -0.011
-0.0152561 -0.0111
-0.0153743 -0.0112
-0.0154923 -0.0113
-0.0156102 -0.0114
-0.015728 -0.0115
-0.0158457 -0.0116
-0.0159632 -0.0117
-0.0160807 -0.0118
-0.0161981 -0.0119
-0.0163153 -0.012
-0.0164325 -0.0121
-0.0165495 -0.0122
-0.0166665 -0.0123
-0.0167833 -0.0124
-0.0169001 -0.0125
-0.0170167 -0.0126
-0.0171333 -0.0127
-0.0172498 -0.0128
-0.0173662 -0.0129
-0.0174825 -0.013
-0.0175987 -0.0131
-0.0177148 -0.0132
-0.0178308 -0.0133
-0.0179467 -0.0134
-0.0180626 -0.0135
-0.0181784 -0.0136
-0.0182941 -0.0137
-0.0184097 -0.0138
-0.0185252 -0.0139
-0.0186406 -0.014
-0.018756 -0.0141
-0.0188713 -0.0142
-0.0189865 -0.0143
-0.0191016 -0.0144
-0.0192167 -0.0145
-0.0193317 -0.0146
-0.0194466 -0.0147
-0.0195614 -0.0148
-0.0196762 -0.0149
-0.0197909 -0.015
-0.0196242 -0.0149
-0.0194576 -0.0148
-0.0192909 -0.0147
-0.0191242 -0.0146
-0.0189576 -0.0145
-0.0187909 -0.0144
-0.0186242 -0.0143
-0.0184576 -0.0142
-0.0182909 -0.0141
-0.0181242 -0.014
-0.0179576 -0.0139
-0.0177909 -0.0138
-0.0176242 -0.0137
-0.0174576 -0.0136
-0.0172909 -0.0135
-0.0171242 -0.0134
-0.0169576 -0.0133
-0.0167909 -0.0132
-0.0166242 -0.0131
-0.0164576 -0.013
-0.0162909 -0.0129
-0.0161242 -0.0128
-0.0159576 -0.0127
-0.0157909 -0.0126
-0.0156242 -0.0125
-0.0154576 -0.0124
-0.0152909 -0.0123
-0.0151242 -0.0122
-0.0149576 -0.0121
-0.0147909 -0.012
-0.0146242 -0.0119
-0.0144576 -0.0118
-0.0142909 -0.0117
-0.0141242 -0.0116
-0.0139576 -0.0115
-0.0137909 -0.0114
-0.0136242 -0.0113
-0.0134576 -0.0112
-0.0132909 -0.0111
-0.0131242 -0.011
-0.0129576 -0.0109
-0.0127909 -0.0108
-0.0126242 -0.0107
-0.0124576 -0.0106
-0.0122909 -0.0105
-0.0121242 -0.0104
-0.0119576 -0.0103
-0.0117909 -0.0102
-0.0116242 -0.0101
-0.0114576 -0.01
-0.0112909 -0.0099
-0.0111242 -0.0098
-0.0109576 -0.0097
-0.0107909 -0.0096
-0.0106242 -0.0095
-0.0104576 -0.0094
-0.0102909 -0.0093
-0.0101242 -0.0092
-0.00995755 -0.0091
-0.00979089 -0.009
-0.00962422 -0.0089
-0.00945755 -0.0088
-0.00929089 -0.0087
-0.00912422 -0.0086
-0.00895755 -0.0085
-0.00879089 -0.0084
-0.00862422 -0.0083
-0.00845755 -0.0082
-0.00829089 -0.0081
-0.00812422 -0.008
-0.00795755 -0.0079
-0.00779089 -0.0078
-0.00762424 -0.0077
-0.00745768 -0.0076
-0.0072913 -0.0075
-0.0071252 -0.0074
-0.00695945 -0.0073
-0.00679414 -0.0072
-0.00662934 -0.0071
-0.00646512 -0.007
-0.00630155 -0.0069
-0.00613867 -0.0068
-0.00597654 -0.0067
-0.0058152 -0.0066
-0.00565468 -0.0065
-0.00549501 -0.0064
-0.00533621 -0.0063
-0.0051783 -0.0062
-0.00502129 -0.0061
-0.00486519 -0.006
-0.00470999 -0.0059
-0.00455571 -0.0058
-0.00440232 -0.0057
-0.00424984 -0.0056
-0.00409823 -0.0055
-0.00394751 -0.0054
-0.00379764 -0.0053
-0.00364862 -0.0052
-0.00350043 -0.0051
-0.00335305 -0.005
-0.00320647 -0.0049
-0.00306067 -0.0048
-0.00291562 -0.0047
-0.00277132 -0.0046
-0.00262774 -0.0045
-0.00248487 -0.0044
-0.00234268 -0.0043
-0.00220116 -0.0042
-0.0020603 -0.0041
-0.00192007 -0.004
-0.00178046 -0.0039
-0.00164144 -0.0038
-0.00150302 -0.0037
-0.00136516 -0.0036
-0.00122785 -0.0035
-0.00109109 -0.0034
-0.000954846 -0.0033
-0.000819115 -0.0032
-0.00068388 -0.0031
-0.000549129 -0.003
-0.000414849 -0.0029
-0.000281026 -0.0028
-0.00014765 -0.0027
-1.47083e-05 -0.0026
0.00011781 -0.0025
0.000249916 -0.0024
0.00038162 -0.0023
0.000512932 -0.0022
0.000643862 -0.0021
0.000774419 -0.002
0.000904613 -0.0019
0.00103445 -0.0018
0.00116395 -0.0017
0.0012931 -0.0016
0.00142193 -0.0015
0.00155044 -0.0014
0.00167863 -0.0013
0.00180651 -0.0012
0.0019341 -0.0011
0.00206139 -0.001
0.0021884 -0.0009
0.00231512 -0.0008
0.00244157 -0.0007
0.00256776 -0.0006
0.00269368 -0.0005
0.00281935 -0.0004
0.00294476 -0.0003
0.00306993 -0.0002
0.00319486 -0.0001
0.00331956 -2.43945e-19
0.00344402 0.0001
0.00356826 0.0002
0.00369228 0.0003
0.00381608 0.0004
0.00393967 0.0005
0.00406305 0.0006
0.00418623 0.0007
0.0043092 0.0008
0.00443198 0.0009
0.00455457 0.001
0.00467696 0.0011
0.00479918 0.0012
0.00492121 0.0013
0.00504306 0.0014
0.00516473 0.0015
0.00528623 0.0016
0.00540757 0.0017
0.00552874 0.0018
0.00564974 0.0019
0.00577058 0.002
0.00589127 0.0021
0.0060118 0.0022
0.00613218 0.0023
0.0062524 0.0024
0.00637248 0.0025
0.00649242 0.0026
0.00661221 0.0027
0.00673186 0.0028
0.00685138 0.0029
0.00697075 0.003
0.00709 0.0031
0.00720911 0.0032
0.00732809 0.0033
0.00744695 0.0034
0.00756568 0.0035
0.00768429 0.0036
0.00780277 0.0037
0.00792114 0.0038
0.00803938 0.0039
0.00815751 0.004
0.00827553 0.0041
0.00839343 0.0042
0.00851122 0.0043
0.0086289 0.0044
0.00874647 0.0045
0.00886394 0.0046
0.0089813 0.0047
0.00909855 0.0048
0.00921571 0.0049
0.00933276 0.005
0.00944971 0.0051
0.00956657 0.0052
0.00968333 0.0053
0.00979999 0.0054
0.00991656 0.0055
0.010033 0.0056
0.0101494 0.0057
0.0102657 0.0058
0.0103819 0.0059
0.010498 0.006
0.010614 0.0061
0.01073 0.0062
0.0108458 0.0063
0.0109616 0.0064
0.0110773 0.0065
0.0111929 0.0066
0.0113084 0.0067
0.0114239 0.0068
0.0115392 0.0069
0.0116545 0.007
0.0117697 0.0071
0.0118849 0.0072
0.0119999 0.0073
0.0121149 0.0074
0.0122298 0.0075
0.0123447 0.0076
0.0124594 0.0077
0.0125741 0.0078
0.0126888 0.0079
0.0128033 0.008
0.0129178 0.0081
0.0130322 0.0082
0.0131466 0.0083
0.0132608 0.0084
0.0133751 0.0085
0.0134892 0.0086
0.0136033 0.0087
0.0137173 0.0088
0.0138313 0.0089
0.0139452 0.009
0.014059 0.0091
0.0141728 0.0092
0.0142865 0.0093
0.0144002 0.0094
0.0145138 0.0095
0.0146273 0.0096
0.0147408 0.0097
0.0148542 0.0098
0.0149676 0.0099
0.0150809 0.01
0.0151942 0.0101
0.0153074 0.0102
0.0154205 0.0103
0.0155336 0.0104
0.0156466 0.0105
0.0157596 0.0106
0.0158725 0.0107
0.0159854 0.0108
0.0160982 0.0109
0.016211 0.011
0.0163238 0.0111
0.0164364 0.0112
0.0165491 0.0113
0.0166616 0.0114
0.0167742 0.0115
0.0168866 0.0116
0.0169991 0.0117
0.0171115 0.0118
0.0172238 0.0119
0.0173361 0.012
0.0174483 0.0121
0.0175605 0.0122
0.0176727 0.0123
0.0177848 0.0124
0.0178969 0.0125
0.0180089 0.0126
0.0181209 0.0127
0.0182328 0.0128
0.0183447 0.0129
0.0184565 0.013
0.0185683 0.0131
0.0186801 0.0132
0.0187918 0.0133
0.0189035 0.0134
0.0190152 0.0135
0.0191268 0.0136
0.0192383 0.0137
0.0193498 0.0138
0.0194613 0.0139
0.0195728 0.014
0.0196842 0.0141
0.0197955 0.0142
0.0199069 0.0143
0.0200181 0.0144
0.0201294 0.0145
0.0202406 0.0146
0.0203518 0.0147
0.0204629 0.0148
0.020574 0.0149
0.0206851 0.015
0.0205184 0.0149
0.0203518 0.0148
0.0201851 0.0147
0.0200184 0.0146
0.0198518 0.0145
0.0196851 0.0144
0.0195184 0.0143
0.0193518 0.0142
0.0191851 0.0141
0.0190184 0.014
0.0188518 0.0139
0.0186851 0.0138
0.0185184 0.0137
0.0183518 0.0136
0.0181851 0.0135
0.0180184 0.0134
0.0178518 0.0133
0.0176851 0.0132
0.0175184 0.0131
0.0173518 0.013
0.0171851 0.0129
0.0170184 0.0128
0.0168518 0.0127
0.0166851 0.0126
0.0165184 0.0125
0.0163518 0.0124
0.0161851 0.0123
0.0160184 0.0122
0.0158518 0.0121
0.0156851 0.012
0.0155184 0.0119
0.0153518 0.0118
0.0151851 0.0117
0.0150184 0.0116
0.0148518 0.0115
0.0146851 0.0114
0.0145184 0.0113
0.0143518 0.0112
0.0141851 0.0111
0.0140184 0.011
0.0138518 0.0109
0.0136851 0.0108
0.0135184 0.0107
0.0133518 0.0106
0.0131851 0.0105
0.0130184 0.0104
0.0128518 0.0103
0.0126851 0.0102
0.0125184 0.0101
0.0123518 0.01
0.0121851 0.0099
0.0120184 0.0098
0.0118518 0.0097
0.0116851 0.0096
0.0115184 0.0095
0.0113518 0.0094
0.0111851 0.0093
0.0110184 0.0092
0.0108518 0.0091
0.0106851 0.009
0.0105184 0.0089
0.0103518 0.0088
0.0101851 0.0087
0.0100184 0.0086
0.00985175 0.0085
0.00968509 0.0084
0.00951842 0.0083
0.00935175 0.0082
0.00918509 0.0081
0.00901842 0.008
0.00885175 0.0079
0.00868509 0.0078
0.00851842 0.0077
0.00835175 0.0076
0.00818509 0.0075
0.00801842 0.0074
0.00785175 0.0073
0.00768509 0.0072
0.00751842 0.0071
0.00735175 0.007
0.00718509 0.0069
0.00701842 0.0068
0.00685175 0.0067
0.00668509 0.0066
0.00651842 0.0065
0.00635175 0.0064
0.0061851 0.0063
0.00601854 0.0062
0.00585217 0.0061
0.00568606 0.006
0.00552032 0.0059
0.00535501 0.0058
0.00519021 0.0057
0.00502599 0.0056
0.00486242 0.0055
0.00469954 0.0054
0.00453741 0.0053
0.00437606 0.0052
0.00421554 0.0051
0.00405587 0.005
0.00389707 0.0049
0.00373916 0.0048
0.00358215 0.0047
0.00342605 0.0046
0.00327086 0.0045
0.00311657 0.0044
0.00296319 0.0043
0.0028107 0.0042
0.0026591 0.0041
0.00250837 0.004
0.00235851 0.0039
0.00220949 0.0038
0.00206129 0.0037
0.00191392 0.0036
0.00176734 0.0035
0.00162153 0.0034
0.00147649 0.0033
0.00133219 0.0032
0.00118861 0.0031
0.00104573 0.003
0.000903548 0.0029
0.000762031 0.0028
0.000621166 0.0027
0.000480936 0.0026
0.000341322 0.0025
0.00020231 0.0024
6.3883e-05 0.0023
-7.39754e-05 0.0022
-0.00021128 0.0021
-0.000348046 0.002
-0.000484287 0.0019
-0.000620019 0.0018
-0.000755253 0.0017
-0.000890005 0.0016
-0.00102429 0.0015
-0.00115811 0.0014
-0.00129148 0.0013
-0.00142443 0.0012
-0.00155694 0.0011
-0.00168905 0.001
-0.00182075 0.0009
-0.00195207 0.0008
-0.002083 0.0007
-0.00221355 0.0006
-0.00234375 0.0005
-0.00247359 0.0004
-0.00260308 0.0003
-0.00273224 0.0002
-0.00286106 0.0001
-0.00298957 2.30393e-19
-0.00311776 -0.0001
-0.00324565 -0.0002
-0.00337323 -0.0003
-0.00350052 -0.0004
-0.00362753 -0.0005
-0.00375426 -0.0006
-0.00388071 -0.0007
-0.00400689 -0.0008
-0.00413282 -0.0009
-0.00425848 -0.001
-0.0043839 -0.0011
-0.00450907 -0.0012
-0.004634 -0.0013
-0.00475869 -0.0014
-0.00488316 -0.0015
-0.0050074 -0.0016
-0.00513141 -0.0017
-0.00525521 -0.0018
-0.0053788 -0.0019
-0.00550218 -0.002
-0.00562536 -0.0021
-0.00574833 -0.0022
-0.00587111 -0.0023
-0.0059937 -0.0024
-0.0061161 -0.0025
-0.00623831 -0.0026
-0.00636034 -0.0027
-0.00648219 -0.0028
-0.00660387 -0.0029
-0.00672537 -0.003
-0.0068467 -0.0031
-0.00696787 -0.0032
-0.00708887 -0.0033
-0.00720972 -0.0034
-0.0073304 -0.0035
-0.00745093 -0.0036
-0.00757131 -0.0037
-0.00769154 -0.0038
-0.00781162 -0.0039
-0.00793155 -0.004
-0.00805134 -0.0041
-0.008171 -0.0042
-0.00829051 -0.0043
-0.00840989 -0.0044
-0.00852913 -0.0045
-0.00864825 -0.0046
-0.00876723 -0.0047
-0.00888608 -0.0048
-0.00900481 -0.0049
-0.00912342 -0.005
-0.0092419 -0.0051
-0.00936027 -0.0052
-0.00947852 -0.0053
-0.00959665 -0.0054
-0.00971466 -0.0055
-0.00983256 -0.0056
-0.00995035 -0.0057
-0.010068 -0.0058
-0.0101856 -0.0059
-0.0103031 -0.006
-0.0104204 -0.0061
-0.0105377 -0.0062
-0.0106548 -0.0063
-0.0107719 -0.0064
-0.0108888 -0.0065
-0.0110057 -0.0066
-0.0111225 -0.0067
-0.0112391 -0.0068
-0.0113557 -0.0069
-0.0114722 -0.007
-0.0115885 -0.0071
-0.0117048 -0.0072
-0.011821 -0.0073
-0.0119372 -0.0074
-0.0120532 -0.0075
-0.0121691 -0.0076
-0.012285 -0.0077
-0.0124007 -0.0078
-0.0125164 -0.0079
-0.012632 -0.008
-0.0127476 -0.0081
-0.012863 -0.0082
-0.0129784 -0.0083
-0.0130937 -0.0084
-0.0132089 -0.0085
-0.013324 -0.0086
-0.0134391 -0.0087
-0.0135541 -0.0088
-0.013669 -0.0089
-0.0137838 -0.009
-0.0138986 -0.0091
-0.0140133 -0.0092
-0.0141279 -0.0093
-0.0142424 -0.0094
-0.0143569 -0.0095
-0.0144713 -0.0096
-0.0145857 -0.0097
-0.0147 -0.0098
-0.0148142 -0.0099
-0.0149284 -0.01
-0.0150424 -0.0101
-0.0151565 -0.0102
-0.0152704 -0.0103
-0.0153843 -0.0104
-0.0154982 -0.0105
-0.0156119 -0.0106
-0.0157257 -0.0107
-0.0158393 -0.0108
-0.0159529 -0.0109
-0.0160665 -0.011
-0.0161799 -0.0111
-0.0162934 -0.0112
-0.0164067 -0.0113
-0.01652 -0.0114
-0.0166333 -0.0115
-0.0167465 -0.0116
-0.0168596 -0.0117
-0.0169727 -0.0118
-0.0170858 -0.0119
-0.0171987 -0.012
-0.0173117 -0.0121
-0.0174246 -0.0122
-0.0175374 -0.0123
-0.0176502 -0.0124
-0.0177629 -0.0125
-0.0178756 -0.0126
-0.0179882 -0.0127
-0.0181008 -0.0128
-0.0182133 -0.0129
-0.0183258 -0.013
-0.0184382 -0.0131
-0.0185506 -0.0132
-0.0186629 -0.0133
-0.0187752 -0.0134
-0.0188875 -0.0135
-0.0189997 -0.0136
-0.0191118 -0.0137
-0.0192239 -0.0138
-0.019336 -0.0139
-0.019448 -0.014
-0.01956 -0.0141
-0.0196719 -0.0142
-0.0197838 -0.0143
-0.0198957 -0.0144
-0.0200075 -0.0145
-0.0201192 -0.0146
-0.020231 -0.0147
-0.0203426 -0.0148
-0.0204543 -0.0149
-0.0205659 -0.015
-0.0206774 -0.0151
-0.020789 -0.0152
-0.0209004 -0.0153
-0.0210119 -0.0154
-0.0211233 -0.0155
-0.0212347 -0.0156
-0.021346 -0.0157
-0.0214573 -0.0158
-0.0215685 -0.0159
-0.0216797 -0.016
-0.0217909 -0.0161
-0.0219021 -0.0162
-0.0220132 -0.0163
-0.0221242 -0.0164
-0.0222353 -0.0165
-0.0223462 -0.0166
-0.0224572 -0.0167
-0.0225681 -0.0168
-0.022679 -0.0169
-0.0227899 -0.017
-0.0229007 -0.0171
-0.0230115 -0.0172
-0.0231222 -0.0173
-0.023233 -0.0174
-0.0233436 -0.0175
-0.0234543 -0.0176
-0.0235649 -0.0177
-0.0236755 -0.0178
-0.0237861 -0.0179
-0.0238966 -0.018
-0.0240071 -0.0181
-0.0241175 -0.0182
-0.024228 -0.0183
-0.0243384 -0.0184
-0.0244487 -0.0185
-0.0245591 -0.0186
-0.0246694 -0.0187
-0.0247797 -0.0188
-0.0248899 -0.0189
-0.0250001 -0.019
-0.0251103 -0.0191
-0.0252205 -0.0192
-0.0253306 -0.0193
-0.0254407 -0.0194
-0.0255508 -0.0195
-0.0256608 -0.0196
-0.0257708 -0.0197
-0.0258808 -0.0198
-0.0259908 -0.0199
-0.0261007 -0.02
-0.0262106 -0.0201
-0.0263205 -0.0202
-0.0264303 -0.0203
-0.0265401 -0.0204
-0.0266499 -0.0205
-0.0267597 -0.0206
-0.0268694 -0.0207
-0.0269791 -0.0208
-0.0270888 -0.0209
-0.0271985 -0.021
-0.0273081 -0.0211
-0.0274177 -0.0212
-0.0275273 -0.0213
-0.0276369 -0.0214
-0.0277464 -0.0215
-0.0278559 -0.0216
-0.0279654 -0.0217
-0.0280748 -0.0218
-0.0281843 -0.0219
-0.0282937 -0.022
-0.0284031 -0.0221
-0.0285124 -0.0222
-0.0286218 -0.0223
-0.0287311 -0.0224
-0.0288404 -0.0225
-0.0289496 -0.0226
-0.0290589 -0.0227
-0.0291681 -0.0228
-0.0292773 -0.0229
-0.0293865 -0.023
-0.0294956 -0.0231
-0.0296047 -0.0232
-0.0297139 -0.0233
-0.0298229 -0.0234
-0.029932 -0.0235
-0.030041 -0.0236
-0.03015 -0.0237
-0.030259 -0.0238
-0.030368 -0.0239
-0.030477 -0.024
-0.0305859 -0.0241
-0.0306948 -0.0242
-0.0308037 -0.0243
-0.0309125 -0.0244
-0.0310214 -0.0245
-0.0311302 -0.0246
-0.031239 -0.0247
-0.0313478 -0.0248
-0.0314566 -0.0249
-0.0315653 -0.025
-0.0313986 -0.0249
-0.031232 -0.0248
-0.0310653 -0.0247
-0.0308986 -0.0246
-0.030732 -0.0245
-0.0305653 -0.0244
-0.0303986 -0.0243
-0.030232 -0.0242
-0.0300653 -0.0241
-0.0298986 -0.024
-0.029732 -0.0239
-0.0295653 -0.0238
-0.0293986 -0.0237
-0.029232 -0.0236
-0.0290653 -0.0235
-0.0288986 -0.0234
-0.028732 -0.0233
-0.0285653 -0.0232
-0.0283986 -0.0231
-0.028232 -0.023
-0.0280653 -0.0229
-0.0278986 -0.0228
-0.027732 -0.0227
-0.0275653 -0.0226
-0.0273986 -0.0225
-0.027232 -0.0224
-0.0270653 -0.0223
-0.0268986 -0.0222
-0.026732 -0.0221
-0.0265653 -0.022
-0.0263986 -0.0219
-0.026232 -0.0218
-0.0260653 -0.0217
-0.0258986 -0.0216
-0.025732 -0.0215
-0.0255653 -0.0214
-0.0253986 -0.0213
-0.025232 -0.0212
-0.0250653 -0.0211
-0.0248986 -0.021
-0.024732 -0.0209
-0.0245653 -0.0208
-0.0243986 -0.0207
-0.024232 -0.0206
-0.0240653 -0.0205
-0.0238986 -0.0204
-0.023732 -0.0203
-0.0235653 -0.0202
-0.0233986 -0.0201
-0.023232 -0.02
-0.0230653 -0.0199
-0.0228986 -0.0198
-0.022732 -0.0197
-0.0225653 -0.0196
-0.0223986 -0.0195
-0.022232 -0.0194
-0.0220653 -0.0193
-0.0218986 -0.0192
-0.021732 -0.0191
-0.0215653 -0.019
-0.0213986 -0.0189
-0.021232 -0.0188
-0.0210653 -0.0187
-0.0208986 -0.0186
-0.020732 -0.0185
-0.0205653 -0.0184
-0.0203986 -0.0183
-0.020232 -0.0182
-0.0200653 -0.0181
-0.0198986 -0.018
-0.019732 -0.0179
-0.0195653 -0.0178
-0.0193986 -0.0177
-0.019232 -0.0176
-0.0190653 -0.0175
-0.0188986 -0.0174
-0.018732 -0.0173
-0.0185653 -0.0172
-0.0183986 -0.0171
-0.018232 -0.017
-0.0180653 -0.0169
-0.0178986 -0.0168
-0.017732 -0.0167
-0.0175653 -0.0166
-0.0173986 -0.0165
-0.017232 -0.0164
-0.0170653 -0.0163
-0.0168986 -0.0162
-0.016732 -0.0161
-0.0165653 -0.016
-0.0163986 -0.0159
-0.016232 -0.0158
-0.0160653 -0.0157
-0.0158986 -0.0156
-0.015732 -0.0155
-0.0155653 -0.0154
-0.0153986 -0.0153
-0.015232 -0.0152
-0.0150653 -0.0151
-0.0148987 -0.015
-0.0147321 -0.0149
-0.0145657 -0.0148
-0.0143996 -0.0147
-0.0142339 -0.0146
-0.0140686 -0.0145
-0.0139038 -0.0144
-0.0137395 -0.0143
-0.013576 -0.0142
-0.0134131 -0.0141
-0.013251 -0.014
-0.0130896 -0.0139
-0.0129291 -0.0138
-0.0127694 -0.0137
-0.0126106 -0.0136
-0.0124527 -0.0135
-0.0122957 -0.0134
-0.0121396 -0.0133
-0.0119844 -0.0132
-0.0118301 -0.0131
-0.0116767 -0.013
-0.0115242 -0.0129
-0.0113726 -0.0128
-0.0112219 -0.0127
-0.0110721 -0.0126
-0.010923 -0.0125
-0.0107748 -0.0124
-0.0106275 -0.0123
-0.0104809 -0.0122
-0.0103351 -0.0121
-0.01019 -0.012
-0.0100457 -0.0119
-0.00990215 -0.0118
-0.00975928 -0.0117
-0.00961709 -0.0116
-0.00947558 -0.0115
-0.00933471 -0.0114
-0.00919448 -0.0113
-0.00905487 -0.0112
-0.00891586 -0.0111
-0.00877743 -0.011
-0.00863957 -0.0109
-0.00850227 -0.0108
-0.0083655 -0.0107
-0.00822926 -0.0106
-0.00809353 -0.0105
-0.00795829 -0.0104
-0.00782354 -0.0103
-0.00768926 -0.0102
-0.00755544 -0.0101
-0.00742206 -0.01
-0.00728912 -0.0099
-0.0071566 -0.0098
-0.0070245 -0.0097
-0.00689279 -0.0096
-0.00676148 -0.0095
-0.00663055 -0.0094
-0.00649999 -0.0093
-0.0063698 -0.0092
-0.00623996 -0.0091
-0.00611047 -0.009
-0.00598131 -0.0089
-0.00585248 -0.0088
-0.00572398 -0.0087
-0.00559578 -0.0086
-0.0054679 -0.0085
-0.00534032 -0.0084
-0.00521302 -0.0083
-0.00508602 -0.0082
-0.00495929 -0.0081
-0.00483284 -0.008
-0.00470665 -0.0079
-0.00458073 -0.0078
-0.00445507 -0.0077
-0.00432965 -0.0076
-0.00420448 -0.0075
-0.00407955 -0.0074
-0.00395485 -0.0073
-0.00383039 -0.0072
-0.00370615 -0.0071
-0.00358213 -0.007
-0.00345833 -0.0069
-0.00333474 -0.0068
-0.00321136 -0.0067
-0.00308819 -0.0066
-0.00296521 -0.0065
-0.00284243 -0.0064
-0.00271985 -0.0063
-0.00259745 -0.0062
-0.00247524 -0.0061
-0.00235321 -0.006
-0.00223136 -0.0059
-0.00210968 -0.0058
-0.00198818 -0.0057
-0.00186684 -0.0056
-0.00174568 -0.0055
-0.00162467 -0.0054
-0.00150383 -0.0053
-0.00138315 -0.0052
-0.00126262 -0.0051
-0.00114224 -0.005
-0.00102201 -0.0049
-0.00090193 -0.0048
-0.000781995 -0.0047
-0.000662203 -0.0046
-0.000542551 -0.0045
-0.000423037 -0.0044
-0.000303659 -0.0043
-0.000184414 -0.0042
-6.53014e-05 -0.0041
5.36817e-05 -0.004
0.000172537 -0.0039
0.000291267 -0.0038
0.000409874 -0.0037
0.000528358 -0.0036
0.000646722 -0.0035
0.000764969 -0.0034
0.000883098 -0.0033
0.00100111 -0.0032
0.00111902 -0.0031
0.00123681 -0.003
0.00135449 -0.0029
0.00147206 -0.0028
0.00158952 -0.0027
0.00170688 -0.0026
0.00182414 -0.0025
0.00194129 -0.0024
0.00205835 -0.0023
0.0021753 -0.0022
0.00229215 -0.0021
0.00240891 -0.002
0.00252557 -0.0019
0.00264214 -0.0018
0.00275862 -0.0017
0.002875 -0.0016
0.00299129 -0.0015
0.00310749 -0.0014
0.00322361 -0.0013
0.00333964 -0.0012
0.00345558 -0.0011
0.00357143 -0.001
0.0036872 -0.0009
0.00380289 -0.0008
0.0039185 -0.0007
0.00403402 -0.0006
0.00414947 -0.0005
0.00426483 -0.0004
0.00438012 -0.0003
0.00449533 -0.0002
0.00461046 -0.0001
0.00472552 -2.43945e-19
0.00484051 0.0001
0.00495542 0.0002
0.00507026 0.0003
0.00518502 0.0004
0.00529972 0.0005
0.00541434 0.0006
0.0055289 0.0007
0.00564338 0.0008
0.0057578 0.0009
0.00587215 0.001
0.00598643 0.0011
0.00610065 0.0012
0.00621481 0.0013
0.00632889 0.0014
0.00644292 0.0015
0.00655688 0.0016
0.00667078 0.0017
0.00678462 0.0018
0.0068984 0.0019
0.00701211 0.002
0.00712577 0.0021
0.00723937 0.0022
0.0073529 0.0023
0.00746639 0.0024
0.00757981 0.0025
0.00769318 0.0026
0.00780649 0.0027
0.00791974 0.0028
0.00803294 0.0029
0.00814608 0.003
0.00825917 0.0031
0.00837221 0.0032
0.0084852 0.0033
0.00859813 0.0034
0.00871101 0.0035
0.00882383 0.0036
0.00893661 0.0037
0.00904934 0.0038
0.00916201 0.0039
0.00927464 0.004
0.00938722 0.0041
0.00949975 0.0042
0.00961223 0.0043
0.00972466 0.0044
0.00983705 0.0045
0.00994938 0.0046
0.0100617 0.0047
0.0101739 0.0048
0.0102861 0.0049
0.0103983 0.005
0.0105104 0.0051
0.0106225 0.0052
0.0107345 0.0053
0.0108465 0.0054
0.0109584 0.0055
0.0110703 0.0056
0.0111821 0.0057
0.0112939 0.0058
0.0114057 0.0059
0.0115174 0.006
0.0116291 0.0061
0.0117407 0.0062
0.0118523 0.0063
0.0119639 0.0064
0.0120754 0.0065
0.0121869 0.0066
0.0122983 0.0067
0.0124097 0.0068
0.0125211 0.0069
0.0126324 0.007
0.0127437 0.0071
0.012855 0.0072
0.0129662 0.0073
0.0130774 0.0074
0.0131885 0.0075
0.0132996 0.0076
0.0134107 0.0077
0.0135217 0.0078
0.0136327 0.0079
0.0137437 0.008
0.0138546 0.0081
0.0139655 0.0082
0.0140763 0.0083
0.0141872 0.0084
0.0142979 0.0085
0.0144087 0.0086
0.0145194 0.0087
0.0146301 0.0088
0.0147408 0.0089
0.0148514 0.009
0.014962 0.0091
0.0150725 0.0092
0.015183 0.0093
0.0152935 0.0094
0.015404 0.0095
0.0155144 0.0096
0.0156248 0.0097
0.0157352 0.0098
0.0158455 0.0099
0.0159558 0.01
0.0160661 0.0101
0.0161764 0.0102
0.0162866 0.0103
0.0163968 0.0104
0.0165069 0.0105
0.016617 0.0106
0.0167271 0.0107
0.0168372 0.0108
0.0169473 0.0109
0.0170573 0.011
0.0171673 0.0111
0.0172772 0.0112
0.0173871 0.0113
0.017497 0.0114
0.0176069 0.0115
0.0177168 0.0116
0.0178266 0.0117
0.0179364 0.0118
0.0180461 0.0119
0.0181559 0.012
0.0182656 0.0121
0.0183753 0.0122
0.0184849 0.0123
0.0185946 0.0124
0.0187042 0.0125
0.0188138 0.0126
0.0189233 0.0127
0.0190329 0.0128
0.0191424 0.0129
0.0192518 0.013
0.0193613 0.0131
0.0194707 0.0132
0.0195801 0.0133
0.0196895 0.0134
0.0197989 0.0135
0.0199082 0.0136
0.0200175 0.0137
0.0201268 0.0138
0.0202361 0.0139
0.0203453 0.014
0.0204546 0.0141
0.0205638 0.0142
0.0206729 0.0143
0.0207821 0.0144
0.0208912 0.0145
0.0210003 0.0146
0.0211094 0.0147
0.0212184 0.0148
0.0213275 0.0149
0.0214365 0.015
0.0215455 0.0151
0.0216545 0.0152
0.0217634 0.0153
0.0218723 0.0154
0.0219813 0.0155
0.0220901 0.0156
0.022199 0.0157
0.0223078 0.0158
0.0224167 0.0159
0.0225255 0.016
0.0226343 0.0161
0.022743 0.0162
0.0228518 0.0163
0.0229605 0.0164
0.0230692 0.0165
0.0231779 0.0166
0.0232865 0.0167
0.0233952 0.0168
0.0235038 0.0169
0.0236124 0.017
0.023721 0.0171
0.0238295 0.0172
0.0239381 0.0173
0.0240466 0.0174
0.0241551 0.0175
0.0242636 0.0176
0.024372 0.0177
0.0244805 0.0178
0.0245889 0.0179
0.0246973 0.018
0.0248057 0.0181
0.0249141 0.0182
0.0250224 0.0183
0.0251308 0.0184
0.0252391 0.0185
0.0253474 0.0186
0.0254557 0.0187
0.0255639 0.0188
0.0256722 0.0189
0.0257804 0.019
0.0258886 0.0191
0.0259968 0.0192
0.026105 0.0193
0.0262132 0.0194
0.0263213 0.0195
0.0264294 0.0196
0.0265375 0.0197
0.0266456 0.0198
0.0267537 0.0199
0.0268618 0.02
0.0269698 0.0201
0.0270778 0.0202
0.0271858 0.0203
0.0272938 0.0204
0.0274018 0.0205
0.0275098 0.0206
0.0276177 0.0207
0.0277256 0.0208
0.0278335 0.0209
0.0279414 0.021
0.0280493 0.0211
0.0281572 0.0212
0.028265 0.0213
0.0283728 0.0214
0.0284807 0.0215
0.0285885 0.0216
0.0286962 0.0217
0.028804 0.0218
0.0289118 0.0219
0.0290195 0.022
0.0291272 0.0221
0.0292349 0.0222
0.0293426 0.0223
0.0294503 0.0224
0.029558 0.0225
0.0296656 0.0226
0.0297733 0.0227
0.0298809 0.0228
0.0299885 0.0229
0.0300961 0.023
0.0302037 0.0231
0.0303112 0.0232
0.0304188 0.0233
0.0305263 0.0234
0.0306338 0.0235
0.0307413 0.0236
0.0308488 0.0237
0.0309563 0.0238
0.0310637 0.0239
0.0311712 0.024
0.0312786 0.0241
0.0313861 0.0242
0.0314935 0.0243
0.0316009 0.0244
0.0317082 0.0245
0.0318156 0.0246
0.031923 0.0247
0.0320303 0.0248
0.0321376 0.0249
0.0322449 0.025
0.0305783 0.024
0.0289116 0.023
0.0272449 0.022
0.0255783 0.021
0.0239116 0.02
0.0222449 0.019
0.0205783 0.018
0.0189116 0.017
0.0172449 0.016
0.0155783 0.015
0.0139116 0.014
0.0122594 0.013
0.0106764 0.012
0.00918138 0.011
0.00776216 0.01
0.00640175 0.009
0.00508627 0.008
0.0038056 0.007
0.00255246 0.006
0.00132154 0.005
0.000108922 0.004
-0.00108839 0.003
-0.00227271 0.002
-0.00344585 0.001
-0.00460927 -1.11022e-16
-0.00576416 -0.001
-0.00691149 -0.002
-0.00805209 -0.003
-0.00918663 -0.004
-0.0103157 -0.005
-0.0114398 -0.006
-0.0125594 -0.007
-0.0136748 -0.008
-0.0147864 -0.009
-0.0158944 -0.01
-0.0169992 -0.011
-0.0181009 -0.012
-0.0191998 -0.013
-0.0202961 -0.014
-0.0213898 -0.015
-0.0224812 -0.016
-0.0235704 -0.017
-0.0246575 -0.018
-0.0257426 -0.019
-0.0268259 -0.02
-0.0279074 -0.021
-0.0289872 -0.022
-0.0300655 -0.023
-0.0311422 -0.024
-0.0322174 -0.025
-0.0332913 -0.026
-0.0343639 -0.027
-0.0354352 -0.028
-0.0365052 -0.029
-0.0375741 -0.03
-0.0386419 -0.031
-0.0397086 -0.032
-0.0407743 -0.033
-0.041839 -0.034
-0.0429027 -0.035
-0.041236 -0.034
-0.0395694 -0.033
-0.0379027 -0.032
-0.036236 -0.031
-0.0345694 -0.03
-0.0329027 -0.029
-0.031236 -0.028
-0.0295694 -0.027
-0.0279027 -0.026
-0.026236 -0.025
-0.0245694 -0.024
-0.0229027 -0.023
-0.0212505 -0.022
-0.0196675 -0.021
-0.0181725 -0.02
-0.0167532 -0.019
-0.0153928 -0.018
-0.0140773 -0.017
-0.0127967 -0.016
-0.0115435 -0.015
-0.0103126 -0.014
-0.0091 -0.013
-0.00790268 -0.012
-0.00671837 -0.011
-0.00554523 -0.01
-0.00438181 -0.009
-0.00322692 -0.008
-0.00207958 -0.007
-0.000938987 -0.006
0.000195556 -0.005
0.00132463 -0.004
0.00244874 -0.003
0.00356831 -0.002
0.00468373 -0.001
0.00579532 -1.11022e-16
0.00690337 0.001
0.00800815 0.002
0.00910987 0.003
0.0102088 0.004
0.011305 0.005
0.0123987 0.006
0.0134901 0.007
0.0145793 0.008
0.0156664 0.009
0.0167515 0.01
0.0178348 0.011
0.0189163 0.012
0.0199961 0.013
0.0210744 0.014
0.0221511 0.015
0.0232264 0.016
0.0243002 0.017
0.0253728 0.018
0.0264441 0.019
0.0275142 0.02
0.0285831 0.021
0.0296508 0.022
0.0307175 0.023
0.0317832 0.024
0.0328479 0.025
0.0339116 0.026
0.0349744 0.027
0.0360363 0.028
0.0370973 0.029
0.0381575 0.03
0.0392169 0.031
0.0402755 0.032
0.0413333 0.033
0.0423905 0.034
0.0434469 0.035
0.0417802 0.034
0.0401135 0.033
0.0384469 0.032
0.0367802 0.031
0.0351135 0.03
0.0334469 0.029
0.0317802 0.028
0.0301135 0.027
0.0284469 0.026
0.0267802 0.025
0.0251135 0.024
0.0234469 0.023
0.0217802 0.022
0.020128 0.021
0.018545 0.02
0.01705 0.019
0.0156308 0.018
0.0142703 0.017
0.0129549 0.016
0.0116742 0.015
0.010421 0.014
0.00919013 0.013
0.00797751 0.012
0.0067802 0.011
0.00559588 0.01
0.00442274 0.009
0.00325932 0.008
0.00210443 0.007
0.000957097 0.006
-0.000183499 0.005
-0.00131804 0.004
-0.00244712 0.003
-0.00357123 0.002
-0.0046908 0.001
-0.00580621 -1.11022e-16
-0.0069178 -0.001
-0.00802586 -0.002
-0.00913063 -0.003
-0.0102324 -0.004
-0.0113312 -0.005
-0.0124275 -0.006
-0.0135212 -0.007
-0.0146126 -0.008
-0.0157018 -0.009
-0.0167889 -0.01
-0.017874 -0.011
-0.0189573 -0.012
-0.0200388 -0.013
-0.0211186 -0.014
-0.0221969 -0.015
-0.0232736 -0.016
-0.0243489 -0.017
-0.0254227 -0.018
-0.0264953 -0.019
-0.0275666 -0.02
-0.0286366 -0.021
-0.0297055 -0.022
-0.0307733 -0.023
-0.03184 -0.024
-0.0329057 -0.025
-0.0339704 -0.026
-0.0350341 -0.027
-0.0360969 -0.028
-0.0371588 -0.029
-0.0382198 -0.03
-0.03928 -0.031
-0.0403394 -0.032
-0.041398 -0.033
-0.0424558 -0.034
-0.0435129 -0.035
-0.0445694 -0.036
-0.0456251 -0.037
-0.0466801 -0.038
-0.0477345 -0.039
-0.0487883 -0.04
-0.0498414 -0.041
-0.050894 -0.042
-0.0519459 -0.043
-0.0529974 -0.044
-0.0540482 -0.045
-0.0523815 -0.044
-0.0507149 -0.043
-0.0490482 -0.042
-0.0473815 -0.041
-0.0457149 -0.04
-0.0440482 -0.039
-0.0423815 -0.038
-0.0407149 -0.037
-0.0390482 -0.036
-0.0373815 -0.035
-0.0357149 -0.034
-0.0340482 -0.033
-0.0323815 -0.032
-0.0307149 -0.031
-0.0290627 -0.03
-0.0274797 -0.029
-0.0259847 -0.028
-0.0245654 -0.027
-0.023205 -0.026
-0.0218895 -0.025
-0.0206089 -0.024
-0.0193557 -0.023
-0.0181248 -0.022
-0.0169122 -0.021
-0.0157149 -0.02
-0.0145306 -0.019
-0.0133574 -0.018
-0.012194 -0.017
-0.0110391 -0.016
-0.00989178 -0.015
-0.00875118 -0.014
-0.00761664 -0.013
-0.00648757 -0.012
-0.00536346 -0.011
-0.00424388 -0.01
-0.00312847 -0.009
-0.00201688 -0.008
-0.000908827 -0.007
0.000195948 -0.006
0.00129767 -0.005
0.00239656 -0.004
0.00349278 -0.003
0.00458651 -0.002
0.0056779 -0.001
0.00676709 -1.11022e-16
0.00785419 0.001
0.00893933 0.002
0.0100226 0.003
0.0111041 0.004
0.012184 0.005
0.0132622 0.006
0.0143389 0.007
0.0154142 0.008
0.016488 0.009
0.0175606 0.01
0.0186319 0.011
0.019702 0.012
0.0207709 0.013
0.0218386 0.014
0.0229054 0.015
0.023971 0.016
0.0250357 0.017
0.0260994 0.018
0.0271622 0.019
0.0282241 0.02
0.0292851 0.021
0.0303453 0.022
0.0314047 0.023
0.0324633 0.024
0.0335211 0.025
0.0345783 0.026
0.0356347 0.027
0.0366904 0.028
0.0377454 0.029
0.0387998 0.03
0.0398536 0.031
0.0409067 0.032
0.0419593 0.033
0.0430113 0.034
0.0440627 0.035
0.0451135 0.036
0.0461639 0.037
0.0472137 0.038
0.0482629 0.039
0.0493117 0.04
0.0503601 0.041
0.0514079 0.042
0.0524553 0.043
0.0535022 0.044
0.0545487 0.045
0.052882 0.044
0.0512153 0.043
0.0495487 0.042
0.047882 0.041
0.0462153 0.04
0.0445487 0.039
0.042882 0.038
0.0412153 0.037
0.0395487 0.036
0.037882 0.035
0.0362153 0.034
0.0345487 0.033
0.032882 0.032
0.0312153 0.031
0.0295487 0.03
0.0278965 0.029
0.0263135 0.028
0.0248185 0.027
0.0233992 0.026
0.0220388 0.025
0.0207233 0.024
0.0194427 0.023
0.0181895 0.022
0.0169586 0.021
0.015746 0.02
0.0145487 0.019
0.0133644 0.018
0.0121912 0.017
0.0110278 0.016
0.00987291 0.015
0.00872558 0.014
0.00758498 0.013
0.00645044 0.012
0.00532136 0.011
0.00419726 0.01
0.00307768 0.009
0.00196227 0.008
0.000850678 0.007
-0.000257375 0.006
-0.00136215 0.005
-0.00246388 0.004
-0.00356276 0.003
-0.00465898 0.002
-0.00575272 0.001
-0.00684411 -1.11022e-16
-0.00793329 -0.001
-0.0090204 -0.002
-0.0101055 -0.003
-0.0111888 -0.004
-0.0122703 -0.005
-0.0133502 -0.006
-0.0144284 -0.007
-0.0155051 -0.008
-0.0165804 -0.009
-0.0176542 -0.01
-0.0187268 -0.011
-0.0197981 -0.012
-0.0208682 -0.013
-0.0219371 -0.014
-0.0230048 -0.015
-0.0240716 -0.016
-0.0251372 -0.017
-0.0262019 -0.018
-0.0272656 -0.019
-0.0283284 -0.02
-0.0293903 -0.021
-0.0304513 -0.022
-0.0315115 -0.023
-0.0325709 -0.024
-0.0336295 -0.025
-0.0346874 -0.026
-0.0357445 -0.027
-0.0368009 -0.028
-0.0378566 -0.029
-0.0389116 -0.03
-0.039966 -0.031
-0.0410198 -0.032
-0.0420729 -0.033
-0.0431255 -0.034
-0.0441775 -0.035
-0.0452289 -0.036
-0.0462797 -0.037
-0.0473301 -0.038
-0.0483799 -0.039
-0.0494291 -0.04
-0.0504779 -0.041
-0.0515263 -0.042
-0.0525741 -0.043
-0.0536215 -0.044
-0.0546684 -0.045
-0.0557149 -0.046
-0.0567609 -0.047
-0.0578066 -0.048
-0.0588518 -0.049
-0.0598966 -0.05
-0.060941 -0.051
-0.0619851 -0.052
-0.0630288 -0.053
-0.0640721 -0.054
-0.065115 -0.055
-0.0634483 -0.054
-0.0617817 -0.053
-0.060115 -0.052
-0.0584483 -0.051
-0.0567817 -0.05
-0.055115 -0.049
-0.0534483 -0.048
-0.0517817 -0.047
-0.050115 -0.046
-0.0484483 -0.045
-0.0467817 -0.044
-0.045115 -0.043
-0.0434483 -0.042
-0.0417817 -0.041
-0.040115 -0.04
-0.0384483 -0.039
-0.0367961 -0.038
-0.0352131 -0.037
-0.0337181 -0.036
-0.0322989 -0.035
-0.0309385 -0.034
-0.029623 -0.033
-0.0283423 -0.032
-0.0270892 -0.031
-0.0258583 -0.03
-0.0246456 -0.029
-0.0234483 -0.028
-0.022264 -0.027
-0.0210909 -0.026
-0.0199274 -0.025
-0.0187726 -0.024
-0.0176252 -0.023
-0.0164846 -0.022
-0.0153501 -0.021
-0.014221 -0.02
-0.0130969 -0.019
-0.0119773 -0.018
-0.0108619 -0.017
-0.00975032 -0.016
-0.00864227 -0.015
-0.0075375 -0.014
-0.00643577 -0.013
-0.00533689 -0.012
-0.00424066 -0.011
-0.00314693 -0.01
-0.00205554 -0.009
-0.000966355 -0.008
0.00012075 -0.007
0.00120589 -0.006
0.00228916 -0.005
0.00337067 -0.004
0.00445051 -0.003
0.00552874 -0.002
0.00660546 -0.001
0.00768072 -1.11022e-16
0.0087546 0.001
0.00982716 0.002
0.0108984 0.003
0.0119685 0.004
0.0130374 0.005
0.0141052 0.006
0.0151719 0.007
0.0162376 0.008
0.0173023 0.009
0.018366 0.01
0.0194288 0.011
0.0204906 0.012
0.0215517 0.013
0.0226119 0.014
0.0236713 0.015
0.0247299 0.016
0.0257877 0.017
0.0268448 0.018
0.0279012 0.019
0.0289569 0.02
0.030012 0.021
0.0310664 0.022
0.0321201 0.023
0.0331733 0.024
0.0342258 0.025
0.0352778 0.026
0.0363292 0.027
0.0373801 0.028
0.0384304 0.029
0.0394802 0.03
0.0405295 0.031
0.0415783 0.032
0.0426266 0.033
0.0436744 0.034
0.0447218 0.035
0.0457688 0.036
0.0468152 0.037
0.0478613 0.038
0.0489069 0.039
0.0499522 0.04
0.050997 0.041
0.0520414 0.042
0.0530854 0.043
0.0541291 0.044
0.0551724 0.045
0.0562153 0.046
0.0572579 0.047
0.0583002 0.048
0.0593421 0.049
0.0603836 0.05
0.058717 0.049
0.0570503 0.048
0.0553836 0.047
0.053717 0.046
0.0520503 0.045
0.0503836 0.044
0.048717 0.043
0.0470503 0.042
0.0453836 0.041
0.043717 0.04
0.0420503 0.039
0.0403836 0.038
0.038717 0.037
0.0370503 0.036
0.0353836 0.035
0.033717 0.034
0.0320647 0.033
0.0304818 0.032
0.0289867 0.031
0.0275675 0.03
0.0262071 0.029
0.0248916 0.028
0.0236109 0.027
0.0223578 0.026
0.0211269 0.025
0.0199143 0.024
0.018717 0.023
0.0175326 0.022
0.0163595 0.021
0.0151961 0.02
0.0140412 0.019
0.0128939 0.018
0.0117533 0.017
0.0106187 0.016
0.00948964 0.015
0.00836553 0.014
0.00724596 0.013
0.00613054 0.012
0.00501895 0.011
0.0039109 0.01
0.00280612 0.009
0.0017044 0.008
0.000605515 0.007
-0.00049071 0.006
-0.00158444 0.005
-0.00267583 0.004
-0.00376502 0.003
-0.00485212 0.002
-0.00593726 0.001
-0.00702054 -1.11022e-16
