-0.000166667 6.66667
-0.000333333 13.3333
-0.0005 20
-0.000666667 26.6667
-0.000833333 33.3333
-0.001 40
-0.00116667 46.6667
-0.00133333 53.3333
-0.0015 60
-0.00166667 66.6667
-0.00183333 73.3333
-0.002 80
-0.00216667 86.6667
-0.00233333 93.3333
-0.0025 100
-0.00266667 106.667
-0.00283333 113.333
-0.003 120
-0.00316667 126.667
-0.00333333 133.333
-0.0035 140
-0.00366667 146.667
-0.00383333 153.333
-0.004 160
-0.00416667 166.667
-0.00433333 173.333
-0.0045 180
-0.00466667 186.667
-0.00483333 193.333
-0.005 200
-0.00516666 206.666
-0.00533333 213.333
-0.00549999 219.999
-0.00566666 226.666
-0.00583332 233.332
-0.00599997 239.997
-0.00616663 246.663
-0.00633327 253.327
-0.00649991 259.991
-0.00666653 266.653
-0.00683313 273.313
-0.0069997 279.97
-0.00716624 286.624
-0.00733271 293.271
-0.00749911 299.911
-0.0076654 306.54
-0.00783154 313.154
-0.00799748 319.748
-0.00816316 326.316
-0.00832848 332.848
-0.00816181 326.181
-0.00799514 319.514
-0.00782848 312.848
-0.00766181 306.181
-0.00749514 299.514
-0.00732848 292.848
-0.00716181 286.181
-0.00699514 279.514
-0.00682848 272.848
-0.00666181 266.181
-0.00649514 259.514
-0.00632848 252.848
-0.00616181 246.181
-0.00599514 239.514
-0.00582848 232.848
-0.00566181 226.181
-0.00549514 219.514
-0.00532848 212.848
-0.00516181 206.181
-0.00499514 199.514
-0.00482848 192.848
-0.00466181 186.181
-0.00449514 179.514
-0.00432848 172.848
-0.00416181 166.181
-0.00399514 159.514
-0.00382848 152.848
-0.00366181 146.181
-0.00349514 139.514
-0.00332848 132.848
-0.00316181 126.181
-0.00299514 119.514
-0.00282848 112.848
-0.00266181 106.181
-0.00249514 99.5142
-0.00232848 92.8475
-0.00216181 86.1809
-0.00199514 79.5142
-0.00182848 72.8475
-0.00166181 66.1809
-0.00149514 59.5142
-0.00132848 52.8475
-0.00116181 46.1809
-0.000995142 39.5142
-0.000828475 32.8475
-0.000661809 26.1809
-0.000495142 19.5142
-0.000328476 12.8476
-0.000161809 6.18093
4.85715e-06 -0.485715
0.000171523 -7.15235
0.00033819 -13.819
0.000504856 -20.4856
0.000671522 -27.1522
0.000838187 -33.8187
0.00100485 -40.4853
0.00117152 -47.1518
0.00133818 -53.8182
0.00150485 -60.4846
0.00167151 -67.151
0.00183817 -73.8172
0.00200483 -80.4833
0.00217149 -87.1493
0.00233815 -93.8151
0.00250481 -100.481
0.00267146 -107.146
0.00283811 -113.811
0.00300476 -120.476
0.0031714 -127.14
0.00333803 -133.803
0.00350466 -140.466
0.00367128 -147.128
0.00383789 -153.789
0.00400449 -160.449
0.00417107 -167.107
0.00433763 -173.763
0.00450418 -180.418
0.00467069 -187.069
0.00483718 -193.718
0.00500363 -200.363
0.00517004 -207.004
0.00533641 -213.641
0.00550271 -220.271
0.00566894 -226.894
0.0058351 -233.51
0.00600116 -240.116
0.00616711 -246.711
0.00633293 -253.293
0.00649859 -259.859
0.00666409 -266.409
0.00682937 -272.937
0.00699442 -279.442
0.00715919 -285.919
0.00732364 -292.364
0.00748771 -298.771
0.00765134 -305.134
0.00781446 -311.446
0.007977 -317.7
0.00813885 -323.885
0.0082999 -329.99
0.00813323 -323.323
0.00796657 -316.657
0.0077999 -309.99
0.00763323 -303.323
0.00746657 -296.657
0.0072999 -289.99
0.00713323 -283.323
0.00696657 -276.657
0.0067999 -269.99
0.00663323 -263.323
0.00646657 -256.657
0.0062999 -249.99
0.00613323 -243.323
0.00596657 -236.657
0.0057999 -229.99
0.00563323 -223.323
0.00546657 -216.657
0.0052999 -209.99
0.00513323 -203.323
0.00496657 -196.657
0.0047999 -189.99
0.00463323 -183.323
0.00446657 -176.657
0.0042999 -169.99
0.00413323 -163.323
0.00396657 -156.657
0.0037999 -149.99
0.00363323 -143.323
0.00346657 -136.657
0.0032999 -129.99
0.00313323 -123.323
0.00296657 -116.657
0.0027999 -109.99
0.00263323 -103.323
0.00246657 -96.6566
0.0022999 -89.9899
0.00213323 -83.3232
0.00196657 -76.6566
0.0017999 -69.9899
0.00163323 -63.3232
0.00146657 -56.6566
0.0012999 -49.9899
0.00113323 -43.3232
0.000966566 -36.6566
0.000799899 -29.9899
0.000633233 -23.3233
0.000466566 -16.6566
0.0002999 -9.98998
0.000133233 -3.32334
-3.3433e-05 3.3433
-0.000200099 10.0099
-0.000366765 16.6765
-0.000533431 23.3431
-0.000700097 30.0097
-0.000866762 36.6762
-0.00103343 43.3427
-0.00120009 50.0091
-0.00136676 56.6755
-0.00153342 63.3418
-0.00170008 70.0081
-0.00186674 76.6741
-0.0020334 83.3401
-0.00220006 90.0059
-0.00236671 96.6714
-0.00253337 103.337
-0.00270002 110.002
-0.00286666 116.666
-0.0030333 123.33
-0.00319994 129.994
-0.00336656 136.656
-0.00353318 143.318
-0.00369979 149.979
-0.00386639 156.639
-0.00403297 163.297
-0.00419953 169.953
-0.00436607 176.607
-0.00453259 183.259
-0.00469908 189.908
-0.00486553 196.553
-0.00503195 203.195
-0.00519831 209.831
-0.00536461 216.461
-0.00553085 223.085
-0.00569701 229.701
-0.00586308 236.308
-0.00602905 242.905
-0.00619488 249.488
-0.00636057 256.057
-0.00652609 262.609
-0.00669142 269.142
-0.00685651 275.651
-0.00702134 282.134
-0.00718586 288.586
-0.00735003 295.003
-0.00751378 301.378
-0.00767705 307.705
-0.00783976 313.976
-0.00800183 320.183
-0.00816316 326.316
-0.00832362 332.362
-0.00848308 338.308
-0.00864138 344.138
-0.00879834 349.834
-0.00895374 355.374
-0.00910735 360.735
-0.00925889 365.889
-0.00940806 370.805
-0.00955451 375.451
-0.00969791 379.79
-0.00983789 383.789
-0.00997414 387.413
-0.0101064 390.639
-0.0102345 393.45
-0.0103585 395.845
-0.0104784 397.84
-0.0105947 399.467
-0.0107077 400.766
-0.0108179 401.788
-0.0109258 402.581
-0.0110319 403.192
-0.0111366 403.66
-0.0112402 404.018
-0.0113429 404.294
-0.0114451 404.506
-0.0115467 404.671
-0.011648 404.801
-0.011749 404.905
-0.0118499 404.988
-0.0119506 405.057
-0.0120511 405.114
-0.0121516 405.163
-0.012252 405.205
-0.0123524 405.242
-0.0124528 405.276
-0.0125531 405.306
-0.0126533 405.334
-0.0127536 405.361
-0.0128539 405.386
-0.0129541 405.41
-0.0130543 405.433
-0.0131546 405.456
-0.0132548 405.478
-0.013355 405.499
-0.0134552 405.521
-0.0135554 405.542
-0.0136556 405.563
-0.0137558 405.583
-0.013856 405.604
-0.0139562 405.624
-0.0140564 405.645
-0.0141566 405.665
-0.0142569 405.685
-0.0143571 405.705
-0.0144573 405.726
-0.0145575 405.746
-0.0146577 405.766
-0.0147579 405.786
-0.0148581 405.806
-0.0149583 405.826
-0.0150585 405.846
-0.0151587 405.866
-0.0152589 405.886
-0.0153591 405.906
-0.0154593 405.926
-0.0155595 405.946
-0.0156597 405.966
-0.0157599 405.986
-0.0158601 406.006
-0.0159603 406.026
-0.0160605 406.046
-0.0161607 406.066
-0.0162609 406.086
-0.0163611 406.106
-0.0164613 406.126
-0.0165615 406.146
-0.0166617 406.166
-0.0167619 406.186
-0.0168621 406.206
-0.0169623 406.226
-0.0170625 406.245
-0.0171627 406.265
-0.0172629 406.285
-0.0173631 406.305
-0.0174633 406.325
-0.0175635 406.345
-0.0176637 406.365
-0.0177639 406.385
-0.0178641 406.405
-0.0179643 406.425
-0.0180645 406.445
-0.0181647 406.465
-0.0182649 406.485
-0.018365 406.505
-0.0184652 406.525
-0.0185654 406.545
-0.0186656 406.565
-0.0187658 406.585
-0.018866 406.605
-0.0189662 406.625
-0.0190664 406.645
-0.0188998 399.979
-0.0187332 393.316
-0.0185666 386.657
-0.0184 380.003
-0.0182336 373.356
-0.0180672 366.717
-0.0179009 360.085
-0.0177346 353.462
-0.0175685 346.85
-0.0174025 340.247
-0.0172366 333.656
-0.0170708 327.076
-0.0169051 320.509
-0.0167395 313.955
-0.0165741 307.414
-0.0164089 300.888
-0.0162438 294.377
-0.0160788 287.881
-0.015914 281.401
-0.0157494 274.937
-0.0155849 268.491
-0.0154206 262.062
-0.0152565 255.652
-0.0150926 249.26
-0.0149289 242.887
-0.0147653 236.535
-0.014602 230.202
-0.0144389 223.891
-0.014276 217.601
-0.0141133 211.333
-0.0139509 205.088
-0.0137887 198.865
-0.0136267 192.666
-0.0134649 186.491
-0.0133034 180.341
-0.0131422 174.216
-0.0129812 168.116
-0.0128204 162.042
-0.01266 155.995
-0.0124998 149.975
-0.0123398 143.983
-0.0121802 138.019
-0.0120208 132.083
-0.0118618 126.177
-0.011703 120.3
-0.0115445 114.453
-0.0113864 108.637
-0.0112285 102.852
-0.011071 97.0991
-0.0109138 91.3778
-0.0107569 85.6891
-0.0106003 80.0335
-0.0104441 74.4114
-0.0102882 68.8233
-0.0101327 63.2696
-0.00997751 57.7509
-0.00982268 52.2676
-0.0096682 46.8201
-0.00951409 41.4089
-0.00936034 36.0344
-0.00920697 30.697
-0.00905397 25.3973
-0.00890136 20.1356
-0.00874912 14.9123
-0.00859728 9.72777
-0.00844583 4.58251
-0.00829477 -0.523129
-0.00814411 -5.58877
-0.00799386 -10.614
-0.00784401 -15.5986
-0.00769458 -20.542
-0.00754556 -25.4441
-0.00739696 -30.3043
-0.00724877 -35.1225
-0.00710102 -39.8984
-0.00695368 -44.6315
-0.00680678 -49.3217
-0.00666031 -53.9686
-0.00651428 -58.5721
-0.00636868 -63.1318
-0.00622352 -67.6476
-0.00607881 -72.1192
-0.00593454 -76.5464
-0.00579071 -80.929
-0.00564733 -85.2669
-0.0055044 -89.56
-0.00536192 -93.8079
-0.00521989 -98.0108
-0.00507832 -102.168
-0.0049372 -106.28
-0.00479653 -110.347
-0.00465632 -114.368
-0.00451656 -118.344
-0.00437726 -122.274
-0.00423841 -126.159
-0.00410002 -129.998
-0.00396209 -133.791
-0.00382461 -137.539
-0.00368759 -141.241
-0.00355102 -144.898
-0.0034149 -148.51
-0.00327923 -152.077
-0.00314402 -155.598
-0.00300926 -159.074
-0.00287494 -162.506
-0.00274107 -165.893
-0.00260764 -169.236
-0.00247466 -172.534
-0.00234212 -175.788
-0.00221001 -178.999
-0.00207834 -182.166
-0.00194711 -185.289
-0.0018163 -188.37
-0.00168593 -191.407
-0.00155598 -194.402
-0.00142645 -197.355
-0.00129734 -200.266
-0.00116864 -203.136
-0.00104036 -205.964
-0.000912484 -208.752
-0.000785016 -211.498
-0.000657949 -214.205
-0.00053128 -216.872
-0.000405005 -219.499
-0.000279121 -222.088
-0.000153623 -224.638
-2.85077e-05 -227.149
9.62295e-05 -229.623
0.000220592 -232.059
0.000344586 -234.459
0.000468213 -236.821
0.000591478 -239.148
0.000714387 -241.439
0.000836943 -243.694
0.00095915 -245.915
0.00108101 -248.101
0.00120254 -250.254
0.00132372 -252.372
0.00144458 -254.458
0.00156511 -256.511
0.00168532 -258.532
0.00180521 -260.521
0.00192479 -262.479
0.00204406 -264.406
0.00216303 -266.303
0.00228169 -268.169
0.00240006 -270.006
0.00251814 -271.814
0.00263594 -273.594
0.00275345 -275.345
0.00287068 -277.068
0.00298764 -278.764
0.00310434 -280.434
0.00322076 -282.076
0.00333693 -283.693
0.00345284 -285.284
0.00356849 -286.849
0.0036839 -288.39
0.00379907 -289.907
0.00391399 -291.399
0.00402868 -292.868
0.00414313 -294.313
0.00425736 -295.736
0.00437136 -297.136
0.00448514 -298.514
0.00459871 -299.871
0.00471206 -301.206
0.0048252 -302.52
0.00493814 -303.814
0.00505087 -305.087
0.0051634 -306.34
0.00527574 -307.574
0.00538789 -308.789
0.00549985 -309.985
0.00561162 -311.162
0.00572321 -312.321
0.00583462 -313.462
0.00594586 -314.586
0.00605692 -315.692
0.00616781 -316.781
0.00627854 -317.854
0.0063891 -318.91
0.0064995 -319.95
0.00660975 -320.975
0.00671984 -321.984
0.00682977 -322.977
0.00693956 -323.956
0.0070492 -324.92
0.0071587 -325.87
0.00726805 -326.805
0.00737727 -327.727
0.00748635 -328.635
0.00759529 -329.529
0.0077041 -330.41
0.00781279 -331.279
0.00792134 -332.134
0.00802977 -332.977
0.00813808 -333.808
0.00824627 -334.627
0.00835434 -335.434
0.00846229 -336.229
0.00857013 -337.013
0.00867786 -337.786
0.00878548 -338.548
0.00889299 -339.299
0.00900039 -340.039
0.00910769 -340.769
0.00921488 -341.488
0.00932198 -342.198
0.00942898 -342.898
0.00953587 -343.587
0.00964268 -344.268
0.00974939 -344.939
0.00985601 -345.601
0.00996253 -346.253
0.010069 -346.897
0.0101753 -347.532
0.0102816 -348.159
0.0103878 -348.777
0.0104939 -349.387
0.0105999 -349.988
0.0107058 -350.582
0.0108117 -351.168
0.0109175 -351.746
0.0110232 -352.316
0.0111288 -352.879
0.0112343 -353.435
0.0113398 -353.983
0.0114452 -354.525
0.0115506 -355.059
0.0116559 -355.586
0.0117611 -356.107
0.0118662 -356.621
0.0119713 -357.129
0.0120763 -357.63
0.0121813 -358.125
0.0122861 -358.614
0.012391 -359.096
0.0124957 -359.573
0.0126004 -360.044
0.0127051 -360.509
0.0128097 -360.968
0.0129142 -361.422
0.0130187 -361.87
0.0131231 -362.313
0.0132275 -362.75
0.0133318 -363.182
0.0134361 -363.609
0.0135403 -364.031
0.0136445 -364.448
0.0137486 -364.86
0.0138527 -365.267
0.0139567 -365.669
0.0140607 -366.067
0.0141646 -366.46
0.0142685 -366.849
0.0143723 -367.233
0.0144761 -367.612
0.0145799 -367.988
0.0146836 -368.359
0.0147873 -368.726
0.0148909 -369.089
0.0149945 -369.447
0.015098 -369.802
0.0152015 -370.153
0.015305 -370.5
0.0154084 -370.843
0.0155118 -371.182
0.0156152 -371.518
0.0157185 -371.85
0.0158218 -372.178
0.015925 -372.503
0.0160282 -372.824
0.0161314 -373.142
0.0162346 -373.457
0.0163377 -373.768
0.0164408 -374.076
0.0165438 -374.381
0.0166468 -374.682
0.0167498 -374.981
0.0168528 -375.276
0.0169557 -375.568
0.0170586 -375.858
0.0171614 -376.144
0.0172643 -376.427
0.0173671 -376.708
0.0174699 -376.985
0.0175726 -377.26
0.0176753 -377.532
0.017778 -377.802
0.0178807 -378.069
0.0179833 -378.333
0.0180859 -378.594
0.0181885 -378.853
0.0182911 -379.11
0.0183936 -379.364
0.0184962 -379.615
0.0185986 -379.864
0.0187011 -380.111
0.0188036 -380.355
0.0186369 -373.691
0.0184703 -367.035
0.0183039 -360.389
0.0181376 -353.755
0.0179714 -347.135
0.0178053 -340.529
0.0176394 -333.939
0.0174736 -327.365
0.0173081 -320.808
0.0171427 -314.27
0.0169775 -307.75
0.0168125 -301.25
0.0166477 -294.77
0.0164831 -288.311
0.0163187 -281.873
0.0161546 -275.458
0.0159907 -269.065
0.015827 -262.696
0.0156635 -256.351
0.0155003 -250.03
0.0153373 -243.734
0.0151746 -237.464
0.0150122 -231.221
0.01485 -225.003
0.0146881 -218.813
0.0145265 -212.651
0.0143652 -206.517
0.0142041 -200.412
0.0140434 -194.336
0.0138829 -188.289
0.0137227 -182.273
0.0135629 -176.288
0.0134033 -170.334
0.0132441 -164.411
0.0130852 -158.52
0.0129266 -152.662
0.0127684 -146.837
0.0126104 -141.045
0.0124529 -135.287
0.0122956 -129.563
0.0121387 -123.874
0.0119822 -118.22
0.011826 -112.601
0.0116702 -107.019
0.0115147 -101.472
0.0113596 -95.9628
0.0112049 -90.4901
0.0110505 -85.0548
0.0108966 -79.6573
0.010743 -74.298
0.0105898 -68.977
0.0104369 -63.6949
0.0102845 -58.4519
0.0101325 -53.2484
0.00998085 -48.0845
0.00982961 -42.9608
0.00967877 -37.8773
0.00952834 -32.8344
0.00937832 -27.8324
0.00922872 -22.8716
0.00907952 -17.9521
0.00893074 -13.0741
0.00878238 -8.23802
0.00863444 -3.44393
0.00848692 1.30795
0.00833983 6.01742
0.00819316 10.6843
0.00804691 15.3085
0.0079011 19.8898
0.00775572 24.4281
0.00761077 28.9233
0.00746625 33.3752
0.00732216 37.7838
0.00717851 42.149
0.00703529 46.4707
0.00689251 50.7489
0.00675016 54.9835
0.00660825 59.1746
0.00646678 63.322
0.00632574 67.4259
0.00618514 71.4861
0.00604497 75.5028
0.00590524 79.476
0.00576594 83.4057
0.00562708 87.292
0.00548865 91.1351
0.00535065 94.9349
0.00521308 98.6916
0.00507595 102.405
0.00493924 106.076
0.00480296 109.704
0.0046671 113.29
0.00453167 116.833
0.00439666 120.334
0.00426207 123.793
0.0041279 127.21
0.00399414 130.586
0.0038608 133.92
0.00372786 137.214
0.00359534 140.466
0.00346322 143.678
0.00333151 146.849
0.0032002 149.98
0.00306928 153.072
0.00293876 156.124
0.00280864 159.136
0.0026789 162.11
0.00254955 165.045
0.00242058 167.942
0.00229199 170.801
0.00216377 173.623
0.00203593 176.407
0.00190846 179.154
0.00178135 181.865
0.00165461 184.539
0.00152823 187.177
0.00140219 189.781
0.00127652 192.348
0.00115118 194.882
0.0010262 197.38
0.00090155 199.845
0.00077724 202.276
0.000653262 204.674
0.000529612 207.039
0.000406288 209.371
0.000283285 211.672
0.000160599 213.94
3.82261e-05 216.177
-8.3837e-05 218.384
-0.000205594 220.559
-0.00032705 222.705
-0.000448207 224.821
-0.000569071 226.907
-0.000689644 228.964
-0.00080993 230.993
-0.000929934 232.993
-0.00104966 234.966
-0.00116911 236.911
-0.00128829 238.829
-0.0014072 240.72
-0.00152585 242.585
-0.00164423 244.423
-0.00176237 246.237
-0.00188024 248.024
-0.00199787 249.787
-0.00211526 251.526
-0.0022324 253.24
-0.0023493 254.93
-0.00246597 256.597
-0.0025824 258.24
-0.00269861 259.861
-0.0028146 261.46
-0.00293036 263.036
-0.0030459 264.59
-0.00316123 266.123
-0.00327635 267.635
-0.00339126 269.126
-0.00350597 270.597
-0.00362047 272.047
-0.00373477 273.477
-0.00384888 274.888
-0.0039628 276.28
-0.00407652 277.652
-0.00419006 279.006
-0.00430342 280.342
-0.00441659 281.659
-0.00452959 282.959
-0.00464241 284.241
-0.00475506 285.506
-0.00486754 286.754
-0.00497985 287.985
-0.005092 289.2
-0.00520398 290.398
-0.00531581 291.581
-0.00542747 292.747
-0.00553899 293.899
-0.00565035 295.035
-0.00576156 296.156
-0.00587263 297.263
-0.00598355 298.355
-0.00609433 299.433
-0.00620497 300.497
-0.00631547 301.547
-0.00642583 302.583
-0.00653606 303.606
-0.00664616 304.616
-0.00675613 305.613
-0.00686597 306.597
-0.00697569 307.569
-0.00708528 308.528
-0.00719475 309.475
-0.0073041 310.41
-0.00741334 311.334
-0.00752246 312.246
-0.00763146 313.146
-0.00774035 314.035
-0.00784914 314.914
-0.00795781 315.781
-0.00806638 316.638
-0.00817484 317.484
-0.0082832 318.32
-0.00839145 319.145
-0.00849961 319.961
-0.00860766 320.766
-0.00871562 321.562
-0.00882348 322.348
-0.00893125 323.125
-0.00903893 323.893
-0.00914652 324.652
-0.00925401 325.401
-0.00936142 326.142
-0.00946874 326.874
-0.00957597 327.597
-0.00968312 328.312
-0.00979018 329.018
-0.00989717 329.717
-0.0100041 330.407
-0.0101109 331.089
-0.0102176 331.764
-0.0103243 332.43
-0.0104309 333.09
-0.0105374 333.741
-0.0106439 334.386
-0.0107502 335.023
-0.0108565 335.653
-0.0109628 336.275
-0.0110689 336.891
-0.011175 337.501
-0.011281 338.103
-0.011387 338.699
-0.0114929 339.288
-0.0115987 339.871
-0.0117045 340.447
-0.0118102 341.017
-0.0119158 341.581
-0.0120214 342.139
-0.0121269 342.691
-0.0122324 343.237
-0.0123378 343.778
-0.0124431 344.312
-0.0125484 344.841
-0.0126536 345.365
-0.0127588 345.883
-0.012864 346.395
-0.012969 346.902
-0.013074 347.404
-0.013179 347.901
-0.0132839 348.393
-0.0133888 348.879
-0.0134936 349.361
-0.0135984 349.838
-0.0137031 350.31
-0.0138078 350.777
-0.0139124 351.239
-0.014017 351.697
-0.0141215 352.151
-0.014226 352.6
-0.0143304 353.044
-0.0144348 353.484
-0.0145392 353.92
-0.0146435 354.351
-0.0147478 354.779
-0.014852 355.202
-0.0149562 355.621
-0.0150604 356.036
-0.0151645 356.447
-0.0152685 356.854
-0.0153726 357.258
-0.0154766 357.657
-0.0155805 358.053
-0.0156844 358.445
-0.0157883 358.833
-0.0158922 359.218
-0.015996 359.599
-0.0160998 359.977
-0.0162035 360.351
-0.0163072 360.722
-0.0164109 361.089
-0.0165145 361.453
-0.0166181 361.814
-0.0167217 362.172
-0.0168253 362.526
-0.0169288 362.877
-0.0170323 363.225
-0.0171357 363.57
-0.0172391 363.912
-0.0173425 364.251
-0.0174459 364.587
-0.0175492 364.919
-0.0176525 365.25
-0.0177558 365.577
-0.017859 365.901
-0.0179622 366.223
-0.0180654 366.541
-0.0181686 366.857
-0.0182717 367.171
-0.0183748 367.482
-0.0184779 367.79
-0.018581 368.095
-0.018684 368.398
-0.018787 368.699
-0.01889 368.996
-0.0189929 369.292
-0.0190958 369.585
-0.0191988 369.876
-0.0193016 370.164
-0.0194045 370.45
-0.0195073 370.733
-0.0196101 371.014
-0.0197129 371.293
-0.0198157 371.57
-0.0199184 371.845
-0.0200212 372.117
-0.0201239 372.387
-0.0202266 372.655
-0.0203292 372.921
-0.0204319 373.185
-0.0205345 373.447
-0.0206371 373.707
-0.0207396 373.964
-0.0208422 374.22
-0.0209447 374.474
-0.0210473 374.726
-0.0211498 374.976
-0.0212522 375.224
-0.0213547 375.47
-0.0214571 375.714
-0.0215596 375.956
-0.021662 376.197
-0.0217644 376.436
-0.0218667 376.673
-0.0219691 376.908
-0.0220714 377.142
-0.0221737 377.373
-0.022276 377.604
-0.0223783 377.832
-0.0224806 378.059
-0.0225828 378.284
-0.0226851 378.507
-0.0227873 378.729
-0.0228895 378.949
-0.0229917 379.168
-0.0230939 379.385
-0.023196 379.601
-0.0232982 379.815
-0.0234003 380.028
-0.0235024 380.239
-0.0236045 380.448
-0.0237066 380.656
-0.0238086 380.863
-0.0239107 381.068
-0.0240127 381.272
-0.0241147 381.475
-0.0242168 381.676
-0.0243188 381.876
-0.0244207 382.074
-0.0245227 382.271
-0.0246247 382.467
-0.0247266 382.661
-0.0248285 382.854
-0.0249305 383.046
-0.0250324 383.236
-0.0251343 383.426
-0.0252361 383.614
-0.025338 383.801
-0.0254399 383.986
-0.0255417 384.17
-0.0256435 384.354
-0.0257454 384.536
-0.0258472 384.716
-0.025949 384.896
-0.0260507 385.074
-0.0261525 385.252
-0.0262543 385.428
-0.026356 385.603
-0.0264578 385.777
-0.0265595 385.95
-0.0266612 386.122
-0.0267629 386.293
-0.0268646 386.462
-0.0269663 386.631
-0.027068 386.798
-0.0271696 386.965
-0.0272713 387.13
-0.027373 387.295
-0.0274746 387.459
-0.0275762 387.621
-0.0276778 387.783
-0.0277794 387.943
-0.027881 388.103
-0.0279826 388.261
-0.0280842 388.419
-0.0281858 388.576
-0.0282873 388.732
-0.0283889 388.887
-0.0284904 389.041
-0.0285919 389.194
-0.0286935 389.346
-0.028795 389.497
-0.0288965 389.648
-0.0287299 382.985
-0.0285633 376.333
-0.028397 369.695
-0.0282307 363.072
-0.0280647 356.466
-0.0278988 349.878
-0.0277331 343.308
-0.0275676 336.758
-0.0274023 330.228
-0.0272372 323.719
-0.0270723 317.232
-0.0269077 310.768
-0.0267433 304.327
-0.0265791 297.909
-0.0264152 291.516
-0.0262515 285.148
-0.026088 278.805
-0.0259249 272.488
-0.025762 266.198
-0.0255994 259.935
-0.025437 253.7
-0.0252749 247.492
-0.0251131 241.313
-0.0249516 235.164
-0.0247904 229.043
-0.0246295 222.953
-0.0244689 216.893
-0.0243086 210.864
-0.0241487 204.866
-0.023989 198.901
-0.0238297 192.967
-0.0236707 187.065
-0.023512 181.197
-0.0233536 175.362
-0.0231956 169.561
-0.0230379 163.794
-0.0228806 158.062
-0.0227236 152.364
-0.022567 146.702
-0.0224108 141.075
-0.0222548 135.485
-0.0220993 129.931
-0.0219441 124.413
-0.0217893 118.932
-0.0216349 113.489
-0.0214808 108.083
-0.0213272 102.715
-0.0211739 97.3859
-0.0210209 92.0948
-0.0208684 86.8424
-0.0207163 81.6291
-0.0205646 76.4551
-0.0204132 71.3205
-0.0202623 66.2258
-0.0201117 61.1711
-0.0199616 56.1565
-0.0198118 51.1824
-0.0196625 46.2489
-0.0195136 41.3561
-0.019365 36.5043
-0.0192169 31.6937
-0.0190692 26.9243
-0.018922 22.1964
-0.0187751 17.5099
-0.0186287 12.8652
-0.0184826 8.26217
-0.018337 3.70103
-0.0181918 -0.818179
-0.018047 -5.29538
-0.0179027 -9.73051
-0.0177588 -14.1235
-0.0176153 -18.4744
-0.0174722 -22.7831
-0.0173295 -27.0497
-0.0171873 -31.274
-0.0170454 -35.4562
-0.016904 -39.5963
-0.0167631 -43.6943
-0.0166225 -47.7502
-0.0164824 -51.7641
-0.0163426 -55.7361
-0.0162033 -59.6663
-0.0160645 -63.5548
-0.015926 -67.4016
-0.0157879 -71.2069
-0.0156503 -74.9709
-0.0155131 -78.6936
-0.0153762 -82.3752
-0.0152398 -86.0158
-0.0151038 -89.6157
-0.0149682 -93.175
-0.0148331 -96.6939
-0.0146983 -100.173
-0.0145639 -103.611
-0.0144299 -107.01
-0.0142963 -110.37
-0.0141631 -113.69
-0.0140303 -116.971
-0.0138979 -120.213
-0.0137658 -123.417
-0.0136342 -126.582
-0.0135029 -129.709
-0.013372 -132.799
-0.0132415 -135.851
-0.0131113 -138.866
-0.0129816 -141.844
-0.0128521 -144.785
-0.0127231 -147.69
-0.0125944 -150.56
-0.0124661 -153.393
-0.0123381 -156.191
-0.0122105 -158.955
-0.0120832 -161.683
-0.0119562 -164.377
-0.0118296 -167.037
-0.0117034 -169.664
-0.0115774 -172.257
-0.0114518 -174.817
-0.0113266 -177.345
-0.0112016 -179.84
-0.011077 -182.304
-0.0109526 -184.735
-0.0108286 -187.136
-0.0107049 -189.505
-0.0105816 -191.844
-0.0104585 -194.153
-0.0103357 -196.432
-0.0102132 -198.682
-0.010091 -200.902
-0.00996906 -203.094
-0.00984743 -205.257
-0.00972608 -207.392
-0.00960501 -209.499
-0.00948421 -211.579
-0.00936368 -213.632
-0.00924342 -215.658
-0.00912342 -217.658
-0.00900368 -219.632
-0.0088842 -221.58
-0.00876497 -223.503
-0.00864599 -225.401
-0.00852726 -227.274
-0.00840877 -229.123
-0.00829052 -230.948
-0.00817251 -232.749
-0.00805473 -234.527
-0.00793719 -236.281
-0.00781986 -238.014
-0.00770277 -239.723
-0.00758589 -241.411
-0.00746923 -243.077
-0.00735279 -244.721
-0.00723656 -246.344
-0.00712054 -247.946
-0.00700472 -249.528
-0.00688911 -251.089
-0.00677369 -252.631
-0.00665847 -254.153
-0.00654345 -255.655
-0.00642862 -257.138
-0.00631397 -258.603
-0.00619952 -260.048
-0.00608524 -261.476
-0.00597115 -262.885
-0.00585723 -264.277
-0.00574349 -265.651
-0.00562992 -267.008
-0.00551652 -268.348
-0.00540329 -269.671
-0.00529023 -270.977
-0.00517733 -272.267
-0.00506458 -273.542
-0.004952 -274.8
-0.00483957 -276.043
-0.00472729 -277.271
-0.00461517 -278.483
-0.00450319 -279.681
-0.00439136 -280.864
-0.00427968 -282.032
-0.00416813 -283.187
-0.00405673 -284.327
-0.00394547 -285.453
-0.00383434 -286.566
-0.00372334 -287.666
-0.00361248 -288.752
-0.00350175 -289.825
-0.00339114 -290.886
-0.00328066 -291.934
-0.00317031 -292.969
-0.00306008 -293.992
-0.00294996 -295.004
-0.00283997 -296.003
-0.0027301 -296.99
-0.00262034 -297.966
-0.00251069 -298.931
-0.00240115 -299.885
-0.00229173 -300.827
-0.00218241 -301.759
-0.00207321 -302.679
-0.0019641 -303.59
-0.0018551 -304.49
-0.00174621 -305.379
-0.00163741 -306.259
-0.00152871 -307.129
-0.00142012 -307.988
-0.00131161 -308.839
-0.00120321 -309.679
-0.0010949 -310.51
-0.000986675 -311.332
-0.000878546 -312.145
-0.000770507 -312.949
-0.000662556 -313.744
-0.000554692 -314.531
-0.000446914 -315.309
-0.000339221 -316.078
-0.000231612 -316.839
-0.000124084 -317.592
-1.6638e-05 -318.336
9.07282e-05 -319.073
0.000198016 -319.802
0.000305225 -320.523
0.000412359 -321.236
0.000519416 -321.942
0.000626399 -322.64
0.000733309 -323.331
0.000840147 -324.015
0.000946913 -324.691
0.00105361 -325.361
0.00116023 -326.023
0.00126679 -326.679
0.00137328 -327.328
0.00147971 -327.971
0.00158607 -328.607
0.00169236 -329.236
0.00179859 -329.859
0.00190476 -330.476
0.00201086 -331.086
0.00211691 -331.691
0.00222289 -332.289
0.00232881 -332.881
0.00243468 -333.468
0.00254048 -334.048
0.00264624 -334.624
0.00275193 -335.193
0.00285757 -335.757
0.00296315 -336.315
0.00306868 -336.868
0.00317415 -337.415
0.00327958 -337.958
0.00338495 -338.495
0.00349027 -339.027
0.00359554 -339.554
0.00370076 -340.076
0.00380593 -340.593
0.00391105 -341.105
0.00401612 -341.612
0.00412114 -342.114
0.00422612 -342.612
0.00433106 -343.106
0.00443594 -343.594
0.00454079 -344.079
0.00464558 -344.558
0.00475034 -345.034
0.00485505 -345.505
0.00495971 -345.971
0.00506434 -346.434
0.00516892 -346.892
0.00527347 -347.347
0.00537797 -347.797
0.00548243 -348.243
0.00558685 -348.685
0.00569124 -349.124
0.00579558 -349.558
0.00589989 -349.989
0.00600416 -350.416
0.00610839 -350.839
0.00621259 -351.259
0.00631674 -351.674
0.00642087 -352.087
0.00652495 -352.495
0.00662901 -352.901
0.00673303 -353.303
0.00683701 -353.701
0.00694096 -354.096
0.00704488 -354.488
0.00714876 -354.876
0.00725261 -355.261
0.00735643 -355.643
0.00746022 -356.022
0.00756398 -356.398
0.0076677 -356.77
0.0077714 -357.14
0.00787506 -357.506
0.0079787 -357.87
0.0080823 -358.23
0.00818588 -358.588
0.00828943 -358.943
0.00839295 -359.295
0.00849644 -359.644
0.0085999 -359.99
0.00870334 -360.334
0.00880675 -360.675
0.00891013 -361.013
0.00901348 -361.348
0.00911681 -361.681
0.00922011 -362.011
0.00932339 -362.339
0.00942664 -362.664
0.00952987 -362.987
0.00963307 -363.307
0.00973625 -363.625
0.0098394 -363.94
0.00994253 -364.253
0.0100456 -364.563
0.0101487 -364.872
0.0102518 -365.178
0.0103548 -365.481
0.0104578 -365.782
0.0105608 -366.081
0.0106638 -366.378
0.0107667 -366.673
0.0108697 -366.965
0.0109726 -367.256
0.0110754 -367.544
0.0111783 -367.83
0.0112811 -368.114
0.011384 -368.396
0.0114868 -368.676
0.0115895 -368.954
0.0116923 -369.23
0.011795 -369.504
0.0118978 -369.776
0.0120005 -370.046
0.0121031 -370.314
0.0122058 -370.58
0.0123084 -370.845
0.0124111 -371.108
0.0125137 -371.368
0.0126163 -371.627
0.0127188 -371.884
0.0128214 -372.14
0.0129239 -372.393
0.0130265 -372.645
0.013129 -372.896
0.0132314 -373.144
0.0133339 -373.391
0.0134364 -373.636
0.0135388 -373.88
0.0136412 -374.121
0.0137436 -374.362
0.013846 -374.6
0.0139484 -374.837
0.0140507 -375.073
0.0141531 -375.307
0.0142554 -375.539
0.0143577 -375.77
0.01446 -376
0.0145623 -376.228
0.0146645 -376.454
0.0147668 -376.679
0.014869 -376.902
0.0149712 -377.125
0.0150735 -377.345
0.0151756 -377.565
0.0152778 -377.782
0.01538 -377.999
0.0154821 -378.214
0.0155843 -378.428
0.0156864 -378.64
0.0157885 -378.852
0.0158906 -379.061
0.0159927 -379.27
0.0160948 -379.477
0.0161968 -379.683
0.0162989 -379.888
0.0164009 -380.091
0.0165029 -380.294
0.0166049 -380.495
0.0167069 -380.694
0.0168089 -380.893
0.0169109 -381.09
0.0170129 -381.287
0.0171148 -381.482
0.0172168 -381.675
0.0173187 -381.868
0.0174206 -382.06
0.0175225 -382.25
0.0176244 -382.44
0.0177263 -382.628
0.0178282 -382.815
0.01793 -383.001
0.0180319 -383.186
0.0181337 -383.37
0.0182355 -383.553
0.0183373 -383.735
0.0184392 -383.915
0.018541 -384.095
0.0186427 -384.274
0.0187445 -384.452
0.0188463 -384.628
0.018948 -384.804
0.0190498 -384.979
0.0191515 -385.153
0.0192533 -385.325
0.019355 -385.497
0.0194567 -385.668
0.0195584 -385.838
0.0196601 -386.007
0.0197618 -386.175
0.0198634 -386.342
0.0199651 -386.509
0.0200667 -386.674
0.0201684 -386.838
0.02027 -387.002
0.0203716 -387.165
0.0204733 -387.327
0.0205749 -387.488
0.0206765 -387.648
0.0207781 -387.807
0.0208797 -387.965
0.0209812 -388.123
0.0210828 -388.28
0.0211844 -388.436
0.0212859 -388.591
0.0213875 -388.745
0.021489 -388.899
0.0215905 -389.051
0.021692 -389.203
0.0217935 -389.355
0.021895 -389.505
0.0219965 -389.655
0.022098 -389.804
0.0221995 -389.952
0.022301 -390.099
0.0224025 -390.246
0.0225039 -390.392
0.0226054 -390.537
0.0227068 -390.681
0.0228082 -390.825
0.0229097 -390.968
0.0230111 -391.11
0.0231125 -391.252
0.0232139 -391.393
0.0233153 -391.533
0.0234167 -391.673
0.0235181 -391.811
0.0236195 -391.95
0.0237209 -392.087
0.0238222 -392.224
0.0239236 -392.36
0.024025 -392.496
0.0241263 -392.631
0.0242276 -392.765
0.024329 -392.899
0.0244303 -393.032
0.0245316 -393.164
0.024633 -393.296
0.0247343 -393.427
0.0248356 -393.557
0.0249369 -393.687
0.0250382 -393.817
0.0251395 -393.945
0.0252407 -394.074
0.025342 -394.201
0.0254433 -394.328
0.0255445 -394.454
0.0256458 -394.58
0.0257471 -394.705
0.0258483 -394.83
0.0259495 -394.954
0.0260508 -395.078
0.026152 -395.201
0.0262532 -395.323
0.0263545 -395.445
0.0264557 -395.567
0.0265569 -395.687
0.0266581 -395.808
0.0267593 -395.927
0.0268605 -396.047
0.0269617 -396.165
0.0270628 -396.284
0.027164 -396.401
0.0272652 -396.518
0.0273664 -396.635
0.0274675 -396.751
0.0275687 -396.867
0.0276698 -396.982
0.027771 -397.097
0.0278721 -397.211
0.0279732 -397.325
0.0280744 -397.438
0.0281755 -397.551
0.0282766 -397.663
0.0283777 -397.775
0.0284789 -397.886
0.02858 -397.997
0.0286811 -398.107
0.0287822 -398.217
0.0288833 -398.327
0.0289844 -398.436
0.0273319 -331.482
0.0256901 -269.009
0.0240827 -208.27
0.0225079 -150.794
0.0209692 -96.9243
0.0194693 -46.9263
0.0180097 -0.971527
0.0165913 40.8721
0.0152136 78.6444
0.0138751 112.486
0.0125738 142.619
0.0113067 169.33
0.0100707 192.934
0.00886238 213.762
0.00767863 232.137
0.00651639 248.361
0.00537287 262.713
0.00424561 275.439
0.00313244 286.756
0.00203148 296.852
0.000941087 305.891
-0.000140119 314.012
-0.00121334 321.334
-0.00227959 327.959
-0.00333974 333.974
-0.00439454 339.454
-0.00544464 344.464
-0.00649057 349.057
-0.00753282 353.282
-0.0085718 357.18
-0.00960786 360.786
-0.0106413 364.131
-0.0116724 367.241
-0.0127014 370.141
-0.0137285 372.851
-0.0147539 375.39
-0.0157777 377.772
-0.0168001 380.013
-0.0178212 382.125
-0.0188412 384.119
-0.01986 386.005
-0.0208779 387.792
-0.0218949 389.489
-0.022911 391.101
-0.0239264 392.637
-0.024941 394.101
-0.025955 395.499
-0.0269684 396.835
-0.0279812 398.115
-0.0289934 399.342
-0.0300052 400.52
-0.0310165 401.652
-0.0320274 402.74
-0.0330379 403.789
-0.034048 404.799
-0.0350577 405.775
-0.0360672 406.717
-0.0370763 407.628
-0.0380851 408.51
-0.0390936 409.365
-0.037444 342.013
-0.0358009 280.086
-0.0341948 219.483
-0.0326215 162.146
-0.0310839 108.394
-0.0295847 58.4678
-0.0281252 12.5194
-0.026706 -29.3972
-0.0253267 -67.3282
-0.0239859 -101.413
-0.0226813 -131.866
-0.0214104 -158.959
-0.0201701 -182.994
-0.0189571 -204.286
-0.0177686 -223.144
-0.0166014 -239.858
-0.015453 -254.696
-0.014321 -267.899
-0.0132032 -279.678
-0.0120978 -290.218
-0.0110032 -299.68
-0.00991797 -308.203
-0.00884094 -315.906
-0.0077711 -322.89
-0.00670755 -329.245
-0.00564955 -335.045
-0.00459644 -340.356
-0.00354767 -345.233
-0.00250274 -349.726
-0.00146124 -353.876
-0.000422808 -357.719
0.000612884 -361.288
0.00164611 -364.611
0.00267711 -367.711
0.00370611 -370.611
0.00473329 -373.329
0.00575881 -375.881
0.00678284 -378.284
0.00780549 -380.549
0.00882689 -382.689
0.00984714 -384.714
0.0108663 -386.633
0.0118846 -388.455
0.0129019 -390.188
0.0139184 -391.839
0.0149341 -393.412
0.0159492 -394.915
0.0169635 -396.353
0.0179773 -397.729
0.0189905 -399.048
0.0200031 -400.314
0.0210153 -401.531
0.022027 -402.702
0.0230383 -403.829
0.0240492 -404.915
0.0250596 -405.964
0.0260698 -406.976
0.0270796 -407.955
0.028089 -408.902
0.0290982 -409.819
0.0301071 -410.709
0.0311157 -411.571
0.0321241 -412.408
0.0331322 -413.222
0.0341401 -414.012
0.0351478 -414.782
0.0361553 -415.531
0.0371626 -416.261
0.0381697 -416.972
0.0391767 -417.666
0.0375176 -352.116
0.0358847 -288.469
0.0342793 -227.925
0.0327063 -170.631
0.0311689 -116.888
0.0296692 -66.9197
0.0282087 -20.8672
0.0267878 21.2226
0.025406 59.3967
0.0240621 93.7892
0.0227539 124.606
0.0214789 152.107
0.0202342 176.58
0.0190167 198.328
0.0178235 217.648
0.0166518 234.822
0.0154989 250.111
0.0143625 263.75
0.0132405 275.947
0.0121311 286.886
0.0110327 296.726
0.00994394 305.606
0.00886355 313.645
0.00779054 320.946
0.00672402 327.598
0.00566322 333.678
0.00460749 339.251
0.00355625 344.375
0.002509 349.1
0.00146533 353.467
0.000424838 357.516
-0.000612787 361.279
-0.00164784 364.784
-0.00268056 368.056
-0.00371118 371.118
-0.0047399 373.99
-0.00576688 376.688
-0.00679228 379.228
-0.00781624 381.624
-0.00883888 383.888
-0.00986031 386.031
-0.0108806 388.063
-0.0118999 389.993
-0.0129183 391.828
-0.0139358 393.576
-0.0149524 395.243
-0.0159683 396.834
-0.0169836 398.357
-0.0179981 399.815
-0.0190121 401.212
-0.0200255 402.553
-0.0210384 403.842
-0.0220508 405.081
-0.0230627 406.275
-0.0240743 407.425
-0.0250853 408.535
-0.0260961 409.607
-0.0271064 410.642
-0.0281164 411.645
-0.0291261 412.615
-0.0301356 413.555
-0.0311447 414.467
-0.0321535 415.352
-0.0331621 416.212
-0.0341705 417.047
-0.0351786 417.86
-0.0361865 418.651
-0.0371942 419.421
-0.0382017 420.172
-0.039209 420.904
-0.0402162 421.619
-0.0412232 422.317
-0.04223 422.998
-0.0432366 423.664
-0.0442432 424.316
-0.0452495 424.953
-0.0462558 425.578
-0.0472619 426.189
-0.0482679 426.788
-0.0492738 427.375
-0.0476173 361.385
-0.0459822 298.22
-0.0443769 237.693
-0.0428039 180.391
-0.041266 126.6
-0.0397653 76.5334
-0.0383032 30.3237
-0.0368802 -11.9849
-0.0354956 -50.4377
-0.0341484 -85.1626
-0.0328364 -116.356
-0.0315573 -144.266
-0.0303083 -169.169
-0.0290864 -191.358
-0.0278888 -211.119
-0.0267127 -228.727
-0.0255556 -244.438
-0.0244152 -258.483
-0.0232893 -271.068
-0.0221763 -282.374
-0.0210744 -292.562
-0.0199823 -301.769
-0.0188989 -310.115
-0.017823 -317.704
-0.0167537 -324.626
-0.0156904 -330.959
-0.0146323 -336.769
-0.0135788 -342.116
-0.0125295 -347.049
-0.0114839 -351.613
-0.0104415 -355.846
-0.00940218 -359.782
-0.0083655 -363.45
-0.00733123 -366.877
-0.00629916 -370.084
-0.00526907 -373.093
-0.00424079 -375.921
-0.00321416 -378.584
-0.00218903 -381.097
-0.00116528 -383.472
-0.000142802 -385.72
0.000878515 -387.852
0.00189876 -389.876
0.00291802 -391.802
0.00393636 -393.636
0.00495385 -395.385
0.00597056 -397.056
0.00698654 -398.654
0.00800183 -400.183
0.0090165 -401.65
0.0100306 -403.057
0.0110441 -404.409
0.0120571 -405.71
0.0130696 -406.962
0.0140817 -408.168
0.0150933 -409.332
0.0161046 -410.456
0.0171154 -411.542
0.0181259 -412.592
0.0191361 -413.609
0.0201459 -414.595
0.0211555 -415.55
0.0221648 -416.477
0.0231738 -417.377
0.0241825 -418.252
0.025191 -419.102
0.0261993 -419.93
0.0272074 -420.736
0.0282152 -421.521
0.0292229 -422.287
0.0302303 -423.034
0.0312376 -423.763
0.0322448 -424.475
0.0332517 -425.171
0.0342585 -425.852
0.0352652 -426.517
0.0362717 -427.168
0.0372781 -427.806
0.0382843 -428.431
0.0392904 -429.044
0.0402964 -429.644
0.0413023 -430.233
0.0423081 -430.811
0.0433138 -431.379
0.0443194 -431.937
0.0453248 -432.485
0.0463302 -433.023
0.0473355 -433.553
0.0483407 -434.074
0.0493459 -434.587
0.0476898 -368.557
0.0460545 -305.449
0.0444492 -244.915
0.0428758 -187.575
0.0413371 -133.705
0.0398351 -83.5099
0.0383712 -37.1164
0.0369457 5.43215
0.0355582 44.1779
0.0342076 79.2419
0.0328919 110.812
0.0316088 139.124
0.0303555 164.446
0.0291294 187.058
0.0279276 207.241
0.0267474 225.263
0.0255863 241.374
0.024442 255.801
0.0233125 268.75
0.022196 280.401
0.0210909 290.913
0.0199957 300.425
0.0189094 309.057
0.0178309 316.915
0.0167591 324.088
0.0156934 330.655
0.0146331 336.685
0.0135776 342.238
0.0125264 347.364
0.0114789 352.109
0.0104349 356.512
0.00939393 360.607
0.00835574 364.426
0.00732006 367.994
0.00628665 371.335
0.00525531 374.469
0.00422583 377.417
0.00319808 380.192
0.00217188 382.812
0.00114712 385.288
0.00012368 387.632
-0.000898551 389.855
-0.00191966 391.966
-0.00293975 393.975
-0.00395888 395.888
-0.00497712 397.712
-0.00599455 399.455
-0.00701121 401.121
-0.00802716 402.716
-0.00904246 404.246
-0.0100571 405.713
-0.0110712 407.123
-0.0120848 408.479
-0.0130978 409.784
-0.0141104 411.041
-0.0151225 412.254
-0.0161343 413.425
-0.0171456 414.557
-0.0181565 415.651
-0.0191671 416.711
-0.0201774 417.737
-0.0211873 418.731
-0.022197 419.696
-0.0232063 420.633
-0.0242154 421.543
-0.0252243 422.428
-0.0262329 423.289
-0.0272413 424.127
-0.0282494 424.944
-0.0292574 425.74
-0.0302652 426.516
-0.0312727 427.274
-0.0322801 428.013
-0.0332874 428.736
-0.0342944 429.442
-0.0353013 430.133
-0.0363081 430.809
-0.0373147 431.471
-0.0383212 432.119
-0.0393275 432.754
-0.0403338 433.376
-0.0413399 433.987
-0.0423459 434.586
-0.0433517 435.174
-0.0443575 435.751
-0.0453632 436.318
-0.0463688 436.876
-0.0473742 437.424
-0.0483796 437.963
-0.0493849 438.493
-0.0503901 439.015
-0.0513953 439.528
-0.0524003 440.034
-0.0534053 440.532
-0.0544102 441.024
-0.0554151 441.508
-0.0564198 441.985
-0.0574246 442.456
-0.0584292 442.92
-0.0594338 443.379
-0.0577793 377.08
-0.0561424 314.245
-0.0545369 253.687
-0.0529629 196.292
-0.0514233 142.325
-0.0499198 91.9846
-0.0484539 45.394
-0.047026 2.59651
-0.0456355 -36.4462
-0.0442815 -71.8485
-0.0429621 -103.789
-0.0416751 -132.494
-0.0404178 -158.221
-0.0391876 -181.242
-0.0379817 -201.83
-0.0367975 -220.247
-0.0356326 -236.74
-0.0344847 -251.532
-0.0333517 -264.827
-0.0322319 -276.805
-0.0311237 -287.625
-0.0300257 -297.426
-0.0289367 -306.328
-0.0278556 -314.438
-0.0267815 -321.848
-0.0257136 -328.637
-0.0246513 -334.874
-0.0235938 -340.62
-0.0225407 -345.928
-0.0214916 -350.843
-0.0204459 -355.405
-0.0194035 -359.651
-0.0183639 -363.61
-0.0173269 -367.311
-0.0162922 -370.776
-0.0152597 -374.029
-0.0142291 -377.088
-0.0132003 -379.969
-0.0121731 -382.688
-0.0111474 -385.259
-0.0101231 -387.692
-0.00909999 -390.001
-0.00807807 -392.193
-0.00705722 -394.278
-0.00603735 -396.265
-0.00501841 -398.159
-0.00400032 -399.968
-0.00298302 -401.698
-0.00196645 -403.355
-0.000950576 -404.942
6.46579e-05 -406.466
0.00107929 -407.929
0.00209336 -409.336
0.00310691 -410.691
0.00411996 -411.996
0.00513254 -413.254
0.00614469 -414.469
0.00715643 -415.643
0.00816778 -416.778
0.00917876 -417.876
0.0101894 -418.94
0.0111997 -419.971
0.0122097 -420.971
0.0132194 -421.942
0.0142289 -422.885
0.015238 -423.802
0.0162469 -424.694
0.0172556 -425.561
0.0182641 -426.407
0.0192723 -427.23
0.0202803 -428.034
0.0212882 -428.817
0.0222958 -429.583
0.0233033 -430.33
0.0243106 -431.06
0.0253177 -431.774
0.0263247 -432.473
0.0273316 -433.156
0.0283383 -433.826
0.0293448 -434.482
0.0303512 -435.125
0.0313575 -435.755
0.0323637 -436.373
0.0333698 -436.98
0.0343758 -437.575
0.0353816 -438.16
0.0363873 -438.735
0.037393 -439.3
0.0383986 -439.855
0.039404 -440.401
0.0404094 -440.939
0.0414147 -441.468
0.0424199 -441.989
0.043425 -442.502
0.0444301 -443.007
0.0454351 -443.505
0.04644 -443.996
0.0474448 -444.48
0.0484496 -444.958
0.0494543 -445.429
0.0504589 -445.894
0.0514635 -446.353
0.0524681 -446.806
0.0534725 -447.254
0.054477 -447.696
0.0528194 -381.957
0.0511855 -318.547
0.0495796 -257.957
0.048005 -200.504
0.0464645 -146.448
0.0449599 -95.9851
0.0434924 -49.2376
0.0420625 -6.25007
0.0406699 33.0123
0.0393134 68.6585
0.0379914 100.861
0.0367016 129.839
0.0354416 155.844
0.0342086 179.143
0.033 200.004
0.0318132 218.685
0.0306457 235.43
0.0294954 250.462
0.0283602 263.984
0.0272383 276.175
0.0261281 287.194
0.0250282 297.181
0.0239374 306.257
0.0228547 314.529
0.0217791 322.09
0.0207098 329.019
0.0196461 335.388
0.0185874 341.256
0.0175332 346.678
0.016483 351.7
0.0154364 356.362
0.014393 360.701
0.0133525 364.748
0.0123147 368.531
0.0112793 372.075
0.010246 375.401
0.00921472 378.528
0.00818526 381.474
0.00715745 384.255
0.00613117 386.883
0.00510628 389.372
0.00408267 391.733
0.00306025 393.975
0.00203893 396.107
0.00101862 398.138
-7.52509e-07 400.075
-0.00101925 401.925
-0.00203694 403.694
-0.00305387 405.387
-0.0040701 407.01
