-0.000166667 -0.0001
-0.000333333 -0.0002
-0.0005 -0.0003
-0.000666667 -0.0004
-0.000833333 -0.0005
-0.001 -0.0006
-0.00116667 -0.0007
-0.00133333 -0.0008
-0.0015 -0.0009
-0.00166667 -0.001
-0.00183333 -0.0011
-0.002 -0.0012
-0.00216667 -0.0013
-0.00233333 -0.0014
-0.0025 -0.0015
-0.00266667 -0.0016
-0.00283333 -0.0017
-0.003 -0.0018
-0.00316667 -0.0019
-0.00333333 -0.002
-0.0035 -0.0021
-0.00366667 -0.0022
-0.00383333 -0.0023
-0.004 -0.0024
-0.00416667 -0.0025
-0.00433333 -0.0026
-0.0045 -0.0027
-0.00466667 -0.0028
-0.00483333 -0.0029
-0.005 -0.003
-0.00516666 -0.0031
-0.00533333 -0.0032
-0.00549999 -0.0033
-0.00566666 -0.0034
-0.00583332 -0.0035
-0.00599997 -0.0036
-0.00616663 -0.0037
-0.00633327 -0.0038
-0.00649991 -0.0039
-0.00666653 -0.004
-0.00683313 -0.0041
-0.0069997 -0.0042
-0.00716624 -0.0043
-0.00733271 -0.0044
-0.00749911 -0.0045
-0.0076654 -0.0046
-0.00783154 -0.0047
-0.00799748 -0.0048
-0.00816316 -0.0049
-0.00832848 -0.005
-0.00816181 -0.0049
-0.00799514 -0.0048
-0.00782848 -0.0047
-0.00766181 -0.0046
-0.00749514 -0.0045
-0.00732848 -0.0044
-0.00716181 -0.0043
-0.00699514 -0.0042
-0.00682848 -0.0041
-0.00666181 -0.004
-0.00649514 -0.0039
-0.00632848 -0.0038
-0.00616181 -0.0037
-0.00599514 -0.0036
-0.00582848 -0.0035
-0.00566181 -0.0034
-0.00549514 -0.0033
-0.00532848 -0.0032
-0.00516181 -0.0031
-0.00499514 -0.003
-0.00482848 -0.0029
-0.00466181 -0.0028
-0.00449514 -0.0027
-0.00432848 -0.0026
-0.00416181 -0.0025
-0.00399514 -0.0024
-0.00382848 -0.0023
-0.00366181 -0.0022
-0.00349514 -0.0021
-0.00332848 -0.002
-0.00316181 -0.0019
-0.00299514 -0.0018
-0.00282848 -0.0017
-0.00266181 -0.0016
-0.00249514 -0.0015
-0.00232848 -0.0014
-0.00216181 -0.0013
-0.00199514 -0.0012
-0.00182848 -0.0011
-0.00166181 -0.001
-0.00149514 -0.0009
-0.00132848 -0.0008
-0.00116181 -0.0007
-0.000995142 -0.0006
-0.000828475 -0.0005
-0.000661809 -0.0004
-0.000495142 -0.0003
-0.000328476 -0.0002
-0.000161809 -0.0001
4.85736e-06 -1.89735e-19
0.000171524 0.0001
0.00033819 0.0002
0.000504856 0.0003
0.000671522 0.0004
0.000838188 0.0005
0.00100485 0.0006
0.00117152 0.0007
0.00133818 0.0008
0.00150485 0.0009
0.00167151 0.001
0.00183818 0.0011
0.00200484 0.0012
0.0021715 0.0013
0.00233816 0.0014
0.00250481 0.0015
0.00267147 0.0016
0.00283812 0.0017
0.00300477 0.0018
0.00317141 0.0019
0.00333805 0.002
0.00350468 0.0021
0.00367131 0.0022
0.00383792 0.0023
0.00400452 0.0024
0.00417111 0.0025
0.00433768 0.0026
0.00450423 0.0027
0.00467075 0.0028
0.00483725 0.0029
0.00500371 0.003
0.00517013 0.0031
0.0053365 0.0032
0.00550282 0.0033
0.00566906 0.0034
0.00583522 0.0035
0.00600129 0.0036
0.00616724 0.0037
0.00633306 0.0038
0.00649873 0.0039
0.00666422 0.004
0.00682949 0.0041
0.00699451 0.0042
0.00715923 0.0043
0.00732362 0.0044
0.00748761 0.0045
0.00765113 0.0046
0.00781411 0.0047
0.00797646 0.0048
0.00813806 0.0049
0.0082988 0.005
0.00813213 0.0049
0.00796547 0.0048
0.0077988 0.0047
0.00763213 0.0046
0.00746547 0.0045
0.0072988 0.0044
0.00713213 0.0043
0.00696547 0.0042
0.0067988 0.0041
0.00663213 0.004
0.00646547 0.0039
0.0062988 0.0038
0.00613213 0.0037
0.00596547 0.0036
0.0057988 0.0035
0.00563213 0.0034
0.00546547 0.0033
0.0052988 0.0032
0.00513213 0.0031
0.00496547 0.003
0.0047988 0.0029
0.00463213 0.0028
0.00446547 0.0027
0.0042988 0.0026
0.00413213 0.0025
0.00396547 0.0024
0.0037988 0.0023
0.00363213 0.0022
0.00346547 0.0021
0.0032988 0.002
0.00313213 0.0019
0.00296547 0.0018
0.0027988 0.0017
0.00263213 0.0016
0.00246547 0.0015
0.0022988 0.0014
0.00213213 0.0013
0.00196547 0.0012
0.0017988 0.0011
0.00163213 0.001
0.00146547 0.0009
0.0012988 0.0008
0.00113213 0.0007
0.000965465 0.0006
0.000798799 0.0005
0.000632132 0.0004
0.000465466 0.0003
0.000298799 0.0002
0.000132133 0.0001
-3.45335e-05 2.43945e-19
-0.0002012 -0.0001
-0.000367866 -0.0002
-0.000534532 -0.0003
-0.000701197 -0.0004
-0.000867862 -0.0005
-0.00103453 -0.0006
-0.00120119 -0.0007
-0.00136786 -0.0008
-0.00153452 -0.0009
-0.00170118 -0.001
-0.00186784 -0.0011
-0.0020345 -0.0012
-0.00220116 -0.0013
-0.00236781 -0.0014
-0.00253446 -0.0015
-0.00270111 -0.0016
-0.00286776 -0.0017
-0.0030344 -0.0018
-0.00320103 -0.0019
-0.00336766 -0.002
-0.00353427 -0.0021
-0.00370088 -0.0022
-0.00386748 -0.0023
-0.00403405 -0.0024
-0.00420061 -0.0025
-0.00436715 -0.0026
-0.00453367 -0.0027
-0.00470015 -0.0028
-0.0048666 -0.0029
-0.005033 -0.003
-0.00519936 -0.0031
-0.00536566 -0.0032
-0.00553189 -0.0033
-0.00569804 -0.0034
-0.0058641 -0.0035
-0.00603004 -0.0036
-0.00619587 -0.0037
-0.00636154 -0.0038
-0.00652704 -0.0039
-0.00669234 -0.004
-0.00685742 -0.0041
-0.00702222 -0.0042
-0.00718671 -0.0043
-0.00735084 -0.0044
-0.00751455 -0.0045
-0.00767778 -0.0046
-0.00784045 -0.0047
-0.00800247 -0.0048
-0.00816374 -0.0049
-0.00832414 -0.005
-0.00848353 -0.0051
-0.00864177 -0.0052
-0.00879865 -0.0053
-0.00895397 -0.0054
-0.0091075 -0.0055
-0.00925895 -0.0056
-0.00940802 -0.0057
-0.00955439 -0.0058
-0.0096977 -0.0059
-0.00983761 -0.006
-0.00997379 -0.0061
-0.010106 -0.0062
-0.0102341 -0.0063
-0.010358 -0.0064
-0.010478 -0.0065
-0.0105943 -0.0066
-0.0107073 -0.0067
-0.0108175 -0.0068
-0.0109255 -0.0069
-0.0110317 -0.007
-0.0111364 -0.0071
-0.01124 -0.0072
-0.0113428 -0.0073
-0.0114449 -0.0074
-0.0115466 -0.0075
-0.0116479 -0.0076
-0.011749 -0.0077
-0.0118498 -0.0078
-0.0119505 -0.0079
-0.0120511 -0.008
-0.0121516 -0.0081
-0.012252 -0.0082
-0.0123524 -0.0083
-0.0124527 -0.0084
-0.012553 -0.0085
-0.0126533 -0.0086
-0.0127536 -0.0087
-0.0128539 -0.0088
-0.0129541 -0.0089
-0.0130543 -0.009
-0.0131546 -0.0091
-0.0132548 -0.0092
-0.013355 -0.0093
-0.0134552 -0.0094
-0.0135554 -0.0095
-0.0136556 -0.0096
-0.0137558 -0.0097
-0.013856 -0.0098
-0.0139562 -0.0099
-0.0140564 -0.01
-0.0141566 -0.0101
-0.0142569 -0.0102
-0.0143571 -0.0103
-0.0144573 -0.0104
-0.0145575 -0.0105
-0.0146577 -0.0106
-0.0147579 -0.0107
-0.0148581 -0.0108
-0.0149583 -0.0109
-0.0150585 -0.011
-0.0151587 -0.0111
-0.0152589 -0.0112
-0.0153591 -0.0113
-0.0154593 -0.0114
-0.0155595 -0.0115
-0.0156597 -0.0116
-0.0157599 -0.0117
-0.0158601 -0.0118
-0.0159603 -0.0119
-0.0160605 -0.012
-0.0161607 -0.0121
-0.0162609 -0.0122
-0.0163611 -0.0123
-0.0164613 -0.0124
-0.0165615 -0.0125
-0.0166617 -0.0126
-0.0167619 -0.0127
-0.0168621 -0.0128
-0.0169623 -0.0129
-0.0170625 -0.013
-0.0171627 -0.0131
-0.0172629 -0.0132
-0.0173631 -0.0133
-0.0174633 -0.0134
-0.0175635 -0.0135
-0.0176637 -0.0136
-0.0177639 -0.0137
-0.0178641 -0.0138
-0.0179643 -0.0139
-0.0180645 -0.014
-0.0181647 -0.0141
-0.0182649 -0.0142
-0.018365 -0.0143
-0.0184652 -0.0144
-0.0185654 -0.0145
-0.0186656 -0.0146
-0.0187658 -0.0147
-0.018866 -0.0148
-0.0189662 -0.0149
-0.0190664 -0.015
-0.0188998 -0.0149
-0.0187332 -0.0148
-0.0185666 -0.0147
-0.0184 -0.0146
-0.0182336 -0.0145
-0.0180672 -0.0144
-0.0179009 -0.0143
-0.0177347 -0.0142
-0.0175686 -0.0141
-0.0174026 -0.014
-0.0172367 -0.0139
-0.0170709 -0.0138
-0.0169053 -0.0137
-0.0167398 -0.0136
-0.0165744 -0.0135
-0.0164092 -0.0134
-0.0162441 -0.0133
-0.0160792 -0.0132
-0.0159145 -0.0131
-0.0157499 -0.013
-0.0155855 -0.0129
-0.0154213 -0.0128
-0.0152573 -0.0127
-0.0150934 -0.0126
-0.0149298 -0.0125
-0.0147664 -0.0124
-0.0146032 -0.0123
-0.0144402 -0.0122
-0.0142774 -0.0121
-0.0141148 -0.012
-0.0139525 -0.0119
-0.0137904 -0.0118
-0.0136286 -0.0117
-0.013467 -0.0116
-0.0133056 -0.0115
-0.0131445 -0.0114
-0.0129837 -0.0113
-0.0128232 -0.0112
-0.0126629 -0.0111
-0.0125029 -0.011
-0.0123432 -0.0109
-0.0121837 -0.0108
-0.0120246 -0.0107
-0.0118658 -0.0106
-0.0117072 -0.0105
-0.011549 -0.0104
-0.0113911 -0.0103
-0.0112335 -0.0102
-0.0110763 -0.0101
-0.0109193 -0.01
-0.0107627 -0.0099
-0.0106065 -0.0098
-0.0104506 -0.0097
-0.010295 -0.0096
-0.0101398 -0.0095
-0.00998498 -0.0094
-0.0098305 -0.0093
-0.00967639 -0.0092
-0.00952265 -0.0091
-0.00936928 -0.009
-0.0092163 -0.0089
-0.00906371 -0.0088
-0.0089115 -0.0087
-0.0087597 -0.0086
-0.00860828 -0.0085
-0.00845728 -0.0084
-0.00830667 -0.0083
-0.00815648 -0.0082
-0.00800671 -0.0081
-0.00785735 -0.008
-0.00770841 -0.0079
-0.00755989 -0.0078
-0.00741181 -0.0077
-0.00726415 -0.0076
-0.00711693 -0.0075
-0.00697014 -0.0074
-0.0068238 -0.0073
-0.00667789 -0.0072
-0.00653243 -0.0071
-0.00638742 -0.007
-0.00624286 -0.0069
-0.00609875 -0.0068
-0.00595509 -0.0067
-0.00581188 -0.0066
-0.00566913 -0.0065
-0.00552684 -0.0064
-0.00538501 -0.0063
-0.00524363 -0.0062
-0.00510272 -0.0061
-0.00496227 -0.006
-0.00482228 -0.0059
-0.00468275 -0.0058
-0.00454369 -0.0057
-0.00440509 -0.0056
-0.00426695 -0.0055
-0.00412927 -0.0054
-0.00399205 -0.0053
-0.00385529 -0.0052
-0.003719 -0.0051
-0.00358316 -0.005
-0.00344778 -0.0049
-0.00331286 -0.0048
-0.00317839 -0.0047
-0.00304437 -0.0046
-0.00291081 -0.0045
-0.0027777 -0.0044
-0.00264503 -0.0043
-0.00251281 -0.0042
-0.00238103 -0.0041
-0.00224969 -0.004
-0.00211879 -0.0039
-0.00198832 -0.0038
-0.00185828 -0.0037
-0.00172868 -0.0036
-0.00159949 -0.0035
-0.00147073 -0.0034
-0.00134239 -0.0033
-0.00121447 -0.0032
-0.00108695 -0.0031
-0.000959845 -0.003
-0.000833141 -0.0029
-0.000706838 -0.0028
-0.00058093 -0.0027
-0.000455414 -0.0026
-0.000330287 -0.0025
-0.000205542 -0.0024
-8.11775e-05 -0.0023
4.28123e-05 -0.0022
0.000166431 -0.0021
0.000289684 -0.002
0.000412575 -0.0019
0.000535108 -0.0018
0.000657289 -0.0017
0.000779121 -0.0016
0.000900609 -0.0015
0.00102176 -0.0014
0.00114257 -0.0013
0.00126306 -0.0012
0.00138321 -0.0011
0.00150305 -0.001
0.00162257 -0.0009
0.00174178 -0.0008
0.00186068 -0.0007
0.00197928 -0.0006
0.00209758 -0.0005
0.00221559 -0.0004
0.00233331 -0.0003
0.00245074 -0.0002
0.00256789 -0.0001
0.00268477 -2.43959e-19
0.00280138 0.0001
0.00291772 0.0002
0.00303379 0.0003
0.00314961 0.0004
0.00326517 0.0005
0.00338049 0.0006
0.00349556 0.0007
0.00361038 0.0008
0.00372497 0.0009
0.00383932 0.001
0.00395345 0.0011
0.00406735 0.0012
0.00418102 0.0013
0.00429448 0.0014
0.00440773 0.0015
0.00452076 0.0016
0.00463359 0.0017
0.00474621 0.0018
0.00485864 0.0019
0.00497087 0.002
0.0050829 0.0021
0.00519475 0.0022
0.00530641 0.0023
0.00541789 0.0024
0.00552919 0.0025
0.00564031 0.0026
0.00575126 0.0027
0.00586204 0.0028
0.00597265 0.0029
0.0060831 0.003
0.00619339 0.0031
0.00630352 0.0032
0.0064135 0.0033
0.00652332 0.0034
0.006633 0.0035
0.00674252 0.0036
0.00685191 0.0037
0.00696115 0.0038
0.00707025 0.0039
0.00717922 0.004
0.00728805 0.0041
0.00739675 0.0042
0.00750532 0.0043
0.00761377 0.0044
0.00772209 0.0045
0.00783029 0.0046
0.00793837 0.0047
0.00804633 0.0048
0.00815417 0.0049
0.00826191 0.005
0.00836953 0.0051
0.00847704 0.0052
0.00858444 0.0053
0.00869174 0.0054
0.00879893 0.0055
0.00890602 0.0056
0.00901301 0.0057
0.0091199 0.0058
0.0092267 0.0059
0.0093334 0.006
0.00944001 0.0061
0.00954653 0.0062
0.00965296 0.0063
0.00975929 0.0064
0.00986555 0.0065
0.00997171 0.0066
0.0100778 0.0067
0.0101838 0.0068
0.0102897 0.0069
0.0103956 0.007
0.0105013 0.0071
0.010607 0.0072
0.0107126 0.0073
0.0108182 0.0074
0.0109236 0.0075
0.011029 0.0076
0.0111343 0.0077
0.0112396 0.0078
0.0113448 0.0079
0.0114499 0.008
0.0115549 0.0081
0.0116599 0.0082
0.0117649 0.0083
0.0118697 0.0084
0.0119745 0.0085
0.0120793 0.0086
0.0121839 0.0087
0.0122886 0.0088
0.0123931 0.0089
0.0124977 0.009
0.0126021 0.0091
0.0127065 0.0092
0.0128109 0.0093
0.0129151 0.0094
0.0130194 0.0095
0.0131236 0.0096
0.0132277 0.0097
0.0133318 0.0098
0.0134359 0.0099
0.0135399 0.01
0.0136438 0.0101
0.0137477 0.0102
0.0138516 0.0103
0.0139554 0.0104
0.0140591 0.0105
0.0141629 0.0106
0.0142666 0.0107
0.0143702 0.0108
0.0144738 0.0109
0.0145774 0.011
0.0146809 0.0111
0.0147844 0.0112
0.0148878 0.0113
0.0149912 0.0114
0.0150946 0.0115
0.0151979 0.0116
0.0153012 0.0117
0.0154044 0.0118
0.0155076 0.0119
0.0156108 0.012
0.015714 0.0121
0.0158171 0.0122
0.0159202 0.0123
0.0160232 0.0124
0.0161263 0.0125
0.0162292 0.0126
0.0163322 0.0127
0.0164351 0.0128
0.016538 0.0129
0.0166409 0.013
0.0167437 0.0131
0.0168465 0.0132
0.0169493 0.0133
0.017052 0.0134
0.0171548 0.0135
0.0172575 0.0136
0.0173601 0.0137
0.0174628 0.0138
0.0175654 0.0139
0.017668 0.014
0.0177705 0.0141
0.0178731 0.0142
0.0179756 0.0143
0.0180781 0.0144
0.0181805 0.0145
0.018283 0.0146
0.0183854 0.0147
0.0184878 0.0148
0.0185901 0.0149
0.0186925 0.015
0.0185259 0.0149
0.0183593 0.0148
0.0181928 0.0147
0.0180265 0.0146
0.0178603 0.0145
0.0176943 0.0144
0.0175284 0.0143
0.0173627 0.0142
0.0171971 0.0141
0.0170318 0.014
0.0168666 0.0139
0.0167017 0.0138
0.0165369 0.0137
0.0163724 0.0136
0.0162081 0.0135
0.016044 0.0134
0.0158801 0.0133
0.0157165 0.0132
0.0155531 0.0131
0.01539 0.013
0.0152271 0.0129
0.0150645 0.0128
0.0149022 0.0127
0.0147401 0.0126
0.0145783 0.0125
0.0144168 0.0124
0.0142556 0.0123
0.0140947 0.0122
0.0139341 0.0121
0.0137738 0.012
0.0136138 0.0119
0.0134541 0.0118
0.0132947 0.0117
0.0131356 0.0116
0.0129769 0.0115
0.0128185 0.0114
0.0126605 0.0113
0.0125028 0.0112
0.0123454 0.0111
0.0121884 0.011
0.0120317 0.0109
0.0118754 0.0108
0.0117195 0.0107
0.0115639 0.0106
0.0114087 0.0105
0.0112539 0.0104
0.0110994 0.0103
0.0109453 0.0102
0.0107917 0.0101
0.0106384 0.01
0.0104855 0.0099
0.010333 0.0098
0.0101809 0.0097
0.0100292 0.0096
0.00987786 0.0095
0.00972697 0.0094
0.0095765 0.0093
0.00942644 0.0092
0.00927679 0.0091
0.00912756 0.009
0.00897876 0.0089
0.00883038 0.0088
0.00868242 0.0087
0.0085349 0.0086
0.0083878 0.0085
0.00824114 0.0084
0.0080949 0.0083
0.00794911 0.0082
0.00780374 0.0081
0.00765882 0.008
0.00751434 0.0079
0.00737029 0.0078
0.00722668 0.0077
0.00708352 0.0076
0.00694079 0.0075
0.00679851 0.0074
0.00665667 0.0073
0.00651527 0.0072
0.00637431 0.0071
0.0062338 0.007
0.00609373 0.0069
0.00595409 0.0068
0.0058149 0.0067
0.00567615 0.0066
0.00553783 0.0065
0.00539996 0.0064
0.00526252 0.0063
0.00512551 0.0062
0.00498894 0.0061
0.0048528 0.006
0.00471709 0.0059
0.00458181 0.0058
0.00444696 0.0057
0.00431253 0.0056
0.00417853 0.0055
0.00404494 0.0054
0.00391178 0.0053
0.00377902 0.0052
0.00364669 0.0051
0.00351476 0.005
0.00338324 0.0049
0.00325212 0.0048
0.00312141 0.0047
0.00299109 0.0046
0.00286118 0.0045
0.00273165 0.0044
0.00260251 0.0043
0.00247376 0.0042
0.00234539 0.0041
0.0022174 0.004
0.00208978 0.0039
0.00196254 0.0038
0.00183567 0.0037
0.00170916 0.0036
0.00158301 0.0035
0.00145722 0.0034
0.00133178 0.0033
0.00120669 0.0032
0.00108194 0.0031
0.000957543 0.003
0.000833479 0.0029
0.000709749 0.0028
0.00058635 0.0027
0.000463276 0.0026
0.000340525 0.0025
0.000218091 0.0024
9.59726e-05 0.0023
-2.5836e-05 0.0022
-0.000147338 0.0021
-0.000268538 0.002
-0.00038944 0.0019
-0.000510047 0.0018
-0.000630363 0.0017
-0.000750393 0.0016
-0.00087014 0.0015
-0.000989608 0.0014
-0.0011088 0.0013
-0.00122772 0.0012
-0.00134638 0.0011
-0.00146477 0.001
-0.0015829 0.0009
-0.00170078 0.0008
-0.0018184 0.0007
-0.00193578 0.0006
-0.00205291 0.0005
-0.00216979 0.0004
-0.00228645 0.0003
-0.00240286 0.0002
-0.00251905 0.0001
-0.00263501 2.43945e-19
-0.00275074 -0.0001
-0.00286626 -0.0002
-0.00298156 -0.0003
-0.00309664 -0.0004
-0.00321151 -0.0005
-0.00332618 -0.0006
-0.00344064 -0.0007
-0.00355491 -0.0008
-0.00366897 -0.0009
-0.00378284 -0.001
-0.00389652 -0.0011
-0.00401001 -0.0012
-0.00412332 -0.0013
-0.00423644 -0.0014
-0.00434939 -0.0015
-0.00446215 -0.0016
-0.00457475 -0.0017
-0.00468717 -0.0018
-0.00479942 -0.0019
-0.00491151 -0.002
-0.00502344 -0.0021
-0.0051352 -0.0022
-0.00524681 -0.0023
-0.00535826 -0.0024
-0.00546956 -0.0025
-0.00558071 -0.0026
-0.00569171 -0.0027
-0.00580256 -0.0028
-0.00591328 -0.0029
-0.00602385 -0.003
-0.00613428 -0.0031
-0.00624457 -0.0032
-0.00635474 -0.0033
-0.00646477 -0.0034
-0.00657467 -0.0035
-0.00668444 -0.0036
-0.00679408 -0.0037
-0.00690361 -0.0038
-0.00701301 -0.0039
-0.00712229 -0.004
-0.00723145 -0.0041
-0.0073405 -0.0042
-0.00744943 -0.0043
-0.00755825 -0.0044
-0.00766696 -0.0045
-0.00777556 -0.0046
-0.00788405 -0.0047
-0.00799244 -0.0048
-0.00810072 -0.0049
-0.00820891 -0.005
-0.00831699 -0.0051
-0.00842497 -0.0052
-0.00853286 -0.0053
-0.00864065 -0.0054
-0.00874834 -0.0055
-0.00885594 -0.0056
-0.00896346 -0.0057
-0.00907088 -0.0058
-0.00917821 -0.0059
-0.00928546 -0.006
-0.00939262 -0.0061
-0.00949969 -0.0062
-0.00960669 -0.0063
-0.0097136 -0.0064
-0.00982043 -0.0065
-0.00992718 -0.0066
-0.0100338 -0.0067
-0.0101404 -0.0068
-0.010247 -0.0069
-0.0103534 -0.007
-0.0104598 -0.0071
-0.0105661 -0.0072
-0.0106723 -0.0073
-0.0107785 -0.0074
-0.0108846 -0.0075
-0.0109906 -0.0076
-0.0110965 -0.0077
-0.0112024 -0.0078
-0.0113082 -0.0079
-0.011414 -0.008
-0.0115197 -0.0081
-0.0116253 -0.0082
-0.0117309 -0.0083
-0.0118364 -0.0084
-0.0119419 -0.0085
-0.0120473 -0.0086
-0.0121526 -0.0087
-0.0122579 -0.0088
-0.0123631 -0.0089
-0.0124683 -0.009
-0.0125734 -0.0091
-0.0126784 -0.0092
-0.0127834 -0.0093
-0.0128884 -0.0094
-0.0129933 -0.0095
-0.0130982 -0.0096
-0.013203 -0.0097
-0.0133077 -0.0098
-0.0134124 -0.0099
-0.0135171 -0.01
-0.0136217 -0.0101
-0.0137262 -0.0102
-0.0138308 -0.0103
-0.0139352 -0.0104
-0.0140397 -0.0105
-0.014144 -0.0106
-0.0142484 -0.0107
-0.0143527 -0.0108
-0.0144569 -0.0109
-0.0145611 -0.011
-0.0146653 -0.0111
-0.0147695 -0.0112
-0.0148735 -0.0113
-0.0149776 -0.0114
-0.0150816 -0.0115
-0.0151856 -0.0116
-0.0152895 -0.0117
-0.0153934 -0.0118
-0.0154973 -0.0119
-0.0156011 -0.012
-0.0157049 -0.0121
-0.0158087 -0.0122
-0.0159124 -0.0123
-0.0160161 -0.0124
-0.0161197 -0.0125
-0.0162233 -0.0126
-0.0163269 -0.0127
-0.0164305 -0.0128
-0.016534 -0.0129
-0.0166375 -0.013
-0.016741 -0.0131
-0.0168444 -0.0132
-0.0169478 -0.0133
-0.0170511 -0.0134
-0.0171545 -0.0135
-0.0172578 -0.0136
-0.0173611 -0.0137
-0.0174643 -0.0138
-0.0175675 -0.0139
-0.0176707 -0.014
-0.0177739 -0.0141
-0.017877 -0.0142
-0.0179801 -0.0143
-0.0180832 -0.0144
-0.0181863 -0.0145
-0.0182893 -0.0146
-0.0183923 -0.0147
-0.0184953 -0.0148
-0.0185983 -0.0149
-0.0187012 -0.015
-0.0188041 -0.0151
-0.018907 -0.0152
-0.0190099 -0.0153
-0.0191127 -0.0154
-0.0192155 -0.0155
-0.0193183 -0.0156
-0.0194211 -0.0157
-0.0195238 -0.0158
-0.0196265 -0.0159
-0.0197292 -0.016
-0.0198319 -0.0161
-0.0199346 -0.0162
-0.0200372 -0.0163
-0.0201398 -0.0164
-0.0202424 -0.0165
-0.020345 -0.0166
-0.0204475 -0.0167
-0.0205501 -0.0168
-0.0206526 -0.0169
-0.0207551 -0.017
-0.0208576 -0.0171
-0.02096 -0.0172
-0.0210625 -0.0173
-0.0211649 -0.0174
-0.0212673 -0.0175
-0.0213697 -0.0176
-0.021472 -0.0177
-0.0215744 -0.0178
-0.0216767 -0.0179
-0.021779 -0.018
-0.0218813 -0.0181
-0.0219836 -0.0182
-0.0220859 -0.0183
-0.0221881 -0.0184
-0.0222903 -0.0185
-0.0223926 -0.0186
-0.0224948 -0.0187
-0.0225969 -0.0188
-0.0226991 -0.0189
-0.0228013 -0.019
-0.0229034 -0.0191
-0.0230055 -0.0192
-0.0231076 -0.0193
-0.0232097 -0.0194
-0.0233118 -0.0195
-0.0234138 -0.0196
-0.0235159 -0.0197
-0.0236179 -0.0198
-0.0237199 -0.0199
-0.0238219 -0.02
-0.0239239 -0.0201
-0.0240259 -0.0202
-0.0241279 -0.0203
-0.0242298 -0.0204
-0.0243318 -0.0205
-0.0244337 -0.0206
-0.0245356 -0.0207
-0.0246375 -0.0208
-0.0247394 -0.0209
-0.0248412 -0.021
-0.0249431 -0.0211
-0.025045 -0.0212
-0.0251468 -0.0213
-0.0252486 -0.0214
-0.0253504 -0.0215
-0.0254522 -0.0216
-0.025554 -0.0217
-0.0256558 -0.0218
-0.0257576 -0.0219
-0.0258593 -0.022
-0.0259611 -0.0221
-0.0260628 -0.0222
-0.0261645 -0.0223
-0.0262662 -0.0224
-0.0263679 -0.0225
-0.0264696 -0.0226
-0.0265713 -0.0227
-0.0266729 -0.0228
-0.0267746 -0.0229
-0.0268763 -0.023
-0.0269779 -0.0231
-0.0270795 -0.0232
-0.0271811 -0.0233
-0.0272827 -0.0234
-0.0273843 -0.0235
-0.0274859 -0.0236
-0.0275875 -0.0237
-0.0276891 -0.0238
-0.0277906 -0.0239
-0.0278922 -0.024
-0.0279937 -0.0241
-0.0280952 -0.0242
-0.0281968 -0.0243
-0.0282983 -0.0244
-0.0283998 -0.0245
-0.0285013 -0.0246
-0.0286028 -0.0247
-0.0287042 -0.0248
-0.0288057 -0.0249
-0.0289072 -0.025
-0.0287406 -0.0249
-0.028574 -0.0248
-0.0284077 -0.0247
-0.0282415 -0.0246
-0.0280754 -0.0245
-0.0279096 -0.0244
-0.0277439 -0.0243
-0.0275785 -0.0242
-0.0274132 -0.0241
-0.0272482 -0.024
-0.0270834 -0.0239
-0.0269189 -0.0238
-0.0267546 -0.0237
-0.0265905 -0.0236
-0.0264267 -0.0235
-0.0262631 -0.0234
-0.0260999 -0.0233
-0.0259368 -0.0232
-0.0257741 -0.0231
-0.0256117 -0.023
-0.0254495 -0.0229
-0.0252876 -0.0228
-0.0251261 -0.0227
-0.0249648 -0.0226
-0.0248038 -0.0225
-0.0246432 -0.0224
-0.0244829 -0.0223
-0.0243229 -0.0222
-0.0241632 -0.0221
-0.0240038 -0.022
-0.0238448 -0.0219
-0.0236862 -0.0218
-0.0235278 -0.0217
-0.0233699 -0.0216
-0.0232122 -0.0215
-0.023055 -0.0214
-0.0228981 -0.0213
-0.0227415 -0.0212
-0.0225853 -0.0211
-0.0224296 -0.021
-0.0222741 -0.0209
-0.0221191 -0.0208
-0.0219644 -0.0207
-0.0218101 -0.0206
-0.0216563 -0.0205
-0.0215028 -0.0204
-0.0213497 -0.0203
-0.021197 -0.0202
-0.0210447 -0.0201
-0.0208928 -0.02
-0.0207413 -0.0199
-0.0205902 -0.0198
-0.0204396 -0.0197
-0.0202893 -0.0196
-0.0201395 -0.0195
-0.0199901 -0.0194
-0.0198411 -0.0193
-0.0196925 -0.0192
-0.0195443 -0.0191
-0.0193966 -0.019
-0.0192493 -0.0189
-0.0191025 -0.0188
-0.018956 -0.0187
-0.01881 -0.0186
-0.0186644 -0.0185
-0.0185193 -0.0184
-0.0183746 -0.0183
-0.0182303 -0.0182
-0.0180865 -0.0181
-0.0179431 -0.018
-0.0178001 -0.0179
-0.0176576 -0.0178
-0.0175155 -0.0177
-0.0173738 -0.0176
-0.0172326 -0.0175
-0.0170918 -0.0174
-0.0169514 -0.0173
-0.0168115 -0.0172
-0.016672 -0.0171
-0.0165329 -0.017
-0.0163943 -0.0169
-0.016256 -0.0168
-0.0161183 -0.0167
-0.0159809 -0.0166
-0.015844 -0.0165
-0.0157075 -0.0164
-0.0155714 -0.0163
-0.0154357 -0.0162
-0.0153004 -0.0161
-0.0151656 -0.016
-0.0150312 -0.0159
-0.0148972 -0.0158
-0.0147635 -0.0157
-0.0146303 -0.0156
-0.0144975 -0.0155
-0.0143651 -0.0154
-0.0142331 -0.0153
-0.0141015 -0.0152
-0.0139703 -0.0151
-0.0138395 -0.015
-0.013709 -0.0149
-0.013579 -0.0148
-0.0134493 -0.0147
-0.01332 -0.0146
-0.0131911 -0.0145
-0.0130625 -0.0144
-0.0129343 -0.0143
-0.0128065 -0.0142
-0.012679 -0.0141
-0.0125519 -0.014
-0.0124251 -0.0139
-0.0122987 -0.0138
-0.0121726 -0.0137
-0.0120469 -0.0136
-0.0119215 -0.0135
-0.0117964 -0.0134
-0.0116717 -0.0133
-0.0115473 -0.0132
-0.0114232 -0.0131
-0.0112995 -0.013
-0.011176 -0.0129
-0.0110529 -0.0128
-0.0109301 -0.0127
-0.0108076 -0.0126
-0.0106854 -0.0125
-0.0105634 -0.0124
-0.0104418 -0.0123
-0.0103205 -0.0122
-0.0101994 -0.0121
-0.0100786 -0.012
-0.00995815 -0.0119
-0.00983793 -0.0118
-0.00971798 -0.0117
-0.0095983 -0.0116
-0.00947888 -0.0115
-0.00935973 -0.0114
-0.00924083 -0.0113
-0.00912218 -0.0112
-0.00900379 -0.0111
-0.00888564 -0.011
-0.00876773 -0.0109
-0.00865006 -0.0108
-0.00853263 -0.0107
-0.00841543 -0.0106
-0.00829845 -0.0105
-0.00818171 -0.0104
-0.00806519 -0.0103
-0.00794888 -0.0102
-0.00783279 -0.0101
-0.00771692 -0.01
-0.00760125 -0.0099
-0.0074858 -0.0098
-0.00737054 -0.0097
-0.00725549 -0.0096
-0.00714063 -0.0095
-0.00702597 -0.0094
-0.0069115 -0.0093
-0.00679722 -0.0092
-0.00668312 -0.0091
-0.00656921 -0.009
-0.00645548 -0.0089
-0.00634192 -0.0088
-0.00622855 -0.0087
-0.00611534 -0.0086
-0.0060023 -0.0085
-0.00588943 -0.0084
-0.00577673 -0.0083
-0.00566419 -0.0082
-0.0055518 -0.0081
-0.00543958 -0.008
-0.00532751 -0.0079
-0.00521559 -0.0078
-0.00510382 -0.0077
-0.0049922 -0.0076
-0.00488072 -0.0075
-0.00476939 -0.0074
-0.0046582 -0.0073
-0.00454715 -0.0072
-0.00443623 -0.0071
-0.00432545 -0.007
-0.0042148 -0.0069
-0.00410429 -0.0068
-0.0039939 -0.0067
-0.00388364 -0.0066
-0.0037735 -0.0065
-0.00366348 -0.0064
-0.00355359 -0.0063
-0.00344382 -0.0062
-0.00333416 -0.0061
-0.00322462 -0.006
-0.00311519 -0.0059
-0.00300588 -0.0058
-0.00289667 -0.0057
-0.00278757 -0.0056
-0.00267858 -0.0055
-0.0025697 -0.0054
-0.00246092 -0.0053
-0.00235224 -0.0052
-0.00224366 -0.0051
-0.00213518 -0.005
-0.0020268 -0.0049
-0.00191852 -0.0048
-0.00181033 -0.0047
-0.00170223 -0.0046
-0.00159423 -0.0045
-0.00148632 -0.0044
-0.00137849 -0.0043
-0.00127075 -0.0042
-0.0011631 -0.0041
-0.00105554 -0.004
-0.00094806 -0.0039
-0.000840662 -0.0038
-0.000733346 -0.0037
-0.000626111 -0.0036
-0.000518955 -0.0035
-0.000411877 -0.0034
-0.000304875 -0.0033
-0.00019795 -0.0032
-9.10999e-05 -0.0031
1.56768e-05 -0.003
0.000122381 -0.0029
0.000229013 -0.0028
0.000335575 -0.0027
0.000442068 -0.0026
0.000548492 -0.0025
0.000654848 -0.0024
0.000761138 -0.0023
0.000867362 -0.0022
0.000973522 -0.0021
0.00107962 -0.002
0.00118565 -0.0019
0.00129162 -0.0018
0.00139753 -0.0017
0.00150338 -0.0016
0.00160917 -0.0015
0.0017149 -0.0014
0.00182057 -0.0013
0.00192619 -0.0012
0.00203175 -0.0011
0.00213725 -0.001
0.0022427 -0.0009
0.0023481 -0.0008
0.00245344 -0.0007
0.00255873 -0.0006
0.00266397 -0.0005
0.00276916 -0.0004
0.0028743 -0.0003
0.00297938 -0.0002
0.00308442 -0.0001
0.00318941 -2.43945e-19
0.00329435 0.0001
0.00339925 0.0002
0.0035041 0.0003
0.0036089 0.0004
0.00371366 0.0005
0.00381837 0.0006
0.00392304 0.0007
0.00402767 0.0008
0.00413225 0.0009
0.00423679 0.001
0.00434129 0.0011
0.00444575 0.0012
0.00455016 0.0013
0.00465454 0.0014
0.00475888 0.0015
0.00486317 0.0016
0.00496743 0.0017
0.00507165 0.0018
0.00517584 0.0019
0.00527998 0.002
0.00538409 0.0021
0.00548816 0.0022
0.0055922 0.0023
0.0056962 0.0024
0.00580017 0.0025
0.0059041 0.0026
0.006008 0.0027
0.00611187 0.0028
0.0062157 0.0029
0.0063195 0.003
0.00642326 0.0031
0.006527 0.0032
0.0066307 0.0033
0.00673437 0.0034
0.00683801 0.0035
0.00694162 0.0036
0.0070452 0.0037
0.00714875 0.0038
0.00725227 0.0039
0.00735576 0.004
0.00745923 0.0041
0.00756266 0.0042
0.00766607 0.0043
0.00776945 0.0044
0.0078728 0.0045
0.00797612 0.0046
0.00807942 0.0047
0.00818269 0.0048
0.00828594 0.0049
0.00838916 0.005
0.00849236 0.0051
0.00859552 0.0052
0.00869867 0.0053
0.00880179 0.0054
0.00890488 0.0055
0.00900796 0.0056
0.009111 0.0057
0.00921403 0.0058
0.00931703 0.0059
0.00942001 0.006
0.00952296 0.0061
0.00962589 0.0062
0.00972881 0.0063
0.00983169 0.0064
0.00993456 0.0065
0.0100374 0.0066
0.0101402 0.0067
0.010243 0.0068
0.0103458 0.0069
0.0104486 0.007
0.0105513 0.0071
0.010654 0.0072
0.0107567 0.0073
0.0108594 0.0074
0.0109621 0.0075
0.0110647 0.0076
0.0111674 0.0077
0.01127 0.0078
0.0113725 0.0079
0.0114751 0.008
0.0115777 0.0081
0.0116802 0.0082
0.0117827 0.0083
0.0118852 0.0084
0.0119877 0.0085
0.0120902 0.0086
0.0121926 0.0087
0.012295 0.0088
0.0123974 0.0089
0.0124998 0.009
0.0126022 0.0091
0.0127046 0.0092
0.0128069 0.0093
0.0129093 0.0094
0.0130116 0.0095
0.0131139 0.0096
0.0132162 0.0097
0.0133184 0.0098
0.0134207 0.0099
0.0135229 0.01
0.0136251 0.0101
0.0137273 0.0102
0.0138295 0.0103
0.0139317 0.0104
0.0140339 0.0105
0.014136 0.0106
0.0142382 0.0107
0.0143403 0.0108
0.0144424 0.0109
0.0145445 0.011
0.0146466 0.0111
0.0147487 0.0112
0.0148507 0.0113
0.0149528 0.0114
0.0150548 0.0115
0.0151568 0.0116
0.0152588 0.0117
0.0153608 0.0118
0.0154628 0.0119
0.0155648 0.012
0.0156667 0.0121
0.0157687 0.0122
0.0158706 0.0123
0.0159725 0.0124
0.0160744 0.0125
0.0161763 0.0126
0.0162782 0.0127
0.0163801 0.0128
0.016482 0.0129
0.0165838 0.013
0.0166857 0.0131
0.0167875 0.0132
0.0168893 0.0133
0.0169911 0.0134
0.0170929 0.0135
0.0171947 0.0136
0.0172965 0.0137
0.0173983 0.0138
0.0175 0.0139
0.0176018 0.014
0.0177035 0.0141
0.0178052 0.0142
0.0179069 0.0143
0.0180087 0.0144
0.0181104 0.0145
0.018212 0.0146
0.0183137 0.0147
0.0184154 0.0148
0.0185171 0.0149
0.0186187 0.015
0.0187203 0.0151
0.018822 0.0152
0.0189236 0.0153
0.0190252 0.0154
0.0191268 0.0155
0.0192284 0.0156
0.01933 0.0157
0.0194316 0.0158
0.0195332 0.0159
0.0196347 0.016
0.0197363 0.0161
0.0198378 0.0162
0.0199394 0.0163
0.0200409 0.0164
0.0201424 0.0165
0.0202439 0.0166
0.0203454 0.0167
0.0204469 0.0168
0.0205484 0.0169
0.0206499 0.017
0.0207514 0.0171
0.0208528 0.0172
0.0209543 0.0173
0.0210558 0.0174
0.0211572 0.0175
0.0212586 0.0176
0.0213601 0.0177
0.0214615 0.0178
0.0215629 0.0179
0.0216643 0.018
0.0217657 0.0181
0.0218671 0.0182
0.0219685 0.0183
0.0220699 0.0184
0.0221713 0.0185
0.0222726 0.0186
0.022374 0.0187
0.0224753 0.0188
0.0225767 0.0189
0.022678 0.019
0.0227794 0.0191
0.0228807 0.0192
0.022982 0.0193
0.0230833 0.0194
0.0231846 0.0195
0.0232859 0.0196
0.0233872 0.0197
0.0234885 0.0198
0.0235898 0.0199
0.0236911 0.02
0.0237923 0.0201
0.0238936 0.0202
0.0239949 0.0203
0.0240961 0.0204
0.0241974 0.0205
0.0242986 0.0206
0.0243998 0.0207
0.0245011 0.0208
0.0246023 0.0209
0.0247035 0.021
0.0248047 0.0211
0.0249059 0.0212
0.0250071 0.0213
0.0251083 0.0214
0.0252095 0.0215
0.0253107 0.0216
0.0254119 0.0217
0.0255131 0.0218
0.0256142 0.0219
0.0257154 0.022
0.0258166 0.0221
0.0259177 0.0222
0.0260189 0.0223
0.02612 0.0224
0.0262211 0.0225
0.0263223 0.0226
0.0264234 0.0227
0.0265245 0.0228
0.0266257 0.0229
0.0267268 0.023
0.0268279 0.0231
0.026929 0.0232
0.0270301 0.0233
0.0271312 0.0234
0.0272323 0.0235
0.0273334 0.0236
0.0274344 0.0237
0.0275355 0.0238
0.0276366 0.0239
0.0277377 0.024
0.0278387 0.0241
0.0279398 0.0242
0.0280408 0.0243
0.0281419 0.0244
0.0282429 0.0245
0.028344 0.0246
0.028445 0.0247
0.0285461 0.0248
0.0286471 0.0249
0.0287481 0.025
0.0270914 0.024
0.0254554 0.023
0.0238504 0.022
0.0222794 0.021
0.0207458 0.02
0.0192525 0.019
0.017801 0.018
0.0163918 0.017
0.0150242 0.016
0.0136965 0.015
0.0124062 0.014
0.01115 0.013
0.00992462 0.012
0.00872649 0.011
0.00755227 0.01
0.00639887 0.009
0.00526351 0.008
0.00414372 0.007
0.00303737 0.006
0.00194261 0.005
0.000857858 0.004
-0.000218219 0.003
-0.00128677 0.002
-0.00234877 0.001
-0.00340505 -1.11022e-16
-0.00445632 -0.001
-0.00550318 -0.002
-0.00654615 -0.003
-0.00758567 -0.004
-0.00862214 -0.005
-0.00965589 -0.006
-0.0106872 -0.007
-0.0117163 -0.008
-0.0127435 -0.009
-0.0137689 -0.01
-0.0147927 -0.011
-0.015815 -0.012
-0.0168361 -0.013
-0.0178559 -0.014
-0.0188746 -0.015
-0.0198923 -0.016
-0.0209091 -0.017
-0.0219251 -0.018
-0.0229402 -0.019
-0.0239547 -0.02
-0.0249685 -0.021
-0.0259817 -0.022
-0.0269943 -0.023
-0.0280064 -0.024
-0.0290179 -0.025
-0.0300291 -0.026
-0.0310398 -0.027
-0.0320501 -0.028
-0.03306 -0.029
-0.0340695 -0.03
-0.0350788 -0.031
-0.0360877 -0.032
-0.0370964 -0.033
-0.0381047 -0.034
-0.0391128 -0.035
-0.0374603 -0.034
-0.0358224 -0.033
-0.0342199 -0.032
-0.0326521 -0.031
-0.0311222 -0.03
-0.0296328 -0.029
-0.0281851 -0.028
-0.0267795 -0.027
-0.0254151 -0.026
-0.02409 -0.025
-0.0228017 -0.024
-0.0215468 -0.023
-0.0203222 -0.022
-0.0191243 -0.021
-0.0179499 -0.02
-0.016796 -0.019
-0.0156598 -0.018
-0.0145391 -0.017
-0.0134316 -0.016
-0.0123356 -0.015
-0.0112496 -0.014
-0.0101722 -0.013
-0.00910235 -0.012
-0.00803905 -0.011
-0.00698149 -0.01
-0.00592897 -0.009
-0.0048809 -0.008
-0.00383674 -0.007
-0.00279608 -0.006
-0.00175851 -0.005
-0.000723701 -0.004
0.000308628 -0.003
0.00133873 -0.002
0.00236684 -0.001
0.00339314 -1.11022e-16
0.00441779 0.001
0.00544097 0.002
0.00646279 0.003
0.00748338 0.004
0.00850284 0.005
0.00952127 0.006
0.0105387 0.007
0.0115554 0.008
0.0125712 0.009
0.0135862 0.01
0.0146006 0.011
0.0156143 0.012
0.0166275 0.013
0.0176401 0.014
0.0186521 0.015
0.0196638 0.016
0.0206749 0.017
0.0216857 0.018
0.022696 0.019
0.023706 0.02
0.0247157 0.021
0.025725 0.022
0.026734 0.023
0.0277427 0.024
0.0287512 0.025
0.0297594 0.026
0.0307674 0.027
0.0317752 0.028
0.0327827 0.029
0.03379 0.03
0.0347972 0.031
0.0358041 0.032
0.0368109 0.033
0.0378175 0.034
0.038824 0.035
0.037168 0.034
0.0355343 0.033
0.0339323 0.032
0.0323646 0.031
0.0308344 0.03
0.029344 0.029
0.0278947 0.028
0.0264866 0.027
0.025119 0.026
0.02379 0.025
0.0224972 0.024
0.0212376 0.023
0.0200079 0.022
0.0188049 0.021
0.0176254 0.02
0.0164665 0.019
0.0153255 0.018
0.0142001 0.017
0.0130882 0.016
0.0119881 0.015
0.0108982 0.014
0.00981716 0.013
0.00874388 0.012
0.00767738 0.011
0.00661683 0.01
0.00556152 0.009
0.00451083 0.008
0.00346423 0.007
0.00242126 0.006
0.00138154 0.005
0.000344716 0.004
-0.000689513 0.003
-0.00172141 0.002
-0.00275119 0.001
-0.00377908 -1.11022e-16
-0.00480524 -0.001
-0.00582983 -0.002
-0.00685299 -0.003
-0.00787486 -0.004
-0.00889552 -0.005
-0.0099151 -0.006
-0.0109337 -0.007
-0.0119513 -0.008
-0.0129681 -0.009
-0.0139841 -0.01
-0.0149994 -0.011
-0.016014 -0.012
-0.0170279 -0.013
-0.0180413 -0.014
-0.0190542 -0.015
-0.0200665 -0.016
-0.0210783 -0.017
-0.0220897 -0.018
-0.0231007 -0.019
-0.0241113 -0.02
-0.0251216 -0.021
-0.0261315 -0.022
-0.027141 -0.023
-0.0281503 -0.024
-0.0291593 -0.025
-0.030168 -0.026
-0.0311765 -0.027
-0.0321847 -0.028
-0.0331926 -0.029
-0.0342004 -0.03
-0.0352079 -0.031
-0.0362153 -0.032
-0.0372225 -0.033
-0.0382295 -0.034
-0.0392363 -0.035
-0.040243 -0.036
-0.0412495 -0.037
-0.0422558 -0.038
-0.0432621 -0.039
-0.0442682 -0.04
-0.0452741 -0.041
-0.04628 -0.042
-0.0472857 -0.043
-0.0482913 -0.044
-0.0492969 -0.045
-0.0476442 -0.044
-0.0460083 -0.043
-0.0444075 -0.042
-0.0428413 -0.041
-0.0413128 -0.04
-0.0398242 -0.039
-0.0383765 -0.038
-0.03697 -0.037
-0.0356038 -0.036
-0.0342759 -0.035
-0.0329838 -0.034
-0.0317247 -0.033
-0.0304952 -0.032
-0.0292922 -0.031
-0.0281124 -0.03
-0.0269531 -0.029
-0.0258116 -0.028
-0.0246857 -0.027
-0.0235732 -0.026
-0.0224723 -0.025
-0.0213817 -0.024
-0.0203 -0.023
-0.019226 -0.022
-0.0181587 -0.021
-0.0170975 -0.02
-0.0160415 -0.019
-0.0149901 -0.018
-0.0139429 -0.017
-0.0128993 -0.016
-0.011859 -0.015
-0.0108216 -0.014
-0.00978677 -0.013
-0.00875434 -0.012
-0.00772404 -0.011
-0.00669566 -0.01
-0.00566902 -0.009
-0.00464398 -0.008
-0.00362037 -0.007
-0.00259809 -0.006
-0.00157702 -0.005
-0.00055706 -0.004
0.000461883 -0.003
0.00147989 -0.002
0.00249702 -0.001
0.00351336 -1.11022e-16
0.00452895 0.001
0.00554385 0.002
0.00655812 0.003
0.00757179 0.004
0.0085849 0.005
0.0095975 0.006
0.0106096 0.007
0.0116213 0.008
0.0126325 0.009
0.0136433 0.01
0.0146538 0.011
0.0156639 0.012
0.0166737 0.013
0.0176832 0.014
0.0186924 0.015
0.0197013 0.016
0.0207099 0.017
0.0217183 0.018
0.0227264 0.019
0.0237344 0.02
0.0247421 0.021
0.0257496 0.022
0.0267569 0.023
0.0277641 0.024
0.0287711 0.025
0.0297779 0.026
0.0307845 0.027
0.031791 0.028
0.0327974 0.029
0.0338036 0.03
0.0348097 0.031
0.0358157 0.032
0.0368215 0.033
0.0378273 0.034
0.0388329 0.035
0.0398384 0.036
0.0408439 0.037
0.0418492 0.038
0.0428544 0.039
0.0438596 0.04
0.0448646 0.041
0.0458696 0.042
0.0468745 0.043
0.0478794 0.044
0.0488841 0.045
0.0472279 0.044
0.0455956 0.043
0.0439946 0.042
0.0424278 0.041
0.0408982 0.04
0.0394077 0.039
0.0379577 0.038
0.0365482 0.037
0.0351783 0.036
0.0338463 0.035
0.0325498 0.034
0.0312861 0.033
0.0300519 0.032
0.0288441 0.031
0.0276598 0.03
0.0264961 0.029
0.0253504 0.028
0.0242204 0.027
0.0231042 0.026
0.0219998 0.025
0.0209059 0.024
0.0198211 0.023
0.0187442 0.022
0.0176744 0.021
0.0166106 0.02
0.0155523 0.019
0.0144988 0.018
0.0134496 0.017
0.0124041 0.016
0.011362 0.015
0.010323 0.014
0.00928663 0.013
0.00825276 0.012
0.00722109 0.011
0.00619143 0.01
0.00516359 0.009
0.0041374 0.008
0.00311272 0.007
0.00208942 0.006
0.00106738 0.005
4.65035e-05 0.004
-0.000973308 0.003
-0.00199214 0.002
-0.00301006 0.001
-0.00402714 -1.11022e-16
-0.00504345 -0.001
-0.00605903 -0.002
-0.00707395 -0.003
-0.00808824 -0.004
-0.00910195 -0.005
-0.0101151 -0.006
-0.0111278 -0.007
-0.01214 -0.008
-0.0131517 -0.009
-0.014163 -0.01
-0.0151739 -0.011
-0.0161845 -0.012
-0.0171947 -0.013
-0.0182046 -0.014
-0.0192142 -0.015
-0.0202235 -0.016
-0.0212325 -0.017
-0.0222412 -0.018
-0.0232497 -0.019
-0.024258 -0.02
-0.025266 -0.021
-0.0262739 -0.022
-0.0272815 -0.023
-0.0282889 -0.024
-0.0292962 -0.025
-0.0303033 -0.026
-0.0313102 -0.027
-0.032317 -0.028
-0.0333236 -0.029
-0.0343301 -0.03
-0.0353364 -0.031
-0.0363426 -0.032
-0.0373487 -0.033
-0.0383546 -0.034
-0.0393605 -0.035
-0.0403662 -0.036
-0.0413718 -0.037
-0.0423774 -0.038
-0.0433828 -0.039
-0.0443881 -0.04
-0.0453934 -0.041
-0.0463985 -0.042
-0.0474036 -0.043
-0.0484086 -0.044
-0.0494135 -0.045
-0.0504184 -0.046
-0.0514231 -0.047
-0.0524278 -0.048
-0.0534325 -0.049
-0.0544371 -0.05
-0.0554416 -0.051
-0.056446 -0.052
-0.0574504 -0.053
-0.0584547 -0.054
-0.059459 -0.055
-0.0578023 -0.054
-0.0561712 -0.053
-0.0545709 -0.052
-0.0530049 -0.051
-0.0514763 -0.05
-0.0499869 -0.049
-0.0485378 -0.048
-0.0471291 -0.047
-0.04576 -0.046
-0.0444286 -0.045
-0.0431326 -0.044
-0.041869 -0.043
-0.0406349 -0.042
-0.0394272 -0.041
-0.0382427 -0.04
-0.0370787 -0.039
-0.0359327 -0.038
-0.0348024 -0.037
-0.0336857 -0.036
-0.0325809 -0.035
-0.0314866 -0.034
-0.0304013 -0.033
-0.029324 -0.032
-0.0282537 -0.031
-0.0271895 -0.03
-0.0261307 -0.029
-0.0250768 -0.028
-0.0240272 -0.027
-0.0229813 -0.026
-0.0219388 -0.025
-0.0208994 -0.024
-0.0198627 -0.023
-0.0188285 -0.022
-0.0177965 -0.021
-0.0167666 -0.02
-0.0157384 -0.019
-0.0147119 -0.018
-0.013687 -0.017
-0.0126634 -0.016
-0.0116411 -0.015
-0.01062 -0.014
-0.00959996 -0.013
-0.0085809 -0.012
-0.00756276 -0.011
-0.00654546 -0.01
-0.00552895 -0.009
-0.00451317 -0.008
-0.00349807 -0.007
-0.00248359 -0.006
-0.00146971 -0.005
-0.000456372 -0.004
0.000556451 -0.003
0.00156879 -0.002
0.00258069 -0.001
0.00359216 -1.11022e-16
0.00460323 0.001
0.00561393 0.002
0.00662428 0.003
0.00763429 0.004
0.008644 0.005
0.00965341 0.006
0.0106625 0.007
0.0116714 0.008
0.01268 0.009
0.0136884 0.01
0.0146965 0.011
0.0157045 0.012
0.0167122 0.013
0.0177197 0.014
0.0187271 0.015
0.0197343 0.016
0.0207413 0.017
0.0217481 0.018
0.0227548 0.019
0.0237614 0.02
0.0247678 0.021
0.0257741 0.022
0.0267803 0.023
0.0277863 0.024
0.0287922 0.025
0.029798 0.026
0.0308037 0.027
0.0318093 0.028
0.0328148 0.029
0.0338202 0.03
0.0348255 0.031
0.0358307 0.032
0.0368359 0.033
0.0378409 0.034
0.0388459 0.035
0.0398508 0.036
0.0408556 0.037
0.0418604 0.038
0.0428651 0.039
0.0438697 0.04
0.0448743 0.041
0.0458788 0.042
0.0468832 0.043
0.0478876 0.044
0.0488919 0.045
0.0498962 0.046
0.0509005 0.047
0.0519046 0.048
0.0529088 0.049
0.0539129 0.05
0.052257 0.049
0.0506248 0.048
0.049024 0.047
0.0474573 0.046
0.0459274 0.045
0.0444364 0.044
0.0429853 0.043
0.0415742 0.042
0.0402023 0.041
0.038868 0.04
0.0375688 0.039
0.0363021 0.038
0.0350648 0.037
0.0338539 0.036
0.0326664 0.035
0.0314996 0.034
0.0303509 0.033
0.029218 0.032
0.0280989 0.031
0.026992 0.03
0.0258955 0.029
0.0248084 0.028
0.0237293 0.027
0.0226573 0.026
0.0215917 0.025
0.0205315 0.024
0.0194763 0.023
0.0184254 0.022
0.0173784 0.021
0.0163349 0.02
0.0152945 0.019
0.0142569 0.018
0.0132218 0.017
0.012189 0.016
0.0111583 0.015
0.0101295 0.014
0.00910231 0.013
0.00807673 0.012
0.00705256 0.011
0.00602971 0.01
0.00500805 0.009
0.0039875 0.008
0.00296796 0.007
0.00194937 0.006
0.000931643 0.005
-8.52773e-05 0.004
-0.00110145 0.003
-0.00211693 0.002
-0.00313176 0.001
-0.00414598 -1.11022e-16
