-0.000166667 -0.0001
-0.000333333 -0.0002
-0.0005 -0.0003
-0.000666667 -0.0004
-0.000833333 -0.0005
-0.001 -0.0006
-0.00116667 -0.0007
-0.00133333 -0.0008
-0.0015 -0.0009
-0.00166667 -0.001
-0.00183333 -0.0011
-0.002 -0.0012
-0.00216667 -0.0013
-0.00233333 -0.0014
-0.0025 -0.0015
-0.00266667 -0.0016
-0.00283333 -0.0017
-0.003 -0.0018
-0.00316667 -0.0019
-0.00333333 -0.002
-0.0035 -0.0021
-0.00366667 -0.0022
-0.00383333 -0.0023
-0.004 -0.0024
-0.00416667 -0.0025
-0.00433333 -0.0026
-0.0045 -0.0027
-0.00466667 -0.0028
-0.00483333 -0.0029
-0.005 -0.003
-0.00516666 -0.0031
-0.00533333 -0.0032
-0.00549999 -0.0033
-0.00566666 -0.0034
-0.00583332 -0.0035
-0.00599997 -0.0036
-0.00616663 -0.0037
-0.00633327 -0.0038
-0.00649991 -0.0039
-0.00666653 -0.004
-0.00683313 -0.0041
-0.0069997 -0.0042
-0.00716624 -0.0043
-0.00733271 -0.0044
-0.00749911 -0.0045
-0.0076654 -0.0046
-0.00783154 -0.0047
-0.00799748 -0.0048
-0.00816316 -0.0049
-0.00832848 -0.005
-0.00816181 -0.0049
-0.00799514 -0.0048
-0.00782848 -0.0047
-0.00766181 -0.0046
-0.00749514 -0.0045
-0.00732848 -0.0044
-0.00716181 -0.0043
-0.00699514 -0.0042
-0.00682848 -0.0041
-0.00666181 -0.004
-0.00649514 -0.0039
-0.00632848 -0.0038
-0.00616181 -0.0037
-0.00599514 -0.0036
-0.00582848 -0.0035
-0.00566181 -0.0034
-0.00549514 -0.0033
-0.00532848 -0.0032
-0.00516181 -0.0031
-0.00499514 -0.003
-0.00482848 -0.0029
-0.00466181 -0.0028
-0.00449514 -0.0027
-0.00432848 -0.0026
-0.00416181 -0.0025
-0.00399514 -0.0024
-0.00382848 -0.0023
-0.00366181 -0.0022
-0.00349514 -0.0021
-0.00332848 -0.002
-0.00316181 -0.0019
-0.00299514 -0.0018
-0.00282848 -0.0017
-0.00266181 -0.0016
-0.00249514 -0.0015
-0.00232848 -0.0014
-0.00216181 -0.0013
-0.00199514 -0.0012
-0.00182848 -0.0011
-0.00166181 -0.001
-0.00149514 -0.0009
-0.00132848 -0.0008
-0.00116181 -0.0007
-0.000995142 -0.0006
-0.000828475 -0.0005
-0.000661809 -0.0004
-0.000495142 -0.0003
-0.000328476 -0.0002
-0.000161809 -0.0001
4.85736e-06 -1.89735e-19
0.000171524 0.0001
0.00033819 0.0002
0.000504856 0.0003
0.000671522 0.0004
0.000838188 0.0005
0.00100485 0.0006
0.00117152 0.0007
0.00133818 0.0008
0.00150485 0.0009
0.00167151 0.001
0.00183818 0.0011
0.00200484 0.0012
0.0021715 0.0013
0.00233816 0.0014
0.00250481 0.0015
0.00267147 0.0016
0.00283812 0.0017
0.00300477 0.0018
0.00317141 0.0019
0.00333805 0.002
0.00350468 0.0021
0.00367131 0.0022
0.00383792 0.0023
0.00400452 0.0024
0.00417111 0.0025
0.00433768 0.0026
0.00450423 0.0027
0.00467075 0.0028
0.00483725 0.0029
0.00500371 0.003
0.00517013 0.0031
0.0053365 0.0032
0.00550282 0.0033
0.00566906 0.0034
0.00583522 0.0035
0.00600129 0.0036
0.00616724 0.0037
0.00633306 0.0038
0.00649873 0.0039
0.00666422 0.004
0.00682949 0.0041
0.00699451 0.0042
0.00715923 0.0043
0.00732362 0.0044
0.00748761 0.0045
0.00765113 0.0046
0.00781411 0.0047
0.00797646 0.0048
0.00813806 0.0049
0.0082988 0.005
0.00813213 0.0049
0.00796547 0.0048
0.0077988 0.0047
0.00763213 0.0046
0.00746547 0.0045
0.0072988 0.0044
0.00713213 0.0043
0.00696547 0.0042
0.0067988 0.0041
0.00663213 0.004
0.00646547 0.0039
0.0062988 0.0038
0.00613213 0.0037
0.00596547 0.0036
0.0057988 0.0035
0.00563213 0.0034
0.00546547 0.0033
0.0052988 0.0032
0.00513213 0.0031
0.00496547 0.003
0.0047988 0.0029
0.00463213 0.0028
0.00446547 0.0027
0.0042988 0.0026
0.00413213 0.0025
0.00396547 0.0024
0.0037988 0.0023
0.00363213 0.0022
0.00346547 0.0021
0.0032988 0.002
0.00313213 0.0019
0.00296547 0.0018
0.0027988 0.0017
0.00263213 0.0016
0.00246547 0.0015
0.0022988 0.0014
0.00213213 0.0013
0.00196547 0.0012
0.0017988 0.0011
0.00163213 0.001
0.00146547 0.0009
0.0012988 0.0008
0.00113213 0.0007
0.000965466 0.0006
0.000798799 0.0005
0.000632133 0.0004
0.000465466 0.0003
0.0002988 0.0002
0.000132134 0.0001
-3.45316e-05 2.43945e-19
-0.000201197 -0.0001
-0.000367863 -0.0002
-0.000534527 -0.0003
-0.000701192 -0.0004
-0.000867856 -0.0005
-0.00103452 -0.0006
-0.00120118 -0.0007
-0.00136784 -0.0008
-0.0015345 -0.0009
-0.00170116 -0.001
-0.00186781 -0.0011
-0.00203447 -0.0012
-0.00220112 -0.0013
-0.00236776 -0.0014
-0.00253441 -0.0015
-0.00270104 -0.0016
-0.00286767 -0.0017
-0.00303429 -0.0018
-0.0032009 -0.0019
-0.0033675 -0.002
-0.00353409 -0.0021
-0.00370066 -0.0022
-0.00386721 -0.0023
-0.00403374 -0.0024
-0.00420024 -0.0025
-0.00436672 -0.0026
-0.00453315 -0.0027
-0.00469954 -0.0028
-0.00486589 -0.0029
-0.00503217 -0.003
-0.00519839 -0.0031
-0.00536453 -0.0032
-0.00553058 -0.0033
-0.00569652 -0.0034
-0.00586234 -0.0035
-0.00602802 -0.0036
-0.00619354 -0.0037
-0.00635887 -0.0038
-0.00652398 -0.0039
-0.00668885 -0.004
-0.00685342 -0.0041
-0.00701767 -0.0042
-0.00718154 -0.0043
-0.00734497 -0.0044
-0.0075079 -0.0045
-0.00767025 -0.0046
-0.00783194 -0.0047
-0.00799288 -0.0048
-0.00815294 -0.0049
-0.008312 -0.005
-0.00846991 -0.0051
-0.0086265 -0.0052
-0.00878157 -0.0053
-0.00893492 -0.0054
-0.00908628 -0.0055
-0.0092354 -0.0056
-0.00938198 -0.0057
-0.0095257 -0.0058
-0.00966627 -0.0059
-0.00980338 -0.006
-0.00993681 -0.0061
-0.0100664 -0.0062
-0.0101921 -0.0063
-0.0103139 -0.0064
-0.0104321 -0.0065
-0.0105471 -0.0066
-0.0106592 -0.0067
-0.0107688 -0.0068
-0.0108763 -0.0069
-0.0109823 -0.007
-0.0110869 -0.0071
-0.0111905 -0.0072
-0.0112934 -0.0073
-0.0113956 -0.0074
-0.0114974 -0.0075
-0.0115988 -0.0076
-0.0116999 -0.0077
-0.0118008 -0.0078
-0.0119016 -0.0079
-0.0120023 -0.008
-0.0121028 -0.0081
-0.0122033 -0.0082
-0.0123037 -0.0083
-0.0124041 -0.0084
-0.0125044 -0.0085
-0.0126047 -0.0086
-0.012705 -0.0087
-0.0128053 -0.0088
-0.0129055 -0.0089
-0.0130058 -0.009
-0.013106 -0.0091
-0.0132062 -0.0092
-0.0133065 -0.0093
-0.0134067 -0.0094
-0.0135069 -0.0095
-0.0136071 -0.0096
-0.0137073 -0.0097
-0.0138075 -0.0098
-0.0139077 -0.0099
-0.0140079 -0.01
-0.0141082 -0.0101
-0.0142084 -0.0102
-0.0143086 -0.0103
-0.0144088 -0.0104
-0.014509 -0.0105
-0.0146092 -0.0106
-0.0147094 -0.0107
-0.0148096 -0.0108
-0.0149098 -0.0109
-0.01501 -0.011
-0.0151102 -0.0111
-0.0152104 -0.0112
-0.0153106 -0.0113
-0.0154108 -0.0114
-0.015511 -0.0115
-0.0156112 -0.0116
-0.0157114 -0.0117
-0.0158116 -0.0118
-0.0159118 -0.0119
-0.016012 -0.012
-0.0161122 -0.0121
-0.0162124 -0.0122
-0.0163126 -0.0123
-0.0164128 -0.0124
-0.016513 -0.0125
-0.0166132 -0.0126
-0.0167134 -0.0127
-0.0168136 -0.0128
-0.0169138 -0.0129
-0.017014 -0.013
-0.0171142 -0.0131
-0.0172144 -0.0132
-0.0173146 -0.0133
-0.0174148 -0.0134
-0.017515 -0.0135
-0.0176152 -0.0136
-0.0177154 -0.0137
-0.0178156 -0.0138
-0.0179158 -0.0139
-0.018016 -0.014
-0.0181162 -0.0141
-0.0182164 -0.0142
-0.0183166 -0.0143
-0.0184168 -0.0144
-0.018517 -0.0145
-0.0186172 -0.0146
-0.0187174 -0.0147
-0.0188176 -0.0148
-0.0189178 -0.0149
-0.019018 -0.015
-0.0188513 -0.0149
-0.0186847 -0.0148
-0.0185181 -0.0147
-0.0183516 -0.0146
-0.0181851 -0.0145
-0.0180187 -0.0144
-0.0178524 -0.0143
-0.0176862 -0.0142
-0.0175201 -0.0141
-0.0173541 -0.014
-0.0171883 -0.0139
-0.0170225 -0.0138
-0.0168569 -0.0137
-0.0166914 -0.0136
-0.0165261 -0.0135
-0.0163609 -0.0134
-0.0161958 -0.0133
-0.016031 -0.0132
-0.0158663 -0.0131
-0.0157017 -0.013
-0.0155374 -0.0129
-0.0153732 -0.0128
-0.0152092 -0.0127
-0.0150454 -0.0126
-0.0148819 -0.0125
-0.0147185 -0.0124
-0.0145553 -0.0123
-0.0143924 -0.0122
-0.0142297 -0.0121
-0.0140672 -0.012
-0.0139049 -0.0119
-0.0137429 -0.0118
-0.0135811 -0.0117
-0.0134196 -0.0116
-0.0132584 -0.0115
-0.0130974 -0.0114
-0.0129366 -0.0113
-0.0127762 -0.0112
-0.012616 -0.0111
-0.0124561 -0.011
-0.0122965 -0.0109
-0.0121371 -0.0108
-0.0119781 -0.0107
-0.0118194 -0.0106
-0.011661 -0.0105
-0.0115029 -0.0104
-0.0113451 -0.0103
-0.0111877 -0.0102
-0.0110306 -0.0101
-0.0108738 -0.01
-0.0107173 -0.0099
-0.0105612 -0.0098
-0.0104055 -0.0097
-0.0102501 -0.0096
-0.010095 -0.0095
-0.00994037 -0.0094
-0.00978606 -0.0093
-0.00963213 -0.0092
-0.00947857 -0.0091
-0.00932539 -0.009
-0.0091726 -0.0089
-0.0090202 -0.0088
-0.0088682 -0.0087
-0.00871659 -0.0086
-0.00856539 -0.0085
-0.00841459 -0.0084
-0.0082642 -0.0083
-0.00811423 -0.0082
-0.00796468 -0.0081
-0.00781555 -0.008
-0.00766684 -0.0079
-0.00751857 -0.0078
-0.00737072 -0.0077
-0.00722331 -0.0076
-0.00707634 -0.0075
-0.00692981 -0.0074
-0.00678372 -0.0073
-0.00663808 -0.0072
-0.00649288 -0.0071
-0.00634814 -0.007
-0.00620385 -0.0069
-0.00606001 -0.0068
-0.00591663 -0.0067
-0.0057737 -0.0066
-0.00563124 -0.0065
-0.00548924 -0.0064
-0.0053477 -0.0063
-0.00520662 -0.0062
-0.005066 -0.0061
-0.00492585 -0.006
-0.00478616 -0.0059
-0.00464694 -0.0058
-0.00450818 -0.0057
-0.00436989 -0.0056
-0.00423206 -0.0055
-0.00409469 -0.0054
-0.00395779 -0.0053
-0.00382135 -0.0052
-0.00368537 -0.0051
-0.00354985 -0.005
-0.00341479 -0.0049
-0.00328019 -0.0048
-0.00314604 -0.0047
-0.00301235 -0.0046
-0.00287911 -0.0045
-0.00274632 -0.0044
-0.00261398 -0.0043
-0.00248208 -0.0042
-0.00235063 -0.0041
-0.00221961 -0.004
-0.00208903 -0.0039
-0.00195889 -0.0038
-0.00182918 -0.0037
-0.0016999 -0.0036
-0.00157104 -0.0035
-0.0014426 -0.0034
-0.00131458 -0.0033
-0.00118697 -0.0032
-0.00105977 -0.0031
-0.000932984 -0.003
-0.000806597 -0.0029
-0.000680608 -0.0028
-0.000555013 -0.0027
-0.000429809 -0.0026
-0.000304991 -0.0025
-0.000180554 -0.0024
-5.6495e-05 -0.0023
6.71911e-05 -0.0022
0.000190509 -0.0021
0.000313462 -0.002
0.000436055 -0.0019
0.000558294 -0.0018
0.000680182 -0.0017
0.000801724 -0.0016
0.000922925 -0.0015
0.00104379 -0.0014
0.00116432 -0.0013
0.00128452 -0.0012
0.00140441 -0.0011
0.00152397 -0.001
0.00164322 -0.0009
0.00176216 -0.0008
0.00188079 -0.0007
0.00199913 -0.0006
0.00211717 -0.0005
0.00223492 -0.0004
0.00235239 -0.0003
0.00246957 -0.0002
0.00258647 -0.0001
0.0027031 -2.43959e-19
0.00281947 0.0001
0.00293557 0.0002
0.00305141 0.0003
0.00316699 0.0004
0.00328232 0.0005
0.00339741 0.0006
0.00351225 0.0007
0.00362686 0.0008
0.00374122 0.0009
0.00385536 0.001
0.00396927 0.0011
0.00408296 0.0012
0.00419643 0.0013
0.00430969 0.0014
0.00442273 0.0015
0.00453557 0.0016
0.0046482 0.0017
0.00476063 0.0018
0.00487286 0.0019
0.0049849 0.002
0.00509675 0.0021
0.00520842 0.0022
0.0053199 0.0023
0.0054312 0.0024
0.00554232 0.0025
0.00565327 0.0026
0.00576405 0.0027
0.00587467 0.0028
0.00598512 0.0029
0.0060954 0.003
0.00620553 0.0031
0.00631551 0.0032
0.00642533 0.0033
0.006535 0.0034
0.00664452 0.0035
0.0067539 0.0036
0.00686314 0.0037
0.00697224 0.0038
0.0070812 0.0039
0.00719003 0.004
0.00729872 0.0041
0.00740729 0.0042
0.00751573 0.0043
0.00762404 0.0044
0.00773223 0.0045
0.0078403 0.0046
0.00794826 0.0047
0.00805609 0.0048
0.00816382 0.0049
0.00827143 0.005
0.00837893 0.0051
0.00848633 0.0052
0.00859362 0.0053
0.0087008 0.0054
0.00880788 0.0055
0.00891487 0.0056
0.00902175 0.0057
0.00912854 0.0058
0.00923523 0.0059
0.00934183 0.006
0.00944834 0.0061
0.00955475 0.0062
0.00966108 0.0063
0.00976732 0.0064
0.00987348 0.0065
0.00997955 0.0066
0.0100855 0.0067
0.0101915 0.0068
0.0102973 0.0069
0.010403 0.007
0.0105087 0.0071
0.0106143 0.0072
0.0107198 0.0073
0.0108253 0.0074
0.0109307 0.0075
0.011036 0.0076
0.0111412 0.0077
0.0112464 0.0078
0.0113515 0.0079
0.0114566 0.008
0.0115615 0.0081
0.0116665 0.0082
0.0117713 0.0083
0.0118761 0.0084
0.0119808 0.0085
0.0120855 0.0086
0.0121901 0.0087
0.0122947 0.0088
0.0123992 0.0089
0.0125036 0.009
0.012608 0.0091
0.0127123 0.0092
0.0128166 0.0093
0.0129209 0.0094
0.013025 0.0095
0.0131292 0.0096
0.0132333 0.0097
0.0133373 0.0098
0.0134413 0.0099
0.0135452 0.01
0.0136491 0.0101
0.013753 0.0102
0.0138568 0.0103
0.0139605 0.0104
0.0140642 0.0105
0.0141679 0.0106
0.0142715 0.0107
0.0143751 0.0108
0.0144787 0.0109
0.0145822 0.011
0.0146857 0.0111
0.0147891 0.0112
0.0148925 0.0113
0.0149958 0.0114
0.0150991 0.0115
0.0152024 0.0116
0.0153057 0.0117
0.0154089 0.0118
0.0155121 0.0119
0.0156152 0.012
0.0157183 0.0121
0.0158214 0.0122
0.0159244 0.0123
0.0160274 0.0124
0.0161304 0.0125
0.0162334 0.0126
0.0163363 0.0127
0.0164392 0.0128
0.016542 0.0129
0.0166448 0.013
0.0167476 0.0131
0.0168504 0.0132
0.0169531 0.0133
0.0170559 0.0134
0.0171585 0.0135
0.0172612 0.0136
0.0173638 0.0137
0.0174664 0.0138
0.017569 0.0139
0.0176716 0.014
0.0177741 0.0141
0.0178766 0.0142
0.0179791 0.0143
0.0180815 0.0144
0.018184 0.0145
0.0182864 0.0146
0.0183888 0.0147
0.0184911 0.0148
0.0185935 0.0149
0.0186958 0.015
0.0185291 0.0149
0.0183626 0.0148
0.0181962 0.0147
0.0180298 0.0146
0.0178637 0.0145
0.0176976 0.0144
0.0175318 0.0143
0.0173661 0.0142
0.0172006 0.0141
0.0170353 0.014
0.0168702 0.0139
0.0167053 0.0138
0.0165406 0.0137
0.0163762 0.0136
0.016212 0.0135
0.016048 0.0134
0.0158842 0.0133
0.0157207 0.0132
0.0155575 0.0131
0.0153945 0.013
0.0152317 0.0129
0.0150693 0.0128
0.0149071 0.0127
0.0147452 0.0126
0.0145836 0.0125
0.0144223 0.0124
0.0142613 0.0123
0.0141006 0.0122
0.0139402 0.0121
0.0137802 0.012
0.0136204 0.0119
0.013461 0.0118
0.0133019 0.0117
0.0131431 0.0116
0.0129847 0.0115
0.0128266 0.0114
0.0126689 0.0113
0.0125115 0.0112
0.0123545 0.0111
0.0121979 0.011
0.0120416 0.0109
0.0118857 0.0108
0.0117302 0.0107
0.011575 0.0106
0.0114202 0.0105
0.0112659 0.0104
0.0111119 0.0103
0.0109583 0.0102
0.0108051 0.0101
0.0106523 0.01
0.0104999 0.0099
0.010348 0.0098
0.0101964 0.0097
0.0100453 0.0096
0.00989455 0.0095
0.00974426 0.0094
0.00959439 0.0093
0.00944495 0.0092
0.00929593 0.0091
0.00914735 0.009
0.00899921 0.0089
0.00885151 0.0088
0.00870424 0.0087
0.00855741 0.0086
0.00841103 0.0085
0.0082651 0.0084
0.00811961 0.0083
0.00797456 0.0082
0.00782997 0.0081
0.00768583 0.008
0.00754213 0.0079
0.00739889 0.0078
0.0072561 0.0077
0.00711376 0.0076
0.00697187 0.0075
0.00683044 0.0074
0.00668946 0.0073
0.00654893 0.0072
0.00640886 0.0071
0.00626923 0.007
0.00613006 0.0069
0.00599133 0.0068
0.00585306 0.0067
0.00571523 0.0066
0.00557785 0.0065
0.00544092 0.0064
0.00530443 0.0063
0.00516838 0.0062
0.00503277 0.0061
0.00489761 0.006
0.00476287 0.0059
0.00462858 0.0058
0.00449471 0.0057
0.00436127 0.0056
0.00422826 0.0055
0.00409568 0.0054
0.00396352 0.0053
0.00383177 0.0052
0.00370045 0.0051
0.00356953 0.005
0.00343902 0.0049
0.00330893 0.0048
0.00317923 0.0047
0.00304993 0.0046
0.00292104 0.0045
0.00279253 0.0044
0.00266441 0.0043
0.00253668 0.0042
0.00240933 0.0041
0.00228236 0.004
0.00215576 0.0039
0.00202953 0.0038
0.00190367 0.0037
0.00177817 0.0036
0.00165303 0.0035
0.00152825 0.0034
0.00140381 0.0033
0.00127972 0.0032
0.00115597 0.0031
0.00103257 0.003
0.00090949 0.0029
0.000786744 0.0028
0.000664324 0.0027
0.000542226 0.0026
0.000420445 0.0025
0.000298976 0.0024
0.000177817 0.0023
5.6963e-05 0.0022
-6.35907e-05 0.0021
-0.000183848 0.002
-0.000303812 0.0019
-0.000423488 0.0018
-0.00054288 0.0017
-0.000661992 0.0016
-0.000780827 0.0015
-0.00089939 0.0014
-0.00101769 0.0013
-0.00113572 0.0012
-0.00125349 0.0011
-0.001371 0.001
-0.00148826 0.0009
-0.00160527 0.0008
-0.00172204 0.0007
-0.00183856 0.0006
-0.00195485 0.0005
-0.00207091 0.0004
-0.00218673 0.0003
-0.00230233 0.0002
-0.0024177 0.0001
-0.00253285 2.43945e-19
-0.00264779 -0.0001
-0.00276252 -0.0002
-0.00287703 -0.0003
-0.00299134 -0.0004
-0.00310545 -0.0005
-0.00321935 -0.0006
-0.00333306 -0.0007
-0.00344658 -0.0008
-0.00355991 -0.0009
-0.00367305 -0.001
-0.00378601 -0.0011
-0.00389878 -0.0012
-0.00401138 -0.0013
-0.0041238 -0.0014
-0.00423605 -0.0015
-0.00434813 -0.0016
-0.00446005 -0.0017
-0.0045718 -0.0018
-0.00468339 -0.0019
-0.00479482 -0.002
-0.00490609 -0.0021
-0.00501721 -0.0022
-0.00512818 -0.0023
-0.005239 -0.0024
-0.00534968 -0.0025
-0.00546021 -0.0026
-0.0055706 -0.0027
-0.00568085 -0.0028
-0.00579097 -0.0029
-0.00590095 -0.003
-0.0060108 -0.0031
-0.00612052 -0.0032
-0.00623011 -0.0033
-0.00633958 -0.0034
-0.00644892 -0.0035
-0.00655814 -0.0036
-0.00666724 -0.0037
-0.00677622 -0.0038
-0.00688509 -0.0039
-0.00699385 -0.004
-0.00710249 -0.0041
-0.00721102 -0.0042
-0.00731944 -0.0043
-0.00742776 -0.0044
-0.00753597 -0.0045
-0.00764408 -0.0046
-0.00775208 -0.0047
-0.00785999 -0.0048
-0.0079678 -0.0049
-0.00807551 -0.005
-0.00818313 -0.0051
-0.00829065 -0.0052
-0.00839808 -0.0053
-0.00850542 -0.0054
-0.00861267 -0.0055
-0.00871983 -0.0056
-0.00882691 -0.0057
-0.0089339 -0.0058
-0.00904081 -0.0059
-0.00914763 -0.006
-0.00925438 -0.0061
-0.00936104 -0.0062
-0.00946763 -0.0063
-0.00957414 -0.0064
-0.00968057 -0.0065
-0.00978693 -0.0066
-0.00989321 -0.0067
-0.00999942 -0.0068
-0.0101056 -0.0069
-0.0102116 -0.007
-0.0103176 -0.0071
-0.0104236 -0.0072
-0.0105294 -0.0073
-0.0106352 -0.0074
-0.010741 -0.0075
-0.0108466 -0.0076
-0.0109522 -0.0077
-0.0110578 -0.0078
-0.0111633 -0.0079
-0.0112687 -0.008
-0.011374 -0.0081
-0.0114793 -0.0082
-0.0115846 -0.0083
-0.0116898 -0.0084
-0.0117949 -0.0085
-0.0119 -0.0086
-0.012005 -0.0087
-0.01211 -0.0088
-0.0122149 -0.0089
-0.0123198 -0.009
-0.0124246 -0.0091
-0.0125293 -0.0092
-0.0126341 -0.0093
-0.0127387 -0.0094
-0.0128433 -0.0095
-0.0129479 -0.0096
-0.0130524 -0.0097
-0.0131569 -0.0098
-0.0132613 -0.0099
-0.0133657 -0.01
-0.0134701 -0.0101
-0.0135744 -0.0102
-0.0136786 -0.0103
-0.0137828 -0.0104
-0.013887 -0.0105
-0.0139911 -0.0106
-0.0140952 -0.0107
-0.0141993 -0.0108
-0.0143033 -0.0109
-0.0144072 -0.011
-0.0145112 -0.0111
-0.014615 -0.0112
-0.0147189 -0.0113
-0.0148227 -0.0114
-0.0149265 -0.0115
-0.0150302 -0.0116
-0.015134 -0.0117
-0.0152376 -0.0118
-0.0153413 -0.0119
-0.0154449 -0.012
-0.0155484 -0.0121
-0.015652 -0.0122
-0.0157555 -0.0123
-0.015859 -0.0124
-0.0159624 -0.0125
-0.0160658 -0.0126
-0.0161692 -0.0127
-0.0162725 -0.0128
-0.0163759 -0.0129
-0.0164791 -0.013
-0.0165824 -0.0131
-0.0166856 -0.0132
-0.0167888 -0.0133
-0.016892 -0.0134
-0.0169952 -0.0135
-0.0170983 -0.0136
-0.0172014 -0.0137
-0.0173044 -0.0138
-0.0174075 -0.0139
-0.0175105 -0.014
-0.0176135 -0.0141
-0.0177164 -0.0142
-0.0178194 -0.0143
-0.0179223 -0.0144
-0.0180251 -0.0145
-0.018128 -0.0146
-0.0182308 -0.0147
-0.0183336 -0.0148
-0.0184364 -0.0149
-0.0185392 -0.015
-0.0186419 -0.0151
-0.0187447 -0.0152
-0.0188474 -0.0153
-0.01895 -0.0154
-0.0190527 -0.0155
-0.0191553 -0.0156
-0.0192579 -0.0157
-0.0193605 -0.0158
-0.0194631 -0.0159
-0.0195656 -0.016
-0.0196682 -0.0161
-0.0197707 -0.0162
-0.0198732 -0.0163
-0.0199756 -0.0164
-0.0200781 -0.0165
-0.0201805 -0.0166
-0.0202829 -0.0167
-0.0203853 -0.0168
-0.0204877 -0.0169
-0.0205901 -0.017
-0.0206924 -0.0171
-0.0207947 -0.0172
-0.020897 -0.0173
-0.0209993 -0.0174
-0.0211016 -0.0175
-0.0212038 -0.0176
-0.0213061 -0.0177
-0.0214083 -0.0178
-0.0215105 -0.0179
-0.0216127 -0.018
-0.0217148 -0.0181
-0.021817 -0.0182
-0.0219191 -0.0183
-0.0220212 -0.0184
-0.0221233 -0.0185
-0.0222254 -0.0186
-0.0223275 -0.0187
-0.0224296 -0.0188
-0.0225316 -0.0189
-0.0226336 -0.019
-0.0227357 -0.0191
-0.0228377 -0.0192
-0.0229397 -0.0193
-0.0230416 -0.0194
-0.0231436 -0.0195
-0.0232455 -0.0196
-0.0233475 -0.0197
-0.0234494 -0.0198
-0.0235513 -0.0199
-0.0236532 -0.02
-0.0237551 -0.0201
-0.023857 -0.0202
-0.0239588 -0.0203
-0.0240607 -0.0204
-0.0241625 -0.0205
-0.0242643 -0.0206
-0.0243661 -0.0207
-0.0244679 -0.0208
-0.0245697 -0.0209
-0.0246715 -0.021
-0.0247732 -0.0211
-0.024875 -0.0212
-0.0249767 -0.0213
-0.0250784 -0.0214
-0.0251801 -0.0215
-0.0252819 -0.0216
-0.0253835 -0.0217
-0.0254852 -0.0218
-0.0255869 -0.0219
-0.0256886 -0.022
-0.0257902 -0.0221
-0.0258918 -0.0222
-0.0259935 -0.0223
-0.0260951 -0.0224
-0.0261967 -0.0225
-0.0262983 -0.0226
-0.0263999 -0.0227
-0.0265015 -0.0228
-0.026603 -0.0229
-0.0267046 -0.023
-0.0268062 -0.0231
-0.0269077 -0.0232
-0.0270092 -0.0233
-0.0271107 -0.0234
-0.0272123 -0.0235
-0.0273138 -0.0236
-0.0274153 -0.0237
-0.0275167 -0.0238
-0.0276182 -0.0239
-0.0277197 -0.024
-0.0278212 -0.0241
-0.0279226 -0.0242
-0.028024 -0.0243
-0.0281255 -0.0244
-0.0282269 -0.0245
-0.0283283 -0.0246
-0.0284297 -0.0247
-0.0285311 -0.0248
-0.0286325 -0.0249
-0.0287339 -0.025
-0.0285673 -0.0249
-0.0284008 -0.0248
-0.0282344 -0.0247
-0.0280682 -0.0246
-0.0279022 -0.0245
-0.0277364 -0.0244
-0.0275708 -0.0243
-0.0274054 -0.0242
-0.0272402 -0.0241
-0.0270752 -0.024
-0.0269105 -0.0239
-0.026746 -0.0238
-0.0265818 -0.0237
-0.0264178 -0.0236
-0.0262541 -0.0235
-0.0260906 -0.0234
-0.0259275 -0.0233
-0.0257646 -0.0232
-0.025602 -0.0231
-0.0254396 -0.023
-0.0252776 -0.0229
-0.0251159 -0.0228
-0.0249545 -0.0227
-0.0247934 -0.0226
-0.0246327 -0.0225
-0.0244722 -0.0224
-0.0243121 -0.0223
-0.0241523 -0.0222
-0.0239929 -0.0221
-0.0238338 -0.022
-0.023675 -0.0219
-0.0235166 -0.0218
-0.0233585 -0.0217
-0.0232008 -0.0216
-0.0230435 -0.0215
-0.0228866 -0.0214
-0.02273 -0.0213
-0.0225738 -0.0212
-0.022418 -0.0211
-0.0222625 -0.021
-0.0221075 -0.0209
-0.0219528 -0.0208
-0.0217985 -0.0207
-0.0216447 -0.0206
-0.0214912 -0.0205
-0.0213381 -0.0204
-0.0211855 -0.0203
-0.0210332 -0.0202
-0.0208814 -0.0201
-0.02073 -0.02
-0.020579 -0.0199
-0.0204284 -0.0198
-0.0202783 -0.0197
-0.0201286 -0.0196
-0.0199793 -0.0195
-0.0198304 -0.0194
-0.019682 -0.0193
-0.019534 -0.0192
-0.0193864 -0.0191
-0.0192393 -0.019
-0.0190926 -0.0189
-0.0189464 -0.0188
-0.0188006 -0.0187
-0.0186552 -0.0186
-0.0185103 -0.0185
-0.0183658 -0.0184
-0.0182218 -0.0183
-0.0180782 -0.0182
-0.017935 -0.0181
-0.0177923 -0.018
-0.0176501 -0.0179
-0.0175083 -0.0178
-0.0173669 -0.0177
-0.017226 -0.0176
-0.0170855 -0.0175
-0.0169455 -0.0174
-0.0168059 -0.0173
-0.0166667 -0.0172
-0.016528 -0.0171
-0.0163898 -0.017
-0.0162519 -0.0169
-0.0161145 -0.0168
-0.0159775 -0.0167
-0.015841 -0.0166
-0.0157049 -0.0165
-0.0155692 -0.0164
-0.015434 -0.0163
-0.0152991 -0.0162
-0.0151647 -0.0161
-0.0150308 -0.016
-0.0148972 -0.0159
-0.014764 -0.0158
-0.0146313 -0.0157
-0.0144989 -0.0156
-0.014367 -0.0155
-0.0142355 -0.0154
-0.0141044 -0.0153
-0.0139736 -0.0152
-0.0138433 -0.0151
-0.0137133 -0.015
-0.0135838 -0.0149
-0.0134546 -0.0148
-0.0133258 -0.0147
-0.0131974 -0.0146
-0.0130693 -0.0145
-0.0129417 -0.0144
-0.0128143 -0.0143
-0.0126874 -0.0142
-0.0125608 -0.0141
-0.0124346 -0.014
-0.0123087 -0.0139
-0.0121831 -0.0138
-0.0120579 -0.0137
-0.0119331 -0.0136
-0.0118085 -0.0135
-0.0116844 -0.0134
-0.0115605 -0.0133
-0.011437 -0.0132
-0.0113137 -0.0131
-0.0111908 -0.013
-0.0110682 -0.0129
-0.0109459 -0.0128
-0.010824 -0.0127
-0.0107023 -0.0126
-0.0105809 -0.0125
-0.0104598 -0.0124
-0.010339 -0.0123
-0.0102185 -0.0122
-0.0100982 -0.0121
-0.00997829 -0.012
-0.0098586 -0.0119
-0.00973918 -0.0118
-0.00962003 -0.0117
-0.00950114 -0.0116
-0.00938251 -0.0115
-0.00926413 -0.0114
-0.00914601 -0.0113
-0.00902813 -0.0112
-0.00891049 -0.0111
-0.0087931 -0.011
-0.00867594 -0.0109
-0.00855902 -0.0108
-0.00844232 -0.0107
-0.00832586 -0.0106
-0.00820961 -0.0105
-0.00809359 -0.0104
-0.00797778 -0.0103
-0.00786219 -0.0102
-0.0077468 -0.0101
-0.00763163 -0.01
-0.00751665 -0.0099
-0.00740188 -0.0098
-0.0072873 -0.0097
-0.00717292 -0.0096
-0.00705873 -0.0095
-0.00694473 -0.0094
-0.00683092 -0.0093
-0.00671728 -0.0092
-0.00660383 -0.0091
-0.00649056 -0.009
-0.00637745 -0.0089
-0.00626453 -0.0088
-0.00615177 -0.0087
-0.00603917 -0.0086
-0.00592674 -0.0085
-0.00581447 -0.0084
-0.00570236 -0.0083
-0.00559041 -0.0082
-0.00547861 -0.0081
-0.00536696 -0.008
-0.00525546 -0.0079
-0.00514411 -0.0078
-0.0050329 -0.0077
-0.00492184 -0.0076
-0.00481091 -0.0075
-0.00470012 -0.0074
-0.00458947 -0.0073
-0.00447895 -0.0072
-0.00436856 -0.0071
-0.00425831 -0.007
-0.00414817 -0.0069
-0.00403817 -0.0068
-0.00392829 -0.0067
-0.00381853 -0.0066
-0.00370888 -0.0065
-0.00359936 -0.0064
-0.00348995 -0.0063
-0.00338066 -0.0062
-0.00327148 -0.0061
-0.00316241 -0.006
-0.00305345 -0.0059
-0.00294459 -0.0058
-0.00283584 -0.0057
-0.0027272 -0.0056
-0.00261865 -0.0055
-0.00251021 -0.0054
-0.00240187 -0.0053
-0.00229362 -0.0052
-0.00218547 -0.0051
-0.00207742 -0.005
-0.00196946 -0.0049
-0.00186159 -0.0048
-0.00175381 -0.0047
-0.00164612 -0.0046
-0.00153852 -0.0045
-0.00143101 -0.0044
-0.00132358 -0.0043
-0.00121623 -0.0042
-0.00110897 -0.0041
-0.00100178 -0.004
-0.000894681 -0.0039
-0.000787658 -0.0038
-0.000680712 -0.0037
-0.000573843 -0.0036
-0.00046705 -0.0035
-0.000360331 -0.0034
-0.000253686 -0.0033
-0.000147112 -0.0032
-4.06103e-05 -0.0031
6.58217e-05 -0.003
0.000172185 -0.0029
0.000278479 -0.0028
0.000384707 -0.0027
0.000490869 -0.0026
0.000596965 -0.0025
0.000702997 -0.0024
0.000808966 -0.0023
0.000914873 -0.0022
0.00102072 -0.0021
0.0011265 -0.002
0.00123223 -0.0019
0.00133789 -0.0018
0.0014435 -0.0017
0.00154905 -0.0016
0.00165454 -0.0015
0.00175998 -0.0014
0.00186536 -0.0013
0.00197069 -0.0012
0.00207597 -0.0011
0.00218119 -0.001
0.00228636 -0.0009
0.00239148 -0.0008
0.00249655 -0.0007
0.00260157 -0.0006
0.00270654 -0.0005
0.00281146 -0.0004
0.00291634 -0.0003
0.00302116 -0.0002
0.00312594 -0.0001
0.00323068 -2.43945e-19
0.00333537 0.0001
0.00344001 0.0002
0.00354461 0.0003
0.00364917 0.0004
0.00375369 0.0005
0.00385816 0.0006
0.00396259 0.0007
0.00406698 0.0008
0.00417132 0.0009
0.00427563 0.001
0.0043799 0.0011
0.00448413 0.0012
0.00458832 0.0013
0.00469247 0.0014
0.00479659 0.0015
0.00490067 0.0016
0.00500471 0.0017
0.00510872 0.0018
0.00521268 0.0019
0.00531662 0.002
0.00542052 0.0021
0.00552438 0.0022
0.00562822 0.0023
0.00573201 0.0024
0.00583578 0.0025
0.00593951 0.0026
0.00604321 0.0027
0.00614688 0.0028
0.00625052 0.0029
0.00635412 0.003
0.0064577 0.0031
0.00656124 0.0032
0.00666476 0.0033
0.00676824 0.0034
0.0068717 0.0035
0.00697512 0.0036
0.00707852 0.0037
0.00718189 0.0038
0.00728524 0.0039
0.00738855 0.004
0.00749184 0.0041
0.0075951 0.0042
0.00769834 0.0043
0.00780154 0.0044
0.00790473 0.0045
0.00800788 0.0046
0.00811102 0.0047
0.00821412 0.0048
0.0083172 0.0049
0.00842026 0.005
0.0085233 0.0051
0.00862631 0.0052
0.00872929 0.0053
0.00883226 0.0054
0.0089352 0.0055
0.00903811 0.0056
0.00914101 0.0057
0.00924388 0.0058
0.00934673 0.0059
0.00944956 0.006
0.00955237 0.0061
0.00965515 0.0062
0.00975792 0.0063
0.00986066 0.0064
0.00996339 0.0065
0.0100661 0.0066
0.0101688 0.0067
0.0102714 0.0068
0.0103741 0.0069
0.0104767 0.007
0.0105793 0.0071
0.0106819 0.0072
0.0107845 0.0073
0.010887 0.0074
0.0109895 0.0075
0.0110921 0.0076
0.0111946 0.0077
0.011297 0.0078
0.0113995 0.0079
0.0115019 0.008
0.0116044 0.0081
0.0117068 0.0082
0.0118092 0.0083
0.0119115 0.0084
0.0120139 0.0085
0.0121162 0.0086
0.0122186 0.0087
0.0123209 0.0088
0.0124232 0.0089
0.0125254 0.009
0.0126277 0.0091
0.0127299 0.0092
0.0128322 0.0093
0.0129344 0.0094
0.0130366 0.0095
0.0131388 0.0096
0.013241 0.0097
0.0133431 0.0098
0.0134453 0.0099
0.0135474 0.01
0.0136495 0.0101
0.0137516 0.0102
0.0138537 0.0103
0.0139558 0.0104
0.0140578 0.0105
0.0141599 0.0106
0.0142619 0.0107
0.0143639 0.0108
0.0144659 0.0109
0.0145679 0.011
0.0146699 0.0111
0.0147719 0.0112
0.0148739 0.0113
0.0149758 0.0114
0.0150777 0.0115
0.0151797 0.0116
0.0152816 0.0117
0.0153835 0.0118
0.0154854 0.0119
0.0155872 0.012
0.0156891 0.0121
0.0157909 0.0122
0.0158928 0.0123
0.0159946 0.0124
0.0160964 0.0125
0.0161982 0.0126
0.0163 0.0127
0.0164018 0.0128
0.0165036 0.0129
0.0166054 0.013
0.0167071 0.0131
0.0168089 0.0132
0.0169106 0.0133
0.0170123 0.0134
0.017114 0.0135
0.0172157 0.0136
0.0173174 0.0137
0.0174191 0.0138
0.0175208 0.0139
0.0176225 0.014
0.0177241 0.0141
0.0178258 0.0142
0.0179274 0.0143
0.018029 0.0144
0.0181307 0.0145
0.0182323 0.0146
0.0183339 0.0147
0.0184355 0.0148
0.018537 0.0149
0.0186386 0.015
0.0187402 0.0151
0.0188417 0.0152
0.0189433 0.0153
0.0190448 0.0154
0.0191464 0.0155
0.0192479 0.0156
0.0193494 0.0157
0.0194509 0.0158
0.0195524 0.0159
0.0196539 0.016
0.0197554 0.0161
0.0198569 0.0162
0.0199583 0.0163
0.0200598 0.0164
0.0201612 0.0165
0.0202627 0.0166
0.0203641 0.0167
0.0204655 0.0168
0.020567 0.0169
0.0206684 0.017
0.0207698 0.0171
0.0208712 0.0172
0.0209726 0.0173
0.021074 0.0174
0.0211753 0.0175
0.0212767 0.0176
0.0213781 0.0177
0.0214794 0.0178
0.0215808 0.0179
0.0216821 0.018
0.0217835 0.0181
0.0218848 0.0182
0.0219861 0.0183
0.0220875 0.0184
0.0221888 0.0185
0.0222901 0.0186
0.0223914 0.0187
0.0224927 0.0188
0.0225939 0.0189
0.0226952 0.019
0.0227965 0.0191
0.0228978 0.0192
0.022999 0.0193
0.0231003 0.0194
0.0232015 0.0195
0.0233028 0.0196
0.023404 0.0197
0.0235052 0.0198
0.0236065 0.0199
0.0237077 0.02
0.0238089 0.0201
0.0239101 0.0202
0.0240113 0.0203
0.0241125 0.0204
0.0242137 0.0205
0.0243149 0.0206
0.0244161 0.0207
0.0245173 0.0208
0.0246184 0.0209
0.0247196 0.021
0.0248208 0.0211
0.0249219 0.0212
0.0250231 0.0213
0.0251242 0.0214
0.0252253 0.0215
0.0253265 0.0216
0.0254276 0.0217
0.0255287 0.0218
0.0256298 0.0219
0.025731 0.022
0.0258321 0.0221
0.0259332 0.0222
0.0260343 0.0223
0.0261354 0.0224
0.0262365 0.0225
0.0263375 0.0226
0.0264386 0.0227
0.0265397 0.0228
0.0266408 0.0229
0.0267418 0.023
0.0268429 0.0231
0.026944 0.0232
0.027045 0.0233
0.0271461 0.0234
0.0272471 0.0235
0.0273482 0.0236
0.0274492 0.0237
0.0275502 0.0238
0.0276513 0.0239
0.0277523 0.024
0.0278533 0.0241
0.0279543 0.0242
0.0280553 0.0243
0.0281563 0.0244
0.0282573 0.0245
0.0283583 0.0246
0.0284593 0.0247
0.0285603 0.0248
0.0286613 0.0249
0.0287623 0.025
0.0271046 0.024
0.0254717 0.023
0.0238701 0.022
0.0223042 0.021
0.0207779 0.02
0.0192937 0.019
0.0178533 0.018
0.0164568 0.017
0.0151031 0.016
0.01379 0.015
0.0125145 0.014
0.0112729 0.013
0.0100615 0.012
0.00887659 0.011
0.00771474 0.01
0.00657276 0.009
0.00544785 0.008
0.0043376 0.007
0.0032399 0.006
0.00215299 0.005
0.00107536 0.004
5.74268e-06 0.003
-0.00105695 0.002
-0.00211362 0.001
-0.00316505 -1.11022e-16
-0.00421189 -0.001
-0.0052547 -0.002
-0.00629397 -0.003
-0.00733009 -0.004
-0.00836343 -0.005
-0.00939429 -0.006
-0.0104229 -0.007
-0.0114496 -0.008
-0.0124745 -0.009
-0.0134977 -0.01
-0.0145196 -0.011
-0.01554 -0.012
-0.0165593 -0.013
-0.0175775 -0.014
-0.0185948 -0.015
-0.0196111 -0.016
-0.0206265 -0.017
-0.0216412 -0.018
-0.0226552 -0.019
-0.0236685 -0.02
-0.0246813 -0.021
-0.0256934 -0.022
-0.0267051 -0.023
-0.0277163 -0.024
-0.028727 -0.025
-0.0297373 -0.026
-0.0307472 -0.027
-0.0317568 -0.028
-0.032766 -0.029
-0.0337749 -0.03
-0.0347835 -0.031
-0.0357918 -0.032
-0.0367998 -0.033
-0.0378076 -0.034
-0.0388152 -0.035
-0.0371594 -0.034
-0.0355269 -0.033
-0.0339278 -0.032
-0.032365 -0.031
-0.0308421 -0.03
-0.0293616 -0.029
-0.0279246 -0.028
-0.0265312 -0.027
-0.0251801 -0.026
-0.0238689 -0.025
-0.0225946 -0.024
-0.0213536 -0.023
-0.0201423 -0.022
-0.018957 -0.021
-0.0177944 -0.02
-0.0166514 -0.019
-0.0155253 -0.018
-0.0144136 -0.017
-0.0133145 -0.016
-0.0122261 -0.015
-0.011147 -0.014
-0.0100758 -0.013
-0.00901168 -0.012
-0.00795357 -0.011
-0.00690075 -0.01
-0.00585256 -0.009
-0.00480845 -0.008
-0.00376795 -0.007
-0.00273063 -0.006
-0.00169614 -0.005
-0.000664189 -0.004
0.000365502 -0.003
0.00139316 -0.002
0.00241899 -0.001
0.00344318 -1.11022e-16
0.00446586 0.001
0.0054872 0.002
0.00650729 0.003
0.00752627 0.004
0.00854421 0.005
0.00956121 0.006
0.0105774 0.007
0.0115927 0.008
0.0126073 0.009
0.0136212 0.01
0.0146345 0.011
0.0156473 0.012
0.0166594 0.013
0.0176711 0.014
0.0186823 0.015
0.0196931 0.016
0.0207035 0.017
0.0217135 0.018
0.0227231 0.019
0.0237325 0.02
0.0247415 0.021
0.0257502 0.022
0.0267586 0.023
0.0277667 0.024
0.0287747 0.025
0.0297824 0.026
0.0307898 0.027
0.0317971 0.028
0.0328041 0.029
0.033811 0.03
0.0348177 0.031
0.0358243 0.032
0.0368306 0.033
0.0378369 0.034
0.038843 0.035
0.0371911 0.034
0.0355562 0.033
0.0339587 0.032
0.032398 0.031
0.0308774 0.03
0.0293991 0.029
0.0279643 0.028
0.0265728 0.027
0.0252231 0.026
0.023913 0.025
0.0226393 0.024
0.0213985 0.023
0.0201871 0.022
0.0190014 0.021
0.0178381 0.02
0.0166943 0.019
0.0155672 0.018
0.0144545 0.017
0.0133542 0.016
0.0122647 0.015
0.0111845 0.014
0.0101123 0.013
0.00904704 0.012
0.00798788 0.011
0.00693404 0.01
0.00588488 0.009
0.00483983 0.008
0.00379842 0.007
0.00276024 0.006
0.00172493 0.005
0.00069219 0.004
-0.000338256 0.003
-0.00136664 0.002
-0.00239316 0.001
-0.003418 -1.11022e-16
-0.00444132 -0.001
-0.00546325 -0.002
-0.00648393 -0.003
-0.00750345 -0.004
-0.00852193 -0.005
-0.00953944 -0.006
-0.0105561 -0.007
-0.0115719 -0.008
-0.0125869 -0.009
-0.0136013 -0.01
-0.014615 -0.011
-0.0156281 -0.012
-0.0166407 -0.013
-0.0176528 -0.014
-0.0186643 -0.015
-0.0196755 -0.016
-0.0206862 -0.017
-0.0216965 -0.018
-0.0227064 -0.019
-0.023716 -0.02
-0.0247253 -0.021
-0.0257343 -0.022
-0.026743 -0.023
-0.0277514 -0.024
-0.0287596 -0.025
-0.0297675 -0.026
-0.0307752 -0.027
-0.0317827 -0.028
-0.03279 -0.029
-0.0337971 -0.03
-0.034804 -0.031
-0.0358108 -0.032
-0.0368173 -0.033
-0.0378238 -0.034
-0.03883 -0.035
-0.0398362 -0.036
-0.0408422 -0.037
-0.041848 -0.038
-0.0428538 -0.039
-0.0438594 -0.04
-0.0448649 -0.041
-0.0458703 -0.042
-0.0468756 -0.043
-0.0478808 -0.044
-0.048886 -0.045
-0.0472297 -0.044
-0.0456004 -0.043
-0.044004 -0.042
-0.0424447 -0.041
-0.0409256 -0.04
-0.039449 -0.039
-0.0380156 -0.038
-0.0366253 -0.037
-0.0352766 -0.036
-0.0339671 -0.035
-0.0326938 -0.034
-0.0314531 -0.033
-0.0302414 -0.032
-0.0290553 -0.031
-0.0278915 -0.03
-0.0267469 -0.029
-0.025619 -0.028
-0.0245055 -0.027
-0.0234045 -0.026
-0.0223141 -0.025
-0.021233 -0.024
-0.0201599 -0.023
-0.0190939 -0.022
-0.0180339 -0.021
-0.0169793 -0.02
-0.0159294 -0.019
-0.0148837 -0.018
-0.0138416 -0.017
-0.0128027 -0.016
-0.0117668 -0.015
-0.0107335 -0.014
-0.00970244 -0.013
-0.00867351 -0.012
-0.00764647 -0.011
-0.00662113 -0.01
-0.00559733 -0.009
-0.00457494 -0.008
-0.00355383 -0.007
-0.00253389 -0.006
-0.00151501 -0.005
-0.000497118 -0.004
0.000519874 -0.003
0.00153604 -0.002
0.00255143 -0.001
0.00356612 -1.11022e-16
0.00458015 0.001
0.00559358 0.002
0.00660644 0.003
0.00761877 0.004
0.00863061 0.005
0.009642 0.006
0.010653 0.007
0.0116635 0.008
0.0126737 0.009
0.0136835 0.01
0.014693 0.011
0.0157022 0.012
0.0167111 0.013
0.0177197 0.014
0.0187281 0.015
0.0197362 0.016
0.0207441 0.017
0.0217518 0.018
0.0227592 0.019
0.0237665 0.02
0.0247736 0.021
0.0257805 0.022
0.0267872 0.023
0.0277938 0.024
0.0288002 0.025
0.0298064 0.026
0.0308126 0.027
0.0318186 0.028
0.0328244 0.029
0.0338302 0.03
0.0348358 0.031
0.0358414 0.032
0.0368468 0.033
0.0378521 0.034
0.0388573 0.035
0.0398625 0.036
0.0408675 0.037
0.0418725 0.038
0.0428773 0.039
0.0438821 0.04
0.0448869 0.041
0.0458915 0.042
0.0468961 0.043
0.0479006 0.044
0.0489051 0.045
0.0472489 0.044
0.0456203 0.043
0.0440248 0.042
0.0424666 0.041
0.0409487 0.04
0.0394731 0.039
0.0380408 0.038
0.0366514 0.037
0.0353033 0.036
0.0339943 0.035
0.0327211 0.034
0.0314804 0.033
0.0302685 0.032
0.0290821 0.031
0.0279177 0.03
0.0267726 0.029
0.0256441 0.028
0.02453 0.027
0.0234282 0.026
0.0223372 0.025
0.0212554 0.024
0.0201817 0.023
0.019115 0.022
0.0180544 0.021
0.0169992 0.02
0.0159487 0.019
0.0149024 0.018
0.0138598 0.017
0.0128204 0.016
0.011784 0.015
0.0107502 0.014
0.00971872 0.013
0.00868937 0.012
0.00766192 0.011
0.00663619 0.01
0.00561202 0.009
0.00458928 0.008
0.00356782 0.007
0.00254755 0.006
0.00152837 0.005
0.000510171 0.004
-0.000507109 0.003
-0.00152355 0.002
-0.00253921 0.001
-0.00355415 -1.11022e-16
-0.00456843 -0.001
-0.00558209 -0.002
-0.00659517 -0.003
-0.00760773 -0.004
-0.00861978 -0.005
-0.00963137 -0.006
-0.0106425 -0.007
-0.0116533 -0.008
-0.0126636 -0.009
-0.0136736 -0.01
-0.0146833 -0.011
-0.0156927 -0.012
-0.0167017 -0.013
-0.0177105 -0.014
-0.018719 -0.015
-0.0197273 -0.016
-0.0207353 -0.017
-0.0217431 -0.018
-0.0227507 -0.019
-0.0237581 -0.02
-0.0247653 -0.021
-0.0257723 -0.022
-0.0267792 -0.023
-0.0277858 -0.024
-0.0287924 -0.025
-0.0297987 -0.026
-0.030805 -0.027
-0.0318111 -0.028
-0.0328171 -0.029
-0.0338229 -0.03
-0.0348286 -0.031
-0.0358343 -0.032
-0.0368398 -0.033
-0.0378452 -0.034
-0.0388505 -0.035
-0.0398557 -0.036
-0.0408608 -0.037
-0.0418659 -0.038
-0.0428708 -0.039
-0.0438757 -0.04
-0.0448805 -0.041
-0.0458852 -0.042
-0.0468899 -0.043
-0.0478945 -0.044
-0.048899 -0.045
-0.0499034 -0.046
-0.0509078 -0.047
-0.0519121 -0.048
-0.0529164 -0.049
-0.0539206 -0.05
-0.0549248 -0.051
-0.0559289 -0.052
-0.056933 -0.053
-0.057937 -0.054
-0.058941 -0.055
-0.0572856 -0.054
-0.0556569 -0.053
-0.0540621 -0.052
-0.0525047 -0.051
-0.0509876 -0.05
-0.0495129 -0.049
-0.0480814 -0.048
-0.0466926 -0.047
-0.0453451 -0.046
-0.0440363 -0.045
-0.0427633 -0.044
-0.0415225 -0.043
-0.0403104 -0.042
-0.0391236 -0.041
-0.0379589 -0.04
-0.0368133 -0.039
-0.0356843 -0.038
-0.0345696 -0.037
-0.0334673 -0.036
-0.0323757 -0.035
-0.0312934 -0.034
-0.0302192 -0.033
-0.0291519 -0.032
-0.0280909 -0.031
-0.0270352 -0.03
-0.0259842 -0.029
-0.0249374 -0.028
-0.0238944 -0.027
-0.0228546 -0.026
-0.0218178 -0.025
-0.0207836 -0.024
-0.0197518 -0.023
-0.0187221 -0.022
-0.0176943 -0.021
-0.0166683 -0.02
-0.0156438 -0.019
-0.0146208 -0.018
-0.0135991 -0.017
-0.0125785 -0.016
-0.0115591 -0.015
-0.0105407 -0.014
-0.00952315 -0.013
-0.00850649 -0.012
-0.00749061 -0.011
-0.00647547 -0.01
-0.00546099 -0.009
-0.00444714 -0.008
-0.00343387 -0.007
-0.00242115 -0.006
-0.00140892 -0.005
-0.000397172 -0.004
0.000614139 -0.003
0.00162504 -0.002
0.00263555 -0.001
0.0036457 -1.11022e-16
0.00465551 0.001
0.005665 0.002
0.00667419 0.003
0.00768309 0.004
0.00869172 0.005
0.0097001 0.006
0.0107082 0.007
0.0117162 0.008
0.0127239 0.009
0.0137313 0.01
0.0147386 0.011
0.0157458 0.012
0.0167527 0.013
0.0177595 0.014
0.0187661 0.015
0.0197726 0.016
0.0207789 0.017
0.0217851 0.018
0.0227911 0.019
0.023797 0.02
0.0248029 0.021
0.0258085 0.022
0.0268141 0.023
0.0278196 0.024
0.028825 0.025
0.0298303 0.026
0.0308355 0.027
0.0318406 0.028
0.0328456 0.029
0.0338505 0.03
0.0348554 0.031
0.0358602 0.032
0.0368649 0.033
0.0378695 0.034
0.0388741 0.035
0.0398786 0.036
0.040883 0.037
0.0418874 0.038
0.0428917 0.039
0.043896 0.04
0.0449002 0.041
0.0459044 0.042
0.0469085 0.043
0.0479126 0.044
0.0489166 0.045
0.0499206 0.046
0.0509245 0.047
0.0519284 0.048
0.0529322 0.049
0.053936 0.05
0.052275 0.049
0.0506522 0.048
0.0490577 0.047
0.0475007 0.046
0.045984 0.045
0.0445098 0.044
0.0430786 0.043
0.0416902 0.042
0.0403429 0.041
0.0390344 0.04
0.0377615 0.039
0.0365207 0.038
0.0353086 0.037
0.0341218 0.036
0.032957 0.035
0.0318113 0.034
0.0306821 0.033
0.0295673 0.032
0.0284648 0.031
0.027373 0.03
0.0262905 0.029
0.025216 0.028
0.0241486 0.027
0.0230874 0.026
0.0220315 0.025
0.0209804 0.024
0.0199334 0.023
0.0188902 0.022
0.0178503 0.021
0.0168133 0.02
0.015779 0.019
0.0147471 0.018
0.0137172 0.017
0.0126893 0.016
0.0116632 0.015
0.0106386 0.014
0.00961544 0.013
0.00859361 0.012
0.00757298 0.011
0.00655344 0.01
0.00553491 0.009
0.00451731 0.008
0.00350056 0.007
0.00248461 0.006
0.00146938 0.005
0.000454828 0.004
-0.000559095 0.003
-0.00157243 0.002
-0.00258523 0.001
-0.00359752 -1.11022e-16
