-0.000166667 6.66667
-0.000333333 13.3333
-0.0005 20
-0.000666667 26.6667
-0.000833333 33.3333
-0.001 40
-0.00116667 46.6667
-0.00133333 53.3333
-0.0015 60
-0.00166667 66.6667
-0.00183333 73.3333
-0.002 80
-0.00216667 86.6667
-0.00233333 93.3333
-0.0025 100
-0.00266667 106.667
-0.00283333 113.333
-0.003 120
-0.00316667 126.667
-0.00333333 133.333
-0.0035 140
-0.00366667 146.667
-0.00383333 153.333
-0.004 160
-0.00416667 166.667
-0.00433333 173.333
-0.0045 180
-0.00466667 186.667
-0.00483333 193.333
-0.005 200
-0.00516666 206.666
-0.00533333 213.333
-0.00549999 219.999
-0.00566666 226.666
-0.00583332 233.332
-0.00599997 239.997
-0.00616663 246.663
-0.00633327 253.327
-0.00649991 259.991
-0.00666653 266.653
-0.00683313 273.313
-0.0069997 279.97
-0.00716624 286.624
-0.00733271 293.271
-0.00749911 299.911
-0.0076654 306.54
-0.00783154 313.154
-0.00799748 319.748
-0.00816316 326.316
-0.00832848 332.848
-0.00816181 326.181
-0.00799514 319.514
-0.00782848 312.848
-0.00766181 306.181
-0.00749514 299.514
-0.00732848 292.848
-0.00716181 286.181
-0.00699514 279.514
-0.00682848 272.848
-0.00666181 266.181
-0.00649514 259.514
-0.00632848 252.848
-0.00616181 246.181
-0.00599514 239.514
-0.00582848 232.848
-0.00566181 226.181
-0.00549514 219.514
-0.00532848 212.848
-0.00516181 206.181
-0.00499514 199.514
-0.00482848 192.848
-0.00466181 186.181
-0.00449514 179.514
-0.00432848 172.848
-0.00416181 166.181
-0.00399514 159.514
-0.00382848 152.848
-0.00366181 146.181
-0.00349514 139.514
-0.00332848 132.848
-0.00316181 126.181
-0.00299514 119.514
-0.00282848 112.848
-0.00266181 106.181
-0.00249514 99.5142
-0.00232848 92.8475
-0.00216181 86.1809
-0.00199514 79.5142
-0.00182848 72.8475
-0.00166181 66.1809
-0.00149514 59.5142
-0.00132848 52.8475
-0.00116181 46.1809
-0.000995142 39.5142
-0.000828475 32.8475
-0.000661809 26.1809
-0.000495142 19.5142
-0.000328476 12.8476
-0.000161809 6.18093
4.85715e-06 -0.485715
0.000171523 -7.15235
0.00033819 -13.819
0.000504856 -20.4856
0.000671522 -27.1522
0.000838187 -33.8187
0.00100485 -40.4853
0.00117152 -47.1518
0.00133818 -53.8182
0.00150485 -60.4846
0.00167151 -67.151
0.00183817 -73.8172
0.00200483 -80.4833
0.00217149 -87.1493
0.00233815 -93.8151
0.00250481 -100.481
0.00267146 -107.146
0.00283811 -113.811
0.00300476 -120.476
0.0031714 -127.14
0.00333803 -133.803
0.00350466 -140.466
0.00367128 -147.128
0.00383789 -153.789
0.00400449 -160.449
0.00417107 -167.107
0.00433763 -173.763
0.00450418 -180.418
0.00467069 -187.069
0.00483718 -193.718
0.00500363 -200.363
0.00517004 -207.004
0.00533641 -213.641
0.00550271 -220.271
0.00566894 -226.894
0.0058351 -233.51
0.00600116 -240.116
0.00616711 -246.711
0.00633293 -253.293
0.00649859 -259.859
0.00666409 -266.409
0.00682937 -272.937
0.00699442 -279.442
0.00715919 -285.919
0.00732364 -292.364
0.00748771 -298.771
0.00765134 -305.134
0.00781446 -311.446
0.007977 -317.7
0.00813885 -323.885
0.0082999 -329.99
0.00813323 -323.323
0.00796657 -316.657
0.0077999 -309.99
0.00763323 -303.323
0.00746657 -296.657
0.0072999 -289.99
0.00713323 -283.323
0.00696657 -276.657
0.0067999 -269.99
0.00663323 -263.323
0.00646657 -256.657
0.0062999 -249.99
0.00613323 -243.323
0.00596657 -236.657
0.0057999 -229.99
0.00563323 -223.323
0.00546657 -216.657
0.0052999 -209.99
0.00513323 -203.323
0.00496657 -196.657
0.0047999 -189.99
0.00463323 -183.323
0.00446657 -176.657
0.0042999 -169.99
0.00413323 -163.323
0.00396657 -156.657
0.0037999 -149.99
0.00363323 -143.323
0.00346657 -136.657
0.0032999 -129.99
0.00313323 -123.323
0.00296657 -116.657
0.0027999 -109.99
0.00263323 -103.323
0.00246657 -96.6566
0.0022999 -89.9899
0.00213323 -83.3232
0.00196657 -76.6566
0.0017999 -69.9899
0.00163323 -63.3232
0.00146657 -56.6566
0.0012999 -49.9899
0.00113323 -43.3233
0.000966566 -36.6566
0.0007999 -29.99
0.000633233 -23.3233
0.000466567 -16.6567
0.000299901 -9.99008
0.000133235 -3.32347
-3.34311e-05 3.34311
-0.000200097 10.0097
-0.000366762 16.6762
-0.000533427 23.3427
-0.000700092 30.0092
-0.000866756 36.6756
-0.00103342 43.3419
-0.00120008 50.0081
-0.00136674 56.6742
-0.0015334 63.3402
-0.00170006 70.006
-0.00186672 76.6716
-0.00203337 83.337
-0.00220002 90.002
-0.00236667 96.6667
-0.00253331 103.331
-0.00269995 109.995
-0.00286658 116.658
-0.0030332 123.32
-0.00319981 129.981
-0.00336641 136.641
-0.003533 143.3
-0.00369958 149.958
-0.00386613 156.613
-0.00403266 163.266
-0.00419917 169.917
-0.00436565 176.565
-0.00453209 183.209
-0.00469848 189.848
-0.00486484 196.484
-0.00503113 203.113
-0.00519736 209.736
-0.0053635 216.35
-0.00552956 222.956
-0.00569552 229.552
-0.00586136 236.136
-0.00602705 242.705
-0.00619259 249.259
-0.00635794 255.794
-0.00652307 262.307
-0.00668796 268.796
-0.00685256 275.256
-0.00701684 281.684
-0.00718074 288.074
-0.00734421 294.421
-0.00750718 300.718
-0.00766958 306.958
-0.00783132 313.132
-0.0079923 319.23
-0.00815242 325.242
-0.00831154 331.154
-0.00846952 336.952
-0.00862618 342.618
-0.00878133 348.133
-0.00893476 353.476
-0.00908621 358.621
-0.00923541 363.541
-0.00938207 368.207
-0.00952587 372.587
-0.00966651 376.651
-0.00980369 380.369
-0.00993717 383.717
-0.0100668 386.679
-0.0101925 389.248
-0.0103143 391.434
-0.0104326 393.256
-0.0105475 394.749
-0.0106595 395.952
-0.0107691 396.908
-0.0108766 397.662
-0.0109825 398.252
-0.0110871 398.712
-0.0111907 399.071
-0.0112935 399.352
-0.0113957 399.572
-0.0114975 399.747
-0.0115989 399.886
-0.0117 399.998
-0.0118009 400.09
-0.0119017 400.166
-0.0120023 400.229
-0.0121028 400.283
-0.0122033 400.33
-0.0123037 400.372
-0.0124041 400.408
-0.0125044 400.442
-0.0126047 400.472
-0.012705 400.501
-0.0128053 400.528
-0.0129055 400.553
-0.0130058 400.578
-0.013106 400.602
-0.0132062 400.624
-0.0133065 400.647
-0.0134067 400.669
-0.0135069 400.69
-0.0136071 400.712
-0.0137073 400.733
-0.0138075 400.754
-0.0139077 400.774
-0.0140079 400.795
-0.0141082 400.815
-0.0142084 400.836
-0.0143086 400.856
-0.0144088 400.876
-0.014509 400.897
-0.0146092 400.917
-0.0147094 400.937
-0.0148096 400.957
-0.0149098 400.977
-0.01501 400.997
-0.0151102 401.017
-0.0152104 401.037
-0.0153106 401.057
-0.0154108 401.077
-0.015511 401.097
-0.0156112 401.117
-0.0157114 401.137
-0.0158116 401.157
-0.0159118 401.177
-0.016012 401.197
-0.0161122 401.217
-0.0162124 401.237
-0.0163126 401.257
-0.0164128 401.277
-0.016513 401.297
-0.0166132 401.317
-0.0167134 401.337
-0.0168136 401.357
-0.0169138 401.377
-0.017014 401.397
-0.0171142 401.417
-0.0172144 401.437
-0.0173146 401.457
-0.0174148 401.477
-0.017515 401.497
-0.0176152 401.517
-0.0177154 401.537
-0.0178156 401.557
-0.0179158 401.577
-0.018016 401.597
-0.0181162 401.617
-0.0182164 401.637
-0.0183166 401.657
-0.0184168 401.677
-0.018517 401.697
-0.0186172 401.717
-0.0187174 401.737
-0.0188176 401.756
-0.0189178 401.776
-0.019018 401.796
-0.0188513 395.13
-0.0186847 388.467
-0.0185181 381.809
-0.0183516 375.156
-0.0181851 368.509
-0.0180187 361.87
-0.0178524 355.239
-0.0176862 348.617
-0.0175201 342.006
-0.017354 335.405
-0.0171881 328.815
-0.0170224 322.237
-0.0168567 315.671
-0.0166912 309.119
-0.0165258 302.581
-0.0163606 296.057
-0.0161955 289.549
-0.0160306 283.056
-0.0158658 276.579
-0.0157012 270.119
-0.0155368 263.676
-0.0153725 257.252
-0.0152085 250.846
-0.0150446 244.458
-0.0148809 238.091
-0.0147174 231.743
-0.0145542 225.417
-0.0143911 219.111
-0.0142283 212.827
-0.0140657 206.566
-0.0139033 200.327
-0.0137411 194.111
-0.0135792 187.92
-0.0134175 181.753
-0.0132561 175.61
-0.0130949 169.493
-0.012934 163.402
-0.0127734 157.338
-0.012613 151.3
-0.0124529 145.29
-0.0122931 139.308
-0.0121335 133.354
-0.0119743 127.43
-0.0118153 121.535
-0.0116567 115.67
-0.0114984 109.835
-0.0113403 104.032
-0.0111826 98.2595
-0.0110252 92.5194
-0.0108681 86.8119
-0.0107114 81.1373
-0.010555 75.4962
-0.0103989 69.8891
-0.0102432 64.3163
-0.0100878 58.7784
-0.00993276 53.2759
-0.00977809 47.8092
-0.00962379 42.3787
-0.00946985 36.9849
-0.00931628 31.6283
-0.00916309 26.3093
-0.00901028 21.0283
-0.00885786 15.7857
-0.00870582 10.5819
-0.00855417 5.41744
-0.00840293 0.292602
-0.00825208 -4.7922
-0.00810163 -9.8366
-0.0079516 -14.8402
-0.00780197 -19.8027
-0.00765276 -24.7236
-0.00750397 -29.6028
-0.0073556 -34.4398
-0.00720766 -39.2343
-0.00706014 -43.986
-0.00691305 -48.6947
-0.0067664 -53.36
-0.00662018 -57.9818
-0.0064744 -62.5596
-0.00632907 -67.0934
-0.00618417 -71.5829
-0.00603972 -76.0278
-0.00589572 -80.4281
-0.00575217 -84.7834
-0.00560906 -89.0937
-0.00546641 -93.3587
-0.00532422 -97.5785
-0.00518247 -101.753
-0.00504119 -105.881
-0.00490035 -109.965
-0.00475998 -114.002
-0.00462006 -117.994
-0.00448061 -121.939
-0.0043416 -125.84
-0.00420306 -129.694
-0.00406498 -133.502
-0.00392735 -137.265
-0.00379018 -140.982
-0.00365346 -144.654
-0.00351721 -148.279
-0.0033814 -151.86
-0.00324605 -155.395
-0.00311115 -158.885
-0.0029767 -162.33
-0.0028427 -165.73
-0.00270915 -169.085
-0.00257604 -172.396
-0.00244338 -175.662
-0.00231115 -178.885
-0.00217937 -182.063
-0.00204802 -185.198
-0.0019171 -188.29
-0.00178662 -191.338
-0.00165656 -194.344
-0.00152692 -197.308
-0.00139771 -200.229
-0.00126892 -203.108
-0.00114054 -205.946
-0.00101257 -208.743
-0.000885011 -211.499
-0.000757855 -214.215
-0.000631099 -216.89
-0.00050474 -219.526
-0.000378774 -222.123
-0.000253197 -224.68
-0.000128004 -227.2
-3.19213e-06 -229.681
0.000121243 -232.124
0.000245307 -234.531
0.000369002 -236.9
0.000492333 -239.233
0.000615305 -241.531
0.000737923 -243.792
0.000860189 -246.019
0.000982109 -248.211
0.00110369 -250.369
0.00122493 -252.493
0.00134584 -254.584
0.00146642 -256.642
0.00158667 -258.667
0.00170661 -260.661
0.00182623 -262.623
0.00194555 -264.555
0.00206455 -266.455
0.00218326 -268.326
0.00230167 -270.167
0.00241978 -271.978
0.00253761 -273.761
0.00265515 -275.515
0.00277242 -277.242
0.00288941 -278.941
0.00300613 -280.613
0.00312258 -282.258
0.00323877 -283.877
0.0033547 -285.47
0.00347038 -287.038
0.00358581 -288.581
0.003701 -290.1
0.00381594 -291.594
0.00393065 -293.065
0.00404512 -294.512
0.00415936 -295.936
0.00427338 -297.338
0.00438717 -298.717
0.00450075 -300.075
0.00461412 -301.412
0.00472727 -302.727
0.00484021 -304.021
0.00495296 -305.296
0.0050655 -306.55
0.00517785 -307.785
0.00529 -309
0.00540196 -310.196
0.00551374 -311.374
0.00562534 -312.534
0.00573675 -313.675
0.00584799 -314.799
0.00595906 -315.906
0.00606995 -316.995
0.00618068 -318.068
0.00629124 -319.124
0.00640165 -320.165
0.00651189 -321.189
0.00662198 -322.198
0.00673192 -323.192
0.0068417 -324.17
0.00695134 -325.134
0.00706084 -326.084
0.00717019 -327.019
0.0072794 -327.94
0.00738848 -328.848
0.00749742 -329.742
0.00760623 -330.623
0.0077149 -331.49
0.00782346 -332.346
0.00793188 -333.188
0.00804019 -334.019
0.00814837 -334.837
0.00825643 -335.643
0.00836438 -336.438
0.00847221 -337.221
0.00857993 -337.993
0.00868755 -338.755
0.00879505 -339.505
0.00890244 -340.244
0.00900974 -340.974
0.00911692 -341.692
0.00922401 -342.401
0.009331 -343.1
0.00943789 -343.789
0.00954469 -344.469
0.00965139 -345.139
0.009758 -345.8
0.00986452 -346.452
0.00997095 -347.095
0.0100773 -347.729
0.0101835 -348.355
0.0102897 -348.972
0.0103958 -349.581
0.0105018 -350.182
0.0106077 -350.775
0.0107136 -351.36
0.0108194 -351.937
0.0109251 -352.506
0.0110307 -353.068
0.0111362 -353.623
0.0112417 -354.171
0.0113471 -354.711
0.0114524 -355.245
0.0115577 -355.771
0.0116629 -356.291
0.011768 -356.804
0.0118731 -357.311
0.0119781 -357.811
0.0120831 -358.305
0.0121879 -358.793
0.0122927 -359.275
0.0123975 -359.75
0.0125022 -360.22
0.0126068 -360.684
0.0127114 -361.143
0.012816 -361.595
0.0129204 -362.042
0.0130248 -362.484
0.0131292 -362.921
0.0132335 -363.352
0.0133378 -363.778
0.013442 -364.199
0.0135462 -364.615
0.0136503 -365.026
0.0137543 -365.432
0.0138583 -365.834
0.0139623 -366.231
0.0140662 -366.623
0.0141701 -367.011
0.0142739 -367.394
0.0143777 -367.773
0.0144815 -368.147
0.0145852 -368.517
0.0146888 -368.883
0.0147925 -369.245
0.014896 -369.603
0.0149996 -369.957
0.0151031 -370.307
0.0152065 -370.653
0.01531 -370.995
0.0154133 -371.334
0.0155167 -371.668
0.01562 -372
0.0157233 -372.327
0.0158265 -372.651
0.0159297 -372.972
0.0160329 -373.289
0.016136 -373.603
0.0162391 -373.913
0.0163422 -374.22
0.0164452 -374.524
0.0165482 -374.825
0.0166512 -375.122
0.0167542 -375.417
0.0168571 -375.708
0.01696 -375.997
0.0170628 -376.282
0.0171656 -376.565
0.0172684 -376.845
0.0173712 -377.122
0.017474 -377.396
0.0175767 -377.667
0.0176794 -377.936
0.017782 -378.202
0.0178847 -378.465
0.0179873 -378.726
0.0180898 -378.984
0.0181924 -379.24
0.0182949 -379.493
0.0183974 -379.744
0.0184999 -379.992
0.0186024 -380.238
0.0187048 -380.482
0.0188072 -380.723
0.0186406 -374.059
0.018474 -367.403
0.0183076 -360.759
0.0181413 -354.126
0.0179751 -347.508
0.017809 -340.904
0.0176432 -334.317
0.0174775 -327.746
0.0173119 -321.194
0.0171466 -314.66
0.0169815 -308.146
0.0168165 -301.652
0.0166518 -295.179
0.0164873 -288.728
0.016323 -282.299
0.0161589 -275.893
0.0159951 -269.511
0.0158315 -263.153
0.0156682 -256.82
0.0155051 -250.512
0.0153423 -244.23
0.0151798 -237.975
0.0150175 -231.747
0.0148555 -225.547
0.0146937 -219.375
0.0145323 -213.232
0.0143712 -207.118
0.0142103 -201.033
0.0140498 -194.98
0.0138896 -188.957
0.0137296 -182.965
0.01357 -177.005
0.0134108 -171.077
0.0132518 -165.183
0.0130932 -159.321
0.0129349 -153.493
0.012777 -147.7
0.0126194 -141.941
0.0124622 -136.217
0.0123053 -130.528
0.0121488 -124.876
0.0119926 -119.26
0.0118368 -113.681
0.0116814 -108.139
0.0115263 -102.634
0.0113717 -97.1677
0.0112174 -91.7396
0.0110635 -86.3503
0.01091 -81.0001
0.0107569 -75.6894
0.0106042 -70.4186
0.0104519 -65.1879
0.0103 -59.9977
0.0101485 -54.8482
0.0099974 -49.74
0.00984673 -44.6731
0.00969648 -39.6479
0.00954665 -34.6647
0.00939724 -29.7237
0.00924825 -24.8251
0.00909969 -19.9693
0.00895156 -15.1564
0.00880387 -10.3867
0.0086566 -5.66028
0.00850977 -0.977388
0.00836338 3.66181
0.00821743 8.25716
0.00807191 12.8085
0.00792684 17.3157
0.00778221 21.7788
0.00763803 26.1974
0.00749428 30.5717
0.00735099 34.9014
0.00720813 39.1866
0.00706573 43.4272
0.00692377 47.6232
0.00678225 51.7746
0.00664119 55.8813
0.00650057 59.9434
0.00636039 63.9609
0.00622066 67.9339
0.00608138 71.8624
0.00594254 75.7465
0.00580414 79.5862
0.00566618 83.3818
0.00552867 87.1332
0.00539159 90.8407
0.00525496 94.5043
0.00511876 98.1242
0.00498299 101.701
0.00484766 105.234
0.00471276 108.724
0.00457829 112.171
0.00444425 115.575
0.00431063 118.937
0.00417743 122.257
0.00404466 125.534
0.0039123 128.77
0.00378036 131.964
0.00364882 135.118
0.0035177 138.23
0.00338698 141.302
0.00325667 144.333
0.00312675 147.325
0.00299723 150.277
0.00286811 153.189
0.00273937 156.063
0.00261102 158.898
0.00248305 161.695
0.00235546 164.454
0.00222825 167.175
0.00210141 169.859
0.00197493 172.507
0.00184882 175.118
0.00172307 177.693
0.00159768 180.232
0.00147264 182.736
0.00134795 185.205
0.0012236 187.64
0.00109959 190.041
0.000975925 192.408
0.000852587 194.741
0.000729579 197.042
0.000606895 199.311
0.000484531 201.547
0.000362484 203.752
0.00024075 205.925
0.000119323 208.068
-1.79824e-06 210.18
-0.00012262 212.262
-0.000243145 214.314
-0.000363377 216.338
-0.000483322 218.332
-0.000602982 220.298
-0.000722361 222.236
-0.000841464 224.146
-0.000960295 226.029
-0.00107886 227.886
-0.00119715 229.715
-0.00131519 231.519
-0.00143297 233.297
-0.00155049 235.049
-0.00166777 236.777
-0.0017848 238.48
-0.00190159 240.159
-0.00201814 241.814
-0.00213445 243.445
-0.00225053 245.053
-0.00236639 246.639
-0.00248202 248.202
-0.00259743 249.743
-0.00271262 251.262
-0.0028276 252.76
-0.00294237 254.237
-0.00305693 255.693
-0.00317129 257.129
-0.00328544 258.544
-0.0033994 259.94
-0.00351316 261.316
-0.00362673 262.673
-0.00374011 264.011
-0.00385331 265.331
-0.00396633 266.633
-0.00407916 267.916
-0.00419182 269.182
-0.0043043 270.43
-0.00441662 271.662
-0.00452876 272.876
-0.00464074 274.074
-0.00475256 275.256
-0.00486421 276.421
-0.00497571 277.571
-0.00508706 278.706
-0.00519825 279.825
-0.00530929 280.929
-0.00542018 282.018
-0.00553093 283.093
-0.00564153 284.153
-0.005752 285.2
-0.00586233 286.233
-0.00597252 287.252
-0.00608257 288.257
-0.0061925 289.25
-0.00630229 290.229
-0.00641196 291.196
-0.0065215 292.15
-0.00663092 293.092
-0.00674022 294.022
-0.0068494 294.94
-0.00695846 295.846
-0.0070674 296.74
-0.00717623 297.623
-0.00728495 298.495
-0.00739356 299.356
-0.00750206 300.206
-0.00761046 301.046
-0.00771875 301.875
-0.00782693 302.693
-0.00793502 303.502
-0.008043 304.3
-0.00815089 305.089
-0.00825868 305.868
-0.00836637 306.637
-0.00847397 307.397
-0.00858148 308.148
-0.0086889 308.89
-0.00879623 309.623
-0.00890347 310.347
-0.00901063 311.063
-0.00911769 311.769
-0.00922468 312.468
-0.00933158 313.158
-0.0094384 313.84
-0.00954514 314.514
-0.00965181 315.181
-0.00975839 315.839
-0.0098649 316.49
-0.00997133 317.133
-0.0100777 317.769
-0.010184 318.398
-0.0102902 319.019
-0.0103963 319.634
-0.0105024 320.241
-0.0106084 320.842
-0.0107144 321.436
-0.0108202 322.023
-0.010926 322.603
-0.0110318 323.178
-0.0111375 323.745
-0.0112431 324.307
-0.0113486 324.862
-0.0114541 325.412
-0.0115596 325.955
-0.0116649 326.493
-0.0117702 327.024
-0.0118755 327.55
-0.0119807 328.071
-0.0120859 328.585
-0.0121909 329.095
-0.012296 329.598
-0.012401 330.097
-0.0125059 330.59
-0.0126108 331.078
-0.0127156 331.562
-0.0128204 332.04
-0.0129251 332.513
-0.0130298 332.981
-0.0131344 333.444
-0.013239 333.903
-0.0133436 334.357
-0.0134481 334.807
-0.0135525 335.252
-0.0136569 335.692
-0.0137613 336.128
-0.0138656 336.56
-0.0139699 336.987
-0.0140741 337.41
-0.0141783 337.829
-0.0142824 338.244
-0.0143865 338.655
-0.0144906 339.062
-0.0145946 339.465
-0.0146986 339.864
-0.0148026 340.259
-0.0149065 340.65
-0.0150104 341.038
-0.0151142 341.422
-0.015218 341.802
-0.0153218 342.179
-0.0154255 342.552
-0.0155292 342.922
-0.0156329 343.288
-0.0157365 343.651
-0.0158401 344.01
-0.0159437 344.367
-0.0160472 344.72
-0.0161507 345.069
-0.0162542 345.416
-0.0163576 345.759
-0.016461 346.1
-0.0165644 346.437
-0.0166677 346.771
-0.016771 347.102
-0.0168743 347.431
-0.0169776 347.756
-0.0170808 348.078
-0.017184 348.398
-0.0172872 348.715
-0.0173903 349.029
-0.0174934 349.341
-0.0175965 349.649
-0.0176996 349.955
-0.0178026 350.259
-0.0179056 350.56
-0.0180086 350.858
-0.0181115 351.154
-0.0182145 351.447
-0.0183174 351.738
-0.0184203 352.026
-0.0185231 352.312
-0.018626 352.596
-0.0187288 352.877
-0.0188316 353.156
-0.0189343 353.433
-0.0190371 353.707
-0.0191398 353.979
-0.0192425 354.249
-0.0193452 354.517
-0.0194478 354.783
-0.0195505 355.046
-0.0196531 355.308
-0.0197557 355.567
-0.0198582 355.824
-0.0199608 356.079
-0.0200633 356.333
-0.0201658 356.584
-0.0202683 356.833
-0.0203708 357.08
-0.0204733 357.326
-0.0205757 357.569
-0.0206781 357.811
-0.0207805 358.051
-0.0208829 358.289
-0.0209852 358.525
-0.0210876 358.759
-0.0211899 358.992
-0.0212922 359.223
-0.0213945 359.452
-0.0214968 359.679
-0.0215991 359.905
-0.0217013 360.129
-0.0218035 360.352
-0.0219057 360.572
-0.0220079 360.792
-0.0221101 361.009
-0.0222123 361.225
-0.0223144 361.44
-0.0224165 361.652
-0.0225186 361.864
-0.0226207 362.074
-0.0227228 362.282
-0.0228249 362.489
-0.0229269 362.694
-0.023029 362.898
-0.023131 363.101
-0.023233 363.302
-0.023335 363.502
-0.023437 363.7
-0.023539 363.897
-0.0236409 364.093
-0.0237429 364.287
-0.0238448 364.48
-0.0239467 364.672
-0.0240486 364.862
-0.0241505 365.051
-0.0242524 365.239
-0.0243543 365.425
-0.0244561 365.611
-0.0245579 365.795
-0.0246598 365.977
-0.0247616 366.159
-0.0248634 366.339
-0.0249652 366.519
-0.025067 366.697
-0.0251687 366.874
-0.0252705 367.049
-0.0253722 367.224
-0.025474 367.398
-0.0255757 367.57
-0.0256774 367.741
-0.0257791 367.911
-0.0258808 368.081
-0.0259825 368.249
-0.0260842 368.416
-0.0261858 368.582
-0.0262875 368.746
-0.0263891 368.91
-0.0264907 369.073
-0.0265923 369.235
-0.026694 369.396
-0.0267956 369.556
-0.0268971 369.715
-0.0269987 369.873
-0.0271003 370.029
-0.0272019 370.185
-0.0273034 370.341
-0.0274049 370.495
-0.0275065 370.648
-0.027608 370.8
-0.0277095 370.952
-0.027811 371.102
-0.0279125 371.252
-0.028014 371.4
-0.0281155 371.548
-0.028217 371.695
-0.0283184 371.841
-0.0284199 371.987
-0.0285213 372.131
-0.0286227 372.275
-0.0287242 372.418
-0.0285576 365.755
-0.028391 359.104
-0.0282247 352.467
-0.0280585 345.845
-0.0278924 339.241
-0.0277266 332.655
-0.0275609 326.089
-0.0273954 319.542
-0.0272302 313.017
-0.0270651 306.513
-0.0269003 300.032
-0.0267357 293.574
-0.0265714 287.14
-0.0264073 280.73
-0.0262435 274.345
-0.0260799 267.987
-0.0259165 261.654
-0.0257535 255.349
-0.0255907 249.07
-0.0254282 242.82
-0.025266 236.598
-0.0251041 230.405
-0.0249424 224.242
-0.0247811 218.109
-0.0246201 212.006
-0.0244593 205.934
-0.0242989 199.893
-0.0241388 193.884
-0.0239791 187.907
-0.0238196 181.964
-0.0236605 176.053
-0.0235018 170.176
-0.0233433 164.333
-0.0231852 158.524
-0.0230275 152.751
-0.0228701 147.012
-0.0227131 141.309
-0.0225564 135.642
-0.0224001 130.012
-0.0222442 124.418
-0.0220886 118.861
-0.0219334 113.342
-0.0217786 107.861
-0.0216242 102.417
-0.0214701 97.0126
-0.0213165 91.6465
-0.0211632 86.3195
-0.0210103 81.0318
-0.0208578 75.7837
-0.0207058 70.5756
-0.0205541 65.4076
-0.0204028 60.28
-0.0202519 55.1932
-0.0201015 50.1472
-0.0199514 45.1424
-0.0198018 40.1789
-0.0196526 35.2569
-0.0195038 30.3767
-0.0193554 25.5384
-0.0192074 20.7421
-0.0190599 15.9881
-0.0189128 11.2764
-0.0187661 6.60721
-0.0186198 1.98062
-0.018474 -2.60327
-0.0183286 -7.14436
-0.0181836 -11.6426
-0.018039 -16.0978
-0.0178949 -20.5101
-0.0177512 -24.8794
-0.0176079 -29.2055
-0.0174651 -33.4886
-0.0173227 -37.7287
-0.0171807 -41.9256
-0.0170392 -46.0795
-0.0168981 -50.1904
-0.0167574 -54.2584
-0.0166172 -58.2834
-0.0164773 -62.2656
-0.0163379 -66.2051
-0.016199 -70.1019
-0.0160604 -73.9562
-0.0159223 -77.7681
-0.0157846 -81.5377
-0.0156473 -85.2651
-0.0155105 -88.9506
-0.0153741 -92.5942
-0.015238 -96.1962
-0.0151024 -99.7568
-0.0149672 -103.276
-0.0148325 -106.754
-0.0146981 -110.192
-0.0145641 -113.589
-0.0144305 -116.945
-0.0142974 -120.261
-0.0141646 -123.538
-0.0140323 -126.775
-0.0139003 -129.972
-0.0137687 -133.131
-0.0136375 -136.25
-0.0135067 -139.331
-0.0133763 -142.374
-0.0132462 -145.38
-0.0131165 -148.347
-0.0129872 -151.277
-0.0128583 -154.171
-0.0127297 -157.027
-0.0126015 -159.848
-0.0124737 -162.632
-0.0123462 -165.381
-0.0122191 -168.095
-0.0120923 -170.774
-0.0119658 -173.418
-0.0118397 -176.028
-0.011714 -178.604
-0.0115885 -181.147
-0.0114634 -183.656
-0.0113387 -186.133
-0.0112142 -188.577
-0.0110901 -190.989
-0.0109663 -193.37
-0.0108428 -195.719
-0.0107196 -198.038
-0.0105967 -200.325
-0.0104742 -202.583
-0.0103519 -204.811
-0.0102299 -207.009
-0.0101082 -209.178
-0.00998681 -211.319
-0.00986569 -213.431
-0.00974485 -215.515
-0.00962429 -217.571
-0.009504 -219.6
-0.00938398 -221.602
-0.00926422 -223.578
-0.00914473 -225.527
-0.00902549 -227.451
-0.00890651 -229.349
-0.00878778 -231.222
-0.0086693 -233.07
-0.00855107 -234.893
-0.00843308 -236.692
-0.00831532 -238.468
-0.0081978 -240.22
-0.00808051 -241.949
-0.00796345 -243.655
-0.00784662 -245.338
-0.00773 -247
-0.00761361 -248.639
-0.00749742 -250.258
-0.00738146 -251.854
-0.0072657 -253.43
-0.00715014 -254.986
-0.00703479 -256.521
-0.00691964 -258.036
-0.00680469 -259.531
-0.00668993 -261.007
-0.00657537 -262.463
-0.00646099 -263.901
-0.00634679 -265.321
-0.00623278 -266.722
-0.00611895 -268.105
-0.0060053 -269.47
-0.00589182 -270.818
-0.00577852 -272.148
-0.00566538 -273.462
-0.00555241 -274.759
-0.00543961 -276.039
-0.00532697 -277.303
-0.00521448 -278.552
-0.00510216 -279.784
-0.00498999 -281.001
-0.00487797 -282.203
-0.0047661 -283.39
-0.00465438 -284.562
-0.00454281 -285.719
-0.00443138 -286.862
-0.00432009 -287.991
-0.00420894 -289.106
-0.00409792 -290.208
-0.00398704 -291.296
-0.0038763 -292.37
-0.00376568 -293.432
-0.0036552 -294.48
-0.00354484 -295.516
-0.0034346 -296.54
-0.00332449 -297.551
-0.0032145 -298.55
-0.00310463 -299.537
-0.00299488 -300.512
-0.00288524 -301.476
-0.00277572 -302.428
-0.00266631 -303.369
-0.00255701 -304.299
-0.00244782 -305.218
-0.00233873 -306.127
-0.00222976 -307.024
-0.00212088 -307.912
-0.00201211 -308.789
-0.00190344 -309.656
-0.00179487 -310.513
-0.0016864 -311.36
-0.00157802 -312.198
-0.00146974 -313.026
-0.00136156 -313.844
-0.00125346 -314.654
-0.00114546 -315.454
-0.00103755 -316.245
-0.000929723 -317.028
-0.000821986 -317.801
-0.000714334 -318.567
-0.000606767 -319.323
-0.000499283 -320.072
-0.000391881 -320.812
-0.00028456 -321.544
-0.000177319 -322.268
-7.01562e-05 -322.984
3.69289e-05 -323.693
0.000143938 -324.394
0.000250871 -325.087
0.000357731 -325.773
0.000464517 -326.452
0.000571231 -327.123
0.000677874 -327.787
0.000784447 -328.445
0.000890952 -329.095
0.000997388 -329.739
0.00110376 -330.376
0.00121006 -331.006
0.0013163 -331.63
0.00142247 -332.247
0.00152858 -332.858
0.00163463 -333.463
0.00174061 -334.061
0.00184654 -334.654
0.0019524 -335.24
0.00205821 -335.821
0.00216396 -336.396
0.00226965 -336.965
0.00237528 -337.528
0.00248086 -338.086
0.00258638 -338.638
0.00269185 -339.185
0.00279726 -339.726
0.00290263 -340.263
0.00300794 -340.794
0.00311319 -341.319
0.0032184 -341.84
0.00332356 -342.356
0.00342866 -342.866
0.00353372 -343.372
0.00363873 -343.873
0.0037437 -344.37
0.00384861 -344.861
0.00395348 -345.348
0.00405831 -345.831
0.00416309 -346.309
0.00426782 -346.782
0.00437251 -347.251
0.00447716 -347.716
0.00458176 -348.176
0.00468632 -348.632
0.00479084 -349.084
0.00489532 -349.532
0.00499976 -349.976
0.00510416 -350.416
0.00520852 -350.852
0.00531284 -351.284
0.00541712 -351.712
0.00552137 -352.137
0.00562557 -352.557
0.00572974 -352.974
0.00583387 -353.387
0.00593797 -353.797
0.00604203 -354.203
0.00614605 -354.605
0.00625004 -355.004
0.006354 -355.4
0.00645792 -355.792
0.00656181 -356.181
0.00666566 -356.566
0.00676949 -356.949
0.00687328 -357.328
0.00697703 -357.703
0.00708076 -358.076
0.00718446 -358.446
0.00728812 -358.812
0.00739175 -359.175
0.00749536 -359.536
0.00759893 -359.893
0.00770248 -360.248
0.00780599 -360.599
0.00790948 -360.948
0.00801294 -361.294
0.00811637 -361.637
0.00821977 -361.977
0.00832314 -362.314
0.00842649 -362.649
0.00852981 -362.981
0.00863311 -363.311
0.00873638 -363.638
0.00883962 -363.962
0.00894284 -364.284
0.00904603 -364.603
0.0091492 -364.92
0.00925234 -365.234
0.00935546 -365.546
0.00945856 -365.856
0.00956163 -366.163
0.00966468 -366.468
0.0097677 -366.77
0.0098707 -367.07
0.00997368 -367.368
0.0100766 -367.664
0.0101796 -367.957
0.0102825 -368.248
0.0103854 -368.537
0.0104882 -368.824
0.0105911 -369.109
0.0106939 -369.391
0.0107967 -369.672
0.0108995 -369.95
0.0110023 -370.227
0.011105 -370.501
0.0112077 -370.774
0.0113104 -371.044
0.0114131 -371.313
0.0115158 -371.579
0.0116184 -371.844
0.0117211 -372.107
0.0118237 -372.368
0.0119263 -372.627
0.0120288 -372.884
0.0121314 -373.139
0.0122339 -373.393
0.0123364 -373.645
0.012439 -373.895
0.0125414 -374.143
0.0126439 -374.39
0.0127464 -374.635
0.0128488 -374.878
0.0129512 -375.12
0.0130536 -375.36
0.013156 -375.599
0.0132584 -375.835
0.0133607 -376.071
0.013463 -376.304
0.0135654 -376.536
0.0136677 -376.767
0.01377 -376.996
0.0138722 -377.223
0.0139745 -377.449
0.0140767 -377.674
0.014179 -377.897
0.0142812 -378.118
0.0143834 -378.338
0.0144856 -378.557
0.0145877 -378.774
0.0146899 -378.99
0.014792 -379.205
0.0148942 -379.418
0.0149963 -379.63
0.0150984 -379.84
0.0152005 -380.049
0.0153026 -380.257
0.0154046 -380.463
0.0155067 -380.669
0.0156087 -380.872
0.0157108 -381.075
0.0158128 -381.276
0.0159148 -381.477
0.0160168 -381.675
0.0161187 -381.873
0.0162207 -382.07
0.0163226 -382.265
0.0164246 -382.459
0.0165265 -382.652
0.0166284 -382.844
0.0167303 -383.034
0.0168322 -383.224
0.0169341 -383.412
0.017036 -383.599
0.0171379 -383.786
0.0172397 -383.971
0.0173415 -384.155
0.0174434 -384.337
0.0175452 -384.519
0.017647 -384.7
0.0177488 -384.88
0.0178506 -385.058
0.0179524 -385.236
0.0180541 -385.412
0.0181559 -385.588
0.0182576 -385.763
0.0183594 -385.936
0.0184611 -386.109
0.0185628 -386.28
0.0186645 -386.451
0.0187662 -386.621
0.0188679 -386.79
0.0189696 -386.957
0.0190712 -387.124
0.0191729 -387.29
0.0192746 -387.455
0.0193762 -387.619
0.0194778 -387.783
0.0195794 -387.945
0.0196811 -388.106
0.0197827 -388.267
0.0198843 -388.427
0.0199859 -388.586
0.0200874 -388.744
0.020189 -388.901
0.0202906 -389.057
0.0203921 -389.213
0.0204937 -389.367
0.0205952 -389.521
0.0206967 -389.674
0.0207983 -389.826
0.0208998 -389.978
0.0210013 -390.128
0.0211028 -390.278
0.0212043 -390.427
0.0213058 -390.576
0.0214072 -390.723
0.0215087 -390.87
0.0216102 -391.016
0.0217116 -391.161
0.0218131 -391.306
0.0219145 -391.45
0.0220159 -391.593
0.0221174 -391.735
0.0222188 -391.877
0.0223202 -392.018
0.0224216 -392.158
0.022523 -392.298
0.0226244 -392.436
0.0227257 -392.575
0.0228271 -392.712
0.0229285 -392.849
0.0230299 -392.985
0.0231312 -393.121
0.0232326 -393.255
0.0233339 -393.39
0.0234352 -393.523
0.0235366 -393.656
0.0236379 -393.788
0.0237392 -393.92
0.0238405 -394.051
0.0239418 -394.181
0.0240431 -394.311
0.0241444 -394.44
0.0242457 -394.569
0.024347 -394.697
0.0244482 -394.824
0.0245495 -394.951
0.0246508 -395.077
0.024752 -395.202
0.0248533 -395.327
0.0249545 -395.452
0.0250558 -395.576
0.025157 -395.699
0.0252582 -395.821
0.0253594 -395.944
0.0254607 -396.065
0.0255619 -396.186
0.0256631 -396.307
0.0257643 -396.427
0.0258655 -396.546
0.0259667 -396.665
0.0260678 -396.783
0.026169 -396.901
0.0262702 -397.019
0.0263714 -397.135
0.0264725 -397.252
0.0265737 -397.367
0.0266748 -397.483
0.026776 -397.598
0.0268771 -397.712
0.0269783 -397.826
0.0270794 -397.939
0.0271805 -398.052
0.0272816 -398.164
0.0273828 -398.276
0.0274839 -398.387
0.027585 -398.498
0.0276861 -398.609
0.0277872 -398.719
0.0278883 -398.828
0.0279894 -398.937
0.0280905 -399.046
0.0281915 -399.154
0.0282926 -399.261
0.0283937 -399.369
0.0284948 -399.475
0.0285958 -399.582
0.0286969 -399.688
0.0287979 -399.793
0.028899 -399.898
0.029 -400.003
0.027342 -334.192
0.0257078 -270.775
0.0241034 -210.343
0.0225335 -153.346
0.0210014 -100.143
0.01951 -51.0016
0.0180608 -6.08382
0.0166543 34.5673
0.0152897 71.0278
0.0139652 103.481
0.0126781 132.194
0.0114251 157.492
0.0102028 179.724
0.00900756 199.244
0.0078361 216.39
0.00668525 231.475
0.00555224 244.776
0.0044346 256.539
0.00333021 266.979
0.00223723 276.277
0.00115411 284.589
7.95054e-05 292.049
-0.000987705 298.77
-0.00204848 304.848
-0.00310365 310.365
-0.0041539 315.39
-0.00519982 319.982
-0.00624194 324.194
-0.00728068 328.068
-0.00831642 331.642
-0.0093495 334.95
-0.0103802 338.02
-0.0114088 340.875
-0.0124354 343.538
-0.0134603 346.028
-0.0144836 348.362
-0.0155055 350.553
-0.0165262 352.615
-0.0175456 354.56
-0.018564 356.397
-0.0195814 358.136
-0.0205978 359.785
-0.0216135 361.351
-0.0226284 362.84
-0.0236426 364.26
-0.0246561 365.614
-0.0256691 366.908
-0.0266815 368.146
-0.0276933 369.333
-0.0287047 370.471
-0.0297156 371.564
-0.0307262 372.615
-0.0317363 373.628
-0.032746 374.603
-0.0337554 375.544
-0.0347645 376.453
-0.0357733 377.332
-0.0367818 378.182
-0.0377901 379.006
-0.038798 379.804
-0.0371436 313.45
-0.0355072 250.721
-0.0339041 190.409
-0.0323352 133.525
-0.030804 80.3994
-0.0293128 31.2752
-0.0278629 -13.7057
-0.0264549 -54.5119
-0.0250878 -91.2221
-0.0237599 -124.013
-0.0224686 -153.141
-0.0212109 -178.911
-0.0199834 -201.656
-0.0187829 -221.713
-0.017606 -239.404
-0.0164497 -255.03
-0.0153114 -268.862
-0.0141886 -281.138
-0.0130793 -292.067
-0.0119817 -301.831
-0.0108942 -310.585
-0.00981539 -318.461
-0.00874427 -325.573
-0.00767982 -332.018
-0.00662121 -337.879
-0.00556773 -343.227
-0.00451877 -348.123
-0.0034738 -352.62
-0.00243239 -356.761
-0.00139413 -360.587
-0.000358685 -364.132
0.000674236 -367.424
0.00170489 -370.489
0.0027335 -373.35
0.00376028 -376.028
0.00478538 -378.538
0.00580897 -380.897
0.00683118 -383.118
0.00785213 -385.213
0.00887193 -387.193
0.00989068 -389.068
0.0109085 -390.846
0.0119254 -392.535
0.0129414 -394.142
0.0139567 -395.674
0.0149714 -397.135
0.0159853 -398.531
0.0169987 -399.868
0.0180115 -401.148
0.0190238 -402.376
0.0200356 -403.555
0.0210469 -404.689
0.0220578 -405.781
0.0230683 -406.833
0.0240785 -407.847
0.0250883 -408.827
0.0260977 -409.774
0.0271069 -410.69
0.0281158 -411.577
0.0291244 -412.436
0.0301327 -413.27
0.0311408 -414.079
0.0321486 -414.865
0.0331563 -415.629
0.0341637 -416.372
0.035171 -417.096
0.036178 -417.801
0.0371849 -418.489
0.0381916 -419.159
0.0391981 -419.814
0.0375415 -353.986
0.0359088 -290.883
0.0343074 -230.742
0.0327407 -174.069
0.0312118 -121.183
0.0297231 -72.3096
0.0282758 -27.5754
0.02687 13.0029
0.0255048 49.5155
0.0241785 82.1474
0.0228884 111.157
0.0216315 136.851
0.0204044 159.558
0.0192039 179.61
0.0180267 197.325
0.01687 212.997
0.0157311 226.892
0.0146076 239.243
0.0134974 250.257
0.0123989 260.112
0.0113104 268.959
0.0102307 276.93
0.00915862 284.138
0.00809323 290.677
0.00703368 296.632
0.00597929 302.071
0.00492945 307.055
0.00388364 311.636
0.00284139 315.861
0.00180234 319.766
0.000766129 323.387
-0.000267527 326.753
-0.00129889 329.889
-0.00232818 332.818
-0.00335561 335.561
-0.00438133 338.133
-0.00540552 340.552
-0.00642831 342.831
-0.00744982 344.982
-0.00847015 347.015
-0.00948941 348.941
-0.0105077 350.768
-0.011525 352.505
-0.0125416 354.157
-0.0135573 355.733
-0.0145724 357.236
-0.0155867 358.673
-0.0166005 360.049
-0.0176137 361.367
-0.0186263 362.631
-0.0196385 363.846
-0.0206501 365.014
-0.0216614 366.138
-0.0226722 367.221
-0.0236827 368.267
-0.0246928 369.276
-0.0257025 370.252
-0.026712 371.195
-0.0277211 372.109
-0.0287299 372.995
-0.0297385 373.853
-0.0307469 374.687
-0.031755 375.497
-0.0327628 376.284
-0.0337705 377.05
-0.034778 377.796
-0.0357852 378.522
-0.0367923 379.23
-0.0377992 379.921
-0.0388059 380.595
-0.0398125 381.253
-0.040819 381.897
-0.0418253 382.526
-0.0428314 383.141
-0.0438374 383.744
-0.0448433 384.334
-0.0458491 384.912
-0.0468548 385.478
-0.0478603 386.034
-0.0488658 386.58
-0.0472043 321.679
-0.0455768 257.683
-0.0439754 197.544
-0.0424084 140.838
-0.0408787 87.867
-0.0393885 38.8462
-0.037939 -6.10488
-0.0365303 -46.9701
-0.0351617 -83.8344
-0.0338313 -116.873
-0.0325367 -146.33
-0.031275 -172.499
-0.0300431 -195.695
-0.0288376 -216.237
-0.0276557 -234.435
-0.0264943 -250.575
-0.0253508 -264.918
-0.024223 -277.695
-0.0231089 -289.111
-0.0220066 -299.344
-0.0209146 -308.545
-0.0198315 -316.847
-0.0187564 -324.363
-0.0176881 -331.191
-0.0166259 -337.414
-0.015569 -343.104
-0.0145168 -348.323
-0.0134688 -353.124
-0.0124245 -357.553
-0.0113835 -361.65
-0.0103455 -365.451
-0.00931015 -368.985
-0.0082772 -372.28
-0.00724641 -375.359
-0.00621758 -378.242
-0.00519052 -380.948
-0.00416508 -383.492
-0.00314111 -385.889
-0.00211848 -388.152
-0.00109708 -390.292
-7.68126e-05 -392.319
0.00094242 -394.242
0.0019607 -396.07
0.00297809 -397.809
0.00399467 -399.467
0.0050105 -401.05
0.00602562 -402.562
0.00704009 -404.009
0.00805396 -405.396
0.00906727 -406.727
0.01008 -408.004
0.0110923 -409.233
0.0121042 -410.415
0.0131155 -411.555
0.0141265 -412.654
0.0151371 -413.715
0.0161474 -414.74
0.0171573 -415.731
0.0181669 -416.691
0.0191762 -417.621
0.0201852 -418.523
0.021194 -419.397
0.0222025 -420.247
0.0232107 -421.073
0.0242188 -421.876
0.0252266 -422.658
0.0262342 -423.419
0.0272416 -424.161
0.0282488 -424.884
0.0292559 -425.59
0.0302628 -426.279
0.0312695 -426.953
0.0322761 -427.611
0.0332825 -428.254
0.0342888 -428.884
0.035295 -429.501
0.036301 -430.104
0.037307 -430.696
0.0383128 -431.276
0.0393185 -431.846
0.040324 -432.404
0.0413295 -432.952
0.0423349 -433.491
0.0433402 -434.02
0.0443454 -434.54
0.0453505 -435.052
0.0463556 -435.555
0.0473605 -436.05
0.0483654 -436.538
0.0493702 -437.018
0.0477098 -371.963
0.0460821 -308.206
0.0444816 -248.157
0.0429156 -191.563
0.0413872 -138.716
0.0398983 -89.8251
0.03845 -45
0.0370425 -4.24985
0.0356748 32.5162
0.0343452 65.4769
0.0330512 94.8788
0.0317899 121.014
0.030558 144.196
0.0293526 164.743
0.0281704 182.96
0.0270087 199.13
0.0258649 213.513
0.0247366 226.337
0.023622 237.805
0.0225191 248.091
0.0214265 257.348
0.0203429 265.707
0.0192672 273.28
0.0181984 280.164
0.0171356 286.442
0.0160781 292.186
0.0150254 297.457
0.0139769 302.308
0.0129321 306.786
0.0118907 310.93
0.0108522 314.777
0.00981645 318.355
0.00878308 321.692
0.00775189 324.811
0.00672267 327.733
0.00569525 330.475
0.00466945 333.055
0.00364513 335.487
0.00262217 337.783
0.00160046 339.954
0.00057988 342.012
-0.000439646 343.965
-0.0014582 345.82
-0.00247587 347.587
-0.00349271 349.271
-0.00450879 350.879
-0.00552416 352.416
-0.00653887 353.887
-0.00755296 355.296
-0.00856648 356.648
-0.00957947 357.947
-0.010592 359.196
-0.011604 360.398
-0.0126156 361.556
-0.0136267 362.674
-0.0146375 363.752
-0.0156479 364.795
-0.016658 365.803
-0.0176678 366.779
-0.0186772 367.725
-0.0196864 368.641
-0.0206953 369.531
-0.021704 370.395
-0.0227124 371.235
-0.0237205 372.052
-0.0247285 372.846
-0.0257362 373.621
-0.0267437 374.375
-0.0277511 375.11
-0.0287583 375.828
-0.0297653 376.529
-0.0307721 377.213
-0.0317788 377.882
-0.0327854 378.536
-0.0337918 379.176
-0.034798 379.803
-0.0358042 380.416
-0.0368102 381.018
-0.0378161 381.607
-0.0388219 382.186
-0.0398275 382.753
-0.0408331 383.31
-0.0418386 383.857
-0.0428439 384.395
-0.0438492 384.923
-0.0448544 385.442
-0.0458595 385.953
-0.0468646 386.456
-0.0478695 386.951
-0.0488744 387.438
-0.0498792 387.918
-0.0508839 388.391
-0.0518886 388.858
-0.0528932 389.317
-0.0538977 389.771
-0.0549022 390.218
-0.0559066 390.659
-0.056911 391.095
-0.0579153 391.526
-0.0589195 391.95
-0.0572625 326.294
-0.0556313 263.132
-0.0540304 203.045
-0.0524637 146.37
-0.0509339 93.3909
-0.0494431 44.3077
-0.0479923 -0.770615
-0.0465817 -41.8325
-0.0452104 -78.9619
-0.0438767 -112.327
-0.0425784 -142.162
-0.0413125 -168.746
-0.0400762 -192.383
-0.0388662 -213.38
-0.0376797 -232.034
-0.0365137 -248.626
-0.0353659 -263.409
-0.0342339 -276.611
-0.0331157 -288.433
-0.0320095 -299.051
-0.0309138 -308.618
-0.0298273 -317.265
-0.0287489 -325.106
-0.0276776 -332.24
-0.0266125 -338.75
-0.0255529 -344.71
-0.0244982 -350.182
-0.0234478 -355.221
-0.0224013 -359.874
-0.0213582 -364.182
-0.0203182 -368.181
-0.019281 -371.903
-0.0182463 -375.375
-0.0172138 -378.62
-0.0161834 -381.661
-0.0151548 -384.516
-0.014128 -387.202
-0.0131027 -389.734
-0.0120788 -392.124
-0.0110562 -394.385
-0.0100347 -396.527
-0.0090144 -398.56
-0.00799507 -400.493
-0.00697668 -402.332
-0.00595915 -404.085
-0.00494241 -405.759
-0.00392642 -407.358
-0.00291111 -408.889
-0.00189644 -410.356
-0.000882368 -411.763
0.000131145 -413.114
0.00114414 -414.414
0.00215664 -415.664
0.00316869 -416.869
0.0041803 -418.03
0.00519152 -419.152
0.00620235 -420.235
0.00721283 -421.283
0.00822297 -422.297
0.00923279 -423.279
0.0102423 -424.232
0.0112516 -425.155
0.0122605 -426.052
0.0132692 -426.924
0.0142777 -427.771
0.015286 -428.596
0.016294 -429.398
0.0173018 -430.181
0.0183094 -430.943
0.0193169 -431.687
0.0203241 -432.413
0.0213312 -433.121
0.0223381 -433.814
0.0233449 -434.491
0.0243515 -435.154
0.025358 -435.802
0.0263644 -436.437
0.0273706 -437.059
0.0283767 -437.668
0.0293827 -438.266
0.0303885 -438.852
0.0313943 -439.428
0.0323999 -439.993
0.0334055 -440.548
0.0344109 -441.093
0.0354163 -441.629
0.0364216 -442.156
0.0374267 -442.675
0.0384318 -443.185
0.0394369 -443.687
0.0404418 -444.182
0.0414467 -444.669
0.0424515 -445.149
0.0434562 -445.623
0.0444609 -446.089
0.0454655 -446.55
0.04647 -447.004
0.0474745 -447.452
0.0484789 -447.895
0.0494833 -448.331
0.0504876 -448.763
0.0514919 -449.189
0.0524961 -449.61
0.0535003 -450.027
0.0545044 -450.439
0.0528479 -384.725
0.0512165 -321.651
0.049616 -261.598
0.0480497 -204.966
0.0465204 -152.036
0.0450301 -103.007
0.0435798 -57.9835
0.0421698 -16.9751
0.040799 20.1044
0.0394658 53.4249
0.0381678 83.2221
0.0369022 109.776
0.0356661 133.389
0.0344563 154.368
0.0332699 173.011
0.032104 189.596
0.0309562 204.377
0.0298242 217.58
0.0287059 229.406
0.0275997 240.03
0.026504 249.604
0.0254174 258.26
0.0243389 266.111
0.0232675 273.254
0.0222022 279.775
0.0211425 285.746
0.0200877 291.228
0.0190372 296.278
0.0179906 300.942
0.0169474 305.261
0.0159073 309.271
0.01487 313.003
0.0138352 316.484
0.0128026 319.74
0.0117721 322.79
0.0107435 325.654
0.00971651 328.349
0.00869111 330.889
0.00766712 333.288
0.00664443 335.557
0.00562293 337.707
0.00460252 339.748
0.00358312 341.688
0.00256466 343.534
0.00154706 345.294
0.000530254 346.975
-0.000485807 348.581
-0.00150118 350.118
-0.00251591 351.591
-0.00353004 353.004
