-0.000166667 -0.0001
-0.000333333 -0.0002
-0.0005 -0.0003
-0.000666667 -0.0004
-0.000833333 -0.0005
-0.001 -0.0006
-0.00116667 -0.0007
-0.00133333 -0.0008
-0.0015 -0.0009
-0.00166667 -0.001
-0.00183333 -0.0011
-0.002 -0.0012
-0.00216667 -0.0013
-0.00233333 -0.0014
-0.0025 -0.0015
-0.00266667 -0.0016
-0.00283333 -0.0017
-0.003 -0.0018
-0.00316667 -0.0019
-0.00333333 -0.002
-0.0035 -0.0021
-0.00366667 -0.0022
-0.00383333 -0.0023
-0.004 -0.0024
-0.00416667 -0.0025
-0.00433333 -0.0026
-0.0045 -0.0027
-0.00466667 -0.0028
-0.00483333 -0.0029
-0.005 -0.003
-0.00516666 -0.0031
-0.00533333 -0.0032
-0.00549999 -0.0033
-0.00566666 -0.0034
-0.00583332 -0.0035
-0.00599997 -0.0036
-0.00616663 -0.0037
-0.00633327 -0.0038
-0.00649991 -0.0039
-0.00666653 -0.004
-0.00683313 -0.0041
-0.0069997 -0.0042
-0.00716624 -0.0043
-0.00733271 -0.0044
-0.00749911 -0.0045
-0.0076654 -0.0046
-0.00783154 -0.0047
-0.00799748 -0.0048
-0.00816316 -0.0049
-0.00832848 -0.005
-0.00816181 -0.0049
-0.00799514 -0.0048
-0.00782848 -0.0047
-0.00766181 -0.0046
-0.00749514 -0.0045
-0.00732848 -0.0044
-0.00716181 -0.0043
-0.00699514 -0.0042
-0.00682848 -0.0041
-0.00666181 -0.004
-0.00649514 -0.0039
-0.00632848 -0.0038
-0.00616181 -0.0037
-0.00599514 -0.0036
-0.00582848 -0.0035
-0.00566181 -0.0034
-0.00549514 -0.0033
-0.00532848 -0.0032
-0.00516181 -0.0031
-0.00499514 -0.003
-0.00482848 -0.0029
-0.00466181 -0.0028
-0.00449514 -0.0027
-0.00432848 -0.0026
-0.00416181 -0.0025
-0.00399514 -0.0024
-0.00382848 -0.0023
-0.00366181 -0.0022
-0.00349514 -0.0021
-0.00332848 -0.002
-0.00316181 -0.0019
-0.00299514 -0.0018
-0.00282848 -0.0017
-0.00266181 -0.0016
-0.00249514 -0.0015
-0.00232848 -0.0014
-0.00216181 -0.0013
-0.00199514 -0.0012
-0.00182848 -0.0011
-0.00166181 -0.001
-0.00149514 -0.0009
-0.00132848 -0.0008
-0.00116181 -0.0007
-0.000995142 -0.0006
-0.000828475 -0.0005
-0.000661809 -0.0004
-0.000495142 -0.0003
-0.000328476 -0.0002
-0.000161809 -0.0001
4.85715e-06 -2.43945e-19
0.000171523 0.0001
0.00033819 0.0002
0.000504856 0.0003
0.000671522 0.0004
0.000838187 0.0005
0.00100485 0.0006
0.00117152 0.0007
0.00133818 0.0008
0.00150485 0.0009
0.00167151 0.001
0.00183817 0.0011
0.00200483 0.0012
0.00217149 0.0013
0.00233815 0.0014
0.00250481 0.0015
0.00267146 0.0016
0.00283811 0.0017
0.00300476 0.0018
0.0031714 0.0019
0.00333803 0.002
0.00350466 0.0021
0.00367128 0.0022
0.00383789 0.0023
0.00400449 0.0024
0.00417107 0.0025
0.00433763 0.0026
0.00450418 0.0027
0.00467069 0.0028
0.00483718 0.0029
0.00500363 0.003
0.00517004 0.0031
0.00533641 0.0032
0.00550271 0.0033
0.00566894 0.0034
0.0058351 0.0035
0.00600116 0.0036
0.00616711 0.0037
0.00633293 0.0038
0.00649859 0.0039
0.00666409 0.004
0.00682937 0.0041
0.00699442 0.0042
0.00715919 0.0043
0.00732364 0.0044
0.00748771 0.0045
0.00765134 0.0046
0.00781446 0.0047
0.007977 0.0048
0.00813885 0.0049
0.0082999 0.005
0.00813323 0.0049
0.00796657 0.0048
0.0077999 0.0047
0.00763323 0.0046
0.00746657 0.0045
0.0072999 0.0044
0.00713323 0.0043
0.00696657 0.0042
0.0067999 0.0041
0.00663323 0.004
0.00646657 0.0039
0.0062999 0.0038
0.00613323 0.0037
0.00596657 0.0036
0.0057999 0.0035
0.00563323 0.0034
0.00546657 0.0033
0.0052999 0.0032
0.00513323 0.0031
0.00496657 0.003
0.0047999 0.0029
0.00463323 0.0028
0.00446657 0.0027
0.0042999 0.0026
0.00413323 0.0025
0.00396657 0.0024
0.0037999 0.0023
0.00363323 0.0022
0.00346657 0.0021
0.0032999 0.002
0.00313323 0.0019
0.00296657 0.0018
0.0027999 0.0017
0.00263323 0.0016
0.00246657 0.0015
0.0022999 0.0014
0.00213323 0.0013
0.00196657 0.0012
0.0017999 0.0011
0.00163323 0.001
0.00146657 0.0009
0.0012999 0.0008
0.00113323 0.0007
0.000966566 0.0006
0.000799899 0.0005
0.000633233 0.0004
0.000466566 0.0003
0.0002999 0.0002
0.000133233 0.0001
-3.3433e-05 2.43945e-19
-0.000200099 -0.0001
-0.000366765 -0.0002
-0.000533431 -0.0003
-0.000700097 -0.0004
-0.000866762 -0.0005
-0.00103343 -0.0006
-0.00120009 -0.0007
-0.00136676 -0.0008
-0.00153342 -0.0009
-0.00170008 -0.001
-0.00186674 -0.0011
-0.0020334 -0.0012
-0.00220006 -0.0013
-0.00236671 -0.0014
-0.00253337 -0.0015
-0.00270002 -0.0016
-0.00286666 -0.0017
-0.0030333 -0.0018
-0.00319994 -0.0019
-0.00336656 -0.002
-0.00353318 -0.0021
-0.00369979 -0.0022
-0.00386639 -0.0023
-0.00403297 -0.0024
-0.00419953 -0.0025
-0.00436607 -0.0026
-0.00453259 -0.0027
-0.00469908 -0.0028
-0.00486553 -0.0029
-0.00503195 -0.003
-0.00519831 -0.0031
-0.00536461 -0.0032
-0.00553085 -0.0033
-0.00569701 -0.0034
-0.00586308 -0.0035
-0.00602905 -0.0036
-0.00619488 -0.0037
-0.00636057 -0.0038
-0.00652609 -0.0039
-0.00669142 -0.004
-0.00685651 -0.0041
-0.00702134 -0.0042
-0.00718586 -0.0043
-0.00735003 -0.0044
-0.00751378 -0.0045
-0.00767705 -0.0046
-0.00783976 -0.0047
-0.00800183 -0.0048
-0.00816316 -0.0049
-0.00832362 -0.005
-0.00848308 -0.0051
-0.00864138 -0.0052
-0.00879834 -0.0053
-0.00895374 -0.0054
-0.00910735 -0.0055
-0.00925889 -0.0056
-0.00940806 -0.0057
-0.00955451 -0.0058
-0.00969791 -0.0059
-0.00983789 -0.006
-0.00997414 -0.0061
-0.0101064 -0.0062
-0.0102345 -0.0063
-0.0103585 -0.0064
-0.0104784 -0.0065
-0.0105947 -0.0066
-0.0107077 -0.0067
-0.0108179 -0.0068
-0.0109258 -0.0069
-0.0110319 -0.007
-0.0111366 -0.0071
-0.0112402 -0.0072
-0.0113429 -0.0073
-0.0114451 -0.0074
-0.0115467 -0.0075
-0.011648 -0.0076
-0.011749 -0.0077
-0.0118499 -0.0078
-0.0119506 -0.0079
-0.0120511 -0.008
-0.0121516 -0.0081
-0.012252 -0.0082
-0.0123524 -0.0083
-0.0124528 -0.0084
-0.0125531 -0.0085
-0.0126533 -0.0086
-0.0127536 -0.0087
-0.0128539 -0.0088
-0.0129541 -0.0089
-0.0130543 -0.009
-0.0131546 -0.0091
-0.0132548 -0.0092
-0.013355 -0.0093
-0.0134552 -0.0094
-0.0135554 -0.0095
-0.0136556 -0.0096
-0.0137558 -0.0097
-0.013856 -0.0098
-0.0139562 -0.0099
-0.0140564 -0.01
-0.0141566 -0.0101
-0.0142569 -0.0102
-0.0143571 -0.0103
-0.0144573 -0.0104
-0.0145575 -0.0105
-0.0146577 -0.0106
-0.0147579 -0.0107
-0.0148581 -0.0108
-0.0149583 -0.0109
-0.0150585 -0.011
-0.0151587 -0.0111
-0.0152589 -0.0112
-0.0153591 -0.0113
-0.0154593 -0.0114
-0.0155595 -0.0115
-0.0156597 -0.0116
-0.0157599 -0.0117
-0.0158601 -0.0118
-0.0159603 -0.0119
-0.0160605 -0.012
-0.0161607 -0.0121
-0.0162609 -0.0122
-0.0163611 -0.0123
-0.0164613 -0.0124
-0.0165615 -0.0125
-0.0166617 -0.0126
-0.0167619 -0.0127
-0.0168621 -0.0128
-0.0169623 -0.0129
-0.0170625 -0.013
-0.0171627 -0.0131
-0.0172629 -0.0132
-0.0173631 -0.0133
-0.0174633 -0.0134
-0.0175635 -0.0135
-0.0176637 -0.0136
-0.0177639 -0.0137
-0.0178641 -0.0138
-0.0179643 -0.0139
-0.0180645 -0.014
-0.0181647 -0.0141
-0.0182649 -0.0142
-0.018365 -0.0143
-0.0184652 -0.0144
-0.0185654 -0.0145
-0.0186656 -0.0146
-0.0187658 -0.0147
-0.018866 -0.0148
-0.0189662 -0.0149
-0.0190664 -0.015
-0.0188998 -0.0149
-0.0187332 -0.0148
-0.0185666 -0.0147
-0.0184 -0.0146
-0.0182336 -0.0145
-0.0180672 -0.0144
-0.0179009 -0.0143
-0.0177346 -0.0142
-0.0175685 -0.0141
-0.0174025 -0.014
-0.0172366 -0.0139
-0.0170708 -0.0138
-0.0169051 -0.0137
-0.0167395 -0.0136
-0.0165741 -0.0135
-0.0164089 -0.0134
-0.0162438 -0.0133
-0.0160788 -0.0132
-0.015914 -0.0131
-0.0157494 -0.013
-0.0155849 -0.0129
-0.0154206 -0.0128
-0.0152565 -0.0127
-0.0150926 -0.0126
-0.0149289 -0.0125
-0.0147653 -0.0124
-0.014602 -0.0123
-0.0144389 -0.0122
-0.014276 -0.0121
-0.0141133 -0.012
-0.0139509 -0.0119
-0.0137887 -0.0118
-0.0136267 -0.0117
-0.0134649 -0.0116
-0.0133034 -0.0115
-0.0131422 -0.0114
-0.0129812 -0.0113
-0.0128204 -0.0112
-0.01266 -0.0111
-0.0124998 -0.011
-0.0123398 -0.0109
-0.0121802 -0.0108
-0.0120208 -0.0107
-0.0118618 -0.0106
-0.011703 -0.0105
-0.0115445 -0.0104
-0.0113864 -0.0103
-0.0112285 -0.0102
-0.011071 -0.0101
-0.0109138 -0.01
-0.0107569 -0.0099
-0.0106003 -0.0098
-0.0104441 -0.0097
-0.0102882 -0.0096
-0.0101327 -0.0095
-0.00997751 -0.0094
-0.00982268 -0.0093
-0.0096682 -0.0092
-0.00951409 -0.0091
-0.00936034 -0.009
-0.00920697 -0.0089
-0.00905397 -0.0088
-0.00890136 -0.0087
-0.00874912 -0.0086
-0.00859728 -0.0085
-0.00844583 -0.0084
-0.00829477 -0.0083
-0.00814411 -0.0082
-0.00799386 -0.0081
-0.00784401 -0.008
-0.00769458 -0.0079
-0.00754556 -0.0078
-0.00739696 -0.0077
-0.00724877 -0.0076
-0.00710102 -0.0075
-0.00695368 -0.0074
-0.00680678 -0.0073
-0.00666031 -0.0072
-0.00651428 -0.0071
-0.00636868 -0.007
-0.00622352 -0.0069
-0.00607881 -0.0068
-0.00593454 -0.0067
-0.00579071 -0.0066
-0.00564733 -0.0065
-0.0055044 -0.0064
-0.00536192 -0.0063
-0.00521989 -0.0062
-0.00507832 -0.0061
-0.0049372 -0.006
-0.00479653 -0.0059
-0.00465632 -0.0058
-0.00451656 -0.0057
-0.00437726 -0.0056
-0.00423841 -0.0055
-0.00410002 -0.0054
-0.00396209 -0.0053
-0.00382461 -0.0052
-0.00368759 -0.0051
-0.00355102 -0.005
-0.0034149 -0.0049
-0.00327923 -0.0048
-0.00314402 -0.0047
-0.00300926 -0.0046
-0.00287494 -0.0045
-0.00274107 -0.0044
-0.00260764 -0.0043
-0.00247466 -0.0042
-0.00234212 -0.0041
-0.00221001 -0.004
-0.00207834 -0.0039
-0.00194711 -0.0038
-0.0018163 -0.0037
-0.00168593 -0.0036
-0.00155598 -0.0035
-0.00142645 -0.0034
-0.00129734 -0.0033
-0.00116864 -0.0032
-0.00104036 -0.0031
-0.000912484 -0.003
-0.000785016 -0.0029
-0.000657949 -0.0028
-0.00053128 -0.0027
-0.000405005 -0.0026
-0.000279121 -0.0025
-0.000153623 -0.0024
-2.85077e-05 -0.0023
9.62295e-05 -0.0022
0.000220592 -0.0021
0.000344586 -0.002
0.000468213 -0.0019
0.000591478 -0.0018
0.000714387 -0.0017
0.000836943 -0.0016
0.00095915 -0.0015
0.00108101 -0.0014
0.00120254 -0.0013
0.00132372 -0.0012
0.00144458 -0.0011
0.00156511 -0.001
0.00168532 -0.0009
0.00180521 -0.0008
0.00192479 -0.0007
0.00204406 -0.0006
0.00216303 -0.0005
0.00228169 -0.0004
0.00240006 -0.0003
0.00251814 -0.0002
0.00263594 -0.0001
0.00275345 -2.43945e-19
0.00287068 0.0001
0.00298764 0.0002
0.00310434 0.0003
0.00322076 0.0004
0.00333693 0.0005
0.00345284 0.0006
0.00356849 0.0007
0.0036839 0.0008
0.00379907 0.0009
0.00391399 0.001
0.00402868 0.0011
0.00414313 0.0012
0.00425736 0.0013
0.00437136 0.0014
0.00448514 0.0015
0.00459871 0.0016
0.00471206 0.0017
0.0048252 0.0018
0.00493814 0.0019
0.00505087 0.002
0.0051634 0.0021
0.00527574 0.0022
0.00538789 0.0023
0.00549985 0.0024
0.00561162 0.0025
0.00572321 0.0026
0.00583462 0.0027
0.00594586 0.0028
0.00605692 0.0029
0.00616781 0.003
0.00627854 0.0031
0.0063891 0.0032
0.0064995 0.0033
0.00660975 0.0034
0.00671984 0.0035
0.00682977 0.0036
0.00693956 0.0037
0.0070492 0.0038
0.0071587 0.0039
0.00726805 0.004
0.00737727 0.0041
0.00748635 0.0042
0.00759529 0.0043
0.0077041 0.0044
0.00781279 0.0045
0.00792134 0.0046
0.00802977 0.0047
0.00813808 0.0048
0.00824627 0.0049
0.00835434 0.005
0.00846229 0.0051
0.00857013 0.0052
0.00867786 0.0053
0.00878548 0.0054
0.00889299 0.0055
0.00900039 0.0056
0.00910769 0.0057
0.00921488 0.0058
0.00932198 0.0059
0.00942898 0.006
0.00953587 0.0061
0.00964268 0.0062
0.00974939 0.0063
0.00985601 0.0064
0.00996253 0.0065
0.010069 0.0066
0.0101753 0.0067
0.0102816 0.0068
0.0103878 0.0069
0.0104939 0.007
0.0105999 0.0071
0.0107058 0.0072
0.0108117 0.0073
0.0109175 0.0074
0.0110232 0.0075
0.0111288 0.0076
0.0112343 0.0077
0.0113398 0.0078
0.0114452 0.0079
0.0115506 0.008
0.0116559 0.0081
0.0117611 0.0082
0.0118662 0.0083
0.0119713 0.0084
0.0120763 0.0085
0.0121813 0.0086
0.0122861 0.0087
0.012391 0.0088
0.0124957 0.0089
0.0126004 0.009
0.0127051 0.0091
0.0128097 0.0092
0.0129142 0.0093
0.0130187 0.0094
0.0131231 0.0095
0.0132275 0.0096
0.0133318 0.0097
0.0134361 0.0098
0.0135403 0.0099
0.0136445 0.01
0.0137486 0.0101
0.0138527 0.0102
0.0139567 0.0103
0.0140607 0.0104
0.0141646 0.0105
0.0142685 0.0106
0.0143723 0.0107
0.0144761 0.0108
0.0145799 0.0109
0.0146836 0.011
0.0147873 0.0111
0.0148909 0.0112
0.0149945 0.0113
0.015098 0.0114
0.0152015 0.0115
0.015305 0.0116
0.0154084 0.0117
0.0155118 0.0118
0.0156152 0.0119
0.0157185 0.012
0.0158218 0.0121
0.015925 0.0122
0.0160282 0.0123
0.0161314 0.0124
0.0162346 0.0125
0.0163377 0.0126
0.0164408 0.0127
0.0165438 0.0128
0.0166468 0.0129
0.0167498 0.013
0.0168528 0.0131
0.0169557 0.0132
0.0170586 0.0133
0.0171614 0.0134
0.0172643 0.0135
0.0173671 0.0136
0.0174699 0.0137
0.0175726 0.0138
0.0176753 0.0139
0.017778 0.014
0.0178807 0.0141
0.0179833 0.0142
0.0180859 0.0143
0.0181885 0.0144
0.0182911 0.0145
0.0183936 0.0146
0.0184962 0.0147
0.0185986 0.0148
0.0187011 0.0149
0.0188036 0.015
0.0186369 0.0149
0.0184703 0.0148
0.0183039 0.0147
0.0181376 0.0146
0.0179714 0.0145
0.0178053 0.0144
0.0176394 0.0143
0.0174736 0.0142
0.0173081 0.0141
0.0171427 0.014
0.0169775 0.0139
0.0168125 0.0138
0.0166477 0.0137
0.0164831 0.0136
0.0163187 0.0135
0.0161546 0.0134
0.0159907 0.0133
0.015827 0.0132
0.0156635 0.0131
0.0155003 0.013
0.0153373 0.0129
0.0151746 0.0128
0.0150122 0.0127
0.01485 0.0126
0.0146881 0.0125
0.0145265 0.0124
0.0143652 0.0123
0.0142041 0.0122
0.0140434 0.0121
0.0138829 0.012
0.0137227 0.0119
0.0135629 0.0118
0.0134033 0.0117
0.0132441 0.0116
0.0130852 0.0115
0.0129266 0.0114
0.0127684 0.0113
0.0126104 0.0112
0.0124529 0.0111
0.0122956 0.011
0.0121387 0.0109
0.0119822 0.0108
0.011826 0.0107
0.0116702 0.0106
0.0115147 0.0105
0.0113596 0.0104
0.0112049 0.0103
0.0110505 0.0102
0.0108966 0.0101
0.010743 0.01
0.0105898 0.0099
0.0104369 0.0098
0.0102845 0.0097
0.0101325 0.0096
0.00998085 0.0095
0.00982961 0.0094
0.00967877 0.0093
0.00952834 0.0092
0.00937832 0.0091
0.00922872 0.009
0.00907952 0.0089
0.00893074 0.0088
0.00878238 0.0087
0.00863444 0.0086
0.00848692 0.0085
0.00833983 0.0084
0.00819316 0.0083
0.00804691 0.0082
0.0079011 0.0081
0.00775572 0.008
0.00761077 0.0079
0.00746625 0.0078
0.00732216 0.0077
0.00717851 0.0076
0.00703529 0.0075
0.00689251 0.0074
0.00675016 0.0073
0.00660825 0.0072
0.00646678 0.0071
0.00632574 0.007
0.00618514 0.0069
0.00604497 0.0068
0.00590524 0.0067
0.00576594 0.0066
0.00562708 0.0065
0.00548865 0.0064
0.00535065 0.0063
0.00521308 0.0062
0.00507595 0.0061
0.00493924 0.006
0.00480296 0.0059
0.0046671 0.0058
0.00453167 0.0057
0.00439666 0.0056
0.00426207 0.0055
0.0041279 0.0054
0.00399414 0.0053
0.0038608 0.0052
0.00372786 0.0051
0.00359534 0.005
0.00346322 0.0049
0.00333151 0.0048
0.0032002 0.0047
0.00306928 0.0046
0.00293876 0.0045
0.00280864 0.0044
0.0026789 0.0043
0.00254955 0.0042
0.00242058 0.0041
0.00229199 0.004
0.00216377 0.0039
0.00203593 0.0038
0.00190846 0.0037
0.00178135 0.0036
0.00165461 0.0035
0.00152823 0.0034
0.00140219 0.0033
0.00127652 0.0032
0.00115118 0.0031
0.0010262 0.003
0.00090155 0.0029
0.00077724 0.0028
0.000653262 0.0027
0.000529612 0.0026
0.000406288 0.0025
0.000283285 0.0024
0.000160599 0.0023
3.82261e-05 0.0022
-8.3837e-05 0.0021
-0.000205594 0.002
-0.00032705 0.0019
-0.000448207 0.0018
-0.000569071 0.0017
-0.000689644 0.0016
-0.00080993 0.0015
-0.000929934 0.0014
-0.00104966 0.0013
-0.00116911 0.0012
-0.00128829 0.0011
-0.0014072 0.001
-0.00152585 0.0009
-0.00164423 0.0008
-0.00176237 0.0007
-0.00188024 0.0006
-0.00199787 0.0005
-0.00211526 0.0004
-0.0022324 0.0003
-0.0023493 0.0002
-0.00246597 0.0001
-0.0025824 2.43945e-19
-0.00269861 -0.0001
-0.0028146 -0.0002
-0.00293036 -0.0003
-0.0030459 -0.0004
-0.00316123 -0.0005
-0.00327635 -0.0006
-0.00339126 -0.0007
-0.00350597 -0.0008
-0.00362047 -0.0009
-0.00373477 -0.001
-0.00384888 -0.0011
-0.0039628 -0.0012
-0.00407652 -0.0013
-0.00419006 -0.0014
-0.00430342 -0.0015
-0.00441659 -0.0016
-0.00452959 -0.0017
-0.00464241 -0.0018
-0.00475506 -0.0019
-0.00486754 -0.002
-0.00497985 -0.0021
-0.005092 -0.0022
-0.00520398 -0.0023
-0.00531581 -0.0024
-0.00542747 -0.0025
-0.00553899 -0.0026
-0.00565035 -0.0027
-0.00576156 -0.0028
-0.00587263 -0.0029
-0.00598355 -0.003
-0.00609433 -0.0031
-0.00620497 -0.0032
-0.00631547 -0.0033
-0.00642583 -0.0034
-0.00653606 -0.0035
-0.00664616 -0.0036
-0.00675613 -0.0037
-0.00686597 -0.0038
-0.00697569 -0.0039
-0.00708528 -0.004
-0.00719475 -0.0041
-0.0073041 -0.0042
-0.00741334 -0.0043
-0.00752246 -0.0044
-0.00763146 -0.0045
-0.00774035 -0.0046
-0.00784914 -0.0047
-0.00795781 -0.0048
-0.00806638 -0.0049
-0.00817484 -0.005
-0.0082832 -0.0051
-0.00839145 -0.0052
-0.00849961 -0.0053
-0.00860766 -0.0054
-0.00871562 -0.0055
-0.00882348 -0.0056
-0.00893125 -0.0057
-0.00903893 -0.0058
-0.00914652 -0.0059
-0.00925401 -0.006
-0.00936142 -0.0061
-0.00946874 -0.0062
-0.00957597 -0.0063
-0.00968312 -0.0064
-0.00979018 -0.0065
-0.00989717 -0.0066
-0.0100041 -0.0067
-0.0101109 -0.0068
-0.0102176 -0.0069
-0.0103243 -0.007
-0.0104309 -0.0071
-0.0105374 -0.0072
-0.0106439 -0.0073
-0.0107502 -0.0074
-0.0108565 -0.0075
-0.0109628 -0.0076
-0.0110689 -0.0077
-0.011175 -0.0078
-0.011281 -0.0079
-0.011387 -0.008
-0.0114929 -0.0081
-0.0115987 -0.0082
-0.0117045 -0.0083
-0.0118102 -0.0084
-0.0119158 -0.0085
-0.0120214 -0.0086
-0.0121269 -0.0087
-0.0122324 -0.0088
-0.0123378 -0.0089
-0.0124431 -0.009
-0.0125484 -0.0091
-0.0126536 -0.0092
-0.0127588 -0.0093
-0.012864 -0.0094
-0.012969 -0.0095
-0.013074 -0.0096
-0.013179 -0.0097
-0.0132839 -0.0098
-0.0133888 -0.0099
-0.0134936 -0.01
-0.0135984 -0.0101
-0.0137031 -0.0102
-0.0138078 -0.0103
-0.0139124 -0.0104
-0.014017 -0.0105
-0.0141215 -0.0106
-0.014226 -0.0107
-0.0143304 -0.0108
-0.0144348 -0.0109
-0.0145392 -0.011
-0.0146435 -0.0111
-0.0147478 -0.0112
-0.014852 -0.0113
-0.0149562 -0.0114
-0.0150604 -0.0115
-0.0151645 -0.0116
-0.0152685 -0.0117
-0.0153726 -0.0118
-0.0154766 -0.0119
-0.0155805 -0.012
-0.0156844 -0.0121
-0.0157883 -0.0122
-0.0158922 -0.0123
-0.015996 -0.0124
-0.0160998 -0.0125
-0.0162035 -0.0126
-0.0163072 -0.0127
-0.0164109 -0.0128
-0.0165145 -0.0129
-0.0166181 -0.013
-0.0167217 -0.0131
-0.0168253 -0.0132
-0.0169288 -0.0133
-0.0170323 -0.0134
-0.0171357 -0.0135
-0.0172391 -0.0136
-0.0173425 -0.0137
-0.0174459 -0.0138
-0.0175492 -0.0139
-0.0176525 -0.014
-0.0177558 -0.0141
-0.017859 -0.0142
-0.0179622 -0.0143
-0.0180654 -0.0144
-0.0181686 -0.0145
-0.0182717 -0.0146
-0.0183748 -0.0147
-0.0184779 -0.0148
-0.018581 -0.0149
-0.018684 -0.015
-0.018787 -0.0151
-0.01889 -0.0152
-0.0189929 -0.0153
-0.0190958 -0.0154
-0.0191988 -0.0155
-0.0193016 -0.0156
-0.0194045 -0.0157
-0.0195073 -0.0158
-0.0196101 -0.0159
-0.0197129 -0.016
-0.0198157 -0.0161
-0.0199184 -0.0162
-0.0200212 -0.0163
-0.0201239 -0.0164
-0.0202266 -0.0165
-0.0203292 -0.0166
-0.0204319 -0.0167
-0.0205345 -0.0168
-0.0206371 -0.0169
-0.0207396 -0.017
-0.0208422 -0.0171
-0.0209447 -0.0172
-0.0210473 -0.0173
-0.0211498 -0.0174
-0.0212522 -0.0175
-0.0213547 -0.0176
-0.0214571 -0.0177
-0.0215596 -0.0178
-0.021662 -0.0179
-0.0217644 -0.018
-0.0218667 -0.0181
-0.0219691 -0.0182
-0.0220714 -0.0183
-0.0221737 -0.0184
-0.022276 -0.0185
-0.0223783 -0.0186
-0.0224806 -0.0187
-0.0225828 -0.0188
-0.0226851 -0.0189
-0.0227873 -0.019
-0.0228895 -0.0191
-0.0229917 -0.0192
-0.0230939 -0.0193
-0.023196 -0.0194
-0.0232982 -0.0195
-0.0234003 -0.0196
-0.0235024 -0.0197
-0.0236045 -0.0198
-0.0237066 -0.0199
-0.0238086 -0.02
-0.0239107 -0.0201
-0.0240127 -0.0202
-0.0241147 -0.0203
-0.0242168 -0.0204
-0.0243188 -0.0205
-0.0244207 -0.0206
-0.0245227 -0.0207
-0.0246247 -0.0208
-0.0247266 -0.0209
-0.0248285 -0.021
-0.0249305 -0.0211
-0.0250324 -0.0212
-0.0251343 -0.0213
-0.0252361 -0.0214
-0.025338 -0.0215
-0.0254399 -0.0216
-0.0255417 -0.0217
-0.0256435 -0.0218
-0.0257454 -0.0219
-0.0258472 -0.022
-0.025949 -0.0221
-0.0260507 -0.0222
-0.0261525 -0.0223
-0.0262543 -0.0224
-0.026356 -0.0225
-0.0264578 -0.0226
-0.0265595 -0.0227
-0.0266612 -0.0228
-0.0267629 -0.0229
-0.0268646 -0.023
-0.0269663 -0.0231
-0.027068 -0.0232
-0.0271696 -0.0233
-0.0272713 -0.0234
-0.027373 -0.0235
-0.0274746 -0.0236
-0.0275762 -0.0237
-0.0276778 -0.0238
-0.0277794 -0.0239
-0.027881 -0.024
-0.0279826 -0.0241
-0.0280842 -0.0242
-0.0281858 -0.0243
-0.0282873 -0.0244
-0.0283889 -0.0245
-0.0284904 -0.0246
-0.0285919 -0.0247
-0.0286935 -0.0248
-0.028795 -0.0249
-0.0288965 -0.025
-0.0287299 -0.0249
-0.0285633 -0.0248
-0.028397 -0.0247
-0.0282307 -0.0246
-0.0280647 -0.0245
-0.0278988 -0.0244
-0.0277331 -0.0243
-0.0275676 -0.0242
-0.0274023 -0.0241
-0.0272372 -0.024
-0.0270723 -0.0239
-0.0269077 -0.0238
-0.0267433 -0.0237
-0.0265791 -0.0236
-0.0264152 -0.0235
-0.0262515 -0.0234
-0.026088 -0.0233
-0.0259249 -0.0232
-0.025762 -0.0231
-0.0255994 -0.023
-0.025437 -0.0229
-0.0252749 -0.0228
-0.0251131 -0.0227
-0.0249516 -0.0226
-0.0247904 -0.0225
-0.0246295 -0.0224
-0.0244689 -0.0223
-0.0243086 -0.0222
-0.0241487 -0.0221
-0.023989 -0.022
-0.0238297 -0.0219
-0.0236707 -0.0218
-0.023512 -0.0217
-0.0233536 -0.0216
-0.0231956 -0.0215
-0.0230379 -0.0214
-0.0228806 -0.0213
-0.0227236 -0.0212
-0.022567 -0.0211
-0.0224108 -0.021
-0.0222548 -0.0209
-0.0220993 -0.0208
-0.0219441 -0.0207
-0.0217893 -0.0206
-0.0216349 -0.0205
-0.0214808 -0.0204
-0.0213272 -0.0203
-0.0211739 -0.0202
-0.0210209 -0.0201
-0.0208684 -0.02
-0.0207163 -0.0199
-0.0205646 -0.0198
-0.0204132 -0.0197
-0.0202623 -0.0196
-0.0201117 -0.0195
-0.0199616 -0.0194
-0.0198118 -0.0193
-0.0196625 -0.0192
-0.0195136 -0.0191
-0.019365 -0.019
-0.0192169 -0.0189
-0.0190692 -0.0188
-0.018922 -0.0187
-0.0187751 -0.0186
-0.0186287 -0.0185
-0.0184826 -0.0184
-0.018337 -0.0183
-0.0181918 -0.0182
-0.018047 -0.0181
-0.0179027 -0.018
-0.0177588 -0.0179
-0.0176153 -0.0178
-0.0174722 -0.0177
-0.0173295 -0.0176
-0.0171873 -0.0175
-0.0170454 -0.0174
-0.016904 -0.0173
-0.0167631 -0.0172
-0.0166225 -0.0171
-0.0164824 -0.017
-0.0163426 -0.0169
-0.0162033 -0.0168
-0.0160645 -0.0167
-0.015926 -0.0166
-0.0157879 -0.0165
-0.0156503 -0.0164
-0.0155131 -0.0163
-0.0153762 -0.0162
-0.0152398 -0.0161
-0.0151038 -0.016
-0.0149682 -0.0159
-0.0148331 -0.0158
-0.0146983 -0.0157
-0.0145639 -0.0156
-0.0144299 -0.0155
-0.0142963 -0.0154
-0.0141631 -0.0153
-0.0140303 -0.0152
-0.0138979 -0.0151
-0.0137658 -0.015
-0.0136342 -0.0149
-0.0135029 -0.0148
-0.013372 -0.0147
-0.0132415 -0.0146
-0.0131113 -0.0145
-0.0129816 -0.0144
-0.0128521 -0.0143
-0.0127231 -0.0142
-0.0125944 -0.0141
-0.0124661 -0.014
-0.0123381 -0.0139
-0.0122105 -0.0138
-0.0120832 -0.0137
-0.0119562 -0.0136
-0.0118296 -0.0135
-0.0117034 -0.0134
-0.0115774 -0.0133
-0.0114518 -0.0132
-0.0113266 -0.0131
-0.0112016 -0.013
-0.011077 -0.0129
-0.0109526 -0.0128
-0.0108286 -0.0127
-0.0107049 -0.0126
-0.0105816 -0.0125
-0.0104585 -0.0124
-0.0103357 -0.0123
-0.0102132 -0.0122
-0.010091 -0.0121
-0.00996906 -0.012
-0.00984743 -0.0119
-0.00972608 -0.0118
-0.00960501 -0.0117
-0.00948421 -0.0116
-0.00936368 -0.0115
-0.00924342 -0.0114
-0.00912342 -0.0113
-0.00900368 -0.0112
-0.0088842 -0.0111
-0.00876497 -0.011
-0.00864599 -0.0109
-0.00852726 -0.0108
-0.00840877 -0.0107
-0.00829052 -0.0106
-0.00817251 -0.0105
-0.00805473 -0.0104
-0.00793719 -0.0103
-0.00781986 -0.0102
-0.00770277 -0.0101
-0.00758589 -0.01
-0.00746923 -0.0099
-0.00735279 -0.0098
-0.00723656 -0.0097
-0.00712054 -0.0096
-0.00700472 -0.0095
-0.00688911 -0.0094
-0.00677369 -0.0093
-0.00665847 -0.0092
-0.00654345 -0.0091
-0.00642862 -0.009
-0.00631397 -0.0089
-0.00619952 -0.0088
-0.00608524 -0.0087
-0.00597115 -0.0086
-0.00585723 -0.0085
-0.00574349 -0.0084
-0.00562992 -0.0083
-0.00551652 -0.0082
-0.00540329 -0.0081
-0.00529023 -0.008
-0.00517733 -0.0079
-0.00506458 -0.0078
-0.004952 -0.0077
-0.00483957 -0.0076
-0.00472729 -0.0075
-0.00461517 -0.0074
-0.00450319 -0.0073
-0.00439136 -0.0072
-0.00427968 -0.0071
-0.00416813 -0.007
-0.00405673 -0.0069
-0.00394547 -0.0068
-0.00383434 -0.0067
-0.00372334 -0.0066
-0.00361248 -0.0065
-0.00350175 -0.0064
-0.00339114 -0.0063
-0.00328066 -0.0062
-0.00317031 -0.0061
-0.00306008 -0.006
-0.00294996 -0.0059
-0.00283997 -0.0058
-0.0027301 -0.0057
-0.00262034 -0.0056
-0.00251069 -0.0055
-0.00240115 -0.0054
-0.00229173 -0.0053
-0.00218241 -0.0052
-0.00207321 -0.0051
-0.0019641 -0.005
-0.0018551 -0.0049
-0.00174621 -0.0048
-0.00163741 -0.0047
-0.00152871 -0.0046
-0.00142012 -0.0045
-0.00131161 -0.0044
-0.00120321 -0.0043
-0.0010949 -0.0042
-0.000986675 -0.0041
-0.000878546 -0.004
-0.000770507 -0.0039
-0.000662556 -0.0038
-0.000554692 -0.0037
-0.000446914 -0.0036
-0.000339221 -0.0035
-0.000231612 -0.0034
-0.000124084 -0.0033
-1.6638e-05 -0.0032
9.07282e-05 -0.0031
0.000198016 -0.003
0.000305225 -0.0029
0.000412359 -0.0028
0.000519416 -0.0027
0.000626399 -0.0026
0.000733309 -0.0025
0.000840147 -0.0024
0.000946913 -0.0023
0.00105361 -0.0022
0.00116023 -0.0021
0.00126679 -0.002
0.00137328 -0.0019
0.00147971 -0.0018
0.00158607 -0.0017
0.00169236 -0.0016
0.00179859 -0.0015
0.00190476 -0.0014
0.00201086 -0.0013
0.00211691 -0.0012
0.00222289 -0.0011
0.00232881 -0.001
0.00243468 -0.0009
0.00254048 -0.0008
0.00264624 -0.0007
0.00275193 -0.0006
0.00285757 -0.0005
0.00296315 -0.0004
0.00306868 -0.0003
0.00317415 -0.0002
0.00327958 -0.0001
0.00338495 -2.43945e-19
0.00349027 0.0001
0.00359554 0.0002
0.00370076 0.0003
0.00380593 0.0004
0.00391105 0.0005
0.00401612 0.0006
0.00412114 0.0007
0.00422612 0.0008
0.00433106 0.0009
0.00443594 0.001
0.00454079 0.0011
0.00464558 0.0012
0.00475034 0.0013
0.00485505 0.0014
0.00495971 0.0015
0.00506434 0.0016
0.00516892 0.0017
0.00527347 0.0018
0.00537797 0.0019
0.00548243 0.002
0.00558685 0.0021
0.00569124 0.0022
0.00579558 0.0023
0.00589989 0.0024
0.00600416 0.0025
0.00610839 0.0026
0.00621259 0.0027
0.00631674 0.0028
0.00642087 0.0029
0.00652495 0.003
0.00662901 0.0031
0.00673303 0.0032
0.00683701 0.0033
0.00694096 0.0034
0.00704488 0.0035
0.00714876 0.0036
0.00725261 0.0037
0.00735643 0.0038
0.00746022 0.0039
0.00756398 0.004
0.0076677 0.0041
0.0077714 0.0042
0.00787506 0.0043
0.0079787 0.0044
0.0080823 0.0045
0.00818588 0.0046
0.00828943 0.0047
0.00839295 0.0048
0.00849644 0.0049
0.0085999 0.005
0.00870334 0.0051
0.00880675 0.0052
0.00891013 0.0053
0.00901348 0.0054
0.00911681 0.0055
0.00922011 0.0056
0.00932339 0.0057
0.00942664 0.0058
0.00952987 0.0059
0.00963307 0.006
0.00973625 0.0061
0.0098394 0.0062
0.00994253 0.0063
0.0100456 0.0064
0.0101487 0.0065
0.0102518 0.0066
0.0103548 0.0067
0.0104578 0.0068
0.0105608 0.0069
0.0106638 0.007
0.0107667 0.0071
0.0108697 0.0072
0.0109726 0.0073
0.0110754 0.0074
0.0111783 0.0075
0.0112811 0.0076
0.011384 0.0077
0.0114868 0.0078
0.0115895 0.0079
0.0116923 0.008
0.011795 0.0081
0.0118978 0.0082
0.0120005 0.0083
0.0121031 0.0084
0.0122058 0.0085
0.0123084 0.0086
0.0124111 0.0087
0.0125137 0.0088
0.0126163 0.0089
0.0127188 0.009
0.0128214 0.0091
0.0129239 0.0092
0.0130265 0.0093
0.013129 0.0094
0.0132314 0.0095
0.0133339 0.0096
0.0134364 0.0097
0.0135388 0.0098
0.0136412 0.0099
0.0137436 0.01
0.013846 0.0101
0.0139484 0.0102
0.0140507 0.0103
0.0141531 0.0104
0.0142554 0.0105
0.0143577 0.0106
0.01446 0.0107
0.0145623 0.0108
0.0146645 0.0109
0.0147668 0.011
0.014869 0.0111
0.0149712 0.0112
0.0150735 0.0113
0.0151756 0.0114
0.0152778 0.0115
0.01538 0.0116
0.0154821 0.0117
0.0155843 0.0118
0.0156864 0.0119
0.0157885 0.012
0.0158906 0.0121
0.0159927 0.0122
0.0160948 0.0123
0.0161968 0.0124
0.0162989 0.0125
0.0164009 0.0126
0.0165029 0.0127
0.0166049 0.0128
0.0167069 0.0129
0.0168089 0.013
0.0169109 0.0131
0.0170129 0.0132
0.0171148 0.0133
0.0172168 0.0134
0.0173187 0.0135
0.0174206 0.0136
0.0175225 0.0137
0.0176244 0.0138
0.0177263 0.0139
0.0178282 0.014
0.01793 0.0141
0.0180319 0.0142
0.0181337 0.0143
0.0182355 0.0144
0.0183373 0.0145
0.0184392 0.0146
0.018541 0.0147
0.0186427 0.0148
0.0187445 0.0149
0.0188463 0.015
0.018948 0.0151
0.0190498 0.0152
0.0191515 0.0153
0.0192533 0.0154
0.019355 0.0155
0.0194567 0.0156
0.0195584 0.0157
0.0196601 0.0158
0.0197618 0.0159
0.0198634 0.016
0.0199651 0.0161
0.0200667 0.0162
0.0201684 0.0163
0.02027 0.0164
0.0203716 0.0165
0.0204733 0.0166
0.0205749 0.0167
0.0206765 0.0168
0.0207781 0.0169
0.0208797 0.017
0.0209812 0.0171
0.0210828 0.0172
0.0211844 0.0173
0.0212859 0.0174
0.0213875 0.0175
0.021489 0.0176
0.0215905 0.0177
0.021692 0.0178
0.0217935 0.0179
0.021895 0.018
0.0219965 0.0181
0.022098 0.0182
0.0221995 0.0183
0.022301 0.0184
0.0224025 0.0185
0.0225039 0.0186
0.0226054 0.0187
0.0227068 0.0188
0.0228082 0.0189
0.0229097 0.019
0.0230111 0.0191
0.0231125 0.0192
0.0232139 0.0193
0.0233153 0.0194
0.0234167 0.0195
0.0235181 0.0196
0.0236195 0.0197
0.0237209 0.0198
0.0238222 0.0199
0.0239236 0.02
0.024025 0.0201
0.0241263 0.0202
0.0242276 0.0203
0.024329 0.0204
0.0244303 0.0205
0.0245316 0.0206
0.024633 0.0207
0.0247343 0.0208
0.0248356 0.0209
0.0249369 0.021
0.0250382 0.0211
0.0251395 0.0212
0.0252407 0.0213
0.025342 0.0214
0.0254433 0.0215
0.0255445 0.0216
0.0256458 0.0217
0.0257471 0.0218
0.0258483 0.0219
0.0259495 0.022
0.0260508 0.0221
0.026152 0.0222
0.0262532 0.0223
0.0263545 0.0224
0.0264557 0.0225
0.0265569 0.0226
0.0266581 0.0227
0.0267593 0.0228
0.0268605 0.0229
0.0269617 0.023
0.0270628 0.0231
0.027164 0.0232
0.0272652 0.0233
0.0273664 0.0234
0.0274675 0.0235
0.0275687 0.0236
0.0276698 0.0237
0.027771 0.0238
0.0278721 0.0239
0.0279732 0.024
0.0280744 0.0241
0.0281755 0.0242
0.0282766 0.0243
0.0283777 0.0244
0.0284789 0.0245
0.02858 0.0246
0.0286811 0.0247
0.0287822 0.0248
0.0288833 0.0249
0.0289844 0.025
0.0273319 0.024
0.0256901 0.023
0.0240827 0.022
0.0225079 0.021
0.0209692 0.02
0.0194693 0.019
0.0180097 0.018
0.0165913 0.017
0.0152136 0.016
0.0138751 0.015
0.0125738 0.014
0.0113067 0.013
0.0100707 0.012
0.00886238 0.011
0.00767863 0.01
0.00651639 0.009
0.00537287 0.008
0.00424561 0.007
0.00313244 0.006
0.00203148 0.005
0.000941087 0.004
-0.000140119 0.003
-0.00121334 0.002
-0.00227959 0.001
-0.00333974 -1.11022e-16
-0.00439454 -0.001
-0.00544464 -0.002
-0.00649057 -0.003
-0.00753282 -0.004
-0.0085718 -0.005
-0.00960786 -0.006
-0.0106413 -0.007
-0.0116724 -0.008
-0.0127014 -0.009
-0.0137285 -0.01
-0.0147539 -0.011
-0.0157777 -0.012
-0.0168001 -0.013
-0.0178212 -0.014
-0.0188412 -0.015
-0.01986 -0.016
-0.0208779 -0.017
-0.0218949 -0.018
-0.022911 -0.019
-0.0239264 -0.02
-0.024941 -0.021
-0.025955 -0.022
-0.0269684 -0.023
-0.0279812 -0.024
-0.0289934 -0.025
-0.0300052 -0.026
-0.0310165 -0.027
-0.0320274 -0.028
-0.0330379 -0.029
-0.034048 -0.03
-0.0350577 -0.031
-0.0360672 -0.032
-0.0370763 -0.033
-0.0380851 -0.034
-0.0390936 -0.035
-0.037444 -0.034
-0.0358009 -0.033
-0.0341948 -0.032
-0.0326215 -0.031
-0.0310839 -0.03
-0.0295847 -0.029
-0.0281252 -0.028
-0.026706 -0.027
-0.0253267 -0.026
-0.0239859 -0.025
-0.0226813 -0.024
-0.0214104 -0.023
-0.0201701 -0.022
-0.0189571 -0.021
-0.0177686 -0.02
-0.0166014 -0.019
-0.015453 -0.018
-0.014321 -0.017
-0.0132032 -0.016
-0.0120978 -0.015
-0.0110032 -0.014
-0.00991797 -0.013
-0.00884094 -0.012
-0.0077711 -0.011
-0.00670755 -0.01
-0.00564955 -0.009
-0.00459644 -0.008
-0.00354767 -0.007
-0.00250274 -0.006
-0.00146124 -0.005
-0.000422808 -0.004
0.000612884 -0.003
0.00164611 -0.002
0.00267711 -0.001
0.00370611 -1.11022e-16
0.00473329 0.001
0.00575881 0.002
0.00678284 0.003
0.00780549 0.004
0.00882689 0.005
0.00984714 0.006
0.0108663 0.007
0.0118846 0.008
0.0129019 0.009
0.0139184 0.01
0.0149341 0.011
0.0159492 0.012
0.0169635 0.013
0.0179773 0.014
0.0189905 0.015
0.0200031 0.016
0.0210153 0.017
0.022027 0.018
0.0230383 0.019
0.0240492 0.02
0.0250596 0.021
0.0260698 0.022
0.0270796 0.023
0.028089 0.024
0.0290982 0.025
0.0301071 0.026
0.0311157 0.027
0.0321241 0.028
0.0331322 0.029
0.0341401 0.03
0.0351478 0.031
0.0361553 0.032
0.0371626 0.033
0.0381697 0.034
0.0391767 0.035
0.0375176 0.034
0.0358847 0.033
0.0342793 0.032
0.0327063 0.031
0.0311689 0.03
0.0296692 0.029
0.0282087 0.028
0.0267878 0.027
0.025406 0.026
0.0240621 0.025
0.0227539 0.024
0.0214789 0.023
0.0202342 0.022
0.0190167 0.021
0.0178235 0.02
0.0166518 0.019
0.0154989 0.018
0.0143625 0.017
0.0132405 0.016
0.0121311 0.015
0.0110327 0.014
0.00994394 0.013
0.00886355 0.012
0.00779054 0.011
0.00672402 0.01
0.00566322 0.009
0.00460749 0.008
0.00355625 0.007
0.002509 0.006
0.00146533 0.005
0.000424838 0.004
-0.000612787 0.003
-0.00164784 0.002
-0.00268056 0.001
-0.00371118 -1.11022e-16
-0.0047399 -0.001
-0.00576688 -0.002
-0.00679228 -0.003
-0.00781624 -0.004
-0.00883888 -0.005
-0.00986031 -0.006
-0.0108806 -0.007
-0.0118999 -0.008
-0.0129183 -0.009
-0.0139358 -0.01
-0.0149524 -0.011
-0.0159683 -0.012
-0.0169836 -0.013
-0.0179981 -0.014
-0.0190121 -0.015
-0.0200255 -0.016
-0.0210384 -0.017
-0.0220508 -0.018
-0.0230627 -0.019
-0.0240743 -0.02
-0.0250853 -0.021
-0.0260961 -0.022
-0.0271064 -0.023
-0.0281164 -0.024
-0.0291261 -0.025
-0.0301356 -0.026
-0.0311447 -0.027
-0.0321535 -0.028
-0.0331621 -0.029
-0.0341705 -0.03
-0.0351786 -0.031
-0.0361865 -0.032
-0.0371942 -0.033
-0.0382017 -0.034
-0.039209 -0.035
-0.0402162 -0.036
-0.0412232 -0.037
-0.04223 -0.038
-0.0432366 -0.039
-0.0442432 -0.04
-0.0452495 -0.041
-0.0462558 -0.042
-0.0472619 -0.043
-0.0482679 -0.044
-0.0492738 -0.045
-0.0476173 -0.044
-0.0459822 -0.043
-0.0443769 -0.042
-0.0428039 -0.041
-0.041266 -0.04
-0.0397653 -0.039
-0.0383032 -0.038
-0.0368802 -0.037
-0.0354956 -0.036
-0.0341484 -0.035
-0.0328364 -0.034
-0.0315573 -0.033
-0.0303083 -0.032
-0.0290864 -0.031
-0.0278888 -0.03
-0.0267127 -0.029
-0.0255556 -0.028
-0.0244152 -0.027
-0.0232893 -0.026
-0.0221763 -0.025
-0.0210744 -0.024
-0.0199823 -0.023
-0.0188989 -0.022
-0.017823 -0.021
-0.0167537 -0.02
-0.0156904 -0.019
-0.0146323 -0.018
-0.0135788 -0.017
-0.0125295 -0.016
-0.0114839 -0.015
-0.0104415 -0.014
-0.00940218 -0.013
-0.0083655 -0.012
-0.00733123 -0.011
-0.00629916 -0.01
-0.00526907 -0.009
-0.00424079 -0.008
-0.00321416 -0.007
-0.00218903 -0.006
-0.00116528 -0.005
-0.000142802 -0.004
0.000878515 -0.003
0.00189876 -0.002
0.00291802 -0.001
0.00393636 -1.11022e-16
0.00495385 0.001
0.00597056 0.002
0.00698654 0.003
0.00800183 0.004
0.0090165 0.005
0.0100306 0.006
0.0110441 0.007
0.0120571 0.008
0.0130696 0.009
0.0140817 0.01
0.0150933 0.011
0.0161046 0.012
0.0171154 0.013
0.0181259 0.014
0.0191361 0.015
0.0201459 0.016
0.0211555 0.017
0.0221648 0.018
0.0231738 0.019
0.0241825 0.02
0.025191 0.021
0.0261993 0.022
0.0272074 0.023
0.0282152 0.024
0.0292229 0.025
0.0302303 0.026
0.0312376 0.027
0.0322448 0.028
0.0332517 0.029
0.0342585 0.03
0.0352652 0.031
0.0362717 0.032
0.0372781 0.033
0.0382843 0.034
0.0392904 0.035
0.0402964 0.036
0.0413023 0.037
0.0423081 0.038
0.0433138 0.039
0.0443194 0.04
0.0453248 0.041
0.0463302 0.042
0.0473355 0.043
0.0483407 0.044
0.0493459 0.045
0.0476898 0.044
0.0460545 0.043
0.0444492 0.042
0.0428758 0.041
0.0413371 0.04
0.0398351 0.039
0.0383712 0.038
0.0369457 0.037
0.0355582 0.036
0.0342076 0.035
0.0328919 0.034
0.0316088 0.033
0.0303555 0.032
0.0291294 0.031
0.0279276 0.03
0.0267474 0.029
0.0255863 0.028
0.024442 0.027
0.0233125 0.026
0.022196 0.025
0.0210909 0.024
0.0199957 0.023
0.0189094 0.022
0.0178309 0.021
0.0167591 0.02
0.0156934 0.019
0.0146331 0.018
0.0135776 0.017
0.0125264 0.016
0.0114789 0.015
0.0104349 0.014
0.00939393 0.013
0.00835574 0.012
0.00732006 0.011
0.00628665 0.01
0.00525531 0.009
0.00422583 0.008
0.00319808 0.007
0.00217188 0.006
0.00114712 0.005
0.00012368 0.004
-0.000898551 0.003
-0.00191966 0.002
-0.00293975 0.001
-0.00395888 -1.11022e-16
-0.00497712 -0.001
-0.00599455 -0.002
-0.00701121 -0.003
-0.00802716 -0.004
-0.00904246 -0.005
-0.0100571 -0.006
-0.0110712 -0.007
-0.0120848 -0.008
-0.0130978 -0.009
-0.0141104 -0.01
-0.0151225 -0.011
-0.0161343 -0.012
-0.0171456 -0.013
-0.0181565 -0.014
-0.0191671 -0.015
-0.0201774 -0.016
-0.0211873 -0.017
-0.022197 -0.018
-0.0232063 -0.019
-0.0242154 -0.02
-0.0252243 -0.021
-0.0262329 -0.022
-0.0272413 -0.023
-0.0282494 -0.024
-0.0292574 -0.025
-0.0302652 -0.026
-0.0312727 -0.027
-0.0322801 -0.028
-0.0332874 -0.029
-0.0342944 -0.03
-0.0353013 -0.031
-0.0363081 -0.032
-0.0373147 -0.033
-0.0383212 -0.034
-0.0393275 -0.035
-0.0403338 -0.036
-0.0413399 -0.037
-0.0423459 -0.038
-0.0433517 -0.039
-0.0443575 -0.04
-0.0453632 -0.041
-0.0463688 -0.042
-0.0473742 -0.043
-0.0483796 -0.044
-0.0493849 -0.045
-0.0503901 -0.046
-0.0513953 -0.047
-0.0524003 -0.048
-0.0534053 -0.049
-0.0544102 -0.05
-0.0554151 -0.051
-0.0564198 -0.052
-0.0574246 -0.053
-0.0584292 -0.054
-0.0594338 -0.055
-0.0577793 -0.054
-0.0561424 -0.053
-0.0545369 -0.052
-0.0529629 -0.051
-0.0514233 -0.05
-0.0499198 -0.049
-0.0484539 -0.048
-0.047026 -0.047
-0.0456355 -0.046
-0.0442815 -0.045
-0.0429621 -0.044
-0.0416751 -0.043
-0.0404178 -0.042
-0.0391876 -0.041
-0.0379817 -0.04
-0.0367975 -0.039
-0.0356326 -0.038
-0.0344847 -0.037
-0.0333517 -0.036
-0.0322319 -0.035
-0.0311237 -0.034
-0.0300257 -0.033
-0.0289367 -0.032
-0.0278556 -0.031
-0.0267815 -0.03
-0.0257136 -0.029
-0.0246513 -0.028
-0.0235938 -0.027
-0.0225407 -0.026
-0.0214916 -0.025
-0.0204459 -0.024
-0.0194035 -0.023
-0.0183639 -0.022
-0.0173269 -0.021
-0.0162922 -0.02
-0.0152597 -0.019
-0.0142291 -0.018
-0.0132003 -0.017
-0.0121731 -0.016
-0.0111474 -0.015
-0.0101231 -0.014
-0.00909999 -0.013
-0.00807807 -0.012
-0.00705722 -0.011
-0.00603735 -0.01
-0.00501841 -0.009
-0.00400032 -0.008
-0.00298302 -0.007
-0.00196645 -0.006
-0.000950576 -0.005
6.46579e-05 -0.004
0.00107929 -0.003
0.00209336 -0.002
0.00310691 -0.001
0.00411996 -1.11022e-16
0.00513254 0.001
0.00614469 0.002
0.00715643 0.003
0.00816778 0.004
0.00917876 0.005
0.0101894 0.006
0.0111997 0.007
0.0122097 0.008
0.0132194 0.009
0.0142289 0.01
0.015238 0.011
0.0162469 0.012
0.0172556 0.013
0.0182641 0.014
0.0192723 0.015
0.0202803 0.016
0.0212882 0.017
0.0222958 0.018
0.0233033 0.019
0.0243106 0.02
0.0253177 0.021
0.0263247 0.022
0.0273316 0.023
0.0283383 0.024
0.0293448 0.025
0.0303512 0.026
0.0313575 0.027
0.0323637 0.028
0.0333698 0.029
0.0343758 0.03
0.0353816 0.031
0.0363873 0.032
0.037393 0.033
0.0383986 0.034
0.039404 0.035
0.0404094 0.036
0.0414147 0.037
0.0424199 0.038
0.043425 0.039
0.0444301 0.04
0.0454351 0.041
0.04644 0.042
0.0474448 0.043
0.0484496 0.044
0.0494543 0.045
0.0504589 0.046
0.0514635 0.047
0.0524681 0.048
0.0534725 0.049
0.054477 0.05
0.0528194 0.049
0.0511855 0.048
0.0495796 0.047
0.048005 0.046
0.0464645 0.045
0.0449599 0.044
0.0434924 0.043
0.0420625 0.042
0.0406699 0.041
0.0393134 0.04
0.0379914 0.039
0.0367016 0.038
0.0354416 0.037
0.0342086 0.036
0.033 0.035
0.0318132 0.034
0.0306457 0.033
0.0294954 0.032
0.0283602 0.031
0.0272383 0.03
0.0261281 0.029
0.0250282 0.028
0.0239374 0.027
0.0228547 0.026
0.0217791 0.025
0.0207098 0.024
0.0196461 0.023
0.0185874 0.022
0.0175332 0.021
0.016483 0.02
0.0154364 0.019
0.014393 0.018
0.0133525 0.017
0.0123147 0.016
0.0112793 0.015
0.010246 0.014
0.00921472 0.013
0.00818526 0.012
0.00715745 0.011
0.00613117 0.01
0.00510628 0.009
0.00408267 0.008
0.00306025 0.007
0.00203893 0.006
0.00101862 0.005
-7.52509e-07 0.004
-0.00101925 0.003
-0.00203694 0.002
-0.00305387 0.001
-0.0040701 -1.11022e-16
