-0.000166667 -0.0001
-0.000333333 -0.0002
-0.0005 -0.0003
-0.000666667 -0.0004
-0.000833333 -0.0005
-0.001 -0.0006
-0.00116667 -0.0007
-0.00133333 -0.0008
-0.0015 -0.0009
-0.00166667 -0.001
-0.00183333 -0.0011
-0.002 -0.0012
-0.00216667 -0.0013
-0.00233333 -0.0014
-0.0025 -0.0015
-0.00266667 -0.0016
-0.00283333 -0.0017
-0.003 -0.0018
-0.00316667 -0.0019
-0.00333333 -0.002
-0.0035 -0.0021
-0.00366667 -0.0022
-0.00383333 -0.0023
-0.004 -0.0024
-0.00416667 -0.0025
-0.00433333 -0.0026
-0.0045 -0.0027
-0.00466667 -0.0028
-0.00483333 -0.0029
-0.005 -0.003
-0.00516666 -0.0031
-0.00533333 -0.0032
-0.00549999 -0.0033
-0.00566666 -0.0034
-0.00583332 -0.0035
-0.00599997 -0.0036
-0.00616663 -0.0037
-0.00633327 -0.0038
-0.00649991 -0.0039
-0.00666653 -0.004
-0.00683313 -0.0041
-0.0069997 -0.0042
-0.00716624 -0.0043
-0.00733271 -0.0044
-0.00749911 -0.0045
-0.0076654 -0.0046
-0.00783154 -0.0047
-0.00799748 -0.0048
-0.00816316 -0.0049
-0.00832848 -0.005
-0.00816181 -0.0049
-0.00799514 -0.0048
-0.00782848 -0.0047
-0.00766181 -0.0046
-0.00749514 -0.0045
-0.00732848 -0.0044
-0.00716181 -0.0043
-0.00699514 -0.0042
-0.00682848 -0.0041
-0.00666181 -0.004
-0.00649514 -0.0039
-0.00632848 -0.0038
-0.00616181 -0.0037
-0.00599514 -0.0036
-0.00582848 -0.0035
-0.00566181 -0.0034
-0.00549514 -0.0033
-0.00532848 -0.0032
-0.00516181 -0.0031
-0.00499514 -0.003
-0.00482848 -0.0029
-0.00466181 -0.0028
-0.00449514 -0.0027
-0.00432848 -0.0026
-0.00416181 -0.0025
-0.00399514 -0.0024
-0.00382848 -0.0023
-0.00366181 -0.0022
-0.00349514 -0.0021
-0.00332848 -0.002
-0.00316181 -0.0019
-0.00299514 -0.0018
-0.00282848 -0.0017
-0.00266181 -0.0016
-0.00249514 -0.0015
-0.00232848 -0.0014
-0.00216181 -0.0013
-0.00199514 -0.0012
-0.00182848 -0.0011
-0.00166181 -0.001
-0.00149514 -0.0009
-0.00132848 -0.0008
-0.00116181 -0.0007
-0.000995142 -0.0006
-0.000828475 -0.0005
-0.000661809 -0.0004
-0.000495142 -0.0003
-0.000328476 -0.0002
-0.000161809 -0.0001
4.85715e-06 -2.43945e-19
0.000171523 0.0001
0.00033819 0.0002
0.000504856 0.0003
0.000671522 0.0004
0.000838187 0.0005
0.00100485 0.0006
0.00117152 0.0007
0.00133818 0.0008
0.00150485 0.0009
0.00167151 0.001
0.00183817 0.0011
0.00200483 0.0012
0.00217149 0.0013
0.00233815 0.0014
0.00250481 0.0015
0.00267146 0.0016
0.00283811 0.0017
0.00300476 0.0018
0.0031714 0.0019
0.00333803 0.002
0.00350466 0.0021
0.00367128 0.0022
0.00383789 0.0023
0.00400449 0.0024
0.00417107 0.0025
0.00433763 0.0026
0.00450418 0.0027
0.00467069 0.0028
0.00483718 0.0029
0.00500363 0.003
0.00517004 0.0031
0.00533641 0.0032
0.00550271 0.0033
0.00566894 0.0034
0.0058351 0.0035
0.00600116 0.0036
0.00616711 0.0037
0.00633293 0.0038
0.00649859 0.0039
0.00666409 0.004
0.00682937 0.0041
0.00699442 0.0042
0.00715919 0.0043
0.00732364 0.0044
0.00748771 0.0045
0.00765134 0.0046
0.00781446 0.0047
0.007977 0.0048
0.00813885 0.0049
0.0082999 0.005
0.00813323 0.0049
0.00796657 0.0048
0.0077999 0.0047
0.00763323 0.0046
0.00746657 0.0045
0.0072999 0.0044
0.00713323 0.0043
0.00696657 0.0042
0.0067999 0.0041
0.00663323 0.004
0.00646657 0.0039
0.0062999 0.0038
0.00613323 0.0037
0.00596657 0.0036
0.0057999 0.0035
0.00563323 0.0034
0.00546657 0.0033
0.0052999 0.0032
0.00513323 0.0031
0.00496657 0.003
0.0047999 0.0029
0.00463323 0.0028
0.00446657 0.0027
0.0042999 0.0026
0.00413323 0.0025
0.00396657 0.0024
0.0037999 0.0023
0.00363323 0.0022
0.00346657 0.0021
0.0032999 0.002
0.00313323 0.0019
0.00296657 0.0018
0.0027999 0.0017
0.00263323 0.0016
0.00246657 0.0015
0.0022999 0.0014
0.00213323 0.0013
0.00196657 0.0012
0.0017999 0.0011
0.00163323 0.001
0.00146657 0.0009
0.0012999 0.0008
0.00113323 0.0007
0.000966566 0.0006
0.0007999 0.0005
0.000633233 0.0004
0.000466567 0.0003
0.000299901 0.0002
0.000133235 0.0001
-3.34311e-05 2.57498e-19
-0.000200097 -0.0001
-0.000366762 -0.0002
-0.000533427 -0.0003
-0.000700092 -0.0004
-0.000866756 -0.0005
-0.00103342 -0.0006
-0.00120008 -0.0007
-0.00136674 -0.0008
-0.0015334 -0.0009
-0.00170006 -0.001
-0.00186672 -0.0011
-0.00203337 -0.0012
-0.00220002 -0.0013
-0.00236667 -0.0014
-0.00253331 -0.0015
-0.00269995 -0.0016
-0.00286658 -0.0017
-0.0030332 -0.0018
-0.00319981 -0.0019
-0.00336641 -0.002
-0.003533 -0.0021
-0.00369958 -0.0022
-0.00386613 -0.0023
-0.00403266 -0.0024
-0.00419917 -0.0025
-0.00436565 -0.0026
-0.00453209 -0.0027
-0.00469848 -0.0028
-0.00486484 -0.0029
-0.00503113 -0.003
-0.00519736 -0.0031
-0.0053635 -0.0032
-0.00552956 -0.0033
-0.00569552 -0.0034
-0.00586136 -0.0035
-0.00602705 -0.0036
-0.00619259 -0.0037
-0.00635794 -0.0038
-0.00652307 -0.0039
-0.00668796 -0.004
-0.00685256 -0.0041
-0.00701684 -0.0042
-0.00718074 -0.0043
-0.00734421 -0.0044
-0.00750718 -0.0045
-0.00766958 -0.0046
-0.00783132 -0.0047
-0.0079923 -0.0048
-0.00815242 -0.0049
-0.00831154 -0.005
-0.00846952 -0.0051
-0.00862618 -0.0052
-0.00878133 -0.0053
-0.00893476 -0.0054
-0.00908621 -0.0055
-0.00923541 -0.0056
-0.00938207 -0.0057
-0.00952587 -0.0058
-0.00966651 -0.0059
-0.00980369 -0.006
-0.00993717 -0.0061
-0.0100668 -0.0062
-0.0101925 -0.0063
-0.0103143 -0.0064
-0.0104326 -0.0065
-0.0105475 -0.0066
-0.0106595 -0.0067
-0.0107691 -0.0068
-0.0108766 -0.0069
-0.0109825 -0.007
-0.0110871 -0.0071
-0.0111907 -0.0072
-0.0112935 -0.0073
-0.0113957 -0.0074
-0.0114975 -0.0075
-0.0115989 -0.0076
-0.0117 -0.0077
-0.0118009 -0.0078
-0.0119017 -0.0079
-0.0120023 -0.008
-0.0121028 -0.0081
-0.0122033 -0.0082
-0.0123037 -0.0083
-0.0124041 -0.0084
-0.0125044 -0.0085
-0.0126047 -0.0086
-0.012705 -0.0087
-0.0128053 -0.0088
-0.0129055 -0.0089
-0.0130058 -0.009
-0.013106 -0.0091
-0.0132062 -0.0092
-0.0133065 -0.0093
-0.0134067 -0.0094
-0.0135069 -0.0095
-0.0136071 -0.0096
-0.0137073 -0.0097
-0.0138075 -0.0098
-0.0139077 -0.0099
-0.0140079 -0.01
-0.0141082 -0.0101
-0.0142084 -0.0102
-0.0143086 -0.0103
-0.0144088 -0.0104
-0.014509 -0.0105
-0.0146092 -0.0106
-0.0147094 -0.0107
-0.0148096 -0.0108
-0.0149098 -0.0109
-0.01501 -0.011
-0.0151102 -0.0111
-0.0152104 -0.0112
-0.0153106 -0.0113
-0.0154108 -0.0114
-0.015511 -0.0115
-0.0156112 -0.0116
-0.0157114 -0.0117
-0.0158116 -0.0118
-0.0159118 -0.0119
-0.016012 -0.012
-0.0161122 -0.0121
-0.0162124 -0.0122
-0.0163126 -0.0123
-0.0164128 -0.0124
-0.016513 -0.0125
-0.0166132 -0.0126
-0.0167134 -0.0127
-0.0168136 -0.0128
-0.0169138 -0.0129
-0.017014 -0.013
-0.0171142 -0.0131
-0.0172144 -0.0132
-0.0173146 -0.0133
-0.0174148 -0.0134
-0.017515 -0.0135
-0.0176152 -0.0136
-0.0177154 -0.0137
-0.0178156 -0.0138
-0.0179158 -0.0139
-0.018016 -0.014
-0.0181162 -0.0141
-0.0182164 -0.0142
-0.0183166 -0.0143
-0.0184168 -0.0144
-0.018517 -0.0145
-0.0186172 -0.0146
-0.0187174 -0.0147
-0.0188176 -0.0148
-0.0189178 -0.0149
-0.019018 -0.015
-0.0188513 -0.0149
-0.0186847 -0.0148
-0.0185181 -0.0147
-0.0183516 -0.0146
-0.0181851 -0.0145
-0.0180187 -0.0144
-0.0178524 -0.0143
-0.0176862 -0.0142
-0.0175201 -0.0141
-0.017354 -0.014
-0.0171881 -0.0139
-0.0170224 -0.0138
-0.0168567 -0.0137
-0.0166912 -0.0136
-0.0165258 -0.0135
-0.0163606 -0.0134
-0.0161955 -0.0133
-0.0160306 -0.0132
-0.0158658 -0.0131
-0.0157012 -0.013
-0.0155368 -0.0129
-0.0153725 -0.0128
-0.0152085 -0.0127
-0.0150446 -0.0126
-0.0148809 -0.0125
-0.0147174 -0.0124
-0.0145542 -0.0123
-0.0143911 -0.0122
-0.0142283 -0.0121
-0.0140657 -0.012
-0.0139033 -0.0119
-0.0137411 -0.0118
-0.0135792 -0.0117
-0.0134175 -0.0116
-0.0132561 -0.0115
-0.0130949 -0.0114
-0.012934 -0.0113
-0.0127734 -0.0112
-0.012613 -0.0111
-0.0124529 -0.011
-0.0122931 -0.0109
-0.0121335 -0.0108
-0.0119743 -0.0107
-0.0118153 -0.0106
-0.0116567 -0.0105
-0.0114984 -0.0104
-0.0113403 -0.0103
-0.0111826 -0.0102
-0.0110252 -0.0101
-0.0108681 -0.01
-0.0107114 -0.0099
-0.010555 -0.0098
-0.0103989 -0.0097
-0.0102432 -0.0096
-0.0100878 -0.0095
-0.00993276 -0.0094
-0.00977809 -0.0093
-0.00962379 -0.0092
-0.00946985 -0.0091
-0.00931628 -0.009
-0.00916309 -0.0089
-0.00901028 -0.0088
-0.00885786 -0.0087
-0.00870582 -0.0086
-0.00855417 -0.0085
-0.00840293 -0.0084
-0.00825208 -0.0083
-0.00810163 -0.0082
-0.0079516 -0.0081
-0.00780197 -0.008
-0.00765276 -0.0079
-0.00750397 -0.0078
-0.0073556 -0.0077
-0.00720766 -0.0076
-0.00706014 -0.0075
-0.00691305 -0.0074
-0.0067664 -0.0073
-0.00662018 -0.0072
-0.0064744 -0.0071
-0.00632907 -0.007
-0.00618417 -0.0069
-0.00603972 -0.0068
-0.00589572 -0.0067
-0.00575217 -0.0066
-0.00560906 -0.0065
-0.00546641 -0.0064
-0.00532422 -0.0063
-0.00518247 -0.0062
-0.00504119 -0.0061
-0.00490035 -0.006
-0.00475998 -0.0059
-0.00462006 -0.0058
-0.00448061 -0.0057
-0.0043416 -0.0056
-0.00420306 -0.0055
-0.00406498 -0.0054
-0.00392735 -0.0053
-0.00379018 -0.0052
-0.00365346 -0.0051
-0.00351721 -0.005
-0.0033814 -0.0049
-0.00324605 -0.0048
-0.00311115 -0.0047
-0.0029767 -0.0046
-0.0028427 -0.0045
-0.00270915 -0.0044
-0.00257604 -0.0043
-0.00244338 -0.0042
-0.00231115 -0.0041
-0.00217937 -0.004
-0.00204802 -0.0039
-0.0019171 -0.0038
-0.00178662 -0.0037
-0.00165656 -0.0036
-0.00152692 -0.0035
-0.00139771 -0.0034
-0.00126892 -0.0033
-0.00114054 -0.0032
-0.00101257 -0.0031
-0.000885011 -0.003
-0.000757855 -0.0029
-0.000631099 -0.0028
-0.00050474 -0.0027
-0.000378774 -0.0026
-0.000253197 -0.0025
-0.000128004 -0.0024
-3.19213e-06 -0.0023
0.000121243 -0.0022
0.000245307 -0.0021
0.000369002 -0.002
0.000492333 -0.0019
0.000615305 -0.0018
0.000737923 -0.0017
0.000860189 -0.0016
0.000982109 -0.0015
0.00110369 -0.0014
0.00122493 -0.0013
0.00134584 -0.0012
0.00146642 -0.0011
0.00158667 -0.001
0.00170661 -0.0009
0.00182623 -0.0008
0.00194555 -0.0007
0.00206455 -0.0006
0.00218326 -0.0005
0.00230167 -0.0004
0.00241978 -0.0003
0.00253761 -0.0002
0.00265515 -0.0001
0.00277242 -2.43959e-19
0.00288941 0.0001
0.00300613 0.0002
0.00312258 0.0003
0.00323877 0.0004
0.0033547 0.0005
0.00347038 0.0006
0.00358581 0.0007
0.003701 0.0008
0.00381594 0.0009
0.00393065 0.001
0.00404512 0.0011
0.00415936 0.0012
0.00427338 0.0013
0.00438717 0.0014
0.00450075 0.0015
0.00461412 0.0016
0.00472727 0.0017
0.00484021 0.0018
0.00495296 0.0019
0.0050655 0.002
0.00517785 0.0021
0.00529 0.0022
0.00540196 0.0023
0.00551374 0.0024
0.00562534 0.0025
0.00573675 0.0026
0.00584799 0.0027
0.00595906 0.0028
0.00606995 0.0029
0.00618068 0.003
0.00629124 0.0031
0.00640165 0.0032
0.00651189 0.0033
0.00662198 0.0034
0.00673192 0.0035
0.0068417 0.0036
0.00695134 0.0037
0.00706084 0.0038
0.00717019 0.0039
0.0072794 0.004
0.00738848 0.0041
0.00749742 0.0042
0.00760623 0.0043
0.0077149 0.0044
0.00782346 0.0045
0.00793188 0.0046
0.00804019 0.0047
0.00814837 0.0048
0.00825643 0.0049
0.00836438 0.005
0.00847221 0.0051
0.00857993 0.0052
0.00868755 0.0053
0.00879505 0.0054
0.00890244 0.0055
0.00900974 0.0056
0.00911692 0.0057
0.00922401 0.0058
0.009331 0.0059
0.00943789 0.006
0.00954469 0.0061
0.00965139 0.0062
0.009758 0.0063
0.00986452 0.0064
0.00997095 0.0065
0.0100773 0.0066
0.0101835 0.0067
0.0102897 0.0068
0.0103958 0.0069
0.0105018 0.007
0.0106077 0.0071
0.0107136 0.0072
0.0108194 0.0073
0.0109251 0.0074
0.0110307 0.0075
0.0111362 0.0076
0.0112417 0.0077
0.0113471 0.0078
0.0114524 0.0079
0.0115577 0.008
0.0116629 0.0081
0.011768 0.0082
0.0118731 0.0083
0.0119781 0.0084
0.0120831 0.0085
0.0121879 0.0086
0.0122927 0.0087
0.0123975 0.0088
0.0125022 0.0089
0.0126068 0.009
0.0127114 0.0091
0.012816 0.0092
0.0129204 0.0093
0.0130248 0.0094
0.0131292 0.0095
0.0132335 0.0096
0.0133378 0.0097
0.013442 0.0098
0.0135462 0.0099
0.0136503 0.01
0.0137543 0.0101
0.0138583 0.0102
0.0139623 0.0103
0.0140662 0.0104
0.0141701 0.0105
0.0142739 0.0106
0.0143777 0.0107
0.0144815 0.0108
0.0145852 0.0109
0.0146888 0.011
0.0147925 0.0111
0.014896 0.0112
0.0149996 0.0113
0.0151031 0.0114
0.0152065 0.0115
0.01531 0.0116
0.0154133 0.0117
0.0155167 0.0118
0.01562 0.0119
0.0157233 0.012
0.0158265 0.0121
0.0159297 0.0122
0.0160329 0.0123
0.016136 0.0124
0.0162391 0.0125
0.0163422 0.0126
0.0164452 0.0127
0.0165482 0.0128
0.0166512 0.0129
0.0167542 0.013
0.0168571 0.0131
0.01696 0.0132
0.0170628 0.0133
0.0171656 0.0134
0.0172684 0.0135
0.0173712 0.0136
0.017474 0.0137
0.0175767 0.0138
0.0176794 0.0139
0.017782 0.014
0.0178847 0.0141
0.0179873 0.0142
0.0180898 0.0143
0.0181924 0.0144
0.0182949 0.0145
0.0183974 0.0146
0.0184999 0.0147
0.0186024 0.0148
0.0187048 0.0149
0.0188072 0.015
0.0186406 0.0149
0.018474 0.0148
0.0183076 0.0147
0.0181413 0.0146
0.0179751 0.0145
0.017809 0.0144
0.0176432 0.0143
0.0174775 0.0142
0.0173119 0.0141
0.0171466 0.014
0.0169815 0.0139
0.0168165 0.0138
0.0166518 0.0137
0.0164873 0.0136
0.016323 0.0135
0.0161589 0.0134
0.0159951 0.0133
0.0158315 0.0132
0.0156682 0.0131
0.0155051 0.013
0.0153423 0.0129
0.0151798 0.0128
0.0150175 0.0127
0.0148555 0.0126
0.0146937 0.0125
0.0145323 0.0124
0.0143712 0.0123
0.0142103 0.0122
0.0140498 0.0121
0.0138896 0.012
0.0137296 0.0119
0.01357 0.0118
0.0134108 0.0117
0.0132518 0.0116
0.0130932 0.0115
0.0129349 0.0114
0.012777 0.0113
0.0126194 0.0112
0.0124622 0.0111
0.0123053 0.011
0.0121488 0.0109
0.0119926 0.0108
0.0118368 0.0107
0.0116814 0.0106
0.0115263 0.0105
0.0113717 0.0104
0.0112174 0.0103
0.0110635 0.0102
0.01091 0.0101
0.0107569 0.01
0.0106042 0.0099
0.0104519 0.0098
0.0103 0.0097
0.0101485 0.0096
0.0099974 0.0095
0.00984673 0.0094
0.00969648 0.0093
0.00954665 0.0092
0.00939724 0.0091
0.00924825 0.009
0.00909969 0.0089
0.00895156 0.0088
0.00880387 0.0087
0.0086566 0.0086
0.00850977 0.0085
0.00836338 0.0084
0.00821743 0.0083
0.00807191 0.0082
0.00792684 0.0081
0.00778221 0.008
0.00763803 0.0079
0.00749428 0.0078
0.00735099 0.0077
0.00720813 0.0076
0.00706573 0.0075
0.00692377 0.0074
0.00678225 0.0073
0.00664119 0.0072
0.00650057 0.0071
0.00636039 0.007
0.00622066 0.0069
0.00608138 0.0068
0.00594254 0.0067
0.00580414 0.0066
0.00566618 0.0065
0.00552867 0.0064
0.00539159 0.0063
0.00525496 0.0062
0.00511876 0.0061
0.00498299 0.006
0.00484766 0.0059
0.00471276 0.0058
0.00457829 0.0057
0.00444425 0.0056
0.00431063 0.0055
0.00417743 0.0054
0.00404466 0.0053
0.0039123 0.0052
0.00378036 0.0051
0.00364882 0.005
0.0035177 0.0049
0.00338698 0.0048
0.00325667 0.0047
0.00312675 0.0046
0.00299723 0.0045
0.00286811 0.0044
0.00273937 0.0043
0.00261102 0.0042
0.00248305 0.0041
0.00235546 0.004
0.00222825 0.0039
0.00210141 0.0038
0.00197493 0.0037
0.00184882 0.0036
0.00172307 0.0035
0.00159768 0.0034
0.00147264 0.0033
0.00134795 0.0032
0.0012236 0.0031
0.00109959 0.003
0.000975925 0.0029
0.000852587 0.0028
0.000729579 0.0027
0.000606895 0.0026
0.000484531 0.0025
0.000362484 0.0024
0.00024075 0.0023
0.000119323 0.0022
-1.79824e-06 0.0021
-0.00012262 0.002
-0.000243145 0.0019
-0.000363377 0.0018
-0.000483322 0.0017
-0.000602982 0.0016
-0.000722361 0.0015
-0.000841464 0.0014
-0.000960295 0.0013
-0.00107886 0.0012
-0.00119715 0.0011
-0.00131519 0.001
-0.00143297 0.0009
-0.00155049 0.0008
-0.00166777 0.0007
-0.0017848 0.0006
-0.00190159 0.0005
-0.00201814 0.0004
-0.00213445 0.0003
-0.00225053 0.0002
-0.00236639 0.0001
-0.00248202 2.43945e-19
-0.00259743 -0.0001
-0.00271262 -0.0002
-0.0028276 -0.0003
-0.00294237 -0.0004
-0.00305693 -0.0005
-0.00317129 -0.0006
-0.00328544 -0.0007
-0.0033994 -0.0008
-0.00351316 -0.0009
-0.00362673 -0.001
-0.00374011 -0.0011
-0.00385331 -0.0012
-0.00396633 -0.0013
-0.00407916 -0.0014
-0.00419182 -0.0015
-0.0043043 -0.0016
-0.00441662 -0.0017
-0.00452876 -0.0018
-0.00464074 -0.0019
-0.00475256 -0.002
-0.00486421 -0.0021
-0.00497571 -0.0022
-0.00508706 -0.0023
-0.00519825 -0.0024
-0.00530929 -0.0025
-0.00542018 -0.0026
-0.00553093 -0.0027
-0.00564153 -0.0028
-0.005752 -0.0029
-0.00586233 -0.003
-0.00597252 -0.0031
-0.00608257 -0.0032
-0.0061925 -0.0033
-0.00630229 -0.0034
-0.00641196 -0.0035
-0.0065215 -0.0036
-0.00663092 -0.0037
-0.00674022 -0.0038
-0.0068494 -0.0039
-0.00695846 -0.004
-0.0070674 -0.0041
-0.00717623 -0.0042
-0.00728495 -0.0043
-0.00739356 -0.0044
-0.00750206 -0.0045
-0.00761046 -0.0046
-0.00771875 -0.0047
-0.00782693 -0.0048
-0.00793502 -0.0049
-0.008043 -0.005
-0.00815089 -0.0051
-0.00825868 -0.0052
-0.00836637 -0.0053
-0.00847397 -0.0054
-0.00858148 -0.0055
-0.0086889 -0.0056
-0.00879623 -0.0057
-0.00890347 -0.0058
-0.00901063 -0.0059
-0.00911769 -0.006
-0.00922468 -0.0061
-0.00933158 -0.0062
-0.0094384 -0.0063
-0.00954514 -0.0064
-0.00965181 -0.0065
-0.00975839 -0.0066
-0.0098649 -0.0067
-0.00997133 -0.0068
-0.0100777 -0.0069
-0.010184 -0.007
-0.0102902 -0.0071
-0.0103963 -0.0072
-0.0105024 -0.0073
-0.0106084 -0.0074
-0.0107144 -0.0075
-0.0108202 -0.0076
-0.010926 -0.0077
-0.0110318 -0.0078
-0.0111375 -0.0079
-0.0112431 -0.008
-0.0113486 -0.0081
-0.0114541 -0.0082
-0.0115596 -0.0083
-0.0116649 -0.0084
-0.0117702 -0.0085
-0.0118755 -0.0086
-0.0119807 -0.0087
-0.0120859 -0.0088
-0.0121909 -0.0089
-0.012296 -0.009
-0.012401 -0.0091
-0.0125059 -0.0092
-0.0126108 -0.0093
-0.0127156 -0.0094
-0.0128204 -0.0095
-0.0129251 -0.0096
-0.0130298 -0.0097
-0.0131344 -0.0098
-0.013239 -0.0099
-0.0133436 -0.01
-0.0134481 -0.0101
-0.0135525 -0.0102
-0.0136569 -0.0103
-0.0137613 -0.0104
-0.0138656 -0.0105
-0.0139699 -0.0106
-0.0140741 -0.0107
-0.0141783 -0.0108
-0.0142824 -0.0109
-0.0143865 -0.011
-0.0144906 -0.0111
-0.0145946 -0.0112
-0.0146986 -0.0113
-0.0148026 -0.0114
-0.0149065 -0.0115
-0.0150104 -0.0116
-0.0151142 -0.0117
-0.015218 -0.0118
-0.0153218 -0.0119
-0.0154255 -0.012
-0.0155292 -0.0121
-0.0156329 -0.0122
-0.0157365 -0.0123
-0.0158401 -0.0124
-0.0159437 -0.0125
-0.0160472 -0.0126
-0.0161507 -0.0127
-0.0162542 -0.0128
-0.0163576 -0.0129
-0.016461 -0.013
-0.0165644 -0.0131
-0.0166677 -0.0132
-0.016771 -0.0133
-0.0168743 -0.0134
-0.0169776 -0.0135
-0.0170808 -0.0136
-0.017184 -0.0137
-0.0172872 -0.0138
-0.0173903 -0.0139
-0.0174934 -0.014
-0.0175965 -0.0141
-0.0176996 -0.0142
-0.0178026 -0.0143
-0.0179056 -0.0144
-0.0180086 -0.0145
-0.0181115 -0.0146
-0.0182145 -0.0147
-0.0183174 -0.0148
-0.0184203 -0.0149
-0.0185231 -0.015
-0.018626 -0.0151
-0.0187288 -0.0152
-0.0188316 -0.0153
-0.0189343 -0.0154
-0.0190371 -0.0155
-0.0191398 -0.0156
-0.0192425 -0.0157
-0.0193452 -0.0158
-0.0194478 -0.0159
-0.0195505 -0.016
-0.0196531 -0.0161
-0.0197557 -0.0162
-0.0198582 -0.0163
-0.0199608 -0.0164
-0.0200633 -0.0165
-0.0201658 -0.0166
-0.0202683 -0.0167
-0.0203708 -0.0168
-0.0204733 -0.0169
-0.0205757 -0.017
-0.0206781 -0.0171
-0.0207805 -0.0172
-0.0208829 -0.0173
-0.0209852 -0.0174
-0.0210876 -0.0175
-0.0211899 -0.0176
-0.0212922 -0.0177
-0.0213945 -0.0178
-0.0214968 -0.0179
-0.0215991 -0.018
-0.0217013 -0.0181
-0.0218035 -0.0182
-0.0219057 -0.0183
-0.0220079 -0.0184
-0.0221101 -0.0185
-0.0222123 -0.0186
-0.0223144 -0.0187
-0.0224165 -0.0188
-0.0225186 -0.0189
-0.0226207 -0.019
-0.0227228 -0.0191
-0.0228249 -0.0192
-0.0229269 -0.0193
-0.023029 -0.0194
-0.023131 -0.0195
-0.023233 -0.0196
-0.023335 -0.0197
-0.023437 -0.0198
-0.023539 -0.0199
-0.0236409 -0.02
-0.0237429 -0.0201
-0.0238448 -0.0202
-0.0239467 -0.0203
-0.0240486 -0.0204
-0.0241505 -0.0205
-0.0242524 -0.0206
-0.0243543 -0.0207
-0.0244561 -0.0208
-0.0245579 -0.0209
-0.0246598 -0.021
-0.0247616 -0.0211
-0.0248634 -0.0212
-0.0249652 -0.0213
-0.025067 -0.0214
-0.0251687 -0.0215
-0.0252705 -0.0216
-0.0253722 -0.0217
-0.025474 -0.0218
-0.0255757 -0.0219
-0.0256774 -0.022
-0.0257791 -0.0221
-0.0258808 -0.0222
-0.0259825 -0.0223
-0.0260842 -0.0224
-0.0261858 -0.0225
-0.0262875 -0.0226
-0.0263891 -0.0227
-0.0264907 -0.0228
-0.0265923 -0.0229
-0.026694 -0.023
-0.0267956 -0.0231
-0.0268971 -0.0232
-0.0269987 -0.0233
-0.0271003 -0.0234
-0.0272019 -0.0235
-0.0273034 -0.0236
-0.0274049 -0.0237
-0.0275065 -0.0238
-0.027608 -0.0239
-0.0277095 -0.024
-0.027811 -0.0241
-0.0279125 -0.0242
-0.028014 -0.0243
-0.0281155 -0.0244
-0.028217 -0.0245
-0.0283184 -0.0246
-0.0284199 -0.0247
-0.0285213 -0.0248
-0.0286227 -0.0249
-0.0287242 -0.025
-0.0285576 -0.0249
-0.028391 -0.0248
-0.0282247 -0.0247
-0.0280585 -0.0246
-0.0278924 -0.0245
-0.0277266 -0.0244
-0.0275609 -0.0243
-0.0273954 -0.0242
-0.0272302 -0.0241
-0.0270651 -0.024
-0.0269003 -0.0239
-0.0267357 -0.0238
-0.0265714 -0.0237
-0.0264073 -0.0236
-0.0262435 -0.0235
-0.0260799 -0.0234
-0.0259165 -0.0233
-0.0257535 -0.0232
-0.0255907 -0.0231
-0.0254282 -0.023
-0.025266 -0.0229
-0.0251041 -0.0228
-0.0249424 -0.0227
-0.0247811 -0.0226
-0.0246201 -0.0225
-0.0244593 -0.0224
-0.0242989 -0.0223
-0.0241388 -0.0222
-0.0239791 -0.0221
-0.0238196 -0.022
-0.0236605 -0.0219
-0.0235018 -0.0218
-0.0233433 -0.0217
-0.0231852 -0.0216
-0.0230275 -0.0215
-0.0228701 -0.0214
-0.0227131 -0.0213
-0.0225564 -0.0212
-0.0224001 -0.0211
-0.0222442 -0.021
-0.0220886 -0.0209
-0.0219334 -0.0208
-0.0217786 -0.0207
-0.0216242 -0.0206
-0.0214701 -0.0205
-0.0213165 -0.0204
-0.0211632 -0.0203
-0.0210103 -0.0202
-0.0208578 -0.0201
-0.0207058 -0.02
-0.0205541 -0.0199
-0.0204028 -0.0198
-0.0202519 -0.0197
-0.0201015 -0.0196
-0.0199514 -0.0195
-0.0198018 -0.0194
-0.0196526 -0.0193
-0.0195038 -0.0192
-0.0193554 -0.0191
-0.0192074 -0.019
-0.0190599 -0.0189
-0.0189128 -0.0188
-0.0187661 -0.0187
-0.0186198 -0.0186
-0.018474 -0.0185
-0.0183286 -0.0184
-0.0181836 -0.0183
-0.018039 -0.0182
-0.0178949 -0.0181
-0.0177512 -0.018
-0.0176079 -0.0179
-0.0174651 -0.0178
-0.0173227 -0.0177
-0.0171807 -0.0176
-0.0170392 -0.0175
-0.0168981 -0.0174
-0.0167574 -0.0173
-0.0166172 -0.0172
-0.0164773 -0.0171
-0.0163379 -0.017
-0.016199 -0.0169
-0.0160604 -0.0168
-0.0159223 -0.0167
-0.0157846 -0.0166
-0.0156473 -0.0165
-0.0155105 -0.0164
-0.0153741 -0.0163
-0.015238 -0.0162
-0.0151024 -0.0161
-0.0149672 -0.016
-0.0148325 -0.0159
-0.0146981 -0.0158
-0.0145641 -0.0157
-0.0144305 -0.0156
-0.0142974 -0.0155
-0.0141646 -0.0154
-0.0140323 -0.0153
-0.0139003 -0.0152
-0.0137687 -0.0151
-0.0136375 -0.015
-0.0135067 -0.0149
-0.0133763 -0.0148
-0.0132462 -0.0147
-0.0131165 -0.0146
-0.0129872 -0.0145
-0.0128583 -0.0144
-0.0127297 -0.0143
-0.0126015 -0.0142
-0.0124737 -0.0141
-0.0123462 -0.014
-0.0122191 -0.0139
-0.0120923 -0.0138
-0.0119658 -0.0137
-0.0118397 -0.0136
-0.011714 -0.0135
-0.0115885 -0.0134
-0.0114634 -0.0133
-0.0113387 -0.0132
-0.0112142 -0.0131
-0.0110901 -0.013
-0.0109663 -0.0129
-0.0108428 -0.0128
-0.0107196 -0.0127
-0.0105967 -0.0126
-0.0104742 -0.0125
-0.0103519 -0.0124
-0.0102299 -0.0123
-0.0101082 -0.0122
-0.00998681 -0.0121
-0.00986569 -0.012
-0.00974485 -0.0119
-0.00962429 -0.0118
-0.009504 -0.0117
-0.00938398 -0.0116
-0.00926422 -0.0115
-0.00914473 -0.0114
-0.00902549 -0.0113
-0.00890651 -0.0112
-0.00878778 -0.0111
-0.0086693 -0.011
-0.00855107 -0.0109
-0.00843308 -0.0108
-0.00831532 -0.0107
-0.0081978 -0.0106
-0.00808051 -0.0105
-0.00796345 -0.0104
-0.00784662 -0.0103
-0.00773 -0.0102
-0.00761361 -0.0101
-0.00749742 -0.01
-0.00738146 -0.0099
-0.0072657 -0.0098
-0.00715014 -0.0097
-0.00703479 -0.0096
-0.00691964 -0.0095
-0.00680469 -0.0094
-0.00668993 -0.0093
-0.00657537 -0.0092
-0.00646099 -0.0091
-0.00634679 -0.009
-0.00623278 -0.0089
-0.00611895 -0.0088
-0.0060053 -0.0087
-0.00589182 -0.0086
-0.00577852 -0.0085
-0.00566538 -0.0084
-0.00555241 -0.0083
-0.00543961 -0.0082
-0.00532697 -0.0081
-0.00521448 -0.008
-0.00510216 -0.0079
-0.00498999 -0.0078
-0.00487797 -0.0077
-0.0047661 -0.0076
-0.00465438 -0.0075
-0.00454281 -0.0074
-0.00443138 -0.0073
-0.00432009 -0.0072
-0.00420894 -0.0071
-0.00409792 -0.007
-0.00398704 -0.0069
-0.0038763 -0.0068
-0.00376568 -0.0067
-0.0036552 -0.0066
-0.00354484 -0.0065
-0.0034346 -0.0064
-0.00332449 -0.0063
-0.0032145 -0.0062
-0.00310463 -0.0061
-0.00299488 -0.006
-0.00288524 -0.0059
-0.00277572 -0.0058
-0.00266631 -0.0057
-0.00255701 -0.0056
-0.00244782 -0.0055
-0.00233873 -0.0054
-0.00222976 -0.0053
-0.00212088 -0.0052
-0.00201211 -0.0051
-0.00190344 -0.005
-0.00179487 -0.0049
-0.0016864 -0.0048
-0.00157802 -0.0047
-0.00146974 -0.0046
-0.00136156 -0.0045
-0.00125346 -0.0044
-0.00114546 -0.0043
-0.00103755 -0.0042
-0.000929723 -0.0041
-0.000821986 -0.004
-0.000714334 -0.0039
-0.000606767 -0.0038
-0.000499283 -0.0037
-0.000391881 -0.0036
-0.00028456 -0.0035
-0.000177319 -0.0034
-7.01562e-05 -0.0033
3.69289e-05 -0.0032
0.000143938 -0.0031
0.000250871 -0.003
0.000357731 -0.0029
0.000464517 -0.0028
0.000571231 -0.0027
0.000677874 -0.0026
0.000784447 -0.0025
0.000890952 -0.0024
0.000997388 -0.0023
0.00110376 -0.0022
0.00121006 -0.0021
0.0013163 -0.002
0.00142247 -0.0019
0.00152858 -0.0018
0.00163463 -0.0017
0.00174061 -0.0016
0.00184654 -0.0015
0.0019524 -0.0014
0.00205821 -0.0013
0.00216396 -0.0012
0.00226965 -0.0011
0.00237528 -0.001
0.00248086 -0.0009
0.00258638 -0.0008
0.00269185 -0.0007
0.00279726 -0.0006
0.00290263 -0.0005
0.00300794 -0.0004
0.00311319 -0.0003
0.0032184 -0.0002
0.00332356 -0.0001
0.00342866 -2.43945e-19
0.00353372 0.0001
0.00363873 0.0002
0.0037437 0.0003
0.00384861 0.0004
0.00395348 0.0005
0.00405831 0.0006
0.00416309 0.0007
0.00426782 0.0008
0.00437251 0.0009
0.00447716 0.001
0.00458176 0.0011
0.00468632 0.0012
0.00479084 0.0013
0.00489532 0.0014
0.00499976 0.0015
0.00510416 0.0016
0.00520852 0.0017
0.00531284 0.0018
0.00541712 0.0019
0.00552137 0.002
0.00562557 0.0021
0.00572974 0.0022
0.00583387 0.0023
0.00593797 0.0024
0.00604203 0.0025
0.00614605 0.0026
0.00625004 0.0027
0.006354 0.0028
0.00645792 0.0029
0.00656181 0.003
0.00666566 0.0031
0.00676949 0.0032
0.00687328 0.0033
0.00697703 0.0034
0.00708076 0.0035
0.00718446 0.0036
0.00728812 0.0037
0.00739175 0.0038
0.00749536 0.0039
0.00759893 0.004
0.00770248 0.0041
0.00780599 0.0042
0.00790948 0.0043
0.00801294 0.0044
0.00811637 0.0045
0.00821977 0.0046
0.00832314 0.0047
0.00842649 0.0048
0.00852981 0.0049
0.00863311 0.005
0.00873638 0.0051
0.00883962 0.0052
0.00894284 0.0053
0.00904603 0.0054
0.0091492 0.0055
0.00925234 0.0056
0.00935546 0.0057
0.00945856 0.0058
0.00956163 0.0059
0.00966468 0.006
0.0097677 0.0061
0.0098707 0.0062
0.00997368 0.0063
0.0100766 0.0064
0.0101796 0.0065
0.0102825 0.0066
0.0103854 0.0067
0.0104882 0.0068
0.0105911 0.0069
0.0106939 0.007
0.0107967 0.0071
0.0108995 0.0072
0.0110023 0.0073
0.011105 0.0074
0.0112077 0.0075
0.0113104 0.0076
0.0114131 0.0077
0.0115158 0.0078
0.0116184 0.0079
0.0117211 0.008
0.0118237 0.0081
0.0119263 0.0082
0.0120288 0.0083
0.0121314 0.0084
0.0122339 0.0085
0.0123364 0.0086
0.012439 0.0087
0.0125414 0.0088
0.0126439 0.0089
0.0127464 0.009
0.0128488 0.0091
0.0129512 0.0092
0.0130536 0.0093
0.013156 0.0094
0.0132584 0.0095
0.0133607 0.0096
0.013463 0.0097
0.0135654 0.0098
0.0136677 0.0099
0.01377 0.01
0.0138722 0.0101
0.0139745 0.0102
0.0140767 0.0103
0.014179 0.0104
0.0142812 0.0105
0.0143834 0.0106
0.0144856 0.0107
0.0145877 0.0108
0.0146899 0.0109
0.014792 0.011
0.0148942 0.0111
0.0149963 0.0112
0.0150984 0.0113
0.0152005 0.0114
0.0153026 0.0115
0.0154046 0.0116
0.0155067 0.0117
0.0156087 0.0118
0.0157108 0.0119
0.0158128 0.012
0.0159148 0.0121
0.0160168 0.0122
0.0161187 0.0123
0.0162207 0.0124
0.0163226 0.0125
0.0164246 0.0126
0.0165265 0.0127
0.0166284 0.0128
0.0167303 0.0129
0.0168322 0.013
0.0169341 0.0131
0.017036 0.0132
0.0171379 0.0133
0.0172397 0.0134
0.0173415 0.0135
0.0174434 0.0136
0.0175452 0.0137
0.017647 0.0138
0.0177488 0.0139
0.0178506 0.014
0.0179524 0.0141
0.0180541 0.0142
0.0181559 0.0143
0.0182576 0.0144
0.0183594 0.0145
0.0184611 0.0146
0.0185628 0.0147
0.0186645 0.0148
0.0187662 0.0149
0.0188679 0.015
0.0189696 0.0151
0.0190712 0.0152
0.0191729 0.0153
0.0192746 0.0154
0.0193762 0.0155
0.0194778 0.0156
0.0195794 0.0157
0.0196811 0.0158
0.0197827 0.0159
0.0198843 0.016
0.0199859 0.0161
0.0200874 0.0162
0.020189 0.0163
0.0202906 0.0164
0.0203921 0.0165
0.0204937 0.0166
0.0205952 0.0167
0.0206967 0.0168
0.0207983 0.0169
0.0208998 0.017
0.0210013 0.0171
0.0211028 0.0172
0.0212043 0.0173
0.0213058 0.0174
0.0214072 0.0175
0.0215087 0.0176
0.0216102 0.0177
0.0217116 0.0178
0.0218131 0.0179
0.0219145 0.018
0.0220159 0.0181
0.0221174 0.0182
0.0222188 0.0183
0.0223202 0.0184
0.0224216 0.0185
0.022523 0.0186
0.0226244 0.0187
0.0227257 0.0188
0.0228271 0.0189
0.0229285 0.019
0.0230299 0.0191
0.0231312 0.0192
0.0232326 0.0193
0.0233339 0.0194
0.0234352 0.0195
0.0235366 0.0196
0.0236379 0.0197
0.0237392 0.0198
0.0238405 0.0199
0.0239418 0.02
0.0240431 0.0201
0.0241444 0.0202
0.0242457 0.0203
0.024347 0.0204
0.0244482 0.0205
0.0245495 0.0206
0.0246508 0.0207
0.024752 0.0208
0.0248533 0.0209
0.0249545 0.021
0.0250558 0.0211
0.025157 0.0212
0.0252582 0.0213
0.0253594 0.0214
0.0254607 0.0215
0.0255619 0.0216
0.0256631 0.0217
0.0257643 0.0218
0.0258655 0.0219
0.0259667 0.022
0.0260678 0.0221
0.026169 0.0222
0.0262702 0.0223
0.0263714 0.0224
0.0264725 0.0225
0.0265737 0.0226
0.0266748 0.0227
0.026776 0.0228
0.0268771 0.0229
0.0269783 0.023
0.0270794 0.0231
0.0271805 0.0232
0.0272816 0.0233
0.0273828 0.0234
0.0274839 0.0235
0.027585 0.0236
0.0276861 0.0237
0.0277872 0.0238
0.0278883 0.0239
0.0279894 0.024
0.0280905 0.0241
0.0281915 0.0242
0.0282926 0.0243
0.0283937 0.0244
0.0284948 0.0245
0.0285958 0.0246
0.0286969 0.0247
0.0287979 0.0248
0.028899 0.0249
0.029 0.025
0.027342 0.024
0.0257078 0.023
0.0241034 0.022
0.0225335 0.021
0.0210014 0.02
0.01951 0.019
0.0180608 0.018
0.0166543 0.017
0.0152897 0.016
0.0139652 0.015
0.0126781 0.014
0.0114251 0.013
0.0102028 0.012
0.00900756 0.011
0.0078361 0.01
0.00668525 0.009
0.00555224 0.008
0.0044346 0.007
0.00333021 0.006
0.00223723 0.005
0.00115411 0.004
7.95054e-05 0.003
-0.000987705 0.002
-0.00204848 0.001
-0.00310365 -1.11022e-16
-0.0041539 -0.001
-0.00519982 -0.002
-0.00624194 -0.003
-0.00728068 -0.004
-0.00831642 -0.005
-0.0093495 -0.006
-0.0103802 -0.007
-0.0114088 -0.008
-0.0124354 -0.009
-0.0134603 -0.01
-0.0144836 -0.011
-0.0155055 -0.012
-0.0165262 -0.013
-0.0175456 -0.014
-0.018564 -0.015
-0.0195814 -0.016
-0.0205978 -0.017
-0.0216135 -0.018
-0.0226284 -0.019
-0.0236426 -0.02
-0.0246561 -0.021
-0.0256691 -0.022
-0.0266815 -0.023
-0.0276933 -0.024
-0.0287047 -0.025
-0.0297156 -0.026
-0.0307262 -0.027
-0.0317363 -0.028
-0.032746 -0.029
-0.0337554 -0.03
-0.0347645 -0.031
-0.0357733 -0.032
-0.0367818 -0.033
-0.0377901 -0.034
-0.038798 -0.035
-0.0371436 -0.034
-0.0355072 -0.033
-0.0339041 -0.032
-0.0323352 -0.031
-0.030804 -0.03
-0.0293128 -0.029
-0.0278629 -0.028
-0.0264549 -0.027
-0.0250878 -0.026
-0.0237599 -0.025
-0.0224686 -0.024
-0.0212109 -0.023
-0.0199834 -0.022
-0.0187829 -0.021
-0.017606 -0.02
-0.0164497 -0.019
-0.0153114 -0.018
-0.0141886 -0.017
-0.0130793 -0.016
-0.0119817 -0.015
-0.0108942 -0.014
-0.00981539 -0.013
-0.00874427 -0.012
-0.00767982 -0.011
-0.00662121 -0.01
-0.00556773 -0.009
-0.00451877 -0.008
-0.0034738 -0.007
-0.00243239 -0.006
-0.00139413 -0.005
-0.000358685 -0.004
0.000674236 -0.003
0.00170489 -0.002
0.0027335 -0.001
0.00376028 -1.11022e-16
0.00478538 0.001
0.00580897 0.002
0.00683118 0.003
0.00785213 0.004
0.00887193 0.005
0.00989068 0.006
0.0109085 0.007
0.0119254 0.008
0.0129414 0.009
0.0139567 0.01
0.0149714 0.011
0.0159853 0.012
0.0169987 0.013
0.0180115 0.014
0.0190238 0.015
0.0200356 0.016
0.0210469 0.017
0.0220578 0.018
0.0230683 0.019
0.0240785 0.02
0.0250883 0.021
0.0260977 0.022
0.0271069 0.023
0.0281158 0.024
0.0291244 0.025
0.0301327 0.026
0.0311408 0.027
0.0321486 0.028
0.0331563 0.029
0.0341637 0.03
0.035171 0.031
0.036178 0.032
0.0371849 0.033
0.0381916 0.034
0.0391981 0.035
0.0375415 0.034
0.0359088 0.033
0.0343074 0.032
0.0327407 0.031
0.0312118 0.03
0.0297231 0.029
0.0282758 0.028
0.02687 0.027
0.0255048 0.026
0.0241785 0.025
0.0228884 0.024
0.0216315 0.023
0.0204044 0.022
0.0192039 0.021
0.0180267 0.02
0.01687 0.019
0.0157311 0.018
0.0146076 0.017
0.0134974 0.016
0.0123989 0.015
0.0113104 0.014
0.0102307 0.013
0.00915862 0.012
0.00809323 0.011
0.00703368 0.01
0.00597929 0.009
0.00492945 0.008
0.00388364 0.007
0.00284139 0.006
0.00180234 0.005
0.000766129 0.004
-0.000267527 0.003
-0.00129889 0.002
-0.00232818 0.001
-0.00335561 -1.11022e-16
-0.00438133 -0.001
-0.00540552 -0.002
-0.00642831 -0.003
-0.00744982 -0.004
-0.00847015 -0.005
-0.00948941 -0.006
-0.0105077 -0.007
-0.011525 -0.008
-0.0125416 -0.009
-0.0135573 -0.01
-0.0145724 -0.011
-0.0155867 -0.012
-0.0166005 -0.013
-0.0176137 -0.014
-0.0186263 -0.015
-0.0196385 -0.016
-0.0206501 -0.017
-0.0216614 -0.018
-0.0226722 -0.019
-0.0236827 -0.02
-0.0246928 -0.021
-0.0257025 -0.022
-0.026712 -0.023
-0.0277211 -0.024
-0.0287299 -0.025
-0.0297385 -0.026
-0.0307469 -0.027
-0.031755 -0.028
-0.0327628 -0.029
-0.0337705 -0.03
-0.034778 -0.031
-0.0357852 -0.032
-0.0367923 -0.033
-0.0377992 -0.034
-0.0388059 -0.035
-0.0398125 -0.036
-0.040819 -0.037
-0.0418253 -0.038
-0.0428314 -0.039
-0.0438374 -0.04
-0.0448433 -0.041
-0.0458491 -0.042
-0.0468548 -0.043
-0.0478603 -0.044
-0.0488658 -0.045
-0.0472043 -0.044
-0.0455768 -0.043
-0.0439754 -0.042
-0.0424084 -0.041
-0.0408787 -0.04
-0.0393885 -0.039
-0.037939 -0.038
-0.0365303 -0.037
-0.0351617 -0.036
-0.0338313 -0.035
-0.0325367 -0.034
-0.031275 -0.033
-0.0300431 -0.032
-0.0288376 -0.031
-0.0276557 -0.03
-0.0264943 -0.029
-0.0253508 -0.028
-0.024223 -0.027
-0.0231089 -0.026
-0.0220066 -0.025
-0.0209146 -0.024
-0.0198315 -0.023
-0.0187564 -0.022
-0.0176881 -0.021
-0.0166259 -0.02
-0.015569 -0.019
-0.0145168 -0.018
-0.0134688 -0.017
-0.0124245 -0.016
-0.0113835 -0.015
-0.0103455 -0.014
-0.00931015 -0.013
-0.0082772 -0.012
-0.00724641 -0.011
-0.00621758 -0.01
-0.00519052 -0.009
-0.00416508 -0.008
-0.00314111 -0.007
-0.00211848 -0.006
-0.00109708 -0.005
-7.68126e-05 -0.004
0.00094242 -0.003
0.0019607 -0.002
0.00297809 -0.001
0.00399467 -1.11022e-16
0.0050105 0.001
0.00602562 0.002
0.00704009 0.003
0.00805396 0.004
0.00906727 0.005
0.01008 0.006
0.0110923 0.007
0.0121042 0.008
0.0131155 0.009
0.0141265 0.01
0.0151371 0.011
0.0161474 0.012
0.0171573 0.013
0.0181669 0.014
0.0191762 0.015
0.0201852 0.016
0.021194 0.017
0.0222025 0.018
0.0232107 0.019
0.0242188 0.02
0.0252266 0.021
0.0262342 0.022
0.0272416 0.023
0.0282488 0.024
0.0292559 0.025
0.0302628 0.026
0.0312695 0.027
0.0322761 0.028
0.0332825 0.029
0.0342888 0.03
0.035295 0.031
0.036301 0.032
0.037307 0.033
0.0383128 0.034
0.0393185 0.035
0.040324 0.036
0.0413295 0.037
0.0423349 0.038
0.0433402 0.039
0.0443454 0.04
0.0453505 0.041
0.0463556 0.042
0.0473605 0.043
0.0483654 0.044
0.0493702 0.045
0.0477098 0.044
0.0460821 0.043
0.0444816 0.042
0.0429156 0.041
0.0413872 0.04
0.0398983 0.039
0.03845 0.038
0.0370425 0.037
0.0356748 0.036
0.0343452 0.035
0.0330512 0.034
0.0317899 0.033
0.030558 0.032
0.0293526 0.031
0.0281704 0.03
0.0270087 0.029
0.0258649 0.028
0.0247366 0.027
0.023622 0.026
0.0225191 0.025
0.0214265 0.024
0.0203429 0.023
0.0192672 0.022
0.0181984 0.021
0.0171356 0.02
0.0160781 0.019
0.0150254 0.018
0.0139769 0.017
0.0129321 0.016
0.0118907 0.015
0.0108522 0.014
0.00981645 0.013
0.00878308 0.012
0.00775189 0.011
0.00672267 0.01
0.00569525 0.009
0.00466945 0.008
0.00364513 0.007
0.00262217 0.006
0.00160046 0.005
0.00057988 0.004
-0.000439646 0.003
-0.0014582 0.002
-0.00247587 0.001
-0.00349271 -1.11022e-16
-0.00450879 -0.001
-0.00552416 -0.002
-0.00653887 -0.003
-0.00755296 -0.004
-0.00856648 -0.005
-0.00957947 -0.006
-0.010592 -0.007
-0.011604 -0.008
-0.0126156 -0.009
-0.0136267 -0.01
-0.0146375 -0.011
-0.0156479 -0.012
-0.016658 -0.013
-0.0176678 -0.014
-0.0186772 -0.015
-0.0196864 -0.016
-0.0206953 -0.017
-0.021704 -0.018
-0.0227124 -0.019
-0.0237205 -0.02
-0.0247285 -0.021
-0.0257362 -0.022
-0.0267437 -0.023
-0.0277511 -0.024
-0.0287583 -0.025
-0.0297653 -0.026
-0.0307721 -0.027
-0.0317788 -0.028
-0.0327854 -0.029
-0.0337918 -0.03
-0.034798 -0.031
-0.0358042 -0.032
-0.0368102 -0.033
-0.0378161 -0.034
-0.0388219 -0.035
-0.0398275 -0.036
-0.0408331 -0.037
-0.0418386 -0.038
-0.0428439 -0.039
-0.0438492 -0.04
-0.0448544 -0.041
-0.0458595 -0.042
-0.0468646 -0.043
-0.0478695 -0.044
-0.0488744 -0.045
-0.0498792 -0.046
-0.0508839 -0.047
-0.0518886 -0.048
-0.0528932 -0.049
-0.0538977 -0.05
-0.0549022 -0.051
-0.0559066 -0.052
-0.056911 -0.053
-0.0579153 -0.054
-0.0589195 -0.055
-0.0572625 -0.054
-0.0556313 -0.053
-0.0540304 -0.052
-0.0524637 -0.051
-0.0509339 -0.05
-0.0494431 -0.049
-0.0479923 -0.048
-0.0465817 -0.047
-0.0452104 -0.046
-0.0438767 -0.045
-0.0425784 -0.044
-0.0413125 -0.043
-0.0400762 -0.042
-0.0388662 -0.041
-0.0376797 -0.04
-0.0365137 -0.039
-0.0353659 -0.038
-0.0342339 -0.037
-0.0331157 -0.036
-0.0320095 -0.035
-0.0309138 -0.034
-0.0298273 -0.033
-0.0287489 -0.032
-0.0276776 -0.031
-0.0266125 -0.03
-0.0255529 -0.029
-0.0244982 -0.028
-0.0234478 -0.027
-0.0224013 -0.026
-0.0213582 -0.025
-0.0203182 -0.024
-0.019281 -0.023
-0.0182463 -0.022
-0.0172138 -0.021
-0.0161834 -0.02
-0.0151548 -0.019
-0.014128 -0.018
-0.0131027 -0.017
-0.0120788 -0.016
-0.0110562 -0.015
-0.0100347 -0.014
-0.0090144 -0.013
-0.00799507 -0.012
-0.00697668 -0.011
-0.00595915 -0.01
-0.00494241 -0.009
-0.00392642 -0.008
-0.00291111 -0.007
-0.00189644 -0.006
-0.000882368 -0.005
0.000131145 -0.004
0.00114414 -0.003
0.00215664 -0.002
0.00316869 -0.001
0.0041803 -1.11022e-16
0.00519152 0.001
0.00620235 0.002
0.00721283 0.003
0.00822297 0.004
0.00923279 0.005
0.0102423 0.006
0.0112516 0.007
0.0122605 0.008
0.0132692 0.009
0.0142777 0.01
0.015286 0.011
0.016294 0.012
0.0173018 0.013
0.0183094 0.014
0.0193169 0.015
0.0203241 0.016
0.0213312 0.017
0.0223381 0.018
0.0233449 0.019
0.0243515 0.02
0.025358 0.021
0.0263644 0.022
0.0273706 0.023
0.0283767 0.024
0.0293827 0.025
0.0303885 0.026
0.0313943 0.027
0.0323999 0.028
0.0334055 0.029
0.0344109 0.03
0.0354163 0.031
0.0364216 0.032
0.0374267 0.033
0.0384318 0.034
0.0394369 0.035
0.0404418 0.036
0.0414467 0.037
0.0424515 0.038
0.0434562 0.039
0.0444609 0.04
0.0454655 0.041
0.04647 0.042
0.0474745 0.043
0.0484789 0.044
0.0494833 0.045
0.0504876 0.046
0.0514919 0.047
0.0524961 0.048
0.0535003 0.049
0.0545044 0.05
0.0528479 0.049
0.0512165 0.048
0.049616 0.047
0.0480497 0.046
0.0465204 0.045
0.0450301 0.044
0.0435798 0.043
0.0421698 0.042
0.040799 0.041
0.0394658 0.04
0.0381678 0.039
0.0369022 0.038
0.0356661 0.037
0.0344563 0.036
0.0332699 0.035
0.032104 0.034
0.0309562 0.033
0.0298242 0.032
0.0287059 0.031
0.0275997 0.03
0.026504 0.029
0.0254174 0.028
0.0243389 0.027
0.0232675 0.026
0.0222022 0.025
0.0211425 0.024
0.0200877 0.023
0.0190372 0.022
0.0179906 0.021
0.0169474 0.02
0.0159073 0.019
0.01487 0.018
0.0138352 0.017
0.0128026 0.016
0.0117721 0.015
0.0107435 0.014
0.00971651 0.013
0.00869111 0.012
0.00766712 0.011
0.00664443 0.01
0.00562293 0.009
0.00460252 0.008
0.00358312 0.007
0.00256466 0.006
0.00154706 0.005
0.000530254 0.004
-0.000485807 0.003
-0.00150118 0.002
-0.00251591 0.001
-0.00353004 -1.11022e-16
