*Element, type=S4R
1,  17,   1, 405,  16
2, 405,   1,  11,  12
3,  13,  14, 405,  12
4,  15,  16, 405,  14
5,  20,  21, 406,  19
6,  22,  23, 406,  21
7, 406,  23,  24,   2
8,  18,  19, 406,   2
 9, 407,  25,  26,  27
10,  30,  31, 407,  29
11, 407,  31,   3,  25
12, 407,  27,  28,  29
13,  34,  35, 408,  33
14,  36,  37, 408,  35
15, 408,  37,  38,   4
16,  32,  33, 408,   4
17,  41,  42, 409,  40
18,  39,  40, 409,   5
19, 409,  42,  43,  44
20,  45,   5, 409,  44
21, 410,   6,  46,  47
22,  48,  49, 410,  47
23,  52,   6, 410,  51
24, 410,  49,  50,  51
  25, 1074,  614,  641,  819
  26,  322,  323,  569,  429
  27,  320,  321,  605,  679
  28,  431,  679,  805,  892
  29, 1083, 1088,  761,  430
  30,  745,  697,  162,  161
  31,  753,  745,  161,  160
  32,  608, 1091,  310,  311
  33,  897,  845,  563,  525
  34,   18,    2,  563,  845
  35,    2,   24,  525,  563
  36,  305,  306,  847,  622
  37,   23,  445,  538,   24
  38,  909,  522,  912, 1080
  39,  444, 1004,  993,  747
  40,  437,  925, 1012,  735
  41,  925, 1011,  520,  848
  42, 1061,  519,  949, 1068
  43,  517,  954,  915,  784
  44,  786,    6,  564, 1053
  45,    6,  786,  524,   46
  46,  564,    6,   52, 1108
  47, 1053,  846,  283,  284
  48,  765,  889,  539,  446
  49,   51,   50,  539,  840
  50,  539,   50,  554,  446
  51,   48,  546,  781,  555
  52,  138,  723,  756,  139
  53,   47,  440,  546,   48
  54,   47,   46,  524,  440
  55,  712,  759,  169,  168
  56,  759,  733,  170,  169
  57,  872,  712,  168,  167
  58,  899,  872,  749, 1028
  59,  749,  427,  989, 1028
  60,  166,  165,  427,  749
  61,  733,  729,  171,  170
  62,  172,  171,  729,  734
  63,  338,  741,  533,  339
  64,  422,  338,  337,  772
  65,  731,  422,  772,  879
  66,  331,  332,  635,  645
  67,  635,  887, 1106,  645
  68,  645,  666,  330,  331
  69,    9,  666,  561,  335
  70,  341,  536,  660,  858
  71,  536,  341,  340,  770
  72,  423,  770,  340,  339
  73, 1102,  423,  339,  533
  74,  173,  172,  734,  741
  75,  160,  159,  432,  753
  76,  158,  157,  725,  752
  77,  540,   19,  841,  890
  78,  890,  841,  896, 1117
  79,  727,  736,  156,  155
  80,   20,  435,  553,   21
  81,   20,   19,  540,  435
  82,  444,  151,  150,  735
  83,  735,  150,  149,  437
  84,  740,  148,  147,  411
  85,  145,  443,  739,  146
  86,  443,  145,  144,  724
  87,  141,  719,  873,  142
  88,  143,  442,  724,  144
  89,  719,  441, 1040,  873
  90,  764,  546,  440,  882
  91,  764, 1119,  781,  546
  92,  554,   50,   49,  723
  93,  707,  136,  135,  762
  94,  922,  808,  450,  875
  95, 1201, 1202,  451, 1170
  96,  276,  680, 1041,  275
  97,  571,  277,  278,  855
  98,  279,  665,  855,  278
  99,  676,  280,  281, 1070
 100,  448, 1054,  907, 1065
 101,  132,  715,  875,  133
 102,  129,  867,  743,  130
 103,  126,  874,  714,  127
 104,  803,  458,  711,  750
 105,  918, 1141, 1126, 1125
 106,  263,  264,  667, 1115
 107,  651,  261,  262,  859
 108,  849,  461,  721,  866
 109,  117,  462,  866,  118
 110, 1026,  116,  115,  465
 111,  465,  115,  114, 1084
 112,  465, 1084, 1048, 1032
 113,  112,  942,  463,  113
 114, 1009, 1167,  833,  940
 115,  249,  250,  668,  469
 116,  668,  654,  467, 1042
 117,  625,  252,  253,  658
 118,  654,  625, 1057,  467
 119,  658, 1158, 1057,  625
 120, 1002, 1166,  951, 1032
 121, 1031, 1048, 1067, 1077
 122,  942,  985, 1071,  463
 123,  985,  942,  466, 1167
 124, 1170, 1018,  927, 1201
 125,  874,  903, 1075,  714
 126,  123,  726,  750,  124
 127,   26,   25,  557,  955
 128,  557,   25,  459, 1125
 129,   25,    3,  771,  459
 130,  844,   30,  558, 1097
 131,  260,  639,  656,  259
 132,  461,  849,   29,   28
 133, 1098,  460,  732,  728
 134,   26,  460, 1098,   27
 135,  968, 1099,  944, 1131
 136,  728,  732,  121,  120
 137,  111,  466,  942,  112
 138,  833,  868,  748,  468
 139,  828,  785,  904, 1207
 140,  109,  108,  710,  748
 141,  709,  754,  107,  106
 142,  612,  568,  244,  245
 143, 1089,  832, 1073,  930
 144,  650,  616,  246,  247
 145,  108,  107,  754,  710
 146,  757,  722,   43,   42
 147,   41,  767, 1100,   42
 148,  582,  217,  218,  589
 149,  532,   33,   32,  839
 150,  217,  582,  583,  216
 151,    4,   38,  552,  583
 152,  585,  587, 1059, 1128
 153,  574,  213,  214,  585
 154,  850,  210,  211,  576
 155,  900,  815,  596,  588
 156,  686,  698,  905,  482
 157,   74,  869,  691,   75
 158,  694,   73,   72,  706
 159,  935,  810,  495,  870
 160, 1210, 1182,  916,  494
 161,  856,  602,  199,  200
 162,  201,  202,  604,  593
 163,  480,  604,  202,  203
 164,  204,  590,  480,  203
 165,  926,  987,  792,  414
 166,  706,   72,   71,  495
 167,  906,  531,   33,  532
 168,  223,  513,  577,  222
 169,  586,  577,  783,  514
 170,  487,   88,   87,  693
 171,  693,   87,   86,  486
 172,   84,  485,  692,   85
 173,  778,  692,  485,  549
 174,  690,  550,  549,  485
 175,   35,  549,  550,   36
 176,   90,  685,  718,   91
 177,  685,  701,  488,  970
 178,  996, 1179, 1035, 1047
 179,  813,  933,  573,  578
 180,  229, 1092,  662,  228
 181,  662, 1092,  791,  490
 182,  232,  594,  678,  231
 183,  703,   95,   94, 1085
 184,  957,  961,  683,  718
 185,  225,  573,  854,  224
 186,  854,  573,  933, 1025
 187,  226,  578,  573,  225
 188, 1007,  938,  490, 1178
 189,  484,   82,   81,  689
 190,   80,  483,  689,   81
 191, 1189,  924,  807,  511
 192,  980, 1189, 1152,  512
 193,  838,  946,  943,  534
 194, 1062,  534,  943,  980
 195,  550,  838,  534,   36
 196,  552, 1059,  587,  583
 197,   78,  686,  871,   79
 198, 1155, 1206, 1204, 1087
 199,   69,  681,  870,   70
 200,   14,  541,  687,  499
 201,  682,  500,  884,  702
 202,  700,  804,  500,  682
 203,  818,  901,  852,  597
 204, 1064,  595,  610, 1146
 205,  180,  181,  592,  606
 206,  831,  600,  598,  508
 207, 1186,  953,  812, 1185
 208,  421,    7,  177, 1045
 209,  175,  174,  731,  879
 210,  741,  731,  174,  173
 211,   66,  687,  704,   67
 212,   60,  688,  699,   61
 213,  960,  934,  502,  963
 214,   57,  864,  684,   58
 215,  998,  821,  506, 1193
 216, 1064, 1146, 1193,  506
 217,  684,  864,  834,  504
 218,  941,  505,   56,   55
 219,  831,  508,  952, 1185
 220,  984,  997,  821,  998
 221,   54,  507,  941,   55
 222,   53,    7,  421, 1023
 223,  420,  570,  600,  831
 224,  595,  592,  181,  182
 225,  183,  184,  503,  610
 226,  184,  185,  852,  503
 227,  584,  501, 1038,  603
 228,  498,  609,  190,  191
 229,  566,   17,  527, 1095
 230,   16, 1094,  527,   17
 231,  544,  413, 1094,   16
 232,   14,  499,  769,   15
 233,   13,  780,  541,   14
 234,  527, 1116,  797, 1095
 235,  523,    1,  509, 1056
 236,  509,    1,   17,  566
 237,  881,  601,  851, 1138
 238,  822,  618,  602,  916
 239,   67,  704,  713,   68
 240, 1017,  976, 1020, 1176
 241, 1056,  601,  768,  523
 242,  542,   12,   11,  768
 243,  590,  204,  205,  575
 244,  815,  817,  572,  596
 245, 1013,  958,  691,  869
 246,  596,  207,  208,  588
 247,  576,  807, 1155,  850
 248,  585,  214,  215,  587
 249,  515,  839,  589,  580
 250,  220,  579,  580,  219
 251,  981,  945,  877,  906
 252,  820,  579,  586,  514
 253,  221,  586,  579,  220
 254,  776,  678,  594,  479
 255,  235,  619,  670,  234
 256,  526,   44,  837,  895
 257,  720,   98,   97,  473
 258,  473,   97,   96,  760
 259,  913,  479,  995,  474
 260, 1105, 1135,  615,  861
 261,  562, 1105,  861, 1093
 262,   45,   44,  526,  779
 263,   43,  722,  835,  537
 264,  857,  565,  476, 1093
 265,    5,  562, 1093,  476
 266,  798,  795,  412,  529
 267,  243,  244,  568,  472
 268,  885,  717,  788, 1118
 269,  103,  102,  471,  865
 270,  708,  100,   99,  751
 271,  101,  100,  722,  757
 272,  646,  640,  254,  255
 273,  646,  655,  464, 1077
 274,   30,  844,  559,   31
 275,  648,  258,  259,  656
 276,  639,  651,  560, 1096
 277,  672,  626,  827,  824
 278,  267,  675,  626,  266
 279,  457,  269,  270,  567
 280,  454,  272,  273,  611
 281, 1154, 1005, 1200,  790
 282,  664,  274,  275, 1041
 283,  737,  131,  130,  743
 284, 1070,  281,  282,  449
 285,  545, 1101, 1108,   52
 286,  663,  649,  287,  288
 287, 1142, 1086,  882, 1107
 288,  517,  784,  630,  673
 289, 1040,  915,  442,  873
 290,  290,  291,  630,  659
 291,  292,  293,  633,  673
 292,  294,  295,  644,  632
 293,  949,  948,  411,  739
 294,  302,  303, 1081,  631
 295,  622,  674,  304,  305
 296,   24,  538, 1019,  525
 297,  643,  629,  299,  300
 298,  631,  657,  301,  302
 299, 1163,  657,  631,  522
 300,  308,  309,  439,  845
 301,  621,  774, 1058,  608
 302,  860,  621,  312,  313
 303, 1173,  774,  994,  433
 304,  163,  162,  697,  761
 305,  863,  613,  315,  316
 306,  623,  607, 1078,  789
 307,  789,  978,  863,  623
 308, 1078,  892, 1039, 1181
 309,  431,  607,  318,  319
 310,  805,  679,  605,  800
 311,  429,  605,  321,  322
 312,  323,  324,  614,  569
 313,  932,  536,  770, 1076
 314,  636,  647,  326,  327
 315,  638,  812,  419,  652
 316,  570,  638,  334,    8
 317,  976, 1017, 1149,  876
 318,  622, 1129, 1130,  674
 319,   23,   22,  548,  445
 320,  727,  556,   21,  553
 321,  763,  842,  738,  966
 322,  906,  877,  778,  531
 323,  543,  767,   41,   40
 324,  767,  788,  717,  865
 325,  543,   40,  529,  412
 326,   39,  565,  529,   40
 327,  671,  620,  798, 1127
 328,  562,    5,   45,  779
 329,   63,  682,  702,   64
 330,  544,   16,   15,  769
 331,  628,  268,  269,  457
 332,  950, 1199,  928,  415
 333, 1180,  953, 1022,  975
 334,  836,  887,  975, 1103
 335,  535,  772,  337,  336
 336,  424, 1066,  931,  802
 337,  931, 1063,  425,  802
 338,  641,  614,  324,  325
 339,  969,  761,  697, 1015
 340,  969,  929,  978, 1172
 341,  617,  613,  434,  793
 342,  842,  763,  548,   22
 343,  730,  438,  966,  738
 344,  438,  730,  747,  993
 345,  762,  135,  134,  450
 346,  902,  893, 1055,  453
 347,  627,  271,  272,  454
 348,  567,  270,  271,  627
 349,  893,  902,  988,  806
 350,  714,  455,  128,  127
 351, 1120, 1096,  559,  825
 352,  940,  833,  468,  904
 353,  758,  744,  105,  104
 354,  472,  568, 1134,  795
 355,  816,  670,  619, 1147
 356, 1044,  913,  474, 1143
 357,   93,  696, 1085,   94
 358,   92,  683,  696,   93
 359, 1034,  986, 1177,  791
 360,  986,  937,  477, 1177
 361,   95,  703,  760,   96
 362,  480,  590,  792, 1033
 363,  956,  926,  414,  817
 364, 1052,  911,  775, 1156
 365,  871,  686,  482, 1036
 366,   75,  691,  695,   76
 367,  591,  599, 1095,  797
 368,  979,  919,  947,  796
 369,  609,  584,  189,  190
 370,  501,  947,  919, 1000
 371,  699,  688,  963, 1124
 372,  653,  823,  818,  597
 373,  209,  510,  588,  208
 374,  948, 1011,  740,  411
 375,  296,  297,  634,  642
 376,  661,  634,  297,  298
 377,  925,  848,  521, 1012
 378,  632,  644, 1061,  518
 379,  507,   54,   53, 1023
 380,   56,  505,  864,   57
 381,   58,  684,  705,   59
 382,  823, 1038,  910,  502
 383,  700,   62,   61,  699
 384,   62,  700,  682,   63
 385,   65,   64,  880,  499
 386,   65,  499,  687,   66
 387,  495,   71,   70,  870
 388,   73,  694,  869,   74
 389,   76,  695,  698,   77
 390,  686,   78,   77,  698
 391,   80,   79,  871,  483
 392,  690,   83,   82,  484
 393,  485,   84,   83,  690
 394,  486,   86,   85,  692
 395,   89,  701,  685,   90
 396, 1178, 1014,  961, 1007
 397,   98,  720,  751,   99
 398,  708,  835,  722,  100
 399,  102,  101,  757,  471
 400,  470,  801,  744,  758
 401,  110,  109,  748,  868
 402,  111,  110,  868,  466
 403,  113,  463, 1084,  114
 404,  462,  117,  116, 1026
 405,  119,  118,  866,  721
 406,  721,  728,  120,  119
 407,  121,  732,  755,  122
 408,  971,  750,  726,  968
 409,  711,  125,  124,  750
 410,  125,  711,  874,  126
 411,  128,  455,  867,  129
 412,  131,  737,  715,  132
 413,  450,  134,  133,  875
 414,  742,  137,  136,  707
 415,  137,  742,  723,  138
 416,  139,  756,  716,  140
 417,  719,  141,  140,  716
 418,  442,  143,  142,  873
 419,  411,  147,  146,  739
 420,  437,  149,  148,  740
 421,  152,  747,  730,  153
 422,  736,  725,  157,  156
 423,  159,  158,  752,  432
 424,  165,  164, 1088,  427
 425,  167,  166,  749,  872
 426,  891, 1102, 1110,  959
 427,  176,  175,  879,  418
 428,  176,  418, 1045,  177
 429,  606,  598,  179,  180
 430,  610,  595,  182,  183
 431,  584,  603,  188,  189
 432,  191,  192,  591,  498
 433,  196,  197,  851,  601
 434,  197,  198,  618,  851
 435,  856,  200,  201,  593
 436,  206,  572,  575,  205
 437, 1087,  900,  588,  510
 438,  510,  209,  210,  850
 439,  576,  211,  212,  581
 440,  213,  574,  581,  212
 441,  216,  583,  587,  215
 442,   32,    4,  551,  839
 443,  219,  580,  589,  218
 444,  222,  577,  586,  221
 445,  223,  224,  854,  513
 446,  624,  938,  813,  578
 447,  227,  624,  578,  226
 448,  230,  491, 1092,  229
 449,  491,  230,  231,  678
 450,  233,  862,  594,  232
 451,  862,  233,  234,  670
 452,  236,  853,  619,  235
 453,  853,  236,  237,  615
 454,  240,  857, 1093,  239
 455,  472,  620,  242,  243
 456,  616,  612,  245,  246
 457, 1162,  940,  904,  785
 458,  251,  654,  668,  250
 459,  654,  251,  252,  625
 460,  417, 1158,  658,  640
 461,  257,  637,  655,  256
 462,  258,  648,  637,  257
 463,  261,  651,  639,  260
 464,  560,  651,    3,   31
 465,  266,  626,  672,  265
 466,  675,  267,  268,  628
 467,  627,  454,  893,  806
 468,  611,  273,  274,  664
 469,  680,  276,  277,  571
 470,  665,  279,  280,  676
 471,  449,  282,  283,  846
 472, 1053,  564, 1108,  846
 473, 1107,  669,  649, 1142
 474,  289,  516,  663,  288
 475,  289,  290,  659,  516
 476,  673,  633,  826,  517
 477,  632,  633,  293,  294
 478,  642,  519, 1061,  644
 479,  629,  661,  298,  299
 480,  521,  643,  657, 1163
 481,  847,  897,  525, 1019
 482,  309,  310, 1091,  439
 483,  613,  617,  314,  315
 484,  607,  623,  317,  318
 485,  660,  636,  327,  328
 486,  858,  660,  328,  329
 487,    9,  341,  858,  666
 488,  420,  812,  638,  570
 489,  768,  601,  881,  542
 490,   11,    1,  523,  768
 491,  285,  286,  669,  786
 492,  306,  307,  897,  847
 493,  537,  837,   44,   43
 494,   42, 1100,  471,  757
 495,  797,  796,  498,  591
 496,  599,  193,  194,  509
 497,   13,   12,  528,  780
 498,   12,  542,  843,  528
 499,  565,   39,    5,  476
 500, 1127,  798,  529,  565
 501,  530,   38,   37, 1062
 502,  534, 1062,   37,   36
 503,   34,  778,  549,   35
 504,  906,  532, 1123,  981
 505,  741,  338,  422,  731
 506,  836,  336,  335,  561
 507,  636,  932,  830,  647
 508, 1050,  977, 1024, 1145
 509,  773,  538,  445,  886
 510, 1129, 1019,  538,  773
 511,  898,  449, 1101,  545
 512,  286,  287,  649,  669
 513,  841,   19,   18,  547
 514,  704,  687,  541, 1113
 515,  843,  542,  881,  497
 516,  702,  787,  880,   64
 517,  545,   52,   51,  840
 518,  716,  756,  781, 1119
 519,  547,   18,  845,  439
 520,  556,  842,   22,   21
 521,  153,  730,  738,  154
 522,  531,  778,   34,   33
 523,  582,  551,    4,  583
 524,  552,   38,  530, 1059
 525, 1111,  553,  435, 1112
 526,  555,  723,   49,   48
 527,  554,  723,  742, 1104
 528,  756,  723,  555,  781
 529,  155,  154,  746,  727
 530,  461,   28,   27, 1098
 531, 1125,  459, 1115,  918
 532, 1125, 1126,  955,  557
 533,  558,   30,   29,  849
 534, 1120,  825, 1153,  656
 535,  560,   31,  559, 1096
 536,  861,  238,  239, 1093
 537,  241,  671,  857,  240
 538,  806,  799,  567,  627
 539,  931, 1066,  800, 1063
 540,    8,  178,  600,  570
 541,  680,  571,  794,  452
 542,  575,  572,  817,  414
 543,  572,  206,  207,  596
 544, 1128,  814,  574,  585
 545,  576,  581,  511,  807
 546,  590,  575,  414,  792
 547,  577,  513,  996,  783
 548,  624,  227,  228,  662
 549,  813,  938, 1007,  489
 550,  579,  820,  515,  580
 551,  532,  839,  515, 1123
 552,  581,  574,  814,  511
 553,  839,  551,  582,  589
 554, 1000,  910, 1038,  501
 555,  599,  591,  192,  193
 556,  592,  506,  821,  606
 557,  508,  598,  606,  821
 558,  593,  604, 1156,  775
 559,  494,  856,  593,  775
 560,  506,  592,  595, 1064
 561,  185,  186,  597,  852
 562,  186,  187,  653,  597
 563,  178,  179,  598,  600
 564,  195,  196,  601, 1056
 565, 1138,  822,  497,  881
 566,  198,  199,  602,  618
 567,  823,  653,  603, 1038
 568,  187,  188,  603,  653
 569,  604,  480, 1033, 1156
 570, 1156, 1033,  493, 1052
 571,  800,  605,  429, 1063
 572, 1184, 1181,  430, 1172
 573,  621,  608,  311,  312
 574,  896,  439, 1091,  974
 575,  498,  796,  947,  609
 576,  501,  584,  609,  947
 577, 1194, 1193, 1146,  939
 578,  790, 1055,  611,  664
 579, 1115,  459,  771,  859
 580,  264,  265,  672,  667
 581,  569,  614, 1074,  425
 582,  615,  237,  238,  861
 583,  908, 1073,  832, 1209
 584,  677,  785,  828,  650
 585,  677,  248,  249,  469
 586,  994,  860,  617,  793
 587,  313,  314,  617,  860
 588, 1138,  851,  618,  822
 589, 1024,  965, 1046, 1145
 590,  241,  242,  620,  671
 591,  620,  472,  795,  798
 592,  621,  860,  994,  774
 593,  316,  317,  623,  863
 594,  658,  253,  254,  640
 595, 1051, 1030, 1057, 1158
 596,  914,  991, 1187,  971
 597,  799,  950,  457,  567
 598,  628,  415,  991,  675
 599,  848,  629,  643,  521
 600,  661,  520, 1060,  634
 601,  291,  292,  673,  630
 602,  659,  630,  784, 1164
 603,  782, 1163,  522,  909
 604,  633,  632,  518,  826
 605,  642,  634, 1060,  519
 606,  332,  333,  652,  635
 607, 1106,  887,  836,  561
 608,  829,  637,  648,  416
 609,  419,  887,  635,  652
 610,  333,  334,  638,  652
 611,  646,  255,  256,  655
 612,  647,  641,  325,  326
 613, 1074,  819, 1157,  973
 614,  295,  296,  642,  644
 615,  657,  643,  300,  301
 616,  561,  666,  645, 1106
 617, 1031, 1077,  464, 1002
 618,  830,  819,  641,  647
 619,  677,  650,  247,  248
 620,  828,  832,  616,  650
 621,  651,  859,  771,    3
 622, 1042,  467, 1190, 1009
 623,  655,  637,  829,  464
 624,  661,  629,  848,  520
 625,  624,  662,  490,  938
 626, 1027, 1005,  927, 1018
 627,  676,  777,  448,  665
 628,  855,  665,  448, 1065
 629,  329,  330,  666,  858
 630,  672,  824, 1141,  667
 631,  524,  786,  669, 1107
 632,  995,  862,  670,  816
 633,  912, 1081,  674, 1130
 634,  303,  304,  674, 1081
 635,  676, 1070, 1069,  777
 636,  678,  776, 1034,  491
 637,  679,  431,  319,  320
 638, 1041,  680,  452, 1154
 639,  870,  681,  496,  935
 640,  681,   69,   68,  713
 641,  787,  702,  884,  413
 642,  683,   92,   91,  718
 643,   59,  705,  688,   60
 644,  701,   89,   88,  487
 645,  970,  982,  489,  957
 646, 1036,  482, 1090,  999
 647, 1189,  511,  814, 1152
 648,  484,  838,  550,  690
 649, 1013,  926,  956,  958
 650,  486,  877,  945,  693
 651,  936,  492,  694,  706
 652,  869,  694,  492, 1013
 653,  698,  695,  967,  905
 654,  696, 1014,  477, 1085
 655,  433, 1198, 1197, 1015
 656, 1204, 1203,  900, 1087
 657,  804,  700,  699, 1124
 658,  544,  880,  787,  413
 659,  703,  937,  811,  760
 660,  713,  704, 1113, 1149
 661,  684,  504,  960,  705
 662,  960,  504, 1192,  934
 663,  706,  495,  810,  936
 664,  762,  923, 1137,  707
 665, 1104,  742,  707, 1137
 666,  977,  894,  965, 1024
 667,  744,  709,  106,  105
 668,  964, 1165,  908, 1209
 669,  904,  468,  972, 1207
 670,  468,  748,  710,  972
 671,  874,  711,  458,  903
 672,  843,  976,  876,  528
 673,  988,  902, 1075,  456
 674,  451,  875,  715, 1170
 675,  962,  719,  716, 1119
 676,  717,  885,  758,  104
 677,  717,  104,  103,  865
 678,  970,  957,  718,  685
 679,  962, 1082,  441,  719
 680, 1044,  473,  760,  811
 681, 1046,  751,  720, 1143
 682, 1006,  954,  517,  826
 683,  725, 1139, 1161,  752
 684,  890,  921,  766,  540
 685,  726,  123,  122,  755
 686,  736,  727,  553, 1111
 687,  729,  733,  959, 1110
 688, 1110, 1109,  734,  729
 689,  747,  152,  151,  444
 690,  755,  732,  460, 1132
 691,  533,  741,  734, 1109
 692, 1200, 1005, 1027,  453
 693,  842,  556,  727,  746
 694, 1010, 1196, 1068,  949
 695, 1027,  743,  867,  453
 696,  920, 1148,  930,  470
 697,  154,  738,  842,  746
 698,  909,  438,  993,  782
 699,  827,  991,  914, 1169
 700,  708,  965,  894,  835
 701,  436,  921,  890, 1117
 702, 1043,  432,  809, 1049
 703,  745,  753, 1173,  433
 704,  754,  709, 1165,  964
 705,  972,  964, 1209, 1207
 706, 1099,  968, 1132,  460
 707,  759,  712,  424,  802
 708,  759,  802,  973,  733
 709, 1083,  430, 1181, 1039
 710,  164,  163,  761, 1088
 711,  762,  450,  808,  923
 712,  889,  765,  923,  447
 713,  445,  548,  763,  886
 714,  983,  764,  882, 1086
 715, 1104,  765,  446,  554
 716,  840,  539,  889, 1072
 717, 1112, 1161, 1139, 1111
 718,  540,  766, 1112,  435
 719,  767,  865,  471, 1100
 720,  788,  767,  543, 1118
 721,  769,  499,  880,  544
 722,  770,  423, 1102,  891
 723,  836, 1103,  535,  336
 724,  878,  879,  772,  535
 725,  663, 1086, 1142,  649
 726,  974, 1091,  608, 1058
 727, 1052,  493,  936,  810
 728,  776,  479,  913,  478
 729, 1034,  776,  478,  986
 730,  808, 1054,  447,  923
 731,  692,  778,  877,  486
 732,  876, 1114,  780,  528
 733, 1029,  488, 1159, 1025
 734, 1195, 1164,  784,  915
 735,  677,  469, 1162,  785
 736,  284,  285,  786, 1053
 737, 1118, 1133,  920,  885
 738, 1078,  607,  431,  892
 739,  434,  978,  929, 1197
 740,  491, 1034,  791, 1092
 741, 1033,  792,  987,  493
 742, 1015, 1197,  929,  969
 743, 1018, 1170,  715,  737
 744,  884,  979, 1116,  413
 745,  527, 1094,  413, 1116
 746,  428,  805,  800, 1066
 747, 1063,  429,  569,  425
 748,  832, 1089,  612,  616
 749,  709,  744,  801, 1165
 750,  425, 1074,  973,  802
 751,  803,  415,  928,  458
 752,  910, 1124,  963,  502
 753,  804, 1000,  919,  500
 754,  805,  428,  989,  892
 755,  799,  806,  988,  456
 756, 1171, 1036,  999,  924
 757,  922,  907, 1054,  808
 758,  432,  752, 1174,  809
 759, 1058, 1191,  436, 1117
 760,  911, 1052,  810,  935
 761, 1003, 1186, 1185,  952
 762,  980,  943,  946,  990
 763,  817,  815,  481,  956
 764,  475, 1050, 1147, 1136
 765,  958,  956,  481,  967
 766,  502,  934,  818,  823
 767,  818,  934, 1192,  901
 768, 1144,  973, 1157,  426
 769,  514,  783,  917, 1188
 770,  998, 1008, 1037,  984
 771,  681, 1017, 1176,  496
 772,  955, 1126,  944, 1099
 773, 1168, 1169,  944, 1126
 774,  825,  559,  844,  888
 775, 1129,  773,  912, 1130
 776,  991,  827,  626,  675
 777, 1209,  832,  828, 1207
 778, 1122, 1001,  992, 1097
 779,  819,  830,  426, 1157
 780,  636,  660,  536,  932
 781,  508,  821,  997,  952
 782,  930,  568,  612, 1089
 783,  470,  930, 1073,  801
 784,  940, 1162, 1042, 1009
 785,  466,  868,  833, 1167
 786,  834, 1037, 1008, 1194
 787,  894,  837,  537,  835
 788, 1016, 1103,  975, 1022
 789,  977,  895,  837,  894
 790,  946,  838,  484,  689
 791,  447, 1151, 1072,  889
 792,  974, 1058, 1117,  896
 793,  497,  822, 1150, 1020
 794,  558,  849,  883, 1121
 795,  992,  888,  844, 1097
 796,  439,  896,  841,  547
 797,  898,  545,  840, 1072
 798,  897,  307,  308,  845
 799,  782,  993, 1004, 1163
 800,  883,  849,  866,  462
 801, 1056,  509,  194,  195
 802,  566, 1095,  599,  509
 803, 1135, 1136,  853,  615
 804,  494,  916,  602,  856
 805,  859,  262,  263, 1115
 806, 1105,  562,  779,  526
 807,  479,  594,  862,  995
 808,  434,  613,  863,  978
 809,  834,  864,  505, 1037
 810, 1075,  902,  455,  714
 811, 1182,  935,  496, 1150
 812,  424,  712,  872,  899
 813,  451,  907,  922,  875
 814,  780, 1114, 1113,  541
 815,  917,  945, 1160, 1188
 816,  878, 1016,  418,  879
 817,  764,  983,  962, 1119
 818,  951, 1166, 1001, 1122
 819, 1097,  558, 1121, 1122
 820,  500,  919,  979,  884
 821,  795, 1134, 1133,  412
 822,  470,  758,  885,  920
 823,  886,  763,  966, 1080
 824,  975,  887,  419, 1180
 825, 1153,  416,  648,  656
 826, 1153,  825,  888,  992
 827, 1137,  923,  765, 1104
 828,  898, 1069, 1070,  449
 829,  921,  436,  809, 1174
 830,  882,  440,  524, 1107
 831, 1140,  891,  959, 1144
 832,  989,  427, 1039,  892
 833, 1055,  893,  454,  611
 834,  965,  708,  751, 1046
 835,  619,  853, 1136, 1147
 836, 1101,  449,  846, 1108
 837,  967,  481, 1203,  905
 838,  815,  900, 1203,  481
 839,  939,  504,  834, 1194
 840,  503,  852,  901,  939
 841,  984,  941,  507,  997
 842,  902,  453,  867,  455
 843,  458,  928, 1199,  903
 844,  907,  451, 1202, 1065
 845, 1054,  448,  777,  447
 846, 1073,  908, 1165,  801
 847, 1081,  912,  522,  631
 848, 1043, 1173,  753,  432
 849,  916, 1182, 1150,  822
 850,  911, 1210,  494,  775
 851,  803,  750,  971, 1187
 852, 1047,  693,  945,  917
 853,  917,  783,  996, 1047
 854, 1040,  441, 1195,  915
 855,  990,  946,  689,  483
 856,  918, 1115,  667, 1141
 857, 1174,  752, 1161, 1183
 858,  442,  915,  954,  724
 859,  987,  492,  936,  493
 860, 1027, 1018,  737,  743
 861,  452,  794, 1201,  927
 862,  950,  415,  628,  457
 863, 1134,  568,  930, 1148
 864, 1066,  424,  899,  428
 865, 1076,  770,  891, 1140
 866,  489,  982,  933,  813
 867, 1029, 1025,  933,  982
 868,  937,  703, 1085,  477
 869,  478,  811,  937,  986
 870, 1007,  961,  957,  489
 871, 1193, 1194, 1008,  998
 872, 1190,  985, 1167, 1009
 873,  971,  968, 1131,  914
 874, 1189,  980,  990,  924
 875,  739,  443, 1010,  949
 876, 1199,  950,  799,  456
 877, 1032,  951, 1026,  465
 878,  997,  507, 1023,  952
 879, 1208, 1186, 1003, 1021
 880, 1045, 1021, 1003,  421
 881, 1010,  954, 1006, 1196
 882,  724,  954, 1010,  443
 883,  437,  740, 1011,  925
 884,  460,   26,  955, 1099
 885,  695,  691,  958,  967
 886,  959,  733,  973, 1144
 887,  688,  705,  960,  963
 888,  683,  961, 1014,  696
 889, 1080,  966,  438,  909
 890,  968,  726,  755, 1132
 891,  430,  761,  969, 1172
 892,  982,  970,  488, 1029
 893,  972,  710,  754,  964
 894, 1133, 1134, 1148,  920
 895, 1021, 1016, 1022, 1208
 896,  976,  843,  497, 1020
 897,  895,  977, 1050,  475
 898, 1172,  978,  789, 1184
 899, 1116,  979,  796,  797
 900, 1062,  980,  512,  530
 901,  820, 1160, 1123,  515
 902, 1160,  945,  981, 1123
 903, 1179, 1159,  488, 1035
 904, 1082,  962,  983, 1086
 905,  505,  941,  984, 1037
 906, 1071, 1030, 1051, 1175
 907, 1175, 1051, 1158,  417
 908,  492,  987,  926, 1013
 909,  428,  899, 1028,  989
 910, 1083, 1039,  427, 1088
 911,  990,  483, 1171,  924
 912, 1187,  991,  415,  803
 913,  992, 1001,  416, 1153
 914, 1004,  444,  735, 1012
 915,  994,  793, 1198,  433
 916,  474,  995,  816, 1145
 917, 1035,  488,  701,  487
 918, 1079, 1090,  482,  905
 919, 1206, 1205,  999, 1090
 920, 1000,  804, 1124,  910
 921, 1031, 1002, 1032, 1048
 922, 1166, 1002,  464,  829
 923, 1003,  952, 1023,  421
 924, 1012,  521, 1163, 1004
 925,  883,  951, 1122, 1121
 926,  883,  462, 1026,  951
 927, 1154,  790,  664, 1041
 928,  452,  927, 1005, 1154
 929,  826,  518, 1196, 1006
 930, 1068, 1196,  518, 1061
 931, 1014, 1178, 1177,  477
 932, 1030, 1190,  467, 1057
 933, 1060,  520, 1011,  948
 934, 1015,  697,  745,  433
 935, 1103, 1016,  878,  535
 936, 1017,  681,  713, 1149
 937,  418, 1016, 1021, 1045
 938, 1176, 1020, 1150,  496
 939,  812,  953, 1180,  419
 940,  854, 1025, 1159,  513
 941,  996,  513, 1159, 1179
 942, 1077,  417,  640,  646
 943, 1047, 1035,  487,  693
 944,  483,  871, 1036, 1171
 945,  668, 1042, 1162,  469
 946,  473, 1044, 1143,  720
 947,  913, 1044,  811,  478
 948, 1145, 1046, 1143,  474
 949,  463, 1067, 1048, 1084
 950,  809,  436, 1191, 1049
 951, 1071, 1175, 1067,  463
 952,  453, 1055,  790, 1200
 953, 1191, 1058,  774, 1049
 954,  530,  512, 1128, 1059
 955,  794,  571,  855, 1065
 956,  417, 1077, 1067, 1175
 957, 1151, 1069,  898, 1072
 958, 1030, 1071,  985, 1190
 959,  456, 1075,  903, 1199
 960, 1076,  426,  830,  932
 961, 1155, 1087,  510,  850
 962, 1082,  516, 1195,  441
 963,  663,  516, 1082, 1086
 964, 1205, 1206, 1155,  807
 965, 1102,  533, 1109, 1110
 966,  895,  475, 1136, 1135
 967,  725,  736, 1111, 1139
 968, 1114,  876, 1149, 1113
 969, 1118,  543,  412, 1133
 970, 1120,  656,  639, 1096
 971, 1141,  824, 1168, 1126
 972, 1127,  565,  857,  671
 973, 1128,  512, 1152,  814
 974,  847, 1019, 1129,  622
 975,  728,  721,  461, 1098
 976, 1169,  914, 1131,  944
 977, 1161, 1112,  766, 1183
 978,  426, 1076, 1140, 1144
 979, 1169, 1168,  824,  827
 980,  526,  895, 1135, 1105
 981, 1145,  816, 1147, 1050
 982, 1146,  610,  503,  939
 983, 1151,  447,  777, 1069
 984, 1205,  807,  924,  999
 985, 1188, 1160,  820,  514
 986, 1183,  766,  921, 1174
 987,  773,  886, 1080,  912
 988,  516,  659, 1164, 1195
 989, 1001, 1166,  829,  416
 990,  791, 1177, 1178,  490
 991, 1181, 1184,  789, 1078
 992,  420,  831, 1185,  812
 993,  793,  434, 1197, 1198
 994, 1202, 1201,  794, 1065
 995,  905, 1203, 1204, 1079
 996,  948,  949,  519, 1060
 997,  953, 1186, 1208, 1022
 998, 1210,  911,  935, 1182
 999, 1192,  504,  939,  901
1000,  774, 1173, 1043, 1049
1001, 1204, 1206, 1090, 1079
1002,  340,  341, 1211,  339
1003,    9,  335, 1211,  341
1004, 1211,  335,  336,  337
1005,  338,  339, 1211,  337
1006, 1458, 1286, 1548, 1474
1007,   77, 1600, 1631,   76
1008, 1445,   73,   74, 1449
1009, 1443,   70,   71, 1475
1010, 1441,   68,   69, 1473
1011,   68, 1441, 1485,   67
1012,   65, 1444, 1464,   64
1013,   62, 1442, 1465,   61
1014, 1471,   66,   67, 1485
1015, 1449,   74,   75, 1284
1016, 1621, 1284, 1631, 1639
1017, 1803, 1621, 1639, 2097
1018, 1868, 1889, 1264, 1816
1019, 1947, 1264, 1978, 1251
1020, 1696, 1627, 1240, 1747
1021, 1241, 1597,  352,  351
1022, 1430, 1241,  351,  350
1023, 1430, 1409, 1933, 1240
1024, 1684, 1933, 1409, 1412
1025, 2114, 1696, 1747, 1834
1026, 1947, 1898, 2176, 1264
1027, 2146, 1816, 1771, 1691
1028, 1707, 1691, 1771, 1263
1029, 1895, 1889, 1868, 2212
1030, 1583, 1443, 1475, 1673
1031, 1262, 1563, 1633, 1755
1032, 1248, 1745, 1694, 1566
1033, 1237, 1689, 1644, 1716
1034, 1446,   59,   60, 1463
1035, 1472,   58,   59, 1446
1036,   55, 1457, 1452,   54
1037, 1581, 1226, 1723, 1653
1038, 1228, 1926, 1921, 2006
1039, 1415,  343,  342, 1411
1040,   10,  404, 1408, 1439
1041, 1406, 1408,  404,  403
1042, 1397, 1386, 1609, 1406
1043, 1742, 1796, 1387, 2079
1044, 1936, 1721, 1751, 2202
1045,  171, 1500, 1502,  170
1046, 1554, 1382, 1702, 1569
1047, 1604,  172,  173, 1520
1048, 1389, 2120, 1501, 1522
1049, 1584, 1652, 2099, 1389
1050, 1783, 1219, 1897, 1851
1051, 1807, 1610, 1225, 1737
1052, 1671, 1737, 1225, 1558
1053, 1439, 1558, 1225, 1411
1054, 1218, 1681, 1671, 1558
1055, 2000, 2050, 2107, 2091
1056, 1604, 1732, 1214, 1500
1057, 2120, 2108, 1732, 1604
1058, 1456, 1274, 1673, 1475
1059,   80, 1447, 1458,   79
1060, 1623, 1447, 1461, 1287
1061, 1287, 1733, 1667, 1623
1062, 1608, 1739, 1676, 1254
1063, 1426, 1420,  357,  356
1064,  359,  358, 1428, 1433
1065,  361,  360, 1417, 2022
1066, 1853, 2011, 1258, 1772
1067, 1944, 1772, 1258, 1894
1068, 2143, 1875, 1245, 1712
1069, 1743, 1692, 1785, 2191
1070,  102, 1484, 1540,  101
1071, 1484,  102,  103, 1488
1072, 1578, 1524, 1477, 1590
1073, 1537, 1481, 1216, 1555
1074, 2154, 1701, 1555, 1216
1075, 2154, 1662, 2181, 2087
1076, 1305, 2062, 1963, 2031
1077, 1672, 1559, 1303, 1680
1078, 1424, 1425,  374,  373
1079,  373,  372, 1423, 1424
1080, 1421, 1304, 1606, 1427
1081,  369,  368, 1596, 1431
1082, 1628, 1697, 1298, 1657
1083, 1293, 1867, 1815, 1718
1084, 2155, 1585, 1561, 1242
1085, 1645, 1718, 1815, 1688
1086, 1645, 1688, 1730, 1578
1087, 1292, 1750, 1718, 1645
1088, 1820, 1298, 1907, 1837
1089,  371,  370, 1421, 1427
1090, 1448,   82,   83, 1455
1091, 1455, 1565, 2122, 1448
1092, 1648, 1856, 1278, 1766
1093, 2039, 1735, 1267, 1937
1094, 1735, 1254, 1676, 1267
1095, 2064, 2039, 1981, 1268
1096, 1454, 1289, 1567, 1459
1097, 1289, 1780, 1823, 1567
1098, 1927, 1269, 1871, 2161
1099, 1670, 1678, 1255, 1556
1100, 1678, 1268, 1871, 1805
1101, 1273, 1753, 1635, 1589
1102,   98, 1533, 1489,   97
1103, 1852, 1786, 1273, 1586
1104,  100, 1492, 1478,   99
1105, 1589, 1503, 1489, 1273
1106, 1591, 1545, 1503, 1589
1107, 1605,  109,  110, 1513
1108, 1513,  110,  111, 1514
1109, 1307, 1905, 1961, 2111
1110, 1831, 1900, 1999, 1964
1111, 1679, 1613, 1215, 1738
1112,  377,  376, 1416, 2019
1113,  381,  380, 1435, 1418
1114, 1413, 1435,  380,  379
1115,  384,  383, 1328, 1595
1116, 1595, 1392,  385,  384
1117, 1404, 1401,  387,  386
1118,  390,  389, 1399, 1396
1119, 1398, 1611, 1336, 1407
1120, 2013, 1966, 1361, 1801
1121, 1493, 1363, 2129, 1511
1122, 1534, 1582, 1363, 1493
1123, 1353, 1535, 1527, 1576
1124, 1576, 1527, 1460, 1808
1125, 1531, 1573, 1654, 1467
1126, 1814, 1687, 2158, 2201
1127, 1378, 1751, 1721, 1647
1128, 1951, 2025, 2083, 1906
1129, 1818, 1384, 1906, 1838
1130, 1594, 1393,  401,  400
1131,  402,  401, 1393, 1397
1132, 1395, 1400,  398,  397
1133, 2119, 1400, 1395, 1622
1134, 1854, 2010, 1338, 1773
1135, 2082, 2015, 1337, 1970
1136, 1864, 1362, 1914, 1969
1137, 1615, 2129, 1968, 1362
1138, 1391,  155,  156, 1511
1139, 1496,  112,  113, 1518
1140, 1799, 1572, 1308, 1704
1141, 2058, 1313, 2131, 2086
1142, 1884, 1314, 1804, 1313
1143, 2008, 1775, 1322, 1996
1144,  378,  377, 2019, 1315
1145,  142, 1526, 1519,  141
1146,  140, 1601, 1632,  139
1147, 1616, 1494, 1364, 1620
1148, 1451,  133,  134, 1547
1149, 1487,  131,  132, 1546
1150,  131, 1487, 1509,  130
1151,  128, 1483, 1536,  127
1152,  125, 1525, 1479,  124
1153, 1523,  129,  130, 1509
1154, 1476, 1521, 1354, 1674
1155, 1620, 1364, 1632, 1638
1156, 1800, 1620, 1638, 2098
1157, 1817, 1869, 1888, 1344
1158, 1946, 1344, 1977, 1332
1159, 1698, 1629, 1327, 1749
1160, 1658, 1629, 1811, 1333
1161, 1685, 1934, 1418, 1435
1162, 1326, 1763, 1711, 1825
1163, 1320, 2044, 1958, 1893
1164, 2195, 1779, 2156, 1646
1165, 1720, 1593, 1479, 1525
1166, 1323, 1686, 1646, 1720
1167, 1486, 1536, 1560, 1323
1168, 1324, 1651, 1693, 1797
1169, 1847, 1877, 2113, 1880
1170, 1902, 1698, 1749, 1833
1171, 1847, 2207, 2103, 1877
1172, 1711, 1775, 1941, 1825
1173,  123, 1532, 1498,  122
1174, 1499, 2026, 2125, 1490
1175, 1538,  121,  122, 1498
1176, 1521, 1494, 1616, 1354
1177,  143, 1495, 1526,  142
1178, 1624, 1495, 1510, 1367
1179, 1367, 1734, 1666, 1624
1180, 1974, 1919, 2152, 2100
1181, 1607, 1740, 1675, 1335
1182, 2100, 1675, 1740, 1346
1183, 1334, 1643, 1821, 1793
1184,  146, 1508, 1512,  145
1185, 1508,  146,  147, 1517
1186, 1767, 1985, 1940, 1358
1187, 1736, 1335, 1675, 1347
1188, 1497,  148,  149, 1507
1189, 1369, 1668, 1822, 1625
1190, 1928, 1349, 1870, 2192
1191, 1677, 1348, 1870, 1806
1192, 1371,  154,  155, 1391
1193, 1715,  153,  154, 1371
1194, 1550, 1516, 1528, 1370
1195, 1517, 1368, 1587, 1508
1196, 1341, 1544, 1467, 1654
1197,  167, 1491, 1530,  166
1198, 1542,  169,  170, 1502
1199, 1725, 1654, 1573, 1687
1200, 1221, 1584, 1505, 1543
1201, 1221, 1562, 1703, 1724
1202, 1887, 1921, 1926, 2144
1203, 1224, 1783, 1851, 1980
1204, 1377, 1394,  395,  394
1205, 1407, 2021,  393,  392
1206, 1970, 1337, 2070, 1915
1207, 1881, 1915, 2070, 1336
1208, 1398, 1407,  392,  391
1209,  391,  390, 1396, 1398
1210, 1212, 1396, 1399, 1557
1211, 1392, 1404,  386,  385
1212, 1405, 1328,  383,  382
1213, 1418, 1405,  382,  381
1214,  368,  367, 1299, 1596
1215, 1419, 1299,  367,  366
1216, 1901, 1697, 1748, 1832
1217, 1867, 1930, 1243, 1815
1218, 1682, 1932, 1422, 1436
1219, 1419, 1422, 1932, 1295
1220, 2143, 2142, 1824, 2164
1221, 1420, 1428,  358,  357
1222, 1597, 1434,  353,  352
1223, 1432, 1429,  355,  354
1224,  356,  355, 1429, 1426
1225,  345,  344, 1414, 2020
1226,  347,  346, 1230, 1410
1227, 1226, 1457, 1480, 1849
1228, 1960, 2091, 2107, 1828
1229, 1219, 1960, 2163, 1897
1230, 1652, 1584, 1221, 1724
1231, 1703, 1562, 1222, 2045
1232, 1222, 1581, 1653, 2045
1233, 1562, 1440, 1462, 1222
1234, 1760, 1849, 1924, 2136
1235, 1874, 1890, 1699, 1233
1236, 1957, 1234, 2028, 2040
1237, 2226, 1983, 1826, 2175
1238, 1239, 2147, 1826, 1876
1239, 1706, 1710, 2147, 1239
1240, 1855, 2009, 2139, 1235
1241, 1917, 1972, 1231, 2072
1242, 2006, 1921, 1227, 1976
1243, 1774, 2135, 1855, 1235
1244, 1234, 1957, 2138, 1892
1245, 1231, 2059, 2016, 2053
1246, 1472, 1552, 1217, 1598
1247, 1226, 1849, 1760, 1723
1248, 1874, 1717, 2183, 2149
1249, 2189, 1689, 1650, 1778
1250, 2076, 1238, 2211, 1787
1251, 1633, 1769, 1790, 1755
1252, 1859, 2209, 1983, 2226
1253,  350,  349, 1409, 1430
1254, 2226, 2175, 1942, 1988
1255, 1574, 1469, 1464, 1566
1256, 1656, 1627, 1812, 1252
1257, 1463, 1580, 1564, 1446
1258, 2102, 1832, 1875, 2171
1259, 1748, 1697, 1628, 1295
1260, 1422, 1419,  366,  365
1261, 2133, 1853, 1772, 2142
1262,  362,  361, 2022, 1247
1263, 1788, 1858, 1568, 1910
1264, 1923, 2095, 1953, 1978
1265, 2114, 1947, 1251, 1696
1266, 1253, 1641, 1819, 1794
1267, 2101, 1676, 1739, 1266
1268, 1882, 1916, 2071, 1256
1269, 2051, 1865, 1899, 1270
1270, 1390,   92,   93, 1539
1271, 1291,   91,   92, 1390
1272, 1283, 1539, 1468, 2112
1273, 1545,   95,   96, 1503
1274, 1848, 1846, 1894, 2145
1275, 1990, 2041, 2014, 2081
1276, 2197, 1635, 1753, 1845
1277, 1809, 1846, 1848, 1272
1278,   99, 1478, 1533,   98
1279, 1273, 1489, 1533, 1586
1280, 2174, 1840, 2095, 2002
1281, 2174, 2002, 2018, 1266
1282, 1761, 2214, 1886, 2213
1283, 1805, 1882, 1256, 1612
1284, 1618, 1282, 1802, 2123
1285, 1271, 1899, 1863, 2007
1286, 2117, 1792, 1614, 1283
1287, 1713, 1272, 1758, 2117
1288, 2005, 1659, 1726, 1277
1289, 1286, 1623, 1667, 2116
1290, 1937, 1920, 1278, 1856
1291, 2161, 1871, 1268, 1981
1292, 2110, 1965, 1281, 2094
1293, 1281, 1965, 2167, 1938
1294, 1714,   90,   91, 1291
1295, 1636, 1599, 1714, 2123
1296, 1474, 1548, 1285, 1600
1297, 1648, 1766, 2122, 1565
1298, 1551, 1450, 1466, 1290
1299,   89, 1599, 1466,   88
1300, 1288, 1453, 1459, 1567
1301, 1537,  107,  108, 1481
1302, 1718, 1750, 1935, 1293
1303, 1948, 2043, 1297, 2085
1304, 1606, 1741, 1680, 1303
1305, 1304, 1642, 1820, 1795
1306, 2118, 1950, 1952, 1294
1307, 2118, 2024, 1867, 1293
1308, 1436, 1422,  365,  364
1309, 1799, 1836, 1300, 1572
1310, 1850, 1301, 1964, 1999
1311, 2001, 2049, 2221, 2062
1312, 2111, 1776, 2124, 1307
1313, 1791, 1311, 2125, 1912
1314, 1318, 2077, 1664, 2153
1315, 1538, 1553, 1213, 1603
1316, 1700, 1752, 1318, 2153
1317, 2058, 1984, 2036, 1313
1318, 2166, 2150, 1900, 1831
1319, 1309, 1704, 1756, 1791
1320, 1784, 1850, 1999, 1310
1321, 1559, 1672, 1738, 1215
1322, 1514, 1307, 2124, 1513
1323, 1572, 1515, 1506, 1308
1324,  116, 1504, 1506,  115
1325, 1499,  119,  120, 1603
1326, 1861, 1311, 1791, 1756
1327, 1317, 2036, 1984, 1891
1328, 1912, 1955, 1312, 1860
1329, 1613, 1679, 1873, 1804
1330, 1425, 1215, 1613, 1437
1331, 2029, 1316, 2134, 2140
1332, 2134, 1973, 2084, 2140
1333, 1797, 1693, 1744, 1880
1334, 1649, 1588, 1570, 1722
1335, 1342, 1754, 1722, 1570
1336, 1331, 2106, 1789, 1830
1337, 1922, 2096, 1954, 1977
1338, 1798, 1722, 1754, 2106
1339, 2015, 2082, 2038, 2048
1340,  159, 1470, 1534,  158
1341, 2151, 2046, 2047, 1351
1342, 1339, 2178, 1989, 2080
1343, 1878, 1375, 1827, 2178
1344, 1695, 1746, 1903, 1380
1345, 1695, 1813, 1626, 1381
1346, 1759, 1341, 1654, 1725
1347, 1987, 1939, 2023, 1352
1348, 1939, 1986, 1339, 2023
1349, 1531,  165,  166, 1530
1350, 1709, 2130, 1773, 1827
1351, 1451, 1547, 1577, 1575
1352, 1708, 1690, 2206, 1770
1353, 1896, 1888, 1869, 1356
1354, 2220, 2168, 1839, 2096
1355, 2003, 1346, 2168, 2220
1356, 1919, 1974, 1885, 2219
1357,  162, 1460, 1527,  161
1358, 1356, 2055, 2004, 1896
1359, 2055, 1661, 1728, 1357
1360, 1366, 1624, 1666, 2115
1361, 1358, 1975, 1919, 2219
1362, 2109, 1966, 2013, 2073
1363, 1660, 1361, 1966, 1727
1364, 1637, 1602, 1715, 2128
1365,  158, 1534, 1493,  157
1366, 1519, 1549, 1365, 1601
1367, 1985, 1767, 2127, 1587
1368, 1516, 1550, 1369, 1507
1369,  152, 1602, 1528,  151
1370, 1866, 1814, 2201, 1379
1371, 1373, 1814, 1866, 1962
1372, 1746, 1695, 1381, 1765
1373, 1854, 1773, 1376, 1998
1374, 1569, 1542, 1502, 1554
1375, 1400, 1385,  399,  398
1376, 1385, 1400, 1381, 1626
1377, 1609, 1742, 1681, 1218
1378, 1972, 1917, 1883, 2078
1379, 1463,   60,   61, 1465
1380, 1462, 1452, 1581, 1222
1381, 1457,   55,   56, 1480
1382,   58, 1472, 1598,   57
1383, 1442,   62,   63, 1469
1384, 1444, 1248, 1566, 1464
1385,   66, 1471, 1444,   65
1386, 1473,   69,   70, 1443
1387, 1563, 1473, 1443, 1583
1388, 1475,   71,   72, 1456
1389, 1456,   72,   73, 1445
1390, 1284,   75,   76, 1631
1391,   78, 1474, 1600,   77
1392, 1474,   78,   79, 1458
1393, 1447,   80,   81, 1461
1394, 1287, 1461, 1448, 2122
1395, 1453, 1288, 1565, 1455
1396, 1453,   84,   85, 1459
1397,   87, 1450, 1454,   86
1398, 1450,   87,   88, 1466
1399, 1599,   89,   90, 1714
1400, 1614, 1390, 1539, 1283
1401,   94, 1468, 1539,   93
1402,   97, 1489, 1503,   96
1403, 1492,  100,  101, 1540
1404, 1488,  103,  104, 1541
1405, 1541,  104,  105, 1524
1406,  106, 1477, 1524,  105
1407,  109, 1605, 1481,  108
1408,  112, 1496, 1514,  111
1409, 1300, 1518, 1515, 1572
1410,  115, 1506, 1515,  114
1411, 1504,  116,  117, 1529
1412,  118, 1490, 1529,  117
1413,  119, 1499, 1490,  118
1414,  121, 1538, 1603,  120
1415,  124, 1479, 1532,  123
1416, 1525,  125,  126, 1486
1417, 1486,  126,  127, 1536
1418, 1536, 1483, 1571, 1560
1419, 1523, 1509, 1588, 1329
1420,  133, 1451, 1546,  132
1421, 1547,  134,  135, 1476
1422, 1476,  135,  136, 1521
1423,  138, 1364, 1494,  137
1424, 1364,  138,  139, 1632
1425,  141, 1519, 1601,  140
1426, 1495,  143,  144, 1510
1427,  148, 1497, 1517,  147
1428,  150, 1516, 1507,  149
1429, 1602,  152,  153, 1715
1430, 1615, 1391, 1511, 2129
1431,  157, 1493, 1511,  156
1432, 1535,  160,  161, 1527
1433, 1544,  163,  164, 1467
1434, 1530, 1372, 1573, 1531
1435, 1491,  167,  168, 1482
1436, 1482,  168,  169, 1542
1437, 1554, 1502, 1500, 1214
1438,  172, 1604, 1500,  171
1439,  174, 1501, 1520,  173
1440, 1501,  174,  175, 1522
1441, 1505,  176,  177, 1543
1442,    7, 1440, 1543,  177
1443,  342,   10, 1439, 1411
1444, 1415, 1414,  344,  343
1445,  346,  345, 2020, 1230
1446,  348,  347, 1410, 1412
1447, 1434, 1432,  354,  353
1448,  360,  359, 1433, 1417
1449,  363,  362, 1247, 1438
1450,  364,  363, 1438, 1436
1451, 1431, 1421,  370,  369
1452,  372,  371, 1427, 1423
1453,  376,  375, 1437, 1416
1454,  379,  378, 1315, 1413
1455,  388,  387, 1401, 1403
1456,  394,  393, 2021, 1377
1457, 1394, 1402,  396,  395
1458,  400,  399, 1385, 1594
1459,  403,  402, 1397, 1406
1460, 1390, 1614, 1618, 1291
1461, 1391, 1615, 1619, 1371
1462, 1643, 1392, 1595, 1658
1463, 1334, 1404, 1392, 1643
1464, 1640, 1393, 1594, 1655
1465, 1397, 1393, 1640, 1386
1466, 1402, 1395,  397,  396
1467, 1683, 1402, 1394, 1376
1468, 1396, 1212, 1611, 1398
1469, 1403, 1399,  389,  388
1470, 1557, 1399, 1403, 1335
1471, 1607, 1401, 1404, 1334
1472, 1335, 1403, 1401, 1607
1473, 1402, 1683, 1622, 1395
1474, 1405, 1327, 1629, 1328
1475, 1218, 1408, 1406, 1609
1476, 1998, 1377, 2021, 2054
1477, 1408, 1218, 1558, 1439
1478,  349,  348, 1412, 1409
1479, 1684, 1412, 1410, 1236
1480, 1411, 1225, 1610, 1415
1481, 1917, 2072, 1229, 1883
1482, 1997, 1230, 2020, 2053
1483, 1229, 1414, 1415, 1610
1484, 1918, 2069, 1314, 1884
1485, 1996, 1315, 2019, 1316
1486, 1995, 1247, 2022, 2052
1487, 1685, 1435, 1413, 1322
1488, 1405, 1418, 1934, 1327
1489, 1295, 1628, 1299, 1419
1490, 1556, 1420, 1426, 1254
1491, 1255, 1428, 1420, 1556
1492, 1682, 1436, 1438, 1246
1493, 1303, 1559, 1424, 1423
1494, 1215, 1425, 1424, 1559
1495,  375,  374, 1425, 1437
1496, 1303, 1423, 1427, 1606
1497, 1428, 1255, 1612, 1433
1498, 1608, 1429, 1432, 1253
1499, 1254, 1426, 1429, 1608
1500, 1430, 1240, 1627, 1241
1501, 1642, 1431, 1596, 1657
1502, 1304, 1421, 1431, 1642
1503, 1256, 1417, 1433, 1612
1504, 1641, 1434, 1597, 1656
1505, 1253, 1432, 1434, 1641
1506, 1416, 1437, 1314, 2069
1507, 1440,    7,   53, 1462
1508, 1462,   53,   54, 1452
1509, 1568, 1485, 1441, 1262
1510, 1858, 1788, 1745, 1248
1511, 1469,   63,   64, 1464
1512, 1465, 1716, 1580, 1463
1513, 1262, 1441, 1473, 1563
1514, 1617, 1445, 1449, 2121
1515, 1274, 1456, 1445, 1617
1516, 1699, 1552, 1564, 1233
1517, 1552, 1472, 1446, 1564
1518, 1461,   81,   82, 1448
1519, 1286, 1458, 1447, 1623
1520, 1455,   83,   84, 1453
1521, 1284, 1621, 2121, 1449
1522, 1289, 1454, 1450, 1551
1523, 1547, 1476, 1674, 1577
1524, 1546, 1342, 1570, 1487
1525, 1226, 1581, 1452, 1457
1526, 1459,   85,   86, 1454
1527, 1480,   56,   57, 1598
1528, 1460,  162,  163, 1544
1529, 1843, 1939, 1576, 1808
1530, 1237, 1442, 1469, 1574
1531, 1442, 1237, 1716, 1465
1532, 1544, 1341, 1808, 1460
1533, 1467,  164,  165, 1531
1534, 1468,   94,   95, 1545
1535, 1470,  159,  160, 1535
1536, 2012, 1630, 1353, 1987
1537, 1248, 1444, 1471, 1858
1538, 1521,  136,  137, 1494
1539, 1477,  106,  107, 1537
1540, 1273, 1786, 2208, 1753
1541, 1532, 1479, 1593, 1579
1542, 1849, 1217, 1663, 1924
1543, 1662, 2154, 1216, 1731
1544, 1647, 1729, 1592, 1378
1545, 1729, 1491, 1482, 1592
1546, 1693, 1571, 1329, 1744
1547, 1483,  128,  129, 1523
1548, 1561, 1484, 1488, 1242
1549, 1261, 1492, 1540, 1585
1550, 1486, 1323, 1720, 1525
1551, 1487, 1570, 1588, 1509
1552, 1372, 1530, 1491, 1729
1553, 1786, 1852, 1261, 1743
1554, 1510,  144,  145, 1512
1555, 1526, 1366, 1549, 1519
1556, 1518,  113,  114, 1515
1557, 1905, 1496, 1518, 1300
1558, 1625, 1497, 1507, 1369
1559, 2126, 1700, 2153, 1553
1560, 1553, 1538, 1498, 2126
1561, 1955, 2026, 1213, 1664
1562, 1665, 1382, 1554, 1214
1563, 1522,  175,  176, 1505
1564, 1665, 1214, 1732, 1777
1565, 1542, 1569, 1592, 1482
1566, 2112, 1468, 1545, 1591
1567, 1308, 1506, 1504, 1861
1568, 1522, 1505, 1584, 1389
1569, 1516,  150,  151, 1528
1570, 1367, 1510, 1512, 2127
1571, 1523, 1329, 1571, 1483
1572, 1508, 1587, 2127, 1512
1573, 1731, 1605, 1513, 2124
1574, 1307, 1514, 1496, 1905
1575, 1368, 1517, 1497, 1625
1576, 2120, 1604, 1520, 1501
1577, 1730, 1541, 1524, 1578
1578, 1366, 1526, 1495, 1624
1579, 1535, 1353, 1630, 1470
1580, 1311, 1529, 1490, 2125
1581, 1586, 1533, 1478, 1852
1582, 1582, 1534, 1470, 1630
1583, 1484, 1561, 1585, 1540
1584, 1242, 1488, 1541, 1730
1585, 1543, 1440, 1562, 1221
1586, 1546, 1451, 1575, 1342
1587, 1548, 1726, 1659, 1285
1588, 1549, 1728, 1661, 1365
1589, 1370, 1660, 1727, 1550
1590, 2157, 1550, 1727, 1360
1591, 1552, 1699, 1663, 1217
1592, 2126, 1498, 1532, 1579
1593, 2153, 1664, 1213, 1553
1594, 1590, 1555, 1701, 1292
1595, 1556, 1254, 1735, 1670
1596, 1557, 1335, 1736, 1669
1597, 1560, 1651, 1686, 1323
1598, 1243, 2155, 1688, 1815
1599, 1633, 1563, 1583, 1769
1600, 1648, 1565, 1288, 1810
1601, 1566, 1694, 1650, 1574
1602, 1551, 2148, 1780, 1289
1603, 1262, 1755, 1910, 1568
1604, 1859, 1745, 1788, 1249
1605, 1378, 1592, 1569, 1702
1606, 1329, 1588, 1649, 1744
1607, 1571, 1693, 1651, 1560
1608, 1756, 1704, 1308, 1861
1609, 1687, 1573, 1372, 2158
1610, 1574, 1650, 1689, 1237
1611, 1634, 1575, 1577, 1768
1612, 1768, 1577, 1674, 1708
1613, 1590, 1477, 1537, 1555
1614, 1292, 1645, 1578, 1590
1615, 1579, 1319, 1700, 2126
1616, 1716, 1644, 2141, 1580
1617, 1233, 1564, 1580, 2141
1618, 2068, 1363, 1582, 2074
1619, 1769, 1583, 1673, 1707
1620, 1368, 1844, 1985, 1587
1621, 1589, 1635, 2160, 1591
1622, 1720, 1646, 2156, 1593
1623, 1579, 1593, 2156, 1319
1624, 1655, 1594, 1385, 1626
1625, 1658, 1595, 1328, 1629
1626, 1657, 1596, 1299, 1628
1627, 1656, 1597, 1241, 1627
1628, 1598, 1217, 1849, 1480
1629, 1290, 1466, 1599, 1636
1630, 1639, 1631, 1600, 1285
1631, 1638, 1632, 1601, 1365
1632, 1370, 1528, 1602, 1637
1633, 1603, 1213, 2026, 1499
1634, 1216, 1481, 1605, 1731
1635, 2031, 1963, 1911, 1302
1636, 1740, 1607, 1334, 1793
1637, 1739, 1608, 1253, 1794
1638, 1681, 1742, 2079, 1219
1639, 1872, 1807, 1737, 1224
1640, 1669, 1677, 1212, 1557
1641, 1677, 1806, 1611, 1212
1642, 1678, 1805, 1612, 1255
1643, 1679, 1310, 1925, 1873
1644, 1314, 1437, 1613, 1804
1645, 2112, 1713, 2117, 1283
1646, 1282, 1618, 1614, 1792
1647, 2186, 2185, 1968, 2068
1648, 2128, 1362, 1864, 1801
1649, 1616, 1355, 1690, 1354
1650, 1617, 2146, 1691, 1274
1651, 2123, 1802, 1938, 1636
1652, 2128, 1801, 1361, 1637
1653, 1355, 1616, 1620, 1800
1654, 1275, 2121, 1621, 1803
1655, 1765, 2119, 1705, 1835
1656, 1933, 1706, 1764, 1240
1657, 1711, 1763, 1934, 1685
1658, 1550, 2157, 1668, 1369
1659, 1655, 1626, 1813, 1384
1660, 1812, 1627, 1696, 1251
1661, 1811, 1629, 1698, 1332
1662, 1754, 1634, 1789, 2106
1663, 1342, 1575, 1634, 1754
1664, 1591, 2160, 1713, 2112
1665, 1365, 1661, 2098, 1638
1666, 1285, 1659, 2097, 1639
1667, 1818, 1796, 1386, 1640
1668, 2189, 2183, 1644, 1689
1669, 2141, 1644, 2183, 1717
1670, 2156, 1779, 1719, 1319
1671, 1729, 1647, 2158, 1372
1672, 1733, 1287, 2122, 1766
1673, 1238, 1778, 1650, 1694
1674, 1686, 1651, 1324, 2067
1675, 1688, 2155, 1242, 1730
1676, 2155, 1243, 1692, 1585
1677, 1652, 1724, 1782, 2169
1678, 1653, 1723, 1757, 2075
1679, 1640, 1655, 1384, 1818
1680, 1641, 1656, 1252, 1819
1681, 1642, 1657, 1298, 1820
1682, 1643, 1658, 1333, 1821
1683, 2167, 1290, 1636, 1938
1684, 2167, 1965, 1280, 2148
1685, 1660, 1370, 1637, 1361
1686, 2136, 1976, 1227, 1760
1687, 2026, 1955, 1912, 2125
1688, 1665, 1777, 2088, 1382
1689, 1666, 1734, 1762, 2217
1690, 1366, 2115, 1728, 1549
1691, 1733, 2214, 1761, 1667
1692, 1286, 2116, 1726, 1548
1693, 2215, 2216, 1841, 1279
1694, 1780, 2182, 2216, 1823
1695, 1781, 1842, 1822, 1668
1696, 1348, 1677, 1669, 2063
1697, 1268, 1678, 1670, 2064
1698, 1737, 1671, 1783, 1224
1699, 1784, 1738, 1672, 1302
1700, 1274, 1691, 1707, 1673
1701, 1354, 1690, 1708, 1674
1702, 1606, 1304, 1795, 1741
1703, 1302, 1672, 1680, 2031
1704, 1742, 1609, 1386, 1796
1705, 1671, 1681, 1219, 1783
1706, 1682, 1246, 2133, 1712
1707, 1622, 1709, 1705, 2119
1708, 2130, 1683, 1376, 1773
1709, 1684, 1710, 1706, 1933
1710, 1684, 1236, 2135, 1710
1711, 1711, 1685, 1322, 1775
1712, 1320, 2218, 1779, 2195
1713, 1373, 1725, 1687, 1814
1714, 2149, 1778, 2060, 1234
1715, 1817, 1344, 1770, 2206
1716, 2104, 1260, 2208, 2191
1717, 1261, 1585, 1692, 1743
1718, 1330, 1880, 1744, 1649
1719, 2209, 1859, 1249, 1993
1720, 1813, 1695, 1380, 1951
1721, 1748, 1295, 1932, 1245
1722, 1294, 1952, 1298, 1697
1723, 1934, 1763, 1749, 1327
1724, 1874, 1233, 2141, 1717
1725, 1319, 1719, 1752, 1700
1726, 1948, 1950, 1935, 2227
1727, 2202, 1949, 2203, 1936
1728, 1703, 2045, 2137, 1931
1729, 1724, 1703, 1931, 1782
1730, 1932, 1682, 1712, 1245
1731, 1709, 1622, 1683, 2130
1732, 1747, 1240, 1764, 1834
1733, 1343, 1768, 1708, 1770
1734, 1338, 1943, 1827, 1773
1735, 1375, 1705, 1709, 1827
1736, 1774, 1235, 1942, 2175
1737, 1321, 1941, 1775, 2008
1738, 2123, 1714, 1291, 1618
1739, 2128, 1715, 1371, 1619
1740, 1750, 1292, 1701, 1296
1741, 1752, 1719, 1879, 1891
1742, 1751, 1378, 1702, 2202
1743, 1330, 1649, 1722, 1798
1744, 1757, 1723, 1760, 1227
1745, 1725, 1373, 1929, 1759
1746, 1280, 2182, 1780, 2148
1747, 1551, 1290, 2167, 2148
1748, 2005, 1277, 2018, 2225
1749, 2055, 1357, 2017, 2004
1750, 2111, 1961, 2173, 1306
1751, 2099, 2108, 2120, 1389
1752, 2214, 1733, 1766, 1278
1753, 1734, 1367, 2127, 1767
1754, 1762, 1734, 1767, 1358
1755, 1735, 2039, 2064, 1670
1756, 2065, 2063, 1347, 2152
1757, 1310, 1679, 1738, 1784
1758, 2101, 1266, 2092, 2159
1759, 2100, 1346, 2093, 1974
1760, 2091, 2079, 1387, 2000
1761, 2208, 1786, 1743, 2191
1762, 1745, 1859, 1787, 2211
1763, 1746, 1765, 1835, 2132
1764, 1903, 1746, 2132, 1374
1765, 1833, 1749, 1763, 1326
1766, 2227, 1935, 1750, 1296
1767, 1845, 1753, 2224, 2198
1768, 2197, 1845, 1846, 1809
1769, 1634, 1768, 1343, 1789
1770, 1755, 1790, 1862, 2210
1771, 1993, 2210, 1862, 1913
1772, 1757, 1227, 1921, 1887
1773, 2045, 1653, 2075, 2137
1774, 2190, 1758, 2007, 1863
1775, 1282, 1792, 2190, 1863
1776, 1979, 2042, 1340, 2193
1777, 2213, 2116, 1667, 1761
1778, 1762, 1358, 2219, 1885
1779, 2115, 1666, 2217, 1728
1780, 1764, 1706, 1239, 1967
1781, 1835, 1705, 1375, 2066
1782, 1832, 1748, 1245, 1875
1783, 1648, 1810, 2215, 1856
1784, 1985, 1844, 2205, 1940
1785, 1343, 1770, 1830, 1789
1786, 1263, 1898, 1829, 1790
1787, 1995, 1246, 1438, 1247
1788, 1944, 1824, 2142, 1772
1789, 1998, 1376, 1394, 1377
1790, 1997, 1236, 1410, 1230
1791, 1996, 1322, 1413, 1315
1792, 2179, 2049, 2087, 2181
1793, 1776, 1662, 1731, 2124
1794, 2050, 2088, 1388, 2107
1795, 1324, 1994, 2044, 2067
1796, 1781, 1360, 2089, 1991
1797, 1220, 2170, 1782, 1931
1798, 2169, 1857, 2099, 1652
1799, 1911, 2194, 1301, 1850
1800, 1785, 1692, 1243, 1930
1801, 1785, 1244, 2104, 2191
1802, 2226, 1988, 1787, 1859
1803, 1862, 1790, 1829, 1250
1804, 1704, 1309, 2166, 1904
1805, 1704, 1904, 2172, 1799
1806, 1791, 1912, 1860, 1309
1807, 1821, 1333, 1908, 1839
1808, 1346, 1740, 1793, 2168
1809, 1819, 1252, 1909, 1840
1810, 1266, 1739, 1794, 2174
1811, 2180, 1837, 1297, 2001
1812, 1305, 1741, 1795, 2180
1813, 1838, 1387, 1796, 1818
1814, 1797, 1325, 1994, 1324
1815, 2103, 2207, 2106, 1331
1816, 2172, 1904, 1964, 1301
1817, 1869, 1817, 1355, 1800
1818, 1865, 1282, 1863, 1899
1819, 1275, 1868, 1816, 2146
1820, 1269, 1882, 1805, 1871
1821, 1349, 1881, 1806, 1870
1822, 1336, 1611, 1806, 1881
1823, 1228, 1883, 1807, 1872
1824, 1229, 1610, 1807, 1883
1825, 1843, 1808, 1341, 1759
1826, 2160, 1809, 1272, 1713
1827, 1823, 1810, 1288, 1567
1828, 2216, 2215, 1810, 1823
1829, 1977, 1954, 1811, 1332
1830, 2024, 2118, 1294, 2188
1831, 1978, 1953, 1812, 1251
1832, 1951, 1380, 2061, 2025
1833, 1866, 2025, 2061, 1962
1834, 1867, 2024, 1945, 1930
1835, 1868, 1275, 1803, 2212
1836, 2176, 1771, 1816, 1264
1837, 1844, 1822, 1842, 2205
1838, 1368, 1625, 1822, 1844
1839, 2143, 2164, 2171, 1875
1840, 1828, 2196, 1857, 2169
1841, 1897, 1220, 1959, 1851
1842, 1898, 1263, 1771, 2176
1843, 1946, 1830, 1770, 1344
1844, 1831, 1964, 1904, 2166
1845, 1901, 1832, 1244, 1945
1846, 1833, 1326, 1877, 2103
1847, 1331, 1902, 1833, 2103
1848, 1967, 1239, 1876, 1913
1849, 2114, 1834, 1250, 1829
1850, 2066, 1375, 1878, 2042
1851, 1961, 1836, 2030, 2173
1852, 1961, 1905, 1300, 1836
1853, 1795, 1820, 1837, 2180
1854, 1838, 1383, 2000, 1387
1855, 1821, 1839, 2168, 1793
1856, 1819, 1840, 2174, 1794
1857, 1981, 1992, 1927, 2161
1858, 1939, 1843, 1340, 1986
1859, 1260, 2105, 2198, 2224
1860, 1259, 1846, 1845, 2198
1861, 1944, 1894, 1846, 1259
1862, 2007, 1848, 2145, 1271
1863, 1758, 1272, 1848, 2007
1864, 1850, 1784, 1302, 1911
1865, 1931, 2137, 1959, 1220
1866, 1980, 1851, 1959, 1223
1867, 1852, 1478, 1492, 1261
1868, 1246, 1995, 1853, 2133
1869, 1853, 1995, 2052, 2011
1870, 2054, 2010, 1854, 1998
1871, 1236, 1997, 1855, 2135
1872, 1997, 2053, 2009, 1855
1873, 1279, 1937, 1856, 2215
1874, 2108, 2165, 1777, 1732
1875, 2099, 1857, 2165, 2108
1876, 1858, 1471, 1485, 1568
1877, 1983, 2209, 1876, 1826
1878, 1312, 1956, 2150, 1860
1879, 1861, 1504, 1529, 1311
1880, 1967, 1250, 1834, 1764
1881, 2210, 1993, 1910, 1755
1882, 2190, 1792, 2117, 1758
1883, 1282, 1865, 2051, 1802
1884, 1380, 1903, 1962, 2061
1885, 1373, 1962, 2177, 1929
1886, 2188, 1294, 1697, 1901
1887, 2212, 1803, 2097, 1276
1888, 1869, 1800, 2098, 1356
1889, 1937, 1279, 1981, 2039
1890, 1900, 1925, 1310, 1999
1891, 1313, 1804, 1873, 2131
1892, 1892, 1874, 2149, 1234
1893, 1874, 1892, 1232, 1890
1894, 2198, 2105, 2184, 1259
1895, 1250, 1967, 1913, 1862
1896, 1877, 1326, 1825, 2113
1897, 2113, 1825, 1941, 1325
1898, 2042, 1979, 1374, 2066
1899, 1320, 1893, 1879, 2218
1900, 1879, 1893, 1317, 1891
1901, 1847, 1880, 1330, 2207
1902, 1325, 1797, 1880, 2113
1903, 2035, 1970, 1915, 1881
1904, 2034, 1971, 1916, 1882
1905, 1971, 1257, 2071, 1916
1906, 2027, 2078, 2006, 1976
1907, 2036, 1973, 1884, 1313
1908, 1918, 1884, 1973, 2134
1909, 1994, 1325, 1941, 1321
1910, 2067, 2044, 1320, 2195
1911, 1885, 1974, 2093, 2222
1912, 2159, 2092, 1886, 1920
1913, 2213, 1886, 2092, 1277
1914, 1887, 1223, 2075, 1757
1915, 1345, 1922, 1888, 1896
1916, 1923, 1889, 1895, 1265
1917, 1318, 1752, 1891, 1984
1918, 2016, 2059, 2138, 1957
1919, 2029, 1958, 1321, 2008
1920, 1990, 1271, 2145, 2041
1921, 1960, 1219, 2079, 2091
1922, 1922, 1977, 1344, 1888
1923, 1923, 1978, 1264, 1889
1924, 1899, 1271, 1990, 2081
1925, 2051, 1270, 2094, 1281
1926, 1956, 1925, 1900, 2150
1927, 1930, 1945, 1244, 1785
1928, 1945, 2024, 2188, 1901
1929, 1331, 1830, 1946, 1902
1930, 1332, 1698, 1902, 1946
1931, 1947, 2114, 1829, 1898
1932, 1962, 1903, 1374, 2177
1933, 2172, 1301, 2194, 2030
1934, 1384, 1813, 1951, 1906
1935, 1838, 1906, 2083, 1383
1936, 1297, 1837, 1907, 2085
1937, 1333, 1811, 1954, 1908
1938, 2096, 1839, 1908, 1954
1939, 1252, 1812, 1953, 1909
1940, 2095, 1840, 1909, 1953
1941, 1788, 1910, 1993, 1249
1942, 2209, 1993, 1913, 1876
1943, 1968, 2129, 1363, 2068
1944, 1351, 1969, 1914, 2151
1945, 2021, 2070, 1337, 2054
1946, 2022, 2071, 1257, 2052
1947, 2020, 2072, 1231, 2053
1948, 2069, 1316, 2019, 1416
1949, 1975, 1358, 1940, 1359
1950, 1976, 2136, 2037, 2027
1951, 1872, 2144, 1926, 1228
1952, 1345, 2220, 2096, 1922
1953, 1265, 2002, 2095, 1923
1954, 1925, 1956, 2131, 1873
1955, 2144, 1872, 1224, 1980
1956, 1279, 1841, 1992, 1981
1957, 1992, 2182, 2090, 1927
1958, 1991, 1359, 1842, 1781
1959, 2089, 1928, 2192, 1991
1960, 1979, 2193, 2177, 1374
1961, 1721, 1936, 1379, 2201
1962, 1576, 1939, 1987, 1353
1963, 2047, 1943, 1338, 2048
1964, 1943, 1989, 2178, 1827
1965, 1824, 1944, 1259, 2184
1966, 2001, 1297, 2043, 2049
1967, 2204, 2050, 2000, 1383
1968, 1293, 1935, 1950, 2118
1969, 1379, 1936, 2203, 2083
1970, 1907, 1298, 1952, 2085
1971, 1955, 1664, 2077, 1312
1972, 2058, 2086, 1312, 2077
1973, 2028, 1988, 1942, 2040
1974, 2139, 2016, 1957, 2040
1975, 1994, 1321, 1958, 2044
1976, 2163, 1960, 1828, 2170
1977, 2172, 2030, 1836, 1799
1978, 1776, 2111, 1306, 2179
1979, 2221, 1306, 2173, 2032
1980, 2162, 1280, 1965, 2110
1981, 1727, 1966, 2109, 1360
1982, 2185, 2186, 2151, 1914
1983, 1969, 1351, 2038, 2082
1984, 1969, 1350, 2033, 1864
1985, 2035, 1881, 1349, 2056
1986, 1350, 1969, 2082, 1970
1987, 2034, 1882, 1269, 2057
1988, 1270, 1899, 2081, 1971
1989, 1972, 2078, 2027, 1232
1990, 2059, 1232, 1892, 2138
1991, 2029, 2140, 1893, 1958
1992, 2017, 2093, 1346, 2003
1993, 1975, 1359, 1982, 2065
1994, 2092, 1266, 2018, 1277
1995, 2037, 1890, 1232, 2027
1996, 1340, 2042, 1878, 1986
1997, 1759, 1929, 2200, 1843
1998, 1223, 1887, 2144, 1980
1999, 1982, 1348, 2063, 2065
2000, 2012, 1987, 1352, 2199
2001, 1988, 2028, 2076, 1787
2002, 2040, 1942, 1235, 2139
2003, 2046, 1352, 2080, 2047
2004, 1339, 2080, 1352, 2023
2005, 1841, 2216, 2182, 1992
2006, 2088, 2223, 1949, 1382
2007, 2043, 1296, 2087, 2049
2008, 2180, 2001, 2062, 1305
2009, 1265, 1895, 2005, 2225
2010, 2225, 2018, 2002, 1265
2011, 2003, 1896, 2004, 2017
2012, 1276, 2005, 1895, 2212
2013, 2009, 2053, 2016, 2139
2014, 2015, 2010, 2054, 1337
2015, 2014, 2011, 2052, 1257
2016, 2012, 2074, 1582, 1630
2017, 2073, 2035, 2056, 2109
2018, 2109, 2056, 2089, 1360
2019, 2094, 2034, 2057, 2110
2020, 2110, 2057, 2090, 2162
2021, 1258, 2011, 2014, 2041
2022, 2081, 2014, 1257, 1971
2023, 1338, 2010, 2015, 2048
2024, 2059, 1231, 1972, 1232
2025, 2093, 2017, 1357, 2222
2026, 2072, 2020, 1414, 1229
2027, 2070, 2021, 1407, 1336
2028, 2071, 2022, 1417, 1256
2029, 1379, 2083, 2025, 1866
2030, 1234, 2060, 2076, 2028
2031, 2194, 2032, 2173, 2030
2032, 2031, 1680, 1741, 1305
2033, 1963, 2032, 2194, 1911
2034, 2033, 1350, 2073, 2013
2035, 1270, 1971, 2034, 2094
2036, 1350, 1970, 2035, 2073
2037, 2036, 1317, 2084, 1973
2038, 2037, 2136, 1924, 1663
2039, 1351, 2047, 2048, 2038
2040, 2159, 1920, 1937, 1267
2041, 1339, 1986, 1878, 2178
2042, 1258, 2041, 2145, 1894
2043, 2066, 1374, 2132, 1835
2044, 2050, 2204, 2223, 2088
2045, 1296, 2043, 1948, 2227
2046, 1989, 1943, 2047, 2080
2047, 2055, 1356, 2098, 1661
2048, 1659, 2005, 1276, 2097
2049, 2089, 2056, 1349, 1928
2050, 2090, 2057, 1269, 1927
2051, 1984, 2058, 2077, 1318
2052, 2076, 2060, 1778, 1238
2053, 2032, 1963, 2062, 2221
2054, 2063, 1669, 1736, 1347
2055, 1919, 1975, 2065, 2152
2056, 1918, 2134, 1316, 2069
2057, 2199, 2187, 2074, 2012
2058, 2137, 2075, 1223, 1959
2059, 2078, 1883, 1228, 2006
2060, 2084, 1317, 1893, 2140
2061, 1950, 1948, 2085, 1952
2062, 2086, 2131, 1956, 1312
2063, 2087, 1296, 1701, 2154
2064, 1388, 2088, 1777, 2165
2065, 2162, 2090, 2182, 1280
2066, 2008, 1996, 1316, 2029
2067, 1675, 2100, 2152, 1347
2068, 1676, 2101, 2159, 1267
2069, 2104, 2102, 2105, 1260
2070, 1244, 1832, 2102, 2104
2071, 2184, 2171, 2164, 1824
2072, 2196, 1388, 2165, 1857
2073, 1726, 2116, 2213, 1277
2074, 2119, 1765, 1381, 1400
2075, 2121, 1275, 2146, 1617
2076, 1710, 2135, 1774, 2147
2077, 1712, 2133, 2142, 2143
2078, 2147, 1774, 2175, 1826
2079, 1663, 1699, 1890, 2037
2080, 1309, 1860, 2150, 2166
2081, 2185, 1914, 1362, 1968
2082, 2046, 2151, 2186, 2187
2083, 1668, 2157, 1360, 1781
2084, 1619, 1615, 1362, 2128
2085, 2201, 2158, 1647, 1721
2086, 1809, 2160, 1635, 2197
2087, 2192, 1870, 1348, 1982
2088, 2051, 1281, 1938, 1802
2089, 2169, 1782, 2170, 1828
2090, 2163, 2170, 1220, 1897
2091, 2105, 2102, 2171, 2184
2092, 2179, 1306, 2221, 2049
2093, 1801, 1864, 2033, 2013
2094, 2181, 1662, 1776, 2179
2095, 2149, 2183, 2189, 1778
2096, 2187, 2186, 2068, 2074
2097, 2193, 1340, 1843, 2200
2098, 2193, 2200, 1929, 2177
2099, 2192, 1982, 1359, 1991
2100, 2195, 1646, 1686, 2067
2101, 2107, 1388, 2196, 1828
2102, 2202, 1702, 1382, 1949
2103, 2083, 2203, 2204, 1383
2104, 2223, 2204, 2203, 1949
2105, 2205, 1842, 1359, 1940
2106, 2206, 1690, 1355, 1817
2107, 2208, 1260, 2224, 1753
2108, 1769, 1707, 1263, 1790
2109, 2211, 1238, 1694, 1745
2110, 2214, 1278, 1920, 1886
2111, 2222, 2217, 1762, 1885
2112, 1357, 1728, 2217, 2222
2113, 1345, 1896, 2003, 2220
2114, 2199, 1352, 2046, 2187
2115, 2218, 1879, 1719, 1779
2116, 2207, 1330, 1798, 2106