-0.000166701 6.67011
-0.000333404 13.3404
-0.00050011 20.011
-0.000666818 26.6818
-0.000833528 33.3528
-0.00100024 40.024
-0.00116695 46.6954
-0.00133367 53.3671
-0.00150039 60.039
-0.00166711 66.711
-0.00183383 73.3833
-0.00200056 80.0557
-0.00216728 86.728
-0.002334 93.4002
-0.00250072 100.072
-0.00266742 106.742
-0.00283409 113.409
-0.00300072 120.072
-0.00316727 126.727
-0.00333368 133.368
-0.00349988 139.988
-0.00366574 146.574
-0.0038311 153.11
-0.00399567 159.567
-0.00415907 165.907
-0.00432072 172.072
-0.00447978 177.977
-0.004635 183.499
-0.00478464 188.462
-0.00492648 192.644
-0.00505839 195.835
-0.0051797 197.968
-0.0052922 199.22
-0.00539895 199.895
-0.00550255 200.255
-0.00560456 200.456
-0.00570578 200.578
-0.00580662 200.662
-0.00590726 200.726
-0.0060078 200.78
-0.00610827 200.827
-0.00620872 200.872
-0.00630915 200.915
-0.00640957 200.957
-0.00650998 200.998
-0.00661039 201.039
-0.00671079 201.079
-0.0068112 201.12
-0.0069116 201.16
-0.00701201 201.201
-0.00684661 194.661
-0.00668124 188.124
-0.00651589 181.589
-0.0063506 175.06
-0.00618535 168.535
-0.00602018 162.018
-0.00585508 155.508
-0.00569006 149.006
-0.00552514 142.514
-0.00536032 136.032
-0.00519562 129.562
-0.00503104 123.104
-0.00486659 116.659
-0.00470228 110.228
-0.00453812 103.812
-0.00437411 97.4114
-0.00421028 91.0281
-0.00404663 84.6626
-0.00388316 78.3158
-0.00371989 71.9888
-0.00355682 65.6824
-0.00339398 59.3978
-0.00323136 53.1359
-0.00306898 46.8977
-0.00290684 40.6845
-0.00274497 34.4972
-0.00258337 28.337
-0.00242205 22.205
-0.00226102 16.1024
-0.00210031 10.0306
-0.00193991 3.99058
-0.00177984 -2.01617
-0.00162012 -7.98835
-0.00146075 -13.9246
-0.00130177 -19.8234
-0.00114317 -25.6834
-0.000984971 -31.5029
-0.000827195 -37.2805
-0.000669857 -43.0143
-0.000512973 -48.7027
-0.000356562 -54.3438
-0.000200642 -59.9358
-4.52322e-05 -65.4768
0.000109646 -70.9646
0.000263971 -76.3971
0.000417721 -81.7721
0.000570872 -87.0872
0.0007234 -92.34
0.000875278 -97.5278
0.00102648 -102.648
0.00117697 -107.697
0.00132673 -112.673
0.00147573 -117.573
0.00162392 -122.392
0.00177127 -127.127
0.00191775 -131.775
0.00206331 -136.331
0.00220791 -140.791
0.00235151 -145.151
0.00249406 -149.406
0.00263551 -153.551
0.00277579 -157.579
0.00291486 -161.486
0.00305265 -165.265
0.00318908 -168.908
0.0033241 -172.41
0.00345761 -175.761
0.00358953 -178.953
0.00371977 -181.977
0.00384822 -184.822
0.00397479 -187.479
0.00409933 -189.933
0.00422174 -192.173
0.00434184 -194.184
0.0044595 -195.95
0.00457452 -197.452
0.00468672 -198.672
0.00479586 -199.586
0.00490171 -200.171
0.00500397 -200.397
0.00510399 -200.399
0.00520399 -200.399
0.00530399 -200.399
0.00540399 -200.399
0.00550399 -200.399
0.00560399 -200.399
0.00570399 -200.399
0.00580399 -200.399
0.00590399 -200.399
0.00600399 -200.399
0.00610399 -200.399
0.00620399 -200.399
0.00630399 -200.399
0.00640398 -200.398
0.00650398 -200.398
0.00660397 -200.397
0.00670396 -200.396
0.00680394 -200.394
0.00690392 -200.392
0.0070039 -200.39
0.00683882 -193.882
0.00667378 -187.378
0.00650878 -180.878
0.00634384 -174.384
0.00617899 -167.899
0.00601425 -161.425
0.00584961 -154.961
0.00568511 -148.511
0.00552076 -142.076
0.00535656 -135.656
0.00519254 -129.254
0.00502871 -122.871
0.00486508 -116.508
0.00470167 -110.167
0.00453849 -103.849
0.00437555 -97.5554
0.00421288 -91.2876
0.00405047 -85.0471
0.00388835 -78.8352
0.00372653 -72.6535
0.00356503 -66.5032
0.00340386 -60.3859
0.00324303 -54.303
0.00308256 -48.2559
0.00292246 -42.2462
0.00276275 -36.2753
0.00260345 -30.3448
0.00244456 -24.4561
0.00228611 -18.6107
0.0021281 -12.8104
0.00197057 -7.05652
0.00181351 -1.35076
0.00165695 4.3053
0.0015009 9.91003
0.00134538 15.4618
0.00119041 20.959
0.001036 26.3999
0.000882171 31.7829
0.000728937 37.1063
0.000576317 42.3683
0.000424326 47.5674
0.000272983 52.7017
0.000122304 57.7696
-2.7694e-05 62.7694
-0.000176993 67.6993
-0.000325578 72.5578
-0.000473429 77.3429
-0.000620532 82.0532
-0.000766869 86.6869
-0.000912423 91.2423
-0.00105718 95.718
-0.00120112 100.112
-0.00134423 104.423
-0.0014865 108.65
-0.00162791 112.791
-0.00176844 116.844
-0.00190808 120.808
-0.00204682 124.682
-0.00218465 128.465
-0.00232155 132.155
-0.00245751 135.751
-0.00259253 139.253
-0.00272659 142.659
-0.00285968 145.968
-0.00299179 149.179
-0.00312293 152.293
-0.00325308 155.308
-0.00338223 158.223
-0.00351039 161.039
-0.00363755 163.755
-0.00376371 166.371
-0.00388887 168.887
-0.00401303 171.303
-0.00413619 173.619
-0.00425835 175.835
-0.00437952 177.952
-0.00449971 179.971
-0.00461891 181.891
-0.00473713 183.713
-0.00485439 185.439
-0.0049707 187.07
-0.00508605 188.605
-0.00520047 190.047
-0.00531396 191.396
-0.00542654 192.654
-0.00553822 193.822
-0.00564902 194.902
-0.00575894 195.894
-0.00586801 196.801
-0.00597623 197.623
-0.00608364 198.364
-0.00619023 199.023
-0.00629603 199.603
-0.00640106 200.106
-0.00650533 200.533
-0.00660885 200.885
-0.00671166 201.166
-0.00681376 201.376
-0.00691517 201.517
-0.00701591 201.591
-0.00711629 201.629
-0.00721666 201.666
-0.00731779 201.779
-0.00741839 201.839
-0.007519 201.9
-0.0076196 201.96
-0.00772021 202.021
-0.00782081 202.081
-0.00792142 202.142
-0.00802203 202.203
-0.00812264 202.264
-0.00822324 202.324
-0.00832385 202.385
-0.00842446 202.446
-0.00852507 202.507
-0.00862568 202.568
-0.00872629 202.629
-0.0088269 202.69
-0.00892751 202.751
-0.00902812 202.812
-0.00912873 202.873
-0.00922934 202.934
-0.00932995 202.995
-0.00943056 203.056
-0.00953118 203.118
-0.00963179 203.179
-0.0097324 203.24
-0.00983301 203.301
-0.00993363 203.363
-0.0100342 203.424
-0.0101349 203.486
-0.0102355 203.547
-0.0103361 203.609
-0.0104367 203.67
-0.0105373 203.732
-0.0106379 203.793
-0.0107385 203.855
-0.0108392 203.917
-0.0109398 203.978
-0.0110404 204.04
-0.011141 204.102
-0.0112416 204.164
-0.0113423 204.226
-0.0114429 204.287
-0.0115435 204.349
-0.0116441 204.411
-0.0117447 204.473
-0.0118454 204.535
-0.011946 204.598
-0.0120466 204.66
-0.0121472 204.722
-0.0122478 204.784
-0.0123485 204.846
-0.0124491 204.908
-0.0125497 204.971
-0.0126503 205.033
-0.012751 205.095
-0.0128516 205.158
-0.0129522 205.22
-0.0130528 205.283
-0.0131535 205.345
-0.0132541 205.408
-0.0133547 205.471
-0.0134553 205.533
-0.013556 205.596
-0.0136566 205.659
-0.0137572 205.721
-0.0138578 205.784
-0.0139585 205.847
-0.0140591 205.91
-0.0141597 205.973
-0.0142604 206.036
-0.014361 206.099
-0.0144616 206.162
-0.0145622 206.225
-0.0146629 206.288
-0.0147635 206.351
-0.0148641 206.414
-0.0149648 206.477
-0.0150654 206.541
-0.015166 206.604
-0.0152667 206.667
-0.0153673 206.731
-0.0154679 206.794
-0.0155686 206.858
-0.0156692 206.921
-0.0157698 206.985
-0.0158705 207.048
-0.0159711 207.112
-0.0160718 207.175
-0.0161724 207.239
-0.016273 207.303
-0.0163737 207.367
-0.0164743 207.43
-0.0165749 207.494
-0.0166756 207.558
-0.0167762 207.622
-0.0168769 207.686
-0.0169775 207.75
-0.0170781 207.814
-0.0169139 201.389
-0.0167497 194.968
-0.0165856 188.556
-0.0164216 182.155
-0.0162577 175.768
-0.016094 169.396
-0.0159304 163.043
-0.0157671 156.709
-0.015604 150.396
-0.0154411 144.108
-0.0152785 137.845
-0.0151161 131.61
-0.014954 125.404
-0.0147923 119.229
-0.0146309 113.087
-0.0144698 106.98
-0.0143091 100.908
-0.0141488 94.8756
-0.0139888 88.8825
-0.0138293 82.9311
-0.0136702 77.023
-0.0135116 71.16
-0.0133534 65.3437
-0.0131958 59.576
-0.0130386 53.8584
-0.0128819 48.1927
-0.0127258 42.5805
-0.0125702 37.0236
-0.0124152 31.5236
-0.0122608 26.0821
-0.012107 20.7007
-0.0119538 15.381
-0.0118012 10.1247
-0.0116493 4.93311
-0.0114981 -0.192116
-0.0113475 -5.24956
-0.0111976 -10.2378
-0.0110484 -15.1555
-0.0109 -20.0012
-0.0107523 -24.7739
-0.0106053 -29.4721
-0.0104591 -34.0948
-0.0103136 -38.641
-0.0101689 -43.1096
-0.010025 -47.4996
-0.0098819 -51.8104
-0.00973959 -56.0411
-0.00959809 -60.191
-0.0094574 -64.2596
-0.00931754 -68.2464
-0.00917849 -72.1511
-0.00904027 -75.9733
-0.00890287 -79.7129
-0.0087663 -83.3698
-0.00863056 -86.9441
-0.00849564 -90.4358
-0.00836155 -93.8453
-0.00822827 -97.1728
-0.00809581 -100.419
-0.00796416 -103.584
-0.00783332 -106.668
-0.00770327 -109.673
-0.007574 -112.6
-0.00744552 -115.448
-0.00731781 -118.219
-0.00719085 -120.915
-0.00706465 -123.535
-0.00693918 -126.082
-0.00681444 -128.556
-0.00669041 -130.959
-0.00656707 -133.293
-0.00644443 -135.557
-0.00632245 -137.755
-0.00620113 -139.887
-0.00608045 -141.955
-0.0059604 -143.96
-0.00584096 -145.904
-0.00572212 -147.788
-0.00560386 -149.614
-0.00548616 -151.384
-0.00536902 -153.098
-0.00525242 -154.758
-0.00513634 -156.366
-0.00502077 -157.923
-0.00490569 -159.431
-0.00479109 -160.891
-0.00467696 -162.304
-0.00456327 -163.673
-0.00445003 -164.997
-0.0043372 -166.28
-0.00422479 -167.521
-0.00411278 -168.722
-0.00400115 -169.885
-0.00388989 -171.011
-0.00377899 -172.101
-0.00366845 -173.155
-0.00355824 -174.176
-0.00344836 -175.164
-0.00333879 -176.121
-0.00322953 -177.047
-0.00312057 -177.943
-0.00301189 -178.811
-0.00290349 -179.651
-0.00279535 -180.465
-0.00268747 -181.253
-0.00257985 -182.015
-0.00247246 -182.754
-0.00236531 -183.469
-0.00225839 -184.161
-0.00215168 -184.832
-0.00204518 -185.482
-0.00193889 -186.111
-0.00183279 -186.721
-0.00172689 -187.311
-0.00162117 -187.883
-0.00151562 -188.438
-0.00141025 -188.975
-0.00130505 -189.495
-0.00120001 -189.999
-0.00109512 -190.488
-0.000990386 -190.961
-0.000885797 -191.42
-0.000781349 -191.865
-0.000677038 -192.296
-0.00057286 -192.714
-0.000468809 -193.119
-0.000364883 -193.512
-0.000261077 -193.892
-0.000157388 -194.261
-5.38115e-05 -194.619
4.96558e-05 -194.966
0.000153017 -195.302
0.000256276 -195.628
0.000359435 -195.944
0.000462498 -196.25
0.000565468 -196.547
0.000668346 -196.835
0.000771137 -197.114
0.000873843 -197.384
0.000976466 -197.647
0.00107901 -197.901
0.00118147 -198.147
0.00128386 -198.386
0.00138618 -198.618
0.00148842 -198.842
0.0015906 -199.06
0.00169271 -199.271
0.00179475 -199.475
0.00189673 -199.673
0.00199865 -199.865
0.0021005 -200.05
0.0022023 -200.23
0.00230405 -200.405
0.00240573 -200.573
0.00250737 -200.737
0.00260895 -200.895
0.00271048 -201.048
0.00281197 -201.197
0.0029134 -201.34
0.00301479 -201.479
0.00311613 -201.613
0.00321743 -201.743
0.00331869 -201.869
0.0034199 -201.99
0.00352107 -202.107
0.00362221 -202.221
0.0037233 -202.33
0.00382436 -202.436
0.00392538 -202.538
0.00402636 -202.636
0.00412731 -202.731
0.00422823 -202.823
0.00432911 -202.911
0.00442996 -202.996
0.00453078 -203.078
0.00463156 -203.156
0.00473232 -203.232
0.00483305 -203.305
0.00493375 -203.375
0.00503442 -203.442
0.00513506 -203.506
0.00523568 -203.568
0.00533627 -203.627
0.00543684 -203.684
0.00553738 -203.738
0.0056379 -203.79
0.00573839 -203.839
0.00583887 -203.887
0.00593931 -203.931
0.00603974 -203.974
0.00614014 -204.014
0.00624053 -204.053
0.00634089 -204.089
0.00644124 -204.124
0.00654156 -204.156
0.00664186 -204.186
0.00674215 -204.215
0.00684242 -204.242
0.00694266 -204.266
0.0070429 -204.29
0.00714311 -204.311
0.00724333 -204.333
0.00734354 -204.354
0.00744376 -204.376
0.00754398 -204.398
0.00764419 -204.419
0.00774441 -204.441
0.00784463 -204.463
0.00794484 -204.484
0.00804506 -204.506
0.00814528 -204.528
0.00824549 -204.549
0.00834571 -204.571
0.00844593 -204.593
0.00854615 -204.615
0.00864636 -204.636
0.00874658 -204.658
0.0088468 -204.68
0.00894702 -204.702
0.00904724 -204.724
0.00914745 -204.745
0.00924767 -204.767
0.00934789 -204.789
0.00944811 -204.811
0.00954833 -204.833
0.00964855 -204.855
0.00974877 -204.877
0.00984899 -204.899
0.00994921 -204.921
0.0100494 -204.943
0.0101496 -204.965
0.0102499 -204.987
0.0103501 -205.009
0.0104503 -205.031
0.0105505 -205.053
0.0106508 -205.075
0.010751 -205.097
0.0108512 -205.119
0.0109514 -205.141
0.0110516 -205.164
0.0111519 -205.186
0.0112521 -205.208
0.0113523 -205.23
0.0114525 -205.252
0.0115527 -205.275
0.011653 -205.297
0.0117532 -205.319
0.0118534 -205.342
0.0119536 -205.364
0.0120539 -205.386
0.0121541 -205.409
0.0122543 -205.431
0.0123545 -205.453
0.0124548 -205.476
0.012555 -205.498
0.0126552 -205.521
0.0127554 -205.543
0.0128557 -205.566
0.0129559 -205.588
0.0130561 -205.611
0.0131563 -205.633
0.0132566 -205.656
0.0133568 -205.679
0.013457 -205.701
0.0135572 -205.724
0.0136575 -205.747
0.0137577 -205.769
0.0138579 -205.792
0.0139581 -205.815
0.0140584 -205.837
0.0141586 -205.86
0.0142588 -205.883
0.0143591 -205.906
0.0144593 -205.929
0.0145595 -205.951
0.0146597 -205.974
0.01476 -205.997
0.0148602 -206.02
0.0149604 -206.043
0.0150607 -206.066
0.0151609 -206.089
0.0152611 -206.112
0.0153613 -206.135
0.0154616 -206.158
0.0155618 -206.181
0.015662 -206.204
0.0157623 -206.227
0.0158625 -206.25
0.0159627 -206.274
0.016063 -206.297
0.0161632 -206.32
0.0162634 -206.343
0.0163637 -206.366
0.0164639 -206.39
0.0165641 -206.413
0.0166644 -206.436
0.0167646 -206.46
0.0168648 -206.483
0.0169651 -206.506
0.0170653 -206.53
0.0169023 -200.23
0.0167394 -193.936
0.0165765 -187.653
0.0164138 -181.384
0.0162513 -175.131
0.016089 -168.897
0.0159268 -162.684
0.0157649 -156.495
0.0156033 -150.331
0.0154419 -144.195
0.0152809 -138.088
0.0151201 -132.013
0.0149597 -125.972
0.0147997 -119.966
0.01464 -113.997
0.0144807 -108.067
0.0143218 -102.178
0.0141633 -96.3314
0.0140053 -90.5291
0.0138477 -84.7729
0.0136906 -79.0644
0.0135341 -73.4053
0.013378 -67.7972
0.0132224 -62.2419
0.0130674 -56.741
0.012913 -51.296
0.0127591 -45.9085
0.0126058 -40.58
0.0124531 -35.3121
0.0123011 -30.1062
0.0121496 -24.9637
0.0119989 -19.8861
0.0118487 -14.8747
0.0116993 -9.93072
0.0115506 -5.05549
0.0114025 -0.250171
0.0112552 4.48411
0.0111085 9.14628
0.0109626 13.7354
0.0108175 18.2504
0.0106731 22.6905
0.0105294 27.055
0.0103866 31.3432
0.0102445 35.5544
0.0101031 39.6881
0.00996256 43.7438
0.00982279 47.7213
0.0096838 51.6203
0.00954559 55.4406
0.00940818 59.1821
0.00927155 62.8449
0.00913571 66.4291
0.00900065 69.9349
0.00886637 73.3625
0.00873288 76.7125
0.00860015 79.9852
0.00846819 83.1812
0.00833699 86.3012
0.00820654 89.3458
0.00807684 92.316
0.00794788 95.2125
0.00781964 98.0363
0.00769212 100.788
0.0075653 103.47
0.00743918 106.082
0.00731375 108.625
0.00718899 111.101
0.00706489 113.511
0.00694143 115.857
0.00681861 118.139
0.00669641 120.359
0.00657481 122.519
0.00645381 124.619
0.0063334 126.66
0.00621354 128.646
0.00609424 130.576
0.00597548 132.452
0.00585724 134.276
0.00573952 136.048
0.00562229 137.771
0.00550554 139.446
0.00538927 141.073
0.00527345 142.655
0.00515808 144.192
0.00504314 145.686
0.00492862 147.138
0.00481451 148.549
0.00470079 149.921
0.00458745 151.255
0.00447449 152.551
0.00436188 153.812
0.00424963 155.037
0.00413771 156.229
0.00402612 157.388
0.00391485 158.515
0.00380388 159.612
0.00369321 160.679
0.00358283 161.717
0.00347273 162.727
0.0033629 163.71
0.00325333 164.667
0.00314402 165.598
0.00303495 166.505
0.00292612 167.388
0.00281752 168.248
0.00270914 169.086
0.00260097 169.903
0.00249302 170.698
0.00238526 171.474
0.0022777 172.23
0.00217034 172.966
0.00206315 173.685
0.00195614 174.386
0.00184931 175.069
0.00174264 175.736
0.00163613 176.387
0.00152978 177.022
0.00142358 177.642
0.00131753 178.247
0.00121162 178.838
0.00110584 179.416
0.0010002 179.98
0.000894692 180.531
0.000789308 181.069
0.000684045 181.595
0.0005789 182.11
0.00047387 182.613
0.000368951 183.105
0.000264139 183.586
0.000159432 184.057
5.48268e-05 184.517
-4.96802e-05 184.968
-0.000154092 185.409
-0.000258411 185.841
-0.000362639 186.264
-0.00046678 186.678
-0.000570837 187.084
-0.00067481 187.481
-0.000778704 187.87
-0.00088252 188.252
-0.000986259 188.626
-0.00108993 188.993
-0.00119352 189.352
-0.00129705 189.705
-0.0014005 190.05
-0.0015039 190.39
-0.00160722 190.722
-0.00171049 191.049
-0.00181369 191.369
-0.00191684 191.684
-0.00201993 191.993
-0.00212296 192.296
-0.00222594 192.594
-0.00232887 192.887
-0.00243174 193.174
-0.00253456 193.456
-0.00263734 193.734
-0.00274007 194.007
-0.00284275 194.275
-0.00294538 194.538
-0.00304798 194.798
-0.00315052 195.052
-0.00325303 195.303
-0.0033555 195.55
-0.00345792 195.792
-0.00356031 196.031
-0.00366266 196.266
-0.00376497 196.497
-0.00386725 196.725
-0.00396949 196.949
-0.0040717 197.17
-0.00417387 197.387
-0.00427601 197.601
-0.00437812 197.812
-0.0044802 198.02
-0.00458224 198.224
-0.00468426 198.426
-0.00478625 198.625
-0.00488821 198.821
-0.00499014 199.014
-0.00509205 199.205
-0.00519392 199.392
-0.00529578 199.578
-0.0053976 199.76
-0.0054994 199.94
-0.00560118 200.118
-0.00570294 200.294
-0.00580467 200.467
-0.00590638 200.638
-0.00600806 200.806
-0.00610973 200.973
-0.00621137 201.137
-0.00631299 201.299
-0.00641453 201.453
-0.00651494 201.494
-0.00661534 201.534
-0.00671573 201.573
-0.0068161 201.61
-0.00691646 201.646
-0.0070168 201.68
-0.00711713 201.713
-0.00721745 201.745
-0.00731776 201.776
-0.00741805 201.805
-0.00751833 201.833
-0.0076186 201.86
-0.00771886 201.886
-0.00781911 201.911
-0.00791935 201.935
-0.00801957 201.957
-0.00811979 201.979
-0.00822 202
-0.0083202 202.02
-0.00842038 202.038
-0.00852056 202.056
-0.00862073 202.073
-0.0087209 202.09
-0.00882105 202.105
-0.0089212 202.12
-0.00902134 202.134
-0.00912147 202.147
-0.00922159 202.159
-0.00932171 202.171
-0.00942181 202.181
-0.00952192 202.192
-0.00962201 202.201
-0.0097221 202.21
-0.00982218 202.218
-0.00992226 202.226
-0.0100223 202.233
-0.0101224 202.24
-0.0102225 202.245
-0.0103225 202.251
-0.0104226 202.256
-0.0105226 202.26
-0.0106226 202.264
-0.0107227 202.267
-0.0108227 202.27
-0.0109227 202.272
-0.0110227 202.274
-0.0111228 202.276
-0.0112228 202.277
-0.0113228 202.277
-0.0114228 202.278
-0.0115228 202.278
-0.0116228 202.277
-0.0117228 202.276
-0.0118227 202.275
-0.0119227 202.273
-0.0120227 202.271
-0.0121227 202.269
-0.0122227 202.266
-0.0123226 202.263
-0.0124226 202.26
-0.0125226 202.257
-0.0126225 202.253
-0.0127225 202.249
-0.0128224 202.244
-0.0129224 202.24
-0.0130223 202.235
-0.0131223 202.23
-0.0132222 202.224
-0.0133222 202.219
-0.0134221 202.213
-0.0135221 202.207
-0.013622 202.201
-0.0137219 202.194
-0.0138219 202.188
-0.0139218 202.181
-0.0140217 202.174
-0.0141217 202.166
-0.0142216 202.159
-0.0143215 202.152
-0.0144214 202.144
-0.0145214 202.136
-0.0146213 202.128
-0.0147212 202.12
-0.0148211 202.111
-0.014921 202.103
-0.0150209 202.094
-0.0151209 202.086
-0.0152208 202.077
-0.0153207 202.068
-0.0154206 202.059
-0.0155205 202.05
-0.0156204 202.04
-0.0157203 202.031
-0.0158202 202.021
-0.0159201 202.012
-0.01602 202.002
-0.0161199 201.992
-0.0162198 201.982
-0.0163197 201.973
-0.0164196 201.963
-0.0165195 201.952
-0.0166194 201.942
-0.0167193 201.932
-0.0168192 201.922
-0.0169191 201.911
-0.017019 201.901
-0.0171189 201.891
-0.0172188 201.881
-0.0173187 201.872
-0.0174186 201.863
-0.0175185 201.854
-0.0176185 201.845
-0.0177184 201.837
-0.0178183 201.829
-0.0179182 201.822
-0.0180181 201.815
-0.0181181 201.808
-0.018218 201.801
-0.0183179 201.794
-0.0184179 201.788
-0.0185178 201.783
-0.0186178 201.777
-0.0187177 201.772
-0.0188177 201.767
-0.0189176 201.762
-0.0190176 201.758
-0.0191175 201.754
-0.0192175 201.75
-0.0193175 201.746
-0.0194174 201.743
-0.0195174 201.74
-0.0196174 201.738
-0.0197174 201.735
-0.0198173 201.733
-0.0199173 201.731
-0.0200173 201.73
-0.0201173 201.728
-0.0202173 201.727
-0.0203173 201.726
-0.0204173 201.726
-0.0205173 201.726
-0.0206173 201.726
-0.0207172 201.721
-0.0208171 201.705
-0.0209169 201.689
-0.0210167 201.674
-0.0211166 201.658
-0.0212164 201.643
-0.0213163 201.627
-0.0214161 201.612
-0.021516 201.597
-0.0216158 201.583
-0.0217157 201.568
-0.0218155 201.553
-0.0219154 201.539
-0.0220152 201.525
-0.0221151 201.511
-0.022215 201.497
-0.0223148 201.483
-0.0224147 201.47
-0.0225146 201.456
-0.0226144 201.443
-0.0227143 201.43
-0.0228142 201.417
-0.022914 201.404
-0.0230139 201.391
-0.0231138 201.379
-0.0232137 201.367
-0.0233135 201.354
-0.0234134 201.342
-0.0235133 201.331
-0.0236132 201.319
-0.0237131 201.307
-0.023813 201.296
-0.0239128 201.285
-0.0240127 201.273
-0.0241126 201.262
-0.0242125 201.252
-0.0243124 201.241
-0.0244123 201.231
-0.0245122 201.22
-0.0246121 201.21
-0.024712 201.2
-0.0248119 201.19
-0.0249118 201.181
-0.0250117 201.171
-0.0251116 201.162
-0.0252115 201.152
-0.0253114 201.143
-0.0254113 201.134
-0.0255113 201.126
-0.0256112 201.117
-0.0257111 201.109
-0.025811 201.1
-0.0259109 201.092
-0.0260108 201.084
-0.0261108 201.077
-0.0262107 201.069
-0.0263106 201.062
-0.0264105 201.054
-0.0265105 201.047
-0.0266104 201.04
-0.0267103 201.033
-0.0268103 201.027
-0.0269102 201.02
-0.0270101 201.014
-0.0268478 194.787
-0.0266856 188.582
-0.0265235 182.378
-0.0263617 176.191
-0.0262 170.024
-0.0260386 163.881
-0.0258774 157.764
-0.0257165 151.676
-0.0255559 145.619
-0.0253957 139.594
-0.0252358 133.605
-0.0250763 127.652
-0.0249172 121.739
-0.0247584 115.867
-0.0246001 110.038
-0.0244423 104.253
-0.0242849 98.5153
-0.024128 92.8258
-0.0239716 87.1865
-0.0238158 81.599
-0.0236604 76.0649
-0.0235057 70.586
-0.0233514 65.1639
-0.0231978 59.8
-0.0230448 54.496
-0.0228923 49.2533
-0.0227406 44.0733
-0.0225894 38.9574
-0.0224389 33.9071
-0.0222891 28.9235
-0.0221399 24.0078
-0.0219915 19.1614
-0.0218437 14.3852
-0.0216967 9.68028
-0.0215503 5.04767
-0.0214047 0.488248
-0.0212599 -3.99717
-0.0211158 -8.40784
-0.0209724 -12.7431
-0.0208299 -17.0023
-0.020688 -21.1851
-0.020547 -25.291
-0.0204067 -29.3196
-0.0202672 -33.2708
-0.0201285 -37.1444
-0.0199905 -40.9404
-0.0198533 -44.6587
-0.0197169 -48.2996
-0.0195813 -51.8633
-0.0194464 -55.35
-0.0193123 -58.7602
-0.019179 -62.0944
-0.0190464 -65.353
-0.0189146 -68.5368
-0.0187835 -71.6465
-0.0186531 -74.6827
-0.0185235 -77.6465
-0.0183946 -80.5387
-0.0182664 -83.3602
-0.0181388 -86.1121
-0.018012 -88.7955
-0.0178858 -91.4115
-0.0177603 -93.9613
-0.0176355 -96.4461
-0.0175113 -98.867
-0.0173877 -101.225
-0.0172647 -103.523
-0.0171424 -105.76
-0.0170206 -107.938
-0.0168994 -110.059
-0.0167787 -112.125
-0.0166586 -114.135
-0.0165391 -116.093
-0.01642 -117.998
-0.0163015 -119.852
-0.0161834 -121.658
-0.0160658 -123.415
-0.0159487 -125.126
-0.0158321 -126.791
-0.0157159 -128.412
-0.0156001 -129.99
-0.0154847 -131.526
-0.0153698 -133.022
-0.0152552 -134.478
-0.015141 -135.896
-0.0150272 -137.277
-0.0149138 -138.623
-0.0148007 -139.933
-0.0146879 -141.209
-0.0145755 -142.453
-0.0144633 -143.665
-0.0143515 -144.846
-0.01424 -145.997
-0.0141288 -147.119
-0.0140179 -148.213
-0.0139072 -149.28
-0.0137968 -150.321
-0.0136866 -151.336
-0.0135768 -152.324
-0.0134672 -153.283
-0.0133578 -154.218
-0.0132487 -155.13
-0.0131398 -156.021
-0.0130311 -156.891
-0.0129226 -157.74
-0.0128143 -158.569
-0.0127062 -159.379
-0.0125983 -160.17
-0.0124906 -160.943
-0.012383 -161.699
-0.0122756 -162.437
-0.0121684 -163.159
-0.0120613 -163.866
-0.0119544 -164.556
-0.0118477 -165.232
-0.0117411 -165.893
-0.0116346 -166.54
-0.0115283 -167.174
-0.0114221 -167.794
-0.011316 -168.401
-0.01121 -168.996
-0.0111042 -169.579
-0.0109985 -170.151
-0.0108929 -170.71
-0.0107874 -171.259
-0.010682 -171.797
-0.0105767 -172.325
-0.0104716 -172.843
-0.0103665 -173.351
-0.0102615 -173.849
-0.0101566 -174.339
-0.0100518 -174.819
-0.00994709 -175.291
-0.00984246 -175.754
-0.00973791 -176.209
-0.00963344 -176.656
-0.00952905 -177.095
-0.00942473 -177.527
-0.00932048 -177.952
-0.00921631 -178.369
-0.0091122 -178.78
-0.00900816 -179.184
-0.00890419 -179.581
-0.00880028 -179.972
-0.00869643 -180.357
-0.00859264 -180.736
-0.00848891 -181.109
-0.00838524 -181.476
-0.00828162 -181.838
-0.00817805 -182.195
-0.00807454 -182.546
-0.00797107 -182.893
-0.00786766 -183.234
-0.00776429 -183.571
-0.00766098 -183.902
-0.0075577 -184.23
-0.00745447 -184.553
-0.00735129 -184.871
-0.00724814 -185.186
-0.00714504 -185.496
-0.00704197 -185.803
-0.00693895 -186.105
-0.00683596 -186.404
-0.00673301 -186.699
-0.0066301 -186.99
-0.00652722 -187.278
-0.00642437 -187.563
-0.00632156 -187.844
-0.00621877 -188.123
-0.00611602 -188.398
-0.00601331 -188.669
-0.00591062 -188.938
-0.00580795 -189.205
-0.00570532 -189.468
-0.00560272 -189.728
-0.00550014 -189.986
-0.00539759 -190.241
-0.00529506 -190.494
-0.00519256 -190.744
-0.00509008 -190.992
-0.00498763 -191.237
-0.00488519 -191.481
-0.00478279 -191.721
-0.0046804 -191.96
-0.00457803 -192.197
-0.00447569 -192.431
-0.00437336 -192.664
-0.00427106 -192.894
-0.00416877 -193.123
-0.0040665 -193.35
-0.00396425 -193.575
-0.00386202 -193.798
-0.0037598 -194.02
-0.0036576 -194.24
-0.00355542 -194.458
-0.00345326 -194.674
-0.00335111 -194.889
-0.00324897 -195.103
-0.00314685 -195.315
-0.00304474 -195.526
-0.00294265 -195.735
-0.00284057 -195.943
-0.0027385 -196.15
-0.00263645 -196.355
-0.00253441 -196.559
-0.00243238 -196.762
-0.00233036 -196.964
-0.00222835 -197.165
-0.00212636 -197.364
-0.00202437 -197.563
-0.0019224 -197.76
-0.00182043 -197.957
-0.00171848 -198.152
-0.00161653 -198.347
-0.0015146 -198.54
-0.00141267 -198.733
-0.00131075 -198.925
-0.00120885 -199.115
-0.00110694 -199.306
-0.00100505 -199.495
-0.000903164 -199.684
-0.000801286 -199.871
-0.000699414 -200.059
-0.00059755 -200.245
-0.000495692 -200.431
-0.00039384 -200.616
-0.000291995 -200.8
-0.000190156 -200.984
-8.83218e-05 -201.168
1.35064e-05 -201.351
0.000115329 -201.533
0.000217147 -201.715
0.000318961 -201.896
0.000420769 -202.077
0.000522573 -202.257
0.000624373 -202.437
0.000726169 -202.617
0.000827961 -202.796
0.00092975 -202.975
0.00103153 -203.153
0.00113332 -203.332
0.0012351 -203.51
0.00133687 -203.687
0.00143864 -203.864
0.00154042 -204.042
0.00164218 -204.218
0.0017436 -204.36
0.00184441 -204.441
0.00194522 -204.522
0.00204601 -204.601
0.0021468 -204.68
0.00224758 -204.758
0.00234835 -204.835
0.00244912 -204.912
0.00254987 -204.987
0.00265062 -205.062
0.00275136 -205.136
0.0028521 -205.21
0.00295283 -205.283
0.00305355 -205.355
0.00315426 -205.426
0.00325497 -205.497
0.00335567 -205.567
0.00345636 -205.636
0.00355705 -205.705
0.00365773 -205.773
0.00375841 -205.841
0.00385907 -205.907
0.00395974 -205.974
0.00406039 -206.039
0.00416104 -206.104
0.00426169 -206.169
0.00436233 -206.233
0.00446296 -206.296
0.00456359 -206.359
0.00466421 -206.421
0.00476483 -206.483
0.00486544 -206.544
0.00496605 -206.605
0.00506665 -206.665
0.00516725 -206.725
0.00526784 -206.784
0.00536842 -206.842
0.005469 -206.9
0.00556958 -206.958
0.00567015 -207.015
0.00577072 -207.072
0.00587128 -207.128
0.00597184 -207.184
0.00607239 -207.239
0.00617294 -207.294
0.00627348 -207.348
0.00637402 -207.402
0.00647456 -207.456
0.00657509 -207.509
0.00667562 -207.562
0.00677614 -207.614
0.00687666 -207.666
0.00697718 -207.718
0.00707769 -207.769
0.00717819 -207.819
0.0072787 -207.87
0.0073792 -207.92
0.00747969 -207.969
0.00758018 -208.018
0.00768067 -208.067
0.00778116 -208.116
0.00788164 -208.164
0.00798212 -208.212
0.00808259 -208.259
0.00818306 -208.306
0.00828353 -208.353
0.00838399 -208.399
0.00848445 -208.445
0.00858491 -208.491
0.00868536 -208.536
0.00878581 -208.581
0.00888626 -208.626
0.0089867 -208.67
0.00908715 -208.715
0.00918758 -208.758
0.00928802 -208.802
0.00938845 -208.845
0.00948888 -208.888
0.00958931 -208.931
0.00968973 -208.973
0.00979015 -209.015
0.00989057 -209.057
0.00999098 -209.098
0.0100914 -209.14
0.0101918 -209.181
0.0102922 -209.221
0.0103926 -209.262
0.010493 -209.302
0.0105934 -209.342
0.0106938 -209.382
0.0107942 -209.421
0.0108946 -209.46
0.010995 -209.499
0.0110954 -209.538
0.0111958 -209.576
0.0112961 -209.614
0.0113965 -209.652
0.0114969 -209.69
0.0115973 -209.727
0.0116976 -209.765
0.011798 -209.802
0.0118984 -209.838
0.0119988 -209.875
0.0120991 -209.911
0.0121995 -209.948
0.0122998 -209.983
0.0124002 -210.019
0.0125005 -210.055
0.0126009 -210.09
0.0127013 -210.125
0.0128016 -210.16
0.0129019 -210.195
0.0130023 -210.229
0.0131026 -210.263
0.013203 -210.297
0.0133033 -210.331
0.0134037 -210.365
0.013504 -210.399
0.0136043 -210.432
0.0137047 -210.465
0.013805 -210.498
0.0139053 -210.531
0.0140056 -210.563
0.014106 -210.596
0.0142063 -210.628
0.0143066 -210.66
0.0144069 -210.692
0.0145072 -210.724
0.0146076 -210.755
0.0147079 -210.787
0.0148082 -210.818
0.0149085 -210.849
0.0150088 -210.88
0.0151091 -210.911
0.0152094 -210.941
0.0153097 -210.972
0.01541 -211.002
0.0155103 -211.032
0.0156106 -211.062
0.0157109 -211.092
0.0158112 -211.122
0.0159115 -211.151
0.0160118 -211.181
0.0161121 -211.21
0.0162124 -211.239
0.0163127 -211.268
0.016413 -211.297
0.0165133 -211.325
0.0166135 -211.354
0.0167138 -211.382
0.0168141 -211.411
0.0169144 -211.439
0.0170147 -211.467
0.0171149 -211.495
0.0172152 -211.522
0.0173155 -211.55
0.0174158 -211.578
0.0175161 -211.606
0.0176163 -211.634
0.0177166 -211.662
0.0178169 -211.69
0.0179172 -211.718
0.0180175 -211.746
0.0181177 -211.774
0.018218 -211.802
0.0183183 -211.83
0.0184186 -211.859
0.0185189 -211.887
0.0186192 -211.916
0.0187194 -211.944
0.0188197 -211.973
0.01892 -212.001
0.0190203 -212.03
0.0191206 -212.059
0.0192209 -212.087
0.0193212 -212.116
0.0194215 -212.145
0.0195217 -212.174
0.019622 -212.203
0.0197223 -212.232
0.0198226 -212.261
0.0199229 -212.291
0.0200232 -212.32
0.0201235 -212.349
0.0202238 -212.378
0.0203241 -212.408
0.0204244 -212.437
0.0205247 -212.467
0.020625 -212.497
0.0207253 -212.526
0.0208256 -212.556
0.0209259 -212.586
0.0210262 -212.616
0.0211265 -212.646
0.0212268 -212.676
0.0213271 -212.706
0.0214274 -212.736
0.0215277 -212.766
0.021628 -212.796
0.0217283 -212.827
0.0218286 -212.857
0.0219289 -212.888
0.0220292 -212.918
0.0221295 -212.949
0.0222298 -212.98
0.0223301 -213.01
0.0224304 -213.041
0.0225307 -213.072
0.022631 -213.103
0.0227313 -213.134
0.0228317 -213.165
0.022932 -213.197
0.0230323 -213.228
0.0231326 -213.259
0.0232329 -213.291
0.0233332 -213.322
0.0234335 -213.354
0.0235339 -213.386
0.0236342 -213.418
0.0237345 -213.449
0.0238348 -213.481
0.0239351 -213.513
0.0240355 -213.546
0.0241358 -213.578
0.0242361 -213.61
0.0243364 -213.643
0.0244368 -213.675
0.0245371 -213.708
0.0246374 -213.74
0.0247377 -213.773
0.0248381 -213.806
0.0249384 -213.839
0.0250387 -213.872
0.0251391 -213.905
0.0252394 -213.938
0.0253397 -213.972
0.0254401 -214.005
0.0255404 -214.039
0.0256407 -214.072
0.0257411 -214.106
0.0258414 -214.14
0.0259417 -214.174
0.0260421 -214.208
0.0261424 -214.242
0.0262428 -214.276
0.0263431 -214.311
0.0264435 -214.345
0.0265438 -214.38
0.0266441 -214.414
0.0267445 -214.449
0.0268448 -214.484
0.0269452 -214.519
0.0270455 -214.554
0.0271459 -214.59
0.0255352 -153.567
0.0239609 -96.0945
0.0224395 -43.9547
0.0209833 1.66652
0.0195989 40.1117
0.0182858 71.4183
0.0170374 96.2608
0.0158433 115.665
0.0146976 130.237
0.0135859 141.414
0.0124994 150.056
0.0114318 156.814
0.0103783 162.171
0.00933524 166.475
0.00830017 169.983
0.00727121 172.878
0.00624699 175.301
0.00522648 177.352
0.0042089 179.11
0.00319367 180.633
0.00218032 181.968
0.00116851 183.149
0.000157951 184.205
-0.000850391 185.039
-0.00185747 185.747
-0.00286374 186.374
-0.00386933 186.933
-0.00487435 187.435
-0.00587888 187.888
-0.006883 188.3
-0.00788677 188.677
-0.00889024 189.024
-0.00989345 189.345
-0.0108964 189.644
-0.0118993 189.925
-0.0129019 190.19
-0.0139044 190.442
-0.0149068 190.681
-0.0159091 190.912
-0.0169113 191.134
-0.0179135 191.349
-0.0189156 191.559
-0.0199176 191.764
-0.0209197 191.966
-0.0219217 192.165
-0.0229236 192.362
-0.0239256 192.557
-0.0249275 192.751
-0.0259294 192.944
-0.0269314 193.138
-0.0279334 193.343
-0.0289357 193.57
-0.0299382 193.82
-0.030941 194.097
-0.031942 194.199
-0.0329433 194.326
-0.033945 194.498
-0.0349473 194.725
-0.0359502 195.021
-0.0369541 195.408
-0.0353638 136.388
-0.033822 82.2144
-0.0323468 34.6916
-0.0309477 -5.22769
-0.0296251 -37.4862
-0.0283716 -62.8366
-0.0271751 -82.492
-0.0260226 -97.7364
-0.0249032 -109.681
-0.0238088 -119.117
-0.0227325 -126.747
-0.0216696 -133.037
-0.0206168 -138.323
-0.0195715 -142.846
-0.0185321 -146.782
-0.0174974 -150.259
-0.0164662 -153.374
-0.015438 -156.2
-0.0144121 -158.792
-0.013388 -161.195
-0.0123656 -163.441
-0.0113444 -165.559
-0.0103243 -167.569
-0.00930509 -169.49
-0.00828664 -171.336
-0.00726881 -173.119
-0.00625152 -174.848
-0.00523468 -176.532
-0.00421821 -178.178
-0.00320207 -179.793
-0.00218619 -181.381
-0.00117054 -182.946
-0.00015507 -184.493
0.000860248 -186.025
0.00187545 -187.544
0.00289055 -189.055
0.00390558 -190.558
0.00492055 -192.055
0.0059355 -193.55
0.00695042 -195.042
0.00796486 -196.486
0.00897864 -197.863
0.00999252 -199.252
0.0110065 -200.652
0.0120207 -202.068
0.013035 -203.501
0.0140495 -204.954
0.0150643 -206.429
0.0160793 -207.931
0.0170946 -209.461
0.0181102 -211.024
0.0191262 -212.622
0.0201426 -214.26
0.0211594 -215.941
0.0221767 -217.672
0.0231883 -218.829
0.024196 -219.597
0.0252036 -220.359
0.0262111 -221.114
0.0272186 -221.864
0.0282267 -222.67
0.0292369 -223.685
0.0302526 -225.259
0.0312726 -227.261
0.0322726 -227.26
0.0332726 -227.26
0.0342726 -227.259
0.0352726 -227.258
0.0362726 -227.257
0.0372726 -227.256
0.0356557 -165.387
0.0340987 -109.868
0.0325959 -59.5927
0.0311548 -15.4776
0.0297786 22.143
0.0284657 53.4279
0.0272105 78.9471
0.0260049 99.5131
0.02484 116.003
0.0237077 129.233
0.022601 139.896
0.0215145 148.554
0.0204439 155.611
0.0193865 161.347
0.018339 166.093
0.0172995 170.051
0.0162662 173.375
0.0152381 176.185
0.0142142 178.574
0.0131938 180.617
0.0121763 182.372
0.0111611 183.886
0.010148 185.199
0.0091366 186.339
0.00812665 187.335
0.00711795 188.205
0.00611032 188.968
0.00510361 189.638
0.00409771 190.229
0.0030925 190.749
0.00208791 191.209
0.00108384 191.616
8.02441e-05 191.975
-0.000922942 192.294
-0.00192577 192.577
-0.00292827 192.827
-0.00393049 193.049
-0.00493246 193.246
-0.00593421 193.421
-0.00693577 193.577
-0.00793714 193.714
-0.00893837 193.836
-0.00993945 193.945
-0.0109404 194.041
-0.0119402 194.018
-0.0129388 193.882
-0.0139374 193.743
-0.014936 193.602
-0.0159346 193.46
-0.0169332 193.318
-0.0179317 193.175
-0.0189303 193.032
-0.0199289 192.89
-0.0209275 192.75
-0.0219261 192.611
-0.0229247 192.473
-0.0239234 192.338
-0.024922 192.204
-0.0259207 192.073
-0.0269194 191.945
-0.0279182 191.819
-0.028917 191.696
-0.0299158 191.575
-0.0309146 191.458
-0.0319134 191.344
-0.0329123 191.233
-0.0339113 191.125
-0.0349102 191.02
-0.0359092 190.919
-0.0369082 190.821
-0.0379073 190.727
-0.0389064 190.641
-0.0399056 190.56
-0.0409049 190.485
-0.0419042 190.417
-0.0429035 190.354
-0.043903 190.296
-0.0449024 190.245
-0.045902 190.198
-0.0469016 190.158
-0.0453267 133.259
-0.0438099 81.0055
-0.042355 35.5111
-0.0409689 -3.10393
-0.0396496 -35.0352
-0.0383905 -60.951
-0.0371822 -81.7789
-0.0360151 -98.4868
-0.0348805 -111.946
-0.0337712 -122.878
-0.0326815 -131.85
-0.031607 -139.299
-0.0305444 -145.556
-0.0294913 -150.873
-0.0284456 -155.44
-0.0274059 -159.405
-0.0263711 -162.881
-0.0253404 -165.956
-0.024313 -168.701
-0.0232883 -171.17
-0.0222659 -173.407
-0.0212455 -175.45
-0.0202267 -177.326
-0.0192094 -179.062
-0.0181932 -180.676
-0.0171781 -182.186
-0.0161639 -183.605
-0.0151505 -184.947
-0.0141378 -186.22
-0.0131257 -187.435
-0.012114 -188.598
-0.0111028 -189.716
-0.010092 -190.795
-0.00908159 -191.841
-0.00807143 -192.857
-0.00706153 -193.847
-0.00605184 -194.816
-0.00504233 -195.767
-0.00403299 -196.701
-0.0030248 -197.52
-0.00201749 -198.251
-0.00101033 -198.967
-3.31004e-06 -199.669
0.00100359 -200.359
0.00201039 -201.039
0.00301711 -201.711
0.00402374 -202.374
0.00503031 -203.031
0.00603682 -203.682
0.00704329 -204.329
0.00804973 -204.973
0.00905614 -205.614
0.0100625 -206.253
0.0110689 -206.892
0.0120753 -207.53
0.0130817 -208.168
0.0140881 -208.808
0.0150945 -209.449
0.0161009 -210.092
0.0171074 -210.738
0.0181139 -211.388
0.0191204 -212.042
0.020127 -212.699
0.0211336 -213.362
0.0221403 -214.03
0.023147 -214.703
0.0241538 -215.383
0.0251607 -216.069
0.0261676 -216.761
0.0271746 -217.461
0.0281817 -218.168
0.0291875 -218.75
0.0301935 -219.349
0.0311997 -219.967
0.032206 -220.605
0.0332126 -221.265
0.0342195 -221.948
0.0352266 -222.657
0.0362339 -223.394
0.0372416 -224.161
0.0382496 -224.962
0.039258 -225.801
0.0402668 -226.68
0.041276 -227.605
0.0422858 -228.577
0.0432958 -229.579
0.0442957 -229.574
0.0452957 -229.569
0.0462956 -229.564
0.0472956 -229.558
0.0456695 -166.193
0.0441381 -113.814
0.0426704 -67.0416
0.0412664 -26.6459
0.0399251 7.48999
0.0386414 35.8597
0.0374081 59.188
0.0362172 78.2786
0.035061 93.9012
0.0339327 106.73
0.0328267 117.325
0.0317386 126.137
0.0306648 133.521
0.0296024 139.755
0.0285494 145.059
0.0275039 149.602
0.0264647 153.522
0.0254307 156.923
0.024401 159.893
0.023375 162.5
0.022352 164.799
0.0213316 166.838
0.0203135 168.652
0.0192973 170.273
0.0182827 171.727
0.0172696 173.036
0.0162578 174.219
0.0152471 175.29
0.0142374 176.263
0.0132285 177.15
0.0122204 177.96
0.011213 178.701
0.0102062 179.382
0.00919991 180.009
0.0081955 180.449
0.00719209 180.791
0.00618902 181.098
0.00518627 181.373
0.00418379 181.62
0.00318157 181.842
0.00217957 182.042
0.00117778 182.222
0.000176158 182.384
-0.0008253 182.53
-0.00182661 182.661
-0.0028278 182.78
-0.00382887 182.887
-0.00482983 182.983
-0.00583071 183.071
-0.0068315 183.15
-0.00783221 183.221
-0.00883286 183.286
-0.00983346 183.345
-0.010834 183.399
-0.0118345 183.449
-0.0128349 183.494
-0.0138354 183.536
-0.0148357 183.574
-0.0158361 183.61
-0.0168364 183.644
-0.0178368 183.675
-0.0188371 183.705
-0.0198373 183.734
-0.0208376 183.761
-0.0218379 183.787
-0.0228381 183.813
-0.0238384 183.839
-0.0248386 183.864
-0.0258389 183.888
-0.0268391 183.913
-0.0278394 183.938
-0.0288396 183.964
-0.0298399 183.99
-0.0308402 184.016
-0.0318404 184.043
-0.0328407 184.071
-0.033841 184.099
-0.0348413 184.128
-0.0358416 184.159
-0.0368419 184.19
-0.0378422 184.223
-0.0388426 184.256
-0.0398429 184.291
-0.0408433 184.327
-0.0418436 184.364
-0.042844 184.403
-0.0438444 184.443
-0.0448448 184.484
-0.0458453 184.527
-0.0468457 184.571
-0.0478462 184.618
-0.0488467 184.668
-0.0498472 184.721
-0.0508478 184.778
-0.0518484 184.838
-0.052849 184.902
-0.0538497 184.968
-0.0548504 185.038
-0.0558511 185.111
-0.0568519 185.187
-0.0552966 129.806
-0.053809 80.8963
-0.0523914 39.198
-0.0510435 4.3575
-0.0497576 -24.2363
-0.0485248 -47.5142
-0.0473356 -66.4357
-0.0461813 -81.8739
-0.0450544 -94.5612
-0.0439492 -105.083
-0.042861 -113.897
-0.0417864 -121.356
-0.0407227 -127.732
-0.0396677 -133.232
-0.0386198 -138.021
-0.0375778 -142.225
-0.0365406 -145.944
-0.0355074 -149.258
-0.0344777 -152.231
-0.0334508 -154.915
-0.0324264 -157.352
-0.0314042 -159.577
-0.0303838 -161.618
-0.029365 -163.5
-0.0283475 -165.243
-0.0273313 -166.864
-0.0263162 -168.378
-0.025302 -169.797
-0.0242887 -171.131
-0.0232761 -172.391
-0.0222642 -173.583
-0.0212528 -174.716
-0.020242 -175.796
-0.0192317 -176.827
-0.0182218 -177.815
-0.0172124 -178.764
-0.0162032 -179.678
-0.0151944 -180.56
-0.0141859 -181.414
-0.0131776 -182.241
-0.0121695 -183.045
-0.0111617 -183.828
-0.0101541 -184.592
-0.00914661 -185.339
-0.0081393 -186.07
-0.00713213 -186.787
-0.00612508 -187.492
-0.00511814 -188.186
-0.0041113 -188.87
-0.00310454 -189.546
-0.00209786 -190.214
-0.00109125 -190.875
-8.46849e-05 -191.531
0.00092183 -192.183
0.00192831 -192.831
0.00293476 -193.476
0.00394118 -194.118
0.0049476 -194.76
0.00595401 -195.401
0.00696042 -196.042
0.00796683 -196.683
0.00897326 -197.326
0.00997971 -197.971
0.0109862 -198.619
0.0119927 -199.27
0.0129993 -199.925
0.0140058 -200.585
0.0150125 -201.25
0.0160192 -201.92
0.0170251 -202.513
0.0180301 -203.014
0.0190352 -203.517
0.0200402 -204.021
0.0210453 -204.527
0.0220504 -205.035
0.0230555 -205.546
0.0240606 -206.059
0.0250658 -206.575
0.0260709 -207.094
0.0270762 -207.617
0.0280814 -208.144
0.0290868 -208.675
0.0300921 -209.211
0.0310975 -209.751
0.032103 -210.296
0.0331085 -210.847
0.034114 -211.403
0.0351197 -211.965
0.0361253 -212.533
0.0371311 -213.108
0.0381369 -213.689
0.0391428 -214.277
0.0401487 -214.872
0.0411547 -215.474
0.0421608 -216.084
0.043167 -216.702
0.0441733 -217.328
0.0451796 -217.962
0.0461861 -218.605
0.0471926 -219.256
0.0481992 -219.917
0.0492055 -220.552
0.050211 -221.105
0.0512168 -221.678
0.0522227 -222.273
0.0506253 -161.98
0.0491254 -112.543
0.0476938 -69.3815
0.0463264 -32.6439
0.0450182 -1.82532
0.043762 23.7972
0.0425498 45.0212
0.0413739 62.6123
0.0402275 77.2463
0.0391051 89.4899
0.038002 99.8037
0.0369144 108.555
0.0358396 116.037
0.0347752 122.479
0.0337194 128.065
0.0326706 132.94
0.0316277 137.22
0.0305899 141.001
0.0295564 144.357
0.0285264 147.352
0.0274996 150.037
0.0264754 152.453
0.0254536 154.638
0.0244349 156.512
0.0234185 158.151
0.0224036 159.635
0.0213902 160.982
0.0203779 162.208
0.0193667 163.327
0.0183565 164.351
0.0173471 165.289
0.0163385 166.152
0.0153305 166.947
0.0143232 167.68
0.0133164 168.358
0.0123101 168.987
0.0113043 169.57
0.0102989 170.112
0.00929382 170.617
0.00828911 171.089
0.0072847 171.529
0.00628058 171.942
0.00527671 172.329
0.00427307 172.692
0.00326965 173.034
0.00226643 173.357
0.00126338 173.661
0.000260504 173.949
-0.000742223 174.222
-0.00174481 174.481
