-0.000166701 -0.0001
-0.000333404 -0.0002
-0.00050011 -0.0003
-0.000666818 -0.0004
-0.000833528 -0.0005
-0.00100024 -0.0006
-0.00116695 -0.0007
-0.00133367 -0.0008
-0.00150039 -0.0009
-0.00166711 -0.001
-0.00183383 -0.0011
-0.00200056 -0.0012
-0.00216728 -0.0013
-0.002334 -0.0014
-0.00250072 -0.0015
-0.00266742 -0.0016
-0.00283409 -0.0017
-0.00300072 -0.0018
-0.00316727 -0.0019
-0.00333368 -0.002
-0.00349988 -0.0021
-0.00366574 -0.0022
-0.0038311 -0.0023
-0.00399567 -0.0024
-0.00415907 -0.0025
-0.00432072 -0.0026
-0.00447978 -0.0027
-0.004635 -0.0028
-0.00478464 -0.0029
-0.00492648 -0.003
-0.00505839 -0.0031
-0.0051797 -0.0032
-0.0052922 -0.0033
-0.00539895 -0.0034
-0.00550255 -0.0035
-0.00560456 -0.0036
-0.00570578 -0.0037
-0.00580662 -0.0038
-0.00590726 -0.0039
-0.0060078 -0.004
-0.00610827 -0.0041
-0.00620872 -0.0042
-0.00630915 -0.0043
-0.00640957 -0.0044
-0.00650998 -0.0045
-0.00661039 -0.0046
-0.00671079 -0.0047
-0.0068112 -0.0048
-0.0069116 -0.0049
-0.00701201 -0.005
-0.00684661 -0.0049
-0.00668124 -0.0048
-0.00651589 -0.0047
-0.0063506 -0.0046
-0.00618535 -0.0045
-0.00602018 -0.0044
-0.00585508 -0.0043
-0.00569006 -0.0042
-0.00552514 -0.0041
-0.00536032 -0.004
-0.00519562 -0.0039
-0.00503104 -0.0038
-0.00486659 -0.0037
-0.00470228 -0.0036
-0.00453812 -0.0035
-0.00437411 -0.0034
-0.00421028 -0.0033
-0.00404663 -0.0032
-0.00388316 -0.0031
-0.00371989 -0.003
-0.00355682 -0.0029
-0.00339398 -0.0028
-0.00323136 -0.0027
-0.00306898 -0.0026
-0.00290684 -0.0025
-0.00274497 -0.0024
-0.00258337 -0.0023
-0.00242205 -0.0022
-0.00226102 -0.0021
-0.00210031 -0.002
-0.00193991 -0.0019
-0.00177984 -0.0018
-0.00162012 -0.0017
-0.00146075 -0.0016
-0.00130177 -0.0015
-0.00114317 -0.0014
-0.000984971 -0.0013
-0.000827195 -0.0012
-0.000669857 -0.0011
-0.000512973 -0.001
-0.000356562 -0.0009
-0.000200642 -0.0008
-4.52322e-05 -0.0007
0.000109646 -0.0006
0.000263971 -0.0005
0.000417721 -0.0004
0.000570872 -0.0003
0.0007234 -0.0002
0.000875278 -0.0001
0.00102648 -2.43919e-19
0.00117697 0.0001
0.00132673 0.0002
0.00147573 0.0003
0.00162392 0.0004
0.00177127 0.0005
0.00191775 0.0006
0.00206331 0.0007
0.00220791 0.0008
0.00235151 0.0009
0.00249406 0.001
0.00263551 0.0011
0.00277579 0.0012
0.00291486 0.0013
0.00305265 0.0014
0.00318908 0.0015
0.0033241 0.0016
0.00345761 0.0017
0.00358953 0.0018
0.00371977 0.0019
0.00384822 0.002
0.00397479 0.0021
0.00409933 0.0022
0.00422174 0.0023
0.00434184 0.0024
0.0044595 0.0025
0.00457452 0.0026
0.00468672 0.0027
0.00479586 0.0028
0.00490171 0.0029
0.00500397 0.003
0.00510399 0.0031
0.00520399 0.0032
0.00530399 0.0033
0.00540399 0.0034
0.00550399 0.0035
0.00560399 0.0036
0.00570399 0.0037
0.00580399 0.0038
0.00590399 0.0039
0.00600399 0.004
0.00610399 0.0041
0.00620399 0.0042
0.00630399 0.0043
0.00640398 0.0044
0.00650398 0.0045
0.00660397 0.0046
0.00670396 0.0047
0.00680394 0.0048
0.00690392 0.0049
0.0070039 0.005
0.00683882 0.0049
0.00667378 0.0048
0.00650878 0.0047
0.00634384 0.0046
0.00617899 0.0045
0.00601425 0.0044
0.00584961 0.0043
0.00568511 0.0042
0.00552076 0.0041
0.00535656 0.004
0.00519254 0.0039
0.00502871 0.0038
0.00486508 0.0037
0.00470167 0.0036
0.00453849 0.0035
0.00437555 0.0034
0.00421288 0.0033
0.00405047 0.0032
0.00388835 0.0031
0.00372653 0.003
0.00356503 0.0029
0.00340386 0.0028
0.00324303 0.0027
0.00308256 0.0026
0.00292246 0.0025
0.00276275 0.0024
0.00260345 0.0023
0.00244456 0.0022
0.00228611 0.0021
0.0021281 0.002
0.00197057 0.0019
0.00181351 0.0018
0.00165695 0.0017
0.0015009 0.0016
0.00134538 0.0015
0.00119041 0.0014
0.001036 0.0013
0.000882171 0.0012
0.000728937 0.0011
0.000576317 0.001
0.000424326 0.0009
0.000272983 0.0008
0.000122304 0.0007
-2.7694e-05 0.0006
-0.000176993 0.0005
-0.000325578 0.0004
-0.000473429 0.0003
-0.000620532 0.0002
-0.000766869 0.0001
-0.000912423 2.30393e-19
-0.00105718 -0.0001
-0.00120112 -0.0002
-0.00134423 -0.0003
-0.0014865 -0.0004
-0.00162791 -0.0005
-0.00176844 -0.0006
-0.00190808 -0.0007
-0.00204682 -0.0008
-0.00218465 -0.0009
-0.00232155 -0.001
-0.00245751 -0.0011
-0.00259253 -0.0012
-0.00272659 -0.0013
-0.00285968 -0.0014
-0.00299179 -0.0015
-0.00312293 -0.0016
-0.00325308 -0.0017
-0.00338223 -0.0018
-0.00351039 -0.0019
-0.00363755 -0.002
-0.00376371 -0.0021
-0.00388887 -0.0022
-0.00401303 -0.0023
-0.00413619 -0.0024
-0.00425835 -0.0025
-0.00437952 -0.0026
-0.00449971 -0.0027
-0.00461891 -0.0028
-0.00473713 -0.0029
-0.00485439 -0.003
-0.0049707 -0.0031
-0.00508605 -0.0032
-0.00520047 -0.0033
-0.00531396 -0.0034
-0.00542654 -0.0035
-0.00553822 -0.0036
-0.00564902 -0.0037
-0.00575894 -0.0038
-0.00586801 -0.0039
-0.00597623 -0.004
-0.00608364 -0.0041
-0.00619023 -0.0042
-0.00629603 -0.0043
-0.00640106 -0.0044
-0.00650533 -0.0045
-0.00660885 -0.0046
-0.00671166 -0.0047
-0.00681376 -0.0048
-0.00691517 -0.0049
-0.00701591 -0.005
-0.00711629 -0.0051
-0.00721666 -0.0052
-0.00731779 -0.0053
-0.00741839 -0.0054
-0.007519 -0.0055
-0.0076196 -0.0056
-0.00772021 -0.0057
-0.00782081 -0.0058
-0.00792142 -0.0059
-0.00802203 -0.006
-0.00812264 -0.0061
-0.00822324 -0.0062
-0.00832385 -0.0063
-0.00842446 -0.0064
-0.00852507 -0.0065
-0.00862568 -0.0066
-0.00872629 -0.0067
-0.0088269 -0.0068
-0.00892751 -0.0069
-0.00902812 -0.007
-0.00912873 -0.0071
-0.00922934 -0.0072
-0.00932995 -0.0073
-0.00943056 -0.0074
-0.00953118 -0.0075
-0.00963179 -0.0076
-0.0097324 -0.0077
-0.00983301 -0.0078
-0.00993363 -0.0079
-0.0100342 -0.008
-0.0101349 -0.0081
-0.0102355 -0.0082
-0.0103361 -0.0083
-0.0104367 -0.0084
-0.0105373 -0.0085
-0.0106379 -0.0086
-0.0107385 -0.0087
-0.0108392 -0.0088
-0.0109398 -0.0089
-0.0110404 -0.009
-0.011141 -0.0091
-0.0112416 -0.0092
-0.0113423 -0.0093
-0.0114429 -0.0094
-0.0115435 -0.0095
-0.0116441 -0.0096
-0.0117447 -0.0097
-0.0118454 -0.0098
-0.011946 -0.0099
-0.0120466 -0.01
-0.0121472 -0.0101
-0.0122478 -0.0102
-0.0123485 -0.0103
-0.0124491 -0.0104
-0.0125497 -0.0105
-0.0126503 -0.0106
-0.012751 -0.0107
-0.0128516 -0.0108
-0.0129522 -0.0109
-0.0130528 -0.011
-0.0131535 -0.0111
-0.0132541 -0.0112
-0.0133547 -0.0113
-0.0134553 -0.0114
-0.013556 -0.0115
-0.0136566 -0.0116
-0.0137572 -0.0117
-0.0138578 -0.0118
-0.0139585 -0.0119
-0.0140591 -0.012
-0.0141597 -0.0121
-0.0142604 -0.0122
-0.014361 -0.0123
-0.0144616 -0.0124
-0.0145622 -0.0125
-0.0146629 -0.0126
-0.0147635 -0.0127
-0.0148641 -0.0128
-0.0149648 -0.0129
-0.0150654 -0.013
-0.015166 -0.0131
-0.0152667 -0.0132
-0.0153673 -0.0133
-0.0154679 -0.0134
-0.0155686 -0.0135
-0.0156692 -0.0136
-0.0157698 -0.0137
-0.0158705 -0.0138
-0.0159711 -0.0139
-0.0160718 -0.014
-0.0161724 -0.0141
-0.016273 -0.0142
-0.0163737 -0.0143
-0.0164743 -0.0144
-0.0165749 -0.0145
-0.0166756 -0.0146
-0.0167762 -0.0147
-0.0168769 -0.0148
-0.0169775 -0.0149
-0.0170781 -0.015
-0.0169139 -0.0149
-0.0167497 -0.0148
-0.0165856 -0.0147
-0.0164216 -0.0146
-0.0162577 -0.0145
-0.016094 -0.0144
-0.0159304 -0.0143
-0.0157671 -0.0142
-0.015604 -0.0141
-0.0154411 -0.014
-0.0152785 -0.0139
-0.0151161 -0.0138
-0.014954 -0.0137
-0.0147923 -0.0136
-0.0146309 -0.0135
-0.0144698 -0.0134
-0.0143091 -0.0133
-0.0141488 -0.0132
-0.0139888 -0.0131
-0.0138293 -0.013
-0.0136702 -0.0129
-0.0135116 -0.0128
-0.0133534 -0.0127
-0.0131958 -0.0126
-0.0130386 -0.0125
-0.0128819 -0.0124
-0.0127258 -0.0123
-0.0125702 -0.0122
-0.0124152 -0.0121
-0.0122608 -0.012
-0.012107 -0.0119
-0.0119538 -0.0118
-0.0118012 -0.0117
-0.0116493 -0.0116
-0.0114981 -0.0115
-0.0113475 -0.0114
-0.0111976 -0.0113
-0.0110484 -0.0112
-0.0109 -0.0111
-0.0107523 -0.011
-0.0106053 -0.0109
-0.0104591 -0.0108
-0.0103136 -0.0107
-0.0101689 -0.0106
-0.010025 -0.0105
-0.0098819 -0.0104
-0.00973959 -0.0103
-0.00959809 -0.0102
-0.0094574 -0.0101
-0.00931754 -0.01
-0.00917849 -0.0099
-0.00904027 -0.0098
-0.00890287 -0.0097
-0.0087663 -0.0096
-0.00863056 -0.0095
-0.00849564 -0.0094
-0.00836155 -0.0093
-0.00822827 -0.0092
-0.00809581 -0.0091
-0.00796416 -0.009
-0.00783332 -0.0089
-0.00770327 -0.0088
-0.007574 -0.0087
-0.00744552 -0.0086
-0.00731781 -0.0085
-0.00719085 -0.0084
-0.00706465 -0.0083
-0.00693918 -0.0082
-0.00681444 -0.0081
-0.00669041 -0.008
-0.00656707 -0.0079
-0.00644443 -0.0078
-0.00632245 -0.0077
-0.00620113 -0.0076
-0.00608045 -0.0075
-0.0059604 -0.0074
-0.00584096 -0.0073
-0.00572212 -0.0072
-0.00560386 -0.0071
-0.00548616 -0.007
-0.00536902 -0.0069
-0.00525242 -0.0068
-0.00513634 -0.0067
-0.00502077 -0.0066
-0.00490569 -0.0065
-0.00479109 -0.0064
-0.00467696 -0.0063
-0.00456327 -0.0062
-0.00445003 -0.0061
-0.0043372 -0.006
-0.00422479 -0.0059
-0.00411278 -0.0058
-0.00400115 -0.0057
-0.00388989 -0.0056
-0.00377899 -0.0055
-0.00366845 -0.0054
-0.00355824 -0.0053
-0.00344836 -0.0052
-0.00333879 -0.0051
-0.00322953 -0.005
-0.00312057 -0.0049
-0.00301189 -0.0048
-0.00290349 -0.0047
-0.00279535 -0.0046
-0.00268747 -0.0045
-0.00257985 -0.0044
-0.00247246 -0.0043
-0.00236531 -0.0042
-0.00225839 -0.0041
-0.00215168 -0.004
-0.00204518 -0.0039
-0.00193889 -0.0038
-0.00183279 -0.0037
-0.00172689 -0.0036
-0.00162117 -0.0035
-0.00151562 -0.0034
-0.00141025 -0.0033
-0.00130505 -0.0032
-0.00120001 -0.0031
-0.00109512 -0.003
-0.000990386 -0.0029
-0.000885797 -0.0028
-0.000781349 -0.0027
-0.000677038 -0.0026
-0.00057286 -0.0025
-0.000468809 -0.0024
-0.000364883 -0.0023
-0.000261077 -0.0022
-0.000157388 -0.0021
-5.38115e-05 -0.002
4.96558e-05 -0.0019
0.000153017 -0.0018
0.000256276 -0.0017
0.000359435 -0.0016
0.000462498 -0.0015
0.000565468 -0.0014
0.000668346 -0.0013
0.000771137 -0.0012
0.000873843 -0.0011
0.000976466 -0.001
0.00107901 -0.0009
0.00118147 -0.0008
0.00128386 -0.0007
0.00138618 -0.0006
0.00148842 -0.0005
0.0015906 -0.0004
0.00169271 -0.0003
0.00179475 -0.0002
0.00189673 -0.0001
0.00199865 -2.43945e-19
0.0021005 0.0001
0.0022023 0.0002
0.00230405 0.0003
0.00240573 0.0004
0.00250737 0.0005
0.00260895 0.0006
0.00271048 0.0007
0.00281197 0.0008
0.0029134 0.0009
0.00301479 0.001
0.00311613 0.0011
0.00321743 0.0012
0.00331869 0.0013
0.0034199 0.0014
0.00352107 0.0015
0.00362221 0.0016
0.0037233 0.0017
0.00382436 0.0018
0.00392538 0.0019
0.00402636 0.002
0.00412731 0.0021
0.00422823 0.0022
0.00432911 0.0023
0.00442996 0.0024
0.00453078 0.0025
0.00463156 0.0026
0.00473232 0.0027
0.00483305 0.0028
0.00493375 0.0029
0.00503442 0.003
0.00513506 0.0031
0.00523568 0.0032
0.00533627 0.0033
0.00543684 0.0034
0.00553738 0.0035
0.0056379 0.0036
0.00573839 0.0037
0.00583887 0.0038
0.00593931 0.0039
0.00603974 0.004
0.00614014 0.0041
0.00624053 0.0042
0.00634089 0.0043
0.00644124 0.0044
0.00654156 0.0045
0.00664186 0.0046
0.00674215 0.0047
0.00684242 0.0048
0.00694266 0.0049
0.0070429 0.005
0.00714311 0.0051
0.00724333 0.0052
0.00734354 0.0053
0.00744376 0.0054
0.00754398 0.0055
0.00764419 0.0056
0.00774441 0.0057
0.00784463 0.0058
0.00794484 0.0059
0.00804506 0.006
0.00814528 0.0061
0.00824549 0.0062
0.00834571 0.0063
0.00844593 0.0064
0.00854615 0.0065
0.00864636 0.0066
0.00874658 0.0067
0.0088468 0.0068
0.00894702 0.0069
0.00904724 0.007
0.00914745 0.0071
0.00924767 0.0072
0.00934789 0.0073
0.00944811 0.0074
0.00954833 0.0075
0.00964855 0.0076
0.00974877 0.0077
0.00984899 0.0078
0.00994921 0.0079
0.0100494 0.008
0.0101496 0.0081
0.0102499 0.0082
0.0103501 0.0083
0.0104503 0.0084
0.0105505 0.0085
0.0106508 0.0086
0.010751 0.0087
0.0108512 0.0088
0.0109514 0.0089
0.0110516 0.009
0.0111519 0.0091
0.0112521 0.0092
0.0113523 0.0093
0.0114525 0.0094
0.0115527 0.0095
0.011653 0.0096
0.0117532 0.0097
0.0118534 0.0098
0.0119536 0.0099
0.0120539 0.01
0.0121541 0.0101
0.0122543 0.0102
0.0123545 0.0103
0.0124548 0.0104
0.012555 0.0105
0.0126552 0.0106
0.0127554 0.0107
0.0128557 0.0108
0.0129559 0.0109
0.0130561 0.011
0.0131563 0.0111
0.0132566 0.0112
0.0133568 0.0113
0.013457 0.0114
0.0135572 0.0115
0.0136575 0.0116
0.0137577 0.0117
0.0138579 0.0118
0.0139581 0.0119
0.0140584 0.012
0.0141586 0.0121
0.0142588 0.0122
0.0143591 0.0123
0.0144593 0.0124
0.0145595 0.0125
0.0146597 0.0126
0.01476 0.0127
0.0148602 0.0128
0.0149604 0.0129
0.0150607 0.013
0.0151609 0.0131
0.0152611 0.0132
0.0153613 0.0133
0.0154616 0.0134
0.0155618 0.0135
0.015662 0.0136
0.0157623 0.0137
0.0158625 0.0138
0.0159627 0.0139
0.016063 0.014
0.0161632 0.0141
0.0162634 0.0142
0.0163637 0.0143
0.0164639 0.0144
0.0165641 0.0145
0.0166644 0.0146
0.0167646 0.0147
0.0168648 0.0148
0.0169651 0.0149
0.0170653 0.015
0.0169023 0.0149
0.0167394 0.0148
0.0165765 0.0147
0.0164138 0.0146
0.0162513 0.0145
0.016089 0.0144
0.0159268 0.0143
0.0157649 0.0142
0.0156033 0.0141
0.0154419 0.014
0.0152809 0.0139
0.0151201 0.0138
0.0149597 0.0137
0.0147997 0.0136
0.01464 0.0135
0.0144807 0.0134
0.0143218 0.0133
0.0141633 0.0132
0.0140053 0.0131
0.0138477 0.013
0.0136906 0.0129
0.0135341 0.0128
0.013378 0.0127
0.0132224 0.0126
0.0130674 0.0125
0.012913 0.0124
0.0127591 0.0123
0.0126058 0.0122
0.0124531 0.0121
0.0123011 0.012
0.0121496 0.0119
0.0119989 0.0118
0.0118487 0.0117
0.0116993 0.0116
0.0115506 0.0115
0.0114025 0.0114
0.0112552 0.0113
0.0111085 0.0112
0.0109626 0.0111
0.0108175 0.011
0.0106731 0.0109
0.0105294 0.0108
0.0103866 0.0107
0.0102445 0.0106
0.0101031 0.0105
0.00996256 0.0104
0.00982279 0.0103
0.0096838 0.0102
0.00954559 0.0101
0.00940818 0.01
0.00927155 0.0099
0.00913571 0.0098
0.00900065 0.0097
0.00886637 0.0096
0.00873288 0.0095
0.00860015 0.0094
0.00846819 0.0093
0.00833699 0.0092
0.00820654 0.0091
0.00807684 0.009
0.00794788 0.0089
0.00781964 0.0088
0.00769212 0.0087
0.0075653 0.0086
0.00743918 0.0085
0.00731375 0.0084
0.00718899 0.0083
0.00706489 0.0082
0.00694143 0.0081
0.00681861 0.008
0.00669641 0.0079
0.00657481 0.0078
0.00645381 0.0077
0.0063334 0.0076
0.00621354 0.0075
0.00609424 0.0074
0.00597548 0.0073
0.00585724 0.0072
0.00573952 0.0071
0.00562229 0.007
0.00550554 0.0069
0.00538927 0.0068
0.00527345 0.0067
0.00515808 0.0066
0.00504314 0.0065
0.00492862 0.0064
0.00481451 0.0063
0.00470079 0.0062
0.00458745 0.0061
0.00447449 0.006
0.00436188 0.0059
0.00424963 0.0058
0.00413771 0.0057
0.00402612 0.0056
0.00391485 0.0055
0.00380388 0.0054
0.00369321 0.0053
0.00358283 0.0052
0.00347273 0.0051
0.0033629 0.005
0.00325333 0.0049
0.00314402 0.0048
0.00303495 0.0047
0.00292612 0.0046
0.00281752 0.0045
0.00270914 0.0044
0.00260097 0.0043
0.00249302 0.0042
0.00238526 0.0041
0.0022777 0.004
0.00217034 0.0039
0.00206315 0.0038
0.00195614 0.0037
0.00184931 0.0036
0.00174264 0.0035
0.00163613 0.0034
0.00152978 0.0033
0.00142358 0.0032
0.00131753 0.0031
0.00121162 0.003
0.00110584 0.0029
0.0010002 0.0028
0.000894692 0.0027
0.000789308 0.0026
0.000684045 0.0025
0.0005789 0.0024
0.00047387 0.0023
0.000368951 0.0022
0.000264139 0.0021
0.000159432 0.002
5.48268e-05 0.0019
-4.96802e-05 0.0018
-0.000154092 0.0017
-0.000258411 0.0016
-0.000362639 0.0015
-0.00046678 0.0014
-0.000570837 0.0013
-0.00067481 0.0012
-0.000778704 0.0011
-0.00088252 0.001
-0.000986259 0.0009
-0.00108993 0.0008
-0.00119352 0.0007
-0.00129705 0.0006
-0.0014005 0.0005
-0.0015039 0.0004
-0.00160722 0.0003
-0.00171049 0.0002
-0.00181369 0.0001
-0.00191684 2.43945e-19
-0.00201993 -0.0001
-0.00212296 -0.0002
-0.00222594 -0.0003
-0.00232887 -0.0004
-0.00243174 -0.0005
-0.00253456 -0.0006
-0.00263734 -0.0007
-0.00274007 -0.0008
-0.00284275 -0.0009
-0.00294538 -0.001
-0.00304798 -0.0011
-0.00315052 -0.0012
-0.00325303 -0.0013
-0.0033555 -0.0014
-0.00345792 -0.0015
-0.00356031 -0.0016
-0.00366266 -0.0017
-0.00376497 -0.0018
-0.00386725 -0.0019
-0.00396949 -0.002
-0.0040717 -0.0021
-0.00417387 -0.0022
-0.00427601 -0.0023
-0.00437812 -0.0024
-0.0044802 -0.0025
-0.00458224 -0.0026
-0.00468426 -0.0027
-0.00478625 -0.0028
-0.00488821 -0.0029
-0.00499014 -0.003
-0.00509205 -0.0031
-0.00519392 -0.0032
-0.00529578 -0.0033
-0.0053976 -0.0034
-0.0054994 -0.0035
-0.00560118 -0.0036
-0.00570294 -0.0037
-0.00580467 -0.0038
-0.00590638 -0.0039
-0.00600806 -0.004
-0.00610973 -0.0041
-0.00621137 -0.0042
-0.00631299 -0.0043
-0.00641453 -0.0044
-0.00651494 -0.0045
-0.00661534 -0.0046
-0.00671573 -0.0047
-0.0068161 -0.0048
-0.00691646 -0.0049
-0.0070168 -0.005
-0.00711713 -0.0051
-0.00721745 -0.0052
-0.00731776 -0.0053
-0.00741805 -0.0054
-0.00751833 -0.0055
-0.0076186 -0.0056
-0.00771886 -0.0057
-0.00781911 -0.0058
-0.00791935 -0.0059
-0.00801957 -0.006
-0.00811979 -0.0061
-0.00822 -0.0062
-0.0083202 -0.0063
-0.00842038 -0.0064
-0.00852056 -0.0065
-0.00862073 -0.0066
-0.0087209 -0.0067
-0.00882105 -0.0068
-0.0089212 -0.0069
-0.00902134 -0.007
-0.00912147 -0.0071
-0.00922159 -0.0072
-0.00932171 -0.0073
-0.00942181 -0.0074
-0.00952192 -0.0075
-0.00962201 -0.0076
-0.0097221 -0.0077
-0.00982218 -0.0078
-0.00992226 -0.0079
-0.0100223 -0.008
-0.0101224 -0.0081
-0.0102225 -0.0082
-0.0103225 -0.0083
-0.0104226 -0.0084
-0.0105226 -0.0085
-0.0106226 -0.0086
-0.0107227 -0.0087
-0.0108227 -0.0088
-0.0109227 -0.0089
-0.0110227 -0.009
-0.0111228 -0.0091
-0.0112228 -0.0092
-0.0113228 -0.0093
-0.0114228 -0.0094
-0.0115228 -0.0095
-0.0116228 -0.0096
-0.0117228 -0.0097
-0.0118227 -0.0098
-0.0119227 -0.0099
-0.0120227 -0.01
-0.0121227 -0.0101
-0.0122227 -0.0102
-0.0123226 -0.0103
-0.0124226 -0.0104
-0.0125226 -0.0105
-0.0126225 -0.0106
-0.0127225 -0.0107
-0.0128224 -0.0108
-0.0129224 -0.0109
-0.0130223 -0.011
-0.0131223 -0.0111
-0.0132222 -0.0112
-0.0133222 -0.0113
-0.0134221 -0.0114
-0.0135221 -0.0115
-0.013622 -0.0116
-0.0137219 -0.0117
-0.0138219 -0.0118
-0.0139218 -0.0119
-0.0140217 -0.012
-0.0141217 -0.0121
-0.0142216 -0.0122
-0.0143215 -0.0123
-0.0144214 -0.0124
-0.0145214 -0.0125
-0.0146213 -0.0126
-0.0147212 -0.0127
-0.0148211 -0.0128
-0.014921 -0.0129
-0.0150209 -0.013
-0.0151209 -0.0131
-0.0152208 -0.0132
-0.0153207 -0.0133
-0.0154206 -0.0134
-0.0155205 -0.0135
-0.0156204 -0.0136
-0.0157203 -0.0137
-0.0158202 -0.0138
-0.0159201 -0.0139
-0.01602 -0.014
-0.0161199 -0.0141
-0.0162198 -0.0142
-0.0163197 -0.0143
-0.0164196 -0.0144
-0.0165195 -0.0145
-0.0166194 -0.0146
-0.0167193 -0.0147
-0.0168192 -0.0148
-0.0169191 -0.0149
-0.017019 -0.015
-0.0171189 -0.0151
-0.0172188 -0.0152
-0.0173187 -0.0153
-0.0174186 -0.0154
-0.0175185 -0.0155
-0.0176185 -0.0156
-0.0177184 -0.0157
-0.0178183 -0.0158
-0.0179182 -0.0159
-0.0180181 -0.016
-0.0181181 -0.0161
-0.018218 -0.0162
-0.0183179 -0.0163
-0.0184179 -0.0164
-0.0185178 -0.0165
-0.0186178 -0.0166
-0.0187177 -0.0167
-0.0188177 -0.0168
-0.0189176 -0.0169
-0.0190176 -0.017
-0.0191175 -0.0171
-0.0192175 -0.0172
-0.0193175 -0.0173
-0.0194174 -0.0174
-0.0195174 -0.0175
-0.0196174 -0.0176
-0.0197174 -0.0177
-0.0198173 -0.0178
-0.0199173 -0.0179
-0.0200173 -0.018
-0.0201173 -0.0181
-0.0202173 -0.0182
-0.0203173 -0.0183
-0.0204173 -0.0184
-0.0205173 -0.0185
-0.0206173 -0.0186
-0.0207172 -0.0187
-0.0208171 -0.0188
-0.0209169 -0.0189
-0.0210167 -0.019
-0.0211166 -0.0191
-0.0212164 -0.0192
-0.0213163 -0.0193
-0.0214161 -0.0194
-0.021516 -0.0195
-0.0216158 -0.0196
-0.0217157 -0.0197
-0.0218155 -0.0198
-0.0219154 -0.0199
-0.0220152 -0.02
-0.0221151 -0.0201
-0.022215 -0.0202
-0.0223148 -0.0203
-0.0224147 -0.0204
-0.0225146 -0.0205
-0.0226144 -0.0206
-0.0227143 -0.0207
-0.0228142 -0.0208
-0.022914 -0.0209
-0.0230139 -0.021
-0.0231138 -0.0211
-0.0232137 -0.0212
-0.0233135 -0.0213
-0.0234134 -0.0214
-0.0235133 -0.0215
-0.0236132 -0.0216
-0.0237131 -0.0217
-0.023813 -0.0218
-0.0239128 -0.0219
-0.0240127 -0.022
-0.0241126 -0.0221
-0.0242125 -0.0222
-0.0243124 -0.0223
-0.0244123 -0.0224
-0.0245122 -0.0225
-0.0246121 -0.0226
-0.024712 -0.0227
-0.0248119 -0.0228
-0.0249118 -0.0229
-0.0250117 -0.023
-0.0251116 -0.0231
-0.0252115 -0.0232
-0.0253114 -0.0233
-0.0254113 -0.0234
-0.0255113 -0.0235
-0.0256112 -0.0236
-0.0257111 -0.0237
-0.025811 -0.0238
-0.0259109 -0.0239
-0.0260108 -0.024
-0.0261108 -0.0241
-0.0262107 -0.0242
-0.0263106 -0.0243
-0.0264105 -0.0244
-0.0265105 -0.0245
-0.0266104 -0.0246
-0.0267103 -0.0247
-0.0268103 -0.0248
-0.0269102 -0.0249
-0.0270101 -0.025
-0.0268478 -0.0249
-0.0266856 -0.0248
-0.0265235 -0.0247
-0.0263617 -0.0246
-0.0262 -0.0245
-0.0260386 -0.0244
-0.0258774 -0.0243
-0.0257165 -0.0242
-0.0255559 -0.0241
-0.0253957 -0.024
-0.0252358 -0.0239
-0.0250763 -0.0238
-0.0249172 -0.0237
-0.0247584 -0.0236
-0.0246001 -0.0235
-0.0244423 -0.0234
-0.0242849 -0.0233
-0.024128 -0.0232
-0.0239716 -0.0231
-0.0238158 -0.023
-0.0236604 -0.0229
-0.0235057 -0.0228
-0.0233514 -0.0227
-0.0231978 -0.0226
-0.0230448 -0.0225
-0.0228923 -0.0224
-0.0227406 -0.0223
-0.0225894 -0.0222
-0.0224389 -0.0221
-0.0222891 -0.022
-0.0221399 -0.0219
-0.0219915 -0.0218
-0.0218437 -0.0217
-0.0216967 -0.0216
-0.0215503 -0.0215
-0.0214047 -0.0214
-0.0212599 -0.0213
-0.0211158 -0.0212
-0.0209724 -0.0211
-0.0208299 -0.021
-0.020688 -0.0209
-0.020547 -0.0208
-0.0204067 -0.0207
-0.0202672 -0.0206
-0.0201285 -0.0205
-0.0199905 -0.0204
-0.0198533 -0.0203
-0.0197169 -0.0202
-0.0195813 -0.0201
-0.0194464 -0.02
-0.0193123 -0.0199
-0.019179 -0.0198
-0.0190464 -0.0197
-0.0189146 -0.0196
-0.0187835 -0.0195
-0.0186531 -0.0194
-0.0185235 -0.0193
-0.0183946 -0.0192
-0.0182664 -0.0191
-0.0181388 -0.019
-0.018012 -0.0189
-0.0178858 -0.0188
-0.0177603 -0.0187
-0.0176355 -0.0186
-0.0175113 -0.0185
-0.0173877 -0.0184
-0.0172647 -0.0183
-0.0171424 -0.0182
-0.0170206 -0.0181
-0.0168994 -0.018
-0.0167787 -0.0179
-0.0166586 -0.0178
-0.0165391 -0.0177
-0.01642 -0.0176
-0.0163015 -0.0175
-0.0161834 -0.0174
-0.0160658 -0.0173
-0.0159487 -0.0172
-0.0158321 -0.0171
-0.0157159 -0.017
-0.0156001 -0.0169
-0.0154847 -0.0168
-0.0153698 -0.0167
-0.0152552 -0.0166
-0.015141 -0.0165
-0.0150272 -0.0164
-0.0149138 -0.0163
-0.0148007 -0.0162
-0.0146879 -0.0161
-0.0145755 -0.016
-0.0144633 -0.0159
-0.0143515 -0.0158
-0.01424 -0.0157
-0.0141288 -0.0156
-0.0140179 -0.0155
-0.0139072 -0.0154
-0.0137968 -0.0153
-0.0136866 -0.0152
-0.0135768 -0.0151
-0.0134672 -0.015
-0.0133578 -0.0149
-0.0132487 -0.0148
-0.0131398 -0.0147
-0.0130311 -0.0146
-0.0129226 -0.0145
-0.0128143 -0.0144
-0.0127062 -0.0143
-0.0125983 -0.0142
-0.0124906 -0.0141
-0.012383 -0.014
-0.0122756 -0.0139
-0.0121684 -0.0138
-0.0120613 -0.0137
-0.0119544 -0.0136
-0.0118477 -0.0135
-0.0117411 -0.0134
-0.0116346 -0.0133
-0.0115283 -0.0132
-0.0114221 -0.0131
-0.011316 -0.013
-0.01121 -0.0129
-0.0111042 -0.0128
-0.0109985 -0.0127
-0.0108929 -0.0126
-0.0107874 -0.0125
-0.010682 -0.0124
-0.0105767 -0.0123
-0.0104716 -0.0122
-0.0103665 -0.0121
-0.0102615 -0.012
-0.0101566 -0.0119
-0.0100518 -0.0118
-0.00994709 -0.0117
-0.00984246 -0.0116
-0.00973791 -0.0115
-0.00963344 -0.0114
-0.00952905 -0.0113
-0.00942473 -0.0112
-0.00932048 -0.0111
-0.00921631 -0.011
-0.0091122 -0.0109
-0.00900816 -0.0108
-0.00890419 -0.0107
-0.00880028 -0.0106
-0.00869643 -0.0105
-0.00859264 -0.0104
-0.00848891 -0.0103
-0.00838524 -0.0102
-0.00828162 -0.0101
-0.00817805 -0.01
-0.00807454 -0.0099
-0.00797107 -0.0098
-0.00786766 -0.0097
-0.00776429 -0.0096
-0.00766098 -0.0095
-0.0075577 -0.0094
-0.00745447 -0.0093
-0.00735129 -0.0092
-0.00724814 -0.0091
-0.00714504 -0.009
-0.00704197 -0.0089
-0.00693895 -0.0088
-0.00683596 -0.0087
-0.00673301 -0.0086
-0.0066301 -0.0085
-0.00652722 -0.0084
-0.00642437 -0.0083
-0.00632156 -0.0082
-0.00621877 -0.0081
-0.00611602 -0.008
-0.00601331 -0.0079
-0.00591062 -0.0078
-0.00580795 -0.0077
-0.00570532 -0.0076
-0.00560272 -0.0075
-0.00550014 -0.0074
-0.00539759 -0.0073
-0.00529506 -0.0072
-0.00519256 -0.0071
-0.00509008 -0.007
-0.00498763 -0.0069
-0.00488519 -0.0068
-0.00478279 -0.0067
-0.0046804 -0.0066
-0.00457803 -0.0065
-0.00447569 -0.0064
-0.00437336 -0.0063
-0.00427106 -0.0062
-0.00416877 -0.0061
-0.0040665 -0.006
-0.00396425 -0.0059
-0.00386202 -0.0058
-0.0037598 -0.0057
-0.0036576 -0.0056
-0.00355542 -0.0055
-0.00345326 -0.0054
-0.00335111 -0.0053
-0.00324897 -0.0052
-0.00314685 -0.0051
-0.00304474 -0.005
-0.00294265 -0.0049
-0.00284057 -0.0048
-0.0027385 -0.0047
-0.00263645 -0.0046
-0.00253441 -0.0045
-0.00243238 -0.0044
-0.00233036 -0.0043
-0.00222835 -0.0042
-0.00212636 -0.0041
-0.00202437 -0.004
-0.0019224 -0.0039
-0.00182043 -0.0038
-0.00171848 -0.0037
-0.00161653 -0.0036
-0.0015146 -0.0035
-0.00141267 -0.0034
-0.00131075 -0.0033
-0.00120885 -0.0032
-0.00110694 -0.0031
-0.00100505 -0.003
-0.000903164 -0.0029
-0.000801286 -0.0028
-0.000699414 -0.0027
-0.00059755 -0.0026
-0.000495692 -0.0025
-0.00039384 -0.0024
-0.000291995 -0.0023
-0.000190156 -0.0022
-8.83218e-05 -0.0021
1.35064e-05 -0.002
0.000115329 -0.0019
0.000217147 -0.0018
0.000318961 -0.0017
0.000420769 -0.0016
0.000522573 -0.0015
0.000624373 -0.0014
0.000726169 -0.0013
0.000827961 -0.0012
0.00092975 -0.0011
0.00103153 -0.001
0.00113332 -0.0009
0.0012351 -0.0008
0.00133687 -0.0007
0.00143864 -0.0006
0.00154042 -0.0005
0.00164218 -0.0004
0.0017436 -0.0003
0.00184441 -0.0002
0.00194522 -0.0001
0.00204601 -2.43945e-19
0.0021468 0.0001
0.00224758 0.0002
0.00234835 0.0003
0.00244912 0.0004
0.00254987 0.0005
0.00265062 0.0006
0.00275136 0.0007
0.0028521 0.0008
0.00295283 0.0009
0.00305355 0.001
0.00315426 0.0011
0.00325497 0.0012
0.00335567 0.0013
0.00345636 0.0014
0.00355705 0.0015
0.00365773 0.0016
0.00375841 0.0017
0.00385907 0.0018
0.00395974 0.0019
0.00406039 0.002
0.00416104 0.0021
0.00426169 0.0022
0.00436233 0.0023
0.00446296 0.0024
0.00456359 0.0025
0.00466421 0.0026
0.00476483 0.0027
0.00486544 0.0028
0.00496605 0.0029
0.00506665 0.003
0.00516725 0.0031
0.00526784 0.0032
0.00536842 0.0033
0.005469 0.0034
0.00556958 0.0035
0.00567015 0.0036
0.00577072 0.0037
0.00587128 0.0038
0.00597184 0.0039
0.00607239 0.004
0.00617294 0.0041
0.00627348 0.0042
0.00637402 0.0043
0.00647456 0.0044
0.00657509 0.0045
0.00667562 0.0046
0.00677614 0.0047
0.00687666 0.0048
0.00697718 0.0049
0.00707769 0.005
0.00717819 0.0051
0.0072787 0.0052
0.0073792 0.0053
0.00747969 0.0054
0.00758018 0.0055
0.00768067 0.0056
0.00778116 0.0057
0.00788164 0.0058
0.00798212 0.0059
0.00808259 0.006
0.00818306 0.0061
0.00828353 0.0062
0.00838399 0.0063
0.00848445 0.0064
0.00858491 0.0065
0.00868536 0.0066
0.00878581 0.0067
0.00888626 0.0068
0.0089867 0.0069
0.00908715 0.007
0.00918758 0.0071
0.00928802 0.0072
0.00938845 0.0073
0.00948888 0.0074
0.00958931 0.0075
0.00968973 0.0076
0.00979015 0.0077
0.00989057 0.0078
0.00999098 0.0079
0.0100914 0.008
0.0101918 0.0081
0.0102922 0.0082
0.0103926 0.0083
0.010493 0.0084
0.0105934 0.0085
0.0106938 0.0086
0.0107942 0.0087
0.0108946 0.0088
0.010995 0.0089
0.0110954 0.009
0.0111958 0.0091
0.0112961 0.0092
0.0113965 0.0093
0.0114969 0.0094
0.0115973 0.0095
0.0116976 0.0096
0.011798 0.0097
0.0118984 0.0098
0.0119988 0.0099
0.0120991 0.01
0.0121995 0.0101
0.0122998 0.0102
0.0124002 0.0103
0.0125005 0.0104
0.0126009 0.0105
0.0127013 0.0106
0.0128016 0.0107
0.0129019 0.0108
0.0130023 0.0109
0.0131026 0.011
0.013203 0.0111
0.0133033 0.0112
0.0134037 0.0113
0.013504 0.0114
0.0136043 0.0115
0.0137047 0.0116
0.013805 0.0117
0.0139053 0.0118
0.0140056 0.0119
0.014106 0.012
0.0142063 0.0121
0.0143066 0.0122
0.0144069 0.0123
0.0145072 0.0124
0.0146076 0.0125
0.0147079 0.0126
0.0148082 0.0127
0.0149085 0.0128
0.0150088 0.0129
0.0151091 0.013
0.0152094 0.0131
0.0153097 0.0132
0.01541 0.0133
0.0155103 0.0134
0.0156106 0.0135
0.0157109 0.0136
0.0158112 0.0137
0.0159115 0.0138
0.0160118 0.0139
0.0161121 0.014
0.0162124 0.0141
0.0163127 0.0142
0.016413 0.0143
0.0165133 0.0144
0.0166135 0.0145
0.0167138 0.0146
0.0168141 0.0147
0.0169144 0.0148
0.0170147 0.0149
0.0171149 0.015
0.0172152 0.0151
0.0173155 0.0152
0.0174158 0.0153
0.0175161 0.0154
0.0176163 0.0155
0.0177166 0.0156
0.0178169 0.0157
0.0179172 0.0158
0.0180175 0.0159
0.0181177 0.016
0.018218 0.0161
0.0183183 0.0162
0.0184186 0.0163
0.0185189 0.0164
0.0186192 0.0165
0.0187194 0.0166
0.0188197 0.0167
0.01892 0.0168
0.0190203 0.0169
0.0191206 0.017
0.0192209 0.0171
0.0193212 0.0172
0.0194215 0.0173
0.0195217 0.0174
0.019622 0.0175
0.0197223 0.0176
0.0198226 0.0177
0.0199229 0.0178
0.0200232 0.0179
0.0201235 0.018
0.0202238 0.0181
0.0203241 0.0182
0.0204244 0.0183
0.0205247 0.0184
0.020625 0.0185
0.0207253 0.0186
0.0208256 0.0187
0.0209259 0.0188
0.0210262 0.0189
0.0211265 0.019
0.0212268 0.0191
0.0213271 0.0192
0.0214274 0.0193
0.0215277 0.0194
0.021628 0.0195
0.0217283 0.0196
0.0218286 0.0197
0.0219289 0.0198
0.0220292 0.0199
0.0221295 0.02
0.0222298 0.0201
0.0223301 0.0202
0.0224304 0.0203
0.0225307 0.0204
0.022631 0.0205
0.0227313 0.0206
0.0228317 0.0207
0.022932 0.0208
0.0230323 0.0209
0.0231326 0.021
0.0232329 0.0211
0.0233332 0.0212
0.0234335 0.0213
0.0235339 0.0214
0.0236342 0.0215
0.0237345 0.0216
0.0238348 0.0217
0.0239351 0.0218
0.0240355 0.0219
0.0241358 0.022
0.0242361 0.0221
0.0243364 0.0222
0.0244368 0.0223
0.0245371 0.0224
0.0246374 0.0225
0.0247377 0.0226
0.0248381 0.0227
0.0249384 0.0228
0.0250387 0.0229
0.0251391 0.023
0.0252394 0.0231
0.0253397 0.0232
0.0254401 0.0233
0.0255404 0.0234
0.0256407 0.0235
0.0257411 0.0236
0.0258414 0.0237
0.0259417 0.0238
0.0260421 0.0239
0.0261424 0.024
0.0262428 0.0241
0.0263431 0.0242
0.0264435 0.0243
0.0265438 0.0244
0.0266441 0.0245
0.0267445 0.0246
0.0268448 0.0247
0.0269452 0.0248
0.0270455 0.0249
0.0271459 0.025
0.0255352 0.024
0.0239609 0.023
0.0224395 0.022
0.0209833 0.021
0.0195989 0.02
0.0182858 0.019
0.0170374 0.018
0.0158433 0.017
0.0146976 0.016
0.0135859 0.015
0.0124994 0.014
0.0114318 0.013
0.0103783 0.012
0.00933524 0.011
0.00830017 0.01
0.00727121 0.009
0.00624699 0.008
0.00522648 0.007
0.0042089 0.006
0.00319367 0.005
0.00218032 0.004
0.00116851 0.003
0.000157951 0.002
-0.000850391 0.001
-0.00185747 -1.11022e-16
-0.00286374 -0.001
-0.00386933 -0.002
-0.00487435 -0.003
-0.00587888 -0.004
-0.006883 -0.005
-0.00788677 -0.006
-0.00889024 -0.007
-0.00989345 -0.008
-0.0108964 -0.009
-0.0118993 -0.01
-0.0129019 -0.011
-0.0139044 -0.012
-0.0149068 -0.013
-0.0159091 -0.014
-0.0169113 -0.015
-0.0179135 -0.016
-0.0189156 -0.017
-0.0199176 -0.018
-0.0209197 -0.019
-0.0219217 -0.02
-0.0229236 -0.021
-0.0239256 -0.022
-0.0249275 -0.023
-0.0259294 -0.024
-0.0269314 -0.025
-0.0279334 -0.026
-0.0289357 -0.027
-0.0299382 -0.028
-0.030941 -0.029
-0.031942 -0.03
-0.0329433 -0.031
-0.033945 -0.032
-0.0349473 -0.033
-0.0359502 -0.034
-0.0369541 -0.035
-0.0353638 -0.034
-0.033822 -0.033
-0.0323468 -0.032
-0.0309477 -0.031
-0.0296251 -0.03
-0.0283716 -0.029
-0.0271751 -0.028
-0.0260226 -0.027
-0.0249032 -0.026
-0.0238088 -0.025
-0.0227325 -0.024
-0.0216696 -0.023
-0.0206168 -0.022
-0.0195715 -0.021
-0.0185321 -0.02
-0.0174974 -0.019
-0.0164662 -0.018
-0.015438 -0.017
-0.0144121 -0.016
-0.013388 -0.015
-0.0123656 -0.014
-0.0113444 -0.013
-0.0103243 -0.012
-0.00930509 -0.011
-0.00828664 -0.01
-0.00726881 -0.009
-0.00625152 -0.008
-0.00523468 -0.007
-0.00421821 -0.006
-0.00320207 -0.005
-0.00218619 -0.004
-0.00117054 -0.003
-0.00015507 -0.002
0.000860248 -0.001
0.00187545 -1.11022e-16
0.00289055 0.001
0.00390558 0.002
0.00492055 0.003
0.0059355 0.004
0.00695042 0.005
0.00796486 0.006
0.00897864 0.007
0.00999252 0.008
0.0110065 0.009
0.0120207 0.01
0.013035 0.011
0.0140495 0.012
0.0150643 0.013
0.0160793 0.014
0.0170946 0.015
0.0181102 0.016
0.0191262 0.017
0.0201426 0.018
0.0211594 0.019
0.0221767 0.02
0.0231883 0.021
0.024196 0.022
0.0252036 0.023
0.0262111 0.024
0.0272186 0.025
0.0282267 0.026
0.0292369 0.027
0.0302526 0.028
0.0312726 0.029
0.0322726 0.03
0.0332726 0.031
0.0342726 0.032
0.0352726 0.033
0.0362726 0.034
0.0372726 0.035
0.0356557 0.034
0.0340987 0.033
0.0325959 0.032
0.0311548 0.031
0.0297786 0.03
0.0284657 0.029
0.0272105 0.028
0.0260049 0.027
0.02484 0.026
0.0237077 0.025
0.022601 0.024
0.0215145 0.023
0.0204439 0.022
0.0193865 0.021
0.018339 0.02
0.0172995 0.019
0.0162662 0.018
0.0152381 0.017
0.0142142 0.016
0.0131938 0.015
0.0121763 0.014
0.0111611 0.013
0.010148 0.012
0.0091366 0.011
0.00812665 0.01
0.00711795 0.009
0.00611032 0.008
0.00510361 0.007
0.00409771 0.006
0.0030925 0.005
0.00208791 0.004
0.00108384 0.003
8.02441e-05 0.002
-0.000922942 0.001
-0.00192577 -1.11022e-16
-0.00292827 -0.001
-0.00393049 -0.002
-0.00493246 -0.003
-0.00593421 -0.004
-0.00693577 -0.005
-0.00793714 -0.006
-0.00893837 -0.007
-0.00993945 -0.008
-0.0109404 -0.009
-0.0119402 -0.01
-0.0129388 -0.011
-0.0139374 -0.012
-0.014936 -0.013
-0.0159346 -0.014
-0.0169332 -0.015
-0.0179317 -0.016
-0.0189303 -0.017
-0.0199289 -0.018
-0.0209275 -0.019
-0.0219261 -0.02
-0.0229247 -0.021
-0.0239234 -0.022
-0.024922 -0.023
-0.0259207 -0.024
-0.0269194 -0.025
-0.0279182 -0.026
-0.028917 -0.027
-0.0299158 -0.028
-0.0309146 -0.029
-0.0319134 -0.03
-0.0329123 -0.031
-0.0339113 -0.032
-0.0349102 -0.033
-0.0359092 -0.034
-0.0369082 -0.035
-0.0379073 -0.036
-0.0389064 -0.037
-0.0399056 -0.038
-0.0409049 -0.039
-0.0419042 -0.04
-0.0429035 -0.041
-0.043903 -0.042
-0.0449024 -0.043
-0.045902 -0.044
-0.0469016 -0.045
-0.0453267 -0.044
-0.0438099 -0.043
-0.042355 -0.042
-0.0409689 -0.041
-0.0396496 -0.04
-0.0383905 -0.039
-0.0371822 -0.038
-0.0360151 -0.037
-0.0348805 -0.036
-0.0337712 -0.035
-0.0326815 -0.034
-0.031607 -0.033
-0.0305444 -0.032
-0.0294913 -0.031
-0.0284456 -0.03
-0.0274059 -0.029
-0.0263711 -0.028
-0.0253404 -0.027
-0.024313 -0.026
-0.0232883 -0.025
-0.0222659 -0.024
-0.0212455 -0.023
-0.0202267 -0.022
-0.0192094 -0.021
-0.0181932 -0.02
-0.0171781 -0.019
-0.0161639 -0.018
-0.0151505 -0.017
-0.0141378 -0.016
-0.0131257 -0.015
-0.012114 -0.014
-0.0111028 -0.013
-0.010092 -0.012
-0.00908159 -0.011
-0.00807143 -0.01
-0.00706153 -0.009
-0.00605184 -0.008
-0.00504233 -0.007
-0.00403299 -0.006
-0.0030248 -0.005
-0.00201749 -0.004
-0.00101033 -0.003
-3.31004e-06 -0.002
0.00100359 -0.001
0.00201039 -1.11022e-16
0.00301711 0.001
0.00402374 0.002
0.00503031 0.003
0.00603682 0.004
0.00704329 0.005
0.00804973 0.006
0.00905614 0.007
0.0100625 0.008
0.0110689 0.009
0.0120753 0.01
0.0130817 0.011
0.0140881 0.012
0.0150945 0.013
0.0161009 0.014
0.0171074 0.015
0.0181139 0.016
0.0191204 0.017
0.020127 0.018
0.0211336 0.019
0.0221403 0.02
0.023147 0.021
0.0241538 0.022
0.0251607 0.023
0.0261676 0.024
0.0271746 0.025
0.0281817 0.026
0.0291875 0.027
0.0301935 0.028
0.0311997 0.029
0.032206 0.03
0.0332126 0.031
0.0342195 0.032
0.0352266 0.033
0.0362339 0.034
0.0372416 0.035
0.0382496 0.036
0.039258 0.037
0.0402668 0.038
0.041276 0.039
0.0422858 0.04
0.0432958 0.041
0.0442957 0.042
0.0452957 0.043
0.0462956 0.044
0.0472956 0.045
0.0456695 0.044
0.0441381 0.043
0.0426704 0.042
0.0412664 0.041
0.0399251 0.04
0.0386414 0.039
0.0374081 0.038
0.0362172 0.037
0.035061 0.036
0.0339327 0.035
0.0328267 0.034
0.0317386 0.033
0.0306648 0.032
0.0296024 0.031
0.0285494 0.03
0.0275039 0.029
0.0264647 0.028
0.0254307 0.027
0.024401 0.026
0.023375 0.025
0.022352 0.024
0.0213316 0.023
0.0203135 0.022
0.0192973 0.021
0.0182827 0.02
0.0172696 0.019
0.0162578 0.018
0.0152471 0.017
0.0142374 0.016
0.0132285 0.015
0.0122204 0.014
0.011213 0.013
0.0102062 0.012
0.00919991 0.011
0.0081955 0.01
0.00719209 0.009
0.00618902 0.008
0.00518627 0.007
0.00418379 0.006
0.00318157 0.005
0.00217957 0.004
0.00117778 0.003
0.000176158 0.002
-0.0008253 0.001
-0.00182661 -1.11022e-16
-0.0028278 -0.001
-0.00382887 -0.002
-0.00482983 -0.003
-0.00583071 -0.004
-0.0068315 -0.005
-0.00783221 -0.006
-0.00883286 -0.007
-0.00983346 -0.008
-0.010834 -0.009
-0.0118345 -0.01
-0.0128349 -0.011
-0.0138354 -0.012
-0.0148357 -0.013
-0.0158361 -0.014
-0.0168364 -0.015
-0.0178368 -0.016
-0.0188371 -0.017
-0.0198373 -0.018
-0.0208376 -0.019
-0.0218379 -0.02
-0.0228381 -0.021
-0.0238384 -0.022
-0.0248386 -0.023
-0.0258389 -0.024
-0.0268391 -0.025
-0.0278394 -0.026
-0.0288396 -0.027
-0.0298399 -0.028
-0.0308402 -0.029
-0.0318404 -0.03
-0.0328407 -0.031
-0.033841 -0.032
-0.0348413 -0.033
-0.0358416 -0.034
-0.0368419 -0.035
-0.0378422 -0.036
-0.0388426 -0.037
-0.0398429 -0.038
-0.0408433 -0.039
-0.0418436 -0.04
-0.042844 -0.041
-0.0438444 -0.042
-0.0448448 -0.043
-0.0458453 -0.044
-0.0468457 -0.045
-0.0478462 -0.046
-0.0488467 -0.047
-0.0498472 -0.048
-0.0508478 -0.049
-0.0518484 -0.05
-0.052849 -0.051
-0.0538497 -0.052
-0.0548504 -0.053
-0.0558511 -0.054
-0.0568519 -0.055
-0.0552966 -0.054
-0.053809 -0.053
-0.0523914 -0.052
-0.0510435 -0.051
-0.0497576 -0.05
-0.0485248 -0.049
-0.0473356 -0.048
-0.0461813 -0.047
-0.0450544 -0.046
-0.0439492 -0.045
-0.042861 -0.044
-0.0417864 -0.043
-0.0407227 -0.042
-0.0396677 -0.041
-0.0386198 -0.04
-0.0375778 -0.039
-0.0365406 -0.038
-0.0355074 -0.037
-0.0344777 -0.036
-0.0334508 -0.035
-0.0324264 -0.034
-0.0314042 -0.033
-0.0303838 -0.032
-0.029365 -0.031
-0.0283475 -0.03
-0.0273313 -0.029
-0.0263162 -0.028
-0.025302 -0.027
-0.0242887 -0.026
-0.0232761 -0.025
-0.0222642 -0.024
-0.0212528 -0.023
-0.020242 -0.022
-0.0192317 -0.021
-0.0182218 -0.02
-0.0172124 -0.019
-0.0162032 -0.018
-0.0151944 -0.017
-0.0141859 -0.016
-0.0131776 -0.015
-0.0121695 -0.014
-0.0111617 -0.013
-0.0101541 -0.012
-0.00914661 -0.011
-0.0081393 -0.01
-0.00713213 -0.009
-0.00612508 -0.008
-0.00511814 -0.007
-0.0041113 -0.006
-0.00310454 -0.005
-0.00209786 -0.004
-0.00109125 -0.003
-8.46849e-05 -0.002
0.00092183 -0.001
0.00192831 -1.11022e-16
0.00293476 0.001
0.00394118 0.002
0.0049476 0.003
0.00595401 0.004
0.00696042 0.005
0.00796683 0.006
0.00897326 0.007
0.00997971 0.008
0.0109862 0.009
0.0119927 0.01
0.0129993 0.011
0.0140058 0.012
0.0150125 0.013
0.0160192 0.014
0.0170251 0.015
0.0180301 0.016
0.0190352 0.017
0.0200402 0.018
0.0210453 0.019
0.0220504 0.02
0.0230555 0.021
0.0240606 0.022
0.0250658 0.023
0.0260709 0.024
0.0270762 0.025
0.0280814 0.026
0.0290868 0.027
0.0300921 0.028
0.0310975 0.029
0.032103 0.03
0.0331085 0.031
0.034114 0.032
0.0351197 0.033
0.0361253 0.034
0.0371311 0.035
0.0381369 0.036
0.0391428 0.037
0.0401487 0.038
0.0411547 0.039
0.0421608 0.04
0.043167 0.041
0.0441733 0.042
0.0451796 0.043
0.0461861 0.044
0.0471926 0.045
0.0481992 0.046
0.0492055 0.047
0.050211 0.048
0.0512168 0.049
0.0522227 0.05
0.0506253 0.049
0.0491254 0.048
0.0476938 0.047
0.0463264 0.046
0.0450182 0.045
0.043762 0.044
0.0425498 0.043
0.0413739 0.042
0.0402275 0.041
0.0391051 0.04
0.038002 0.039
0.0369144 0.038
0.0358396 0.037
0.0347752 0.036
0.0337194 0.035
0.0326706 0.034
0.0316277 0.033
0.0305899 0.032
0.0295564 0.031
0.0285264 0.03
0.0274996 0.029
0.0264754 0.028
0.0254536 0.027
0.0244349 0.026
0.0234185 0.025
0.0224036 0.024
0.0213902 0.023
0.0203779 0.022
0.0193667 0.021
0.0183565 0.02
0.0173471 0.019
0.0163385 0.018
0.0153305 0.017
0.0143232 0.016
0.0133164 0.015
0.0123101 0.014
0.0113043 0.013
0.0102989 0.012
0.00929382 0.011
0.00828911 0.01
0.0072847 0.009
0.00628058 0.008
0.00527671 0.007
0.00427307 0.006
0.00326965 0.005
0.00226643 0.004
0.00126338 0.003
0.000260504 0.002
-0.000742223 0.001
-0.00174481 -1.11022e-16
