-0.000166701 6.67011
-0.000333404 13.3404
-0.00050011 20.011
-0.000666818 26.6818
-0.000833528 33.3528
-0.00100024 40.024
-0.00116695 46.6954
-0.00133367 53.3671
-0.00150039 60.039
-0.00166711 66.711
-0.00183383 73.3833
-0.00200056 80.0557
-0.00216728 86.728
-0.002334 93.4002
-0.00250072 100.072
-0.00266742 106.742
-0.00283409 113.409
-0.00300072 120.072
-0.00316727 126.727
-0.00333368 133.368
-0.00349988 139.988
-0.00366574 146.574
-0.0038311 153.11
-0.00399567 159.567
-0.00415907 165.907
-0.00432072 172.072
-0.00447978 177.977
-0.004635 183.499
-0.00478464 188.462
-0.00492648 192.644
-0.00505839 195.835
-0.0051797 197.968
-0.0052922 199.22
-0.00539895 199.895
-0.00550255 200.255
-0.00560456 200.456
-0.00570578 200.578
-0.00580662 200.662
-0.00590726 200.726
-0.0060078 200.78
-0.00610827 200.827
-0.00620872 200.872
-0.00630915 200.915
-0.00640957 200.957
-0.00650998 200.998
-0.00661039 201.039
-0.00671079 201.079
-0.0068112 201.12
-0.0069116 201.16
-0.00701201 201.201
-0.00684661 194.661
-0.00668124 188.124
-0.00651589 181.589
-0.0063506 175.06
-0.00618535 168.535
-0.00602018 162.018
-0.00585508 155.508
-0.00569006 149.006
-0.00552514 142.514
-0.00536032 136.032
-0.00519562 129.562
-0.00503104 123.104
-0.00486659 116.659
-0.00470228 110.228
-0.00453812 103.812
-0.00437411 97.4114
-0.00421028 91.0281
-0.00404663 84.6626
-0.00388316 78.3158
-0.00371989 71.9888
-0.00355682 65.6824
-0.00339398 59.3978
-0.00323136 53.1359
-0.00306898 46.8977
-0.00290684 40.6845
-0.00274497 34.4972
-0.00258337 28.337
-0.00242205 22.205
-0.00226102 16.1024
-0.00210031 10.0306
-0.00193991 3.99058
-0.00177984 -2.01617
-0.00162012 -7.98835
-0.00146075 -13.9246
-0.00130177 -19.8234
-0.00114317 -25.6834
-0.000984971 -31.5029
-0.000827195 -37.2805
-0.000669857 -43.0143
-0.000512973 -48.7027
-0.000356562 -54.3438
-0.000200642 -59.9358
-4.52322e-05 -65.4768
0.000109646 -70.9646
0.000263971 -76.3971
0.000417721 -81.7721
0.000570872 -87.0872
0.0007234 -92.34
0.000875278 -97.5278
0.00102648 -102.648
0.00117697 -107.697
0.00132673 -112.673
0.00147573 -117.573
0.00162392 -122.392
0.00177127 -127.127
0.00191775 -131.775
0.00206331 -136.331
0.00220791 -140.791
0.00235151 -145.151
0.00249406 -149.406
0.00263551 -153.551
0.00277579 -157.579
0.00291486 -161.486
0.00305265 -165.265
0.00318908 -168.908
0.0033241 -172.41
0.00345761 -175.761
0.00358953 -178.953
0.00371977 -181.977
0.00384822 -184.822
0.00397479 -187.479
0.00409933 -189.933
0.00422174 -192.173
0.00434184 -194.184
0.0044595 -195.95
0.00457452 -197.452
0.00468672 -198.672
0.00479586 -199.586
0.00490171 -200.171
0.00500397 -200.397
0.00510399 -200.399
0.00520399 -200.399
0.00530399 -200.399
0.00540399 -200.399
0.00550399 -200.399
0.00560399 -200.399
0.00570399 -200.399
0.00580399 -200.399
0.00590399 -200.399
0.00600399 -200.399
0.00610399 -200.399
0.00620399 -200.399
0.00630399 -200.399
0.00640398 -200.398
0.00650398 -200.398
0.00660397 -200.397
0.00670396 -200.396
0.00680394 -200.394
0.00690392 -200.392
0.0070039 -200.39
0.00683882 -193.882
0.00667378 -187.378
0.00650878 -180.878
0.00634384 -174.384
0.00617899 -167.899
0.00601425 -161.425
0.00584961 -154.961
0.00568511 -148.511
0.00552076 -142.076
0.00535656 -135.656
0.00519254 -129.254
0.00502871 -122.871
0.00486508 -116.508
0.00470167 -110.167
0.00453849 -103.849
0.00437555 -97.5554
0.00421288 -91.2876
0.00405047 -85.0471
0.00388835 -78.8352
0.00372653 -72.6535
0.00356503 -66.5032
0.00340386 -60.3859
0.00324303 -54.303
0.00308256 -48.2559
0.00292246 -42.2462
0.00276275 -36.2753
0.00260345 -30.3448
0.00244456 -24.4561
0.00228611 -18.6107
0.0021281 -12.8104
0.00197057 -7.05652
0.00181351 -1.35076
0.00165695 4.3053
0.0015009 9.91003
0.00134538 15.4618
0.00119041 20.959
0.001036 26.3999
0.000882171 31.7829
0.000728937 37.1063
0.000576317 42.3683
0.000424326 47.5674
0.000272983 52.7017
0.000122304 57.7696
-2.7694e-05 62.7694
-0.000176993 67.6993
-0.000325578 72.5578
-0.000473429 77.3429
-0.000620532 82.0532
-0.000766869 86.6869
-0.000912423 91.2423
-0.00105718 95.718
-0.00120112 100.112
-0.00134423 104.423
-0.0014865 108.65
-0.00162791 112.791
-0.00176844 116.844
-0.00190808 120.808
-0.00204682 124.682
-0.00218465 128.465
-0.00232155 132.155
-0.00245751 135.751
-0.00259253 139.253
-0.00272659 142.659
-0.00285968 145.968
-0.00299179 149.179
-0.00312293 152.293
-0.00325308 155.308
-0.00338223 158.223
-0.00351039 161.039
-0.00363755 163.755
-0.00376371 166.371
-0.00388887 168.887
-0.00401303 171.303
-0.00413619 173.619
-0.00425835 175.835
-0.00437952 177.952
-0.00449971 179.971
-0.00461891 181.891
-0.00473713 183.713
-0.00485439 185.439
-0.0049707 187.07
-0.00508605 188.605
-0.00520047 190.047
-0.00531396 191.396
-0.00542654 192.654
-0.00553822 193.822
-0.00564902 194.902
-0.00575894 195.894
-0.00586801 196.801
-0.00597623 197.623
-0.00608364 198.364
-0.00619023 199.023
-0.00629603 199.603
-0.00640106 200.106
-0.00650533 200.533
-0.00660885 200.885
-0.00671166 201.166
-0.00681376 201.376
-0.00691517 201.517
-0.00701591 201.591
-0.00711629 201.629
-0.00721666 201.666
-0.00731779 201.779
-0.00741839 201.839
-0.007519 201.9
-0.0076196 201.96
-0.00772021 202.021
-0.00782081 202.081
-0.00792142 202.142
-0.00802203 202.203
-0.00812264 202.264
-0.00822324 202.324
-0.00832385 202.385
-0.00842446 202.446
-0.00852507 202.507
-0.00862568 202.568
-0.00872629 202.629
-0.0088269 202.69
-0.00892751 202.751
-0.00902812 202.812
-0.00912873 202.873
-0.00922934 202.934
-0.00932995 202.995
-0.00943056 203.056
-0.00953118 203.118
-0.00963179 203.179
-0.0097324 203.24
-0.00983301 203.301
-0.00993363 203.363
-0.0100342 203.424
-0.0101349 203.486
-0.0102355 203.547
-0.0103361 203.609
-0.0104367 203.67
-0.0105373 203.732
-0.0106379 203.793
-0.0107385 203.855
-0.0108392 203.917
-0.0109398 203.978
-0.0110404 204.04
-0.011141 204.102
-0.0112416 204.164
-0.0113423 204.226
-0.0114429 204.287
-0.0115435 204.349
-0.0116441 204.411
-0.0117447 204.473
-0.0118454 204.535
-0.011946 204.598
-0.0120466 204.66
-0.0121472 204.722
-0.0122478 204.784
-0.0123485 204.846
-0.0124491 204.908
-0.0125497 204.971
-0.0126503 205.033
-0.012751 205.095
-0.0128516 205.158
-0.0129522 205.22
-0.0130528 205.283
-0.0131535 205.345
-0.0132541 205.408
-0.0133547 205.471
-0.0134553 205.533
-0.013556 205.596
-0.0136566 205.659
-0.0137572 205.721
-0.0138578 205.784
-0.0139585 205.847
-0.0140591 205.91
-0.0141597 205.973
-0.0142604 206.036
-0.014361 206.099
-0.0144616 206.162
-0.0145622 206.225
-0.0146615 206.149
-0.0147599 205.994
-0.0148584 205.842
-0.0149569 205.691
-0.0150554 205.543
-0.015154 205.396
-0.0152525 205.252
-0.0153511 205.11
-0.0154497 204.97
-0.0155483 204.832
-0.015647 204.696
-0.0157456 204.561
-0.0158443 204.429
-0.015943 204.298
-0.0160417 204.169
-0.0161404 204.042
-0.0162392 203.917
-0.0163379 203.794
-0.0164367 203.672
-0.0165355 203.552
-0.0166343 203.433
-0.0167332 203.316
-0.016832 203.201
-0.0169309 203.087
-0.0170298 202.975
-0.0168662 196.622
-0.0167027 190.273
-0.0165393 183.931
-0.016376 177.6
-0.0162128 171.281
-0.0160498 164.977
-0.0158869 158.691
-0.0157242 152.425
-0.0155618 146.18
-0.0153996 139.958
-0.0152376 133.762
-0.0150759 127.593
-0.0149145 121.454
-0.0147534 115.345
-0.0145927 109.269
-0.0144323 103.228
-0.0142722 97.2232
-0.0141126 91.2564
-0.0139533 85.3296
-0.0137944 79.4443
-0.013636 73.6023
-0.013478 67.8053
-0.0133205 62.0551
-0.0131635 56.3532
-0.013007 50.7015
-0.012851 45.1014
-0.0126955 39.5547
-0.0125406 34.063
-0.0123863 28.6278
-0.0122325 23.2508
-0.0120793 17.9334
-0.0119268 12.6772
-0.0117748 7.48368
-0.0116235 2.35424
-0.0114729 -2.7097
-0.0113229 -7.70681
-0.0111736 -12.6358
-0.011025 -17.4954
-0.0108772 -22.2844
-0.01073 -27.0017
-0.0105835 -31.6462
-0.0104378 -36.217
-0.0102929 -40.7132
-0.0101487 -45.1339
-0.0100052 -49.4783
-0.00986254 -53.7458
-0.00972064 -57.9358
-0.00957952 -62.0478
-0.00943918 -66.0815
-0.00929963 -70.0364
-0.00916087 -73.9126
-0.0090229 -77.7097
-0.00888572 -81.4279
-0.00874942 -85.058
-0.00861409 -88.5914
-0.00847958 -92.0423
-0.00834589 -95.411
-0.00821302 -98.6981
-0.00808096 -101.904
-0.00794971 -105.029
-0.00781926 -108.074
-0.0076896 -111.04
-0.00756072 -113.928
-0.00743262 -116.738
-0.00730528 -119.472
-0.0071787 -122.13
-0.00705286 -124.714
-0.00692775 -127.225
-0.00680336 -129.664
-0.00667967 -132.033
-0.00655668 -134.332
-0.00643436 -136.564
-0.00631271 -138.729
-0.0061917 -140.83
-0.00607133 -142.867
-0.00595158 -144.842
-0.00583244 -146.756
-0.00571388 -148.612
-0.0055959 -150.41
-0.00547848 -152.152
-0.0053616 -153.84
-0.00524526 -155.474
-0.00512942 -157.058
-0.00501409 -158.591
-0.00489925 -160.075
-0.00478487 -161.513
-0.00467096 -162.904
-0.00455749 -164.251
-0.00444445 -165.555
-0.00433182 -166.818
-0.0042196 -168.04
-0.00410777 -169.223
-0.00399632 -170.368
-0.00388524 -171.476
-0.00377451 -172.549
-0.00366412 -173.588
-0.00355407 -174.593
-0.00344434 -175.566
-0.00333492 -176.508
-0.0032258 -177.42
-0.00311697 -178.303
-0.00300842 -179.158
-0.00290015 -179.985
-0.00279213 -180.787
-0.00268438 -181.562
-0.00257686 -182.314
-0.00246959 -183.041
-0.00236254 -183.746
-0.00225571 -184.429
-0.0021491 -185.09
-0.0020427 -185.73
-0.0019365 -186.35
-0.00183049 -186.951
-0.00172467 -187.533
-0.00161903 -188.097
-0.00151356 -188.644
-0.00140827 -189.173
-0.00130313 -189.687
-0.00119816 -190.184
-0.00109334 -190.666
-0.000988672 -191.133
-0.000884145 -191.586
-0.000779757 -192.024
-0.000675504 -192.45
-0.000571381 -192.862
-0.000467384 -193.262
-0.000363509 -193.649
-0.000259753 -194.025
-0.000156111 -194.389
-5.25804e-05 -194.742
5.08427e-05 -195.084
0.000154162 -195.416
0.000257379 -195.738
0.000360499 -196.05
0.000463524 -196.352
0.000566457 -196.646
0.000669301 -196.93
0.000772058 -197.206
0.000874731 -197.473
0.000977322 -197.732
0.00107983 -197.983
0.00118227 -198.227
0.00128463 -198.463
0.00138692 -198.692
0.00148914 -198.914
0.00159129 -199.129
0.00169337 -199.337
0.00179539 -199.539
0.00189735 -199.735
0.00199925 -199.925
0.00210109 -200.109
0.00220287 -200.287
0.00230459 -200.459
0.00240626 -200.626
0.00250788 -200.788
0.00260944 -200.944
0.00271096 -201.096
0.00281243 -201.243
0.00291385 -201.385
0.00301522 -201.522
0.00311655 -201.655
0.00321784 -201.784
0.00331908 -201.908
0.00342028 -202.028
0.00352144 -202.144
0.00362257 -202.257
0.00372365 -202.365
0.0038247 -202.47
0.00392571 -202.571
0.00402669 -202.669
0.00412763 -202.763
0.00422853 -202.853
0.00432941 -202.941
0.00443025 -203.025
0.00453106 -203.106
0.00463184 -203.184
0.0047326 -203.26
0.00483332 -203.332
0.00493401 -203.401
0.00503468 -203.468
0.00513532 -203.532
0.00523593 -203.593
0.00533652 -203.652
0.00543708 -203.708
0.00553762 -203.762
0.00563814 -203.814
0.00573863 -203.863
0.00583909 -203.909
0.00593954 -203.954
0.00603996 -203.996
0.00614037 -204.037
0.00624075 -204.075
0.00634111 -204.111
0.00644145 -204.145
0.00654178 -204.178
0.00664208 -204.208
0.00674236 -204.236
0.00684263 -204.263
0.00694288 -204.288
0.00704311 -204.311
0.00714333 -204.333
0.00724354 -204.354
0.00734376 -204.376
0.00744398 -204.398
0.00754419 -204.419
0.00764441 -204.441
0.00774463 -204.463
0.00784484 -204.484
0.00794506 -204.506
0.00804528 -204.528
0.00814549 -204.549
0.00824571 -204.571
0.00834593 -204.593
0.00844614 -204.614
0.00854636 -204.636
0.00864658 -204.658
0.0087468 -204.68
0.00884702 -204.702
0.00894723 -204.723
0.00904745 -204.745
0.00914767 -204.767
0.00924789 -204.789
0.00934811 -204.811
0.00944833 -204.833
0.00954855 -204.855
0.00964877 -204.877
0.00974899 -204.899
0.00984921 -204.921
0.00994943 -204.943
0.0100496 -204.965
0.0101499 -204.987
0.0102501 -205.009
0.0103503 -205.031
0.0104505 -205.053
0.0105507 -205.075
0.010651 -205.097
0.0107512 -205.119
0.0108514 -205.141
0.0109516 -205.163
0.0110519 -205.186
0.0111521 -205.208
0.0112523 -205.23
0.0113525 -205.252
0.0114527 -205.275
0.011553 -205.297
0.0116532 -205.319
0.0117534 -205.341
0.0118536 -205.364
0.0119539 -205.386
0.0120541 -205.408
0.0121543 -205.431
0.0122545 -205.453
0.0123548 -205.476
0.012455 -205.498
0.0125552 -205.521
0.0126554 -205.543
0.0127557 -205.565
0.0128559 -205.588
0.0129561 -205.611
0.0130563 -205.633
0.0131566 -205.656
0.0132568 -205.678
0.013357 -205.701
0.0134572 -205.723
0.0135575 -205.746
0.0136577 -205.769
0.0137579 -205.792
0.0138581 -205.814
0.0139584 -205.837
0.0140586 -205.86
0.0141588 -205.882
0.0142591 -205.905
0.0143593 -205.928
0.0144595 -205.951
0.0145597 -205.974
0.01466 -205.997
0.0147602 -206.02
0.0148604 -206.043
0.0149607 -206.065
0.0150609 -206.088
0.0151611 -206.111
0.0152613 -206.134
0.0153616 -206.157
0.0154618 -206.181
0.015562 -206.204
0.0156623 -206.227
0.0157625 -206.25
0.0158627 -206.273
0.015963 -206.296
0.0160632 -206.319
0.0161634 -206.343
0.0162637 -206.366
0.0163639 -206.389
0.0164641 -206.412
0.0165644 -206.436
0.0166646 -206.459
0.0167648 -206.482
0.0168651 -206.506
0.0169653 -206.529
0.0170655 -206.553
0.0169025 -200.253
0.0167396 -193.96
0.0165768 -187.677
0.0164141 -181.408
0.0162516 -175.156
0.0160892 -168.922
0.0159271 -162.71
0.0157652 -156.521
0.0156036 -150.358
0.0154422 -144.222
0.0152812 -138.116
0.0151204 -132.042
0.01496 -126.001
0.0148 -119.995
0.0146403 -114.027
0.014481 -108.097
0.0143221 -102.209
0.0141636 -96.363
0.0140056 -90.5614
0.0138481 -84.8058
0.013691 -79.0979
0.0135344 -73.4394
0.0133783 -67.8321
0.0132228 -62.2775
0.0130678 -56.7772
0.0129133 -51.3329
0.0127595 -45.946
0.0126062 -40.6183
0.0124535 -35.3511
0.0123015 -30.1459
0.01215 -25.0041
0.0119993 -19.9272
0.0118492 -14.9165
0.0116997 -9.97321
0.011551 -5.09868
0.0114029 -0.294063
0.0112556 4.43952
0.011109 9.10101
0.0109631 13.6894
0.010818 18.2038
0.0106736 22.6433
0.0105299 27.0071
0.0103871 31.2946
0.0102449 35.5052
0.0101036 39.6383
0.00996307 43.6935
0.0098233 47.6704
0.00968431 51.5688
0.00954611 55.3886
0.0094087 59.1296
0.00927208 62.7919
0.00913624 66.3756
0.00900119 69.8809
0.00886692 73.3082
0.00873342 76.6577
0.0086007 79.9301
0.00846874 83.1258
0.00833755 86.2454
0.0082071 89.2898
0.0080774 92.2597
0.00794844 95.156
0.0078202 97.9795
0.00769269 100.731
0.00756587 103.413
0.00743976 106.024
0.00731432 108.568
0.00718956 111.044
0.00706546 113.454
0.006942 115.8
0.00681918 118.082
0.00669698 120.302
0.00657539 122.461
0.00645439 124.561
0.00633453 126.547
0.0062156 128.44
0.00609725 130.275
0.00597948 132.052
0.00586227 133.773
0.0057456 135.44
0.00562945 137.055
0.00551382 138.618
0.00539869 140.131
0.00528404 141.596
0.00516985 143.015
0.00505613 144.387
0.00494284 145.716
0.00482998 147.002
0.00471754 148.246
0.00460549 149.451
0.00449384 150.616
0.00438256 151.744
0.00427164 152.836
0.00416107 153.893
0.00405085 154.915
0.00394095 155.905
0.00383137 156.863
0.0037221 157.79
0.00361313 158.687
0.00350444 159.556
0.00339603 160.397
0.00328789 161.211
0.00318001 161.999
0.00307237 162.763
0.00296498 163.502
0.00285782 164.218
0.00275089 164.911
0.00264417 165.583
0.00253767 166.233
0.00243136 166.864
0.00232526 167.474
0.00221934 168.066
0.0021136 168.64
0.00200805 169.195
0.00190266 169.734
0.00179744 170.256
0.00169237 170.763
0.00158746 171.253
0.0014827 171.73
0.00137809 172.191
0.00127361 172.639
0.00116927 173.073
0.00106505 173.495
0.000960965 173.903
0.000856998 174.3
0.000753148 174.685
0.000649412 175.059
0.000545785 175.421
0.000442265 175.773
0.000338847 176.115
0.000235528 176.447
0.000132305 176.769
2.91753e-05 177.082
-7.38645e-05 177.386
-0.000176817 177.682
-0.000279686 177.969
-0.000382473 178.247
-0.000485181 178.518
-0.000587813 178.781
-0.00069037 179.037
-0.000792856 179.286
-0.000895272 179.527
-0.000997621 179.762
-0.00109991 179.99
-0.00120213 180.213
-0.00130428 180.428
-0.00140638 180.638
-0.00150843 180.843
-0.00161041 181.041
-0.00171235 181.235
-0.00181423 181.423
-0.00191605 181.605
-0.00201783 181.783
-0.00211957 181.957
-0.00222125 182.125
-0.00232289 182.289
-0.00242449 182.449
-0.00252604 182.604
-0.00262755 182.755
-0.00272903 182.903
-0.00283046 183.046
-0.00293175 183.175
-0.00303285 183.285
-0.00313391 183.391
-0.00323494 183.494
-0.00333592 183.592
-0.00343687 183.687
-0.00353779 183.779
-0.00363867 183.867
-0.00373951 183.951
-0.00384033 184.033
-0.00394111 184.111
-0.00404186 184.186
-0.00414259 184.259
-0.00424328 184.328
-0.00434395 184.395
-0.00444458 184.458
-0.0045452 184.52
-0.00464578 184.578
-0.00474634 184.634
-0.00484688 184.688
-0.00494739 184.739
-0.00504788 184.788
-0.00514835 184.835
-0.00524879 184.879
-0.00534921 184.921
-0.00544962 184.962
-0.00555 185
-0.00565036 185.036
-0.0057507 185.07
-0.00585102 185.102
-0.00595133 185.133
-0.00605162 185.162
-0.00615189 185.189
-0.00625214 185.214
-0.00635238 185.238
-0.0064526 185.26
-0.0065528 185.28
-0.00665299 185.299
-0.00675316 185.316
-0.00685332 185.332
-0.00695347 185.347
-0.0070536 185.36
-0.00715372 185.372
-0.00725383 185.383
-0.00735392 185.392
-0.007454 185.4
-0.00755407 185.407
-0.00765412 185.412
-0.00775417 185.417
-0.0078542 185.42
-0.00795422 185.422
-0.00805424 185.424
-0.00815424 185.424
-0.00825423 185.423
-0.00835421 185.421
-0.00845418 185.418
-0.00855415 185.415
-0.0086541 185.41
-0.00875404 185.404
-0.00885398 185.398
-0.00895391 185.391
-0.00905382 185.382
-0.00915373 185.373
-0.00925364 185.364
-0.00935353 185.353
-0.00945342 185.342
-0.0095533 185.33
-0.00965317 185.317
-0.00975304 185.304
-0.0098529 185.29
-0.00995275 185.275
-0.0100526 185.26
-0.0101524 185.244
-0.0102523 185.227
-0.0103521 185.21
-0.0104519 185.192
-0.0105517 185.174
-0.0106516 185.155
-0.0107514 185.136
-0.0108512 185.116
-0.010951 185.095
-0.0110507 185.074
-0.0111505 185.053
-0.0112503 185.031
-0.0113501 185.009
-0.0114499 184.986
-0.0115496 184.963
-0.0116494 184.939
-0.0117491 184.915
-0.0118489 184.89
-0.0119487 184.865
-0.0120484 184.84
-0.0121481 184.815
-0.0122479 184.789
-0.0123476 184.762
-0.0124474 184.735
-0.0125471 184.708
-0.0126468 184.681
-0.0127465 184.653
-0.0128463 184.625
-0.012946 184.597
-0.0130457 184.569
-0.0131454 184.54
-0.0132451 184.511
-0.0133448 184.481
-0.0134445 184.451
-0.0135442 184.422
-0.0136439 184.391
-0.0137436 184.361
-0.0138433 184.33
-0.013943 184.299
-0.0140427 184.268
-0.0141424 184.237
-0.0142421 184.206
-0.0143417 184.174
-0.0144414 184.142
-0.0145411 184.11
-0.0146408 184.078
-0.0147405 184.045
-0.0148401 184.012
-0.0149398 183.98
-0.0150395 183.947
-0.0151391 183.914
-0.0152388 183.88
-0.0153385 183.847
-0.0154381 183.813
-0.0155378 183.78
-0.0156375 183.746
-0.0157371 183.712
-0.0158368 183.678
-0.0159364 183.644
-0.0160361 183.609
-0.0161358 183.575
-0.0162354 183.541
-0.0163351 183.506
-0.0164347 183.471
-0.0165344 183.436
-0.016634 183.402
-0.0167337 183.367
-0.0168333 183.332
-0.016933 183.298
-0.0170326 183.264
-0.0171323 183.23
-0.017232 183.196
-0.0173316 183.163
-0.0174313 183.13
-0.017531 183.097
-0.0176306 183.065
-0.0177303 183.032
-0.01783 183
-0.0179297 182.968
-0.0180294 182.937
-0.0181291 182.905
-0.0182287 182.874
-0.0183284 182.844
-0.0184281 182.813
-0.0185278 182.783
-0.0186275 182.752
-0.0187272 182.723
-0.0188269 182.693
-0.0189266 182.663
-0.0190263 182.634
-0.0191261 182.605
-0.0192258 182.577
-0.0193255 182.548
-0.0194252 182.52
-0.0195249 182.492
-0.0196246 182.464
-0.0197244 182.437
-0.0198241 182.41
-0.0199238 182.382
-0.0200236 182.356
-0.0201233 182.329
-0.020223 182.303
-0.0203225 182.249
-0.0204219 182.186
-0.0205212 182.123
-0.0206206 182.061
-0.02072 182
-0.0208194 181.939
-0.0209188 181.878
-0.0210182 181.818
-0.0211176 181.758
-0.021217 181.698
-0.0213164 181.639
-0.0214158 181.581
-0.0215152 181.522
-0.0216146 181.465
-0.0217141 181.407
-0.0218135 181.35
-0.0219129 181.294
-0.0220124 181.238
-0.0221118 181.182
-0.0222113 181.127
-0.0223107 181.072
-0.0224102 181.017
-0.0225096 180.963
-0.0226091 180.909
-0.0227086 180.856
-0.022808 180.803
-0.0229075 180.75
-0.023007 180.698
-0.0231065 180.647
-0.023206 180.595
-0.0233054 180.544
-0.0234049 180.493
-0.0235044 180.443
-0.0236039 180.393
-0.0237034 180.344
-0.0238029 180.295
-0.0239025 180.246
-0.024002 180.198
-0.0241015 180.15
-0.024201 180.102
-0.0243005 180.055
-0.0244001 180.008
-0.0244996 179.961
-0.0245992 179.915
-0.0246987 179.869
-0.0247982 179.824
-0.0248978 179.779
-0.0249973 179.734
-0.0250969 179.69
-0.0251965 179.646
-0.025296 179.602
-0.0253956 179.559
-0.0254952 179.516
-0.0255947 179.473
-0.0256943 179.431
-0.0257939 179.389
-0.0258935 179.347
-0.0259931 179.306
-0.0260927 179.265
-0.0261922 179.225
-0.0262918 179.184
-0.0263914 179.144
-0.026491 179.105
-0.0265907 179.066
-0.0266903 179.027
-0.0267899 178.988
-0.0266301 173.016
-0.02647 167.118
-0.0263105 161.176
-0.0261512 155.248
-0.0259921 149.341
-0.0258333 143.461
-0.0256748 137.61
-0.0255167 131.79
-0.0253588 126.006
-0.0252014 120.258
-0.0250443 114.549
-0.0248876 108.882
-0.0247314 103.258
-0.0245757 97.6807
-0.0244204 92.1507
-0.0242656 86.6705
-0.0241113 81.242
-0.0239576 75.8672
-0.0238044 70.5478
-0.0236518 65.2855
-0.0234998 60.0822
-0.0233484 54.9396
-0.0231976 49.8591
-0.0230475 44.8424
-0.022898 39.8909
-0.0227492 35.006
-0.022601 30.1892
-0.0224536 25.4417
-0.0223068 20.7647
-0.0221608 16.1594
-0.0220155 11.6267
-0.0218709 7.16768
-0.0217271 2.7832
-0.0215841 -1.52596
-0.0214418 -5.7591
-0.0213002 -9.91563
-0.0211594 -13.995
-0.0210194 -17.9969
-0.0208802 -21.9209
-0.0207418 -25.7669
-0.0206041 -29.5347
-0.0204673 -33.2244
-0.0203312 -36.8359
-0.0201959 -40.3696
-0.0200613 -43.8258
-0.0199275 -47.2046
-0.0197945 -50.5068
-0.0196623 -53.7328
-0.0195308 -56.8832
-0.0194001 -59.9589
-0.0192701 -62.9606
-0.0191408 -65.8891
-0.0190123 -68.7455
-0.0188844 -71.5308
-0.0187573 -74.2459
-0.0186308 -76.8922
-0.0185051 -79.4706
-0.01838 -81.9826
-0.0182555 -84.4292
-0.0181317 -86.8118
-0.0180085 -89.1317
-0.0178859 -91.3903
-0.017764 -93.5889
-0.0176426 -95.7289
-0.0175217 -97.8117
-0.0174015 -99.8387
-0.0172818 -101.811
-0.0171626 -103.731
-0.0170439 -105.599
-0.0169257 -107.416
-0.0168081 -109.185
-0.0166908 -110.906
-0.0165741 -112.581
-0.0164578 -114.211
-0.0163419 -115.797
-0.0162265 -117.342
-0.0161115 -118.845
-0.0159969 -120.308
-0.0158826 -121.733
-0.0157687 -123.12
-0.0156552 -124.471
-0.0155421 -125.787
-0.0154293 -127.069
-0.0153168 -128.318
-0.0152046 -129.535
-0.0150928 -130.721
-0.0149812 -131.877
-0.0148699 -133.004
-0.0147589 -134.103
-0.0146482 -135.175
-0.0145378 -136.221
-0.0144276 -137.241
-0.0143176 -138.237
-0.0142079 -139.209
-0.0140984 -140.158
-0.0139891 -141.084
-0.0138801 -141.99
-0.0137712 -142.874
-0.0136627 -143.725
-0.0135545 -144.551
-0.0134464 -145.358
-0.0133385 -146.146
-0.0132308 -146.915
-0.0131233 -147.668
-0.013016 -148.403
-0.0129088 -149.122
-0.0128017 -149.825
-0.0126949 -150.512
-0.0125881 -151.185
-0.0124816 -151.843
-0.0123751 -152.487
-0.0122688 -153.118
-0.0121626 -153.735
-0.0120566 -154.34
-0.0119507 -154.932
-0.0118449 -155.513
-0.0117392 -156.082
-0.0116336 -156.639
-0.0115281 -157.186
-0.0114228 -157.722
-0.0113175 -158.248
-0.0112124 -158.764
-0.0111073 -159.27
-0.0110023 -159.767
-0.0108975 -160.254
-0.0107927 -160.733
-0.010688 -161.204
-0.0105833 -161.666
-0.0104788 -162.12
-0.0103743 -162.566
-0.0102699 -163.005
-0.0101656 -163.436
-0.0100614 -163.861
-0.00995722 -164.278
-0.00985312 -164.688
-0.00974908 -165.092
-0.0096451 -165.489
-0.00954119 -165.881
-0.00943734 -166.266
-0.00933355 -166.645
-0.00922981 -167.019
-0.00912613 -167.387
-0.0090225 -167.75
-0.00891893 -168.107
-0.0088154 -168.459
-0.00871193 -168.807
-0.0086085 -169.149
-0.00850513 -169.487
-0.00840179 -169.821
-0.0082985 -170.149
-0.00819526 -170.474
-0.00809206 -170.794
-0.00798889 -171.111
-0.00788577 -171.423
-0.00778269 -171.731
-0.00767964 -172.036
-0.00757663 -172.336
-0.00747366 -172.634
-0.00737072 -172.927
-0.00726782 -173.218
-0.00716495 -173.505
-0.00706211 -173.789
-0.00695931 -174.069
-0.00685653 -174.347
-0.00675379 -174.621
-0.00665107 -174.893
-0.00654838 -175.162
-0.00644572 -175.428
-0.00634309 -175.691
-0.00624048 -175.952
-0.0061379 -176.21
-0.00603535 -176.465
-0.00593281 -176.719
-0.00583031 -176.969
-0.00572782 -177.218
-0.00562536 -177.464
-0.00552292 -177.708
-0.0054205 -177.95
-0.00531811 -178.189
-0.00521573 -178.427
-0.00511337 -178.663
-0.00501104 -178.896
-0.00490872 -179.128
-0.00480642 -179.358
-0.00470414 -179.586
-0.00460187 -179.812
-0.00449963 -180.037
-0.0043974 -180.26
-0.00429519 -180.481
-0.00419299 -180.701
-0.00409081 -180.919
-0.00398864 -181.136
-0.00388649 -181.351
-0.00378435 -181.564
-0.00368223 -181.777
-0.00358012 -181.988
-0.00347803 -182.197
-0.00337595 -182.405
-0.00327388 -182.612
-0.00317182 -182.818
-0.00306978 -183.022
-0.00296775 -183.225
-0.00286572 -183.428
-0.00276372 -183.628
-0.00266172 -183.828
-0.00255973 -184.027
-0.00245775 -184.225
-0.00235579 -184.421
-0.00225383 -184.617
-0.00215188 -184.812
-0.00204995 -185.005
-0.00194802 -185.198
-0.0018461 -185.39
-0.00174419 -185.581
-0.00164229 -185.771
-0.00154039 -185.961
-0.00143851 -186.149
-0.00133663 -186.337
-0.00123476 -186.524
-0.0011329 -186.71
-0.00103105 -186.895
-0.0009292 -187.08
-0.00082736 -187.264
-0.000725527 -187.447
-0.0006237 -187.63
-0.00052188 -187.812
-0.000420066 -187.993
-0.000318258 -188.174
-0.000216456 -188.354
-0.00011466 -188.534
-1.28699e-05 -188.713
8.8915e-05 -188.891
0.000190695 -189.069
0.000292469 -189.247
0.000394239 -189.424
0.000496003 -189.6
0.000597763 -189.776
0.000699518 -189.952
0.000801269 -190.127
0.000903016 -190.302
0.00100476 -190.476
0.0011065 -190.65
0.00120823 -190.823
0.00130996 -190.996
0.00141169 -191.169
0.00151341 -191.341
0.00161513 -191.513
0.00171685 -191.685
0.00181856 -191.856
0.00192027 -192.027
0.00202198 -192.198
0.00212368 -192.368
0.00222538 -192.538
0.00232708 -192.708
0.00242878 -192.878
0.00253047 -193.047
0.00263216 -193.216
0.00273385 -193.385
0.00283554 -193.554
0.00293722 -193.722
0.0030389 -193.89
0.00314059 -194.059
0.00324226 -194.226
0.00334394 -194.394
0.00344562 -194.562
0.00354729 -194.729
0.00364896 -194.896
0.00375063 -195.063
0.0038523 -195.23
0.00395397 -195.397
0.00405564 -195.564
0.0041573 -195.73
0.00425896 -195.896
0.00436063 -196.063
0.00446229 -196.229
0.00456395 -196.395
0.00466561 -196.561
0.00476714 -196.714
0.00486858 -196.858
0.00497003 -197.003
0.00507148 -197.148
0.00517293 -197.293
0.00527438 -197.438
0.00537583 -197.583
0.00547729 -197.729
0.00557875 -197.875
0.00568021 -198.021
0.00578168 -198.168
0.00588315 -198.315
0.00598462 -198.462
0.00608609 -198.609
0.00618757 -198.757
0.00628905 -198.905
0.00639053 -199.053
0.00649202 -199.202
0.00659351 -199.351
0.006695 -199.5
0.0067965 -199.65
0.006898 -199.8
0.00699951 -199.951
0.00710102 -200.102
0.00720254 -200.254
0.00730406 -200.406
0.00740558 -200.558
0.00750711 -200.711
0.00760865 -200.865
0.00771019 -201.019
0.00781173 -201.173
0.00791329 -201.329
0.00801484 -201.484
0.0081164 -201.64
0.00821797 -201.797
0.00831955 -201.955
0.00842113 -202.113
0.00852271 -202.271
0.00862431 -202.431
0.00872591 -202.591
0.00882751 -202.751
0.00892912 -202.912
0.00903074 -203.074
0.00913237 -203.237
0.00923401 -203.401
0.00933565 -203.565
0.0094373 -203.73
0.00953896 -203.896
0.00964062 -204.062
0.0097423 -204.23
0.00984398 -204.398
0.00994567 -204.567
0.0100474 -204.737
0.0101491 -204.908
0.0102508 -205.08
0.0103525 -205.252
0.0104543 -205.426
0.010556 -205.6
0.0106578 -205.776
0.0107595 -205.952
0.0108613 -206.13
0.0109631 -206.309
0.0110649 -206.488
0.0111667 -206.669
0.0112685 -206.851
0.0113703 -207.034
0.0114722 -207.218
0.011574 -207.403
0.0116759 -207.59
0.0117778 -207.777
0.0118797 -207.966
0.0119816 -208.156
0.0120835 -208.348
0.0121854 -208.54
0.0122873 -208.734
0.0123893 -208.93
0.0124913 -209.127
0.0125932 -209.325
0.0126952 -209.524
0.0127973 -209.726
0.0128993 -209.928
0.0130013 -210.132
0.0131034 -210.338
0.0132041 -210.406
0.0133044 -210.44
0.0134047 -210.473
0.0135051 -210.507
0.0136054 -210.54
0.0137057 -210.573
0.0138061 -210.606
0.0139064 -210.639
0.0140067 -210.672
0.014107 -210.704
0.0142074 -210.737
0.0143077 -210.769
0.014408 -210.801
0.0145083 -210.833
0.0146086 -210.864
0.014709 -210.896
0.0148093 -210.927
0.0149096 -210.958
0.0150099 -210.989
0.0151102 -211.02
0.0152105 -211.051
0.0153108 -211.081
0.0154111 -211.112
0.0155114 -211.142
0.0156117 -211.172
0.015712 -211.202
0.0158123 -211.231
0.0159126 -211.261
0.0160129 -211.291
0.0161132 -211.32
0.0162135 -211.349
0.0163138 -211.378
0.0164141 -211.407
0.0165144 -211.436
0.0166146 -211.464
0.0167149 -211.493
0.0168152 -211.521
0.0169155 -211.55
0.0170158 -211.578
0.0171161 -211.606
0.0172163 -211.634
0.0173166 -211.661
0.0174169 -211.689
0.0175172 -211.717
0.0176175 -211.745
0.0177177 -211.774
0.017818 -211.802
0.0179183 -211.83
0.0180186 -211.858
0.0181189 -211.886
0.0182191 -211.915
0.0183194 -211.943
0.0184197 -211.972
0.01852 -212
0.0186203 -212.029
0.0187206 -212.057
0.0188209 -212.086
0.0189211 -212.115
0.0190214 -212.144
0.0191217 -212.173
0.019222 -212.201
0.0193223 -212.23
0.0194226 -212.259
0.0195229 -212.289
0.0196232 -212.318
0.0197235 -212.347
0.0198238 -212.376
0.0199241 -212.406
0.0200243 -212.435
0.0201246 -212.464
0.0202249 -212.494
0.0203252 -212.524
0.0204255 -212.553
0.0205258 -212.583
0.0206261 -212.613
0.0207264 -212.643
0.0208267 -212.672
0.020927 -212.702
0.0210273 -212.732
0.0211276 -212.763
0.0212279 -212.793
0.0213282 -212.823
0.0214285 -212.853
0.0215288 -212.884
0.0216291 -212.914
0.0217294 -212.945
0.0218298 -212.975
0.0219301 -213.006
0.0220304 -213.037
0.0221307 -213.068
0.022231 -213.098
0.0223313 -213.129
0.0224316 -213.16
0.0225319 -213.192
0.0226322 -213.223
0.0227325 -213.254
0.0228329 -213.285
0.0229332 -213.317
0.0230335 -213.348
0.0231338 -213.38
0.0232341 -213.412
0.0233344 -213.443
0.0234348 -213.475
0.0235351 -213.507
0.0236354 -213.539
0.0237357 -213.571
0.023836 -213.603
0.0239364 -213.636
0.0240367 -213.668
0.024137 -213.701
0.0242373 -213.733
0.0243377 -213.766
0.024438 -213.798
0.0245383 -213.831
0.0246386 -213.864
0.024739 -213.897
0.0248393 -213.93
0.0249396 -213.963
0.02504 -213.997
0.0251403 -214.03
0.0252406 -214.064
0.025341 -214.097
0.0254413 -214.131
0.0255416 -214.165
0.025642 -214.198
0.0257423 -214.232
0.0258427 -214.267
0.025943 -214.301
0.0260434 -214.335
0.0261437 -214.37
0.026244 -214.404
0.0263444 -214.439
0.0264447 -214.473
0.0265451 -214.508
0.0266454 -214.543
0.0267458 -214.578
0.0268461 -214.614
0.0269465 -214.649
0.0270468 -214.684
0.0271472 -214.72
0.0255047 -151.579
0.0239445 -94.4519
0.022435 -43.4989
0.0209935 0.65237
0.0196266 37.3343
0.0183333 66.667
0.0171055 89.4454
0.0159317 106.83
0.0147998 120.019
0.0136995 130.053
0.0126225 137.747
0.0115629 143.712
0.0105161 148.391
0.00947889 152.107
0.00844906 155.091
0.00742484 157.513
0.00640498 159.5
0.00538853 161.146
0.00437479 162.52
0.00336321 163.677
0.00235339 164.66
0.00134498 165.501
0.000338388 166.16
-0.000664707 166.47
-0.00166715 166.714
-0.00266907 166.906
-0.00367056 167.056
-0.00467173 167.172
-0.00567262 167.261
-0.0066733 167.33
-0.00767382 167.381
-0.00867421 167.42
-0.0096745 167.45
-0.0106747 167.472
-0.0116749 167.49
-0.012675 167.504
-0.0136752 167.517
-0.0146753 167.53
-0.0156754 167.544
-0.0166756 167.559
-0.0176758 167.576
-0.018676 167.596
-0.0196762 167.62
-0.0206765 167.648
-0.0216768 167.68
-0.0226772 167.716
-0.0236776 167.757
-0.024678 167.803
-0.0256785 167.854
-0.0266791 167.91
-0.0276798 167.982
-0.0286808 168.079
-0.029682 168.201
-0.0306835 168.35
-0.0316853 168.531
-0.0326875 168.747
-0.03369 169.004
-0.0346931 169.31
-0.0356968 169.68
-0.0367014 170.138
-0.0351404 114.6
-0.0336393 63.936
-0.0322079 20.867
-0.0308567 -14.3203
-0.0295806 -41.9332
-0.0283686 -63.1338
-0.0272069 -79.3139
-0.0260825 -91.754
-0.0249853 -101.471
-0.0239079 -109.215
-0.0228448 -115.52
-0.0217924 -120.763
-0.0207479 -125.213
-0.0197094 -129.06
-0.0186756 -132.444
-0.0176453 -135.467
-0.0166179 -138.205
-0.0155928 -140.717
-0.0145695 -143.047
-0.0135477 -145.23
-0.012527 -147.293
-0.0115074 -149.259
-0.0104885 -151.146
-0.00947031 -152.968
-0.00845262 -154.737
-0.00743536 -156.463
-0.00641843 -158.156
-0.00540177 -159.823
-0.0043853 -161.469
-0.00336898 -163.101
-0.00235275 -164.725
-0.00133657 -166.343
-0.000320389 -167.961
0.00069582 -169.582
0.0017121 -171.21
0.00272848 -172.848
0.00374499 -174.499
0.00476167 -176.167
0.00577855 -177.855
0.00679566 -179.566
0.00781212 -181.211
0.00882689 -182.689
0.00984178 -184.178
0.0108568 -185.68
0.011872 -187.197
0.0128873 -188.731
0.0139028 -190.282
0.0149185 -191.853
0.0159344 -193.444
0.0169506 -195.059
0.017967 -196.698
0.0189836 -198.363
0.0200006 -200.056
0.0210178 -201.777
0.0220353 -203.53
0.0230531 -205.314
0.0240713 -207.133
0.0250899 -208.986
0.0261081 -210.807
0.0271253 -212.525
0.028144 -214.396
0.029166 -216.605
0.0301998 -219.981
0.0312219 -222.19
0.0322365 -223.651
0.0332524 -225.242
0.0342698 -226.983
0.0352732 -227.317
0.0362732 -227.316
0.0372731 -227.315
0.0356047 -160.754
0.0340654 -106.547
0.0325804 -58.0467
0.0311591 -15.9121
0.029804 19.595
0.0285125 48.7508
0.0272776 72.2406
0.0260904 90.9559
0.0249419 105.808
0.0238239 117.612
0.0227296 127.042
0.0216537 134.631
0.0205939 140.609
0.0195461 145.391
0.0185072 149.285
0.0174752 152.478
0.0164488 155.111
0.015427 157.295
0.0144088 159.115
0.0133936 160.637
0.0123808 161.915
0.0113701 162.99
0.010361 163.896
0.00935337 164.662
0.00834691 165.308
0.00734145 165.854
0.00633684 166.315
0.00533296 166.703
0.0043297 167.029
0.00332697 167.302
0.0023247 167.529
0.00132282 167.718
0.000321276 167.872
-0.000679975 167.997
-0.00168097 168.097
-0.00268176 168.175
-0.00368235 168.235
-0.00468278 168.278
-0.00568308 168.307
-0.00668325 168.324
-0.00768332 168.331
-0.0086833 168.33
-0.00968321 168.32
-0.010683 168.304
-0.0116828 168.283
-0.0126826 168.258
-0.0136823 168.229
-0.014682 168.197
-0.0156816 168.162
-0.0166813 168.126
-0.0176809 168.088
-0.0186805 168.05
-0.0196801 168.01
-0.0206797 167.971
-0.0216793 167.932
-0.0226789 167.893
-0.0236786 167.855
-0.0246782 167.818
-0.0256778 167.782
-0.0266775 167.747
-0.0276771 167.713
-0.0286768 167.681
-0.0296765 167.65
-0.0306762 167.622
-0.0316759 167.594
-0.0326757 167.569
-0.0336755 167.546
-0.0346752 167.524
-0.0356751 167.505
-0.0366749 167.488
-0.0376747 167.474
-0.0386747 167.465
-0.0396746 167.461
-0.0406746 167.461
-0.0416747 167.466
-0.0426748 167.476
-0.0436749 167.49
-0.0446751 167.508
-0.0456753 167.53
-0.0466756 167.556
-0.0451325 113.26
-0.0436482 64.6136
-0.0422299 22.998
-0.0408831 -11.682
-0.039602 -39.7974
-0.0383776 -62.2414
-0.0371994 -80.0568
-0.0360577 -94.2276
-0.0349442 -105.583
-0.0338522 -114.779
-0.0327768 -122.315
-0.0317143 -128.568
-0.0306618 -133.82
-0.0296172 -138.282
-0.0285788 -142.116
-0.0275456 -145.443
-0.0265164 -148.359
-0.0254906 -150.937
-0.0244676 -153.235
-0.0234469 -155.3
-0.0224283 -157.169
-0.0214112 -158.872
-0.0203956 -160.433
-0.0193812 -161.874
-0.0183679 -163.21
-0.0173554 -164.457
-0.0163437 -165.625
-0.0153327 -166.726
-0.0143223 -167.768
-0.0133124 -168.758
-0.012303 -169.703
-0.0112939 -170.609
-0.0102852 -171.48
-0.00927679 -172.321
-0.00826865 -173.135
-0.00726074 -173.926
-0.00625302 -174.697
-0.00524549 -175.451
-0.00423809 -176.191
-0.00323083 -176.917
-0.00222367 -177.633
-0.00121659 -178.341
-0.000209583 -179.042
0.000797371 -179.737
0.00180429 -180.429
0.00281118 -181.118
0.00381807 -181.807
0.00482495 -182.495
0.00583186 -183.186
0.00683879 -183.879
0.00784576 -184.576
0.00885278 -185.278
0.00985986 -185.986
0.010867 -186.701
0.0118742 -187.425
0.0128816 -188.158
0.013889 -188.901
0.0148966 -189.656
0.0159042 -190.424
0.0169121 -191.206
0.01792 -192.003
0.0189282 -192.816
0.0199365 -193.647
0.020945 -194.497
0.0219537 -195.367
0.0229626 -196.259
0.0239717 -197.175
0.0249811 -198.115
0.0259908 -199.082
0.0270008 -200.078
0.028011 -201.104
0.0290188 -201.88
0.0300264 -202.642
0.0310342 -203.419
0.0320421 -204.214
0.0330503 -205.028
0.0340586 -205.86
0.0350671 -206.713
0.0360759 -207.587
0.0370848 -208.484
0.038094 -209.405
0.0391035 -210.352
0.0401133 -211.328
0.0411233 -212.332
0.0421337 -213.365
0.0431443 -214.43
0.0441553 -215.526
0.0451665 -216.654
0.0461782 -217.815
0.0471886 -218.865
0.045547 -154.721
0.044043 -104.308
0.0426025 -60.2527
0.0412278 -22.7865
0.0399163 8.37268
0.0386612 33.8783
0.0374543 54.5686
0.036287 71.3038
0.0351514 84.8636
0.034041 95.9043
0.0329505 104.955
0.0318757 112.43
0.0308135 118.655
0.0297612 123.878
0.0287171 128.294
0.0276795 132.053
0.0266472 135.276
0.0256195 138.055
0.0245953 140.465
0.0235743 142.566
0.0225559 144.406
0.0215397 146.026
0.0205254 147.457
0.0195127 148.726
0.0185014 149.855
0.0174913 150.864
0.0164823 151.768
0.0154742 152.58
0.0144669 153.312
0.0134602 153.974
0.0124543 154.573
0.0114488 155.117
0.0104439 155.612
0.00943935 156.064
0.00843522 156.477
0.00743143 156.856
0.00642796 157.204
0.00542475 157.524
0.0044218 157.819
0.00341907 158.093
0.00241653 158.346
0.00141418 158.581
0.000411991 158.8
-0.000590053 159.005
-0.00159196 159.196
-0.00259376 159.375
-0.00359544 159.544
-0.00459703 159.702
-0.00559853 159.852
-0.00659995 159.995
-0.0076013 160.129
-0.00860258 160.258
-0.00960381 160.381
-0.010605 160.498
-0.0116061 160.611
-0.0126072 160.719
-0.0136082 160.824
-0.0146093 160.925
-0.0156102 161.023
-0.0166112 161.119
-0.0176121 161.212
-0.018613 161.303
-0.0196139 161.392
-0.0206148 161.48
-0.0216157 161.566
-0.0226165 161.651
-0.0236174 161.735
-0.0246182 161.818
-0.025619 161.901
-0.0266198 161.983
-0.0276206 162.064
-0.0286215 162.146
-0.0296223 162.227
-0.0306231 162.308
-0.0316239 162.389
-0.0326247 162.471
-0.0336255 162.552
-0.0346263 162.634
-0.0356272 162.717
-0.036628 162.799
-0.0376288 162.883
-0.0386297 162.967
-0.0396305 163.051
-0.0406314 163.136
-0.0416322 163.222
-0.0426331 163.309
-0.043634 163.396
-0.0446348 163.484
-0.0456357 163.573
-0.0466366 163.663
-0.0476376 163.755
-0.0486385 163.849
-0.0496395 163.947
-0.0506405 164.046
-0.0516415 164.149
-0.0526425 164.254
-0.0536436 164.361
-0.0546447 164.471
-0.0556458 164.584
-0.056647 164.698
-0.0551189 112.112
-0.0536641 66.3389
-0.0522807 28.0765
-0.0509662 -3.32034
-0.0497128 -28.7518
-0.048508 -49.1929
-0.0473432 -65.6792
-0.0462094 -79.0577
-0.0450998 -90.0155
-0.0440091 -99.086
-0.0429332 -106.677
-0.041869 -113.098
-0.0408141 -118.586
-0.0397668 -123.321
-0.0387256 -127.443
-0.0376894 -131.062
-0.0366574 -134.263
-0.0356289 -137.115
-0.0346033 -139.672
-0.0335802 -141.978
-0.0325592 -144.071
-0.0315401 -145.979
-0.0305227 -147.728
-0.0295066 -149.339
-0.0284917 -150.828
-0.0274779 -152.21
-0.026465 -153.498
-0.0254529 -154.703
-0.0244416 -155.834
-0.023431 -156.899
-0.0224209 -157.905
-0.0214114 -158.858
-0.0204023 -159.764
-0.0193937 -160.627
-0.0183855 -161.451
-0.0173776 -162.241
-0.01637 -162.999
-0.0153627 -163.728
-0.0143557 -164.432
-0.0133489 -165.112
-0.0123423 -165.77
-0.0113359 -166.41
-0.0103297 -167.031
-0.00932362 -167.637
-0.00831771 -168.229
-0.00731193 -168.807
-0.00630626 -169.374
-0.0053007 -169.93
-0.00429523 -170.477
-0.00328985 -171.015
-0.00228455 -171.545
-0.00127931 -172.069
-0.000274126 -172.587
0.000731004 -173.1
0.00173609 -173.609
0.00274114 -174.114
0.00374617 -174.617
0.00475116 -175.116
0.00575615 -175.615
0.00676112 -176.112
0.00776609 -176.608
0.00877105 -177.105
0.00977602 -177.602
0.010781 -178.101
0.011786 -178.601
0.012791 -179.102
0.0137961 -179.607
0.0148011 -180.115
0.0158063 -180.626
0.0168114 -181.141
0.0178166 -181.661
0.0188219 -182.185
0.0198272 -182.716
0.0208325 -183.252
0.0218379 -183.795
0.0228434 -184.344
0.023849 -184.902
0.0248547 -185.467
0.0258604 -186.041
0.0268662 -186.624
0.0278722 -187.217
0.0288782 -187.821
0.0298844 -188.435
0.0308906 -189.061
0.031897 -189.699
0.0329035 -190.351
0.0339102 -191.016
0.034917 -191.695
0.0359239 -192.39
0.036931 -193.102
0.0379383 -193.83
0.0389458 -194.576
0.0399534 -195.342
0.0409613 -196.127
0.0419693 -196.934
0.0429776 -197.763
0.0439862 -198.616
0.0449949 -199.494
0.046004 -200.399
0.0470133 -201.331
0.0480229 -202.295
0.0490326 -203.263
0.0500398 -203.98
0.0510472 -204.716
0.0520547 -205.47
0.0504643 -146.375
0.0489981 -99.8201
0.0476007 -60.0807
0.0462684 -26.8417
0.044994 0.598694
0.043769 23.1024
0.0425846 41.5367
0.0414332 56.6825
0.040308 69.1968
0.0392039 79.6112
0.0381165 88.3466
0.0370427 95.733
0.0359797 102.028
0.0349257 107.434
0.0338789 112.109
0.0328382 116.179
0.0318026 119.744
0.0307711 122.885
0.0297433 125.668
0.0287186 128.144
0.0276963 130.358
0.0266765 132.347
0.0256585 134.14
0.0246423 135.763
0.0236276 137.236
0.0226142 138.578
0.0216019 139.805
0.0205907 140.93
0.0195803 141.964
0.0185708 142.916
0.017562 143.797
0.0165539 144.612
0.0155463 145.369
0.0145393 146.073
0.0135327 146.73
0.0125266 147.344
0.0115208 147.918
0.0105154 148.457
0.00951035 148.964
0.00850557 149.442
0.00750107 149.892
0.00649681 150.318
0.00549278 150.721
0.00448895 151.104
0.00348532 151.468
0.00248185 151.814
0.00147855 152.144
0.000475401 152.459
-0.000527614 152.761
-0.0015305 153.05
