-0.000166701 -0.0001
-0.000333404 -0.0002
-0.00050011 -0.0003
-0.000666818 -0.0004
-0.000833528 -0.0005
-0.00100024 -0.0006
-0.00116695 -0.0007
-0.00133367 -0.0008
-0.00150039 -0.0009
-0.00166711 -0.001
-0.00183383 -0.0011
-0.00200056 -0.0012
-0.00216728 -0.0013
-0.002334 -0.0014
-0.00250072 -0.0015
-0.00266742 -0.0016
-0.00283409 -0.0017
-0.00300072 -0.0018
-0.00316727 -0.0019
-0.00333368 -0.002
-0.00349988 -0.0021
-0.00366574 -0.0022
-0.0038311 -0.0023
-0.00399567 -0.0024
-0.00415907 -0.0025
-0.00432072 -0.0026
-0.00447978 -0.0027
-0.004635 -0.0028
-0.00478464 -0.0029
-0.00492648 -0.003
-0.00505839 -0.0031
-0.0051797 -0.0032
-0.0052922 -0.0033
-0.00539895 -0.0034
-0.00550255 -0.0035
-0.00560456 -0.0036
-0.00570578 -0.0037
-0.00580662 -0.0038
-0.00590726 -0.0039
-0.0060078 -0.004
-0.00610827 -0.0041
-0.00620872 -0.0042
-0.00630915 -0.0043
-0.00640957 -0.0044
-0.00650998 -0.0045
-0.00661039 -0.0046
-0.00671079 -0.0047
-0.0068112 -0.0048
-0.0069116 -0.0049
-0.00701201 -0.005
-0.00684661 -0.0049
-0.00668124 -0.0048
-0.00651589 -0.0047
-0.0063506 -0.0046
-0.00618535 -0.0045
-0.00602018 -0.0044
-0.00585508 -0.0043
-0.00569006 -0.0042
-0.00552514 -0.0041
-0.00536032 -0.004
-0.00519562 -0.0039
-0.00503104 -0.0038
-0.00486659 -0.0037
-0.00470228 -0.0036
-0.00453812 -0.0035
-0.00437411 -0.0034
-0.00421028 -0.0033
-0.00404663 -0.0032
-0.00388316 -0.0031
-0.00371989 -0.003
-0.00355682 -0.0029
-0.00339398 -0.0028
-0.00323136 -0.0027
-0.00306898 -0.0026
-0.00290684 -0.0025
-0.00274497 -0.0024
-0.00258337 -0.0023
-0.00242205 -0.0022
-0.00226102 -0.0021
-0.00210031 -0.002
-0.00193991 -0.0019
-0.00177984 -0.0018
-0.00162012 -0.0017
-0.00146075 -0.0016
-0.00130177 -0.0015
-0.00114317 -0.0014
-0.000984971 -0.0013
-0.000827195 -0.0012
-0.000669857 -0.0011
-0.000512973 -0.001
-0.000356562 -0.0009
-0.000200642 -0.0008
-4.52322e-05 -0.0007
0.000109646 -0.0006
0.000263971 -0.0005
0.000417721 -0.0004
0.000570872 -0.0003
0.0007234 -0.0002
0.000875278 -0.0001
0.00102648 -2.43919e-19
0.00117697 0.0001
0.00132673 0.0002
0.00147573 0.0003
0.00162392 0.0004
0.00177127 0.0005
0.00191775 0.0006
0.00206331 0.0007
0.00220791 0.0008
0.00235151 0.0009
0.00249406 0.001
0.00263551 0.0011
0.00277579 0.0012
0.00291486 0.0013
0.00305265 0.0014
0.00318908 0.0015
0.0033241 0.0016
0.00345761 0.0017
0.00358953 0.0018
0.00371977 0.0019
0.00384822 0.002
0.00397479 0.0021
0.00409933 0.0022
0.00422174 0.0023
0.00434184 0.0024
0.0044595 0.0025
0.00457452 0.0026
0.00468672 0.0027
0.00479586 0.0028
0.00490171 0.0029
0.00500397 0.003
0.00510399 0.0031
0.00520399 0.0032
0.00530399 0.0033
0.00540399 0.0034
0.00550399 0.0035
0.00560399 0.0036
0.00570399 0.0037
0.00580399 0.0038
0.00590399 0.0039
0.00600399 0.004
0.00610399 0.0041
0.00620399 0.0042
0.00630399 0.0043
0.00640398 0.0044
0.00650398 0.0045
0.00660397 0.0046
0.00670396 0.0047
0.00680394 0.0048
0.00690392 0.0049
0.0070039 0.005
0.00683882 0.0049
0.00667378 0.0048
0.00650878 0.0047
0.00634384 0.0046
0.00617899 0.0045
0.00601425 0.0044
0.00584961 0.0043
0.00568511 0.0042
0.00552076 0.0041
0.00535656 0.004
0.00519254 0.0039
0.00502871 0.0038
0.00486508 0.0037
0.00470167 0.0036
0.00453849 0.0035
0.00437555 0.0034
0.00421288 0.0033
0.00405047 0.0032
0.00388835 0.0031
0.00372653 0.003
0.00356503 0.0029
0.00340386 0.0028
0.00324303 0.0027
0.00308256 0.0026
0.00292246 0.0025
0.00276275 0.0024
0.00260345 0.0023
0.00244456 0.0022
0.00228611 0.0021
0.0021281 0.002
0.00197057 0.0019
0.00181351 0.0018
0.00165695 0.0017
0.0015009 0.0016
0.00134538 0.0015
0.00119041 0.0014
0.001036 0.0013
0.000882171 0.0012
0.000728937 0.0011
0.000576317 0.001
0.000424326 0.0009
0.000272983 0.0008
0.000122304 0.0007
-2.7694e-05 0.0006
-0.000176993 0.0005
-0.000325578 0.0004
-0.000473429 0.0003
-0.000620532 0.0002
-0.000766869 0.0001
-0.000912423 2.30393e-19
-0.00105718 -0.0001
-0.00120112 -0.0002
-0.00134423 -0.0003
-0.0014865 -0.0004
-0.00162791 -0.0005
-0.00176844 -0.0006
-0.00190808 -0.0007
-0.00204682 -0.0008
-0.00218465 -0.0009
-0.00232155 -0.001
-0.00245751 -0.0011
-0.00259253 -0.0012
-0.00272659 -0.0013
-0.00285968 -0.0014
-0.00299179 -0.0015
-0.00312293 -0.0016
-0.00325308 -0.0017
-0.00338223 -0.0018
-0.00351039 -0.0019
-0.00363755 -0.002
-0.00376371 -0.0021
-0.00388887 -0.0022
-0.00401303 -0.0023
-0.00413619 -0.0024
-0.00425835 -0.0025
-0.00437952 -0.0026
-0.00449971 -0.0027
-0.00461891 -0.0028
-0.00473713 -0.0029
-0.00485439 -0.003
-0.0049707 -0.0031
-0.00508605 -0.0032
-0.00520047 -0.0033
-0.00531396 -0.0034
-0.00542654 -0.0035
-0.00553822 -0.0036
-0.00564902 -0.0037
-0.00575894 -0.0038
-0.00586801 -0.0039
-0.00597623 -0.004
-0.00608364 -0.0041
-0.00619023 -0.0042
-0.00629603 -0.0043
-0.00640106 -0.0044
-0.00650533 -0.0045
-0.00660885 -0.0046
-0.00671166 -0.0047
-0.00681376 -0.0048
-0.00691517 -0.0049
-0.00701591 -0.005
-0.00711629 -0.0051
-0.00721666 -0.0052
-0.00731779 -0.0053
-0.00741839 -0.0054
-0.007519 -0.0055
-0.0076196 -0.0056
-0.00772021 -0.0057
-0.00782081 -0.0058
-0.00792142 -0.0059
-0.00802203 -0.006
-0.00812264 -0.0061
-0.00822324 -0.0062
-0.00832385 -0.0063
-0.00842446 -0.0064
-0.00852507 -0.0065
-0.00862568 -0.0066
-0.00872629 -0.0067
-0.0088269 -0.0068
-0.00892751 -0.0069
-0.00902812 -0.007
-0.00912873 -0.0071
-0.00922934 -0.0072
-0.00932995 -0.0073
-0.00943056 -0.0074
-0.00953118 -0.0075
-0.00963179 -0.0076
-0.0097324 -0.0077
-0.00983301 -0.0078
-0.00993363 -0.0079
-0.0100342 -0.008
-0.0101349 -0.0081
-0.0102355 -0.0082
-0.0103361 -0.0083
-0.0104367 -0.0084
-0.0105373 -0.0085
-0.0106379 -0.0086
-0.0107385 -0.0087
-0.0108392 -0.0088
-0.0109398 -0.0089
-0.0110404 -0.009
-0.011141 -0.0091
-0.0112416 -0.0092
-0.0113423 -0.0093
-0.0114429 -0.0094
-0.0115435 -0.0095
-0.0116441 -0.0096
-0.0117447 -0.0097
-0.0118454 -0.0098
-0.011946 -0.0099
-0.0120466 -0.01
-0.0121472 -0.0101
-0.0122478 -0.0102
-0.0123485 -0.0103
-0.0124491 -0.0104
-0.0125497 -0.0105
-0.0126503 -0.0106
-0.012751 -0.0107
-0.0128516 -0.0108
-0.0129522 -0.0109
-0.0130528 -0.011
-0.0131535 -0.0111
-0.0132541 -0.0112
-0.0133547 -0.0113
-0.0134553 -0.0114
-0.013556 -0.0115
-0.0136566 -0.0116
-0.0137572 -0.0117
-0.0138578 -0.0118
-0.0139585 -0.0119
-0.0140591 -0.012
-0.0141597 -0.0121
-0.0142604 -0.0122
-0.014361 -0.0123
-0.0144616 -0.0124
-0.0145622 -0.0125
-0.014662 -0.0126
-0.0147611 -0.0127
-0.0148604 -0.0128
-0.0149596 -0.0129
-0.0150588 -0.013
-0.015158 -0.0131
-0.0152573 -0.0132
-0.0153566 -0.0133
-0.0154559 -0.0134
-0.0155552 -0.0135
-0.0156545 -0.0136
-0.0157538 -0.0137
-0.0158531 -0.0138
-0.0159525 -0.0139
-0.0160518 -0.014
-0.0161512 -0.0141
-0.0162506 -0.0142
-0.01635 -0.0143
-0.0164494 -0.0144
-0.0165488 -0.0145
-0.0166482 -0.0146
-0.0167477 -0.0147
-0.0168471 -0.0148
-0.0169466 -0.0149
-0.0170461 -0.015
-0.0168823 -0.0149
-0.0167185 -0.0148
-0.0165549 -0.0147
-0.0163913 -0.0146
-0.0162279 -0.0145
-0.0160647 -0.0144
-0.0159016 -0.0143
-0.0157387 -0.0142
-0.015576 -0.0141
-0.0154135 -0.014
-0.0152514 -0.0139
-0.0150894 -0.0138
-0.0149278 -0.0137
-0.0147665 -0.0136
-0.0146055 -0.0135
-0.0144449 -0.0134
-0.0142846 -0.0133
-0.0141247 -0.0132
-0.0139652 -0.0131
-0.0138062 -0.013
-0.0136475 -0.0129
-0.0134893 -0.0128
-0.0133316 -0.0127
-0.0131744 -0.0126
-0.0130176 -0.0125
-0.0128614 -0.0124
-0.0127057 -0.0123
-0.0125506 -0.0122
-0.012396 -0.0121
-0.012242 -0.012
-0.0120886 -0.0119
-0.0119358 -0.0118
-0.0117837 -0.0117
-0.0116322 -0.0116
-0.0114813 -0.0115
-0.0113312 -0.0114
-0.0111817 -0.0113
-0.0110329 -0.0112
-0.0108848 -0.0111
-0.0107375 -0.011
-0.0105908 -0.0109
-0.0104449 -0.0108
-0.0102998 -0.0107
-0.0101554 -0.0106
-0.0100118 -0.0105
-0.00986903 -0.0104
-0.00972699 -0.0103
-0.00958575 -0.0102
-0.00944529 -0.0101
-0.00930563 -0.01
-0.00916678 -0.0099
-0.00902872 -0.0098
-0.00889147 -0.0097
-0.00875509 -0.0096
-0.00861962 -0.0095
-0.00848497 -0.0094
-0.00835115 -0.0093
-0.00821814 -0.0092
-0.00808595 -0.0091
-0.00795456 -0.009
-0.00782398 -0.0089
-0.00769419 -0.0088
-0.00756518 -0.0087
-0.00743695 -0.0086
-0.00730949 -0.0085
-0.00718278 -0.0084
-0.00705682 -0.0083
-0.00693159 -0.0082
-0.00680708 -0.0081
-0.00668328 -0.008
-0.00656017 -0.0079
-0.00643774 -0.0078
-0.00631598 -0.0077
-0.00619486 -0.0076
-0.00607439 -0.0075
-0.00595454 -0.0074
-0.0058353 -0.0073
-0.00571664 -0.0072
-0.00559857 -0.0071
-0.00548106 -0.007
-0.00536409 -0.0069
-0.00524766 -0.0068
-0.00513174 -0.0067
-0.00501633 -0.0066
-0.00490141 -0.0065
-0.00478696 -0.0064
-0.00467297 -0.0063
-0.00455943 -0.0062
-0.00444632 -0.0061
-0.00433363 -0.006
-0.00422134 -0.0059
-0.00410945 -0.0058
-0.00399794 -0.0057
-0.0038868 -0.0056
-0.00377601 -0.0055
-0.00366557 -0.0054
-0.00355547 -0.0053
-0.00344569 -0.0052
-0.00333622 -0.0051
-0.00322705 -0.005
-0.00311818 -0.0049
-0.00300959 -0.0048
-0.00290127 -0.0047
-0.00279321 -0.0046
-0.00268542 -0.0045
-0.00257786 -0.0044
-0.00247055 -0.0043
-0.00236347 -0.0042
-0.00225661 -0.0041
-0.00214997 -0.004
-0.00204353 -0.0039
-0.0019373 -0.0038
-0.00183126 -0.0037
-0.00172541 -0.0036
-0.00161974 -0.0035
-0.00151425 -0.0034
-0.00140893 -0.0033
-0.00130378 -0.0032
-0.00119878 -0.0031
-0.00109394 -0.003
-0.000989247 -0.0029
-0.000884699 -0.0028
-0.000780291 -0.0027
-0.000676019 -0.0026
-0.000571877 -0.0025
-0.000467862 -0.0024
-0.00036397 -0.0023
-0.000260197 -0.0022
-0.00015654 -0.0021
-5.29937e-05 -0.002
5.04442e-05 -0.0019
0.000153777 -0.0018
0.000257009 -0.0017
0.000360142 -0.0016
0.00046318 -0.0015
0.000566125 -0.0014
0.00066898 -0.0013
0.000771749 -0.0012
0.000874433 -0.0011
0.000977035 -0.001
0.00107956 -0.0009
0.001182 -0.0008
0.00128437 -0.0007
0.00138667 -0.0006
0.0014889 -0.0005
0.00159106 -0.0004
0.00169315 -0.0003
0.00179518 -0.0002
0.00189714 -0.0001
0.00199905 -2.43945e-19
0.00210089 0.0001
0.00220268 0.0002
0.00230441 0.0003
0.00240608 0.0004
0.00250771 0.0005
0.00260928 0.0006
0.0027108 0.0007
0.00281227 0.0008
0.0029137 0.0009
0.00301508 0.001
0.00311641 0.0011
0.0032177 0.0012
0.00331895 0.0013
0.00342015 0.0014
0.00352132 0.0015
0.00362245 0.0016
0.00372353 0.0017
0.00382458 0.0018
0.0039256 0.0019
0.00402658 0.002
0.00412752 0.0021
0.00422843 0.0022
0.00432931 0.0023
0.00443015 0.0024
0.00453097 0.0025
0.00463175 0.0026
0.0047325 0.0027
0.00483323 0.0028
0.00493392 0.0029
0.00503459 0.003
0.00513523 0.0031
0.00523585 0.0032
0.00533644 0.0033
0.005437 0.0034
0.00553754 0.0035
0.00563806 0.0036
0.00573855 0.0037
0.00583902 0.0038
0.00593946 0.0039
0.00603989 0.004
0.00614029 0.0041
0.00624068 0.0042
0.00634104 0.0043
0.00644138 0.0044
0.0065417 0.0045
0.00664201 0.0046
0.00674229 0.0047
0.00684256 0.0048
0.00694281 0.0049
0.00704304 0.005
0.00714326 0.0051
0.00724347 0.0052
0.00734369 0.0053
0.0074439 0.0054
0.00754412 0.0055
0.00764434 0.0056
0.00774455 0.0057
0.00784477 0.0058
0.00794499 0.0059
0.0080452 0.006
0.00814542 0.0061
0.00824564 0.0062
0.00834585 0.0063
0.00844607 0.0064
0.00854629 0.0065
0.00864651 0.0066
0.00874672 0.0067
0.00884694 0.0068
0.00894716 0.0069
0.00904738 0.007
0.0091476 0.0071
0.00924782 0.0072
0.00934804 0.0073
0.00944825 0.0074
0.00954847 0.0075
0.00964869 0.0076
0.00974891 0.0077
0.00984913 0.0078
0.00994935 0.0079
0.0100496 0.008
0.0101498 0.0081
0.01025 0.0082
0.0103502 0.0083
0.0104505 0.0084
0.0105507 0.0085
0.0106509 0.0086
0.0107511 0.0087
0.0108513 0.0088
0.0109516 0.0089
0.0110518 0.009
0.011152 0.0091
0.0112522 0.0092
0.0113524 0.0093
0.0114527 0.0094
0.0115529 0.0095
0.0116531 0.0096
0.0117533 0.0097
0.0118536 0.0098
0.0119538 0.0099
0.012054 0.01
0.0121542 0.0101
0.0122545 0.0102
0.0123547 0.0103
0.0124549 0.0104
0.0125551 0.0105
0.0126554 0.0106
0.0127556 0.0107
0.0128558 0.0108
0.012956 0.0109
0.0130563 0.011
0.0131565 0.0111
0.0132567 0.0112
0.0133569 0.0113
0.0134572 0.0114
0.0135574 0.0115
0.0136576 0.0116
0.0137578 0.0117
0.0138581 0.0118
0.0139583 0.0119
0.0140585 0.012
0.0141587 0.0121
0.014259 0.0122
0.0143592 0.0123
0.0144594 0.0124
0.0145597 0.0125
0.0146599 0.0126
0.0147601 0.0127
0.0148603 0.0128
0.0149606 0.0129
0.0150608 0.013
0.015161 0.0131
0.0152613 0.0132
0.0153615 0.0133
0.0154617 0.0134
0.015562 0.0135
0.0156622 0.0136
0.0157624 0.0137
0.0158627 0.0138
0.0159629 0.0139
0.0160631 0.014
0.0161633 0.0141
0.0162636 0.0142
0.0163638 0.0143
0.016464 0.0144
0.0165643 0.0145
0.0166645 0.0146
0.0167647 0.0147
0.016865 0.0148
0.0169652 0.0149
0.0170654 0.015
0.0169024 0.0149
0.0167395 0.0148
0.0165767 0.0147
0.016414 0.0146
0.0162515 0.0145
0.0160891 0.0144
0.015927 0.0143
0.0157651 0.0142
0.0156035 0.0141
0.0154421 0.014
0.0152811 0.0139
0.0151203 0.0138
0.0149599 0.0137
0.0147999 0.0136
0.0146402 0.0135
0.0144809 0.0134
0.014322 0.0133
0.0141635 0.0132
0.0140055 0.0131
0.0138479 0.013
0.0136909 0.0129
0.0135343 0.0128
0.0133782 0.0127
0.0132227 0.0126
0.0130676 0.0125
0.0129132 0.0124
0.0127593 0.0123
0.0126061 0.0122
0.0124534 0.0121
0.0123013 0.012
0.0121499 0.0119
0.0119991 0.0118
0.011849 0.0117
0.0116996 0.0116
0.0115508 0.0115
0.0114028 0.0114
0.0112555 0.0113
0.0111088 0.0112
0.010963 0.0111
0.0108178 0.011
0.0106734 0.0109
0.0105298 0.0108
0.0103869 0.0107
0.0102448 0.0106
0.0101034 0.0105
0.0099629 0.0104
0.00982312 0.0103
0.00968414 0.0102
0.00954594 0.0101
0.00940853 0.01
0.0092719 0.0099
0.00913606 0.0098
0.00900101 0.0097
0.00886673 0.0096
0.00873324 0.0095
0.00860051 0.0094
0.00846856 0.0093
0.00833736 0.0092
0.00820691 0.0091
0.00807721 0.009
0.00794825 0.0089
0.00782001 0.0088
0.00769249 0.0087
0.00756568 0.0086
0.00743956 0.0085
0.00731413 0.0084
0.00718937 0.0083
0.00706527 0.0082
0.00694181 0.0081
0.00681899 0.008
0.00669679 0.0079
0.0065752 0.0078
0.0064542 0.0077
0.00633401 0.0076
0.00621477 0.0075
0.00609611 0.0074
0.005978 0.0073
0.00586044 0.0072
0.00574341 0.0071
0.0056269 0.007
0.0055109 0.0069
0.00539538 0.0068
0.00528033 0.0067
0.00516575 0.0066
0.00505162 0.0065
0.00493791 0.0064
0.00482463 0.0063
0.00471176 0.0062
0.00459928 0.0061
0.00448718 0.006
0.00437545 0.0059
0.00426408 0.0058
0.00415306 0.0057
0.00404238 0.0056
0.00393202 0.0055
0.00382197 0.0054
0.00371223 0.0053
0.00360278 0.0052
0.00349362 0.0051
0.00338473 0.005
0.00327611 0.0049
0.00316774 0.0048
0.00305962 0.0047
0.00295175 0.0046
0.0028441 0.0045
0.00273668 0.0044
0.00262948 0.0043
0.00252249 0.0042
0.0024157 0.0041
0.0023091 0.004
0.0022027 0.0039
0.00209647 0.0038
0.00199043 0.0037
0.00188455 0.0036
0.00177885 0.0035
0.0016733 0.0034
0.0015679 0.0033
0.00146266 0.0032
0.00135756 0.0031
0.0012526 0.003
0.00114778 0.0029
0.00104309 0.0028
0.000938521 0.0027
0.000834079 0.0026
0.000729755 0.0025
0.000625546 0.0024
0.000521449 0.0023
0.000417459 0.0022
0.000313574 0.0021
0.00020979 0.002
0.000106104 0.0019
2.51221e-06 0.0018
-0.000100987 0.0017
-0.000204398 0.0016
-0.000307722 0.0015
-0.000410963 0.0014
-0.000514122 0.0013
-0.000617203 0.0012
-0.000720208 0.0011
-0.000823139 0.001
-0.000925999 0.0009
-0.00102879 0.0008
-0.00113151 0.0007
-0.00123417 0.0006
-0.00133676 0.0005
-0.00143929 0.0004
-0.00154177 0.0003
-0.00164418 0.0002
-0.00174654 0.0001
-0.00184884 2.43945e-19
-0.00195109 -0.0001
-0.00205329 -0.0002
-0.00215544 -0.0003
-0.00225754 -0.0004
-0.00235959 -0.0005
-0.0024616 -0.0006
-0.00256356 -0.0007
-0.00266548 -0.0008
-0.00276736 -0.0009
-0.00286919 -0.001
-0.00297099 -0.0011
-0.0030726 -0.0012
-0.00317415 -0.0013
-0.00327566 -0.0014
-0.00337713 -0.0015
-0.00347856 -0.0016
-0.00357995 -0.0017
-0.00368132 -0.0018
-0.00378264 -0.0019
-0.00388394 -0.002
-0.0039852 -0.0021
-0.00408643 -0.0022
-0.00418762 -0.0023
-0.00428879 -0.0024
-0.00438993 -0.0025
-0.00449104 -0.0026
-0.00459213 -0.0027
-0.00469318 -0.0028
-0.00479421 -0.0029
-0.00489522 -0.003
-0.0049962 -0.0031
-0.00509715 -0.0032
-0.00519808 -0.0033
-0.00529899 -0.0034
-0.00539988 -0.0035
-0.00550074 -0.0036
-0.00560158 -0.0037
-0.0057024 -0.0038
-0.0058032 -0.0039
-0.00590398 -0.004
-0.00600474 -0.0041
-0.00610549 -0.0042
-0.00620621 -0.0043
-0.00630691 -0.0044
-0.0064076 -0.0045
-0.00650827 -0.0046
-0.00660893 -0.0047
-0.00670956 -0.0048
-0.00681018 -0.0049
-0.00691079 -0.005
-0.00701138 -0.0051
-0.00711195 -0.0052
-0.00721251 -0.0053
-0.00731306 -0.0054
-0.00741359 -0.0055
-0.00751411 -0.0056
-0.00761461 -0.0057
-0.00771511 -0.0058
-0.00781559 -0.0059
-0.00791605 -0.006
-0.00801651 -0.0061
-0.00811695 -0.0062
-0.00821738 -0.0063
-0.0083178 -0.0064
-0.00841821 -0.0065
-0.00851861 -0.0066
-0.008619 -0.0067
-0.00871938 -0.0068
-0.00881974 -0.0069
-0.0089201 -0.007
-0.00902045 -0.0071
-0.00912079 -0.0072
-0.00922112 -0.0073
-0.00932144 -0.0074
-0.00942175 -0.0075
-0.00952205 -0.0076
-0.00962235 -0.0077
-0.00972263 -0.0078
-0.00982291 -0.0079
-0.00992318 -0.008
-0.0100234 -0.0081
-0.0101237 -0.0082
-0.0102239 -0.0083
-0.0103242 -0.0084
-0.0104244 -0.0085
-0.0105247 -0.0086
-0.0106249 -0.0087
-0.0107251 -0.0088
-0.0108253 -0.0089
-0.0109255 -0.009
-0.0110257 -0.0091
-0.0111259 -0.0092
-0.0112261 -0.0093
-0.0113262 -0.0094
-0.0114264 -0.0095
-0.0115266 -0.0096
-0.0116267 -0.0097
-0.0117269 -0.0098
-0.011827 -0.0099
-0.0119272 -0.01
-0.0120273 -0.0101
-0.0121275 -0.0102
-0.0122276 -0.0103
-0.0123277 -0.0104
-0.0124278 -0.0105
-0.0125279 -0.0106
-0.0126281 -0.0107
-0.0127282 -0.0108
-0.0128283 -0.0109
-0.0129284 -0.011
-0.0130285 -0.0111
-0.0131286 -0.0112
-0.0132286 -0.0113
-0.0133287 -0.0114
-0.0134288 -0.0115
-0.0135289 -0.0116
-0.013629 -0.0117
-0.013729 -0.0118
-0.0138291 -0.0119
-0.0139292 -0.012
-0.0140292 -0.0121
-0.0141293 -0.0122
-0.0142293 -0.0123
-0.0143294 -0.0124
-0.0144294 -0.0125
-0.0145295 -0.0126
-0.0146295 -0.0127
-0.0147296 -0.0128
-0.0148296 -0.0129
-0.0149296 -0.013
-0.0150297 -0.0131
-0.0151297 -0.0132
-0.0152297 -0.0133
-0.0153297 -0.0134
-0.0154298 -0.0135
-0.0155298 -0.0136
-0.0156298 -0.0137
-0.0157298 -0.0138
-0.0158298 -0.0139
-0.0159298 -0.014
-0.0160298 -0.0141
-0.0161299 -0.0142
-0.0162299 -0.0143
-0.0163299 -0.0144
-0.0164299 -0.0145
-0.0165299 -0.0146
-0.0166299 -0.0147
-0.0167299 -0.0148
-0.0168298 -0.0149
-0.0169298 -0.015
-0.0170298 -0.0151
-0.0171298 -0.0152
-0.0172298 -0.0153
-0.0173298 -0.0154
-0.0174298 -0.0155
-0.0175298 -0.0156
-0.0176299 -0.0157
-0.0177299 -0.0158
-0.0178299 -0.0159
-0.0179299 -0.016
-0.0180299 -0.0161
-0.0181299 -0.0162
-0.0182299 -0.0163
-0.01833 -0.0164
-0.01843 -0.0165
-0.01853 -0.0166
-0.01863 -0.0167
-0.0187301 -0.0168
-0.0188301 -0.0169
-0.0189301 -0.017
-0.0190302 -0.0171
-0.0191302 -0.0172
-0.0192302 -0.0173
-0.0193303 -0.0174
-0.0194303 -0.0175
-0.0195303 -0.0176
-0.0196304 -0.0177
-0.0197304 -0.0178
-0.0198305 -0.0179
-0.0199305 -0.018
-0.0200306 -0.0181
-0.0201306 -0.0182
-0.0202307 -0.0183
-0.0203307 -0.0184
-0.0204308 -0.0185
-0.0205307 -0.0186
-0.0206306 -0.0187
-0.0207304 -0.0188
-0.0208302 -0.0189
-0.02093 -0.019
-0.0210298 -0.0191
-0.0211297 -0.0192
-0.0212295 -0.0193
-0.0213293 -0.0194
-0.0214292 -0.0195
-0.021529 -0.0196
-0.0216289 -0.0197
-0.0217287 -0.0198
-0.0218286 -0.0199
-0.0219284 -0.02
-0.0220283 -0.0201
-0.0221282 -0.0202
-0.022228 -0.0203
-0.0223279 -0.0204
-0.0224278 -0.0205
-0.0225276 -0.0206
-0.0226275 -0.0207
-0.0227274 -0.0208
-0.0228273 -0.0209
-0.0229271 -0.021
-0.023027 -0.0211
-0.0231269 -0.0212
-0.0232268 -0.0213
-0.0233267 -0.0214
-0.0234266 -0.0215
-0.0235265 -0.0216
-0.0236264 -0.0217
-0.0237263 -0.0218
-0.0238262 -0.0219
-0.0239261 -0.022
-0.0240261 -0.0221
-0.024126 -0.0222
-0.0242259 -0.0223
-0.0243258 -0.0224
-0.0244257 -0.0225
-0.0245257 -0.0226
-0.0246256 -0.0227
-0.0247255 -0.0228
-0.0248255 -0.0229
-0.0249254 -0.023
-0.0250253 -0.0231
-0.0251253 -0.0232
-0.0252252 -0.0233
-0.0253252 -0.0234
-0.0254251 -0.0235
-0.0255251 -0.0236
-0.025625 -0.0237
-0.025725 -0.0238
-0.025825 -0.0239
-0.0259249 -0.024
-0.0260249 -0.0241
-0.0261249 -0.0242
-0.0262248 -0.0243
-0.0263248 -0.0244
-0.0264248 -0.0245
-0.0265248 -0.0246
-0.0266248 -0.0247
-0.0267247 -0.0248
-0.0268247 -0.0249
-0.0269247 -0.025
-0.0267633 -0.0249
-0.0266019 -0.0248
-0.0264408 -0.0247
-0.0262798 -0.0246
-0.0261191 -0.0245
-0.0259586 -0.0244
-0.0257984 -0.0243
-0.0256386 -0.0242
-0.025479 -0.0241
-0.0253198 -0.024
-0.0251609 -0.0239
-0.0250024 -0.0238
-0.0248444 -0.0237
-0.0246868 -0.0236
-0.0245296 -0.0235
-0.0243729 -0.0234
-0.0242166 -0.0233
-0.0240609 -0.0232
-0.0239057 -0.0231
-0.0237511 -0.023
-0.023597 -0.0229
-0.0234435 -0.0228
-0.0232905 -0.0227
-0.0231382 -0.0226
-0.0229865 -0.0225
-0.0228354 -0.0224
-0.022685 -0.0223
-0.0225353 -0.0222
-0.0223862 -0.0221
-0.0222378 -0.022
-0.0220901 -0.0219
-0.0219431 -0.0218
-0.0217969 -0.0217
-0.0216513 -0.0216
-0.0215066 -0.0215
-0.0213625 -0.0214
-0.0212192 -0.0213
-0.0210767 -0.0212
-0.020935 -0.0211
-0.020794 -0.021
-0.0206538 -0.0209
-0.0205144 -0.0208
-0.0203757 -0.0207
-0.0202379 -0.0206
-0.0201008 -0.0205
-0.0199645 -0.0204
-0.019829 -0.0203
-0.0196942 -0.0202
-0.0195603 -0.0201
-0.0194271 -0.02
-0.0192946 -0.0199
-0.0191629 -0.0198
-0.019032 -0.0197
-0.0189018 -0.0196
-0.0187723 -0.0195
-0.0186435 -0.0194
-0.0185155 -0.0193
-0.0183881 -0.0192
-0.0182615 -0.0191
-0.0181355 -0.019
-0.0180102 -0.0189
-0.0178855 -0.0188
-0.0177615 -0.0187
-0.0176381 -0.0186
-0.0175153 -0.0185
-0.0173932 -0.0184
-0.0172716 -0.0183
-0.0171506 -0.0182
-0.0170302 -0.0181
-0.0169103 -0.018
-0.0167909 -0.0179
-0.0166721 -0.0178
-0.0165537 -0.0177
-0.0164359 -0.0176
-0.0163185 -0.0175
-0.0162017 -0.0174
-0.0160852 -0.0173
-0.0159692 -0.0172
-0.0158537 -0.0171
-0.0157385 -0.017
-0.0156238 -0.0169
-0.0155094 -0.0168
-0.0153954 -0.0167
-0.0152818 -0.0166
-0.0151686 -0.0165
-0.0150557 -0.0164
-0.0149431 -0.0163
-0.0148309 -0.0162
-0.014719 -0.0161
-0.0146074 -0.016
-0.0144961 -0.0159
-0.014385 -0.0158
-0.0142743 -0.0157
-0.0141638 -0.0156
-0.0140536 -0.0155
-0.0139436 -0.0154
-0.0138339 -0.0153
-0.0137244 -0.0152
-0.0136152 -0.0151
-0.0135063 -0.015
-0.0133976 -0.0149
-0.0132891 -0.0148
-0.0131808 -0.0147
-0.0130727 -0.0146
-0.0129648 -0.0145
-0.0128571 -0.0144
-0.0127496 -0.0143
-0.0126423 -0.0142
-0.0125351 -0.0141
-0.0124281 -0.014
-0.0123212 -0.0139
-0.0122145 -0.0138
-0.0121079 -0.0137
-0.0120015 -0.0136
-0.0118952 -0.0135
-0.0117891 -0.0134
-0.0116831 -0.0133
-0.0115772 -0.0132
-0.0114715 -0.0131
-0.0113658 -0.013
-0.0112603 -0.0129
-0.0111549 -0.0128
-0.0110496 -0.0127
-0.0109444 -0.0126
-0.0108393 -0.0125
-0.0107343 -0.0124
-0.0106294 -0.0123
-0.0105246 -0.0122
-0.0104199 -0.0121
-0.0103153 -0.012
-0.0102108 -0.0119
-0.0101063 -0.0118
-0.010002 -0.0117
-0.00989767 -0.0116
-0.00979346 -0.0115
-0.00968933 -0.0114
-0.00958527 -0.0113
-0.00948127 -0.0112
-0.00937735 -0.0111
-0.0092735 -0.011
-0.0091697 -0.0109
-0.00906598 -0.0108
-0.00896231 -0.0107
-0.0088587 -0.0106
-0.00875515 -0.0105
-0.00865166 -0.0104
-0.00854822 -0.0103
-0.00844484 -0.0102
-0.00834151 -0.0101
-0.00823823 -0.01
-0.00813499 -0.0099
-0.00803181 -0.0098
-0.00792867 -0.0097
-0.00782558 -0.0096
-0.00772254 -0.0095
-0.00761954 -0.0094
-0.00751657 -0.0093
-0.00741365 -0.0092
-0.00731078 -0.0091
-0.00720794 -0.009
-0.00710513 -0.0089
-0.00700237 -0.0088
-0.00689964 -0.0087
-0.00679695 -0.0086
-0.00669429 -0.0085
-0.00659166 -0.0084
-0.00648907 -0.0083
-0.00638651 -0.0082
-0.00628398 -0.0081
-0.00618148 -0.008
-0.00607901 -0.0079
-0.00597657 -0.0078
-0.00587416 -0.0077
-0.00577177 -0.0076
-0.00566942 -0.0075
-0.00556708 -0.0074
-0.00546478 -0.0073
-0.0053625 -0.0072
-0.00526024 -0.0071
-0.00515801 -0.007
-0.0050558 -0.0069
-0.00495362 -0.0068
-0.00485145 -0.0067
-0.00474931 -0.0066
-0.00464719 -0.0065
-0.00454509 -0.0064
-0.00444301 -0.0063
-0.00434095 -0.0062
-0.00423891 -0.0061
-0.00413689 -0.006
-0.00403488 -0.0059
-0.0039329 -0.0058
-0.00383093 -0.0057
-0.00372898 -0.0056
-0.00362705 -0.0055
-0.00352513 -0.0054
-0.00342323 -0.0053
-0.00332135 -0.0052
-0.00321948 -0.0051
-0.00311762 -0.005
-0.00301578 -0.0049
-0.00291396 -0.0048
-0.00281215 -0.0047
-0.00271035 -0.0046
-0.00260856 -0.0045
-0.00250679 -0.0044
-0.00240503 -0.0043
-0.00230329 -0.0042
-0.00220156 -0.0041
-0.00209983 -0.004
-0.00199812 -0.0039
-0.00189643 -0.0038
-0.00179474 -0.0037
-0.00169306 -0.0036
-0.0015914 -0.0035
-0.00148974 -0.0034
-0.0013881 -0.0033
-0.00128646 -0.0032
-0.00118484 -0.0031
-0.00108323 -0.003
-0.00098162 -0.0029
-0.000880023 -0.0028
-0.000778436 -0.0027
-0.000676857 -0.0026
-0.000575287 -0.0025
-0.000473726 -0.0024
-0.000372172 -0.0023
-0.000270627 -0.0022
-0.000169089 -0.0021
-6.75594e-05 -0.002
3.3963e-05 -0.0019
0.000135478 -0.0018
0.000236986 -0.0017
0.000338487 -0.0016
0.000439981 -0.0015
0.000541468 -0.0014
0.000642949 -0.0013
0.000744424 -0.0012
0.000845892 -0.0011
0.000947354 -0.001
0.00104881 -0.0009
0.00115026 -0.0008
0.00125171 -0.0007
0.00135314 -0.0006
0.00145458 -0.0005
0.00155601 -0.0004
0.00165743 -0.0003
0.00175885 -0.0002
0.00186026 -0.0001
0.00196167 -2.43945e-19
0.00206307 0.0001
0.00216447 0.0002
0.00226587 0.0003
0.00236726 0.0004
0.00246864 0.0005
0.00257003 0.0006
0.0026714 0.0007
0.00277278 0.0008
0.00287415 0.0009
0.00297552 0.001
0.00307688 0.0011
0.00317824 0.0012
0.00327959 0.0013
0.00338095 0.0014
0.00348229 0.0015
0.00358364 0.0016
0.00368498 0.0017
0.00378632 0.0018
0.00388766 0.0019
0.00398899 0.002
0.00409032 0.0021
0.00419165 0.0022
0.00429298 0.0023
0.0043943 0.0024
0.00449562 0.0025
0.00459694 0.0026
0.00469826 0.0027
0.0047995 0.0028
0.00490067 0.0029
0.00500184 0.003
0.005103 0.0031
0.00520417 0.0032
0.00530533 0.0033
0.0054065 0.0034
0.00550767 0.0035
0.00560883 0.0036
0.00571 0.0037
0.00581116 0.0038
0.00591233 0.0039
0.0060135 0.004
0.00611466 0.0041
0.00621583 0.0042
0.006317 0.0043
0.00641817 0.0044
0.00651934 0.0045
0.00662051 0.0046
0.00672169 0.0047
0.00682286 0.0048
0.00692404 0.0049
0.00702521 0.005
0.00712639 0.0051
0.00722757 0.0052
0.00732875 0.0053
0.00742994 0.0054
0.00753113 0.0055
0.00763231 0.0056
0.0077335 0.0057
0.0078347 0.0058
0.00793589 0.0059
0.00803709 0.006
0.00813829 0.0061
0.0082395 0.0062
0.0083407 0.0063
0.00844191 0.0064
0.00854313 0.0065
0.00864434 0.0066
0.00874556 0.0067
0.00884679 0.0068
0.00894801 0.0069
0.00904924 0.007
0.00915048 0.0071
0.00925171 0.0072
0.00935296 0.0073
0.0094542 0.0074
0.00955545 0.0075
0.00965671 0.0076
0.00975797 0.0077
0.00985923 0.0078
0.0099605 0.0079
0.0100618 0.008
0.0101631 0.0081
0.0102643 0.0082
0.0103656 0.0083
0.0104669 0.0084
0.0105682 0.0085
0.0106695 0.0086
0.0107708 0.0087
0.0108722 0.0088
0.0109735 0.0089
0.0110748 0.009
0.0111762 0.0091
0.0112775 0.0092
0.0113789 0.0093
0.0114802 0.0094
0.0115816 0.0095
0.011683 0.0096
0.0117843 0.0097
0.0118857 0.0098
0.0119871 0.0099
0.0120885 0.01
0.0121899 0.0101
0.0122914 0.0102
0.0123928 0.0103
0.0124942 0.0104
0.0125957 0.0105
0.0126971 0.0106
0.0127986 0.0107
0.0129001 0.0108
0.0130015 0.0109
0.013103 0.011
0.0132034 0.0111
0.0133037 0.0112
0.0134041 0.0113
0.0135044 0.0114
0.0136047 0.0115
0.0137051 0.0116
0.0138054 0.0117
0.0139057 0.0118
0.0140061 0.0119
0.0141064 0.012
0.0142067 0.0121
0.014307 0.0122
0.0144073 0.0123
0.0145077 0.0124
0.014608 0.0125
0.0147083 0.0126
0.0148086 0.0127
0.0149089 0.0128
0.0150092 0.0129
0.0151095 0.013
0.0152098 0.0131
0.0153101 0.0132
0.0154104 0.0133
0.0155107 0.0134
0.015611 0.0135
0.0157113 0.0136
0.0158116 0.0137
0.0159119 0.0138
0.0160122 0.0139
0.0161125 0.014
0.0162128 0.0141
0.0163131 0.0142
0.0164134 0.0143
0.0165137 0.0144
0.016614 0.0145
0.0167143 0.0146
0.0168145 0.0147
0.0169148 0.0148
0.0170151 0.0149
0.0171154 0.015
0.0172157 0.0151
0.0173159 0.0152
0.0174162 0.0153
0.0175165 0.0154
0.0176168 0.0155
0.017717 0.0156
0.0178173 0.0157
0.0179176 0.0158
0.0180179 0.0159
0.0181182 0.016
0.0182185 0.0161
0.0183187 0.0162
0.018419 0.0163
0.0185193 0.0164
0.0186196 0.0165
0.0187199 0.0166
0.0188202 0.0167
0.0189205 0.0168
0.0190207 0.0169
0.019121 0.017
0.0192213 0.0171
0.0193216 0.0172
0.0194219 0.0173
0.0195222 0.0174
0.0196225 0.0175
0.0197228 0.0176
0.0198231 0.0177
0.0199234 0.0178
0.0200236 0.0179
0.0201239 0.018
0.0202242 0.0181
0.0203245 0.0182
0.0204248 0.0183
0.0205251 0.0184
0.0206254 0.0185
0.0207257 0.0186
0.020826 0.0187
0.0209263 0.0188
0.0210266 0.0189
0.0211269 0.019
0.0212272 0.0191
0.0213275 0.0192
0.0214278 0.0193
0.0215281 0.0194
0.0216284 0.0195
0.0217287 0.0196
0.021829 0.0197
0.0219293 0.0198
0.0220296 0.0199
0.0221299 0.02
0.0222303 0.0201
0.0223306 0.0202
0.0224309 0.0203
0.0225312 0.0204
0.0226315 0.0205
0.0227318 0.0206
0.0228321 0.0207
0.0229324 0.0208
0.0230327 0.0209
0.0231331 0.021
0.0232334 0.0211
0.0233337 0.0212
0.023434 0.0213
0.0235343 0.0214
0.0236346 0.0215
0.023735 0.0216
0.0238353 0.0217
0.0239356 0.0218
0.0240359 0.0219
0.0241363 0.022
0.0242366 0.0221
0.0243369 0.0222
0.0244372 0.0223
0.0245376 0.0224
0.0246379 0.0225
0.0247382 0.0226
0.0248385 0.0227
0.0249389 0.0228
0.0250392 0.0229
0.0251395 0.023
0.0252399 0.0231
0.0253402 0.0232
0.0254405 0.0233
0.0255409 0.0234
0.0256412 0.0235
0.0257415 0.0236
0.0258419 0.0237
0.0259422 0.0238
0.0260426 0.0239
0.0261429 0.024
0.0262433 0.0241
0.0263436 0.0242
0.0264439 0.0243
0.0265443 0.0244
0.0266446 0.0245
0.026745 0.0246
0.0268453 0.0247
0.0269457 0.0248
0.027046 0.0249
0.0271464 0.025
0.0255219 0.024
0.0239498 0.023
0.0224361 0.022
0.0209894 0.021
0.0196164 0.02
0.0183162 0.019
0.0170813 0.018
0.0159005 0.017
0.0147619 0.016
0.0136554 0.015
0.0125726 0.014
0.0115075 0.013
0.0104556 0.012
0.00941371 0.011
0.00837934 0.01
0.00735079 0.009
0.00632678 0.008
0.00530635 0.007
0.00428878 0.006
0.0032735 0.005
0.00226008 0.004
0.00124818 0.003
0.000237541 0.002
-0.000770011 0.001
-0.00177669 -1.11022e-16
-0.00278273 -0.001
-0.00378823 -0.002
-0.0047933 -0.003
-0.005798 -0.004
-0.0068024 -0.005
-0.00780655 -0.006
-0.00881049 -0.007
-0.00981425 -0.008
-0.0108179 -0.009
-0.0118214 -0.01
-0.0128248 -0.011
-0.0138281 -0.012
-0.0148314 -0.013
-0.0158346 -0.014
-0.0168378 -0.015
-0.0178409 -0.016
-0.0188441 -0.017
-0.0198472 -0.018
-0.0208503 -0.019
-0.0218534 -0.02
-0.0228565 -0.021
-0.0238596 -0.022
-0.0248628 -0.023
-0.0258659 -0.024
-0.0268691 -0.025
-0.0278724 -0.026
-0.0288759 -0.027
-0.0298797 -0.028
-0.0308837 -0.029
-0.0318881 -0.03
-0.0328928 -0.031
-0.0338979 -0.032
-0.0349034 -0.033
-0.0359097 -0.034
-0.0369168 -0.035
-0.03533 -0.034
-0.0337938 -0.033
-0.0323248 -0.032
-0.0309328 -0.031
-0.0296178 -0.03
-0.0283717 -0.029
-0.027182 -0.028
-0.0260357 -0.027
-0.0249217 -0.026
-0.0238314 -0.025
-0.0227586 -0.024
-0.0216988 -0.023
-0.0206486 -0.022
-0.0196057 -0.021
-0.0185685 -0.02
-0.0175357 -0.019
-0.0165064 -0.018
-0.0154799 -0.017
-0.0144557 -0.016
-0.0134333 -0.015
-0.0124123 -0.014
-0.0113926 -0.013
-0.010374 -0.012
-0.00935616 -0.011
-0.00833905 -0.01
-0.00732254 -0.009
-0.00630651 -0.008
-0.0052909 -0.007
-0.00427563 -0.006
-0.00326063 -0.005
-0.00224586 -0.004
-0.00123126 -0.003
-0.000216786 -0.002
0.000797589 -0.001
0.00181191 -1.11022e-16
0.0028262 0.001
0.0038405 0.002
0.00485483 0.003
0.00586922 0.004
0.0068837 0.005
0.00789758 0.006
0.00891038 0.007
0.00992319 0.008
0.0109361 0.009
0.011949 0.01
0.0129619 0.011
0.013975 0.012
0.0149882 0.013
0.0160014 0.014
0.0170148 0.015
0.0180283 0.016
0.019042 0.017
0.0200558 0.018
0.0210698 0.019
0.0220839 0.02
0.0230983 0.021
0.0241128 0.022
0.0251276 0.023
0.026142 0.024
0.0271559 0.025
0.0281709 0.026
0.0291886 0.027
0.030213 0.028
0.0312397 0.029
0.0322496 0.03
0.0332604 0.031
0.0342722 0.032
0.0352727 0.033
0.0362727 0.034
0.0372726 0.035
0.0356306 0.034
0.034081 0.033
0.0325875 0.032
0.0311565 0.031
0.0297907 0.03
0.0284881 0.029
0.0272423 0.028
0.0260449 0.027
0.024887 0.026
0.0237604 0.025
0.0226585 0.024
0.0215757 0.023
0.0205085 0.022
0.0194541 0.021
0.0184089 0.02
0.0173713 0.019
0.0163395 0.018
0.0153126 0.017
0.0142895 0.016
0.0132697 0.015
0.0122525 0.014
0.0112375 0.013
0.0102244 0.012
0.00921281 0.011
0.00820257 0.01
0.00719346 0.009
0.00618531 0.008
0.005178 0.007
0.00417141 0.006
0.00316544 0.005
0.00216002 0.004
0.00115507 0.003
0.000150532 0.002
-0.000853643 0.001
-0.0018575 -1.11022e-16
-0.00286107 -0.001
-0.0038644 -0.002
-0.00486751 -0.003
-0.00587042 -0.004
-0.00687316 -0.005
-0.00787575 -0.006
-0.00887821 -0.007
-0.00988055 -0.008
-0.0108828 -0.009
-0.0118849 -0.01
-0.012887 -0.011
-0.0138889 -0.012
-0.0148909 -0.013
-0.0158927 -0.014
-0.0168945 -0.015
-0.0178963 -0.016
-0.018898 -0.017
-0.0198997 -0.018
-0.0209013 -0.019
-0.021903 -0.02
-0.0229046 -0.021
-0.0239062 -0.022
-0.0249078 -0.023
-0.0259093 -0.024
-0.0269109 -0.025
-0.0279124 -0.026
-0.028914 -0.027
-0.0299155 -0.028
-0.030917 -0.029
-0.0319185 -0.03
-0.0329201 -0.031
-0.0339216 -0.032
-0.0349231 -0.033
-0.0359247 -0.034
-0.0369262 -0.035
-0.0379278 -0.036
-0.0389294 -0.037
-0.039931 -0.038
-0.0409327 -0.039
-0.0419344 -0.04
-0.0429361 -0.041
-0.0439379 -0.042
-0.0449397 -0.043
-0.0459415 -0.044
-0.0469434 -0.045
-0.0453646 -0.044
-0.0438403 -0.043
-0.0423788 -0.042
-0.0409858 -0.041
-0.0396602 -0.04
-0.0383955 -0.039
-0.0371827 -0.038
-0.0360122 -0.037
-0.0348751 -0.036
-0.0337642 -0.035
-0.0326736 -0.034
-0.0315988 -0.033
-0.0305363 -0.032
-0.0294836 -0.031
-0.0284387 -0.03
-0.0274 -0.029
-0.0263664 -0.028
-0.025337 -0.027
-0.0243111 -0.026
-0.023288 -0.025
-0.0222674 -0.024
-0.0212488 -0.023
-0.0202319 -0.022
-0.0192166 -0.021
-0.0182025 -0.02
-0.0171895 -0.019
-0.0161776 -0.018
-0.0151664 -0.017
-0.014156 -0.016
-0.0131462 -0.015
-0.0121371 -0.014
-0.0111284 -0.013
-0.0101202 -0.012
-0.00911234 -0.011
-0.00810486 -0.01
-0.0070977 -0.009
-0.00609081 -0.008
-0.00508417 -0.007
-0.00407775 -0.006
-0.00307153 -0.005
-0.00206547 -0.004
-0.00105956 -0.003
-5.37819e-05 -0.002
0.000951884 -0.001
0.00195745 -1.11022e-16
0.00296294 0.001
0.00396836 0.002
0.00497372 0.003
0.00597905 0.004
0.00698434 0.005
0.00798961 0.006
0.00899487 0.007
0.0100001 0.008
0.0110054 0.009
0.0120107 0.01
0.013016 0.011
0.0140214 0.012
0.0150268 0.013
0.0160323 0.014
0.0170378 0.015
0.0180435 0.016
0.0190492 0.017
0.020055 0.018
0.0210609 0.019
0.0220669 0.02
0.0230731 0.021
0.0240794 0.022
0.0250858 0.023
0.0260924 0.024
0.0270992 0.025
0.0281062 0.026
0.0291113 0.027
0.0301164 0.028
0.0311217 0.029
0.0321271 0.03
0.0331326 0.031
0.0341382 0.032
0.0351439 0.033
0.0361498 0.034
0.0371558 0.035
0.038162 0.036
0.0391683 0.037
0.0401749 0.038
0.0411816 0.039
0.0421885 0.04
0.0431957 0.041
0.044203 0.042
0.0452106 0.043
0.0462184 0.044
0.0472252 0.045
0.0456026 0.044
0.0440856 0.043
0.0426304 0.042
0.0412398 0.041
0.0399118 0.04
0.0386406 0.039
0.0374186 0.038
0.0362374 0.037
0.0350894 0.036
0.0339679 0.035
0.0328675 0.034
0.0317839 0.033
0.0307137 0.032
0.0296543 0.031
0.0286035 0.03
0.0275599 0.029
0.026522 0.028
0.025489 0.027
0.0244601 0.026
0.0234345 0.025
0.0224118 0.024
0.0213915 0.023
0.0203732 0.022
0.0193568 0.021
0.0183419 0.02
0.0173284 0.019
0.016316 0.018
0.0153047 0.017
0.0142943 0.016
0.0132847 0.015
0.0122758 0.014
0.0112675 0.013
0.0102598 0.012
0.00925256 0.011
0.00824579 0.01
0.00723944 0.009
0.00623345 0.008
0.00522778 0.007
0.00422242 0.006
0.00321733 0.005
0.00221248 0.004
0.00120785 0.003
0.000203426 0.002
-0.000800814 0.001
-0.00180489 -1.11022e-16
-0.0028088 -0.001
-0.00381258 -0.002
-0.00481623 -0.003
-0.00581976 -0.004
-0.00682318 -0.005
-0.0078265 -0.006
-0.00882974 -0.007
-0.00983289 -0.008
-0.010836 -0.009
-0.011839 -0.01
-0.0128419 -0.011
-0.0138448 -0.012
-0.0148476 -0.013
-0.0158504 -0.014
-0.0168531 -0.015
-0.0178558 -0.016
-0.0188584 -0.017
-0.019861 -0.018
-0.0208636 -0.019
-0.0218662 -0.02
-0.0228687 -0.021
-0.0238712 -0.022
-0.0248736 -0.023
-0.0258761 -0.024
-0.0268785 -0.025
-0.0278809 -0.026
-0.0288833 -0.027
-0.0298857 -0.028
-0.0308881 -0.029
-0.0318904 -0.03
-0.0328928 -0.031
-0.0338951 -0.032
-0.0348975 -0.033
-0.0358998 -0.034
-0.0369021 -0.035
-0.0379044 -0.036
-0.0389068 -0.037
-0.0399091 -0.038
-0.0409114 -0.039
-0.0419137 -0.04
-0.042916 -0.041
-0.0439183 -0.042
-0.0449206 -0.043
-0.0459229 -0.044
-0.0469252 -0.045
-0.0479275 -0.046
-0.0489299 -0.047
-0.0499322 -0.048
-0.0509346 -0.049
-0.051937 -0.05
-0.0529395 -0.051
-0.0539419 -0.052
-0.0549444 -0.053
-0.0559469 -0.054
-0.0569494 -0.055
-0.0553781 -0.054
-0.0538798 -0.053
-0.0524473 -0.052
-0.0510837 -0.051
-0.0497833 -0.05
-0.0485377 -0.049
-0.0473375 -0.048
-0.046174 -0.047
-0.0450398 -0.046
-0.0439286 -0.045
-0.0428357 -0.044
-0.0417574 -0.043
-0.0406907 -0.042
-0.0396334 -0.041
-0.0385838 -0.04
-0.0375405 -0.039
-0.0365024 -0.038
-0.0354686 -0.037
-0.0344385 -0.036
-0.0334116 -0.035
-0.0323873 -0.034
-0.0313653 -0.033
-0.0303453 -0.032
-0.0293271 -0.031
-0.0283103 -0.03
-0.0272948 -0.029
-0.0262806 -0.028
-0.0252673 -0.027
-0.024255 -0.026
-0.0232435 -0.025
-0.0222327 -0.024
-0.0212226 -0.023
-0.020213 -0.022
-0.019204 -0.021
-0.0181955 -0.02
-0.0171875 -0.019
-0.0161798 -0.018
-0.0151725 -0.017
-0.0141655 -0.016
-0.0131588 -0.015
-0.0121524 -0.014
-0.0111463 -0.013
-0.0101404 -0.012
-0.0091347 -0.011
-0.0081292 -0.01
-0.00712388 -0.009
-0.00611871 -0.008
-0.0051137 -0.007
-0.00410883 -0.006
-0.00310409 -0.005
-0.00209945 -0.004
-0.00109493 -0.003
-9.04988e-05 -0.002
0.000913844 -0.001
0.00191811 -1.11022e-16
0.0029223 0.001
0.00392643 0.002
0.00493049 0.003
0.00593451 0.004
0.00693849 0.005
0.00794242 0.006
0.00894632 0.007
0.00995019 0.008
0.010954 0.009
0.0119579 0.01
0.0129617 0.011
0.0139655 0.012
0.0149693 0.013
0.0159731 0.014
0.0169769 0.015
0.0179807 0.016
0.0189846 0.017
0.0199884 0.018
0.0209923 0.019
0.0219962 0.02
0.0230001 0.021
0.0240041 0.022
0.025008 0.023
0.0260121 0.024
0.0270162 0.025
0.0280203 0.026
0.0290245 0.027
0.0300288 0.028
0.0310331 0.029
0.0320375 0.03
0.033042 0.031
0.0340465 0.032
0.0350512 0.033
0.0360559 0.034
0.0370607 0.035
0.0380657 0.036
0.0390707 0.037
0.0400759 0.038
0.0410812 0.039
0.0420867 0.04
0.0430922 0.041
0.044098 0.042
0.0451039 0.043
0.04611 0.044
0.0471162 0.045
0.0481227 0.046
0.0491287 0.047
0.0501335 0.048
0.0511384 0.049
0.0521435 0.05
0.0505574 0.049
0.0490715 0.048
0.0476524 0.047
0.0462977 0.046
0.0450015 0.045
0.0437561 0.044
0.0425533 0.043
0.0413855 0.042
0.0402459 0.041
0.039129 0.04
0.0380304 0.039
0.0369466 0.038
0.0358747 0.037
0.0348127 0.036
0.0337587 0.035
0.0327114 0.034
0.0316697 0.033
0.0306327 0.032
0.0295997 0.031
0.0285701 0.03
0.0275434 0.029
0.0265193 0.028
0.0254973 0.027
0.0244772 0.026
0.0234589 0.025
0.0224419 0.024
0.0214263 0.023
0.0204118 0.022
0.0193984 0.021
0.0183859 0.02
0.0173742 0.019
0.0163632 0.018
0.0153529 0.017
0.0143432 0.016
0.0133341 0.015
0.0123254 0.014
0.0113172 0.013
0.0103094 0.012
0.009302 0.011
0.00829493 0.01
0.00728818 0.009
0.00628171 0.008
0.00527552 0.007
0.00426957 0.006
0.00326384 0.005
0.00225833 0.004
0.00125301 0.003
0.000247867 0.002
-0.000757106 0.001
-0.00176193 -1.11022e-16
