-0.000166701 6.67011
-0.000333404 13.3404
-0.00050011 20.011
-0.000666818 26.6818
-0.000833528 33.3528
-0.00100024 40.024
-0.00116695 46.6954
-0.00133367 53.3671
-0.00150039 60.039
-0.00166711 66.711
-0.00183383 73.3833
-0.00200056 80.0557
-0.00216728 86.728
-0.002334 93.4002
-0.00250072 100.072
-0.00266742 106.742
-0.00283409 113.409
-0.00300072 120.072
-0.00316727 126.727
-0.00333368 133.368
-0.00349988 139.988
-0.00366574 146.574
-0.0038311 153.11
-0.00399567 159.567
-0.00415907 165.907
-0.00432072 172.072
-0.00447978 177.977
-0.004635 183.499
-0.00478464 188.462
-0.00492648 192.644
-0.00505839 195.835
-0.0051797 197.968
-0.0052922 199.22
-0.00539895 199.895
-0.00550255 200.255
-0.00560456 200.456
-0.00570578 200.578
-0.00580662 200.662
-0.00590726 200.726
-0.0060078 200.78
-0.00610827 200.827
-0.00620872 200.872
-0.00630915 200.915
-0.00640957 200.957
-0.00650998 200.998
-0.00661039 201.039
-0.00671079 201.079
-0.0068112 201.12
-0.0069116 201.16
-0.00701201 201.201
-0.00684661 194.661
-0.00668124 188.124
-0.00651589 181.589
-0.0063506 175.06
-0.00618535 168.535
-0.00602018 162.018
-0.00585508 155.508
-0.00569006 149.006
-0.00552514 142.514
-0.00536032 136.032
-0.00519562 129.562
-0.00503104 123.104
-0.00486659 116.659
-0.00470228 110.228
-0.00453812 103.812
-0.00437411 97.4114
-0.00421028 91.0281
-0.00404663 84.6626
-0.00388316 78.3158
-0.00371989 71.9888
-0.00355682 65.6824
-0.00339398 59.3978
-0.00323136 53.1359
-0.00306898 46.8977
-0.00290684 40.6845
-0.00274497 34.4972
-0.00258337 28.337
-0.00242205 22.205
-0.00226102 16.1024
-0.00210031 10.0306
-0.00193991 3.99058
-0.00177984 -2.01617
-0.00162012 -7.98835
-0.00146075 -13.9246
-0.00130177 -19.8234
-0.00114317 -25.6834
-0.000984971 -31.5029
-0.000827195 -37.2805
-0.000669857 -43.0143
-0.000512973 -48.7027
-0.000356562 -54.3438
-0.000200642 -59.9358
-4.52322e-05 -65.4768
0.000109646 -70.9646
0.000263971 -76.3971
0.000417721 -81.7721
0.000570872 -87.0872
0.0007234 -92.34
0.000875278 -97.5278
0.00102648 -102.648
0.00117697 -107.697
0.00132673 -112.673
0.00147573 -117.573
0.00162392 -122.392
0.00177127 -127.127
0.00191775 -131.775
0.00206331 -136.331
0.00220791 -140.791
0.00235151 -145.151
0.00249406 -149.406
0.00263551 -153.551
0.00277579 -157.579
0.00291486 -161.486
0.00305265 -165.265
0.00318908 -168.908
0.0033241 -172.41
0.00345761 -175.761
0.00358953 -178.953
0.00371977 -181.977
0.00384822 -184.822
0.00397479 -187.479
0.00409933 -189.933
0.00422174 -192.173
0.00434184 -194.184
0.0044595 -195.95
0.00457452 -197.452
0.00468672 -198.672
0.00479586 -199.586
0.00490171 -200.171
0.00500397 -200.397
0.00510399 -200.399
0.00520399 -200.399
0.00530399 -200.399
0.00540399 -200.399
0.00550399 -200.399
0.00560399 -200.399
0.00570399 -200.399
0.00580399 -200.399
0.00590399 -200.399
0.00600399 -200.399
0.00610399 -200.399
0.00620399 -200.399
0.00630399 -200.399
0.00640398 -200.398
0.00650398 -200.398
0.00660397 -200.397
0.00670396 -200.396
0.00680394 -200.394
0.00690392 -200.392
0.0070039 -200.39
0.00683882 -193.882
0.00667378 -187.378
0.00650878 -180.878
0.00634384 -174.384
0.00617899 -167.899
0.00601425 -161.425
0.00584961 -154.961
0.00568511 -148.511
0.00552076 -142.076
0.00535656 -135.656
0.00519254 -129.254
0.00502871 -122.871
0.00486508 -116.508
0.00470167 -110.167
0.00453849 -103.849
0.00437555 -97.5554
0.00421288 -91.2876
0.00405047 -85.0471
0.00388835 -78.8352
0.00372653 -72.6535
0.00356503 -66.5032
0.00340386 -60.3859
0.00324303 -54.303
0.00308256 -48.2559
0.00292246 -42.2462
0.00276275 -36.2753
0.00260345 -30.3448
0.00244456 -24.4561
0.00228611 -18.6107
0.0021281 -12.8104
0.00197057 -7.05652
0.00181351 -1.35076
0.00165695 4.3053
0.0015009 9.91003
0.00134538 15.4618
0.00119041 20.959
0.001036 26.3999
0.000882171 31.7829
0.000728937 37.1063
0.000576317 42.3683
0.000424326 47.5674
0.000272983 52.7017
0.000122304 57.7696
-2.7694e-05 62.7694
-0.000176993 67.6993
-0.000325578 72.5578
-0.000473429 77.3429
-0.000620532 82.0532
-0.000766869 86.6869
-0.000912423 91.2423
-0.00105718 95.718
-0.00120112 100.112
-0.00134423 104.423
-0.0014865 108.65
-0.00162791 112.791
-0.00176844 116.844
-0.00190808 120.808
-0.00204682 124.682
-0.00218465 128.465
-0.00232155 132.155
-0.00245751 135.751
-0.00259253 139.253
-0.00272659 142.659
-0.00285968 145.968
-0.00299179 149.179
-0.00312293 152.293
-0.00325308 155.308
-0.00338223 158.223
-0.00351039 161.039
-0.00363755 163.755
-0.00376371 166.371
-0.00388887 168.887
-0.00401303 171.303
-0.00413619 173.619
-0.00425835 175.835
-0.00437952 177.952
-0.00449971 179.971
-0.00461891 181.891
-0.00473713 183.713
-0.00485439 185.439
-0.0049707 187.07
-0.00508605 188.605
-0.00520047 190.047
-0.00531396 191.396
-0.00542654 192.654
-0.00553822 193.822
-0.00564902 194.902
-0.00575894 195.894
-0.00586801 196.801
-0.00597623 197.623
-0.00608364 198.364
-0.00619023 199.023
-0.00629603 199.603
-0.00640106 200.106
-0.00650533 200.533
-0.00660885 200.885
-0.00671166 201.166
-0.00681376 201.376
-0.00691517 201.517
-0.00701591 201.591
-0.00711629 201.629
-0.00721666 201.666
-0.00731779 201.779
-0.00741839 201.839
-0.007519 201.9
-0.0076196 201.96
-0.00772021 202.021
-0.00782081 202.081
-0.00792142 202.142
-0.00802203 202.203
-0.00812264 202.264
-0.00822324 202.324
-0.00832385 202.385
-0.00842446 202.446
-0.00852507 202.507
-0.00862568 202.568
-0.00872629 202.629
-0.0088269 202.69
-0.00892751 202.751
-0.00902812 202.812
-0.00912873 202.873
-0.00922934 202.934
-0.00932995 202.995
-0.00943056 203.056
-0.00953118 203.118
-0.00963179 203.179
-0.0097324 203.24
-0.00983301 203.301
-0.00993363 203.363
-0.0100342 203.424
-0.0101349 203.486
-0.0102355 203.547
-0.0103361 203.609
-0.0104367 203.67
-0.0105373 203.732
-0.0106379 203.793
-0.0107385 203.855
-0.0108392 203.917
-0.0109398 203.978
-0.0110404 204.04
-0.011141 204.102
-0.0112416 204.164
-0.0113423 204.226
-0.0114429 204.287
-0.0115435 204.349
-0.0116441 204.411
-0.0117447 204.473
-0.0118454 204.535
-0.011946 204.598
-0.0120466 204.66
-0.0121472 204.722
-0.0122478 204.784
-0.0123485 204.846
-0.0124491 204.908
-0.0125497 204.971
-0.0126503 205.033
-0.012751 205.095
-0.0128516 205.158
-0.0129522 205.22
-0.0130528 205.283
-0.0131535 205.345
-0.0132541 205.408
-0.0133547 205.471
-0.0134553 205.533
-0.013556 205.596
-0.0136566 205.659
-0.0137572 205.721
-0.0138578 205.784
-0.0139585 205.847
-0.0140591 205.91
-0.0141597 205.973
-0.0142604 206.036
-0.014361 206.099
-0.0144616 206.162
-0.0145622 206.225
-0.0146629 206.288
-0.0147635 206.351
-0.0148641 206.414
-0.0149648 206.477
-0.0150654 206.541
-0.015166 206.604
-0.0152667 206.667
-0.0153673 206.731
-0.0154679 206.794
-0.0155686 206.858
-0.0156692 206.921
-0.0157698 206.985
-0.0158705 207.048
-0.0159711 207.112
-0.0160718 207.175
-0.0161724 207.239
-0.016273 207.303
-0.0163737 207.367
-0.0164743 207.43
-0.0165749 207.494
-0.0166756 207.558
-0.0167762 207.622
-0.0168769 207.686
-0.0169775 207.75
-0.0170781 207.814
-0.0169139 201.389
-0.0167497 194.968
-0.0165856 188.556
-0.0164216 182.155
-0.0162577 175.768
-0.016094 169.396
-0.0159304 163.043
-0.0157671 156.709
-0.015604 150.396
-0.0154411 144.108
-0.0152785 137.845
-0.0151161 131.61
-0.014954 125.404
-0.0147923 119.229
-0.0146309 113.087
-0.0144698 106.98
-0.0143091 100.908
-0.0141488 94.8756
-0.0139888 88.8825
-0.0138293 82.9311
-0.0136702 77.023
-0.0135116 71.16
-0.0133534 65.3437
-0.0131958 59.576
-0.0130386 53.8584
-0.0128819 48.1927
-0.0127258 42.5805
-0.0125702 37.0236
-0.0124152 31.5236
-0.0122608 26.0821
-0.012107 20.7007
-0.0119538 15.381
-0.0118012 10.1247
-0.0116493 4.93311
-0.0114981 -0.192116
-0.0113475 -5.24956
-0.0111976 -10.2378
-0.0110484 -15.1555
-0.0109 -20.0012
-0.0107523 -24.7739
-0.0106053 -29.4721
-0.0104591 -34.0948
-0.0103136 -38.641
-0.0101689 -43.1096
-0.010025 -47.4996
-0.0098819 -51.8104
-0.00973959 -56.0411
-0.00959809 -60.191
-0.0094574 -64.2596
-0.00931754 -68.2464
-0.00917849 -72.1511
-0.00904027 -75.9733
-0.00890287 -79.7129
-0.0087663 -83.3698
-0.00863056 -86.9441
-0.00849564 -90.4358
-0.00836155 -93.8453
-0.00822827 -97.1728
-0.00809581 -100.419
-0.00796416 -103.584
-0.00783332 -106.668
-0.00770327 -109.673
-0.007574 -112.6
-0.00744552 -115.448
-0.00731781 -118.219
-0.00719085 -120.915
-0.00706465 -123.535
-0.00693918 -126.082
-0.00681444 -128.556
-0.00669041 -130.959
-0.00656707 -133.293
-0.00644443 -135.557
-0.00632245 -137.755
-0.00620113 -139.887
-0.00608045 -141.955
-0.0059604 -143.96
-0.00584096 -145.904
-0.00572212 -147.788
-0.00560386 -149.614
-0.00548616 -151.384
-0.00536902 -153.098
-0.00525242 -154.758
-0.00513634 -156.366
-0.00502077 -157.923
-0.00490569 -159.431
-0.00479109 -160.891
-0.00467696 -162.304
-0.00456327 -163.673
-0.00445003 -164.997
-0.0043372 -166.28
-0.00422479 -167.521
-0.00411278 -168.722
-0.00400115 -169.885
-0.00388989 -171.011
-0.00377899 -172.101
-0.00366845 -173.155
-0.00355824 -174.176
-0.00344836 -175.164
-0.00333879 -176.121
-0.00322953 -177.047
-0.00312057 -177.943
-0.00301189 -178.811
-0.00290349 -179.651
-0.00279535 -180.465
-0.00268747 -181.253
-0.00257985 -182.015
-0.00247246 -182.754
-0.00236531 -183.469
-0.00225839 -184.161
-0.00215168 -184.832
-0.00204518 -185.482
-0.00193889 -186.111
-0.00183279 -186.721
-0.00172689 -187.311
-0.00162117 -187.883
-0.00151562 -188.438
-0.00141025 -188.975
-0.00130505 -189.495
-0.00120001 -189.999
-0.00109512 -190.488
-0.000990386 -190.961
-0.000885797 -191.42
-0.000781349 -191.865
-0.000677038 -192.296
-0.00057286 -192.714
-0.000468809 -193.119
-0.000364883 -193.512
-0.000261077 -193.892
-0.000157388 -194.261
-5.38115e-05 -194.619
4.96558e-05 -194.966
0.000153017 -195.302
0.000256276 -195.628
0.000359435 -195.944
0.000462498 -196.25
0.000565468 -196.547
0.000668346 -196.835
0.000771137 -197.114
0.000873843 -197.384
0.000976466 -197.647
0.00107901 -197.901
0.00118147 -198.147
0.00128386 -198.386
0.00138618 -198.618
0.00148842 -198.842
0.0015906 -199.06
0.00169271 -199.271
0.00179475 -199.475
0.00189673 -199.673
0.00199865 -199.865
0.0021005 -200.05
0.0022023 -200.23
0.00230405 -200.405
0.00240573 -200.573
0.00250737 -200.737
0.00260895 -200.895
0.00271048 -201.048
0.00281197 -201.197
0.0029134 -201.34
0.00301479 -201.479
0.00311613 -201.613
0.00321743 -201.743
0.00331869 -201.869
0.0034199 -201.99
0.00352107 -202.107
0.00362221 -202.221
0.0037233 -202.33
0.00382436 -202.436
0.00392538 -202.538
0.00402636 -202.636
0.00412731 -202.731
0.00422823 -202.823
0.00432911 -202.911
0.00442996 -202.996
0.00453078 -203.078
0.00463156 -203.156
0.00473232 -203.232
0.00483305 -203.305
0.00493375 -203.375
0.00503442 -203.442
0.00513506 -203.506
0.00523568 -203.568
0.00533627 -203.627
0.00543684 -203.684
0.00553738 -203.738
0.0056379 -203.79
0.00573839 -203.839
0.00583887 -203.887
0.00593931 -203.931
0.00603974 -203.974
0.00614014 -204.014
0.00624053 -204.053
0.00634089 -204.089
0.00644124 -204.124
0.00654156 -204.156
0.00664186 -204.186
0.00674215 -204.215
0.00684242 -204.242
0.00694266 -204.266
0.0070429 -204.29
0.00714311 -204.311
0.00724333 -204.333
0.00734354 -204.354
0.00744376 -204.376
0.00754398 -204.398
0.00764419 -204.419
0.00774441 -204.441
0.00784463 -204.463
0.00794484 -204.484
0.00804506 -204.506
0.00814528 -204.528
0.00824549 -204.549
0.00834571 -204.571
0.00844593 -204.593
0.00854615 -204.615
0.00864636 -204.636
0.00874658 -204.658
0.0088468 -204.68
0.00894702 -204.702
0.00904724 -204.724
0.00914745 -204.745
0.00924767 -204.767
0.00934789 -204.789
0.00944811 -204.811
0.00954833 -204.833
0.00964855 -204.855
0.00974877 -204.877
0.00984899 -204.899
0.00994921 -204.921
0.0100494 -204.943
0.0101496 -204.965
0.0102499 -204.987
0.0103501 -205.009
0.0104503 -205.031
0.0105505 -205.053
0.0106508 -205.075
0.010751 -205.097
0.0108512 -205.119
0.0109514 -205.141
0.0110516 -205.164
0.0111519 -205.186
0.0112521 -205.208
0.0113523 -205.23
0.0114525 -205.252
0.0115527 -205.275
0.011653 -205.297
0.0117532 -205.319
0.0118534 -205.342
0.0119536 -205.364
0.0120539 -205.386
0.0121541 -205.409
0.0122543 -205.431
0.0123545 -205.453
0.0124548 -205.476
0.012555 -205.498
0.0126552 -205.521
0.0127554 -205.543
0.0128557 -205.566
0.0129559 -205.588
0.0130561 -205.611
0.0131563 -205.633
0.0132566 -205.656
0.0133568 -205.679
0.013457 -205.701
0.0135572 -205.724
0.0136575 -205.747
0.0137577 -205.769
0.0138579 -205.792
0.0139581 -205.815
0.0140584 -205.837
0.0141586 -205.86
0.0142588 -205.883
0.0143591 -205.906
0.0144593 -205.929
0.0145595 -205.951
0.0146597 -205.974
0.01476 -205.997
0.0148602 -206.02
0.0149604 -206.043
0.0150607 -206.066
0.0151609 -206.089
0.0152611 -206.112
0.0153613 -206.135
0.0154616 -206.158
0.0155618 -206.181
0.015662 -206.204
0.0157623 -206.227
0.0158625 -206.25
0.0159627 -206.274
0.016063 -206.297
0.0161632 -206.32
0.0162634 -206.343
0.0163637 -206.366
0.0164639 -206.39
0.0165641 -206.413
0.0166644 -206.436
0.0167646 -206.46
0.0168648 -206.483
0.0169651 -206.506
0.0170653 -206.53
0.0169023 -200.23
0.0167394 -193.936
0.0165765 -187.653
0.0164138 -181.384
0.0162513 -175.131
0.016089 -168.897
0.0159268 -162.684
0.0157649 -156.495
0.0156033 -150.331
0.0154419 -144.195
0.0152809 -138.088
0.0151201 -132.013
0.0149597 -125.972
0.0147997 -119.966
0.01464 -113.997
0.0144807 -108.067
0.0143218 -102.178
0.0141633 -96.3314
0.0140053 -90.5291
0.0138477 -84.7729
0.0136906 -79.0644
0.0135341 -73.4053
0.013378 -67.7972
0.0132224 -62.2419
0.0130674 -56.741
0.012913 -51.296
0.0127591 -45.9085
0.0126058 -40.58
0.0124531 -35.3121
0.0123011 -30.1062
0.0121496 -24.9637
0.0119989 -19.8861
0.0118487 -14.8747
0.0116993 -9.93072
0.0115506 -5.05549
0.0114025 -0.250171
0.0112552 4.48411
0.0111085 9.14628
0.0109626 13.7354
0.0108175 18.2504
0.0106731 22.6905
0.0105294 27.055
0.0103866 31.3432
0.0102445 35.5544
0.0101031 39.6881
0.00996256 43.7438
0.00982279 47.7213
0.0096838 51.6203
0.00954559 55.4406
0.00940818 59.1821
0.00927155 62.8449
0.00913571 66.4291
0.00900065 69.9349
0.00886637 73.3625
0.00873288 76.7125
0.00860015 79.9852
0.00846819 83.1812
0.00833699 86.3012
0.00820654 89.3458
0.00807684 92.316
0.00794788 95.2125
0.00781964 98.0363
0.00769212 100.788
0.0075653 103.47
0.00743918 106.082
0.00731375 108.625
0.00718899 111.101
0.00706489 113.511
0.00694143 115.857
0.00681861 118.139
0.00669641 120.359
0.00657481 122.519
0.00645381 124.619
0.0063334 126.66
0.00621354 128.646
0.00609424 130.576
0.00597548 132.452
0.00585724 134.276
0.00573952 136.048
0.00562229 137.771
0.00550554 139.446
0.00538927 141.073
0.00527345 142.655
0.00515808 144.192
0.00504314 145.686
0.00492862 147.138
0.00481451 148.549
0.00470079 149.921
0.00458745 151.255
0.00447449 152.551
0.00436188 153.812
0.00424963 155.037
0.00413771 156.229
0.00402612 157.388
0.00391485 158.515
0.00380388 159.612
0.00369321 160.679
0.00358283 161.717
0.00347273 162.727
0.0033629 163.71
0.00325333 164.667
0.00314402 165.598
0.00303495 166.505
0.00292612 167.388
0.00281752 168.248
0.00270914 169.086
0.00260097 169.903
0.00249302 170.698
0.00238526 171.474
0.0022777 172.23
0.00217034 172.966
0.00206315 173.685
0.00195614 174.386
0.00184931 175.069
0.00174264 175.736
0.00163613 176.387
0.00152978 177.022
0.00142358 177.642
0.00131753 178.247
0.00121162 178.838
0.00110584 179.416
0.0010002 179.98
0.000894692 180.531
0.000789308 181.069
0.000684045 181.595
0.0005789 182.11
0.00047387 182.613
0.000368951 183.105
0.000264139 183.586
0.000159432 184.057
5.48268e-05 184.517
-4.96802e-05 184.968
-0.000154092 185.409
-0.000258411 185.841
-0.000362639 186.264
-0.00046678 186.678
-0.000570837 187.084
-0.00067481 187.481
-0.000778704 187.87
-0.00088252 188.252
-0.000986259 188.626
-0.00108993 188.993
-0.00119352 189.352
-0.00129705 189.705
-0.0014005 190.05
-0.0015039 190.39
-0.00160722 190.722
-0.00171049 191.049
-0.00181369 191.369
-0.00191684 191.684
-0.00201993 191.993
-0.00212296 192.296
-0.00222594 192.594
-0.00232887 192.887
-0.00243174 193.174
-0.00253456 193.456
-0.00263734 193.734
-0.00274007 194.007
-0.00284275 194.275
-0.00294538 194.538
-0.00304798 194.798
-0.00315052 195.052
-0.00325303 195.303
-0.0033555 195.55
-0.00345792 195.792
-0.00356031 196.031
-0.00366266 196.266
-0.00376497 196.497
-0.00386725 196.725
-0.00396949 196.949
-0.0040717 197.17
-0.00417387 197.387
-0.00427601 197.601
-0.00437812 197.812
-0.0044802 198.02
-0.00458224 198.224
-0.00468426 198.426
-0.00478625 198.625
-0.00488821 198.821
-0.00499014 199.014
-0.00509205 199.205
-0.00519392 199.392
-0.00529578 199.578
-0.0053976 199.76
-0.0054994 199.94
-0.00560118 200.118
-0.00570294 200.294
-0.00580467 200.467
-0.00590638 200.638
-0.00600806 200.806
-0.00610973 200.973
-0.00621137 201.137
-0.00631299 201.299
-0.00641455 201.455
-0.00651536 201.536
-0.00661615 201.615
-0.00671692 201.692
-0.00681768 201.768
-0.00691843 201.843
-0.00701915 201.915
-0.00711987 201.987
-0.00722057 202.057
-0.00732125 202.125
-0.00742192 202.192
-0.00752258 202.258
-0.00762323 202.323
-0.00772386 202.386
-0.00782448 202.448
-0.00792509 202.509
-0.00802569 202.569
-0.00812627 202.627
-0.00822685 202.685
-0.00832741 202.741
-0.00842796 202.796
-0.0085285 202.85
-0.00862903 202.903
-0.00872956 202.956
-0.00883007 203.007
-0.00893057 203.057
-0.00903106 203.106
-0.00913155 203.155
-0.00923202 203.202
-0.00933249 203.249
-0.00943295 203.295
-0.0095334 203.34
-0.00963384 203.384
-0.00973428 203.428
-0.0098347 203.47
-0.00993512 203.512
-0.0100355 203.553
-0.0101359 203.594
-0.0102363 203.633
-0.0103367 203.673
-0.0104371 203.711
-0.0105375 203.749
-0.0106379 203.786
-0.0107382 203.822
-0.0108386 203.858
-0.0109389 203.893
-0.0110393 203.928
-0.0111396 203.962
-0.01124 203.996
-0.0113403 204.029
-0.0114406 204.061
-0.0115409 204.093
-0.0116412 204.125
-0.0117416 204.156
-0.0118419 204.186
-0.0119422 204.216
-0.0120425 204.245
-0.0121427 204.275
-0.012243 204.303
-0.0123433 204.331
-0.0124436 204.359
-0.0125439 204.386
-0.0126441 204.413
-0.0127444 204.44
-0.0128447 204.466
-0.0129449 204.492
-0.0130452 204.517
-0.0131454 204.542
-0.0132457 204.567
-0.0133459 204.591
-0.0134462 204.615
-0.0135464 204.639
-0.0136466 204.662
-0.0137469 204.685
-0.0138471 204.708
-0.0139473 204.73
-0.0140475 204.752
-0.0141477 204.774
-0.014248 204.796
-0.0143482 204.817
-0.0144484 204.838
-0.0145486 204.859
-0.0146488 204.879
-0.014749 204.899
-0.0148492 204.919
-0.0149494 204.939
-0.0150496 204.958
-0.0151498 204.978
-0.01525 204.997
-0.0153502 205.015
-0.0154503 205.034
-0.0155505 205.052
-0.0156507 205.071
-0.0157509 205.089
-0.0158511 205.106
-0.0159512 205.124
-0.0160514 205.141
-0.0161516 205.158
-0.0162518 205.175
-0.0163519 205.192
-0.0164521 205.209
-0.0165523 205.225
-0.0166524 205.242
-0.0167526 205.258
-0.0168527 205.274
-0.0169529 205.29
-0.0170531 205.305
-0.0171532 205.321
-0.0172534 205.337
-0.0173535 205.353
-0.0174537 205.37
-0.0175539 205.387
-0.017654 205.404
-0.0177542 205.421
-0.0178544 205.438
-0.0179546 205.456
-0.0180547 205.474
-0.0181549 205.492
-0.0182551 205.51
-0.0183553 205.528
-0.0184555 205.547
-0.0185557 205.566
-0.0186559 205.585
-0.018756 205.604
-0.0188562 205.624
-0.0189564 205.644
-0.0190566 205.664
-0.0191568 205.684
-0.019257 205.704
-0.0193572 205.725
-0.0194575 205.745
-0.0195577 205.766
-0.0196579 205.788
-0.0197581 205.809
-0.0198583 205.831
-0.0199585 205.852
-0.0200587 205.874
-0.020159 205.897
-0.0202592 205.919
-0.0203594 205.942
-0.0204596 205.964
-0.0205599 205.987
-0.0206601 206.011
-0.0207603 206.034
-0.0208605 206.048
-0.0209606 206.061
-0.0210607 206.074
-0.0211609 206.087
-0.021261 206.1
-0.0213611 206.113
-0.0214613 206.126
-0.0215614 206.14
-0.0216615 206.154
-0.0217617 206.167
-0.0218618 206.181
-0.021962 206.195
-0.0220621 206.209
-0.0221622 206.223
-0.0222624 206.238
-0.0223625 206.252
-0.0224627 206.267
-0.0225628 206.281
-0.022663 206.296
-0.0227631 206.311
-0.0228633 206.326
-0.0229634 206.342
-0.0230636 206.357
-0.0231637 206.372
-0.0232639 206.388
-0.023364 206.404
-0.0234642 206.419
-0.0235644 206.435
-0.0236645 206.452
-0.0237647 206.468
-0.0238648 206.484
-0.023965 206.501
-0.0240652 206.517
-0.0241653 206.534
-0.0242655 206.551
-0.0243657 206.568
-0.0244658 206.585
-0.024566 206.602
-0.0246662 206.619
-0.0247664 206.637
-0.0248665 206.655
-0.0249667 206.672
-0.0250669 206.69
-0.0251671 206.708
-0.0252673 206.726
-0.0253674 206.745
-0.0254676 206.763
-0.0255678 206.782
-0.025668 206.8
-0.0257682 206.819
-0.0258684 206.838
-0.0259686 206.857
-0.0260688 206.876
-0.026169 206.896
-0.0262692 206.915
-0.0263693 206.935
-0.0264695 206.954
-0.0265697 206.974
-0.0266699 206.994
-0.0267701 207.014
-0.0268703 207.035
-0.0269706 207.055
-0.0270708 207.076
-0.0269078 200.782
-0.0267449 194.502
-0.0265822 188.23
-0.0264196 181.976
-0.0262573 175.741
-0.0260952 169.53
-0.0259333 163.343
-0.0257717 157.185
-0.0256105 151.056
-0.0254495 144.96
-0.0252889 138.898
-0.0251286 132.871
-0.0249687 126.883
-0.0248092 120.935
-0.0246502 115.028
-0.0244916 109.166
-0.0243334 103.348
-0.0241757 97.5777
-0.0240185 91.8561
-0.0238618 86.185
-0.0237056 80.5661
-0.0235499 75.001
-0.0233948 69.4913
-0.0232403 64.0385
-0.0230864 58.6442
-0.022933 53.3099
-0.0227803 48.037
-0.0226282 42.8269
-0.0224767 37.681
-0.0223259 32.6007
-0.0221758 27.5871
-0.0220263 22.6415
-0.0218776 17.765
-0.0217295 12.9589
-0.0215822 8.22396
-0.0214355 3.56131
-0.0212897 -1.02818
-0.0211445 -5.54369
-0.0210001 -9.98448
-0.0208564 -14.3499
-0.0207136 -18.6393
-0.0205714 -22.8521
-0.0204301 -26.9881
-0.0202895 -31.0468
-0.0201497 -35.0281
-0.0200106 -38.9316
-0.0198724 -42.7574
-0.0197349 -46.5055
-0.0195982 -50.176
-0.0194623 -53.7691
-0.0193271 -57.285
-0.0191927 -60.7242
-0.0190591 -64.087
-0.0189262 -67.3741
-0.0187941 -70.5859
-0.0186627 -73.7233
-0.0185321 -76.787
-0.0184022 -79.7777
-0.018273 -82.6964
-0.0181445 -85.5439
-0.0180168 -88.3214
-0.0178897 -91.0299
-0.0177633 -93.6704
-0.0176375 -96.2441
-0.0175125 -98.7522
-0.017388 -101.196
-0.0172642 -103.576
-0.017141 -105.895
-0.0170185 -108.153
-0.0168965 -110.352
-0.0167751 -112.492
-0.0166542 -114.576
-0.0165339 -116.605
-0.0164142 -118.58
-0.016295 -120.502
-0.0161763 -122.372
-0.0160581 -124.193
-0.0159403 -125.964
-0.0158231 -127.689
-0.0157063 -129.367
-0.01559 -131
-0.0154741 -132.59
-0.0153586 -134.137
-0.0152436 -135.643
-0.0151289 -137.108
-0.0150146 -138.535
-0.0149008 -139.925
-0.0147872 -141.277
-0.0146741 -142.594
-0.0145612 -143.877
-0.0144487 -145.126
-0.0143366 -146.342
-0.0142247 -147.527
-0.0141132 -148.682
-0.0140019 -149.807
-0.013891 -150.903
-0.0137803 -151.972
-0.0136699 -153.014
-0.0135597 -154.029
-0.0134499 -155.014
-0.0133403 -155.974
-0.0132309 -156.911
-0.0131217 -157.825
-0.0130128 -158.716
-0.0129041 -159.586
-0.0127957 -160.434
-0.0126874 -161.263
-0.0125793 -162.071
-0.0124714 -162.861
-0.0123637 -163.632
-0.0122562 -164.385
-0.0121488 -165.12
-0.0120416 -165.839
-0.0119346 -166.542
-0.0118277 -167.228
-0.011721 -167.899
-0.0116144 -168.556
-0.011508 -169.198
-0.0114017 -169.825
-0.0112956 -170.44
-0.0111896 -171.041
-0.0110837 -171.629
-0.0109779 -172.205
-0.0108723 -172.769
-0.0107668 -173.321
-0.0106614 -173.862
-0.0105561 -174.392
-0.0104509 -174.911
-0.0103458 -175.42
-0.0102408 -175.919
-0.0101359 -176.408
-0.0100311 -176.888
-0.00992642 -177.358
-0.00982181 -177.819
-0.00971728 -178.272
-0.00961284 -178.716
-0.00950848 -179.152
-0.00940419 -179.58
-0.00929999 -180.001
-0.00919586 -180.414
-0.00909181 -180.819
-0.00898783 -181.217
-0.00888391 -181.609
-0.00878007 -181.993
-0.00867629 -182.371
-0.00857257 -182.743
-0.00846891 -183.109
-0.00836532 -183.468
-0.00826178 -183.822
-0.0081583 -184.17
-0.00805488 -184.512
-0.00795151 -184.849
-0.0078482 -185.18
-0.00774493 -185.507
-0.00764172 -185.828
-0.00753855 -186.145
-0.00743543 -186.457
-0.00733236 -186.764
-0.00722933 -187.067
-0.00712635 -187.365
-0.00702341 -187.659
-0.00692051 -187.949
-0.00681765 -188.235
-0.00671483 -188.517
-0.00661205 -188.795
-0.0065093 -189.07
-0.0064066 -189.34
-0.00630393 -189.607
-0.00620129 -189.871
-0.00609869 -190.131
-0.00599612 -190.388
-0.00589358 -190.642
-0.00579108 -190.892
-0.0056886 -191.14
-0.00558616 -191.384
-0.00548374 -191.626
-0.00538136 -191.864
-0.005279 -192.1
-0.00517666 -192.334
-0.00507436 -192.564
-0.00497208 -192.792
-0.00486982 -193.018
-0.00476759 -193.241
-0.00466539 -193.461
-0.0045632 -193.68
-0.00446104 -193.896
-0.00435891 -194.109
-0.00425679 -194.321
-0.0041547 -194.53
-0.00405262 -194.738
-0.00395057 -194.943
-0.00384854 -195.146
-0.00374652 -195.348
-0.00364453 -195.547
-0.00354255 -195.745
-0.00344059 -195.941
-0.00333865 -196.135
-0.00323672 -196.328
-0.00313481 -196.519
-0.00303292 -196.708
-0.00293104 -196.896
-0.00282918 -197.082
-0.00272734 -197.266
-0.00262551 -197.449
-0.00252369 -197.631
-0.00242189 -197.811
-0.0023201 -197.99
-0.00221832 -198.168
-0.00211656 -198.344
-0.00201481 -198.519
-0.00191307 -198.693
-0.00181135 -198.865
-0.00170964 -199.036
-0.00160793 -199.207
-0.00150624 -199.376
-0.00140456 -199.544
-0.00130289 -199.711
-0.00120124 -199.876
-0.00109959 -200.041
-0.000997949 -200.205
-0.000896319 -200.368
-0.000794699 -200.53
-0.000693089 -200.691
-0.000591487 -200.851
-0.000489894 -201.011
-0.000388309 -201.169
-0.000286732 -201.327
-0.000185163 -201.484
-8.36021e-05 -201.64
1.79515e-05 -201.795
0.000119498 -201.95
0.000221037 -202.104
0.000322569 -202.257
0.000424095 -202.41
0.000525614 -202.561
0.000627127 -202.713
0.000728634 -202.863
0.000830135 -203.014
0.000931631 -203.163
0.00103312 -203.312
0.00113461 -203.461
0.00123608 -203.608
0.00133756 -203.756
0.00143903 -203.903
0.00154049 -204.049
0.00164195 -204.195
0.00174318 -204.318
0.00184399 -204.399
0.0019448 -204.48
0.0020456 -204.56
0.00214639 -204.639
0.00224717 -204.717
0.00234794 -204.794
0.00244871 -204.871
0.00254947 -204.947
0.00265022 -205.022
0.00275097 -205.097
0.0028517 -205.17
0.00295244 -205.244
0.00305316 -205.316
0.00315387 -205.387
0.00325458 -205.458
0.00335529 -205.529
0.00345598 -205.598
0.00355667 -205.667
0.00365736 -205.736
0.00375803 -205.803
0.00385871 -205.871
0.00395937 -205.937
0.00406003 -206.003
0.00416068 -206.068
0.00426133 -206.133
0.00436197 -206.197
0.00446261 -206.261
0.00456324 -206.324
0.00466386 -206.386
0.00476448 -206.448
0.00486509 -206.509
0.0049657 -206.57
0.0050663 -206.63
0.0051669 -206.69
0.00526749 -206.749
0.00536808 -206.808
0.00546866 -206.866
0.00556924 -206.924
0.00566981 -206.981
0.00577038 -207.038
0.00587095 -207.095
0.00597151 -207.151
0.00607206 -207.206
0.00617261 -207.261
0.00627316 -207.316
0.0063737 -207.37
0.00647423 -207.423
0.00657477 -207.477
0.00667529 -207.529
0.00677582 -207.582
0.00687634 -207.634
0.00697685 -207.685
0.00707737 -207.737
0.00717787 -207.787
0.00727838 -207.838
0.00737888 -207.888
0.00747937 -207.937
0.00757987 -207.987
0.00768036 -208.036
0.00778084 -208.084
0.00788132 -208.132
0.0079818 -208.18
0.00808228 -208.228
0.00818275 -208.275
0.00828322 -208.322
0.00838368 -208.368
0.00848414 -208.414
0.0085846 -208.46
0.00868505 -208.505
0.00878551 -208.551
0.00888595 -208.595
0.0089864 -208.64
0.00908684 -208.684
0.00918728 -208.728
0.00928771 -208.771
0.00938815 -208.815
0.00948858 -208.858
0.009589 -208.9
0.00968943 -208.943
0.00978985 -208.985
0.00989027 -209.027
0.00999068 -209.068
0.0100911 -209.11
0.0101915 -209.151
0.0102919 -209.191
0.0103923 -209.232
0.0104927 -209.272
0.0105931 -209.312
0.0106935 -209.352
0.0107939 -209.391
0.0108943 -209.43
0.0109947 -209.469
0.0110951 -209.508
0.0111955 -209.546
0.0112958 -209.584
0.0113962 -209.622
0.0114966 -209.66
0.011597 -209.698
0.0116973 -209.735
0.0117977 -209.772
0.0118981 -209.809
0.0119985 -209.845
0.0120988 -209.882
0.0121992 -209.918
0.0122995 -209.954
0.0123999 -209.989
0.0125002 -210.025
0.0126006 -210.06
0.012701 -210.095
0.0128013 -210.13
0.0129016 -210.165
0.013002 -210.199
0.0131023 -210.234
0.0132027 -210.268
0.013303 -210.302
0.0134034 -210.335
0.0135037 -210.369
0.013604 -210.402
0.0137044 -210.435
0.0138047 -210.468
0.013905 -210.501
0.0140053 -210.534
0.0141057 -210.566
0.014206 -210.598
0.0143063 -210.63
0.0144066 -210.662
0.0145069 -210.694
0.0146073 -210.726
0.0147076 -210.757
0.0148079 -210.788
0.0149082 -210.819
0.0150085 -210.85
0.0151088 -210.881
0.0152091 -210.911
0.0153094 -210.942
0.0154097 -210.972
0.01551 -211.002
0.0156103 -211.032
0.0157106 -211.062
0.0158109 -211.092
0.0159112 -211.121
0.0160115 -211.15
0.0161118 -211.18
0.0162121 -211.209
0.0163124 -211.238
0.0164127 -211.266
0.016513 -211.295
0.0166132 -211.324
0.0167135 -211.352
0.0168138 -211.38
0.0169141 -211.408
0.0170144 -211.436
0.0171146 -211.464
0.0172149 -211.492
0.0173152 -211.519
0.0174155 -211.547
0.0175158 -211.575
0.017616 -211.603
0.0177163 -211.631
0.0178166 -211.659
0.0179169 -211.687
0.0180171 -211.715
0.0181174 -211.743
0.0182177 -211.771
0.018318 -211.8
0.0184183 -211.828
0.0185186 -211.856
0.0186188 -211.885
0.0187191 -211.913
0.0188194 -211.942
0.0189197 -211.97
0.01902 -211.999
0.0191203 -212.027
0.0192206 -212.056
0.0193208 -212.085
0.0194211 -212.114
0.0195214 -212.143
0.0196217 -212.172
0.019722 -212.201
0.0198223 -212.23
0.0199226 -212.259
0.0200229 -212.288
0.0201232 -212.317
0.0202235 -212.347
0.0203238 -212.376
0.0204241 -212.406
0.0205244 -212.435
0.0206246 -212.465
0.0207249 -212.494
0.0208252 -212.524
0.0209255 -212.554
0.0210258 -212.584
0.0211261 -212.613
0.0212264 -212.643
0.0213267 -212.673
0.021427 -212.704
0.0215273 -212.734
0.0216276 -212.764
0.0217279 -212.794
0.0218282 -212.825
0.0219286 -212.855
0.0220289 -212.886
0.0221292 -212.916
0.0222295 -212.947
0.0223298 -212.978
0.0224301 -213.008
0.0225304 -213.039
0.0226307 -213.07
0.022731 -213.101
0.0228313 -213.132
0.0229316 -213.164
0.0230319 -213.195
0.0231323 -213.226
0.0232326 -213.258
0.0233329 -213.289
0.0234332 -213.321
0.0235335 -213.352
0.0236338 -213.384
0.0237342 -213.416
0.0238345 -213.448
0.0239348 -213.48
0.0240351 -213.512
0.0241354 -213.544
0.0242358 -213.576
0.0243361 -213.609
0.0244364 -213.641
0.0245367 -213.674
0.0246371 -213.706
0.0247374 -213.739
0.0248377 -213.772
0.024938 -213.805
0.0250384 -213.838
0.0251387 -213.871
0.025239 -213.904
0.0253394 -213.937
0.0254397 -213.971
0.02554 -214.004
0.0256404 -214.038
0.0257407 -214.071
0.0258411 -214.105
0.0259414 -214.139
0.0260417 -214.173
0.0261421 -214.207
0.0262424 -214.241
0.0263428 -214.275
0.0264431 -214.31
0.0265434 -214.344
0.0266438 -214.379
0.0267441 -214.414
0.0268445 -214.449
0.0269448 -214.484
0.0270452 -214.519
0.0271455 -214.554
0.0255353 -153.446
0.0239605 -96.0499
0.022439 -43.9028
0.0209827 1.72643
0.0195982 40.1789
0.0182851 71.4908
0.0170366 96.3363
0.0158423 115.768
0.0146946 130.543
0.0135804 141.956
0.0124914 150.858
0.0114211 157.892
0.0103647 163.529
0.00931884 168.115
0.00828098 171.902
0.00724927 175.072
0.00622236 177.764
0.00519922 180.077
0.00417909 182.091
0.00316136 183.864
0.0021456 185.44
0.00113143 186.857
0.000118574 188.143
-0.000892505 189.25
-0.0019023 190.23
-0.00291127 191.126
-0.00391953 191.953
-0.00492719 192.719
-0.00593434 193.434
-0.00694105 194.105
-0.00794739 194.739
-0.0089534 195.34
-0.00995913 195.913
-0.0109646 196.462
-0.0119699 196.989
-0.012975 197.498
-0.0139799 197.992
-0.0149847 198.472
-0.0159894 198.939
-0.016994 199.397
-0.0179985 199.846
-0.0190029 200.287
-0.0200072 200.721
-0.0210115 201.15
-0.0220157 201.574
-0.0230199 201.994
-0.0240241 202.41
-0.0250282 202.824
-0.0260324 203.235
-0.0270365 203.645
-0.0280406 204.065
-0.029045 204.505
-0.0300497 204.968
-0.0310546 205.456
-0.0320586 205.863
-0.0330627 206.272
-0.0340672 206.725
-0.0350723 207.23
-0.036078 207.803
-0.0370847 208.465
-0.0354818 147.551
-0.0339195 91.9528
-0.0324233 42.3316
-0.0310011 0.116811
-0.0296557 -34.431
-0.0283814 -61.8577
-0.0271675 -83.2519
-0.0260013 -99.8715
-0.0248714 -112.864
-0.0237689 -123.11
-0.0226865 -131.348
-0.0216191 -138.093
-0.0205628 -143.715
-0.0195151 -148.485
-0.018474 -152.598
-0.017438 -156.199
-0.016406 -159.395
-0.0153773 -162.267
-0.0143512 -164.877
-0.0133273 -167.274
-0.012305 -169.495
-0.0112843 -171.57
-0.0102648 -173.523
-0.00924626 -175.374
-0.00822862 -177.138
-0.00721172 -178.828
-0.00619544 -180.456
-0.00517971 -182.029
-0.00416443 -183.557
-0.00314955 -185.044
-0.00213502 -186.498
-0.00112078 -187.922
-0.000106789 -189.321
0.000906982 -190.698
0.00192057 -192.057
0.00293399 -193.399
0.00394728 -194.728
0.00496046 -196.046
0.00597354 -197.354
0.00698655 -198.655
0.00799914 -199.914
0.00901126 -201.126
0.0100234 -202.34
0.0110356 -203.557
0.0120478 -204.78
0.0130601 -206.011
0.0140725 -207.25
0.015085 -208.502
0.0160977 -209.767
0.0171105 -211.049
0.0181235 -212.349
0.0191367 -213.67
0.0201502 -215.016
0.0211639 -216.388
0.0221779 -217.791
0.0231876 -218.763
0.0241952 -219.515
0.0252026 -220.261
0.02621 -221.001
0.0272173 -221.734
0.0282252 -222.52
0.029235 -223.497
0.0302494 -224.935
0.0312723 -227.23
0.0322723 -227.23
0.0332723 -227.229
0.0342723 -227.229
0.0352723 -227.228
0.0362723 -227.227
0.0372723 -227.226
0.0356607 -166.035
0.0341025 -110.252
0.0325975 -59.7523
0.0311536 -15.3584
0.0297741 22.592
0.0284575 54.2451
0.0271985 80.1535
0.0259889 101.113
0.0248201 117.99
0.0236841 131.591
0.0225739 142.608
0.021484 151.6
0.02041 158.998
0.0193492 165.076
0.0182984 170.154
0.0172556 174.435
0.0162193 178.073
0.0151881 181.189
0.0141612 183.877
0.0131379 186.212
0.0121175 188.253
0.0110995 190.048
0.0100837 191.635
0.00906955 193.045
0.00805695 194.305
0.00704565 195.435
0.00603546 196.454
0.00502624 197.376
0.00401786 198.214
0.00301021 198.978
0.00200322 199.678
0.000996784 200.321
-9.14583e-06 200.915
-0.00101463 201.463
-0.00201973 201.973
-0.00302447 202.447
-0.0040289 202.89
-0.00503305 203.305
-0.00603696 203.696
-0.00704064 204.064
-0.00804412 204.412
-0.00904742 204.742
-0.0100506 205.056
-0.0110535 205.355
-0.012056 205.605
-0.0130574 205.737
-0.0140586 205.863
-0.0150598 205.983
-0.016061 206.098
-0.0170621 206.208
-0.0180631 206.315
-0.0190642 206.419
-0.0200652 206.52
-0.0210662 206.618
-0.0220672 206.716
-0.0230681 206.811
-0.0240691 206.906
-0.02507 207
-0.0260709 207.094
-0.0270719 207.187
-0.0280728 207.28
-0.0290737 207.374
-0.0300747 207.468
-0.0310756 207.562
-0.0320766 207.658
-0.0330775 207.754
-0.0340785 207.851
-0.0350795 207.949
-0.0360805 208.048
-0.0370815 208.148
-0.0380825 208.252
-0.0390836 208.36
-0.0400847 208.473
-0.0410859 208.59
-0.0420871 208.711
-0.0430884 208.837
-0.0440897 208.967
-0.045091 209.101
-0.0460924 209.24
-0.0470938 209.382
-0.0454992 149.909
-0.0439536 95.3686
-0.0424691 46.9214
-0.0410516 5.16343
-0.0397012 -29.8814
-0.0384131 -58.6847
-0.0371795 -82.0458
-0.0359911 -100.888
-0.034839 -116.097
-0.0337156 -128.442
-0.0326145 -138.545
-0.031531 -146.896
-0.0304613 -153.872
-0.0294024 -159.76
-0.0283522 -164.78
-0.0273089 -169.103
-0.0262714 -172.861
-0.0252384 -176.154
-0.0242093 -179.065
-0.0231834 -181.656
-0.0221602 -183.98
-0.0211392 -186.078
-0.0201202 -187.984
-0.0191027 -189.725
-0.0180867 -191.325
-0.017072 -192.803
-0.0160582 -194.175
-0.0150454 -195.455
-0.0140335 -196.655
-0.0130222 -197.783
-0.0120115 -198.85
-0.0110014 -199.863
-0.00999173 -200.827
-0.00898251 -201.748
-0.00797367 -202.633
-0.00696516 -203.484
-0.00595694 -204.306
-0.00494897 -205.103
-0.00394123 -205.877
-0.00293442 -206.557
-0.00192826 -207.174
-0.000922289 -207.771
8.35066e-05 -208.351
0.00108914 -208.914
0.00209464 -209.464
0.00310001 -210.001
0.00410526 -210.526
0.00511042 -211.042
0.00611548 -211.548
0.00712047 -212.047
0.00812539 -212.539
0.00913024 -213.024
0.010135 -213.504
0.0111398 -213.98
0.0121445 -214.452
0.0131492 -214.921
0.0141539 -215.388
0.0151585 -215.853
0.0161632 -216.316
0.0171678 -216.779
0.0181724 -217.242
0.0191771 -217.705
0.0201817 -218.169
0.0211863 -218.634
0.022191 -219.1
0.0231957 -219.568
0.0242004 -220.039
0.0252051 -220.512
0.0262099 -220.988
0.0272147 -221.467
0.0282194 -221.941
0.0292234 -222.34
0.0302275 -222.748
0.0312317 -223.168
0.032236 -223.601
0.0332405 -224.047
0.0342451 -224.508
0.0352498 -224.985
0.0362548 -225.48
0.0372599 -225.995
0.0382653 -226.532
0.0392709 -227.095
0.0402769 -227.685
0.0412831 -228.306
0.0422896 -228.959
0.0432953 -229.534
0.0442953 -229.529
0.0452952 -229.524
0.0462952 -229.519
0.0472951 -229.513
0.0456803 -167.928
0.0441479 -114.794
0.0426754 -67.5457
0.041266 -26.603
0.0399187 8.1282
0.0386289 37.1127
0.0373895 61.0495
0.0361928 80.7245
0.035031 96.8977
0.0338976 110.24
0.0327869 121.314
0.0316943 130.57
0.0306163 138.37
0.02955 144.994
0.0284933 150.666
0.0274444 155.559
0.0264019 159.81
0.0253647 163.529
0.0243319 166.804
0.0233029 169.705
0.0222771 172.289
0.021254 174.602
0.0202332 176.683
0.0192143 178.565
0.0181973 180.273
0.0171817 181.83
0.0161675 183.254
0.0151544 184.563
0.0141423 185.768
0.0131312 186.883
0.0121208 187.917
0.0111112 188.879
0.0101022 189.777
0.00909383 190.617
0.00808646 191.354
0.00708034 191.966
0.00607461 192.539
0.00506923 193.076
0.00406418 193.582
0.00305942 194.058
0.00205491 194.509
0.00105065 194.935
4.65936e-05 195.341
-0.000957264 195.726
-0.00196095 196.094
-0.00296447 196.446
-0.00396784 196.784
-0.00497108 197.108
-0.0059742 197.42
-0.00697721 197.721
-0.00798012 198.012
-0.00898293 198.293
-0.00998566 198.566
-0.0109883 198.832
-0.0119909 199.09
-0.0129934 199.342
-0.0139959 199.589
-0.0149983 199.829
-0.0160007 200.066
-0.017003 200.297
-0.0180053 200.525
-0.0190075 200.749
-0.0200097 200.97
-0.0210119 201.188
-0.022014 201.403
-0.0230162 201.615
-0.0240183 201.826
-0.0250203 202.034
-0.0260224 202.241
-0.0270245 202.446
-0.0280265 202.65
-0.0290285 202.853
-0.0300305 203.055
-0.0310326 203.255
-0.0320346 203.455
-0.0330366 203.655
-0.0340385 203.854
-0.0350405 204.052
-0.0360425 204.251
-0.0370445 204.449
-0.0380465 204.647
-0.0390484 204.845
-0.0400504 205.043
-0.0410524 205.241
-0.0420544 205.439
-0.0430564 205.638
-0.0440584 205.837
-0.0450604 206.036
-0.0460624 206.236
-0.0470644 206.436
-0.0480664 206.638
-0.0490684 206.843
-0.0500705 207.05
-0.0510726 207.261
-0.0520747 207.473
-0.0530769 207.689
-0.0540791 207.907
-0.0550813 208.127
-0.0560835 208.35
-0.0570858 208.576
-0.0555024 150.363
-0.0539816 98.1741
-0.0525282 52.8311
-0.0511431 14.3133
-0.0498219 -17.8106
-0.0485571 -44.2871
-0.04734 -65.9947
-0.046162 -83.798
-0.0450154 -98.4628
-0.0438937 -110.626
-0.042792 -120.8
-0.0417061 -129.386
-0.040633 -136.698
-0.0395702 -142.98
-0.0385158 -148.423
-0.0374682 -153.175
-0.0364264 -157.357
-0.0353893 -161.061
-0.0343563 -164.363
-0.0333267 -167.325
-0.0323 -169.996
-0.0312758 -172.417
-0.0302538 -174.623
-0.0292336 -176.642
-0.028215 -178.497
-0.0271979 -180.208
-0.0261821 -181.793
-0.0251673 -183.266
-0.0241536 -184.64
-0.0231407 -185.925
-0.0221287 -187.132
-0.0211173 -188.267
-0.0201066 -189.339
-0.0190965 -190.353
-0.0180868 -191.315
-0.0170777 -192.231
-0.016069 -193.103
-0.0150606 -193.938
-0.0140526 -194.737
-0.013045 -195.504
-0.0120376 -196.241
-0.0110305 -196.952
-0.0100236 -197.639
-0.00901696 -198.304
-0.00801051 -198.949
-0.00700425 -199.574
-0.00599816 -200.184
-0.00499223 -200.777
-0.00398643 -201.357
-0.00298076 -201.924
-0.0019752 -202.48
-0.000969754 -203.025
3.5602e-05 -203.56
0.00104087 -204.087
0.00204607 -204.607
0.0030512 -205.12
0.00405627 -205.627
0.00506128 -206.128
0.00606626 -206.626
0.00707119 -207.119
0.0080761 -207.61
0.00908098 -208.098
0.0100858 -208.584
0.0110907 -209.069
0.0120955 -209.553
0.0131004 -210.037
0.0141052 -210.522
0.0151101 -211.008
0.0161149 -211.495
0.0171191 -211.914
0.0181228 -212.284
0.0191265 -212.651
0.0201302 -213.018
0.0211338 -213.385
0.0221375 -213.75
0.0231412 -214.116
0.0241448 -214.482
0.0251485 -214.848
0.0261521 -215.215
0.0271558 -215.583
0.0281595 -215.952
0.0291632 -216.322
0.0301669 -216.694
0.0311707 -217.068
0.0321744 -217.445
0.0331782 -217.823
0.034182 -218.205
0.0351859 -218.589
0.0361898 -218.976
0.0371937 -219.367
0.0381976 -219.761
0.0392016 -220.159
0.0402056 -220.56
0.0412097 -220.966
0.0422138 -221.376
0.0432179 -221.791
0.0442221 -222.21
0.0452263 -222.634
0.0462306 -223.063
0.047235 -223.497
0.0482394 -223.937
0.0492434 -224.344
0.0502471 -224.713
0.051251 -225.096
0.0522549 -225.493
0.0506606 -166.429
0.0491568 -115.687
0.0477159 -71.595
0.0463386 -33.8629
0.0450204 -2.03925
0.0437545 24.5543
0.0425331 46.6865
0.0413489 65.11
0.040195 80.4986
0.0390658 93.4236
0.0379565 104.353
0.0368634 113.663
0.0357835 121.655
0.0347144 128.564
0.0336541 134.582
0.0326014 139.859
0.0315548 144.516
0.0305135 148.65
0.0294766 152.341
0.0284434 155.654
0.0274136 158.642
0.0263865 161.349
0.0253619 163.813
0.0243396 166.035
0.0233201 167.989
0.0223022 169.78
0.0212857 171.425
0.0202706 172.943
0.0192565 174.347
0.0182435 175.65
0.0172314 176.862
0.0162201 177.992
0.0152095 179.049
0.0141996 180.039
0.0131903 180.97
0.0121815 181.847
0.0111733 182.674
0.0101654 183.456
0.00915802 184.198
0.00815098 184.902
0.00714428 185.572
0.00613789 186.21
0.0051318 186.82
0.00412597 187.403
0.00312038 187.962
0.00211501 188.498
0.00110986 189.014
0.000104894 189.51
-0.000899893 189.989
-0.00190452 190.451
