-0.000166701 6.67011
-0.000333404 13.3404
-0.00050011 20.011
-0.000666818 26.6818
-0.000833528 33.3528
-0.00100024 40.024
-0.00116695 46.6954
-0.00133367 53.3671
-0.00150039 60.039
-0.00166711 66.711
-0.00183383 73.3833
-0.00200056 80.0557
-0.00216728 86.728
-0.002334 93.4002
-0.00250072 100.072
-0.00266742 106.742
-0.00283409 113.409
-0.00300072 120.072
-0.00316727 126.727
-0.00333368 133.368
-0.00349988 139.988
-0.00366574 146.574
-0.0038311 153.11
-0.00399567 159.567
-0.00415907 165.907
-0.00432072 172.072
-0.00447978 177.977
-0.004635 183.499
-0.00478464 188.462
-0.00492648 192.644
-0.00505839 195.835
-0.0051797 197.968
-0.0052922 199.22
-0.00539895 199.895
-0.00550255 200.255
-0.00560456 200.456
-0.00570578 200.578
-0.00580662 200.662
-0.00590726 200.726
-0.0060078 200.78
-0.00610827 200.827
-0.00620872 200.872
-0.00630915 200.915
-0.00640957 200.957
-0.00650998 200.998
-0.00661039 201.039
-0.00671079 201.079
-0.0068112 201.12
-0.0069116 201.16
-0.00701201 201.201
-0.00684661 194.661
-0.00668124 188.124
-0.00651589 181.589
-0.0063506 175.06
-0.00618535 168.535
-0.00602018 162.018
-0.00585508 155.508
-0.00569006 149.006
-0.00552514 142.514
-0.00536032 136.032
-0.00519562 129.562
-0.00503104 123.104
-0.00486659 116.659
-0.00470228 110.228
-0.00453812 103.812
-0.00437411 97.4114
-0.00421028 91.0281
-0.00404663 84.6626
-0.00388316 78.3158
-0.00371989 71.9888
-0.00355682 65.6824
-0.00339398 59.3978
-0.00323136 53.1359
-0.00306898 46.8977
-0.00290684 40.6845
-0.00274497 34.4972
-0.00258337 28.337
-0.00242205 22.205
-0.00226102 16.1024
-0.00210031 10.0306
-0.00193991 3.99058
-0.00177984 -2.01617
-0.00162012 -7.98835
-0.00146075 -13.9246
-0.00130177 -19.8234
-0.00114317 -25.6834
-0.000984971 -31.5029
-0.000827195 -37.2805
-0.000669857 -43.0143
-0.000512973 -48.7027
-0.000356562 -54.3438
-0.000200642 -59.9358
-4.52322e-05 -65.4768
0.000109646 -70.9646
0.000263971 -76.3971
0.000417721 -81.7721
0.000570872 -87.0872
0.0007234 -92.34
0.000875278 -97.5278
0.00102648 -102.648
0.00117697 -107.697
0.00132673 -112.673
0.00147573 -117.573
0.00162392 -122.392
0.00177127 -127.127
0.00191775 -131.775
0.00206331 -136.331
0.00220791 -140.791
0.00235151 -145.151
0.00249406 -149.406
0.00263551 -153.551
0.00277579 -157.579
0.00291486 -161.486
0.00305265 -165.265
0.00318908 -168.908
0.0033241 -172.41
0.00345761 -175.761
0.00358953 -178.953
0.00371977 -181.977
0.00384822 -184.822
0.00397479 -187.479
0.00409933 -189.933
0.00422174 -192.173
0.00434184 -194.184
0.0044595 -195.95
0.00457452 -197.452
0.00468672 -198.672
0.00479586 -199.586
0.00490171 -200.171
0.00500397 -200.397
0.00510399 -200.399
0.00520399 -200.399
0.00530399 -200.399
0.00540399 -200.399
0.00550399 -200.399
0.00560399 -200.399
0.00570399 -200.399
0.00580399 -200.399
0.00590399 -200.399
0.00600399 -200.399
0.00610399 -200.399
0.00620399 -200.399
0.00630399 -200.399
0.00640398 -200.398
0.00650398 -200.398
0.00660397 -200.397
0.00670396 -200.396
0.00680394 -200.394
0.00690392 -200.392
0.0070039 -200.39
0.00683882 -193.882
0.00667378 -187.378
0.00650878 -180.878
0.00634384 -174.384
0.00617899 -167.899
0.00601425 -161.425
0.00584961 -154.961
0.00568511 -148.511
0.00552076 -142.076
0.00535656 -135.656
0.00519254 -129.254
0.00502871 -122.871
0.00486508 -116.508
0.00470167 -110.167
0.00453849 -103.849
0.00437555 -97.5554
0.00421288 -91.2876
0.00405047 -85.0471
0.00388835 -78.8352
0.00372653 -72.6535
0.00356503 -66.5032
0.00340386 -60.3859
0.00324303 -54.303
0.00308256 -48.2559
0.00292246 -42.2462
0.00276275 -36.2753
0.00260345 -30.3448
0.00244456 -24.4561
0.00228611 -18.6107
0.0021281 -12.8104
0.00197057 -7.05652
0.00181351 -1.35076
0.00165695 4.3053
0.0015009 9.91003
0.00134538 15.4618
0.00119041 20.959
0.001036 26.3999
0.000882171 31.7829
0.000728937 37.1063
0.000576317 42.3683
0.000424326 47.5674
0.000272983 52.7017
0.000122304 57.7696
-2.7694e-05 62.7694
-0.000176993 67.6993
-0.000325578 72.5578
-0.000473429 77.3429
-0.000620532 82.0532
-0.000766869 86.6869
-0.000912423 91.2423
-0.00105718 95.718
-0.00120112 100.112
-0.00134423 104.423
-0.0014865 108.65
-0.00162791 112.791
-0.00176844 116.844
-0.00190808 120.808
-0.00204682 124.682
-0.00218465 128.465
-0.00232155 132.155
-0.00245751 135.751
-0.00259253 139.253
-0.00272659 142.659
-0.00285968 145.968
-0.00299179 149.179
-0.00312293 152.293
-0.00325308 155.308
-0.00338223 158.223
-0.00351039 161.039
-0.00363755 163.755
-0.00376371 166.371
-0.00388887 168.887
-0.00401303 171.303
-0.00413619 173.619
-0.00425835 175.835
-0.00437952 177.952
-0.00449971 179.971
-0.00461891 181.891
-0.00473713 183.713
-0.00485439 185.439
-0.0049707 187.07
-0.00508605 188.605
-0.00520047 190.047
-0.00531396 191.396
-0.00542654 192.654
-0.00553822 193.822
-0.00564902 194.902
-0.00575894 195.894
-0.00586801 196.801
-0.00597623 197.623
-0.00608364 198.364
-0.00619023 199.023
-0.00629603 199.603
-0.00640106 200.106
-0.00650533 200.533
-0.00660885 200.885
-0.00671166 201.166
-0.00681376 201.376
-0.00691517 201.517
-0.00701591 201.591
-0.00711629 201.629
-0.00721666 201.666
-0.00731779 201.779
-0.00741839 201.839
-0.007519 201.9
-0.0076196 201.96
-0.00772021 202.021
-0.00782081 202.081
-0.00792142 202.142
-0.00802203 202.203
-0.00812264 202.264
-0.00822324 202.324
-0.00832385 202.385
-0.00842446 202.446
-0.00852507 202.507
-0.00862568 202.568
-0.00872629 202.629
-0.0088269 202.69
-0.00892751 202.751
-0.00902812 202.812
-0.00912873 202.873
-0.00922934 202.934
-0.00932995 202.995
-0.00943056 203.056
-0.00953118 203.118
-0.00963179 203.179
-0.0097324 203.24
-0.00983301 203.301
-0.00993363 203.363
-0.0100342 203.424
-0.0101349 203.486
-0.0102355 203.547
-0.0103361 203.609
-0.0104367 203.67
-0.0105373 203.732
-0.0106379 203.793
-0.0107385 203.855
-0.0108392 203.917
-0.0109398 203.978
-0.0110404 204.04
-0.011141 204.102
-0.0112416 204.164
-0.0113423 204.226
-0.0114429 204.287
-0.0115435 204.349
-0.0116441 204.411
-0.0117447 204.473
-0.0118454 204.535
-0.011946 204.598
-0.0120466 204.66
-0.0121472 204.722
-0.0122478 204.784
-0.0123485 204.846
-0.0124491 204.908
-0.0125497 204.971
-0.0126503 205.033
-0.012751 205.095
-0.0128516 205.158
-0.0129522 205.22
-0.0130528 205.283
-0.0131535 205.345
-0.0132541 205.408
-0.0133547 205.471
-0.0134553 205.533
-0.013556 205.596
-0.0136566 205.659
-0.0137572 205.721
-0.0138578 205.784
-0.0139585 205.847
-0.0140591 205.91
-0.0141597 205.973
-0.0142604 206.036
-0.014361 206.099
-0.0144616 206.162
-0.0145622 206.225
-0.0146629 206.288
-0.0147635 206.351
-0.0148641 206.414
-0.0149648 206.477
-0.0150654 206.541
-0.015166 206.604
-0.0152667 206.667
-0.0153673 206.731
-0.0154679 206.794
-0.0155686 206.858
-0.0156692 206.921
-0.0157698 206.985
-0.0158705 207.048
-0.0159711 207.112
-0.0160718 207.175
-0.0161724 207.239
-0.016273 207.303
-0.0163737 207.367
-0.0164743 207.43
-0.0165749 207.494
-0.0166756 207.558
-0.0167762 207.622
-0.0168769 207.686
-0.0169775 207.75
-0.0170781 207.814
-0.0169139 201.389
-0.0167497 194.968
-0.0165856 188.556
-0.0164216 182.155
-0.0162577 175.768
-0.016094 169.396
-0.0159304 163.043
-0.0157671 156.709
-0.015604 150.396
-0.0154411 144.108
-0.0152785 137.845
-0.0151161 131.61
-0.014954 125.404
-0.0147923 119.229
-0.0146309 113.087
-0.0144698 106.98
-0.0143091 100.908
-0.0141488 94.8756
-0.0139888 88.8825
-0.0138293 82.9311
-0.0136702 77.023
-0.0135116 71.16
-0.0133534 65.3437
-0.0131958 59.576
-0.0130386 53.8584
-0.0128819 48.1927
-0.0127258 42.5805
-0.0125702 37.0236
-0.0124152 31.5236
-0.0122608 26.0821
-0.012107 20.7007
-0.0119538 15.381
-0.0118012 10.1247
-0.0116493 4.93311
-0.0114981 -0.192116
-0.0113475 -5.24956
-0.0111976 -10.2378
-0.0110484 -15.1555
-0.0109 -20.0012
-0.0107523 -24.7739
-0.0106053 -29.4721
-0.0104591 -34.0948
-0.0103136 -38.641
-0.0101689 -43.1096
-0.010025 -47.4996
-0.0098819 -51.8104
-0.00973959 -56.0411
-0.00959809 -60.191
-0.0094574 -64.2596
-0.00931754 -68.2464
-0.00917849 -72.1511
-0.00904027 -75.9733
-0.00890287 -79.7129
-0.0087663 -83.3698
-0.00863056 -86.9441
-0.00849564 -90.4358
-0.00836155 -93.8453
-0.00822827 -97.1728
-0.00809581 -100.419
-0.00796416 -103.584
-0.00783332 -106.668
-0.00770327 -109.673
-0.007574 -112.6
-0.00744552 -115.448
-0.00731781 -118.219
-0.00719085 -120.915
-0.00706465 -123.535
-0.00693918 -126.082
-0.00681444 -128.556
-0.00669041 -130.959
-0.00656707 -133.293
-0.00644443 -135.557
-0.00632245 -137.755
-0.00620113 -139.887
-0.00608045 -141.955
-0.0059604 -143.96
-0.00584096 -145.904
-0.00572212 -147.788
-0.00560386 -149.614
-0.00548616 -151.384
-0.00536902 -153.098
-0.00525242 -154.758
-0.00513634 -156.366
-0.00502077 -157.923
-0.00490569 -159.431
-0.00479109 -160.891
-0.00467696 -162.304
-0.00456327 -163.673
-0.00445003 -164.997
-0.0043372 -166.28
-0.00422479 -167.521
-0.00411278 -168.722
-0.00400115 -169.885
-0.00388989 -171.011
-0.00377899 -172.101
-0.00366845 -173.155
-0.00355824 -174.176
-0.00344836 -175.164
-0.00333879 -176.121
-0.00322953 -177.047
-0.00312057 -177.943
-0.00301189 -178.811
-0.00290349 -179.651
-0.00279535 -180.465
-0.00268747 -181.253
-0.00257985 -182.015
-0.00247246 -182.754
-0.00236531 -183.469
-0.00225839 -184.161
-0.00215168 -184.832
-0.00204518 -185.482
-0.00193889 -186.111
-0.00183279 -186.721
-0.00172689 -187.311
-0.00162117 -187.883
-0.00151562 -188.438
-0.00141025 -188.975
-0.00130505 -189.495
-0.00120001 -189.999
-0.00109512 -190.488
-0.000990386 -190.961
-0.000885797 -191.42
-0.000781349 -191.865
-0.000677038 -192.296
-0.00057286 -192.714
-0.000468809 -193.119
-0.000364883 -193.512
-0.000261077 -193.892
-0.000157388 -194.261
-5.38115e-05 -194.619
4.96558e-05 -194.966
0.000153017 -195.302
0.000256276 -195.628
0.000359435 -195.944
0.000462498 -196.25
0.000565468 -196.547
0.000668346 -196.835
0.000771137 -197.114
0.000873843 -197.384
0.000976466 -197.647
0.00107901 -197.901
0.00118147 -198.147
0.00128386 -198.386
0.00138618 -198.618
0.00148842 -198.842
0.0015906 -199.06
0.00169271 -199.271
0.00179475 -199.475
0.00189673 -199.673
0.00199865 -199.865
0.0021005 -200.05
0.0022023 -200.23
0.00230405 -200.405
0.00240573 -200.573
0.00250737 -200.737
0.00260895 -200.895
0.00271048 -201.048
0.00281197 -201.197
0.0029134 -201.34
0.00301479 -201.479
0.00311613 -201.613
0.00321743 -201.743
0.00331869 -201.869
0.0034199 -201.99
0.00352107 -202.107
0.00362221 -202.221
0.0037233 -202.33
0.00382436 -202.436
0.00392538 -202.538
0.00402636 -202.636
0.00412731 -202.731
0.00422823 -202.823
0.00432911 -202.911
0.00442996 -202.996
0.00453078 -203.078
0.00463156 -203.156
0.00473232 -203.232
0.00483305 -203.305
0.00493375 -203.375
0.00503442 -203.442
0.00513506 -203.506
0.00523568 -203.568
0.00533627 -203.627
0.00543684 -203.684
0.00553738 -203.738
0.0056379 -203.79
0.00573839 -203.839
0.00583887 -203.887
0.00593931 -203.931
0.00603974 -203.974
0.00614014 -204.014
0.00624053 -204.053
0.00634089 -204.089
0.00644124 -204.124
0.00654156 -204.156
0.00664186 -204.186
0.00674215 -204.215
0.00684242 -204.242
0.00694266 -204.266
0.0070429 -204.29
0.00714311 -204.311
0.00724333 -204.333
0.00734354 -204.354
0.00744376 -204.376
0.00754398 -204.398
0.00764419 -204.419
0.00774441 -204.441
0.00784463 -204.463
0.00794484 -204.484
0.00804506 -204.506
0.00814528 -204.528
0.00824549 -204.549
0.00834571 -204.571
0.00844593 -204.593
0.00854615 -204.615
0.00864636 -204.636
0.00874658 -204.658
0.0088468 -204.68
0.00894702 -204.702
0.00904724 -204.724
0.00914745 -204.745
0.00924767 -204.767
0.00934789 -204.789
0.00944811 -204.811
0.00954833 -204.833
0.00964855 -204.855
0.00974877 -204.877
0.00984899 -204.899
0.00994921 -204.921
0.0100494 -204.943
0.0101496 -204.965
0.0102499 -204.987
0.0103501 -205.009
0.0104503 -205.031
0.0105505 -205.053
0.0106508 -205.075
0.010751 -205.097
0.0108512 -205.119
0.0109514 -205.141
0.0110516 -205.164
0.0111519 -205.186
0.0112521 -205.208
0.0113523 -205.23
0.0114525 -205.252
0.0115527 -205.275
0.011653 -205.297
0.0117532 -205.319
0.0118534 -205.342
0.0119536 -205.364
0.0120539 -205.386
0.0121541 -205.409
0.0122543 -205.431
0.0123545 -205.453
0.0124548 -205.476
0.012555 -205.498
0.0126552 -205.521
0.0127554 -205.543
0.0128557 -205.566
0.0129559 -205.588
0.0130561 -205.611
0.0131563 -205.633
0.0132566 -205.656
0.0133568 -205.679
0.013457 -205.701
0.0135572 -205.724
0.0136575 -205.747
0.0137577 -205.769
0.0138579 -205.792
0.0139581 -205.815
0.0140584 -205.837
0.0141586 -205.86
0.0142588 -205.883
0.0143591 -205.906
0.0144593 -205.929
0.0145595 -205.951
0.0146597 -205.974
0.01476 -205.997
0.0148602 -206.02
0.0149604 -206.043
0.0150607 -206.066
0.0151609 -206.089
0.0152611 -206.112
0.0153613 -206.135
0.0154616 -206.158
0.0155618 -206.181
0.015662 -206.204
0.0157623 -206.227
0.0158625 -206.25
0.0159627 -206.274
0.016063 -206.297
0.0161632 -206.32
0.0162634 -206.343
0.0163637 -206.366
0.0164639 -206.39
0.0165641 -206.413
0.0166644 -206.436
0.0167646 -206.46
0.0168648 -206.483
0.0169651 -206.506
0.0170653 -206.53
0.0169023 -200.23
0.0167394 -193.936
0.0165765 -187.653
0.0164138 -181.384
0.0162513 -175.131
0.016089 -168.897
0.0159268 -162.684
0.0157649 -156.495
0.0156033 -150.331
0.0154419 -144.195
0.0152809 -138.088
0.0151201 -132.013
0.0149597 -125.972
0.0147997 -119.966
0.01464 -113.997
0.0144807 -108.067
0.0143218 -102.178
0.0141633 -96.3314
0.0140053 -90.5291
0.0138477 -84.7729
0.0136906 -79.0644
0.0135341 -73.4053
0.013378 -67.7972
0.0132224 -62.2419
0.0130674 -56.741
0.012913 -51.296
0.0127591 -45.9085
0.0126058 -40.58
0.0124531 -35.3121
0.0123011 -30.1062
0.0121496 -24.9637
0.0119989 -19.8861
0.0118487 -14.8747
0.0116993 -9.93072
0.0115506 -5.05549
0.0114025 -0.250171
0.0112552 4.48411
0.0111085 9.14628
0.0109626 13.7354
0.0108175 18.2504
0.0106731 22.6905
0.0105294 27.055
0.0103866 31.3432
0.0102445 35.5544
0.0101031 39.6881
0.00996256 43.7438
0.00982279 47.7213
0.0096838 51.6203
0.00954559 55.4406
0.00940818 59.1821
0.00927155 62.8449
0.00913571 66.4291
0.00900065 69.9349
0.00886637 73.3625
0.00873288 76.7125
0.00860015 79.9852
0.00846819 83.1812
0.00833699 86.3012
0.00820654 89.3458
0.00807684 92.316
0.00794788 95.2125
0.00781964 98.0363
0.00769212 100.788
0.0075653 103.47
0.00743918 106.082
0.00731375 108.625
0.00718899 111.101
0.00706489 113.511
0.00694143 115.857
0.00681861 118.139
0.00669641 120.359
0.00657481 122.519
0.00645381 124.619
0.0063334 126.66
0.00621354 128.646
0.00609424 130.576
0.00597548 132.452
0.00585724 134.276
0.00573952 136.048
0.00562229 137.771
0.00550554 139.446
0.00538927 141.073
0.00527345 142.655
0.00515808 144.192
0.00504314 145.686
0.00492862 147.138
0.00481451 148.549
0.00470079 149.921
0.00458745 151.255
0.00447449 152.551
0.00436188 153.812
0.00424963 155.037
0.00413771 156.229
0.00402612 157.388
0.00391485 158.515
0.00380388 159.612
0.00369321 160.679
0.00358283 161.717
0.00347273 162.727
0.0033629 163.71
0.00325333 164.667
0.00314402 165.598
0.00303495 166.505
0.00292612 167.388
0.00281752 168.248
0.00270914 169.086
0.00260097 169.903
0.00249302 170.698
0.00238526 171.474
0.0022777 172.23
0.00217034 172.966
0.00206315 173.685
0.00195614 174.386
0.00184931 175.069
0.00174264 175.736
0.00163613 176.387
0.00152978 177.022
0.00142358 177.642
0.00131753 178.247
0.00121162 178.838
0.00110584 179.416
0.0010002 179.98
0.000894692 180.531
0.000789308 181.069
0.000684045 181.595
0.0005789 182.11
0.00047387 182.613
0.000368951 183.105
0.000264139 183.586
0.000159432 184.057
5.48268e-05 184.517
-4.96802e-05 184.968
-0.000154092 185.409
-0.000258411 185.841
-0.000362639 186.264
-0.00046678 186.678
-0.000570837 187.084
-0.00067481 187.481
-0.000778704 187.87
-0.00088252 188.252
-0.000986259 188.626
-0.00108993 188.993
-0.00119352 189.352
-0.00129705 189.705
-0.0014005 190.05
-0.0015039 190.39
-0.00160722 190.722
-0.00171049 191.049
-0.00181369 191.369
-0.00191684 191.684
-0.00201993 191.993
-0.00212296 192.296
-0.00222594 192.594
-0.00232887 192.887
-0.00243174 193.174
-0.00253456 193.456
-0.00263734 193.734
-0.00274007 194.007
-0.00284275 194.275
-0.00294538 194.538
-0.00304798 194.798
-0.00315052 195.052
-0.00325303 195.303
-0.0033555 195.55
-0.00345792 195.792
-0.00356031 196.031
-0.00366266 196.266
-0.00376497 196.497
-0.00386725 196.725
-0.00396949 196.949
-0.0040717 197.17
-0.00417387 197.387
-0.00427601 197.601
-0.00437812 197.812
-0.0044802 198.02
-0.00458224 198.224
-0.00468426 198.426
-0.00478625 198.625
-0.00488821 198.821
-0.00499014 199.014
-0.00509205 199.205
-0.00519392 199.392
-0.00529578 199.578
-0.0053976 199.76
-0.0054994 199.94
-0.00560118 200.118
-0.00570294 200.294
-0.00580467 200.467
-0.00590638 200.638
-0.00600806 200.806
-0.00610973 200.973
-0.00621137 201.137
-0.00631299 201.299
-0.00641459 201.459
-0.00651618 201.618
-0.00661774 201.774
-0.00671928 201.928
-0.00682081 202.081
-0.00692231 202.231
-0.0070238 202.38
-0.00712527 202.527
-0.00722673 202.673
-0.00732816 202.816
-0.00742958 202.958
-0.00753099 203.099
-0.00763238 203.238
-0.00773375 203.375
-0.00783511 203.511
-0.00793645 203.645
-0.00803778 203.778
-0.00813909 203.909
-0.00824039 204.039
-0.00834168 204.168
-0.00844295 204.295
-0.00854421 204.421
-0.00864546 204.546
-0.00874669 204.669
-0.00884791 204.791
-0.00894912 204.912
-0.00905032 205.032
-0.0091515 205.15
-0.00925268 205.268
-0.00935384 205.384
-0.00945499 205.499
-0.00955613 205.613
-0.00965726 205.726
-0.00975838 205.838
-0.00985948 205.948
-0.00996058 206.058
-0.0100617 206.167
-0.0101627 206.275
-0.0102638 206.381
-0.0103649 206.487
-0.0104659 206.592
-0.010567 206.696
-0.010668 206.799
-0.010769 206.902
-0.01087 207.003
-0.010971 207.104
-0.011072 207.203
-0.011173 207.302
-0.011274 207.4
-0.011375 207.497
-0.0114759 207.594
-0.0115769 207.69
-0.0116778 207.785
-0.0117788 207.879
-0.0118797 207.972
-0.0119806 208.065
-0.0120816 208.157
-0.0121825 208.248
-0.0122834 208.339
-0.0123843 208.429
-0.0124852 208.518
-0.0125861 208.607
-0.0126869 208.695
-0.0127878 208.782
-0.0128887 208.869
-0.0129896 208.955
-0.0130904 209.041
-0.0131913 209.126
-0.0132921 209.21
-0.0133929 209.294
-0.0134938 209.377
-0.0135946 209.46
-0.0136954 209.542
-0.0137962 209.624
-0.013897 209.705
-0.0139979 209.785
-0.0140987 209.865
-0.0141994 209.945
-0.0143002 210.024
-0.014401 210.102
-0.0145018 210.18
-0.0146026 210.258
-0.0147034 210.335
-0.0148041 210.412
-0.0149049 210.488
-0.0150056 210.564
-0.0151064 210.639
-0.0152071 210.714
-0.0153079 210.788
-0.0154086 210.862
-0.0155094 210.936
-0.0156101 211.009
-0.0157108 211.082
-0.0158115 211.154
-0.0159123 211.226
-0.016013 211.298
-0.0161137 211.369
-0.0162144 211.44
-0.0163151 211.51
-0.0164158 211.58
-0.0165165 211.65
-0.0166172 211.719
-0.0167179 211.788
-0.0168186 211.857
-0.0169193 211.925
-0.0170199 211.993
-0.0171206 212.061
-0.0172213 212.128
-0.017322 212.196
-0.0174226 212.263
-0.0175233 212.331
-0.017624 212.398
-0.0177247 212.466
-0.0178253 212.533
-0.017926 212.601
-0.0180267 212.669
-0.0181274 212.737
-0.018228 212.805
-0.0183287 212.873
-0.0184294 212.941
-0.0185301 213.009
-0.0186308 213.077
-0.0187314 213.145
-0.0188321 213.213
-0.0189328 213.282
-0.0190335 213.35
-0.0191342 213.418
-0.0192349 213.487
-0.0193356 213.555
-0.0194362 213.624
-0.0195369 213.692
-0.0196376 213.761
-0.0197383 213.83
-0.019839 213.899
-0.0199397 213.968
-0.0200404 214.037
-0.0201411 214.106
-0.0202417 214.175
-0.0203424 214.244
-0.0204431 214.313
-0.0205438 214.382
-0.0206445 214.451
-0.0207452 214.521
-0.0208459 214.59
-0.0209466 214.66
-0.0210473 214.729
-0.021148 214.799
-0.0212487 214.869
-0.0213494 214.938
-0.0214501 215.008
-0.0215508 215.078
-0.0216515 215.148
-0.0217522 215.218
-0.0218529 215.288
-0.0219536 215.358
-0.0220543 215.428
-0.022155 215.499
-0.0222557 215.569
-0.0223564 215.639
-0.0224571 215.71
-0.0225578 215.78
-0.0226585 215.851
-0.0227592 215.922
-0.0228599 215.992
-0.0229606 216.063
-0.0230613 216.134
-0.023162 216.205
-0.0232628 216.276
-0.0233635 216.347
-0.0234642 216.418
-0.0235649 216.489
-0.0236656 216.56
-0.0237663 216.632
-0.023867 216.703
-0.0239677 216.775
-0.0240685 216.846
-0.0241692 216.918
-0.0242699 216.99
-0.0243706 217.061
-0.0244713 217.133
-0.0245721 217.205
-0.0246728 217.277
-0.0247735 217.349
-0.0248742 217.421
-0.0249749 217.493
-0.0250757 217.566
-0.0251764 217.638
-0.0252771 217.711
-0.0253778 217.783
-0.0254786 217.856
-0.0255793 217.928
-0.02568 218.001
-0.0257807 218.074
-0.0258815 218.147
-0.0259822 218.22
-0.0260829 218.293
-0.0261837 218.366
-0.0262844 218.439
-0.0263851 218.512
-0.0264859 218.586
-0.0265866 218.659
-0.0266873 218.733
-0.0267881 218.806
-0.0268888 218.88
-0.0269895 218.954
-0.0270903 219.028
-0.027191 219.102
-0.0270268 212.681
-0.0268627 206.27
-0.0266987 199.871
-0.0265349 193.489
-0.0263713 187.126
-0.0262078 180.785
-0.0260447 174.468
-0.0258818 168.177
-0.0257191 161.914
-0.0255568 155.682
-0.0253948 149.482
-0.0252332 143.316
-0.0250719 137.186
-0.0249109 131.094
-0.0247504 125.042
-0.0245903 119.03
-0.0244306 113.062
-0.0242714 107.138
-0.0241126 101.261
-0.0239543 95.4316
-0.0237965 89.6518
-0.0236392 83.9232
-0.0234825 78.2473
-0.0233263 72.6257
-0.0231706 67.0599
-0.0230155 61.5514
-0.022861 56.1016
-0.0227071 50.712
-0.0225538 45.3841
-0.0224012 40.119
-0.0222492 34.9183
-0.0220978 29.7831
-0.0219471 24.7147
-0.0217971 19.7143
-0.0216478 14.783
-0.0214992 9.92189
-0.0213513 5.13202
-0.0212041 0.414325
-0.0210577 -4.23029
-0.020912 -8.80099
-0.020767 -13.297
-0.0206228 -17.7177
-0.0204794 -22.0624
-0.0203367 -26.3307
-0.0201948 -30.5219
-0.0200536 -34.6359
-0.0199133 -38.6723
-0.0197737 -42.6309
-0.0196349 -46.5116
-0.0194969 -50.3144
-0.0193596 -54.0393
-0.0192231 -57.6865
-0.0190874 -61.2562
-0.0189525 -64.7487
-0.0188184 -68.1645
-0.018685 -71.5039
-0.0185523 -74.7676
-0.0184204 -77.9561
-0.0182893 -81.0702
-0.0181589 -84.1106
-0.0180292 -87.0782
-0.0179003 -89.9739
-0.017772 -92.7986
-0.0176445 -95.5532
-0.0175176 -98.239
-0.0173914 -100.857
-0.0172659 -103.408
-0.0171411 -105.894
-0.0170169 -108.315
-0.0168933 -110.673
-0.0167703 -112.969
-0.0166479 -115.205
-0.0165262 -117.382
-0.016405 -119.5
-0.0162844 -121.562
-0.0161643 -123.568
-0.0160448 -125.521
-0.0159258 -127.421
-0.0158073 -129.269
-0.0156893 -131.067
-0.0155718 -132.816
-0.0154548 -134.518
-0.0153383 -136.173
-0.0152222 -137.784
-0.0151065 -139.35
-0.0149913 -140.874
-0.0148764 -142.357
-0.014762 -143.799
-0.014648 -145.203
-0.0145343 -146.568
-0.014421 -147.896
-0.0143081 -149.189
-0.0141955 -150.447
-0.0140833 -151.671
-0.0139714 -152.863
-0.0138598 -154.023
-0.0137485 -155.152
-0.0136375 -156.252
-0.0135268 -157.322
-0.0134164 -158.364
-0.0133062 -159.38
-0.0131963 -160.368
-0.0130867 -161.332
-0.0129773 -162.27
-0.0128682 -163.185
-0.0127592 -164.076
-0.0126506 -164.944
-0.0125421 -165.791
-0.0124338 -166.616
-0.0123258 -167.421
-0.0122179 -168.206
-0.0121103 -168.972
-0.0120028 -169.719
-0.0118955 -170.447
-0.0117884 -171.158
-0.0116815 -171.852
-0.0115747 -172.529
-0.0114681 -173.19
-0.0113616 -173.836
-0.0112553 -174.466
-0.0111492 -175.082
-0.0110432 -175.683
-0.0109373 -176.271
-0.0108316 -176.845
-0.0107259 -177.406
-0.0106205 -177.954
-0.0105151 -178.49
-0.0104099 -179.014
-0.0103047 -179.527
-0.0101997 -180.028
-0.0100948 -180.519
-0.00999002 -180.998
-0.00988532 -181.468
-0.00978073 -181.927
-0.00967624 -182.376
-0.00957184 -182.816
-0.00946753 -183.247
-0.00936331 -183.669
-0.00925918 -184.082
-0.00915513 -184.487
-0.00905117 -184.883
-0.00894728 -185.272
-0.00884348 -185.652
-0.00873975 -186.025
-0.00863609 -186.391
-0.00853251 -186.749
-0.008429 -187.1
-0.00832555 -187.445
-0.00822217 -187.783
-0.00811886 -188.114
-0.00801561 -188.439
-0.00791242 -188.758
-0.00780929 -189.071
-0.00770622 -189.378
-0.00760321 -189.679
-0.00750025 -189.975
-0.00739735 -190.265
-0.00729449 -190.551
-0.00719169 -190.831
-0.00708894 -191.106
-0.00698624 -191.376
-0.00688359 -191.641
-0.00678098 -191.902
-0.00667842 -192.158
-0.0065759 -192.41
-0.00647343 -192.657
-0.006371 -192.9
-0.00626861 -193.139
-0.00616626 -193.374
-0.00606395 -193.605
-0.00596167 -193.833
-0.00585944 -194.056
-0.00575724 -194.276
-0.00565508 -194.492
-0.00555295 -194.705
-0.00545086 -194.914
-0.0053488 -195.12
-0.00524677 -195.323
-0.00514478 -195.522
-0.00504281 -195.719
-0.00494088 -195.912
-0.00483897 -196.103
-0.0047371 -196.29
-0.00463526 -196.474
-0.00453344 -196.656
-0.00443165 -196.835
-0.00432988 -197.012
-0.00422815 -197.185
-0.00412644 -197.356
-0.00402475 -197.525
-0.00392309 -197.691
-0.00382145 -197.855
-0.00371984 -198.016
-0.00361824 -198.176
-0.00351668 -198.332
-0.00341513 -198.487
-0.00331361 -198.639
-0.0032121 -198.79
-0.00311062 -198.938
-0.00300916 -199.084
-0.00290772 -199.228
-0.00280629 -199.371
-0.00270489 -199.511
-0.00260351 -199.649
-0.00250214 -199.786
-0.00240079 -199.921
-0.00229946 -200.054
-0.00219815 -200.185
-0.00209686 -200.314
-0.00199558 -200.442
-0.00189432 -200.568
-0.00179307 -200.693
-0.00169184 -200.816
-0.00159062 -200.938
-0.00148943 -201.057
-0.00138824 -201.176
-0.00128707 -201.293
-0.00118592 -201.408
-0.00108478 -201.522
-0.000983649 -201.635
-0.000882535 -201.746
-0.000781435 -201.856
-0.000680348 -201.965
-0.000579275 -202.073
-0.000478214 -202.179
-0.000377165 -202.284
-0.000276128 -202.387
-0.000175104 -202.49
-7.40916e-05 -202.591
2.69092e-05 -202.691
0.000127899 -202.79
0.000228877 -202.888
0.000329844 -202.984
0.0004308 -203.08
0.000531746 -203.175
0.000632681 -203.268
0.000733606 -203.361
0.00083452 -203.452
0.000935425 -203.543
0.00103632 -203.632
0.00113721 -203.721
0.00123808 -203.808
0.00133895 -203.895
0.0014398 -203.98
0.00154065 -204.065
0.00164149 -204.149
0.00174232 -204.232
0.00184314 -204.314
0.00194396 -204.396
0.00204476 -204.476
0.00214556 -204.556
0.00224635 -204.635
0.00234713 -204.713
0.0024479 -204.79
0.00254867 -204.867
0.00264943 -204.943
0.00275018 -205.018
0.00285092 -205.092
0.00295166 -205.166
0.00305238 -205.238
0.00315311 -205.311
0.00325382 -205.382
0.00335453 -205.453
0.00345523 -205.523
0.00355592 -205.592
0.00365661 -205.661
0.00375729 -205.729
0.00385797 -205.797
0.00395864 -205.864
0.0040593 -205.93
0.00415996 -205.996
0.00426061 -206.061
0.00436125 -206.125
0.00446189 -206.189
0.00456253 -206.253
0.00466316 -206.316
0.00476378 -206.378
0.00486439 -206.439
0.00496501 -206.501
0.00506561 -206.561
0.00516621 -206.621
0.00526681 -206.681
0.0053674 -206.74
0.00546799 -206.799
0.00556857 -206.857
0.00566914 -206.914
0.00576971 -206.971
0.00587028 -207.028
0.00597084 -207.084
0.0060714 -207.14
0.00617195 -207.195
0.0062725 -207.25
0.00637304 -207.304
0.00647358 -207.358
0.00657412 -207.412
0.00667465 -207.465
0.00677517 -207.517
0.0068757 -207.57
0.00697621 -207.621
0.00707673 -207.673
0.00717724 -207.724
0.00727774 -207.774
0.00737825 -207.825
0.00747874 -207.874
0.00757924 -207.924
0.00767973 -207.973
0.00778022 -208.022
0.0078807 -208.07
0.00798118 -208.118
0.00808166 -208.166
0.00818213 -208.213
0.0082826 -208.26
0.00838306 -208.306
0.00848353 -208.353
0.00858399 -208.399
0.00868444 -208.444
0.00878489 -208.489
0.00888534 -208.534
0.00898579 -208.579
0.00908623 -208.623
0.00918667 -208.667
0.00928711 -208.711
0.00938754 -208.754
0.00948797 -208.797
0.0095884 -208.84
0.00968883 -208.883
0.00978925 -208.925
0.00988967 -208.967
0.00999008 -209.008
0.0100905 -209.05
0.0101909 -209.091
0.0102913 -209.132
0.0103917 -209.172
0.0104921 -209.212
0.0105925 -209.252
0.0106929 -209.292
0.0107933 -209.332
0.0108937 -209.371
0.0109941 -209.41
0.0110945 -209.449
0.0111949 -209.487
0.0112953 -209.525
0.0113956 -209.563
0.011496 -209.601
0.0115964 -209.638
0.0116968 -209.676
0.0117971 -209.713
0.0118975 -209.75
0.0119979 -209.786
0.0120982 -209.823
0.0121986 -209.859
0.0122989 -209.895
0.0123993 -209.93
0.0124997 -209.966
0.0126 -210.001
0.0127004 -210.036
0.0128007 -210.071
0.0129011 -210.106
0.0130014 -210.14
0.0131017 -210.175
0.0132021 -210.209
0.0133024 -210.243
0.0134028 -210.276
0.0135031 -210.31
0.0136034 -210.343
0.0137038 -210.376
0.0138041 -210.409
0.0139044 -210.442
0.0140047 -210.475
0.0141051 -210.507
0.0142054 -210.539
0.0143057 -210.571
0.014406 -210.603
0.0145063 -210.635
0.0146067 -210.666
0.014707 -210.698
0.0148073 -210.729
0.0149076 -210.76
0.0150079 -210.791
0.0151082 -210.821
0.0152085 -210.852
0.0153088 -210.882
0.0154091 -210.913
0.0155094 -210.943
0.0156097 -210.973
0.01571 -211.002
0.0158103 -211.032
0.0159106 -211.061
0.0160109 -211.091
0.0161112 -211.12
0.0162115 -211.149
0.0163118 -211.178
0.0164121 -211.206
0.0165123 -211.235
0.0166126 -211.263
0.0167129 -211.292
0.0168132 -211.32
0.0169135 -211.348
0.0170138 -211.376
0.017114 -211.403
0.0172143 -211.431
0.0173146 -211.459
0.0174149 -211.486
0.0175151 -211.514
0.0176154 -211.542
0.0177157 -211.57
0.017816 -211.598
0.0179163 -211.626
0.0180165 -211.654
0.0181168 -211.682
0.0182171 -211.71
0.0183174 -211.738
0.0184177 -211.766
0.0185179 -211.795
0.0186182 -211.823
0.0187185 -211.851
0.0188188 -211.88
0.0189191 -211.908
0.0190194 -211.937
0.0191197 -211.965
0.0192199 -211.994
0.0193202 -212.023
0.0194205 -212.052
0.0195208 -212.08
0.0196211 -212.109
0.0197214 -212.138
0.0198217 -212.167
0.019922 -212.196
0.0200223 -212.225
0.0201225 -212.255
0.0202228 -212.284
0.0203231 -212.313
0.0204234 -212.343
0.0205237 -212.372
0.020624 -212.401
0.0207243 -212.431
0.0208246 -212.461
0.0209249 -212.49
0.0210252 -212.52
0.0211255 -212.55
0.0212258 -212.58
0.0213261 -212.61
0.0214264 -212.64
0.0215267 -212.67
0.021627 -212.7
0.0217273 -212.73
0.0218276 -212.76
0.0219279 -212.791
0.0220282 -212.821
0.0221285 -212.852
0.0222288 -212.882
0.0223291 -212.913
0.0224294 -212.944
0.0225297 -212.974
0.0226301 -213.005
0.0227304 -213.036
0.0228307 -213.067
0.022931 -213.098
0.0230313 -213.129
0.0231316 -213.161
0.0232319 -213.192
0.0233322 -213.223
0.0234325 -213.255
0.0235329 -213.286
0.0236332 -213.318
0.0237335 -213.35
0.0238338 -213.382
0.0239341 -213.413
0.0240345 -213.445
0.0241348 -213.477
0.0242351 -213.51
0.0243354 -213.542
0.0244357 -213.574
0.0245361 -213.607
0.0246364 -213.639
0.0247367 -213.672
0.024837 -213.704
0.0249374 -213.737
0.0250377 -213.77
0.025138 -213.803
0.0252384 -213.836
0.0253387 -213.869
0.025439 -213.902
0.0255394 -213.936
0.0256397 -213.969
0.02574 -214.003
0.0258404 -214.036
0.0259407 -214.07
0.026041 -214.104
0.0261414 -214.138
0.0262417 -214.172
0.0263421 -214.206
0.0264424 -214.24
0.0265427 -214.275
0.0266431 -214.309
0.0267434 -214.344
0.0268438 -214.378
0.0269441 -214.413
0.0270445 -214.448
0.0271448 -214.483
0.0255299 -154.055
0.0239596 -95.9618
0.022438 -43.8
0.0209815 1.84509
0.0195969 40.3119
0.0182837 71.6345
0.0170351 96.4858
0.0158408 115.919
0.0146893 131.068
0.0135706 142.943
0.0124764 152.36
0.0114006 159.937
0.0103387 166.132
0.00928722 171.278
0.0082438 175.62
0.00720662 179.338
0.00617434 182.566
0.00514595 185.405
0.0041207 187.93
0.003098 190.2
0.00207738 192.262
0.0010585 194.15
4.10515e-05 195.895
-0.00097518 197.518
-0.00199038 199.038
-0.00300471 200.471
-0.00401828 201.828
-0.00503121 203.121
-0.00604358 204.358
-0.00705546 205.546
-0.00806691 206.691
-0.00907798 207.798
-0.0100887 208.873
-0.0110992 209.918
-0.0121094 210.937
-0.0131193 211.934
-0.0141291 212.91
-0.0151387 213.867
-0.0161481 214.809
-0.0171574 215.735
-0.0181665 216.649
-0.0191698 216.977
-0.0201713 217.127
-0.0211728 217.28
-0.0221744 217.436
-0.023176 217.595
-0.0241776 217.759
-0.0251793 217.927
-0.026181 218.1
-0.0271828 218.278
-0.0281847 218.472
-0.0291869 218.694
-0.0301895 218.946
-0.0311923 219.23
-0.0321955 219.55
-0.0331991 219.91
-0.0342032 220.316
-0.0352078 220.778
-0.0362131 221.308
-0.0372193 221.931
-0.0356 159.916
-0.0340229 102.293
-0.0325063 50.6357
-0.0310612 6.12281
-0.0296919 -30.8126
-0.0283949 -60.5095
-0.0271609 -83.905
-0.025978 -102.198
-0.0248345 -116.552
-0.0237206 -127.944
-0.0226287 -137.13
-0.0215533 -144.67
-0.0204902 -150.974
-0.0194366 -156.34
-0.0183901 -160.985
-0.0173493 -165.07
-0.0163128 -168.715
-0.0152799 -172.011
-0.0142497 -175.026
-0.0132219 -177.815
-0.0121958 -180.42
-0.0111713 -182.874
-0.0101491 -185.093
-0.00913194 -186.806
-0.0081159 -188.41
-0.0071008 -189.92
-0.00608651 -191.349
-0.00507292 -192.708
-0.00405996 -194.004
-0.00304754 -195.246
-0.00203561 -196.439
-0.00102411 -197.589
-1.29966e-05 -198.7
0.000997769 -199.777
0.00200822 -200.822
0.00301839 -201.839
0.0040283 -202.83
0.00503797 -203.797
0.00604743 -204.743
0.00705669 -205.669
0.00806577 -206.577
0.00907468 -207.468
0.0100834 -208.344
0.0110921 -209.205
0.0121005 -210.053
0.0131089 -210.888
0.0141171 -211.711
0.0151252 -212.524
0.0161333 -213.325
0.0171412 -214.118
0.018149 -214.901
0.0191567 -215.675
0.0201644 -216.441
0.021172 -217.199
0.0221795 -217.95
0.0231869 -218.693
0.0241943 -219.43
0.0252016 -220.16
0.0262088 -220.884
0.027216 -221.602
0.0282237 -222.37
0.0292331 -223.31
0.0302464 -224.641
0.031272 -227.199
0.032272 -227.198
0.033272 -227.198
0.034272 -227.197
0.035272 -227.197
0.036272 -227.196
0.0372719 -227.194
0.0356722 -167.008
0.0341101 -111.009
0.032601 -60.1036
0.031152 -15.1983
0.0297664 23.3649
0.0284429 55.7113
0.0271764 82.3623
0.0259592 104.082
0.0247829 121.712
0.0236396 136.044
0.0225224 147.761
0.0214258 157.419
0.0203454 165.456
0.0192779 172.214
0.0182205 177.954
0.0171712 182.878
0.0161286 187.144
0.0150913 190.872
0.0140584 194.158
0.0130292 197.078
0.0120031 199.692
0.0109795 202.049
0.00995814 204.186
0.00893863 206.137
0.00792072 207.928
0.0069042 209.58
0.00588888 211.112
0.00487461 212.539
0.00386126 213.874
0.00284872 215.128
0.0018369 216.31
0.000829441 217.056
-0.000173894 217.389
-0.00117682 217.682
-0.0021794 217.94
-0.00318167 218.167
-0.00418368 218.368
-0.00518545 218.545
-0.00618702 218.702
-0.00718841 218.841
-0.00818966 218.966
-0.00919076 219.076
-0.0101918 219.176
-0.0111927 219.265
-0.0121935 219.346
-0.0131942 219.419
-0.0141949 219.487
-0.0151955 219.548
-0.0161961 219.606
-0.0171966 219.659
-0.0181971 219.71
-0.0191976 219.758
-0.020198 219.804
-0.0211985 219.848
-0.0221989 219.892
-0.0231993 219.934
-0.0241998 219.977
-0.0252002 220.019
-0.0262006 220.062
-0.0272011 220.105
-0.0282015 220.149
-0.0292019 220.194
-0.0302024 220.24
-0.0312024 220.245
-0.0322018 220.181
-0.0332012 220.116
-0.0342005 220.049
-0.0351998 219.981
-0.0361991 219.911
-0.0371984 219.841
-0.0381977 219.772
-0.0391971 219.705
-0.0401964 219.642
-0.0411958 219.581
-0.0421952 219.523
-0.0431947 219.468
-0.0441942 219.416
-0.0451937 219.367
-0.0461932 219.321
-0.0471928 219.277
-0.045589 158.605
-0.0440299 102.997
-0.0425312 53.1244
-0.0410979 9.79712
-0.0397313 -26.8692
-0.0384275 -57.2468
-0.0371794 -82.0587
-0.0359781 -102.188
-0.0348149 -118.514
-0.0336818 -131.817
-0.0325726 -142.742
-0.031482 -151.799
-0.0304061 -159.388
-0.0293419 -165.814
-0.0282869 -171.311
-0.0272394 -176.061
-0.0261979 -180.204
-0.0251615 -183.849
-0.0241291 -187.084
-0.0231002 -189.976
-0.0220745 -192.545
-0.0210516 -194.835
-0.0200308 -196.918
-0.0190118 -198.824
-0.0179942 -200.579
-0.016978 -202.204
-0.0159628 -203.715
-0.0149487 -205.128
-0.0139354 -206.455
-0.0129229 -207.707
-0.0119111 -208.893
-0.0108998 -210.022
-0.009889 -211.1
-0.00887867 -212.133
-0.00786873 -213.127
-0.00685913 -214.087
-0.00584984 -215.016
-0.00484081 -215.919
-0.00383201 -216.799
-0.0028234 -217.66
-0.00181498 -218.502
-0.000806694 -219.331
0.000201465 -220.147
0.00120952 -220.952
0.0022175 -221.75
0.00322541 -222.541
0.00423328 -223.328
0.00524112 -224.112
0.00624894 -224.894
0.00725676 -225.676
0.00826461 -226.461
0.00927248 -227.248
0.0102801 -228.01
0.0112816 -228.157
0.0122829 -228.294
0.0132842 -228.421
0.0142854 -228.538
0.0152865 -228.646
0.0162875 -228.746
0.0172884 -228.838
0.0182892 -228.923
0.01929 -229.001
0.0202907 -229.072
0.0212914 -229.137
0.022292 -229.196
0.0232925 -229.249
0.024293 -229.297
0.0252934 -229.34
0.0262938 -229.378
0.0272941 -229.411
0.0282944 -229.44
0.0292947 -229.465
0.0302949 -229.486
0.031295 -229.503
0.0322952 -229.517
0.0332953 -229.527
0.0342953 -229.534
0.0352954 -229.538
0.0362954 -229.538
0.0372954 -229.536
0.0382953 -229.532
0.0392953 -229.528
0.0402952 -229.524
0.0412952 -229.52
0.0422952 -229.516
0.0432951 -229.511
0.0442951 -229.506
0.045295 -229.501
0.046295 -229.495
0.0472949 -229.49
0.0457074 -170.536
0.0441674 -116.737
0.0426863 -68.6285
0.0412669 -26.6884
0.0399086 9.14137
0.0386072 39.2759
0.0373563 64.3665
0.0361484 85.1634
0.0349759 102.406
0.0338324 116.755
0.0327123 128.772
0.0316109 138.913
0.0305246 147.542
0.0294505 154.949
0.0283864 161.36
0.0273304 166.955
0.0262812 171.877
0.0252376 176.239
0.0241987 180.13
0.0231637 183.626
0.0221328 186.718
0.0211102 188.979
0.0200901 190.987
0.0190722 192.777
0.0180562 194.381
0.0170418 195.822
0.0160288 197.122
0.015017 198.299
0.0140063 199.368
0.0129966 200.342
0.0119877 201.232
0.0109795 202.048
0.00997201 202.799
0.0089651 203.49
0.0079587 204.13
0.00695278 204.722
0.00594727 205.273
0.00494213 205.787
0.00393733 206.267
0.00293284 206.716
0.00192862 207.138
0.000924649 207.535
-7.90997e-05 207.91
-0.00108265 208.265
-0.00208601 208.601
-0.00308921 208.921
-0.00409226 209.225
-0.00509517 209.517
-0.00609795 209.795
-0.00710063 210.063
-0.0081032 210.32
-0.00910568 210.568
-0.0101081 210.807
-0.0111103 211.025
-0.0121115 211.146
-0.0131126 211.257
-0.0141136 211.359
-0.0151145 211.453
-0.0161154 211.539
-0.0171162 211.619
-0.0181169 211.692
-0.0191176 211.758
-0.0201182 211.82
-0.0211188 211.876
-0.0221193 211.927
-0.0231197 211.975
-0.0241202 212.018
-0.0251206 212.057
-0.0261209 212.094
-0.0271213 212.127
-0.0281216 212.158
-0.0291219 212.185
-0.0301221 212.211
-0.0311223 212.235
-0.0321226 212.256
-0.0331228 212.276
-0.0341229 212.295
-0.0351231 212.312
-0.0361233 212.328
-0.0371234 212.343
-0.0381236 212.357
-0.0391237 212.37
-0.0401238 212.383
-0.0411239 212.395
-0.0421241 212.406
-0.0431242 212.417
-0.0441243 212.428
-0.0451244 212.439
-0.0461245 212.45
-0.0471246 212.461
-0.0481247 212.473
-0.0491249 212.488
-0.050125 212.504
-0.0511252 212.524
-0.0521255 212.545
-0.0531257 212.569
-0.054126 212.596
-0.0551262 212.624
-0.0561266 212.655
-0.0571269 212.689
-0.0555397 153.98
-0.0540132 101.331
-0.0525538 55.3917
-0.0511623 16.2327
-0.0498346 -16.5406
-0.0485636 -43.6435
-0.0473406 -65.9351
-0.0461573 -84.2717
-0.0450058 -99.419
-0.0438798 -112.019
-0.0427741 -122.588
-0.0416846 -131.535
-0.0406082 -139.179
-0.0395423 -145.77
-0.038485 -151.502
-0.0374347 -156.528
-0.0363903 -160.968
-0.0353508 -164.92
-0.0343154 -168.461
-0.0332834 -171.653
-0.0322545 -174.548
-0.0312281 -177.187
-0.0302039 -179.605
-0.0291817 -181.832
-0.0281611 -183.891
-0.027142 -185.803
-0.0261241 -187.586
-0.0251075 -189.254
-0.0240918 -190.821
-0.023077 -192.296
-0.0220631 -193.691
-0.0210499 -195.012
-0.0200373 -196.268
-0.0190253 -197.465
-0.0180139 -198.609
-0.017003 -199.703
-0.0159925 -200.754
-0.0149824 -201.765
-0.0139726 -202.739
-0.0129632 -203.679
-0.0119541 -204.589
-0.0109453 -205.471
-0.00993673 -206.327
-0.0089284 -207.16
-0.0079203 -207.97
-0.00691239 -208.761
-0.00590467 -209.532
-0.00489713 -210.287
-0.00388974 -211.026
-0.00288249 -211.751
-0.0018759 -212.409
-0.000869719 -213.028
0.000136375 -213.637
0.00114239 -214.239
0.00214832 -214.832
0.0031542 -215.42
0.00416002 -216.002
0.00516579 -216.579
0.00617153 -217.153
0.00717723 -217.723
0.00818291 -218.291
0.00918857 -218.857
0.0101942 -219.422
0.0111999 -219.987
0.0122055 -220.552
0.0132112 -221.117
0.0142168 -221.685
0.0152225 -222.254
0.0162283 -222.825
0.017234 -223.4
0.0182398 -223.979
0.0192456 -224.562
0.0202515 -225.15
0.0212574 -225.744
0.0222634 -226.344
0.0232695 -226.95
0.0242756 -227.563
0.0252818 -228.185
0.0262881 -228.815
0.0272945 -229.454
0.028301 -230.103
0.0293076 -230.763
0.0303143 -231.433
0.0313166 -231.657
0.0323169 -231.691
0.0333172 -231.722
0.0343175 -231.749
0.0353177 -231.773
0.0363179 -231.794
0.0373181 -231.813
0.0383183 -231.828
0.0393184 -231.84
0.0403185 -231.85
0.0413186 -231.857
0.0423186 -231.861
0.0433186 -231.863
0.0443186 -231.863
0.0453186 -231.861
0.0463186 -231.856
0.0473185 -231.849
0.0483184 -231.841
0.0493183 -231.833
0.0503182 -231.825
0.0513182 -231.816
0.0523181 -231.808
0.0507405 -173.886
0.0492197 -121.968
0.047762 -76.1992
0.0463665 -36.652
0.0450297 -2.96668
0.0437455 25.4536
0.0425068 49.3202
0.0413065 69.3544
0.0401378 86.22
0.0389976 100.238
0.0378795 112.054
0.0367791 122.088
0.0356933 130.666
0.0346195 138.049
0.0335555 144.445
0.0324998 150.021
0.0314509 154.912
0.0304077 159.227
0.0293695 163.053
0.0283354 166.464
0.0273048 169.518
0.0262773 172.266
0.0252525 174.748
0.02423 176.999
0.0232095 179.047
0.0221908 180.919
0.0211737 182.634
0.0201579 184.21
0.0191434 185.664
0.0181299 187.008
0.0171175 188.255
0.0161059 189.413
0.0150951 190.493
0.014085 191.502
0.0130755 192.447
0.0120667 193.334
0.0110583 194.168
0.0100505 194.954
0.00904303 195.697
0.00803601 196.399
0.00702934 197.066
0.00602301 197.699
0.00501699 198.301
0.0040118 198.82
0.00300729 199.271
0.00200305 199.695
0.000999066 200.093
-4.68861e-06 200.469
-0.00100823 200.823
-0.00201157 201.157
