-0.000166701 -0.0001
-0.000333404 -0.0002
-0.00050011 -0.0003
-0.000666818 -0.0004
-0.000833528 -0.0005
-0.00100024 -0.0006
-0.00116695 -0.0007
-0.00133367 -0.0008
-0.00150039 -0.0009
-0.00166711 -0.001
-0.00183383 -0.0011
-0.00200056 -0.0012
-0.00216728 -0.0013
-0.002334 -0.0014
-0.00250072 -0.0015
-0.00266742 -0.0016
-0.00283409 -0.0017
-0.00300072 -0.0018
-0.00316727 -0.0019
-0.00333368 -0.002
-0.00349988 -0.0021
-0.00366574 -0.0022
-0.0038311 -0.0023
-0.00399567 -0.0024
-0.00415907 -0.0025
-0.00432072 -0.0026
-0.00447978 -0.0027
-0.004635 -0.0028
-0.00478464 -0.0029
-0.00492648 -0.003
-0.00505839 -0.0031
-0.0051797 -0.0032
-0.0052922 -0.0033
-0.00539895 -0.0034
-0.00550255 -0.0035
-0.00560456 -0.0036
-0.00570578 -0.0037
-0.00580662 -0.0038
-0.00590726 -0.0039
-0.0060078 -0.004
-0.00610827 -0.0041
-0.00620872 -0.0042
-0.00630915 -0.0043
-0.00640957 -0.0044
-0.00650998 -0.0045
-0.00661039 -0.0046
-0.00671079 -0.0047
-0.0068112 -0.0048
-0.0069116 -0.0049
-0.00701201 -0.005
-0.00684661 -0.0049
-0.00668124 -0.0048
-0.00651589 -0.0047
-0.0063506 -0.0046
-0.00618535 -0.0045
-0.00602018 -0.0044
-0.00585508 -0.0043
-0.00569006 -0.0042
-0.00552514 -0.0041
-0.00536032 -0.004
-0.00519562 -0.0039
-0.00503104 -0.0038
-0.00486659 -0.0037
-0.00470228 -0.0036
-0.00453812 -0.0035
-0.00437411 -0.0034
-0.00421028 -0.0033
-0.00404663 -0.0032
-0.00388316 -0.0031
-0.00371989 -0.003
-0.00355682 -0.0029
-0.00339398 -0.0028
-0.00323136 -0.0027
-0.00306898 -0.0026
-0.00290684 -0.0025
-0.00274497 -0.0024
-0.00258337 -0.0023
-0.00242205 -0.0022
-0.00226102 -0.0021
-0.00210031 -0.002
-0.00193991 -0.0019
-0.00177984 -0.0018
-0.00162012 -0.0017
-0.00146075 -0.0016
-0.00130177 -0.0015
-0.00114317 -0.0014
-0.000984971 -0.0013
-0.000827195 -0.0012
-0.000669857 -0.0011
-0.000512973 -0.001
-0.000356562 -0.0009
-0.000200642 -0.0008
-4.52322e-05 -0.0007
0.000109646 -0.0006
0.000263971 -0.0005
0.000417721 -0.0004
0.000570872 -0.0003
0.0007234 -0.0002
0.000875278 -0.0001
0.00102648 -2.43919e-19
0.00117697 0.0001
0.00132673 0.0002
0.00147573 0.0003
0.00162392 0.0004
0.00177127 0.0005
0.00191775 0.0006
0.00206331 0.0007
0.00220791 0.0008
0.00235151 0.0009
0.00249406 0.001
0.00263551 0.0011
0.00277579 0.0012
0.00291486 0.0013
0.00305265 0.0014
0.00318908 0.0015
0.0033241 0.0016
0.00345761 0.0017
0.00358953 0.0018
0.00371977 0.0019
0.00384822 0.002
0.00397479 0.0021
0.00409933 0.0022
0.00422174 0.0023
0.00434184 0.0024
0.0044595 0.0025
0.00457452 0.0026
0.00468672 0.0027
0.00479586 0.0028
0.00490171 0.0029
0.00500397 0.003
0.00510399 0.0031
0.00520399 0.0032
0.00530399 0.0033
0.00540399 0.0034
0.00550399 0.0035
0.00560399 0.0036
0.00570399 0.0037
0.00580399 0.0038
0.00590399 0.0039
0.00600399 0.004
0.00610399 0.0041
0.00620399 0.0042
0.00630399 0.0043
0.00640398 0.0044
0.00650398 0.0045
0.00660397 0.0046
0.00670396 0.0047
0.00680394 0.0048
0.00690392 0.0049
0.0070039 0.005
0.00683882 0.0049
0.00667378 0.0048
0.00650878 0.0047
0.00634384 0.0046
0.00617899 0.0045
0.00601425 0.0044
0.00584961 0.0043
0.00568511 0.0042
0.00552076 0.0041
0.00535656 0.004
0.00519254 0.0039
0.00502871 0.0038
0.00486508 0.0037
0.00470167 0.0036
0.00453849 0.0035
0.00437555 0.0034
0.00421288 0.0033
0.00405047 0.0032
0.00388835 0.0031
0.00372653 0.003
0.00356503 0.0029
0.00340386 0.0028
0.00324303 0.0027
0.00308256 0.0026
0.00292246 0.0025
0.00276275 0.0024
0.00260345 0.0023
0.00244456 0.0022
0.00228611 0.0021
0.0021281 0.002
0.00197057 0.0019
0.00181351 0.0018
0.00165695 0.0017
0.0015009 0.0016
0.00134538 0.0015
0.00119041 0.0014
0.001036 0.0013
0.000882171 0.0012
0.000728937 0.0011
0.000576317 0.001
0.000424326 0.0009
0.000272983 0.0008
0.000122304 0.0007
-2.7694e-05 0.0006
-0.000176993 0.0005
-0.000325578 0.0004
-0.000473429 0.0003
-0.000620532 0.0002
-0.000766869 0.0001
-0.000912423 2.30393e-19
-0.00105718 -0.0001
-0.00120112 -0.0002
-0.00134423 -0.0003
-0.0014865 -0.0004
-0.00162791 -0.0005
-0.00176844 -0.0006
-0.00190808 -0.0007
-0.00204682 -0.0008
-0.00218465 -0.0009
-0.00232155 -0.001
-0.00245751 -0.0011
-0.00259253 -0.0012
-0.00272659 -0.0013
-0.00285968 -0.0014
-0.00299179 -0.0015
-0.00312293 -0.0016
-0.00325308 -0.0017
-0.00338223 -0.0018
-0.00351039 -0.0019
-0.00363755 -0.002
-0.00376371 -0.0021
-0.00388887 -0.0022
-0.00401303 -0.0023
-0.00413619 -0.0024
-0.00425835 -0.0025
-0.00437952 -0.0026
-0.00449971 -0.0027
-0.00461891 -0.0028
-0.00473713 -0.0029
-0.00485439 -0.003
-0.0049707 -0.0031
-0.00508605 -0.0032
-0.00520047 -0.0033
-0.00531396 -0.0034
-0.00542654 -0.0035
-0.00553822 -0.0036
-0.00564902 -0.0037
-0.00575894 -0.0038
-0.00586801 -0.0039
-0.00597623 -0.004
-0.00608364 -0.0041
-0.00619023 -0.0042
-0.00629603 -0.0043
-0.00640106 -0.0044
-0.00650533 -0.0045
-0.00660885 -0.0046
-0.00671166 -0.0047
-0.00681376 -0.0048
-0.00691517 -0.0049
-0.00701591 -0.005
-0.00711629 -0.0051
-0.00721666 -0.0052
-0.00731779 -0.0053
-0.00741839 -0.0054
-0.007519 -0.0055
-0.0076196 -0.0056
-0.00772021 -0.0057
-0.00782081 -0.0058
-0.00792142 -0.0059
-0.00802203 -0.006
-0.00812264 -0.0061
-0.00822324 -0.0062
-0.00832385 -0.0063
-0.00842446 -0.0064
-0.00852507 -0.0065
-0.00862568 -0.0066
-0.00872629 -0.0067
-0.0088269 -0.0068
-0.00892751 -0.0069
-0.00902812 -0.007
-0.00912873 -0.0071
-0.00922934 -0.0072
-0.00932995 -0.0073
-0.00943056 -0.0074
-0.00953118 -0.0075
-0.00963179 -0.0076
-0.0097324 -0.0077
-0.00983301 -0.0078
-0.00993363 -0.0079
-0.0100342 -0.008
-0.0101349 -0.0081
-0.0102355 -0.0082
-0.0103361 -0.0083
-0.0104367 -0.0084
-0.0105373 -0.0085
-0.0106379 -0.0086
-0.0107385 -0.0087
-0.0108392 -0.0088
-0.0109398 -0.0089
-0.0110404 -0.009
-0.011141 -0.0091
-0.0112416 -0.0092
-0.0113423 -0.0093
-0.0114429 -0.0094
-0.0115435 -0.0095
-0.0116441 -0.0096
-0.0117447 -0.0097
-0.0118454 -0.0098
-0.011946 -0.0099
-0.0120466 -0.01
-0.0121472 -0.0101
-0.0122478 -0.0102
-0.0123485 -0.0103
-0.0124491 -0.0104
-0.0125497 -0.0105
-0.0126503 -0.0106
-0.012751 -0.0107
-0.0128516 -0.0108
-0.0129522 -0.0109
-0.0130528 -0.011
-0.0131535 -0.0111
-0.0132541 -0.0112
-0.0133547 -0.0113
-0.0134553 -0.0114
-0.013556 -0.0115
-0.0136566 -0.0116
-0.0137572 -0.0117
-0.0138578 -0.0118
-0.0139585 -0.0119
-0.0140591 -0.012
-0.0141597 -0.0121
-0.0142604 -0.0122
-0.014361 -0.0123
-0.0144616 -0.0124
-0.0145622 -0.0125
-0.0146629 -0.0126
-0.0147635 -0.0127
-0.0148641 -0.0128
-0.0149648 -0.0129
-0.0150654 -0.013
-0.015166 -0.0131
-0.0152667 -0.0132
-0.0153673 -0.0133
-0.0154679 -0.0134
-0.0155686 -0.0135
-0.0156692 -0.0136
-0.0157698 -0.0137
-0.0158705 -0.0138
-0.0159711 -0.0139
-0.0160718 -0.014
-0.0161724 -0.0141
-0.016273 -0.0142
-0.0163737 -0.0143
-0.0164743 -0.0144
-0.0165749 -0.0145
-0.0166756 -0.0146
-0.0167762 -0.0147
-0.0168769 -0.0148
-0.0169775 -0.0149
-0.0170781 -0.015
-0.0169139 -0.0149
-0.0167497 -0.0148
-0.0165856 -0.0147
-0.0164216 -0.0146
-0.0162577 -0.0145
-0.016094 -0.0144
-0.0159304 -0.0143
-0.0157671 -0.0142
-0.015604 -0.0141
-0.0154411 -0.014
-0.0152785 -0.0139
-0.0151161 -0.0138
-0.014954 -0.0137
-0.0147923 -0.0136
-0.0146309 -0.0135
-0.0144698 -0.0134
-0.0143091 -0.0133
-0.0141488 -0.0132
-0.0139888 -0.0131
-0.0138293 -0.013
-0.0136702 -0.0129
-0.0135116 -0.0128
-0.0133534 -0.0127
-0.0131958 -0.0126
-0.0130386 -0.0125
-0.0128819 -0.0124
-0.0127258 -0.0123
-0.0125702 -0.0122
-0.0124152 -0.0121
-0.0122608 -0.012
-0.012107 -0.0119
-0.0119538 -0.0118
-0.0118012 -0.0117
-0.0116493 -0.0116
-0.0114981 -0.0115
-0.0113475 -0.0114
-0.0111976 -0.0113
-0.0110484 -0.0112
-0.0109 -0.0111
-0.0107523 -0.011
-0.0106053 -0.0109
-0.0104591 -0.0108
-0.0103136 -0.0107
-0.0101689 -0.0106
-0.010025 -0.0105
-0.0098819 -0.0104
-0.00973959 -0.0103
-0.00959809 -0.0102
-0.0094574 -0.0101
-0.00931754 -0.01
-0.00917849 -0.0099
-0.00904027 -0.0098
-0.00890287 -0.0097
-0.0087663 -0.0096
-0.00863056 -0.0095
-0.00849564 -0.0094
-0.00836155 -0.0093
-0.00822827 -0.0092
-0.00809581 -0.0091
-0.00796416 -0.009
-0.00783332 -0.0089
-0.00770327 -0.0088
-0.007574 -0.0087
-0.00744552 -0.0086
-0.00731781 -0.0085
-0.00719085 -0.0084
-0.00706465 -0.0083
-0.00693918 -0.0082
-0.00681444 -0.0081
-0.00669041 -0.008
-0.00656707 -0.0079
-0.00644443 -0.0078
-0.00632245 -0.0077
-0.00620113 -0.0076
-0.00608045 -0.0075
-0.0059604 -0.0074
-0.00584096 -0.0073
-0.00572212 -0.0072
-0.00560386 -0.0071
-0.00548616 -0.007
-0.00536902 -0.0069
-0.00525242 -0.0068
-0.00513634 -0.0067
-0.00502077 -0.0066
-0.00490569 -0.0065
-0.00479109 -0.0064
-0.00467696 -0.0063
-0.00456327 -0.0062
-0.00445003 -0.0061
-0.0043372 -0.006
-0.00422479 -0.0059
-0.00411278 -0.0058
-0.00400115 -0.0057
-0.00388989 -0.0056
-0.00377899 -0.0055
-0.00366845 -0.0054
-0.00355824 -0.0053
-0.00344836 -0.0052
-0.00333879 -0.0051
-0.00322953 -0.005
-0.00312057 -0.0049
-0.00301189 -0.0048
-0.00290349 -0.0047
-0.00279535 -0.0046
-0.00268747 -0.0045
-0.00257985 -0.0044
-0.00247246 -0.0043
-0.00236531 -0.0042
-0.00225839 -0.0041
-0.00215168 -0.004
-0.00204518 -0.0039
-0.00193889 -0.0038
-0.00183279 -0.0037
-0.00172689 -0.0036
-0.00162117 -0.0035
-0.00151562 -0.0034
-0.00141025 -0.0033
-0.00130505 -0.0032
-0.00120001 -0.0031
-0.00109512 -0.003
-0.000990386 -0.0029
-0.000885797 -0.0028
-0.000781349 -0.0027
-0.000677038 -0.0026
-0.00057286 -0.0025
-0.000468809 -0.0024
-0.000364883 -0.0023
-0.000261077 -0.0022
-0.000157388 -0.0021
-5.38115e-05 -0.002
4.96558e-05 -0.0019
0.000153017 -0.0018
0.000256276 -0.0017
0.000359435 -0.0016
0.000462498 -0.0015
0.000565468 -0.0014
0.000668346 -0.0013
0.000771137 -0.0012
0.000873843 -0.0011
0.000976466 -0.001
0.00107901 -0.0009
0.00118147 -0.0008
0.00128386 -0.0007
0.00138618 -0.0006
0.00148842 -0.0005
0.0015906 -0.0004
0.00169271 -0.0003
0.00179475 -0.0002
0.00189673 -0.0001
0.00199865 -2.43945e-19
0.0021005 0.0001
0.0022023 0.0002
0.00230405 0.0003
0.00240573 0.0004
0.00250737 0.0005
0.00260895 0.0006
0.00271048 0.0007
0.00281197 0.0008
0.0029134 0.0009
0.00301479 0.001
0.00311613 0.0011
0.00321743 0.0012
0.00331869 0.0013
0.0034199 0.0014
0.00352107 0.0015
0.00362221 0.0016
0.0037233 0.0017
0.00382436 0.0018
0.00392538 0.0019
0.00402636 0.002
0.00412731 0.0021
0.00422823 0.0022
0.00432911 0.0023
0.00442996 0.0024
0.00453078 0.0025
0.00463156 0.0026
0.00473232 0.0027
0.00483305 0.0028
0.00493375 0.0029
0.00503442 0.003
0.00513506 0.0031
0.00523568 0.0032
0.00533627 0.0033
0.00543684 0.0034
0.00553738 0.0035
0.0056379 0.0036
0.00573839 0.0037
0.00583887 0.0038
0.00593931 0.0039
0.00603974 0.004
0.00614014 0.0041
0.00624053 0.0042
0.00634089 0.0043
0.00644124 0.0044
0.00654156 0.0045
0.00664186 0.0046
0.00674215 0.0047
0.00684242 0.0048
0.00694266 0.0049
0.0070429 0.005
0.00714311 0.0051
0.00724333 0.0052
0.00734354 0.0053
0.00744376 0.0054
0.00754398 0.0055
0.00764419 0.0056
0.00774441 0.0057
0.00784463 0.0058
0.00794484 0.0059
0.00804506 0.006
0.00814528 0.0061
0.00824549 0.0062
0.00834571 0.0063
0.00844593 0.0064
0.00854615 0.0065
0.00864636 0.0066
0.00874658 0.0067
0.0088468 0.0068
0.00894702 0.0069
0.00904724 0.007
0.00914745 0.0071
0.00924767 0.0072
0.00934789 0.0073
0.00944811 0.0074
0.00954833 0.0075
0.00964855 0.0076
0.00974877 0.0077
0.00984899 0.0078
0.00994921 0.0079
0.0100494 0.008
0.0101496 0.0081
0.0102499 0.0082
0.0103501 0.0083
0.0104503 0.0084
0.0105505 0.0085
0.0106508 0.0086
0.010751 0.0087
0.0108512 0.0088
0.0109514 0.0089
0.0110516 0.009
0.0111519 0.0091
0.0112521 0.0092
0.0113523 0.0093
0.0114525 0.0094
0.0115527 0.0095
0.011653 0.0096
0.0117532 0.0097
0.0118534 0.0098
0.0119536 0.0099
0.0120539 0.01
0.0121541 0.0101
0.0122543 0.0102
0.0123545 0.0103
0.0124548 0.0104
0.012555 0.0105
0.0126552 0.0106
0.0127554 0.0107
0.0128557 0.0108
0.0129559 0.0109
0.0130561 0.011
0.0131563 0.0111
0.0132566 0.0112
0.0133568 0.0113
0.013457 0.0114
0.0135572 0.0115
0.0136575 0.0116
0.0137577 0.0117
0.0138579 0.0118
0.0139581 0.0119
0.0140584 0.012
0.0141586 0.0121
0.0142588 0.0122
0.0143591 0.0123
0.0144593 0.0124
0.0145595 0.0125
0.0146597 0.0126
0.01476 0.0127
0.0148602 0.0128
0.0149604 0.0129
0.0150607 0.013
0.0151609 0.0131
0.0152611 0.0132
0.0153613 0.0133
0.0154616 0.0134
0.0155618 0.0135
0.015662 0.0136
0.0157623 0.0137
0.0158625 0.0138
0.0159627 0.0139
0.016063 0.014
0.0161632 0.0141
0.0162634 0.0142
0.0163637 0.0143
0.0164639 0.0144
0.0165641 0.0145
0.0166644 0.0146
0.0167646 0.0147
0.0168648 0.0148
0.0169651 0.0149
0.0170653 0.015
0.0169023 0.0149
0.0167394 0.0148
0.0165765 0.0147
0.0164138 0.0146
0.0162513 0.0145
0.016089 0.0144
0.0159268 0.0143
0.0157649 0.0142
0.0156033 0.0141
0.0154419 0.014
0.0152809 0.0139
0.0151201 0.0138
0.0149597 0.0137
0.0147997 0.0136
0.01464 0.0135
0.0144807 0.0134
0.0143218 0.0133
0.0141633 0.0132
0.0140053 0.0131
0.0138477 0.013
0.0136906 0.0129
0.0135341 0.0128
0.013378 0.0127
0.0132224 0.0126
0.0130674 0.0125
0.012913 0.0124
0.0127591 0.0123
0.0126058 0.0122
0.0124531 0.0121
0.0123011 0.012
0.0121496 0.0119
0.0119989 0.0118
0.0118487 0.0117
0.0116993 0.0116
0.0115506 0.0115
0.0114025 0.0114
0.0112552 0.0113
0.0111085 0.0112
0.0109626 0.0111
0.0108175 0.011
0.0106731 0.0109
0.0105294 0.0108
0.0103866 0.0107
0.0102445 0.0106
0.0101031 0.0105
0.00996256 0.0104
0.00982279 0.0103
0.0096838 0.0102
0.00954559 0.0101
0.00940818 0.01
0.00927155 0.0099
0.00913571 0.0098
0.00900065 0.0097
0.00886637 0.0096
0.00873288 0.0095
0.00860015 0.0094
0.00846819 0.0093
0.00833699 0.0092
0.00820654 0.0091
0.00807684 0.009
0.00794788 0.0089
0.00781964 0.0088
0.00769212 0.0087
0.0075653 0.0086
0.00743918 0.0085
0.00731375 0.0084
0.00718899 0.0083
0.00706489 0.0082
0.00694143 0.0081
0.00681861 0.008
0.00669641 0.0079
0.00657481 0.0078
0.00645381 0.0077
0.0063334 0.0076
0.00621354 0.0075
0.00609424 0.0074
0.00597548 0.0073
0.00585724 0.0072
0.00573952 0.0071
0.00562229 0.007
0.00550554 0.0069
0.00538927 0.0068
0.00527345 0.0067
0.00515808 0.0066
0.00504314 0.0065
0.00492862 0.0064
0.00481451 0.0063
0.00470079 0.0062
0.00458745 0.0061
0.00447449 0.006
0.00436188 0.0059
0.00424963 0.0058
0.00413771 0.0057
0.00402612 0.0056
0.00391485 0.0055
0.00380388 0.0054
0.00369321 0.0053
0.00358283 0.0052
0.00347273 0.0051
0.0033629 0.005
0.00325333 0.0049
0.00314402 0.0048
0.00303495 0.0047
0.00292612 0.0046
0.00281752 0.0045
0.00270914 0.0044
0.00260097 0.0043
0.00249302 0.0042
0.00238526 0.0041
0.0022777 0.004
0.00217034 0.0039
0.00206315 0.0038
0.00195614 0.0037
0.00184931 0.0036
0.00174264 0.0035
0.00163613 0.0034
0.00152978 0.0033
0.00142358 0.0032
0.00131753 0.0031
0.00121162 0.003
0.00110584 0.0029
0.0010002 0.0028
0.000894692 0.0027
0.000789308 0.0026
0.000684045 0.0025
0.0005789 0.0024
0.00047387 0.0023
0.000368951 0.0022
0.000264139 0.0021
0.000159432 0.002
5.48268e-05 0.0019
-4.96802e-05 0.0018
-0.000154092 0.0017
-0.000258411 0.0016
-0.000362639 0.0015
-0.00046678 0.0014
-0.000570837 0.0013
-0.00067481 0.0012
-0.000778704 0.0011
-0.00088252 0.001
-0.000986259 0.0009
-0.00108993 0.0008
-0.00119352 0.0007
-0.00129705 0.0006
-0.0014005 0.0005
-0.0015039 0.0004
-0.00160722 0.0003
-0.00171049 0.0002
-0.00181369 0.0001
-0.00191684 2.43945e-19
-0.00201993 -0.0001
-0.00212296 -0.0002
-0.00222594 -0.0003
-0.00232887 -0.0004
-0.00243174 -0.0005
-0.00253456 -0.0006
-0.00263734 -0.0007
-0.00274007 -0.0008
-0.00284275 -0.0009
-0.00294538 -0.001
-0.00304798 -0.0011
-0.00315052 -0.0012
-0.00325303 -0.0013
-0.0033555 -0.0014
-0.00345792 -0.0015
-0.00356031 -0.0016
-0.00366266 -0.0017
-0.00376497 -0.0018
-0.00386725 -0.0019
-0.00396949 -0.002
-0.0040717 -0.0021
-0.00417387 -0.0022
-0.00427601 -0.0023
-0.00437812 -0.0024
-0.0044802 -0.0025
-0.00458224 -0.0026
-0.00468426 -0.0027
-0.00478625 -0.0028
-0.00488821 -0.0029
-0.00499014 -0.003
-0.00509205 -0.0031
-0.00519392 -0.0032
-0.00529578 -0.0033
-0.0053976 -0.0034
-0.0054994 -0.0035
-0.00560118 -0.0036
-0.00570294 -0.0037
-0.00580467 -0.0038
-0.00590638 -0.0039
-0.00600806 -0.004
-0.00610973 -0.0041
-0.00621137 -0.0042
-0.00631299 -0.0043
-0.00641459 -0.0044
-0.00651618 -0.0045
-0.00661774 -0.0046
-0.00671928 -0.0047
-0.00682081 -0.0048
-0.00692231 -0.0049
-0.0070238 -0.005
-0.00712527 -0.0051
-0.00722673 -0.0052
-0.00732816 -0.0053
-0.00742958 -0.0054
-0.00753099 -0.0055
-0.00763238 -0.0056
-0.00773375 -0.0057
-0.00783511 -0.0058
-0.00793645 -0.0059
-0.00803778 -0.006
-0.00813909 -0.0061
-0.00824039 -0.0062
-0.00834168 -0.0063
-0.00844295 -0.0064
-0.00854421 -0.0065
-0.00864546 -0.0066
-0.00874669 -0.0067
-0.00884791 -0.0068
-0.00894912 -0.0069
-0.00905032 -0.007
-0.0091515 -0.0071
-0.00925268 -0.0072
-0.00935384 -0.0073
-0.00945499 -0.0074
-0.00955613 -0.0075
-0.00965726 -0.0076
-0.00975838 -0.0077
-0.00985948 -0.0078
-0.00996058 -0.0079
-0.0100617 -0.008
-0.0101627 -0.0081
-0.0102638 -0.0082
-0.0103649 -0.0083
-0.0104659 -0.0084
-0.010567 -0.0085
-0.010668 -0.0086
-0.010769 -0.0087
-0.01087 -0.0088
-0.010971 -0.0089
-0.011072 -0.009
-0.011173 -0.0091
-0.011274 -0.0092
-0.011375 -0.0093
-0.0114759 -0.0094
-0.0115769 -0.0095
-0.0116778 -0.0096
-0.0117788 -0.0097
-0.0118797 -0.0098
-0.0119806 -0.0099
-0.0120816 -0.01
-0.0121825 -0.0101
-0.0122834 -0.0102
-0.0123843 -0.0103
-0.0124852 -0.0104
-0.0125861 -0.0105
-0.0126869 -0.0106
-0.0127878 -0.0107
-0.0128887 -0.0108
-0.0129896 -0.0109
-0.0130904 -0.011
-0.0131913 -0.0111
-0.0132921 -0.0112
-0.0133929 -0.0113
-0.0134938 -0.0114
-0.0135946 -0.0115
-0.0136954 -0.0116
-0.0137962 -0.0117
-0.013897 -0.0118
-0.0139979 -0.0119
-0.0140987 -0.012
-0.0141994 -0.0121
-0.0143002 -0.0122
-0.014401 -0.0123
-0.0145018 -0.0124
-0.0146026 -0.0125
-0.0147034 -0.0126
-0.0148041 -0.0127
-0.0149049 -0.0128
-0.0150056 -0.0129
-0.0151064 -0.013
-0.0152071 -0.0131
-0.0153079 -0.0132
-0.0154086 -0.0133
-0.0155094 -0.0134
-0.0156101 -0.0135
-0.0157108 -0.0136
-0.0158115 -0.0137
-0.0159123 -0.0138
-0.016013 -0.0139
-0.0161137 -0.014
-0.0162144 -0.0141
-0.0163151 -0.0142
-0.0164158 -0.0143
-0.0165165 -0.0144
-0.0166172 -0.0145
-0.0167179 -0.0146
-0.0168186 -0.0147
-0.0169193 -0.0148
-0.0170199 -0.0149
-0.0171206 -0.015
-0.0172213 -0.0151
-0.017322 -0.0152
-0.0174226 -0.0153
-0.0175233 -0.0154
-0.017624 -0.0155
-0.0177247 -0.0156
-0.0178253 -0.0157
-0.017926 -0.0158
-0.0180267 -0.0159
-0.0181274 -0.016
-0.018228 -0.0161
-0.0183287 -0.0162
-0.0184294 -0.0163
-0.0185301 -0.0164
-0.0186308 -0.0165
-0.0187314 -0.0166
-0.0188321 -0.0167
-0.0189328 -0.0168
-0.0190335 -0.0169
-0.0191342 -0.017
-0.0192349 -0.0171
-0.0193356 -0.0172
-0.0194362 -0.0173
-0.0195369 -0.0174
-0.0196376 -0.0175
-0.0197383 -0.0176
-0.019839 -0.0177
-0.0199397 -0.0178
-0.0200404 -0.0179
-0.0201411 -0.018
-0.0202417 -0.0181
-0.0203424 -0.0182
-0.0204431 -0.0183
-0.0205438 -0.0184
-0.0206445 -0.0185
-0.0207452 -0.0186
-0.0208459 -0.0187
-0.0209466 -0.0188
-0.0210473 -0.0189
-0.021148 -0.019
-0.0212487 -0.0191
-0.0213494 -0.0192
-0.0214501 -0.0193
-0.0215508 -0.0194
-0.0216515 -0.0195
-0.0217522 -0.0196
-0.0218529 -0.0197
-0.0219536 -0.0198
-0.0220543 -0.0199
-0.022155 -0.02
-0.0222557 -0.0201
-0.0223564 -0.0202
-0.0224571 -0.0203
-0.0225578 -0.0204
-0.0226585 -0.0205
-0.0227592 -0.0206
-0.0228599 -0.0207
-0.0229606 -0.0208
-0.0230613 -0.0209
-0.023162 -0.021
-0.0232628 -0.0211
-0.0233635 -0.0212
-0.0234642 -0.0213
-0.0235649 -0.0214
-0.0236656 -0.0215
-0.0237663 -0.0216
-0.023867 -0.0217
-0.0239677 -0.0218
-0.0240685 -0.0219
-0.0241692 -0.022
-0.0242699 -0.0221
-0.0243706 -0.0222
-0.0244713 -0.0223
-0.0245721 -0.0224
-0.0246728 -0.0225
-0.0247735 -0.0226
-0.0248742 -0.0227
-0.0249749 -0.0228
-0.0250757 -0.0229
-0.0251764 -0.023
-0.0252771 -0.0231
-0.0253778 -0.0232
-0.0254786 -0.0233
-0.0255793 -0.0234
-0.02568 -0.0235
-0.0257807 -0.0236
-0.0258815 -0.0237
-0.0259822 -0.0238
-0.0260829 -0.0239
-0.0261837 -0.024
-0.0262844 -0.0241
-0.0263851 -0.0242
-0.0264859 -0.0243
-0.0265866 -0.0244
-0.0266873 -0.0245
-0.0267881 -0.0246
-0.0268888 -0.0247
-0.0269895 -0.0248
-0.0270903 -0.0249
-0.027191 -0.025
-0.0270268 -0.0249
-0.0268627 -0.0248
-0.0266987 -0.0247
-0.0265349 -0.0246
-0.0263713 -0.0245
-0.0262078 -0.0244
-0.0260447 -0.0243
-0.0258818 -0.0242
-0.0257191 -0.0241
-0.0255568 -0.024
-0.0253948 -0.0239
-0.0252332 -0.0238
-0.0250719 -0.0237
-0.0249109 -0.0236
-0.0247504 -0.0235
-0.0245903 -0.0234
-0.0244306 -0.0233
-0.0242714 -0.0232
-0.0241126 -0.0231
-0.0239543 -0.023
-0.0237965 -0.0229
-0.0236392 -0.0228
-0.0234825 -0.0227
-0.0233263 -0.0226
-0.0231706 -0.0225
-0.0230155 -0.0224
-0.022861 -0.0223
-0.0227071 -0.0222
-0.0225538 -0.0221
-0.0224012 -0.022
-0.0222492 -0.0219
-0.0220978 -0.0218
-0.0219471 -0.0217
-0.0217971 -0.0216
-0.0216478 -0.0215
-0.0214992 -0.0214
-0.0213513 -0.0213
-0.0212041 -0.0212
-0.0210577 -0.0211
-0.020912 -0.021
-0.020767 -0.0209
-0.0206228 -0.0208
-0.0204794 -0.0207
-0.0203367 -0.0206
-0.0201948 -0.0205
-0.0200536 -0.0204
-0.0199133 -0.0203
-0.0197737 -0.0202
-0.0196349 -0.0201
-0.0194969 -0.02
-0.0193596 -0.0199
-0.0192231 -0.0198
-0.0190874 -0.0197
-0.0189525 -0.0196
-0.0188184 -0.0195
-0.018685 -0.0194
-0.0185523 -0.0193
-0.0184204 -0.0192
-0.0182893 -0.0191
-0.0181589 -0.019
-0.0180292 -0.0189
-0.0179003 -0.0188
-0.017772 -0.0187
-0.0176445 -0.0186
-0.0175176 -0.0185
-0.0173914 -0.0184
-0.0172659 -0.0183
-0.0171411 -0.0182
-0.0170169 -0.0181
-0.0168933 -0.018
-0.0167703 -0.0179
-0.0166479 -0.0178
-0.0165262 -0.0177
-0.016405 -0.0176
-0.0162844 -0.0175
-0.0161643 -0.0174
-0.0160448 -0.0173
-0.0159258 -0.0172
-0.0158073 -0.0171
-0.0156893 -0.017
-0.0155718 -0.0169
-0.0154548 -0.0168
-0.0153383 -0.0167
-0.0152222 -0.0166
-0.0151065 -0.0165
-0.0149913 -0.0164
-0.0148764 -0.0163
-0.014762 -0.0162
-0.014648 -0.0161
-0.0145343 -0.016
-0.014421 -0.0159
-0.0143081 -0.0158
-0.0141955 -0.0157
-0.0140833 -0.0156
-0.0139714 -0.0155
-0.0138598 -0.0154
-0.0137485 -0.0153
-0.0136375 -0.0152
-0.0135268 -0.0151
-0.0134164 -0.015
-0.0133062 -0.0149
-0.0131963 -0.0148
-0.0130867 -0.0147
-0.0129773 -0.0146
-0.0128682 -0.0145
-0.0127592 -0.0144
-0.0126506 -0.0143
-0.0125421 -0.0142
-0.0124338 -0.0141
-0.0123258 -0.014
-0.0122179 -0.0139
-0.0121103 -0.0138
-0.0120028 -0.0137
-0.0118955 -0.0136
-0.0117884 -0.0135
-0.0116815 -0.0134
-0.0115747 -0.0133
-0.0114681 -0.0132
-0.0113616 -0.0131
-0.0112553 -0.013
-0.0111492 -0.0129
-0.0110432 -0.0128
-0.0109373 -0.0127
-0.0108316 -0.0126
-0.0107259 -0.0125
-0.0106205 -0.0124
-0.0105151 -0.0123
-0.0104099 -0.0122
-0.0103047 -0.0121
-0.0101997 -0.012
-0.0100948 -0.0119
-0.00999002 -0.0118
-0.00988532 -0.0117
-0.00978073 -0.0116
-0.00967624 -0.0115
-0.00957184 -0.0114
-0.00946753 -0.0113
-0.00936331 -0.0112
-0.00925918 -0.0111
-0.00915513 -0.011
-0.00905117 -0.0109
-0.00894728 -0.0108
-0.00884348 -0.0107
-0.00873975 -0.0106
-0.00863609 -0.0105
-0.00853251 -0.0104
-0.008429 -0.0103
-0.00832555 -0.0102
-0.00822217 -0.0101
-0.00811886 -0.01
-0.00801561 -0.0099
-0.00791242 -0.0098
-0.00780929 -0.0097
-0.00770622 -0.0096
-0.00760321 -0.0095
-0.00750025 -0.0094
-0.00739735 -0.0093
-0.00729449 -0.0092
-0.00719169 -0.0091
-0.00708894 -0.009
-0.00698624 -0.0089
-0.00688359 -0.0088
-0.00678098 -0.0087
-0.00667842 -0.0086
-0.0065759 -0.0085
-0.00647343 -0.0084
-0.006371 -0.0083
-0.00626861 -0.0082
-0.00616626 -0.0081
-0.00606395 -0.008
-0.00596167 -0.0079
-0.00585944 -0.0078
-0.00575724 -0.0077
-0.00565508 -0.0076
-0.00555295 -0.0075
-0.00545086 -0.0074
-0.0053488 -0.0073
-0.00524677 -0.0072
-0.00514478 -0.0071
-0.00504281 -0.007
-0.00494088 -0.0069
-0.00483897 -0.0068
-0.0047371 -0.0067
-0.00463526 -0.0066
-0.00453344 -0.0065
-0.00443165 -0.0064
-0.00432988 -0.0063
-0.00422815 -0.0062
-0.00412644 -0.0061
-0.00402475 -0.006
-0.00392309 -0.0059
-0.00382145 -0.0058
-0.00371984 -0.0057
-0.00361824 -0.0056
-0.00351668 -0.0055
-0.00341513 -0.0054
-0.00331361 -0.0053
-0.0032121 -0.0052
-0.00311062 -0.0051
-0.00300916 -0.005
-0.00290772 -0.0049
-0.00280629 -0.0048
-0.00270489 -0.0047
-0.00260351 -0.0046
-0.00250214 -0.0045
-0.00240079 -0.0044
-0.00229946 -0.0043
-0.00219815 -0.0042
-0.00209686 -0.0041
-0.00199558 -0.004
-0.00189432 -0.0039
-0.00179307 -0.0038
-0.00169184 -0.0037
-0.00159062 -0.0036
-0.00148943 -0.0035
-0.00138824 -0.0034
-0.00128707 -0.0033
-0.00118592 -0.0032
-0.00108478 -0.0031
-0.000983649 -0.003
-0.000882535 -0.0029
-0.000781435 -0.0028
-0.000680348 -0.0027
-0.000579275 -0.0026
-0.000478214 -0.0025
-0.000377165 -0.0024
-0.000276128 -0.0023
-0.000175104 -0.0022
-7.40916e-05 -0.0021
2.69092e-05 -0.002
0.000127899 -0.0019
0.000228877 -0.0018
0.000329844 -0.0017
0.0004308 -0.0016
0.000531746 -0.0015
0.000632681 -0.0014
0.000733606 -0.0013
0.00083452 -0.0012
0.000935425 -0.0011
0.00103632 -0.001
0.00113721 -0.0009
0.00123808 -0.0008
0.00133895 -0.0007
0.0014398 -0.0006
0.00154065 -0.0005
0.00164149 -0.0004
0.00174232 -0.0003
0.00184314 -0.0002
0.00194396 -0.0001
0.00204476 -2.43945e-19
0.00214556 0.0001
0.00224635 0.0002
0.00234713 0.0003
0.0024479 0.0004
0.00254867 0.0005
0.00264943 0.0006
0.00275018 0.0007
0.00285092 0.0008
0.00295166 0.0009
0.00305238 0.001
0.00315311 0.0011
0.00325382 0.0012
0.00335453 0.0013
0.00345523 0.0014
0.00355592 0.0015
0.00365661 0.0016
0.00375729 0.0017
0.00385797 0.0018
0.00395864 0.0019
0.0040593 0.002
0.00415996 0.0021
0.00426061 0.0022
0.00436125 0.0023
0.00446189 0.0024
0.00456253 0.0025
0.00466316 0.0026
0.00476378 0.0027
0.00486439 0.0028
0.00496501 0.0029
0.00506561 0.003
0.00516621 0.0031
0.00526681 0.0032
0.0053674 0.0033
0.00546799 0.0034
0.00556857 0.0035
0.00566914 0.0036
0.00576971 0.0037
0.00587028 0.0038
0.00597084 0.0039
0.0060714 0.004
0.00617195 0.0041
0.0062725 0.0042
0.00637304 0.0043
0.00647358 0.0044
0.00657412 0.0045
0.00667465 0.0046
0.00677517 0.0047
0.0068757 0.0048
0.00697621 0.0049
0.00707673 0.005
0.00717724 0.0051
0.00727774 0.0052
0.00737825 0.0053
0.00747874 0.0054
0.00757924 0.0055
0.00767973 0.0056
0.00778022 0.0057
0.0078807 0.0058
0.00798118 0.0059
0.00808166 0.006
0.00818213 0.0061
0.0082826 0.0062
0.00838306 0.0063
0.00848353 0.0064
0.00858399 0.0065
0.00868444 0.0066
0.00878489 0.0067
0.00888534 0.0068
0.00898579 0.0069
0.00908623 0.007
0.00918667 0.0071
0.00928711 0.0072
0.00938754 0.0073
0.00948797 0.0074
0.0095884 0.0075
0.00968883 0.0076
0.00978925 0.0077
0.00988967 0.0078
0.00999008 0.0079
0.0100905 0.008
0.0101909 0.0081
0.0102913 0.0082
0.0103917 0.0083
0.0104921 0.0084
0.0105925 0.0085
0.0106929 0.0086
0.0107933 0.0087
0.0108937 0.0088
0.0109941 0.0089
0.0110945 0.009
0.0111949 0.0091
0.0112953 0.0092
0.0113956 0.0093
0.011496 0.0094
0.0115964 0.0095
0.0116968 0.0096
0.0117971 0.0097
0.0118975 0.0098
0.0119979 0.0099
0.0120982 0.01
0.0121986 0.0101
0.0122989 0.0102
0.0123993 0.0103
0.0124997 0.0104
0.0126 0.0105
0.0127004 0.0106
0.0128007 0.0107
0.0129011 0.0108
0.0130014 0.0109
0.0131017 0.011
0.0132021 0.0111
0.0133024 0.0112
0.0134028 0.0113
0.0135031 0.0114
0.0136034 0.0115
0.0137038 0.0116
0.0138041 0.0117
0.0139044 0.0118
0.0140047 0.0119
0.0141051 0.012
0.0142054 0.0121
0.0143057 0.0122
0.014406 0.0123
0.0145063 0.0124
0.0146067 0.0125
0.014707 0.0126
0.0148073 0.0127
0.0149076 0.0128
0.0150079 0.0129
0.0151082 0.013
0.0152085 0.0131
0.0153088 0.0132
0.0154091 0.0133
0.0155094 0.0134
0.0156097 0.0135
0.01571 0.0136
0.0158103 0.0137
0.0159106 0.0138
0.0160109 0.0139
0.0161112 0.014
0.0162115 0.0141
0.0163118 0.0142
0.0164121 0.0143
0.0165123 0.0144
0.0166126 0.0145
0.0167129 0.0146
0.0168132 0.0147
0.0169135 0.0148
0.0170138 0.0149
0.017114 0.015
0.0172143 0.0151
0.0173146 0.0152
0.0174149 0.0153
0.0175151 0.0154
0.0176154 0.0155
0.0177157 0.0156
0.017816 0.0157
0.0179163 0.0158
0.0180165 0.0159
0.0181168 0.016
0.0182171 0.0161
0.0183174 0.0162
0.0184177 0.0163
0.0185179 0.0164
0.0186182 0.0165
0.0187185 0.0166
0.0188188 0.0167
0.0189191 0.0168
0.0190194 0.0169
0.0191197 0.017
0.0192199 0.0171
0.0193202 0.0172
0.0194205 0.0173
0.0195208 0.0174
0.0196211 0.0175
0.0197214 0.0176
0.0198217 0.0177
0.019922 0.0178
0.0200223 0.0179
0.0201225 0.018
0.0202228 0.0181
0.0203231 0.0182
0.0204234 0.0183
0.0205237 0.0184
0.020624 0.0185
0.0207243 0.0186
0.0208246 0.0187
0.0209249 0.0188
0.0210252 0.0189
0.0211255 0.019
0.0212258 0.0191
0.0213261 0.0192
0.0214264 0.0193
0.0215267 0.0194
0.021627 0.0195
0.0217273 0.0196
0.0218276 0.0197
0.0219279 0.0198
0.0220282 0.0199
0.0221285 0.02
0.0222288 0.0201
0.0223291 0.0202
0.0224294 0.0203
0.0225297 0.0204
0.0226301 0.0205
0.0227304 0.0206
0.0228307 0.0207
0.022931 0.0208
0.0230313 0.0209
0.0231316 0.021
0.0232319 0.0211
0.0233322 0.0212
0.0234325 0.0213
0.0235329 0.0214
0.0236332 0.0215
0.0237335 0.0216
0.0238338 0.0217
0.0239341 0.0218
0.0240345 0.0219
0.0241348 0.022
0.0242351 0.0221
0.0243354 0.0222
0.0244357 0.0223
0.0245361 0.0224
0.0246364 0.0225
0.0247367 0.0226
0.024837 0.0227
0.0249374 0.0228
0.0250377 0.0229
0.025138 0.023
0.0252384 0.0231
0.0253387 0.0232
0.025439 0.0233
0.0255394 0.0234
0.0256397 0.0235
0.02574 0.0236
0.0258404 0.0237
0.0259407 0.0238
0.026041 0.0239
0.0261414 0.024
0.0262417 0.0241
0.0263421 0.0242
0.0264424 0.0243
0.0265427 0.0244
0.0266431 0.0245
0.0267434 0.0246
0.0268438 0.0247
0.0269441 0.0248
0.0270445 0.0249
0.0271448 0.025
0.0255299 0.024
0.0239596 0.023
0.022438 0.022
0.0209815 0.021
0.0195969 0.02
0.0182837 0.019
0.0170351 0.018
0.0158408 0.017
0.0146893 0.016
0.0135706 0.015
0.0124764 0.014
0.0114006 0.013
0.0103387 0.012
0.00928722 0.011
0.0082438 0.01
0.00720662 0.009
0.00617434 0.008
0.00514595 0.007
0.0041207 0.006
0.003098 0.005
0.00207738 0.004
0.0010585 0.003
4.10515e-05 0.002
-0.00097518 0.001
-0.00199038 -1.11022e-16
-0.00300471 -0.001
-0.00401828 -0.002
-0.00503121 -0.003
-0.00604358 -0.004
-0.00705546 -0.005
-0.00806691 -0.006
-0.00907798 -0.007
-0.0100887 -0.008
-0.0110992 -0.009
-0.0121094 -0.01
-0.0131193 -0.011
-0.0141291 -0.012
-0.0151387 -0.013
-0.0161481 -0.014
-0.0171574 -0.015
-0.0181665 -0.016
-0.0191755 -0.017
-0.0201844 -0.018
-0.0211932 -0.019
-0.022202 -0.02
-0.0232106 -0.021
-0.0242192 -0.022
-0.0252277 -0.023
-0.0262362 -0.024
-0.0272446 -0.025
-0.028253 -0.026
-0.0292617 -0.027
-0.0302706 -0.028
-0.0312797 -0.029
-0.0322891 -0.03
-0.0332988 -0.031
-0.0343089 -0.032
-0.0353195 -0.033
-0.0363307 -0.034
-0.0373428 -0.035
-0.0357103 -0.034
-0.0341185 -0.033
-0.0325842 -0.032
-0.0311193 -0.031
-0.0297296 -0.03
-0.0284137 -0.029
-0.0271636 -0.028
-0.0259681 -0.027
-0.0248153 -0.026
-0.0236951 -0.025
-0.0225992 -0.024
-0.0215217 -0.023
-0.020458 -0.022
-0.0194047 -0.021
-0.0183596 -0.02
-0.0173208 -0.019
-0.0162869 -0.018
-0.0152571 -0.017
-0.0142305 -0.016
-0.0132065 -0.015
-0.0121847 -0.014
-0.0111647 -0.013
-0.0101463 -0.012
-0.00912912 -0.011
-0.00811309 -0.01
-0.00709801 -0.009
-0.00608377 -0.008
-0.00507024 -0.007
-0.00405734 -0.006
-0.003045 -0.005
-0.00203316 -0.004
-0.00102175 -0.003
-1.07395e-05 -0.002
0.000999921 -0.001
0.00201026 -1.11022e-16
0.00302032 0.001
0.00403011 0.002
0.00503967 0.003
0.00604901 0.004
0.00705815 0.005
0.0080671 0.006
0.00907589 0.007
0.0100845 0.008
0.011093 0.009
0.0121013 0.01
0.0131096 0.011
0.0141177 0.012
0.0151257 0.013
0.0161335 0.014
0.0171413 0.015
0.018149 0.016
0.0191566 0.017
0.0201642 0.018
0.0211716 0.019
0.022179 0.02
0.0231863 0.021
0.0241935 0.022
0.0252007 0.023
0.0262078 0.024
0.0272148 0.025
0.0282223 0.026
0.0292315 0.027
0.030244 0.028
0.0312717 0.029
0.0322717 0.03
0.0332717 0.031
0.0342717 0.032
0.0352717 0.033
0.0362717 0.034
0.0372717 0.035
0.0356727 0.034
0.0341096 0.033
0.0326004 0.032
0.0311512 0.031
0.0297655 0.03
0.0284419 0.029
0.0271753 0.028
0.0259581 0.027
0.0247818 0.026
0.0236385 0.025
0.0225213 0.024
0.0214248 0.023
0.0203445 0.022
0.019277 0.021
0.0182196 0.02
0.0171704 0.019
0.0161278 0.018
0.0150906 0.017
0.0140577 0.016
0.0130286 0.015
0.0120025 0.014
0.0109789 0.013
0.00995759 0.012
0.00893811 0.011
0.00792023 0.01
0.00690374 0.009
0.00588844 0.008
0.00487419 0.007
0.00386087 0.006
0.00284835 0.005
0.00183655 0.004
0.000825386 0.003
-0.00018521 0.002
-0.0011953 0.001
-0.00220493 -1.11022e-16
-0.00321416 -0.001
-0.00422301 -0.002
-0.00523153 -0.003
-0.00623975 -0.004
-0.00724769 -0.005
-0.00825538 -0.006
-0.00926284 -0.007
-0.0102701 -0.008
-0.0112771 -0.009
-0.012284 -0.01
-0.0132907 -0.011
-0.0142973 -0.012
-0.0153038 -0.013
-0.0163101 -0.014
-0.0173162 -0.015
-0.0183223 -0.016
-0.0193283 -0.017
-0.0203342 -0.018
-0.02134 -0.019
-0.0223457 -0.02
-0.0233513 -0.021
-0.0243569 -0.022
-0.0253624 -0.023
-0.0263678 -0.024
-0.0273732 -0.025
-0.0283786 -0.026
-0.0293839 -0.027
-0.0303891 -0.028
-0.0313943 -0.029
-0.0323994 -0.03
-0.0334046 -0.031
-0.0344096 -0.032
-0.0354147 -0.033
-0.0364197 -0.034
-0.0374247 -0.035
-0.0384297 -0.036
-0.0394347 -0.037
-0.0404397 -0.038
-0.0414447 -0.039
-0.0424497 -0.04
-0.0434548 -0.041
-0.0444598 -0.042
-0.0454649 -0.043
-0.04647 -0.044
-0.0474751 -0.045
-0.0458553 -0.044
-0.0442513 -0.043
-0.0427148 -0.042
-0.0412401 -0.041
-0.0398306 -0.04
-0.0384855 -0.039
-0.0371999 -0.038
-0.0359662 -0.037
-0.0347761 -0.036
-0.0336214 -0.035
-0.0324951 -0.034
-0.0313912 -0.033
-0.0303051 -0.032
-0.0292332 -0.031
-0.0281726 -0.03
-0.0271211 -0.029
-0.026077 -0.028
-0.025039 -0.027
-0.0240059 -0.026
-0.0229771 -0.025
-0.0219517 -0.024
-0.0209292 -0.023
-0.0199093 -0.022
-0.0188915 -0.021
-0.0178756 -0.02
-0.0168613 -0.019
-0.0158484 -0.018
-0.0148367 -0.017
-0.013826 -0.016
-0.0128164 -0.015
-0.0118076 -0.014
-0.0107995 -0.013
-0.0097921 -0.012
-0.00878531 -0.011
-0.00777907 -0.01
-0.00677331 -0.009
-0.00576801 -0.008
-0.00476311 -0.007
-0.00375858 -0.006
-0.00275438 -0.005
-0.00175049 -0.004
-0.000746889 -0.003
0.000256456 -0.002
0.00125956 -0.001
0.00226245 -1.11022e-16
0.00326513 0.001
0.00426762 0.002
0.00526993 0.003
0.00627209 0.004
0.00727409 0.005
0.00827595 0.006
0.00927768 0.007
0.0102793 0.008
0.0112808 0.009
0.0122822 0.01
0.0132834 0.011
0.0142846 0.012
0.0152857 0.013
0.0162867 0.014
0.0172877 0.015
0.0182885 0.016
0.0192893 0.017
0.02029 0.018
0.0212907 0.019
0.0222913 0.02
0.0232918 0.021
0.0242923 0.022
0.0252927 0.023
0.0262931 0.024
0.0272934 0.025
0.0282937 0.026
0.029294 0.027
0.0302942 0.028
0.0312944 0.029
0.0322945 0.03
0.0332946 0.031
0.0342947 0.032
0.0352947 0.033
0.0362947 0.034
0.0372947 0.035
0.0382947 0.036
0.0392946 0.037
0.0402946 0.038
0.0412945 0.039
0.0422945 0.04
0.0432944 0.041
0.0442944 0.042
0.0452943 0.043
0.0462943 0.044
0.0472942 0.045
0.0457039 0.044
0.0441663 0.043
0.0426848 0.042
0.041265 0.041
0.0399063 0.04
0.0386047 0.039
0.0373536 0.038
0.0361455 0.037
0.0349731 0.036
0.0338296 0.035
0.0327095 0.034
0.0316082 0.033
0.030522 0.032
0.029448 0.031
0.028384 0.03
0.0273281 0.029
0.026279 0.028
0.0252355 0.027
0.0241967 0.026
0.0231618 0.025
0.0221303 0.024
0.0211017 0.023
0.0200756 0.022
0.0190516 0.021
0.0180294 0.02
0.0170089 0.019
0.0159898 0.018
0.014972 0.017
0.0139553 0.016
0.0129396 0.015
0.0119247 0.014
0.0109107 0.013
0.00989739 0.012
0.00888472 0.011
0.00787263 0.01
0.00686107 0.009
0.00585 0.008
0.00483936 0.007
0.00382912 0.006
0.00281925 0.005
0.00180972 0.004
0.000800492 0.003
-0.00020845 0.002
-0.00121713 0.001
-0.00222557 -1.11022e-16
-0.00323378 -0.001
-0.00424178 -0.002
-0.0052496 -0.003
-0.00625723 -0.004
-0.0072647 -0.005
-0.00827201 -0.006
-0.00927917 -0.007
-0.0102862 -0.008
-0.0112931 -0.009
-0.0122999 -0.01
-0.0133066 -0.011
-0.0143131 -0.012
-0.0153196 -0.013
-0.016326 -0.014
-0.0173323 -0.015
-0.0183385 -0.016
-0.0193447 -0.017
-0.0203507 -0.018
-0.0213567 -0.019
-0.0223627 -0.02
-0.0233686 -0.021
-0.0243744 -0.022
-0.0253801 -0.023
-0.0263859 -0.024
-0.0273915 -0.025
-0.0283972 -0.026
-0.0294028 -0.027
-0.0304083 -0.028
-0.0314138 -0.029
-0.0324193 -0.03
-0.0334247 -0.031
-0.0344301 -0.032
-0.0354355 -0.033
-0.0364409 -0.034
-0.0374462 -0.035
-0.0384515 -0.036
-0.0394568 -0.037
-0.040462 -0.038
-0.0414673 -0.039
-0.0424725 -0.04
-0.0434777 -0.041
-0.0444829 -0.042
-0.045488 -0.043
-0.0464932 -0.044
-0.0474983 -0.045
-0.0485035 -0.046
-0.0495086 -0.047
-0.0505138 -0.048
-0.0515189 -0.049
-0.0525241 -0.05
-0.0535293 -0.051
-0.0545345 -0.052
-0.0555398 -0.053
-0.056545 -0.054
-0.0575503 -0.055
-0.0559236 -0.054
-0.0543432 -0.053
-0.0528264 -0.052
-0.0513739 -0.051
-0.0499853 -0.05
-0.0486568 -0.049
-0.0473822 -0.048
-0.0461538 -0.047
-0.0449642 -0.046
-0.0438063 -0.045
-0.0426743 -0.044
-0.0415631 -0.043
-0.0404689 -0.042
-0.0393884 -0.041
-0.0383191 -0.04
-0.0372592 -0.039
-0.0362069 -0.038
-0.035161 -0.037
-0.0341205 -0.036
-0.0330846 -0.035
-0.0320525 -0.034
-0.0310238 -0.033
-0.029998 -0.032
-0.0289747 -0.031
-0.0279535 -0.03
-0.0269343 -0.029
-0.0259168 -0.028
-0.0249007 -0.027
-0.023886 -0.026
-0.0228724 -0.025
-0.0218599 -0.024
-0.0208484 -0.023
-0.0198377 -0.022
-0.0188278 -0.021
-0.0178186 -0.02
-0.01681 -0.019
-0.015802 -0.018
-0.0147945 -0.017
-0.0137876 -0.016
-0.0127811 -0.015
-0.011775 -0.014
-0.0107693 -0.013
-0.0097639 -0.012
-0.00875886 -0.011
-0.00775412 -0.01
-0.00674967 -0.009
-0.00574548 -0.008
-0.00474153 -0.007
-0.00373781 -0.006
-0.00273431 -0.005
-0.001731 -0.004
-0.000727878 -0.003
0.000275066 -0.002
0.00127785 -0.001
0.00228047 -1.11022e-16
0.00328295 0.001
0.00428529 0.002
0.0052875 0.003
0.00628959 0.004
0.00729156 0.005
0.00829342 0.006
0.00929518 0.007
0.0102968 0.008
0.0112984 0.009
0.0122999 0.01
0.0133013 0.011
0.0143026 0.012
0.0153038 0.013
0.016305 0.014
0.0173061 0.015
0.0183071 0.016
0.0193081 0.017
0.020309 0.018
0.0213098 0.019
0.0223106 0.02
0.0233113 0.021
0.024312 0.022
0.0253126 0.023
0.0263132 0.024
0.0273138 0.025
0.0283143 0.026
0.0293147 0.027
0.0303152 0.028
0.0313155 0.029
0.0323159 0.03
0.0333162 0.031
0.0343165 0.032
0.0353167 0.033
0.0363169 0.034
0.0373171 0.035
0.0383173 0.036
0.0393174 0.037
0.0403175 0.038
0.0413176 0.039
0.0423176 0.04
0.0433176 0.041
0.0443176 0.042
0.0453176 0.043
0.0463176 0.044
0.0473175 0.045
0.0483174 0.046
0.0493173 0.047
0.0503173 0.048
0.0513172 0.049
0.0523171 0.05
0.0507418 0.049
0.0492179 0.048
0.0477595 0.047
0.0463634 0.046
0.0450259 0.045
0.0437413 0.044
0.0425023 0.043
0.0413017 0.042
0.040133 0.041
0.0389903 0.04
0.0378687 0.039
0.0367645 0.038
0.0356745 0.037
0.034596 0.036
0.0335272 0.035
0.0324664 0.034
0.0314124 0.033
0.0303639 0.032
0.0293203 0.031
0.0282809 0.03
0.0272449 0.029
0.026212 0.028
0.0251818 0.027
0.0241539 0.026
0.023128 0.025
0.022104 0.024
0.0210815 0.023
0.0200605 0.022
0.0190407 0.021
0.0180221 0.02
0.0170045 0.019
0.0159878 0.018
0.014972 0.017
0.0139569 0.016
0.0129426 0.015
0.0119288 0.014
0.0109156 0.013
0.00990298 0.012
0.00889082 0.011
0.0078791 0.01
0.00686779 0.009
0.00585687 0.008
0.0048463 0.007
0.00383605 0.006
0.00282611 0.005
0.00181644 0.004
0.000807043 0.003
-0.000202112 0.002
-0.00121104 0.001
-0.00221975 -1.11022e-16
